row, col, cumulative power
0, 0, 2.899372e-29
0, 1, 1.579492e-01
1, 1, 2.801355e-01
0, 2, 3.338552e+00
1, 2, 3.452360e+00
2, 2, 3.457675e+00
0, 3, 3.676450e+00
1, 3, 3.719549e+00
2, 3, 3.748493e+00
0, 4, 3.878618e+00
1, 4, 3.908822e+00
3, 3, 3.913249e+00
2, 4, 3.915793e+00
3, 4, 3.917175e+00
0, 5, 3.943798e+00
1, 5, 3.969105e+00
2, 5, 3.972331e+00
4, 4, 3.973598e+00
3, 5, 3.978706e+00
0, 6, 3.984476e+00
1, 6, 4.002481e+00
2, 6, 4.004227e+00
4, 5, 4.008233e+00
3, 6, 4.009012e+00
0, 7, 4.025049e+00
5, 5, 4.025954e+00
1, 7, 4.035977e+00
4, 6, 4.036890e+00
2, 7, 4.038610e+00
3, 7, 4.039547e+00
5, 6, 4.042342e+00
0, 8, 4.042431e+00
4, 7, 4.043201e+00
1, 8, 4.047828e+00
2, 8, 4.049231e+00
6, 6, 4.050092e+00
3, 8, 4.050452e+00
5, 7, 4.051352e+00
4, 8, 4.051454e+00
0, 9, 4.059735e+00
1, 9, 4.071696e+00
6, 7, 4.073124e+00
2, 9, 4.075365e+00
5, 8, 4.075592e+00
3, 9, 4.077133e+00
4, 9, 4.077634e+00
7, 7, 4.078639e+00
6, 8, 4.079050e+00
0, 10, 4.087213e+00
1, 10, 4.098539e+00
2, 10, 4.101130e+00
5, 9, 4.103344e+00
3, 10, 4.103804e+00
7, 8, 4.104507e+00
4, 10, 4.106556e+00
6, 9, 4.106717e+00
5, 10, 4.108478e+00
8, 8, 4.109502e+00
7, 9, 4.111008e+00
6, 10, 4.112538e+00
8, 9, 4.113764e+00
7, 10, 4.114074e+00
9, 9, 4.114989e+00
8, 10, 4.115396e+00
9, 10, 4.115685e+00
10, 10, 4.115809e+00
