row, col, cumulative power
0, 0, 2.839899e-29
0, 1, 2.027737e+00
1, 1, 3.070277e+00
0, 2, 5.095717e+00
1, 2, 5.227052e+00
2, 2, 5.259711e+00
0, 3, 5.747155e+00
1, 3, 5.862605e+00
2, 3, 5.868091e+00
0, 4, 6.008610e+00
1, 4, 6.100534e+00
3, 3, 6.103897e+00
2, 4, 6.118712e+00
3, 4, 6.123458e+00
0, 5, 6.183081e+00
1, 5, 6.217921e+00
2, 5, 6.219388e+00
4, 4, 6.232089e+00
3, 5, 6.234783e+00
0, 6, 6.271192e+00
1, 6, 6.305480e+00
2, 6, 6.308637e+00
4, 5, 6.312837e+00
3, 6, 6.316418e+00
0, 7, 6.336934e+00
5, 5, 6.338441e+00
1, 7, 6.368811e+00
4, 6, 6.372899e+00
2, 7, 6.373573e+00
3, 7, 6.376189e+00
5, 6, 6.376797e+00
0, 8, 6.418029e+00
4, 7, 6.419647e+00
1, 8, 6.459657e+00
2, 8, 6.464372e+00
6, 6, 6.464531e+00
3, 8, 6.465036e+00
5, 7, 6.466171e+00
4, 8, 6.470267e+00
0, 9, 6.488390e+00
1, 9, 6.507294e+00
6, 7, 6.510894e+00
2, 9, 6.512947e+00
5, 8, 6.516739e+00
3, 9, 6.516976e+00
4, 9, 6.518329e+00
7, 7, 6.519493e+00
6, 8, 6.521192e+00
0, 10, 6.537744e+00
1, 10, 6.568992e+00
2, 10, 6.572212e+00
5, 9, 6.573092e+00
3, 10, 6.574222e+00
7, 8, 6.574883e+00
4, 10, 6.576465e+00
6, 9, 6.577174e+00
5, 10, 6.578176e+00
8, 8, 6.578806e+00
7, 9, 6.583298e+00
6, 10, 6.583851e+00
8, 9, 6.584062e+00
7, 10, 6.585598e+00
9, 9, 6.585821e+00
8, 10, 6.586352e+00
9, 10, 6.587890e+00
10, 10, 6.588152e+00
