row, col, cumulative power
0, 0, 1.424418e-30
0, 1, 4.287406e+00
1, 1, 4.459785e+00
0, 2, 6.147254e+00
1, 2, 6.299457e+00
2, 2, 6.303640e+00
0, 3, 6.976451e+00
1, 3, 7.047521e+00
2, 3, 7.048897e+00
0, 4, 7.306717e+00
1, 4, 7.366313e+00
3, 3, 7.372915e+00
2, 4, 7.387794e+00
3, 4, 7.400313e+00
0, 5, 7.552022e+00
1, 5, 7.577372e+00
2, 5, 7.582448e+00
4, 4, 7.593742e+00
3, 5, 7.596896e+00
0, 6, 7.643940e+00
1, 6, 7.665573e+00
2, 6, 7.682316e+00
4, 5, 7.686164e+00
3, 6, 7.686817e+00
0, 7, 7.726210e+00
5, 5, 7.727566e+00
1, 7, 7.737506e+00
4, 6, 7.737815e+00
2, 7, 7.743238e+00
3, 7, 7.743490e+00
5, 6, 7.744370e+00
0, 8, 7.785301e+00
4, 7, 7.789260e+00
1, 8, 7.799906e+00
2, 8, 7.806817e+00
6, 6, 7.807104e+00
3, 8, 7.810441e+00
5, 7, 7.813085e+00
4, 8, 7.816324e+00
0, 9, 7.852074e+00
1, 9, 7.864933e+00
6, 7, 7.868046e+00
2, 9, 7.869773e+00
5, 8, 7.871302e+00
3, 9, 7.872351e+00
4, 9, 7.873998e+00
7, 7, 7.874735e+00
6, 8, 7.875319e+00
0, 10, 7.930671e+00
1, 10, 7.938260e+00
2, 10, 7.940168e+00
5, 9, 7.940811e+00
3, 10, 7.941627e+00
7, 8, 7.942380e+00
4, 10, 7.945664e+00
6, 9, 7.946360e+00
5, 10, 7.947021e+00
8, 8, 7.948027e+00
7, 9, 7.951213e+00
6, 10, 7.952899e+00
8, 9, 7.953291e+00
7, 10, 7.954784e+00
9, 9, 7.955207e+00
8, 10, 7.955347e+00
9, 10, 7.955570e+00
10, 10, 7.956516e+00
