row, col, cumulative power
0, 0, 8.389351e-31
0, 1, 1.991181e+00
1, 1, 2.334124e+00
0, 2, 4.299924e+00
1, 2, 4.396799e+00
2, 2, 4.400480e+00
0, 3, 4.795512e+00
1, 3, 4.833677e+00
2, 3, 4.859554e+00
0, 4, 4.925329e+00
1, 4, 4.946847e+00
3, 3, 4.948532e+00
2, 4, 4.954045e+00
3, 4, 4.960536e+00
0, 5, 5.020565e+00
1, 5, 5.072317e+00
2, 5, 5.079497e+00
4, 4, 5.086970e+00
3, 5, 5.090713e+00
0, 6, 5.109047e+00
1, 6, 5.137039e+00
2, 6, 5.138427e+00
4, 5, 5.141925e+00
3, 6, 5.145806e+00
0, 7, 5.154850e+00
5, 5, 5.157056e+00
1, 7, 5.168115e+00
4, 6, 5.173979e+00
2, 7, 5.177893e+00
3, 7, 5.180361e+00
5, 6, 5.180993e+00
0, 8, 5.183813e+00
4, 7, 5.185330e+00
1, 8, 5.218398e+00
2, 8, 5.220265e+00
6, 6, 5.222543e+00
3, 8, 5.223008e+00
5, 7, 5.223909e+00
4, 8, 5.226291e+00
0, 9, 5.231191e+00
1, 9, 5.246057e+00
6, 7, 5.248045e+00
2, 9, 5.252286e+00
5, 8, 5.253269e+00
3, 9, 5.253854e+00
4, 9, 5.256206e+00
7, 7, 5.257062e+00
6, 8, 5.258225e+00
0, 10, 5.259445e+00
1, 10, 5.272156e+00
2, 10, 5.275331e+00
5, 9, 5.276313e+00
3, 10, 5.277142e+00
7, 8, 5.277388e+00
4, 10, 5.280078e+00
6, 9, 5.281111e+00
5, 10, 5.281921e+00
8, 8, 5.282220e+00
7, 9, 5.285168e+00
6, 10, 5.285693e+00
8, 9, 5.287499e+00
7, 10, 5.288413e+00
9, 9, 5.288457e+00
8, 10, 5.289595e+00
9, 10, 5.290694e+00
10, 10, 5.291269e+00
