row, col, cumulative power
0, 0, 7.703720e-30
0, 1, 1.659205e-01
1, 1, 3.704869e-01
0, 2, 2.802955e+00
1, 2, 3.024940e+00
2, 2, 3.055139e+00
0, 3, 3.278713e+00
1, 3, 3.416964e+00
2, 3, 3.425321e+00
0, 4, 3.492204e+00
1, 4, 3.536208e+00
3, 3, 3.537683e+00
2, 4, 3.567440e+00
3, 4, 3.573670e+00
0, 5, 3.669927e+00
1, 5, 3.736914e+00
2, 5, 3.742208e+00
4, 4, 3.744979e+00
3, 5, 3.750781e+00
0, 6, 3.767262e+00
1, 6, 3.795631e+00
2, 6, 3.799536e+00
4, 5, 3.799751e+00
3, 6, 3.800224e+00
0, 7, 3.801848e+00
5, 5, 3.805763e+00
1, 7, 3.834215e+00
4, 6, 3.835719e+00
2, 7, 3.837231e+00
3, 7, 3.838423e+00
5, 6, 3.839900e+00
0, 8, 3.869512e+00
4, 7, 3.872240e+00
1, 8, 3.886469e+00
2, 8, 3.888915e+00
6, 6, 3.889601e+00
3, 8, 3.891310e+00
5, 7, 3.891617e+00
4, 8, 3.892987e+00
0, 9, 3.910882e+00
1, 9, 3.923333e+00
6, 7, 3.924497e+00
2, 9, 3.925426e+00
5, 8, 3.926107e+00
3, 9, 3.926634e+00
4, 9, 3.929186e+00
7, 7, 3.930408e+00
6, 8, 3.932375e+00
0, 10, 3.950354e+00
1, 10, 3.958078e+00
2, 10, 3.962259e+00
5, 9, 3.965082e+00
3, 10, 3.965555e+00
7, 8, 3.966086e+00
4, 10, 3.967610e+00
6, 9, 3.968039e+00
5, 10, 3.968564e+00
8, 8, 3.969126e+00
7, 9, 3.969690e+00
6, 10, 3.970811e+00
8, 9, 3.971328e+00
7, 10, 3.973589e+00
9, 9, 3.973727e+00
8, 10, 3.975324e+00
9, 10, 3.976936e+00
10, 10, 3.977295e+00
