row, col, cumulative power
0, 0, 1.803364e-29
0, 1, 8.871077e-01
1, 1, 1.831614e+00
0, 2, 5.613832e+00
1, 2, 5.799160e+00
2, 2, 5.866236e+00
0, 3, 6.522546e+00
1, 3, 6.702428e+00
2, 3, 6.735008e+00
0, 4, 6.847357e+00
1, 4, 6.914400e+00
3, 3, 6.919867e+00
2, 4, 6.932005e+00
3, 4, 6.938182e+00
0, 5, 6.959229e+00
1, 5, 6.986606e+00
2, 5, 7.016802e+00
4, 4, 7.021261e+00
3, 5, 7.023402e+00
0, 6, 7.055340e+00
1, 6, 7.103362e+00
2, 6, 7.107250e+00
4, 5, 7.109515e+00
3, 6, 7.112539e+00
0, 7, 7.132586e+00
5, 5, 7.134556e+00
1, 7, 7.174322e+00
4, 6, 7.178469e+00
2, 7, 7.185928e+00
3, 7, 7.187302e+00
5, 6, 7.188981e+00
0, 8, 7.201924e+00
4, 7, 7.204436e+00
1, 8, 7.222934e+00
2, 8, 7.231394e+00
6, 6, 7.231969e+00
3, 8, 7.238194e+00
5, 7, 7.239096e+00
4, 8, 7.239851e+00
0, 9, 7.277242e+00
1, 9, 7.294150e+00
6, 7, 7.294720e+00
2, 9, 7.308951e+00
5, 8, 7.310622e+00
3, 9, 7.313271e+00
4, 9, 7.315390e+00
7, 7, 7.316183e+00
6, 8, 7.318727e+00
0, 10, 7.323115e+00
1, 10, 7.342425e+00
2, 10, 7.343129e+00
5, 9, 7.343281e+00
3, 10, 7.345990e+00
7, 8, 7.347026e+00
4, 10, 7.347906e+00
6, 9, 7.350915e+00
5, 10, 7.351647e+00
8, 8, 7.353192e+00
7, 9, 7.354956e+00
6, 10, 7.357419e+00
8, 9, 7.360741e+00
7, 10, 7.362739e+00
9, 9, 7.364652e+00
8, 10, 7.365120e+00
9, 10, 7.365792e+00
10, 10, 7.369208e+00
