row, col, cumulative power
0, 0, 1.687423e-29
0, 1, 5.532661e+00
1, 1, 5.829319e+00
0, 2, 7.061186e+00
1, 2, 7.158473e+00
2, 2, 7.198061e+00
0, 3, 7.461496e+00
1, 3, 7.586421e+00
2, 3, 7.611265e+00
0, 4, 7.804737e+00
1, 4, 7.878295e+00
3, 3, 7.882496e+00
2, 4, 7.907806e+00
3, 4, 7.913218e+00
0, 5, 8.008757e+00
1, 5, 8.021379e+00
2, 5, 8.030536e+00
4, 4, 8.035567e+00
3, 5, 8.035782e+00
0, 6, 8.069609e+00
1, 6, 8.096249e+00
2, 6, 8.101235e+00
4, 5, 8.105603e+00
3, 6, 8.107401e+00
0, 7, 8.131491e+00
5, 5, 8.135354e+00
1, 7, 8.159329e+00
4, 6, 8.165634e+00
2, 7, 8.168025e+00
3, 7, 8.170360e+00
5, 6, 8.172507e+00
0, 8, 8.225608e+00
4, 7, 8.226607e+00
1, 8, 8.239281e+00
2, 8, 8.242421e+00
6, 6, 8.243604e+00
3, 8, 8.244103e+00
5, 7, 8.245114e+00
4, 8, 8.246126e+00
0, 9, 8.277600e+00
1, 9, 8.281466e+00
6, 7, 8.281921e+00
2, 9, 8.284358e+00
5, 8, 8.285303e+00
3, 9, 8.286173e+00
4, 9, 8.290432e+00
7, 7, 8.293066e+00
6, 8, 8.296802e+00
0, 10, 8.302630e+00
1, 10, 8.317080e+00
2, 10, 8.317950e+00
5, 9, 8.318842e+00
3, 10, 8.321301e+00
7, 8, 8.321819e+00
4, 10, 8.323926e+00
6, 9, 8.326354e+00
5, 10, 8.328502e+00
8, 8, 8.330809e+00
7, 9, 8.332832e+00
6, 10, 8.333940e+00
8, 9, 8.335581e+00
7, 10, 8.336906e+00
9, 9, 8.337753e+00
8, 10, 8.338102e+00
9, 10, 8.341187e+00
10, 10, 8.342518e+00
