row, col, cumulative power
0, 0, 1.018817e-29
0, 1, 2.713424e+00
1, 1, 3.038985e+00
0, 2, 5.987288e+00
1, 2, 6.248386e+00
2, 2, 6.288008e+00
0, 3, 6.529105e+00
1, 3, 6.626136e+00
2, 3, 6.627838e+00
0, 4, 6.794603e+00
1, 4, 6.877970e+00
3, 3, 6.884262e+00
2, 4, 6.891584e+00
3, 4, 6.895683e+00
0, 5, 6.963772e+00
1, 5, 7.022417e+00
2, 5, 7.026818e+00
4, 4, 7.028474e+00
3, 5, 7.032779e+00
0, 6, 7.060451e+00
1, 6, 7.092000e+00
2, 6, 7.094530e+00
4, 5, 7.100573e+00
3, 6, 7.103545e+00
0, 7, 7.111008e+00
5, 5, 7.112217e+00
1, 7, 7.130468e+00
4, 6, 7.134175e+00
2, 7, 7.136386e+00
3, 7, 7.137378e+00
5, 6, 7.139461e+00
0, 8, 7.181291e+00
4, 7, 7.182361e+00
1, 8, 7.196467e+00
2, 8, 7.200654e+00
6, 6, 7.200687e+00
3, 8, 7.201066e+00
5, 7, 7.204818e+00
4, 8, 7.207128e+00
0, 9, 7.222317e+00
1, 9, 7.250500e+00
6, 7, 7.252620e+00
2, 9, 7.255529e+00
5, 8, 7.256023e+00
3, 9, 7.256282e+00
4, 9, 7.256847e+00
7, 7, 7.257243e+00
6, 8, 7.257451e+00
0, 10, 7.262641e+00
1, 10, 7.283521e+00
2, 10, 7.284896e+00
5, 9, 7.285363e+00
3, 10, 7.288819e+00
7, 8, 7.291779e+00
4, 10, 7.292976e+00
6, 9, 7.295031e+00
5, 10, 7.297145e+00
8, 8, 7.298111e+00
7, 9, 7.298774e+00
6, 10, 7.301742e+00
8, 9, 7.305308e+00
7, 10, 7.309997e+00
9, 9, 7.313519e+00
8, 10, 7.314492e+00
9, 10, 7.315707e+00
10, 10, 7.315780e+00
