row, col, cumulative power
0, 0, 4.814825e-31
0, 1, 1.705044e+00
1, 1, 5.131148e+01
0, 2, 5.300405e+01
1, 2, 5.871507e+01
2, 2, 5.880818e+01
0, 3, 5.893216e+01
1, 3, 6.100525e+01
2, 3, 6.113437e+01
0, 4, 6.120365e+01
1, 4, 6.226014e+01
3, 3, 6.229282e+01
2, 4, 6.234593e+01
3, 4, 6.237872e+01
0, 5, 6.239138e+01
1, 5, 6.322622e+01
2, 5, 6.324626e+01
4, 4, 6.325095e+01
3, 5, 6.325715e+01
0, 6, 6.327185e+01
1, 6, 6.384430e+01
2, 6, 6.387606e+01
4, 5, 6.387971e+01
3, 6, 6.388474e+01
0, 7, 6.389150e+01
5, 5, 6.389367e+01
1, 7, 6.440600e+01
4, 6, 6.440993e+01
2, 7, 6.441775e+01
3, 7, 6.442613e+01
5, 6, 6.443222e+01
0, 8, 6.444142e+01
4, 7, 6.445172e+01
1, 8, 6.487868e+01
2, 8, 6.489057e+01
6, 6, 6.489550e+01
3, 8, 6.490722e+01
5, 7, 6.490911e+01
4, 8, 6.491291e+01
0, 9, 6.491707e+01
1, 9, 6.527500e+01
6, 7, 6.527872e+01
2, 9, 6.529583e+01
5, 8, 6.530277e+01
3, 9, 6.530700e+01
4, 9, 6.531081e+01
7, 7, 6.531191e+01
6, 8, 6.531239e+01
0, 10, 6.531466e+01
1, 10, 6.562011e+01
2, 10, 6.563335e+01
5, 9, 6.563584e+01
3, 10, 6.564256e+01
7, 8, 6.564299e+01
4, 10, 6.564618e+01
6, 9, 6.564700e+01
5, 10, 6.564951e+01
8, 8, 6.565193e+01
7, 9, 6.565404e+01
6, 10, 6.565630e+01
8, 9, 6.565859e+01
7, 10, 6.566154e+01
9, 9, 6.566180e+01
8, 10, 6.566329e+01
9, 10, 6.566485e+01
10, 10, 6.566891e+01
