row, col, cumulative power
0, 0, 1.262177e-29
0, 1, 5.886509e+00
1, 1, 1.776483e+01
0, 2, 1.972541e+01
1, 2, 2.581950e+01
2, 2, 2.761186e+01
0, 3, 2.823170e+01
1, 3, 2.920430e+01
2, 3, 2.985168e+01
0, 4, 3.007205e+01
1, 4, 3.054866e+01
3, 3, 3.060033e+01
2, 4, 3.099669e+01
3, 4, 3.102920e+01
0, 5, 3.115723e+01
1, 5, 3.146502e+01
2, 5, 3.164473e+01
4, 4, 3.165529e+01
3, 5, 3.168551e+01
0, 6, 3.174215e+01
1, 6, 3.197453e+01
2, 6, 3.213806e+01
4, 5, 3.215142e+01
3, 6, 3.217708e+01
0, 7, 3.224731e+01
5, 5, 3.225188e+01
1, 7, 3.245862e+01
4, 6, 3.247504e+01
2, 7, 3.260622e+01
3, 7, 3.262228e+01
5, 6, 3.263158e+01
0, 8, 3.269699e+01
4, 7, 3.270980e+01
1, 8, 3.290535e+01
2, 8, 3.301365e+01
6, 6, 3.301658e+01
3, 8, 3.303824e+01
5, 7, 3.304419e+01
4, 8, 3.305158e+01
0, 9, 3.311326e+01
1, 9, 3.327122e+01
6, 7, 3.327571e+01
2, 9, 3.334951e+01
5, 8, 3.335287e+01
3, 9, 3.336606e+01
4, 9, 3.337473e+01
7, 7, 3.337756e+01
6, 8, 3.338249e+01
0, 10, 3.340866e+01
1, 10, 3.355735e+01
2, 10, 3.366967e+01
5, 9, 3.367676e+01
3, 10, 3.369228e+01
7, 8, 3.369520e+01
4, 10, 3.370709e+01
6, 9, 3.371733e+01
5, 10, 3.371985e+01
8, 8, 3.372597e+01
7, 9, 3.373178e+01
6, 10, 3.374061e+01
8, 9, 3.374550e+01
7, 10, 3.375334e+01
9, 9, 3.375632e+01
8, 10, 3.375853e+01
9, 10, 3.375981e+01
10, 10, 3.376037e+01
