row, col, cumulative power
0, 0, 2.591531e-30
0, 1, 1.623974e-01
1, 1, 2.389832e+01
0, 2, 2.638333e+01
1, 2, 3.391639e+01
2, 2, 3.454694e+01
0, 3, 3.496493e+01
1, 3, 3.642855e+01
2, 3, 3.667542e+01
0, 4, 3.686099e+01
1, 4, 3.772682e+01
3, 3, 3.775971e+01
2, 4, 3.795502e+01
3, 4, 3.798633e+01
0, 5, 3.804650e+01
1, 5, 3.866420e+01
2, 5, 3.878124e+01
4, 4, 3.878376e+01
3, 5, 3.879866e+01
0, 6, 3.882786e+01
1, 6, 3.920683e+01
2, 6, 3.928922e+01
4, 5, 3.930484e+01
3, 6, 3.933487e+01
0, 7, 3.936201e+01
5, 5, 3.936543e+01
1, 7, 3.972513e+01
4, 6, 3.973918e+01
2, 7, 3.983999e+01
3, 7, 3.985547e+01
5, 6, 3.986145e+01
0, 8, 3.989778e+01
4, 7, 3.990920e+01
1, 8, 4.022683e+01
2, 8, 4.029310e+01
6, 6, 4.029636e+01
3, 8, 4.030278e+01
5, 7, 4.030706e+01
4, 8, 4.031732e+01
0, 9, 4.034964e+01
1, 9, 4.060729e+01
6, 7, 4.061242e+01
2, 9, 4.067796e+01
5, 8, 4.068248e+01
3, 9, 4.069936e+01
4, 9, 4.070341e+01
7, 7, 4.070755e+01
6, 8, 4.071226e+01
0, 10, 4.073428e+01
1, 10, 4.099806e+01
2, 10, 4.104823e+01
5, 9, 4.105369e+01
3, 10, 4.106575e+01
7, 8, 4.106700e+01
4, 10, 4.107269e+01
6, 9, 4.107681e+01
5, 10, 4.107870e+01
8, 8, 4.108049e+01
7, 9, 4.108351e+01
6, 10, 4.108558e+01
8, 9, 4.109005e+01
7, 10, 4.109364e+01
9, 9, 4.109455e+01
8, 10, 4.110002e+01
9, 10, 4.110207e+01
10, 10, 4.110462e+01
