row, col, cumulative power
0, 0, 3.254822e-30
0, 1, 7.354697e+00
1, 1, 2.611298e+01
0, 2, 2.960681e+01
1, 2, 3.519989e+01
2, 2, 3.587792e+01
0, 3, 3.655610e+01
1, 3, 3.807477e+01
2, 3, 3.859330e+01
0, 4, 3.881851e+01
1, 4, 3.944603e+01
3, 3, 3.947039e+01
2, 4, 3.966538e+01
3, 4, 3.972077e+01
0, 5, 3.989192e+01
1, 5, 4.034170e+01
2, 5, 4.047311e+01
4, 4, 4.047813e+01
3, 5, 4.050321e+01
0, 6, 4.061756e+01
1, 6, 4.090683e+01
2, 6, 4.100774e+01
4, 5, 4.102067e+01
3, 6, 4.107172e+01
0, 7, 4.114994e+01
5, 5, 4.115867e+01
1, 7, 4.147890e+01
4, 6, 4.150299e+01
2, 7, 4.157133e+01
3, 7, 4.160654e+01
5, 6, 4.162271e+01
0, 8, 4.176109e+01
4, 7, 4.178235e+01
1, 8, 4.201613e+01
2, 8, 4.207415e+01
6, 6, 4.207852e+01
3, 8, 4.209600e+01
5, 7, 4.210284e+01
4, 8, 4.211534e+01
0, 9, 4.218170e+01
1, 9, 4.240454e+01
6, 7, 4.241274e+01
2, 9, 4.247527e+01
5, 8, 4.248215e+01
3, 9, 4.250412e+01
4, 9, 4.250641e+01
7, 7, 4.251465e+01
6, 8, 4.251676e+01
0, 10, 4.259619e+01
1, 10, 4.281653e+01
2, 10, 4.287361e+01
5, 9, 4.288100e+01
3, 10, 4.290867e+01
7, 8, 4.291066e+01
4, 10, 4.291673e+01
6, 9, 4.292128e+01
5, 10, 4.292574e+01
8, 8, 4.293015e+01
7, 9, 4.293181e+01
6, 10, 4.293697e+01
8, 9, 4.294146e+01
7, 10, 4.294473e+01
9, 9, 4.295068e+01
8, 10, 4.295424e+01
9, 10, 4.295697e+01
10, 10, 4.295858e+01
