row, col, cumulative power
0, 0, 3.081488e-33
0, 1, 4.414584e-01
1, 1, 2.243077e+01
0, 2, 2.293327e+01
1, 2, 3.192286e+01
2, 2, 3.304622e+01
0, 3, 3.340784e+01
1, 3, 3.530926e+01
2, 3, 3.570598e+01
0, 4, 3.577993e+01
1, 4, 3.681512e+01
3, 3, 3.684404e+01
2, 4, 3.713996e+01
3, 4, 3.720024e+01
0, 5, 3.722946e+01
1, 5, 3.787621e+01
2, 5, 3.808948e+01
4, 4, 3.809269e+01
3, 5, 3.813870e+01
0, 6, 3.815378e+01
1, 6, 3.858820e+01
2, 6, 3.873772e+01
4, 5, 3.877890e+01
3, 6, 3.881173e+01
0, 7, 3.881792e+01
5, 5, 3.882550e+01
1, 7, 3.923608e+01
4, 6, 3.924889e+01
2, 7, 3.937045e+01
3, 7, 3.939266e+01
5, 6, 3.940278e+01
0, 8, 3.941244e+01
4, 7, 3.942818e+01
1, 8, 3.972589e+01
2, 8, 3.983550e+01
6, 6, 3.984208e+01
3, 8, 3.986549e+01
5, 7, 3.987519e+01
4, 8, 3.988218e+01
0, 9, 3.988257e+01
1, 9, 4.021868e+01
6, 7, 4.023079e+01
2, 9, 4.033282e+01
5, 8, 4.034334e+01
3, 9, 4.036560e+01
4, 9, 4.037147e+01
7, 7, 4.037583e+01
6, 8, 4.038017e+01
0, 10, 4.038355e+01
1, 10, 4.070489e+01
2, 10, 4.081106e+01
5, 9, 4.081470e+01
3, 10, 4.083291e+01
7, 8, 4.083939e+01
4, 10, 4.084724e+01
6, 9, 4.085426e+01
5, 10, 4.085931e+01
8, 8, 4.086265e+01
7, 9, 4.086676e+01
6, 10, 4.087175e+01
8, 9, 4.087605e+01
7, 10, 4.088140e+01
9, 9, 4.088195e+01
8, 10, 4.088396e+01
9, 10, 4.088890e+01
10, 10, 4.089145e+01
