row, col, cumulative power
0, 0, 5.565938e-32
0, 1, 7.176165e+00
1, 1, 3.914868e+01
0, 2, 4.175244e+01
1, 2, 4.592197e+01
2, 2, 4.615104e+01
0, 3, 4.642742e+01
1, 3, 4.711456e+01
2, 3, 4.717292e+01
0, 4, 4.739716e+01
1, 4, 4.784780e+01
3, 3, 4.785625e+01
2, 4, 4.787332e+01
3, 4, 4.788504e+01
0, 5, 4.797148e+01
1, 5, 4.823858e+01
2, 5, 4.825990e+01
4, 4, 4.826259e+01
3, 5, 4.826830e+01
0, 6, 4.835354e+01
1, 6, 4.860725e+01
2, 6, 4.862788e+01
4, 5, 4.862875e+01
3, 6, 4.863157e+01
0, 7, 4.870622e+01
5, 5, 4.870754e+01
1, 7, 4.890435e+01
4, 6, 4.890950e+01
2, 7, 4.891935e+01
3, 7, 4.892124e+01
5, 6, 4.892257e+01
0, 8, 4.897758e+01
4, 7, 4.898010e+01
1, 8, 4.918250e+01
2, 8, 4.919501e+01
6, 6, 4.919705e+01
3, 8, 4.919938e+01
5, 7, 4.920165e+01
4, 8, 4.920262e+01
0, 9, 4.927558e+01
1, 9, 4.944092e+01
6, 7, 4.944503e+01
2, 9, 4.945434e+01
5, 8, 4.945476e+01
3, 9, 4.945685e+01
4, 9, 4.946073e+01
7, 7, 4.946291e+01
6, 8, 4.946387e+01
0, 10, 4.952112e+01
1, 10, 4.968816e+01
2, 10, 4.970341e+01
5, 9, 4.970407e+01
3, 10, 4.970776e+01
7, 8, 4.971107e+01
4, 10, 4.971480e+01
6, 9, 4.971753e+01
5, 10, 4.972193e+01
8, 8, 4.972469e+01
7, 9, 4.972569e+01
6, 10, 4.972740e+01
8, 9, 4.972883e+01
7, 10, 4.973240e+01
9, 9, 4.973268e+01
8, 10, 4.973356e+01
9, 10, 4.973437e+01
10, 10, 4.973541e+01
