row, col, cumulative power
0, 0, 5.965761e-30
0, 1, 2.212303e+00
1, 1, 3.502371e+01
0, 2, 3.655321e+01
1, 2, 4.205656e+01
2, 2, 4.244429e+01
0, 3, 4.263746e+01
1, 3, 4.384745e+01
2, 3, 4.395970e+01
0, 4, 4.398944e+01
1, 4, 4.478368e+01
3, 3, 4.478947e+01
2, 4, 4.489567e+01
3, 4, 4.491787e+01
0, 5, 4.492495e+01
1, 5, 4.536642e+01
2, 5, 4.541384e+01
4, 4, 4.542247e+01
3, 5, 4.542806e+01
0, 6, 4.543061e+01
1, 6, 4.583284e+01
2, 6, 4.588060e+01
4, 5, 4.589188e+01
3, 6, 4.590048e+01
0, 7, 4.591101e+01
5, 5, 4.591482e+01
1, 7, 4.618561e+01
4, 6, 4.618813e+01
2, 7, 4.620726e+01
3, 7, 4.621297e+01
5, 6, 4.621530e+01
0, 8, 4.621566e+01
4, 7, 4.622014e+01
1, 8, 4.650744e+01
2, 8, 4.653354e+01
6, 6, 4.653419e+01
3, 8, 4.654235e+01
5, 7, 4.654663e+01
4, 8, 4.654986e+01
0, 9, 4.655187e+01
1, 9, 4.679545e+01
6, 7, 4.679844e+01
2, 9, 4.682658e+01
5, 8, 4.682779e+01
3, 9, 4.683489e+01
4, 9, 4.683797e+01
7, 7, 4.683999e+01
6, 8, 4.684206e+01
0, 10, 4.684226e+01
1, 10, 4.706148e+01
2, 10, 4.708313e+01
5, 9, 4.708809e+01
3, 10, 4.709417e+01
7, 8, 4.709696e+01
4, 10, 4.709771e+01
6, 9, 4.710091e+01
5, 10, 4.710466e+01
8, 8, 4.710801e+01
7, 9, 4.710940e+01
6, 10, 4.711406e+01
8, 9, 4.711447e+01
7, 10, 4.711628e+01
9, 9, 4.711665e+01
8, 10, 4.711795e+01
9, 10, 4.711859e+01
10, 10, 4.712000e+01
