row, col, cumulative power
0, 0, 6.933348e-31
0, 1, 2.796118e+00
1, 1, 2.464067e+01
0, 2, 2.685488e+01
1, 2, 3.211171e+01
2, 2, 3.243661e+01
0, 3, 3.274455e+01
1, 3, 3.421277e+01
2, 3, 3.436990e+01
0, 4, 3.439337e+01
1, 4, 3.526245e+01
3, 3, 3.529113e+01
2, 4, 3.538561e+01
3, 4, 3.540352e+01
0, 5, 3.543712e+01
1, 5, 3.594358e+01
2, 5, 3.601129e+01
4, 4, 3.601624e+01
3, 5, 3.603420e+01
0, 6, 3.603684e+01
1, 6, 3.641077e+01
2, 6, 3.645935e+01
4, 5, 3.646754e+01
3, 6, 3.647623e+01
0, 7, 3.647695e+01
5, 5, 3.648592e+01
1, 7, 3.674163e+01
4, 6, 3.674961e+01
2, 7, 3.678369e+01
3, 7, 3.679356e+01
5, 6, 3.679748e+01
0, 8, 3.679915e+01
4, 7, 3.680155e+01
1, 8, 3.704586e+01
2, 8, 3.707941e+01
6, 6, 3.708013e+01
3, 8, 3.708847e+01
5, 7, 3.709171e+01
4, 8, 3.709471e+01
0, 9, 3.710805e+01
1, 9, 3.734384e+01
6, 7, 3.734467e+01
2, 9, 3.737388e+01
5, 8, 3.737767e+01
3, 9, 3.738456e+01
4, 9, 3.738658e+01
7, 7, 3.738846e+01
6, 8, 3.739292e+01
0, 10, 3.739412e+01
1, 10, 3.761461e+01
2, 10, 3.764596e+01
5, 9, 3.764834e+01
3, 10, 3.765792e+01
7, 8, 3.765942e+01
4, 10, 3.766102e+01
6, 9, 3.766347e+01
5, 10, 3.766600e+01
8, 8, 3.766828e+01
7, 9, 3.766972e+01
6, 10, 3.767085e+01
8, 9, 3.767240e+01
7, 10, 3.767533e+01
9, 9, 3.767694e+01
8, 10, 3.767802e+01
9, 10, 3.768126e+01
10, 10, 3.768283e+01
