row, col, cumulative power
0, 0, 1.294995e-30
0, 1, 2.505952e+01
1, 1, 3.238905e+01
0, 2, 3.386133e+01
1, 2, 3.584758e+01
2, 2, 3.649283e+01
0, 3, 3.659798e+01
1, 3, 3.748244e+01
2, 3, 3.785043e+01
0, 4, 3.791749e+01
1, 4, 3.819442e+01
3, 3, 3.823958e+01
2, 4, 3.835552e+01
3, 4, 3.839937e+01
0, 5, 3.843016e+01
1, 5, 3.857616e+01
2, 5, 3.865730e+01
4, 4, 3.866630e+01
3, 5, 3.869653e+01
0, 6, 3.872035e+01
1, 6, 3.884504e+01
2, 6, 3.891032e+01
4, 5, 3.892728e+01
3, 6, 3.894857e+01
0, 7, 3.895335e+01
5, 5, 3.895423e+01
1, 7, 3.908224e+01
4, 6, 3.908663e+01
2, 7, 3.913850e+01
3, 7, 3.917348e+01
5, 6, 3.917799e+01
0, 8, 3.920647e+01
4, 7, 3.920897e+01
1, 8, 3.928260e+01
2, 8, 3.930524e+01
6, 6, 3.930702e+01
3, 8, 3.932293e+01
5, 7, 3.933118e+01
4, 8, 3.934053e+01
0, 9, 3.936398e+01
1, 9, 3.943607e+01
6, 7, 3.944260e+01
2, 9, 3.946637e+01
5, 8, 3.946941e+01
3, 9, 3.947710e+01
4, 9, 3.948261e+01
7, 7, 3.948360e+01
6, 8, 3.948743e+01
0, 10, 3.949672e+01
1, 10, 3.959901e+01
2, 10, 3.963653e+01
5, 9, 3.963780e+01
3, 10, 3.965609e+01
7, 8, 3.965699e+01
4, 10, 3.966334e+01
6, 9, 3.966397e+01
5, 10, 3.966775e+01
8, 8, 3.967384e+01
7, 9, 3.967614e+01
6, 10, 3.968166e+01
8, 9, 3.968424e+01
7, 10, 3.968704e+01
9, 9, 3.969067e+01
8, 10, 3.969428e+01
9, 10, 3.970020e+01
10, 10, 3.970646e+01
