row, col, cumulative power
0, 0, 2.415887e-30
0, 1, 4.312090e+00
1, 1, 2.826250e+01
0, 2, 2.847716e+01
1, 2, 3.862529e+01
2, 2, 4.000335e+01
0, 3, 4.051504e+01
1, 3, 4.322101e+01
2, 3, 4.384772e+01
0, 4, 4.387412e+01
1, 4, 4.510877e+01
3, 3, 4.519412e+01
2, 4, 4.553209e+01
3, 4, 4.560659e+01
0, 5, 4.562404e+01
1, 5, 4.646577e+01
2, 5, 4.674653e+01
4, 4, 4.676263e+01
3, 5, 4.681989e+01
0, 6, 4.682664e+01
1, 6, 4.734373e+01
2, 6, 4.749599e+01
4, 5, 4.752060e+01
3, 6, 4.755057e+01
0, 7, 4.755263e+01
5, 5, 4.756328e+01
1, 7, 4.802467e+01
4, 6, 4.804778e+01
2, 7, 4.819173e+01
3, 7, 4.821622e+01
5, 6, 4.823756e+01
0, 8, 4.823915e+01
4, 7, 4.825265e+01
1, 8, 4.865958e+01
2, 8, 4.877644e+01
6, 6, 4.878443e+01
3, 8, 4.881937e+01
5, 7, 4.883672e+01
4, 8, 4.885704e+01
0, 9, 4.886291e+01
1, 9, 4.923380e+01
6, 7, 4.924324e+01
2, 9, 4.935774e+01
5, 8, 4.936849e+01
3, 9, 4.938799e+01
4, 9, 4.939981e+01
7, 7, 4.940356e+01
6, 8, 4.940876e+01
0, 10, 4.940935e+01
1, 10, 4.976892e+01
2, 10, 4.986247e+01
5, 9, 4.986916e+01
3, 10, 4.989749e+01
7, 8, 4.990357e+01
4, 10, 4.991467e+01
6, 9, 4.991977e+01
5, 10, 4.992873e+01
8, 8, 4.992916e+01
7, 9, 4.993621e+01
6, 10, 4.994680e+01
8, 9, 4.995753e+01
7, 10, 4.996199e+01
9, 9, 4.996553e+01
8, 10, 4.996984e+01
9, 10, 4.997488e+01
10, 10, 4.997740e+01
