row, col, cumulative power
0, 0, 5.009344e-31
0, 1, 8.906345e-01
1, 1, 2.989812e+01
0, 2, 3.087499e+01
1, 2, 3.870670e+01
2, 2, 3.931945e+01
0, 3, 3.963095e+01
1, 3, 4.120511e+01
2, 3, 4.144344e+01
0, 4, 4.148848e+01
1, 4, 4.242492e+01
3, 3, 4.243518e+01
2, 4, 4.253375e+01
3, 4, 4.258128e+01
0, 5, 4.265424e+01
1, 5, 4.327874e+01
2, 5, 4.338159e+01
4, 4, 4.338358e+01
3, 5, 4.339844e+01
0, 6, 4.343711e+01
1, 6, 4.381133e+01
2, 6, 4.387326e+01
4, 5, 4.388518e+01
3, 6, 4.390247e+01
0, 7, 4.393283e+01
5, 5, 4.393853e+01
1, 7, 4.428424e+01
4, 6, 4.429650e+01
2, 7, 4.435373e+01
3, 7, 4.436294e+01
5, 6, 4.437477e+01
0, 8, 4.440108e+01
4, 7, 4.440384e+01
1, 8, 4.467491e+01
2, 8, 4.470795e+01
6, 6, 4.470984e+01
3, 8, 4.472520e+01
5, 7, 4.473129e+01
4, 8, 4.473329e+01
0, 9, 4.475570e+01
1, 9, 4.503962e+01
6, 7, 4.504252e+01
2, 9, 4.508184e+01
5, 8, 4.508583e+01
3, 9, 4.509541e+01
4, 9, 4.510214e+01
7, 7, 4.510379e+01
6, 8, 4.510656e+01
0, 10, 4.512244e+01
1, 10, 4.539428e+01
2, 10, 4.542522e+01
5, 9, 4.542883e+01
3, 10, 4.544042e+01
7, 8, 4.544300e+01
4, 10, 4.545156e+01
6, 9, 4.545531e+01
5, 10, 4.545915e+01
8, 8, 4.546002e+01
7, 9, 4.546185e+01
6, 10, 4.546540e+01
8, 9, 4.546880e+01
7, 10, 4.547290e+01
9, 9, 4.547434e+01
8, 10, 4.547716e+01
9, 10, 4.548042e+01
10, 10, 4.548294e+01
