row, col, cumulative power
0, 0, 1.018817e-31
0, 1, 1.196535e+00
1, 1, 2.584228e+01
0, 2, 2.672587e+01
1, 2, 3.347217e+01
2, 2, 3.406464e+01
0, 3, 3.441533e+01
1, 3, 3.605706e+01
2, 3, 3.631323e+01
0, 4, 3.637562e+01
1, 4, 3.727167e+01
3, 3, 3.728137e+01
2, 4, 3.749600e+01
3, 4, 3.751088e+01
0, 5, 3.753161e+01
1, 5, 3.804894e+01
2, 5, 3.819666e+01
4, 4, 3.820212e+01
3, 5, 3.821893e+01
0, 6, 3.823015e+01
1, 6, 3.861695e+01
2, 6, 3.870645e+01
4, 5, 3.872364e+01
3, 6, 3.874120e+01
0, 7, 3.875592e+01
5, 5, 3.875917e+01
1, 7, 3.912234e+01
4, 6, 3.914031e+01
2, 7, 3.919212e+01
3, 7, 3.920049e+01
5, 6, 3.920396e+01
0, 8, 3.921202e+01
4, 7, 3.921803e+01
1, 8, 3.948714e+01
2, 8, 3.954168e+01
6, 6, 3.954280e+01
3, 8, 3.955353e+01
5, 7, 3.955847e+01
4, 8, 3.956649e+01
0, 9, 3.957051e+01
1, 9, 3.987336e+01
6, 7, 3.988116e+01
2, 9, 3.994077e+01
5, 8, 3.994584e+01
3, 9, 3.995808e+01
4, 9, 3.996720e+01
7, 7, 3.996766e+01
6, 8, 3.996891e+01
0, 10, 3.997007e+01
1, 10, 4.019481e+01
2, 10, 4.023549e+01
5, 9, 4.024125e+01
3, 10, 4.025327e+01
7, 8, 4.025809e+01
4, 10, 4.026148e+01
6, 9, 4.026484e+01
5, 10, 4.026780e+01
8, 8, 4.026878e+01
7, 9, 4.027364e+01
6, 10, 4.027966e+01
8, 9, 4.028173e+01
7, 10, 4.028377e+01
9, 9, 4.028424e+01
8, 10, 4.028725e+01
9, 10, 4.029116e+01
10, 10, 4.029280e+01
