row, col, cumulative power
0, 0, 3.009266e-30
0, 1, 6.026144e-02
1, 1, 2.744481e+01
0, 2, 2.996015e+01
1, 2, 3.649624e+01
2, 2, 3.717748e+01
0, 3, 3.742268e+01
1, 3, 3.944991e+01
2, 3, 3.976952e+01
0, 4, 3.997052e+01
1, 4, 4.089720e+01
3, 3, 4.095408e+01
2, 4, 4.113053e+01
3, 4, 4.116056e+01
0, 5, 4.124238e+01
1, 5, 4.181107e+01
2, 5, 4.190790e+01
4, 4, 4.193453e+01
3, 5, 4.198011e+01
0, 6, 4.201900e+01
1, 6, 4.250569e+01
2, 6, 4.259316e+01
4, 5, 4.260712e+01
3, 6, 4.263816e+01
0, 7, 4.268506e+01
5, 5, 4.269241e+01
1, 7, 4.302455e+01
4, 6, 4.303869e+01
2, 7, 4.311151e+01
3, 7, 4.313578e+01
5, 6, 4.313990e+01
0, 8, 4.317337e+01
4, 7, 4.318530e+01
1, 8, 4.350629e+01
2, 8, 4.355828e+01
6, 6, 4.356021e+01
3, 8, 4.357625e+01
5, 7, 4.358264e+01
4, 8, 4.359605e+01
0, 9, 4.362928e+01
1, 9, 4.394984e+01
6, 7, 4.396144e+01
2, 9, 4.398976e+01
5, 8, 4.399296e+01
3, 9, 4.400453e+01
4, 9, 4.401229e+01
7, 7, 4.401454e+01
6, 8, 4.401710e+01
0, 10, 4.405395e+01
1, 10, 4.434769e+01
2, 10, 4.439994e+01
5, 9, 4.440232e+01
3, 10, 4.442587e+01
7, 8, 4.442870e+01
4, 10, 4.443566e+01
6, 9, 4.443920e+01
5, 10, 4.444248e+01
8, 8, 4.444738e+01
7, 9, 4.445198e+01
6, 10, 4.445524e+01
8, 9, 4.445679e+01
7, 10, 4.445997e+01
9, 9, 4.446389e+01
8, 10, 4.446581e+01
9, 10, 4.447289e+01
10, 10, 4.447456e+01
