row, col, cumulative power
0, 0, 1.342296e-29
0, 1, 1.148164e+01
1, 1, 2.449063e+01
0, 2, 2.628816e+01
1, 2, 3.095907e+01
2, 2, 3.167432e+01
0, 3, 3.180818e+01
1, 3, 3.251023e+01
2, 3, 3.272160e+01
0, 4, 3.284341e+01
1, 4, 3.304162e+01
3, 3, 3.304961e+01
2, 4, 3.317255e+01
3, 4, 3.318307e+01
0, 5, 3.324255e+01
1, 5, 3.337809e+01
2, 5, 3.343757e+01
4, 4, 3.343935e+01
3, 5, 3.344381e+01
0, 6, 3.347928e+01
1, 6, 3.361435e+01
2, 6, 3.366427e+01
4, 5, 3.366596e+01
3, 6, 3.367724e+01
0, 7, 3.370895e+01
5, 5, 3.370930e+01
1, 7, 3.380080e+01
4, 6, 3.380319e+01
2, 7, 3.384326e+01
3, 7, 3.384568e+01
5, 6, 3.385148e+01
0, 8, 3.386516e+01
4, 7, 3.386580e+01
1, 8, 3.395322e+01
2, 8, 3.398546e+01
6, 6, 3.398724e+01
3, 8, 3.399341e+01
5, 7, 3.399552e+01
4, 8, 3.399618e+01
0, 9, 3.401979e+01
1, 9, 3.410679e+01
6, 7, 3.410739e+01
2, 9, 3.413773e+01
5, 8, 3.414067e+01
3, 9, 3.414822e+01
4, 9, 3.415100e+01
7, 7, 3.415175e+01
6, 8, 3.415255e+01
0, 10, 3.417070e+01
1, 10, 3.425504e+01
2, 10, 3.429112e+01
5, 9, 3.429155e+01
3, 10, 3.429564e+01
7, 8, 3.429737e+01
4, 10, 3.430051e+01
6, 9, 3.430109e+01
5, 10, 3.430250e+01
8, 8, 3.430283e+01
7, 9, 3.430517e+01
6, 10, 3.430694e+01
8, 9, 3.430760e+01
7, 10, 3.430882e+01
9, 9, 3.430948e+01
8, 10, 3.431100e+01
9, 10, 3.431117e+01
10, 10, 3.431253e+01
