row, col, cumulative power
0, 0, 3.856145e-30
0, 1, 1.035445e+00
1, 1, 3.794914e+01
0, 2, 3.957610e+01
1, 2, 4.545569e+01
2, 2, 4.570070e+01
0, 3, 4.585167e+01
1, 3, 4.742178e+01
2, 3, 4.753465e+01
0, 4, 4.761903e+01
1, 4, 4.837130e+01
3, 3, 4.838674e+01
2, 4, 4.845162e+01
3, 4, 4.847160e+01
0, 5, 4.851061e+01
1, 5, 4.908776e+01
2, 5, 4.914961e+01
4, 4, 4.915724e+01
3, 5, 4.916973e+01
0, 6, 4.918428e+01
1, 6, 4.958943e+01
2, 6, 4.962771e+01
4, 5, 4.963534e+01
3, 6, 4.964484e+01
0, 7, 4.965189e+01
5, 5, 4.966087e+01
1, 7, 4.998979e+01
4, 6, 4.999187e+01
2, 7, 5.002583e+01
3, 7, 5.003512e+01
5, 6, 5.003795e+01
0, 8, 5.005080e+01
4, 7, 5.005619e+01
1, 8, 5.036689e+01
2, 8, 5.039153e+01
6, 6, 5.039303e+01
3, 8, 5.039702e+01
5, 7, 5.040079e+01
4, 8, 5.040511e+01
0, 9, 5.041247e+01
1, 9, 5.067697e+01
6, 7, 5.068005e+01
2, 9, 5.071041e+01
5, 8, 5.071414e+01
3, 9, 5.072633e+01
4, 9, 5.073486e+01
7, 7, 5.073582e+01
6, 8, 5.073738e+01
0, 10, 5.074480e+01
1, 10, 5.098756e+01
2, 10, 5.100785e+01
5, 9, 5.101192e+01
3, 10, 5.101652e+01
7, 8, 5.101870e+01
4, 10, 5.102054e+01
6, 9, 5.102155e+01
5, 10, 5.102435e+01
8, 8, 5.102533e+01
7, 9, 5.102652e+01
6, 10, 5.102827e+01
8, 9, 5.102864e+01
7, 10, 5.103198e+01
9, 9, 5.103219e+01
8, 10, 5.103647e+01
9, 10, 5.103997e+01
10, 10, 5.104044e+01
