row, col, cumulative power
0, 0, 4.333342e-32
0, 1, 3.714472e+00
1, 1, 2.282827e+01
0, 2, 2.355889e+01
1, 2, 2.703100e+01
2, 2, 2.716818e+01
0, 3, 2.811598e+01
1, 3, 2.962090e+01
2, 3, 2.983174e+01
0, 4, 3.010262e+01
1, 4, 3.088314e+01
3, 3, 3.090030e+01
2, 4, 3.095486e+01
3, 4, 3.097909e+01
0, 5, 3.118902e+01
1, 5, 3.161709e+01
2, 5, 3.164286e+01
4, 4, 3.164783e+01
3, 5, 3.166347e+01
0, 6, 3.178497e+01
1, 6, 3.206102e+01
2, 6, 3.208153e+01
4, 5, 3.208748e+01
3, 6, 3.210753e+01
0, 7, 3.218573e+01
5, 5, 3.219502e+01
1, 7, 3.247819e+01
4, 6, 3.248723e+01
2, 7, 3.251300e+01
3, 7, 3.252163e+01
5, 6, 3.252511e+01
0, 8, 3.261615e+01
4, 7, 3.262078e+01
1, 8, 3.283777e+01
2, 8, 3.285229e+01
6, 6, 3.285391e+01
3, 8, 3.286779e+01
5, 7, 3.287508e+01
4, 8, 3.287903e+01
0, 9, 3.296458e+01
1, 9, 3.320831e+01
6, 7, 3.321309e+01
2, 9, 3.322614e+01
5, 8, 3.322892e+01
3, 9, 3.323645e+01
4, 9, 3.324098e+01
7, 7, 3.324406e+01
6, 8, 3.325031e+01
0, 10, 3.331690e+01
1, 10, 3.350322e+01
2, 10, 3.351871e+01
5, 9, 3.351963e+01
3, 10, 3.352355e+01
7, 8, 3.352445e+01
4, 10, 3.352972e+01
6, 9, 3.353176e+01
5, 10, 3.353532e+01
8, 8, 3.353809e+01
7, 9, 3.354021e+01
6, 10, 3.354242e+01
8, 9, 3.354285e+01
7, 10, 3.354396e+01
9, 9, 3.354525e+01
8, 10, 3.354812e+01
9, 10, 3.354971e+01
10, 10, 3.355187e+01
