1.065641307333150267e-01 1.109585278769568834e-01 1.124691018950837729e-01 1.134303762702554286e-01 1.128810766273001948e-01 1.102719033232628376e-01 1.086240043943971501e-01 1.057401812688821691e-01 1.040922823400164815e-01 1.083493545729195262e-01 1.112331776984344933e-01 1.145289755561658823e-01 1.163141993957703957e-01 1.198846470749793947e-01 1.197473221642405966e-01 1.205712716286734404e-01 1.215325460038450961e-01 1.196099972535017847e-01 1.139796759132106624e-01 1.109585278769568834e-01 1.076627300192254943e-01
1.079373798407031043e-01 1.123317769843449609e-01 1.148036253776435062e-01 1.175501235924196614e-01 1.149409502883823181e-01 1.119198022521285391e-01 1.099972535017852276e-01 1.080747047514419162e-01 1.093106289480911819e-01 1.119198022521285391e-01 1.142543257346882724e-01 1.191980225212853628e-01 1.223564954682779399e-01 1.241417193078824532e-01 1.256522933260093289e-01 1.253776435045317328e-01 1.249656687723152970e-01 1.264762427904421727e-01 1.226311452897555637e-01 1.168634990387256295e-01 1.110958527876956814e-01
1.084866794836583381e-01 1.149409502883823181e-01 1.172754737709420514e-01 1.215325460038450961e-01 1.194726723427629728e-01 1.179620983246360832e-01 1.161768744850315838e-01 1.128810766273001948e-01 1.139796759132106624e-01 1.160395495742927718e-01 1.186487228783301290e-01 1.213952210931062842e-01 1.245536940400988751e-01 1.275748420763526403e-01 1.292227410052183556e-01 1.299093655589123875e-01 1.286734413622631079e-01 1.288107662730019198e-01 1.274375171656138561e-01 1.249656687723152970e-01 1.163141993957703957e-01
1.126064268058225709e-01 1.149409502883823181e-01 1.193353474320241747e-01 1.231804449327107975e-01 1.224938203790167518e-01 1.202966218071958304e-01 1.193353474320241747e-01 1.167261741279868176e-01 1.172754737709420514e-01 1.178247734138972852e-01 1.205712716286734404e-01 1.229057951112331737e-01 1.262015929689645766e-01 1.305959901126064193e-01 1.314199395770392631e-01 1.334798132381213864e-01 1.327931886844273546e-01 1.307333150233452312e-01 1.289480911837407318e-01 1.275748420763526403e-01 1.185113979675913171e-01
1.106838780554792595e-01 1.146663004669046942e-01 1.198846470749793947e-01 1.248283438615764851e-01 1.230431200219719856e-01 1.220818456468003299e-01 1.182367481461137071e-01 1.164515243065092076e-01 1.185113979675913171e-01 1.194726723427629728e-01 1.219445207360615180e-01 1.229057951112331737e-01 1.278494918978302641e-01 1.300466904696511994e-01 1.319692392199945108e-01 1.337544630595990103e-01 1.337544630595990103e-01 1.303213402911288232e-01 1.263389178797033885e-01 1.233177698434495956e-01 1.170008239494644275e-01
1.080747047514419162e-01 1.132930513595166166e-01 1.193353474320241747e-01 1.233177698434495956e-01 1.244163691293600632e-01 1.222191705575391418e-01 1.220818456468003299e-01 1.207085965394122523e-01 1.204339467179346285e-01 1.226311452897555637e-01 1.229057951112331737e-01 1.241417193078824532e-01 1.278494918978302641e-01 1.304586652018676074e-01 1.315572644877780750e-01 1.334798132381213864e-01 1.344410876132930421e-01 1.307333150233452312e-01 1.264762427904421727e-01 1.222191705575391418e-01 1.150782751991211161e-01
1.025817083218895920e-01 1.101345784125240257e-01 1.168634990387256295e-01 1.215325460038450961e-01 1.215325460038450961e-01 1.235924196649272194e-01 1.224938203790167518e-01 1.207085965394122523e-01 1.209832463608898623e-01 1.222191705575391418e-01 1.218071958253227199e-01 1.240043943971436413e-01 1.237297445756660313e-01 1.279868168085690761e-01 1.319692392199945108e-01 1.322438890414721346e-01 1.327931886844273546e-01 1.292227410052183556e-01 1.227684702004943756e-01 1.178247734138972852e-01 1.146663004669046942e-01
1.039549574292776696e-01 1.080747047514419162e-01 1.172754737709420514e-01 1.191980225212853628e-01 1.218071958253227199e-01 1.215325460038450961e-01 1.205712716286734404e-01 1.216698709145839080e-01 1.220818456468003299e-01 1.198846470749793947e-01 1.212578961823674861e-01 1.212578961823674861e-01 1.230431200219719856e-01 1.255149684152705170e-01 1.286734413622631079e-01 1.279868168085690761e-01 1.288107662730019198e-01 1.257896182367481408e-01 1.178247734138972852e-01 1.148036253776435062e-01 1.068387805547926367e-01
1.046415819829717153e-01 1.102719033232628376e-01 1.165888492172480057e-01 1.212578961823674861e-01 1.224938203790167518e-01 1.229057951112331737e-01 1.218071958253227199e-01 1.212578961823674861e-01 1.183740730568525190e-01 1.176874485031584733e-01 1.186487228783301290e-01 1.189233726998077390e-01 1.193353474320241747e-01 1.224938203790167518e-01 1.248283438615764851e-01 1.224938203790167518e-01 1.226311452897555637e-01 1.189233726998077390e-01 1.138423510024718505e-01 1.093106289480911819e-01 1.043669321614940915e-01
1.076627300192254943e-01 1.120571271628673510e-01 1.193353474320241747e-01 1.241417193078824532e-01 1.234550947541884075e-01 1.256522933260093289e-01 1.223564954682779399e-01 1.220818456468003299e-01 1.197473221642405966e-01 1.185113979675913171e-01 1.176874485031584733e-01 1.174127986816808633e-01 1.180994232353748952e-01 1.189233726998077390e-01 1.207085965394122523e-01 1.201592968964570185e-01 1.176874485031584733e-01 1.145289755561658823e-01 1.091733040373523700e-01 1.050535567151881372e-01 1.005218346608074687e-01
1.120571271628673510e-01 1.165888492172480057e-01 1.220818456468003299e-01 1.268882175226586084e-01 1.278494918978302641e-01 1.283987915407855118e-01 1.257896182367481408e-01 1.238670694864048294e-01 1.200219719857182066e-01 1.193353474320241747e-01 1.161768744850315838e-01 1.164515243065092076e-01 1.159022246635539738e-01 1.172754737709420514e-01 1.172754737709420514e-01 1.171381488602032395e-01 1.170008239494644275e-01 1.138423510024718505e-01 1.069761054655314486e-01 1.036803076078000596e-01 9.956056028563581295e-02
1.141170008239494604e-01 1.204339467179346285e-01 1.244163691293600632e-01 1.257896182367481408e-01 1.290854160944795437e-01 1.294973908266959517e-01 1.263389178797033885e-01 1.253776435045317328e-01 1.208459214501510642e-01 1.205712716286734404e-01 1.165888492172480057e-01 1.156275748420763499e-01 1.174127986816808633e-01 1.161768744850315838e-01 1.159022246635539738e-01 1.143916506454270843e-01 1.127437517165613828e-01 1.105465531447404615e-01 1.039549574292776696e-01 1.016204339467179363e-01 9.763801153529250154e-02
1.146663004669046942e-01 1.219445207360615180e-01 1.244163691293600632e-01 1.281241417193078880e-01 1.288107662730019198e-01 1.290854160944795437e-01 1.273001922548750442e-01 1.235924196649272194e-01 1.212578961823674861e-01 1.190606976105465509e-01 1.190606976105465509e-01 1.168634990387256295e-01 1.148036253776435062e-01 1.164515243065092076e-01 1.167261741279868176e-01 1.139796759132106624e-01 1.090359791266135719e-01 1.064268058225762148e-01 1.038176325185388577e-01 9.942323537489700103e-02 9.200769019500137924e-02
1.178247734138972852e-01 1.211205712716286742e-01 1.267508926119197965e-01 1.297720406481735755e-01 1.303213402911288232e-01 1.310079648448228551e-01 1.268882175226586084e-01 1.248283438615764851e-01 1.227684702004943756e-01 1.183740730568525190e-01 1.171381488602032395e-01 1.176874485031584733e-01 1.164515243065092076e-01 1.150782751991211161e-01 1.132930513595166166e-01 1.099972535017852276e-01 1.062894809118374029e-01 1.031310079648448258e-01 9.983521010711343679e-02 9.200769019500137924e-02 8.829991760505355447e-02
1.215325460038450961e-01 1.234550947541884075e-01 1.278494918978302641e-01 1.285361164515242960e-01 1.300466904696511994e-01 1.293600659159571675e-01 1.259269431474869527e-01 1.235924196649272194e-01 1.191980225212853628e-01 1.171381488602032395e-01 1.156275748420763499e-01 1.127437517165613828e-01 1.152156001098599281e-01 1.128810766273001948e-01 1.095852787695688058e-01 1.076627300192254943e-01 1.065641307333150267e-01 1.027190332326284039e-01 9.365558912386706680e-02 8.912386706948639825e-02 8.500411974732216547e-02
1.194726723427629728e-01 1.237297445756660313e-01 1.255149684152705170e-01 1.281241417193078880e-01 1.270255424333974203e-01 1.279868168085690761e-01 1.263389178797033885e-01 1.230431200219719856e-01 1.175501235924196614e-01 1.131557264487778047e-01 1.143916506454270843e-01 1.116451524306509152e-01 1.095852787695688058e-01 1.080747047514419162e-01 1.082120296621807143e-01 1.038176325185388577e-01 1.014831090359791244e-01 9.599011260642680010e-02 9.008514144465806783e-02 8.651469376544905499e-02 8.321889590771766598e-02
1.191980225212853628e-01 1.209832463608898623e-01 1.251029936830541089e-01 1.290854160944795437e-01 1.285361164515242960e-01 1.282614666300466999e-01 1.255149684152705170e-01 1.220818456468003299e-01 1.154902499313375380e-01 1.126064268058225709e-01 1.115078275199121172e-01 1.124691018950837729e-01 1.086240043943971501e-01 1.045042570722329034e-01 1.021697335896731701e-01 1.020324086789343582e-01 9.695138698159845581e-02 9.420488876682230062e-02 8.829991760505355447e-02 8.266959626476243217e-02 7.827519912112057554e-02
1.152156001098599281e-01 1.200219719857182066e-01 1.231804449327107975e-01 1.264762427904421727e-01 1.238670694864048294e-01 1.256522933260093289e-01 1.211205712716286742e-01 1.168634990387256295e-01 1.132930513595166166e-01 1.071134303762702605e-01 1.060148310903597929e-01 1.060148310903597929e-01 1.018950837681955462e-01 9.763801153529250154e-02 9.585278769568800206e-02 9.365558912386706680e-02 9.104641581982972354e-02 8.802526778357594450e-02 8.308157099697885406e-02 7.772589947816534173e-02 7.525405108486679651e-02
1.126064268058225709e-01 1.196099972535017847e-01 1.215325460038450961e-01 1.216698709145839080e-01 1.220818456468003299e-01 1.209832463608898623e-01 1.167261741279868176e-01 1.148036253776435062e-01 1.095852787695688058e-01 1.064268058225762148e-01 1.056028563581433710e-01 1.009338093930238905e-01 9.736336171381489157e-02 9.447953858829992446e-02 9.187036528426256732e-02 9.022246635539686588e-02 8.692666849766547688e-02 8.143367206811315262e-02 7.580335072782203032e-02 7.484207635265037462e-02 7.058500411974731603e-02
1.086240043943971501e-01 1.142543257346882724e-01 1.174127986816808633e-01 1.178247734138972852e-01 1.190606976105465509e-01 1.167261741279868176e-01 1.130184015380390067e-01 1.110958527876956814e-01 1.043669321614940915e-01 9.914858555341939106e-02 9.681406207085965776e-02 9.544081296347158017e-02 8.843724251579236639e-02 8.706399340840428880e-02 8.637736885471024306e-02 8.294424608624004214e-02 8.060972260368030884e-02 7.621532546003845221e-02 7.456742653117275077e-02 7.099697885196375180e-02 7.017302938753089414e-02
1.047789068937105134e-01 1.110958527876956814e-01 1.112331776984344933e-01 1.157648997528151619e-01 1.156275748420763499e-01 1.137050260917330385e-01 1.093106289480911819e-01 1.018950837681955462e-01 9.873661082120296917e-02 9.544081296347158017e-02 9.077176599835209969e-02 8.802526778357594450e-02 8.678934358692666495e-02 8.335622081845646403e-02 8.280692117550123021e-02 7.909914858555341932e-02 7.882449876407580935e-02 7.607800054929964029e-02 7.580335072782203032e-02 7.154627849491897174e-02 6.879978028014281655e-02
