9.573391178597252804e-02 9.342010122921186321e-02 9.168474331164136459e-02 9.457700650759219563e-02 9.616775126536514229e-02 9.544468546637743800e-02 9.587852494577006612e-02 9.558929862617497608e-02 9.790310918293564091e-02 1.051337671728127254e-01 1.064352856109905959e-01 1.112075198843094775e-01 1.184381778741865482e-01 1.242227042660882103e-01 1.278380332610267456e-01 1.321764280549529991e-01 1.352133044107013682e-01 1.328994938539407034e-01 1.305856832971800385e-01 1.294287780187997061e-01 1.282718727404193737e-01
9.674620390455530849e-02 9.819233550253073095e-02 9.674620390455530849e-02 9.573391178597252804e-02 9.920462762111352528e-02 9.689081706435286045e-02 1.002169197396963057e-01 9.978308026030369149e-02 1.012292118582791001e-01 1.058568329718004297e-01 1.114967462039045537e-01 1.154013015184381791e-01 1.234996384671005060e-01 1.292841648590021819e-01 1.356471438900939963e-01 1.383947939262472893e-01 1.394070860448300697e-01 1.388286334056399174e-01 1.360809833694866244e-01 1.340563991323210358e-01 1.313087490961677428e-01
9.370932754880693938e-02 9.645697758496023233e-02 9.573391178597252804e-02 9.674620390455530849e-02 9.804772234273319287e-02 9.689081706435286045e-02 9.978308026030369149e-02 1.015184381778741901e-01 1.033984092552422268e-01 1.057122198120028916e-01 1.101952277657266832e-01 1.191612436731742525e-01 1.263919016630513370e-01 1.330441070137382553e-01 1.388286334056399174e-01 1.412870571221981064e-01 1.430224150397686189e-01 1.422993492407809146e-01 1.386840202458423654e-01 1.375271149674620330e-01 1.324656543745480752e-01
9.154013015184381263e-02 9.530007230657989992e-02 9.746926970354302666e-02 9.804772234273319287e-02 9.703543022415039854e-02 9.848156182212580712e-02 1.016630513376717282e-01 1.023861171366594325e-01 1.045553145336225592e-01 1.062906724511930578e-01 1.127982646420824242e-01 1.200289226319595087e-01 1.255242227042660808e-01 1.328994938539407034e-01 1.407086044830079541e-01 1.444685466377440275e-01 1.441793203181489513e-01 1.443239334779465033e-01 1.402747650036153260e-01 1.353579175704989201e-01 1.317425885755603709e-01
8.806941431670281539e-02 9.240780911062906888e-02 9.414316702819956750e-02 9.804772234273319287e-02 9.558929862617497608e-02 9.949385394070860145e-02 1.038322487346348549e-01 1.065798987707881479e-01 1.078814172089660184e-01 1.097613882863340551e-01 1.156905278380332552e-01 1.224873463485177116e-01 1.287057122198120018e-01 1.343456254519161119e-01 1.396963123644251736e-01 1.449023861171366556e-01 1.440347071583513994e-01 1.414316702819956584e-01 1.402747650036153260e-01 1.357917570498915483e-01 1.301518438177874104e-01
9.125090383224873647e-02 9.313087490961677317e-02 9.732465654374547470e-02 9.674620390455530849e-02 9.877078814172089716e-02 1.010845986984815620e-01 1.049891540130151873e-01 1.086044830079537227e-01 1.110629067245119256e-01 1.135213304410701424e-01 1.172812725958062158e-01 1.252349963846710046e-01 1.310195227765726667e-01 1.373825018076645088e-01 1.420101229211858385e-01 1.473608098336948724e-01 1.462039045553145400e-01 1.431670281995661709e-01 1.402747650036153260e-01 1.385394070860448412e-01 1.305856832971800385e-01
9.168474331164136459e-02 9.515545914678236183e-02 9.703543022415039854e-02 9.833694866232826903e-02 1.020968908170643563e-01 1.036876355748373169e-01 1.073029645697758522e-01 1.087490961677512608e-01 1.132321041214750523e-01 1.155459146782357172e-01 1.214750542299349173e-01 1.269703543022415171e-01 1.336225596529284076e-01 1.378163412870571092e-01 1.409978308026030303e-01 1.457700650759219119e-01 1.466377440347071681e-01 1.449023861171366556e-01 1.431670281995661709e-01 1.389732465654374416e-01 1.339117859725235116e-01
9.096167751265364643e-02 9.530007230657989992e-02 9.674620390455530849e-02 1.016630513376717282e-01 1.028199566160520606e-01 1.075921908893709283e-01 1.114967462039045537e-01 1.132321041214750523e-01 1.133767172812725904e-01 1.177151120751988439e-01 1.224873463485177116e-01 1.268257411424439651e-01 1.318872017353579229e-01 1.360809833694866244e-01 1.389732465654374416e-01 1.434562545191612470e-01 1.417208966015907345e-01 1.421547360809833627e-01 1.391178597252349936e-01 1.365148228488792526e-01 1.288503253796095538e-01
9.197396963123644076e-02 9.631236442516269425e-02 9.934924078091106336e-02 1.029645697758495987e-01 1.064352856109905959e-01 1.088937093275488127e-01 1.120751988430947199e-01 1.177151120751988439e-01 1.171366594360086777e-01 1.214750542299349173e-01 1.255242227042660808e-01 1.304410701373825143e-01 1.339117859725235116e-01 1.352133044107013682e-01 1.392624728850325455e-01 1.417208966015907345e-01 1.440347071583513994e-01 1.417208966015907345e-01 1.386840202458423654e-01 1.381055676066522131e-01 1.289949385394070780e-01
9.746926970354302666e-02 1.015184381778741901e-01 1.038322487346348549e-01 1.070137382501807621e-01 1.097613882863340551e-01 1.143890093998553847e-01 1.162689804772234214e-01 1.213304410701373792e-01 1.221981200289226355e-01 1.226319595083152636e-01 1.271149674620390413e-01 1.336225596529284076e-01 1.356471438900939963e-01 1.373825018076645088e-01 1.430224150397686189e-01 1.464931308749096162e-01 1.447577729573391314e-01 1.437454808387563232e-01 1.399855386840202498e-01 1.356471438900939963e-01 1.298626174981923342e-01
1.023861171366594325e-01 1.035430224150397649e-01 1.093275488069414270e-01 1.140997830802603086e-01 1.181489515545914720e-01 1.201735357917570468e-01 1.210412147505423031e-01 1.234996384671005060e-01 1.252349963846710046e-01 1.295733911785972581e-01 1.314533622559652948e-01 1.382501807664497373e-01 1.404193781634128779e-01 1.402747650036153260e-01 1.469269703543022443e-01 1.473608098336948724e-01 1.463485177151120642e-01 1.450469992769342076e-01 1.386840202458423654e-01 1.353579175704989201e-01 1.292841648590021819e-01
1.058568329718004297e-01 1.107736804049168494e-01 1.172812725958062158e-01 1.197396963123644187e-01 1.243673174258857622e-01 1.272595806218365933e-01 1.297180043383947823e-01 1.311641359363702186e-01 1.331887201735357795e-01 1.352133044107013682e-01 1.379609544468546611e-01 1.428778018799710670e-01 1.434562545191612470e-01 1.438900939985538752e-01 1.459146782357194638e-01 1.502530730296456896e-01 1.490961677512653571e-01 1.460592913955169880e-01 1.398409255242226978e-01 1.373825018076645088e-01 1.318872017353579229e-01
1.097613882863340551e-01 1.154013015184381791e-01 1.197396963123644187e-01 1.237888647866955960e-01 1.285610990600144499e-01 1.328994938539407034e-01 1.362255965292841764e-01 1.353579175704989201e-01 1.389732465654374416e-01 1.402747650036153260e-01 1.411424439624005822e-01 1.462039045553145400e-01 1.462039045553145400e-01 1.463485177151120642e-01 1.485177151120752048e-01 1.499638467100506134e-01 1.508315256688358696e-01 1.479392624728850247e-01 1.443239334779465033e-01 1.368040491684743287e-01 1.314533622559652948e-01
1.168474331164135877e-01 1.219088937093275454e-01 1.252349963846710046e-01 1.285610990600144499e-01 1.304410701373825143e-01 1.342010122921185877e-01 1.365148228488792526e-01 1.399855386840202498e-01 1.420101229211858385e-01 1.427331887201735428e-01 1.436008676789587990e-01 1.473608098336948724e-01 1.482284887924801287e-01 1.483731019522776529e-01 1.498192335502530614e-01 1.495300072306579853e-01 1.483731019522776529e-01 1.467823571945046923e-01 1.430224150397686189e-01 1.379609544468546611e-01 1.314533622559652948e-01
1.201735357917570468e-01 1.229211858279103398e-01 1.281272595806218495e-01 1.310195227765726667e-01 1.326102675343456272e-01 1.347794649313087401e-01 1.375271149674620330e-01 1.395516992046276217e-01 1.415762834417932103e-01 1.418655097613882865e-01 1.422993492407809146e-01 1.467823571945046923e-01 1.486623282718727290e-01 1.492407809110629091e-01 1.489515545914678329e-01 1.476500361532899486e-01 1.462039045553145400e-01 1.436008676789587990e-01 1.395516992046276217e-01 1.376717281272595850e-01 1.294287780187997061e-01
1.230657989877078778e-01 1.272595806218365933e-01 1.308749096167751147e-01 1.349240780911062920e-01 1.352133044107013682e-01 1.368040491684743287e-01 1.373825018076645088e-01 1.382501807664497373e-01 1.405639913232104021e-01 1.421547360809833627e-01 1.437454808387563232e-01 1.466377440347071681e-01 1.476500361532899486e-01 1.472161966738973204e-01 1.485177151120752048e-01 1.467823571945046923e-01 1.431670281995661709e-01 1.411424439624005822e-01 1.389732465654374416e-01 1.343456254519161119e-01 1.245119305856833003e-01
1.268257411424439651e-01 1.302964569775849624e-01 1.334779464931308834e-01 1.344902386117136639e-01 1.373825018076645088e-01 1.389732465654374416e-01 1.412870571221981064e-01 1.404193781634128779e-01 1.395516992046276217e-01 1.415762834417932103e-01 1.411424439624005822e-01 1.440347071583513994e-01 1.449023861171366556e-01 1.467823571945046923e-01 1.460592913955169880e-01 1.476500361532899486e-01 1.444685466377440275e-01 1.392624728850325455e-01 1.344902386117136639e-01 1.294287780187997061e-01 1.200289226319595087e-01
1.262472885032537850e-01 1.298626174981923342e-01 1.330441070137382553e-01 1.362255965292841764e-01 1.375271149674620330e-01 1.385394070860448412e-01 1.389732465654374416e-01 1.389732465654374416e-01 1.401301518438177740e-01 1.398409255242226978e-01 1.402747650036153260e-01 1.443239334779465033e-01 1.446131597975415795e-01 1.449023861171366556e-01 1.449023861171366556e-01 1.438900939985538752e-01 1.399855386840202498e-01 1.357917570498915483e-01 1.298626174981923342e-01 1.233550253073029679e-01 1.165582067968185115e-01
1.263919016630513370e-01 1.295733911785972581e-01 1.320318148951554471e-01 1.350686912509038440e-01 1.376717281272595850e-01 1.391178597252349936e-01 1.408532176428055060e-01 1.394070860448300697e-01 1.408532176428055060e-01 1.375271149674620330e-01 1.369486623282718807e-01 1.411424439624005822e-01 1.417208966015907345e-01 1.424439624005784388e-01 1.414316702819956584e-01 1.368040491684743287e-01 1.362255965292841764e-01 1.330441070137382553e-01 1.229211858279103398e-01 1.195950831525668806e-01 1.116413593637020918e-01
1.245119305856833003e-01 1.248011569052783765e-01 1.279826464208242975e-01 1.324656543745480752e-01 1.350686912509038440e-01 1.372378886478669568e-01 1.391178597252349936e-01 1.365148228488792526e-01 1.356471438900939963e-01 1.340563991323210358e-01 1.347794649313087401e-01 1.363702096890817006e-01 1.369486623282718807e-01 1.383947939262472893e-01 1.359363702096890725e-01 1.308749096167751147e-01 1.272595806218365933e-01 1.259580621836587089e-01 1.221981200289226355e-01 1.123644251626898100e-01 1.074475777295733903e-01
1.182935647143890101e-01 1.214750542299349173e-01 1.230657989877078778e-01 1.259580621836587089e-01 1.275488069414316694e-01 1.288503253796095538e-01 1.301518438177874104e-01 1.278380332610267456e-01 1.281272595806218495e-01 1.268257411424439651e-01 1.255242227042660808e-01 1.268257411424439651e-01 1.279826464208242975e-01 1.275488069414316694e-01 1.261026753434562608e-01 1.207519884309472130e-01 1.174258857556037539e-01 1.168474331164135877e-01 1.088937093275488127e-01 1.055676066522053536e-01 9.848156182212580712e-02
