1.181535855448898886e-01 1.209768492377188004e-01 1.214003387916431365e-01 1.161773009599096490e-01 1.127893845285149604e-01 1.102484472049689440e-01 1.033314511575381123e-01 1.022021456804065448e-01 9.599096555618294446e-02 1.016374929418407680e-01 1.050254093732354566e-01 1.058723884810841287e-01 1.115189158667419522e-01 1.106719367588932801e-01 1.118012422360248476e-01 1.130717108977978558e-01 1.142010163749294233e-01 1.130717108977978558e-01 1.133540372670807511e-01 1.120835686053077290e-01 1.092603049124788311e-01
1.198475437605872329e-01 1.263410502540937286e-01 1.247882552230378250e-01 1.229531338226990400e-01 1.180124223602484479e-01 1.126482213438735197e-01 1.094014680971202719e-01 1.088368153585544951e-01 1.033314511575381123e-01 1.075663466967814730e-01 1.078486730660643683e-01 1.109542631281761754e-01 1.170242800677583350e-01 1.151891586674195361e-01 1.142010163749294233e-01 1.158949745906267675e-01 1.164596273291925443e-01 1.139186900056465279e-01 1.143421795595708640e-01 1.156126482213438722e-01 1.129305477131564150e-01
1.243647656691134890e-01 1.247882552230378250e-01 1.295878035008469764e-01 1.267645398080180785e-01 1.219649915302089271e-01 1.167419536984754397e-01 1.123658949745906244e-01 1.105307735742518394e-01 1.086956521739130405e-01 1.098249576510446079e-01 1.129305477131564150e-01 1.163184641445511036e-01 1.206945228684359050e-01 1.177300959909655526e-01 1.190005646527385608e-01 1.209768492377188004e-01 1.199887069452286875e-01 1.184359119141727840e-01 1.182947487295313432e-01 1.173066064370412165e-01 1.150479954827780954e-01
1.242236024844720482e-01 1.257763975155279379e-01 1.304347826086956486e-01 1.276115189158667507e-01 1.243647656691134890e-01 1.173066064370412165e-01 1.129305477131564150e-01 1.132128740824392965e-01 1.099661208356860487e-01 1.125070581592320790e-01 1.164596273291925443e-01 1.173066064370412165e-01 1.215415019762845911e-01 1.214003387916431365e-01 1.238001129305477122e-01 1.233766233766233761e-01 1.229531338226990400e-01 1.202710333145115690e-01 1.206945228684359050e-01 1.199887069452286875e-01 1.164596273291925443e-01
1.204121964991530236e-01 1.266233766233766100e-01 1.288819875776397450e-01 1.250705815923207342e-01 1.223884810841332632e-01 1.158949745906267675e-01 1.125070581592320790e-01 1.122247317899491836e-01 1.106719367588932801e-01 1.140598531902879686e-01 1.173066064370412165e-01 1.185770750988142247e-01 1.218238283455674725e-01 1.211180124223602550e-01 1.263410502540937286e-01 1.257763975155279379e-01 1.247882552230378250e-01 1.226708074534161447e-01 1.233766233766233761e-01 1.201298701298701282e-01 1.178712591756070072e-01
1.177300959909655526e-01 1.264822134387351693e-01 1.260587238848108471e-01 1.243647656691134890e-01 1.191417278373800154e-01 1.177300959909655526e-01 1.149068322981366408e-01 1.139186900056465279e-01 1.147656691134952001e-01 1.140598531902879686e-01 1.166007905138339990e-01 1.187182382834556793e-01 1.191417278373800154e-01 1.225296442687747039e-01 1.252117447769621750e-01 1.270468661773009600e-01 1.277526821005081914e-01 1.250705815923207342e-01 1.242236024844720482e-01 1.205533596837944643e-01 1.132128740824392965e-01
1.126482213438735197e-01 1.198475437605872329e-01 1.226708074534161447e-01 1.230942970073404807e-01 1.184359119141727840e-01 1.166007905138339990e-01 1.140598531902879686e-01 1.166007905138339990e-01 1.151891586674195361e-01 1.158949745906267675e-01 1.147656691134952001e-01 1.168831168831168804e-01 1.190005646527385608e-01 1.171654432523997758e-01 1.218238283455674725e-01 1.223884810841332632e-01 1.242236024844720482e-01 1.225296442687747039e-01 1.195652173913043514e-01 1.171654432523997758e-01 1.095426312817617126e-01
1.078486730660643683e-01 1.133540372670807511e-01 1.163184641445511036e-01 1.182947487295313432e-01 1.161773009599096490e-01 1.146245059288537593e-01 1.132128740824392965e-01 1.134952004517221918e-01 1.125070581592320790e-01 1.125070581592320790e-01 1.149068322981366408e-01 1.151891586674195361e-01 1.146245059288537593e-01 1.154714850367024315e-01 1.163184641445511036e-01 1.192828910220214561e-01 1.195652173913043514e-01 1.204121964991530236e-01 1.170242800677583350e-01 1.110954263128176162e-01 1.068605307735742554e-01
1.038961038961039030e-01 1.102484472049689440e-01 1.123658949745906244e-01 1.140598531902879686e-01 1.142010163749294233e-01 1.133540372670807511e-01 1.132128740824392965e-01 1.096837944664031672e-01 1.102484472049689440e-01 1.084133258046301590e-01 1.102484472049689440e-01 1.120835686053077290e-01 1.137775268210050872e-01 1.130717108977978558e-01 1.146245059288537593e-01 1.147656691134952001e-01 1.156126482213438722e-01 1.151891586674195361e-01 1.136363636363636326e-01 1.089779785431959358e-01 1.033314511575381123e-01
1.014963297571993273e-01 1.060135516657255833e-01 1.110954263128176162e-01 1.149068322981366408e-01 1.144833427442123047e-01 1.122247317899491836e-01 1.126482213438735197e-01 1.119424054206662883e-01 1.071428571428571369e-01 1.078486730660643683e-01 1.077075098814229276e-01 1.095426312817617126e-01 1.116600790513833930e-01 1.112365894974590569e-01 1.103896103896103847e-01 1.108130999435347208e-01 1.112365894974590569e-01 1.120835686053077290e-01 1.086956521739130405e-01 1.046019198193111205e-01 9.712027103331451194e-02
1.047430830039525751e-01 1.108130999435347208e-01 1.129305477131564150e-01 1.164596273291925443e-01 1.150479954827780954e-01 1.129305477131564150e-01 1.108130999435347208e-01 1.105307735742518394e-01 1.089779785431959358e-01 1.065782044042913601e-01 1.058723884810841287e-01 1.067193675889328008e-01 1.105307735742518394e-01 1.099661208356860487e-01 1.086956521739130405e-01 1.089779785431959358e-01 1.091191417278373765e-01 1.078486730660643683e-01 1.067193675889328008e-01 9.980237154150198298e-02 9.641445511010728053e-02
1.051665725578769112e-01 1.088368153585544951e-01 1.129305477131564150e-01 1.122247317899491836e-01 1.133540372670807511e-01 1.143421795595708640e-01 1.123658949745906244e-01 1.099661208356860487e-01 1.081309994353472637e-01 1.055900621118012472e-01 1.046019198193111205e-01 1.044607566346696798e-01 1.065782044042913601e-01 1.062958780350084648e-01 1.057312252964426880e-01 1.077075098814229276e-01 1.061547148503670240e-01 1.038961038961039030e-01 1.009316770186335366e-01 9.796725014116318409e-02 9.345002823263692804e-02
1.112365894974590569e-01 1.143421795595708640e-01 1.170242800677583350e-01 1.175889328063241118e-01 1.156126482213438722e-01 1.158949745906267675e-01 1.143421795595708640e-01 1.112365894974590569e-01 1.103896103896103847e-01 1.094014680971202719e-01 1.064370412196499194e-01 1.055900621118012472e-01 1.067193675889328008e-01 1.047430830039525751e-01 1.084133258046301590e-01 1.088368153585544951e-01 1.071428571428571369e-01 1.038961038961039030e-01 1.020609824957651041e-01 9.697910784867307121e-02 9.260304912478825590e-02
1.122247317899491836e-01 1.167419536984754397e-01 1.182947487295313432e-01 1.167419536984754397e-01 1.175889328063241118e-01 1.170242800677583350e-01 1.142010163749294233e-01 1.143421795595708640e-01 1.115189158667419522e-01 1.102484472049689440e-01 1.075663466967814730e-01 1.074251835121400322e-01 1.065782044042913601e-01 1.071428571428571369e-01 1.081309994353472637e-01 1.072840203274985915e-01 1.078486730660643683e-01 1.029079616036137762e-01 9.768492377188028875e-02 9.457933370976849552e-02 8.935629587803500806e-02
1.144833427442123047e-01 1.166007905138339990e-01 1.190005646527385608e-01 1.205533596837944643e-01 1.188594014680971200e-01 1.180124223602484479e-01 1.158949745906267675e-01 1.158949745906267675e-01 1.134952004517221918e-01 1.115189158667419522e-01 1.103896103896103847e-01 1.084133258046301590e-01 1.098249576510446079e-01 1.110954263128176162e-01 1.123658949745906244e-01 1.116600790513833930e-01 1.109542631281761754e-01 1.071428571428571369e-01 1.037549407114624483e-01 9.683794466403161660e-02 9.232072275550536056e-02
1.182947487295313432e-01 1.190005646527385608e-01 1.212591756070016957e-01 1.218238283455674725e-01 1.216826651609260318e-01 1.225296442687747039e-01 1.198475437605872329e-01 1.185770750988142247e-01 1.149068322981366408e-01 1.143421795595708640e-01 1.118012422360248476e-01 1.095426312817617126e-01 1.089779785431959358e-01 1.079898362507058091e-01 1.098249576510446079e-01 1.119424054206662883e-01 1.125070581592320790e-01 1.110954263128176162e-01 1.064370412196499194e-01 9.980237154150198298e-02 9.288537549407115124e-02
1.192828910220214561e-01 1.198475437605872329e-01 1.245059288537549436e-01 1.223884810841332632e-01 1.221061547148503679e-01 1.236589497459062714e-01 1.240824392998306075e-01 1.197063805759457922e-01 1.150479954827780954e-01 1.130717108977978558e-01 1.116600790513833930e-01 1.088368153585544951e-01 1.088368153585544951e-01 1.047430830039525751e-01 1.082721626199887044e-01 1.057312252964426880e-01 1.084133258046301590e-01 1.058723884810841287e-01 1.016374929418407680e-01 9.669678147939017587e-02 9.133258046301524768e-02
1.170242800677583350e-01 1.191417278373800154e-01 1.235177865612648168e-01 1.254940711462450564e-01 1.228119706380575993e-01 1.252117447769621750e-01 1.223884810841332632e-01 1.173066064370412165e-01 1.116600790513833930e-01 1.103896103896103847e-01 1.074251835121400322e-01 1.041784302653867844e-01 1.081309994353472637e-01 1.058723884810841287e-01 1.062958780350084648e-01 1.044607566346696798e-01 1.036137775268210076e-01 9.937888198757763303e-02 9.867306606437041550e-02 9.570863918690006300e-02 9.062676453980801627e-02
1.154714850367024315e-01 1.170242800677583350e-01 1.201298701298701282e-01 1.225296442687747039e-01 1.218238283455674725e-01 1.240824392998306075e-01 1.197063805759457922e-01 1.164596273291925443e-01 1.088368153585544951e-01 1.054488989271597926e-01 1.026256352343308809e-01 1.023433088650479994e-01 1.033314511575381123e-01 1.034726143421795530e-01 1.017786561264822087e-01 9.966120835686052837e-02 9.839073969508752016e-02 9.740259740259740728e-02 9.429700734048560018e-02 9.232072275550536056e-02 8.766233766233766378e-02
1.144833427442123047e-01 1.156126482213438722e-01 1.184359119141727840e-01 1.206945228684359050e-01 1.211180124223602550e-01 1.204121964991530236e-01 1.157538114059853129e-01 1.119424054206662883e-01 1.062958780350084648e-01 1.047430830039525751e-01 9.952004517221908764e-02 9.740259740259740728e-02 9.810841332580462482e-02 9.542631281761716766e-02 9.867306606437041550e-02 9.839073969508752016e-02 9.754376058723884801e-02 9.570863918690006300e-02 9.232072275550536056e-02 8.921513269339356733e-02 8.413325804630152061e-02
1.116600790513833930e-01 1.127893845285149604e-01 1.153303218520609769e-01 1.144833427442123047e-01 1.130717108977978558e-01 1.136363636363636326e-01 1.127893845285149604e-01 1.081309994353472637e-01 1.043195934500282390e-01 9.881422924901185623e-02 9.429700734048560018e-02 9.330886504799548731e-02 9.429700734048560018e-02 9.246188594014681517e-02 9.203839638622247910e-02 9.274421230942969663e-02 9.316770186335403270e-02 9.133258046301524768e-02 8.836815358554489519e-02 8.483907396950875202e-02 8.018068887634105524e-02
