# contact distance = 16.0 Angstroms
# F = 0.4 kJ/mol

# i j contact_probability mean_contact_probability stddev_contact_probability
0 0 0.030900 0.041205 0.015156
0 1 0.031291 0.041205 0.015156
0 2 0.029857 0.041205 0.015156
0 3 0.029726 0.041205 0.015156
0 4 0.028422 0.041205 0.015156
0 5 0.028553 0.041205 0.015156
0 6 0.027119 0.041205 0.015156
0 7 0.027640 0.041205 0.015156
0 8 0.028292 0.041205 0.015156
0 9 0.029857 0.041205 0.015156
0 10 0.035332 0.041205 0.015156
0 11 0.038592 0.041205 0.015156
0 12 0.040808 0.041205 0.015156
0 13 0.047588 0.041205 0.015156
0 14 0.052151 0.041205 0.015156
0 15 0.057888 0.041205 0.015156
0 16 0.063885 0.041205 0.015156
0 17 0.066623 0.041205 0.015156
0 18 0.067797 0.041205 0.015156
0 19 0.064146 0.041205 0.015156
0 20 0.059713 0.041205 0.015156
1 0 0.028683 0.041205 0.015156
1 1 0.028944 0.041205 0.015156
1 2 0.028814 0.041205 0.015156
1 3 0.026988 0.041205 0.015156
1 4 0.026597 0.041205 0.015156
1 5 0.026728 0.041205 0.015156
1 6 0.025684 0.041205 0.015156
1 7 0.026858 0.041205 0.015156
1 8 0.028292 0.041205 0.015156
1 9 0.032334 0.041205 0.015156
1 10 0.037810 0.041205 0.015156
1 11 0.040417 0.041205 0.015156
1 12 0.045893 0.041205 0.015156
1 13 0.050717 0.041205 0.015156
1 14 0.056975 0.041205 0.015156
1 15 0.060626 0.041205 0.015156
1 16 0.069100 0.041205 0.015156
1 17 0.070143 0.041205 0.015156
1 18 0.071056 0.041205 0.015156
1 19 0.070795 0.041205 0.015156
1 20 0.063103 0.041205 0.015156
2 0 0.029205 0.041205 0.015156
2 1 0.029074 0.041205 0.015156
2 2 0.028683 0.041205 0.015156
2 3 0.026728 0.041205 0.015156
2 4 0.024250 0.041205 0.015156
2 5 0.024772 0.041205 0.015156
2 6 0.025815 0.041205 0.015156
2 7 0.027901 0.041205 0.015156
2 8 0.030248 0.041205 0.015156
2 9 0.033898 0.041205 0.015156
2 10 0.039244 0.041205 0.015156
2 11 0.043286 0.041205 0.015156
2 12 0.050587 0.041205 0.015156
2 13 0.056063 0.041205 0.015156
2 14 0.059844 0.041205 0.015156
2 15 0.064668 0.041205 0.015156
2 16 0.070143 0.041205 0.015156
2 17 0.073664 0.041205 0.015156
2 18 0.073403 0.041205 0.015156
2 19 0.069100 0.041205 0.015156
2 20 0.064146 0.041205 0.015156
3 0 0.027771 0.041205 0.015156
3 1 0.029074 0.041205 0.015156
3 2 0.027901 0.041205 0.015156
3 3 0.026336 0.041205 0.015156
3 4 0.026076 0.041205 0.015156
3 5 0.026467 0.041205 0.015156
3 6 0.027379 0.041205 0.015156
3 7 0.030378 0.041205 0.015156
3 8 0.031160 0.041205 0.015156
3 9 0.037288 0.041205 0.015156
3 10 0.039896 0.041205 0.015156
3 11 0.045893 0.041205 0.015156
3 12 0.051239 0.041205 0.015156
3 13 0.055932 0.041205 0.015156
3 14 0.061538 0.041205 0.015156
3 15 0.065711 0.041205 0.015156
3 16 0.068449 0.041205 0.015156
3 17 0.070665 0.041205 0.015156
3 18 0.068579 0.041205 0.015156
3 19 0.065319 0.041205 0.015156
3 20 0.057236 0.041205 0.015156
4 0 0.028162 0.041205 0.015156
4 1 0.030378 0.041205 0.015156
4 2 0.026988 0.041205 0.015156
4 3 0.026206 0.041205 0.015156
4 4 0.024772 0.041205 0.015156
4 5 0.027379 0.041205 0.015156
4 6 0.028031 0.041205 0.015156
4 7 0.028944 0.041205 0.015156
4 8 0.032986 0.041205 0.015156
4 9 0.037158 0.041205 0.015156
4 10 0.042243 0.041205 0.015156
4 11 0.046154 0.041205 0.015156
4 12 0.051760 0.041205 0.015156
4 13 0.057236 0.041205 0.015156
4 14 0.058931 0.041205 0.015156
4 15 0.062451 0.041205 0.015156
4 16 0.064276 0.041205 0.015156
4 17 0.067145 0.041205 0.015156
4 18 0.065971 0.041205 0.015156
4 19 0.059192 0.041205 0.015156
4 20 0.053325 0.041205 0.015156
5 0 0.027640 0.041205 0.015156
5 1 0.026336 0.041205 0.015156
5 2 0.027771 0.041205 0.015156
5 3 0.026858 0.041205 0.015156
5 4 0.025163 0.041205 0.015156
5 5 0.026076 0.041205 0.015156
5 6 0.027379 0.041205 0.015156
5 7 0.030769 0.041205 0.015156
5 8 0.033638 0.041205 0.015156
5 9 0.037027 0.041205 0.015156
5 10 0.040808 0.041205 0.015156
5 11 0.045632 0.041205 0.015156
5 12 0.051760 0.041205 0.015156
5 13 0.054759 0.041205 0.015156
5 14 0.056714 0.041205 0.015156
5 15 0.060365 0.041205 0.015156
5 16 0.060626 0.041205 0.015156
5 17 0.059974 0.041205 0.015156
5 18 0.058670 0.041205 0.015156
5 19 0.053194 0.041205 0.015156
5 20 0.048631 0.041205 0.015156
6 0 0.026206 0.041205 0.015156
6 1 0.028553 0.041205 0.015156
6 2 0.027901 0.041205 0.015156
6 3 0.026728 0.041205 0.015156
6 4 0.027119 0.041205 0.015156
6 5 0.027379 0.041205 0.015156
6 6 0.029074 0.041205 0.015156
6 7 0.031291 0.041205 0.015156
6 8 0.035724 0.041205 0.015156
6 9 0.040808 0.041205 0.015156
6 10 0.040678 0.041205 0.015156
6 11 0.045502 0.041205 0.015156
6 12 0.051369 0.041205 0.015156
6 13 0.054889 0.041205 0.015156
6 14 0.056063 0.041205 0.015156
6 15 0.056323 0.041205 0.015156
6 16 0.055411 0.041205 0.015156
6 17 0.053846 0.041205 0.015156
6 18 0.050196 0.041205 0.015156
6 19 0.047849 0.041205 0.015156
6 20 0.044329 0.041205 0.015156
7 0 0.026988 0.041205 0.015156
7 1 0.028422 0.041205 0.015156
7 2 0.027379 0.041205 0.015156
7 3 0.029205 0.041205 0.015156
7 4 0.028553 0.041205 0.015156
7 5 0.029074 0.041205 0.015156
7 6 0.031291 0.041205 0.015156
7 7 0.032464 0.041205 0.015156
7 8 0.038201 0.041205 0.015156
7 9 0.040026 0.041205 0.015156
7 10 0.042112 0.041205 0.015156
7 11 0.046545 0.041205 0.015156
7 12 0.049674 0.041205 0.015156
7 13 0.054759 0.041205 0.015156
7 14 0.054498 0.041205 0.015156
7 15 0.053325 0.041205 0.015156
7 16 0.051760 0.041205 0.015156
7 17 0.049674 0.041205 0.015156
7 18 0.045372 0.041205 0.015156
7 19 0.040678 0.041205 0.015156
7 20 0.039635 0.041205 0.015156
8 0 0.028292 0.041205 0.015156
8 1 0.029074 0.041205 0.015156
8 2 0.030508 0.041205 0.015156
8 3 0.030248 0.041205 0.015156
8 4 0.032073 0.041205 0.015156
8 5 0.032073 0.041205 0.015156
8 6 0.035593 0.041205 0.015156
8 7 0.034420 0.041205 0.015156
8 8 0.037419 0.041205 0.015156
8 9 0.042243 0.041205 0.015156
8 10 0.044850 0.041205 0.015156
8 11 0.049283 0.041205 0.015156
8 12 0.051239 0.041205 0.015156
8 13 0.051630 0.041205 0.015156
8 14 0.050978 0.041205 0.015156
8 15 0.049674 0.041205 0.015156
8 16 0.047327 0.041205 0.015156
8 17 0.043025 0.041205 0.015156
8 18 0.038070 0.041205 0.015156
8 19 0.036375 0.041205 0.015156
8 20 0.033246 0.041205 0.015156
9 0 0.030900 0.041205 0.015156
9 1 0.033507 0.041205 0.015156
9 2 0.033768 0.041205 0.015156
9 3 0.034159 0.041205 0.015156
9 4 0.031682 0.041205 0.015156
9 5 0.035724 0.041205 0.015156
9 6 0.037810 0.041205 0.015156
9 7 0.038201 0.041205 0.015156
9 8 0.040026 0.041205 0.015156
9 9 0.041591 0.041205 0.015156
9 10 0.044850 0.041205 0.015156
9 11 0.048892 0.041205 0.015156
9 12 0.051760 0.041205 0.015156
9 13 0.050717 0.041205 0.015156
9 14 0.045632 0.041205 0.015156
9 15 0.044329 0.041205 0.015156
9 16 0.042112 0.041205 0.015156
9 17 0.039113 0.041205 0.015156
9 18 0.035202 0.041205 0.015156
9 19 0.033638 0.041205 0.015156
9 20 0.030900 0.041205 0.015156
10 0 0.035072 0.041205 0.015156
10 1 0.036115 0.041205 0.015156
10 2 0.036636 0.041205 0.015156
10 3 0.035072 0.041205 0.015156
10 4 0.037810 0.041205 0.015156
10 5 0.039505 0.041205 0.015156
10 6 0.039896 0.041205 0.015156
10 7 0.042243 0.041205 0.015156
10 8 0.043677 0.041205 0.015156
10 9 0.044459 0.041205 0.015156
10 10 0.044068 0.041205 0.015156
10 11 0.045893 0.041205 0.015156
10 12 0.050196 0.041205 0.015156
10 13 0.047588 0.041205 0.015156
10 14 0.043546 0.041205 0.015156
10 15 0.041591 0.041205 0.015156
10 16 0.036767 0.041205 0.015156
10 17 0.034550 0.041205 0.015156
10 18 0.029857 0.041205 0.015156
10 19 0.027771 0.041205 0.015156
10 20 0.027379 0.041205 0.015156
11 0 0.038722 0.041205 0.015156
11 1 0.041460 0.041205 0.015156
11 2 0.042634 0.041205 0.015156
11 3 0.041851 0.041205 0.015156
11 4 0.042764 0.041205 0.015156
11 5 0.044068 0.041205 0.015156
11 6 0.046545 0.041205 0.015156
11 7 0.046806 0.041205 0.015156
11 8 0.047327 0.041205 0.015156
11 9 0.046154 0.041205 0.015156
11 10 0.045632 0.041205 0.015156
11 11 0.047588 0.041205 0.015156
11 12 0.049935 0.041205 0.015156
11 13 0.049022 0.041205 0.015156
11 14 0.044720 0.041205 0.015156
11 15 0.038983 0.041205 0.015156
11 16 0.033768 0.041205 0.015156
11 17 0.032464 0.041205 0.015156
11 18 0.027249 0.041205 0.015156
11 19 0.026336 0.041205 0.015156
11 20 0.025815 0.041205 0.015156
12 0 0.044589 0.041205 0.015156
12 1 0.048110 0.041205 0.015156
12 2 0.051630 0.041205 0.015156
12 3 0.050196 0.041205 0.015156
12 4 0.051499 0.041205 0.015156
12 5 0.050196 0.041205 0.015156
12 6 0.051108 0.041205 0.015156
12 7 0.050065 0.041205 0.015156
12 8 0.048501 0.041205 0.015156
12 9 0.048631 0.041205 0.015156
12 10 0.046806 0.041205 0.015156
12 11 0.045241 0.041205 0.015156
12 12 0.047849 0.041205 0.015156
12 13 0.047458 0.041205 0.015156
12 14 0.043677 0.041205 0.015156
12 15 0.038070 0.041205 0.015156
12 16 0.032203 0.041205 0.015156
12 17 0.028814 0.041205 0.015156
12 18 0.025684 0.041205 0.015156
12 19 0.025163 0.041205 0.015156
12 20 0.023077 0.041205 0.015156
13 0 0.052542 0.041205 0.015156
13 1 0.053585 0.041205 0.015156
13 2 0.056063 0.041205 0.015156
13 3 0.056584 0.041205 0.015156
13 4 0.055802 0.041205 0.015156
13 5 0.054628 0.041205 0.015156
13 6 0.053455 0.041205 0.015156
13 7 0.053064 0.041205 0.015156
13 8 0.049804 0.041205 0.015156
13 9 0.047066 0.041205 0.015156
13 10 0.046154 0.041205 0.015156
13 11 0.044198 0.041205 0.015156
13 12 0.045893 0.041205 0.015156
13 13 0.046936 0.041205 0.015156
13 14 0.042764 0.041205 0.015156
13 15 0.035202 0.041205 0.015156
13 16 0.030248 0.041205 0.015156
13 17 0.026728 0.041205 0.015156
13 18 0.024511 0.041205 0.015156
13 19 0.024120 0.041205 0.015156
13 20 0.021773 0.041205 0.015156
14 0 0.055541 0.041205 0.015156
14 1 0.059713 0.041205 0.015156
14 2 0.063755 0.041205 0.015156
14 3 0.061408 0.041205 0.015156
14 4 0.059452 0.041205 0.015156
14 5 0.057627 0.041205 0.015156
14 6 0.053846 0.041205 0.015156
14 7 0.052673 0.041205 0.015156
14 8 0.049283 0.041205 0.015156
14 9 0.045632 0.041205 0.015156
14 10 0.044329 0.041205 0.015156
14 11 0.045241 0.041205 0.015156
14 12 0.044329 0.041205 0.015156
14 13 0.043416 0.041205 0.015156
14 14 0.040939 0.041205 0.015156
14 15 0.033638 0.041205 0.015156
14 16 0.029596 0.041205 0.015156
14 17 0.025033 0.041205 0.015156
14 18 0.022425 0.041205 0.015156
14 19 0.020209 0.041205 0.015156
14 20 0.019296 0.041205 0.015156
15 0 0.059583 0.041205 0.015156
15 1 0.063755 0.041205 0.015156
15 2 0.067797 0.041205 0.015156
15 3 0.064928 0.041205 0.015156
15 4 0.061930 0.041205 0.015156
15 5 0.058409 0.041205 0.015156
15 6 0.057497 0.041205 0.015156
15 7 0.052673 0.041205 0.015156
15 8 0.046154 0.041205 0.015156
15 9 0.043025 0.041205 0.015156
15 10 0.042243 0.041205 0.015156
15 11 0.041330 0.041205 0.015156
15 12 0.040548 0.041205 0.015156
15 13 0.039505 0.041205 0.015156
15 14 0.035332 0.041205 0.015156
15 15 0.029074 0.041205 0.015156
15 16 0.026728 0.041205 0.015156
15 17 0.022295 0.041205 0.015156
15 18 0.019426 0.041205 0.015156
15 19 0.017601 0.041205 0.015156
15 20 0.019426 0.041205 0.015156
16 0 0.064668 0.041205 0.015156
16 1 0.069231 0.041205 0.015156
16 2 0.072229 0.041205 0.015156
16 3 0.069492 0.041205 0.015156
16 4 0.063885 0.041205 0.015156
16 5 0.059322 0.041205 0.015156
16 6 0.055802 0.041205 0.015156
16 7 0.049022 0.041205 0.015156
16 8 0.042894 0.041205 0.015156
16 9 0.040808 0.041205 0.015156
16 10 0.037810 0.041205 0.015156
16 11 0.036767 0.041205 0.015156
16 12 0.038070 0.041205 0.015156
16 13 0.034681 0.041205 0.015156
16 14 0.031682 0.041205 0.015156
16 15 0.025684 0.041205 0.015156
16 16 0.021121 0.041205 0.015156
16 17 0.017862 0.041205 0.015156
16 18 0.017471 0.041205 0.015156
16 19 0.015254 0.041205 0.015156
16 20 0.017992 0.041205 0.015156
17 0 0.068188 0.041205 0.015156
17 1 0.072360 0.041205 0.015156
17 2 0.073272 0.041205 0.015156
17 3 0.071056 0.041205 0.015156
17 4 0.065580 0.041205 0.015156
17 5 0.058931 0.041205 0.015156
17 6 0.052282 0.041205 0.015156
17 7 0.047718 0.041205 0.015156
17 8 0.043677 0.041205 0.015156
17 9 0.036767 0.041205 0.015156
17 10 0.033898 0.041205 0.015156
17 11 0.032986 0.041205 0.015156
17 12 0.032203 0.041205 0.015156
17 13 0.028553 0.041205 0.015156
17 14 0.025033 0.041205 0.015156
17 15 0.021382 0.041205 0.015156
17 16 0.018253 0.041205 0.015156
17 17 0.015515 0.041205 0.015156
17 18 0.014081 0.041205 0.015156
17 19 0.014472 0.041205 0.015156
17 20 0.017471 0.041205 0.015156
18 0 0.068057 0.041205 0.015156
18 1 0.071708 0.041205 0.015156
18 2 0.073533 0.041205 0.015156
18 3 0.071578 0.041205 0.015156
18 4 0.066623 0.041205 0.015156
18 5 0.057236 0.041205 0.015156
18 6 0.051239 0.041205 0.015156
18 7 0.044589 0.041205 0.015156
18 8 0.040026 0.041205 0.015156
18 9 0.034811 0.041205 0.015156
18 10 0.031943 0.041205 0.015156
18 11 0.029596 0.041205 0.015156
18 12 0.027119 0.041205 0.015156
18 13 0.026206 0.041205 0.015156
18 14 0.020730 0.041205 0.015156
18 15 0.018644 0.041205 0.015156
18 16 0.015906 0.041205 0.015156
18 17 0.015385 0.041205 0.015156
18 18 0.013038 0.041205 0.015156
18 19 0.011995 0.041205 0.015156
18 20 0.015906 0.041205 0.015156
19 0 0.065580 0.041205 0.015156
19 1 0.069883 0.041205 0.015156
19 2 0.069361 0.041205 0.015156
19 3 0.069361 0.041205 0.015156
19 4 0.063233 0.041205 0.015156
19 5 0.054759 0.041205 0.015156
19 6 0.049544 0.041205 0.015156
19 7 0.040939 0.041205 0.015156
19 8 0.035072 0.041205 0.015156
19 9 0.031682 0.041205 0.015156
19 10 0.028422 0.041205 0.015156
19 11 0.027901 0.041205 0.015156
19 12 0.023859 0.041205 0.015156
19 13 0.022555 0.041205 0.015156
19 14 0.019557 0.041205 0.015156
19 15 0.016167 0.041205 0.015156
19 16 0.013038 0.041205 0.015156
19 17 0.013820 0.041205 0.015156
19 18 0.013559 0.041205 0.015156
19 19 0.013950 0.041205 0.015156
19 20 0.015124 0.041205 0.015156
20 0 0.060104 0.041205 0.015156
20 1 0.064016 0.041205 0.015156
20 2 0.067666 0.041205 0.015156
20 3 0.064407 0.041205 0.015156
20 4 0.056193 0.041205 0.015156
20 5 0.049544 0.041205 0.015156
20 6 0.045372 0.041205 0.015156
20 7 0.038722 0.041205 0.015156
20 8 0.032464 0.041205 0.015156
20 9 0.028553 0.041205 0.015156
20 10 0.025554 0.041205 0.015156
20 11 0.024772 0.041205 0.015156
20 12 0.022555 0.041205 0.015156
20 13 0.021252 0.041205 0.015156
20 14 0.018774 0.041205 0.015156
20 15 0.016558 0.041205 0.015156
20 16 0.015254 0.041205 0.015156
20 17 0.014602 0.041205 0.015156
20 18 0.015124 0.041205 0.015156
20 19 0.014211 0.041205 0.015156
20 20 0.014733 0.041205 0.015156
