# contact distance = 16.0 Angstroms
# F = 0.4 kJ/mol

# i j contact_probability mean_contact_probability stddev_contact_probability
0 0 0.029681 0.052260 0.018003
0 1 0.029564 0.052260 0.018003
0 2 0.030267 0.052260 0.018003
0 3 0.030971 0.052260 0.018003
0 4 0.032027 0.052260 0.018003
0 5 0.032614 0.052260 0.018003
0 6 0.033318 0.052260 0.018003
0 7 0.034491 0.052260 0.018003
0 8 0.036954 0.052260 0.018003
0 9 0.038245 0.052260 0.018003
0 10 0.040591 0.052260 0.018003
0 11 0.043876 0.052260 0.018003
0 12 0.048217 0.052260 0.018003
0 13 0.052440 0.052260 0.018003
0 14 0.059479 0.052260 0.018003
0 15 0.064289 0.052260 0.018003
0 16 0.075082 0.052260 0.018003
0 17 0.084819 0.052260 0.018003
0 18 0.089043 0.052260 0.018003
0 19 0.087635 0.052260 0.018003
0 20 0.084467 0.052260 0.018003
1 0 0.029446 0.052260 0.018003
1 1 0.026983 0.052260 0.018003
1 2 0.027452 0.052260 0.018003
1 3 0.028508 0.052260 0.018003
1 4 0.030267 0.052260 0.018003
1 5 0.031675 0.052260 0.018003
1 6 0.034256 0.052260 0.018003
1 7 0.034608 0.052260 0.018003
1 8 0.036133 0.052260 0.018003
1 9 0.038714 0.052260 0.018003
1 10 0.040709 0.052260 0.018003
1 11 0.044463 0.052260 0.018003
1 12 0.050211 0.052260 0.018003
1 13 0.057015 0.052260 0.018003
1 14 0.065345 0.052260 0.018003
1 15 0.072970 0.052260 0.018003
1 16 0.083294 0.052260 0.018003
1 17 0.089629 0.052260 0.018003
1 18 0.094908 0.052260 0.018003
1 19 0.094908 0.052260 0.018003
1 20 0.090920 0.052260 0.018003
2 0 0.030150 0.052260 0.018003
2 1 0.028156 0.052260 0.018003
2 2 0.028038 0.052260 0.018003
2 3 0.028860 0.052260 0.018003
2 4 0.030267 0.052260 0.018003
2 5 0.031793 0.052260 0.018003
2 6 0.034022 0.052260 0.018003
2 7 0.037072 0.052260 0.018003
2 8 0.037893 0.052260 0.018003
2 9 0.039183 0.052260 0.018003
2 10 0.042468 0.052260 0.018003
2 11 0.045519 0.052260 0.018003
2 12 0.053027 0.052260 0.018003
2 13 0.060066 0.052260 0.018003
2 14 0.068512 0.052260 0.018003
2 15 0.077428 0.052260 0.018003
2 16 0.086931 0.052260 0.018003
2 17 0.092914 0.052260 0.018003
2 18 0.098193 0.052260 0.018003
2 19 0.097020 0.052260 0.018003
2 20 0.094791 0.052260 0.018003
3 0 0.031089 0.052260 0.018003
3 1 0.027569 0.052260 0.018003
3 2 0.026396 0.052260 0.018003
3 3 0.028977 0.052260 0.018003
3 4 0.030267 0.052260 0.018003
3 5 0.031089 0.052260 0.018003
3 6 0.033435 0.052260 0.018003
3 7 0.037072 0.052260 0.018003
3 8 0.039301 0.052260 0.018003
3 9 0.042234 0.052260 0.018003
3 10 0.044932 0.052260 0.018003
3 11 0.049273 0.052260 0.018003
3 12 0.054904 0.052260 0.018003
3 13 0.062764 0.052260 0.018003
3 14 0.069568 0.052260 0.018003
3 15 0.075434 0.052260 0.018003
3 16 0.085641 0.052260 0.018003
3 17 0.092914 0.052260 0.018003
3 18 0.097372 0.052260 0.018003
3 19 0.096551 0.052260 0.018003
3 20 0.091506 0.052260 0.018003
4 0 0.030150 0.052260 0.018003
4 1 0.029329 0.052260 0.018003
4 2 0.030150 0.052260 0.018003
4 3 0.028977 0.052260 0.018003
4 4 0.031441 0.052260 0.018003
4 5 0.031675 0.052260 0.018003
4 6 0.036720 0.052260 0.018003
4 7 0.041061 0.052260 0.018003
4 8 0.041178 0.052260 0.018003
4 9 0.044463 0.052260 0.018003
4 10 0.048334 0.052260 0.018003
4 11 0.051267 0.052260 0.018003
4 12 0.057954 0.052260 0.018003
4 13 0.063233 0.052260 0.018003
4 14 0.067574 0.052260 0.018003
4 15 0.075199 0.052260 0.018003
4 16 0.082708 0.052260 0.018003
4 17 0.088925 0.052260 0.018003
4 18 0.093266 0.052260 0.018003
4 19 0.092210 0.052260 0.018003
4 20 0.085758 0.052260 0.018003
5 0 0.031558 0.052260 0.018003
5 1 0.028977 0.052260 0.018003
5 2 0.029094 0.052260 0.018003
5 3 0.030267 0.052260 0.018003
5 4 0.034608 0.052260 0.018003
5 5 0.035781 0.052260 0.018003
5 6 0.041530 0.052260 0.018003
5 7 0.043172 0.052260 0.018003
5 8 0.045049 0.052260 0.018003
5 9 0.047630 0.052260 0.018003
5 10 0.050798 0.052260 0.018003
5 11 0.054552 0.052260 0.018003
5 12 0.060887 0.052260 0.018003
5 13 0.063351 0.052260 0.018003
5 14 0.067457 0.052260 0.018003
5 15 0.072149 0.052260 0.018003
5 16 0.076255 0.052260 0.018003
5 17 0.081652 0.052260 0.018003
5 18 0.084115 0.052260 0.018003
5 19 0.083412 0.052260 0.018003
5 20 0.075903 0.052260 0.018003
6 0 0.032262 0.052260 0.018003
6 1 0.029681 0.052260 0.018003
6 2 0.029564 0.052260 0.018003
6 3 0.033200 0.052260 0.018003
6 4 0.036133 0.052260 0.018003
6 5 0.040122 0.052260 0.018003
6 6 0.043172 0.052260 0.018003
6 7 0.044463 0.052260 0.018003
6 8 0.045753 0.052260 0.018003
6 9 0.050446 0.052260 0.018003
6 10 0.054552 0.052260 0.018003
6 11 0.057602 0.052260 0.018003
6 12 0.059596 0.052260 0.018003
6 13 0.062881 0.052260 0.018003
6 14 0.066518 0.052260 0.018003
6 15 0.065931 0.052260 0.018003
6 16 0.069451 0.052260 0.018003
6 17 0.072853 0.052260 0.018003
6 18 0.074261 0.052260 0.018003
6 19 0.070389 0.052260 0.018003
6 20 0.063585 0.052260 0.018003
7 0 0.032496 0.052260 0.018003
7 1 0.033787 0.052260 0.018003
7 2 0.033670 0.052260 0.018003
7 3 0.035429 0.052260 0.018003
7 4 0.038362 0.052260 0.018003
7 5 0.044228 0.052260 0.018003
7 6 0.045636 0.052260 0.018003
7 7 0.047982 0.052260 0.018003
7 8 0.050211 0.052260 0.018003
7 9 0.053496 0.052260 0.018003
7 10 0.056781 0.052260 0.018003
7 11 0.058189 0.052260 0.018003
7 12 0.062529 0.052260 0.018003
7 13 0.061356 0.052260 0.018003
7 14 0.061825 0.052260 0.018003
7 15 0.062529 0.052260 0.018003
7 16 0.063937 0.052260 0.018003
7 17 0.065110 0.052260 0.018003
7 18 0.066049 0.052260 0.018003
7 19 0.062060 0.052260 0.018003
7 20 0.054435 0.052260 0.018003
8 0 0.034022 0.052260 0.018003
8 1 0.034608 0.052260 0.018003
8 2 0.036016 0.052260 0.018003
8 3 0.038128 0.052260 0.018003
8 4 0.039183 0.052260 0.018003
8 5 0.045988 0.052260 0.018003
8 6 0.049273 0.052260 0.018003
8 7 0.050094 0.052260 0.018003
8 8 0.051502 0.052260 0.018003
8 9 0.055373 0.052260 0.018003
8 10 0.057954 0.052260 0.018003
8 11 0.059479 0.052260 0.018003
8 12 0.062295 0.052260 0.018003
8 13 0.061591 0.052260 0.018003
8 14 0.059479 0.052260 0.018003
8 15 0.059244 0.052260 0.018003
8 16 0.059596 0.052260 0.018003
8 17 0.058189 0.052260 0.018003
8 18 0.057719 0.052260 0.018003
8 19 0.055725 0.052260 0.018003
8 20 0.047982 0.052260 0.018003
9 0 0.034725 0.052260 0.018003
9 1 0.036837 0.052260 0.018003
9 2 0.037306 0.052260 0.018003
9 3 0.038714 0.052260 0.018003
9 4 0.041647 0.052260 0.018003
9 5 0.047630 0.052260 0.018003
9 6 0.050328 0.052260 0.018003
9 7 0.049742 0.052260 0.018003
9 8 0.052206 0.052260 0.018003
9 9 0.057602 0.052260 0.018003
9 10 0.060535 0.052260 0.018003
9 11 0.059479 0.052260 0.018003
9 12 0.058541 0.052260 0.018003
9 13 0.057602 0.052260 0.018003
9 14 0.056546 0.052260 0.018003
9 15 0.053848 0.052260 0.018003
9 16 0.054435 0.052260 0.018003
9 17 0.050915 0.052260 0.018003
9 18 0.049977 0.052260 0.018003
9 19 0.047044 0.052260 0.018003
9 20 0.043759 0.052260 0.018003
10 0 0.035899 0.052260 0.018003
10 1 0.037893 0.052260 0.018003
10 2 0.040357 0.052260 0.018003
10 3 0.042820 0.052260 0.018003
10 4 0.045049 0.052260 0.018003
10 5 0.048921 0.052260 0.018003
10 6 0.052088 0.052260 0.018003
10 7 0.052440 0.052260 0.018003
10 8 0.054904 0.052260 0.018003
10 9 0.058423 0.052260 0.018003
10 10 0.059244 0.052260 0.018003
10 11 0.059596 0.052260 0.018003
10 12 0.057837 0.052260 0.018003
10 13 0.054435 0.052260 0.018003
10 14 0.053379 0.052260 0.018003
10 15 0.051736 0.052260 0.018003
10 16 0.050328 0.052260 0.018003
10 17 0.047748 0.052260 0.018003
10 18 0.045870 0.052260 0.018003
10 19 0.043641 0.052260 0.018003
10 20 0.040943 0.052260 0.018003
11 0 0.039301 0.052260 0.018003
11 1 0.040591 0.052260 0.018003
11 2 0.042938 0.052260 0.018003
11 3 0.047278 0.052260 0.018003
11 4 0.048803 0.052260 0.018003
11 5 0.050915 0.052260 0.018003
11 6 0.052088 0.052260 0.018003
11 7 0.053261 0.052260 0.018003
11 8 0.054317 0.052260 0.018003
11 9 0.057250 0.052260 0.018003
11 10 0.057015 0.052260 0.018003
11 11 0.056664 0.052260 0.018003
11 12 0.056429 0.052260 0.018003
11 13 0.054083 0.052260 0.018003
11 14 0.050563 0.052260 0.018003
11 15 0.048921 0.052260 0.018003
11 16 0.045049 0.052260 0.018003
11 17 0.043290 0.052260 0.018003
11 18 0.043993 0.052260 0.018003
11 19 0.040591 0.052260 0.018003
11 20 0.037776 0.052260 0.018003
12 0 0.042938 0.052260 0.018003
12 1 0.045519 0.052260 0.018003
12 2 0.048569 0.052260 0.018003
12 3 0.051267 0.052260 0.018003
12 4 0.052792 0.052260 0.018003
12 5 0.054786 0.052260 0.018003
12 6 0.055842 0.052260 0.018003
12 7 0.056781 0.052260 0.018003
12 8 0.056781 0.052260 0.018003
12 9 0.057015 0.052260 0.018003
12 10 0.057250 0.052260 0.018003
12 11 0.055256 0.052260 0.018003
12 12 0.054669 0.052260 0.018003
12 13 0.049742 0.052260 0.018003
12 14 0.046926 0.052260 0.018003
12 15 0.044932 0.052260 0.018003
12 16 0.041764 0.052260 0.018003
12 17 0.040005 0.052260 0.018003
12 18 0.039535 0.052260 0.018003
12 19 0.038949 0.052260 0.018003
12 20 0.037306 0.052260 0.018003
13 0 0.047513 0.052260 0.018003
13 1 0.049273 0.052260 0.018003
13 2 0.053613 0.052260 0.018003
13 3 0.059596 0.052260 0.018003
13 4 0.059127 0.052260 0.018003
13 5 0.058423 0.052260 0.018003
13 6 0.059479 0.052260 0.018003
13 7 0.055960 0.052260 0.018003
13 8 0.058306 0.052260 0.018003
13 9 0.056898 0.052260 0.018003
13 10 0.055842 0.052260 0.018003
13 11 0.055138 0.052260 0.018003
13 12 0.050798 0.052260 0.018003
13 13 0.048099 0.052260 0.018003
13 14 0.043993 0.052260 0.018003
13 15 0.042586 0.052260 0.018003
13 16 0.040826 0.052260 0.018003
13 17 0.038714 0.052260 0.018003
13 18 0.037072 0.052260 0.018003
13 19 0.036603 0.052260 0.018003
13 20 0.034256 0.052260 0.018003
14 0 0.054317 0.052260 0.018003
14 1 0.059948 0.052260 0.018003
14 2 0.064289 0.052260 0.018003
14 3 0.067339 0.052260 0.018003
14 4 0.065931 0.052260 0.018003
14 5 0.062881 0.052260 0.018003
14 6 0.062764 0.052260 0.018003
14 7 0.057837 0.052260 0.018003
14 8 0.058306 0.052260 0.018003
14 9 0.055256 0.052260 0.018003
14 10 0.050915 0.052260 0.018003
14 11 0.050798 0.052260 0.018003
14 12 0.049977 0.052260 0.018003
14 13 0.045636 0.052260 0.018003
14 14 0.043172 0.052260 0.018003
14 15 0.039066 0.052260 0.018003
14 16 0.038010 0.052260 0.018003
14 17 0.035781 0.052260 0.018003
14 18 0.036837 0.052260 0.018003
14 19 0.034491 0.052260 0.018003
14 20 0.032731 0.052260 0.018003
15 0 0.060770 0.052260 0.018003
15 1 0.070389 0.052260 0.018003
15 2 0.073440 0.052260 0.018003
15 3 0.074730 0.052260 0.018003
15 4 0.071328 0.052260 0.018003
15 5 0.068747 0.052260 0.018003
15 6 0.064172 0.052260 0.018003
15 7 0.061825 0.052260 0.018003
15 8 0.057954 0.052260 0.018003
15 9 0.053261 0.052260 0.018003
15 10 0.048099 0.052260 0.018003
15 11 0.047513 0.052260 0.018003
15 12 0.046222 0.052260 0.018003
15 13 0.044111 0.052260 0.018003
15 14 0.039535 0.052260 0.018003
15 15 0.035781 0.052260 0.018003
15 16 0.034139 0.052260 0.018003
15 17 0.033083 0.052260 0.018003
15 18 0.034725 0.052260 0.018003
15 19 0.034256 0.052260 0.018003
15 20 0.031441 0.052260 0.018003
16 0 0.070389 0.052260 0.018003
16 1 0.079423 0.052260 0.018003
16 2 0.084702 0.052260 0.018003
16 3 0.085289 0.052260 0.018003
16 4 0.080713 0.052260 0.018003
16 5 0.075551 0.052260 0.018003
16 6 0.068512 0.052260 0.018003
16 7 0.064524 0.052260 0.018003
16 8 0.059010 0.052260 0.018003
16 9 0.052557 0.052260 0.018003
16 10 0.048921 0.052260 0.018003
16 11 0.044815 0.052260 0.018003
16 12 0.042938 0.052260 0.018003
16 13 0.041999 0.052260 0.018003
16 14 0.037776 0.052260 0.018003
16 15 0.035664 0.052260 0.018003
16 16 0.035429 0.052260 0.018003
16 17 0.034960 0.052260 0.018003
16 18 0.034843 0.052260 0.018003
16 19 0.034256 0.052260 0.018003
16 20 0.032966 0.052260 0.018003
17 0 0.080948 0.052260 0.018003
17 1 0.088456 0.052260 0.018003
17 2 0.090802 0.052260 0.018003
17 3 0.091858 0.052260 0.018003
17 4 0.084350 0.052260 0.018003
17 5 0.080596 0.052260 0.018003
17 6 0.072736 0.052260 0.018003
17 7 0.064758 0.052260 0.018003
17 8 0.059244 0.052260 0.018003
17 9 0.051150 0.052260 0.018003
17 10 0.047396 0.052260 0.018003
17 11 0.043524 0.052260 0.018003
17 12 0.041882 0.052260 0.018003
17 13 0.038714 0.052260 0.018003
17 14 0.034491 0.052260 0.018003
17 15 0.035664 0.052260 0.018003
17 16 0.035899 0.052260 0.018003
17 17 0.035195 0.052260 0.018003
17 18 0.036485 0.052260 0.018003
17 19 0.034374 0.052260 0.018003
17 20 0.033083 0.052260 0.018003
18 0 0.084350 0.052260 0.018003
18 1 0.091976 0.052260 0.018003
18 2 0.092093 0.052260 0.018003
18 3 0.093149 0.052260 0.018003
18 4 0.089160 0.052260 0.018003
18 5 0.083998 0.052260 0.018003
18 6 0.076725 0.052260 0.018003
18 7 0.065697 0.052260 0.018003
18 8 0.058306 0.052260 0.018003
18 9 0.049155 0.052260 0.018003
18 10 0.045753 0.052260 0.018003
18 11 0.040005 0.052260 0.018003
18 12 0.037776 0.052260 0.018003
18 13 0.035547 0.052260 0.018003
18 14 0.032145 0.052260 0.018003
18 15 0.034491 0.052260 0.018003
18 16 0.036251 0.052260 0.018003
18 17 0.034256 0.052260 0.018003
18 18 0.035899 0.052260 0.018003
18 19 0.033435 0.052260 0.018003
18 20 0.035429 0.052260 0.018003
19 0 0.084585 0.052260 0.018003
19 1 0.089864 0.052260 0.018003
19 2 0.091976 0.052260 0.018003
19 3 0.093735 0.052260 0.018003
19 4 0.088104 0.052260 0.018003
19 5 0.080596 0.052260 0.018003
19 6 0.070624 0.052260 0.018003
19 7 0.062529 0.052260 0.018003
19 8 0.051736 0.052260 0.018003
19 9 0.046457 0.052260 0.018003
19 10 0.040591 0.052260 0.018003
19 11 0.039066 0.052260 0.018003
19 12 0.035664 0.052260 0.018003
19 13 0.034608 0.052260 0.018003
19 14 0.032262 0.052260 0.018003
19 15 0.032027 0.052260 0.018003
19 16 0.034256 0.052260 0.018003
19 17 0.035781 0.052260 0.018003
19 18 0.032496 0.052260 0.018003
19 19 0.031910 0.052260 0.018003
19 20 0.033552 0.052260 0.018003
20 0 0.080127 0.052260 0.018003
20 1 0.086814 0.052260 0.018003
20 2 0.088221 0.052260 0.018003
20 3 0.088691 0.052260 0.018003
20 4 0.081534 0.052260 0.018003
20 5 0.074847 0.052260 0.018003
20 6 0.065462 0.052260 0.018003
20 7 0.055256 0.052260 0.018003
20 8 0.046692 0.052260 0.018003
20 9 0.039653 0.052260 0.018003
20 10 0.038010 0.052260 0.018003
20 11 0.037072 0.052260 0.018003
20 12 0.035547 0.052260 0.018003
20 13 0.032848 0.052260 0.018003
20 14 0.030267 0.052260 0.018003
20 15 0.029798 0.052260 0.018003
20 16 0.031910 0.052260 0.018003
20 17 0.029681 0.052260 0.018003
20 18 0.032496 0.052260 0.018003
20 19 0.031206 0.052260 0.018003
20 20 0.032145 0.052260 0.018003
