# contact distance = 16.0 Angstroms
# F = 0.4 kJ/mol

# i j contact_probability mean_contact_probability stddev_contact_probability
0 0 0.028396 0.055564 0.013011
0 1 0.028396 0.055564 0.013011
0 2 0.028396 0.055564 0.013011
0 3 0.031535 0.055564 0.013011
0 4 0.034104 0.055564 0.013011
0 5 0.038527 0.055564 0.013011
0 6 0.043522 0.055564 0.013011
0 7 0.044378 0.055564 0.013011
0 8 0.043807 0.055564 0.013011
0 9 0.045234 0.055564 0.013011
0 10 0.046233 0.055564 0.013011
0 11 0.050086 0.055564 0.013011
0 12 0.054509 0.055564 0.013011
0 13 0.057934 0.055564 0.013011
0 14 0.062072 0.055564 0.013011
0 15 0.066353 0.055564 0.013011
0 16 0.067066 0.055564 0.013011
0 17 0.065639 0.055564 0.013011
0 18 0.063927 0.055564 0.013011
0 19 0.060502 0.055564 0.013011
0 20 0.054937 0.055564 0.013011
1 0 0.027540 0.055564 0.013011
1 1 0.028253 0.055564 0.013011
1 2 0.029110 0.055564 0.013011
1 3 0.031963 0.055564 0.013011
1 4 0.036958 0.055564 0.013011
1 5 0.042095 0.055564 0.013011
1 6 0.045947 0.055564 0.013011
1 7 0.046233 0.055564 0.013011
1 8 0.045805 0.055564 0.013011
1 9 0.049087 0.055564 0.013011
1 10 0.049372 0.055564 0.013011
1 11 0.054081 0.055564 0.013011
1 12 0.057934 0.055564 0.013011
1 13 0.059218 0.055564 0.013011
1 14 0.064498 0.055564 0.013011
1 15 0.067780 0.055564 0.013011
1 16 0.069349 0.055564 0.013011
1 17 0.067922 0.055564 0.013011
1 18 0.067066 0.055564 0.013011
1 19 0.064212 0.055564 0.013011
1 20 0.058076 0.055564 0.013011
2 0 0.029966 0.055564 0.013011
2 1 0.027968 0.055564 0.013011
2 2 0.028967 0.055564 0.013011
2 3 0.034675 0.055564 0.013011
2 4 0.040240 0.055564 0.013011
2 5 0.044949 0.055564 0.013011
2 6 0.046661 0.055564 0.013011
2 7 0.047517 0.055564 0.013011
2 8 0.049658 0.055564 0.013011
2 9 0.052083 0.055564 0.013011
2 10 0.054652 0.055564 0.013011
2 11 0.058647 0.055564 0.013011
2 12 0.061216 0.055564 0.013011
2 13 0.062215 0.055564 0.013011
2 14 0.066781 0.055564 0.013011
2 15 0.071918 0.055564 0.013011
2 16 0.071204 0.055564 0.013011
2 17 0.070919 0.055564 0.013011
2 18 0.068065 0.055564 0.013011
2 19 0.065497 0.055564 0.013011
2 20 0.058647 0.055564 0.013011
3 0 0.032820 0.055564 0.013011
3 1 0.030537 0.055564 0.013011
3 2 0.032392 0.055564 0.013011
3 3 0.036244 0.055564 0.013011
3 4 0.041096 0.055564 0.013011
3 5 0.046233 0.055564 0.013011
3 6 0.050228 0.055564 0.013011
3 7 0.052654 0.055564 0.013011
3 8 0.052654 0.055564 0.013011
3 9 0.057506 0.055564 0.013011
3 10 0.061073 0.055564 0.013011
3 11 0.062643 0.055564 0.013011
3 12 0.065211 0.055564 0.013011
3 13 0.066210 0.055564 0.013011
3 14 0.069492 0.055564 0.013011
3 15 0.072203 0.055564 0.013011
3 16 0.075057 0.055564 0.013011
3 17 0.073059 0.055564 0.013011
3 18 0.070063 0.055564 0.013011
3 19 0.067352 0.055564 0.013011
3 20 0.060217 0.055564 0.013011
4 0 0.033818 0.055564 0.013011
4 1 0.035674 0.055564 0.013011
4 2 0.036102 0.055564 0.013011
4 3 0.041524 0.055564 0.013011
4 4 0.044663 0.055564 0.013011
4 5 0.051513 0.055564 0.013011
4 6 0.054366 0.055564 0.013011
4 7 0.057648 0.055564 0.013011
4 8 0.060788 0.055564 0.013011
4 9 0.063356 0.055564 0.013011
4 10 0.064640 0.055564 0.013011
4 11 0.066353 0.055564 0.013011
4 12 0.066210 0.055564 0.013011
4 13 0.067352 0.055564 0.013011
4 14 0.069349 0.055564 0.013011
4 15 0.072489 0.055564 0.013011
4 16 0.073059 0.055564 0.013011
4 17 0.075057 0.055564 0.013011
4 18 0.069920 0.055564 0.013011
4 19 0.064355 0.055564 0.013011
4 20 0.058790 0.055564 0.013011
5 0 0.036958 0.055564 0.013011
5 1 0.036958 0.055564 0.013011
5 2 0.039384 0.055564 0.013011
5 3 0.045662 0.055564 0.013011
5 4 0.049515 0.055564 0.013011
5 5 0.053653 0.055564 0.013011
5 6 0.059646 0.055564 0.013011
5 7 0.063499 0.055564 0.013011
5 8 0.064926 0.055564 0.013011
5 9 0.067209 0.055564 0.013011
5 10 0.066781 0.055564 0.013011
5 11 0.068350 0.055564 0.013011
5 12 0.070348 0.055564 0.013011
5 13 0.068921 0.055564 0.013011
5 14 0.070776 0.055564 0.013011
5 15 0.072631 0.055564 0.013011
5 16 0.074344 0.055564 0.013011
5 17 0.075200 0.055564 0.013011
5 18 0.069207 0.055564 0.013011
5 19 0.065639 0.055564 0.013011
5 20 0.057934 0.055564 0.013011
6 0 0.038955 0.055564 0.013011
6 1 0.039098 0.055564 0.013011
6 2 0.043950 0.055564 0.013011
6 3 0.046804 0.055564 0.013011
6 4 0.052083 0.055564 0.013011
6 5 0.060930 0.055564 0.013011
6 6 0.063213 0.055564 0.013011
6 7 0.066495 0.055564 0.013011
6 8 0.067066 0.055564 0.013011
6 9 0.068779 0.055564 0.013011
6 10 0.071490 0.055564 0.013011
6 11 0.071490 0.055564 0.013011
6 12 0.072917 0.055564 0.013011
6 13 0.071204 0.055564 0.013011
6 14 0.070634 0.055564 0.013011
6 15 0.069635 0.055564 0.013011
6 16 0.071775 0.055564 0.013011
6 17 0.069349 0.055564 0.013011
6 18 0.065497 0.055564 0.013011
6 19 0.060788 0.055564 0.013011
6 20 0.056364 0.055564 0.013011
7 0 0.041524 0.055564 0.013011
7 1 0.043522 0.055564 0.013011
7 2 0.045947 0.055564 0.013011
7 3 0.047945 0.055564 0.013011
7 4 0.053938 0.055564 0.013011
7 5 0.059932 0.055564 0.013011
7 6 0.064355 0.055564 0.013011
7 7 0.068208 0.055564 0.013011
7 8 0.068065 0.055564 0.013011
7 9 0.071062 0.055564 0.013011
7 10 0.068350 0.055564 0.013011
7 11 0.070634 0.055564 0.013011
7 12 0.071775 0.055564 0.013011
7 13 0.068779 0.055564 0.013011
7 14 0.066495 0.055564 0.013011
7 15 0.065497 0.055564 0.013011
7 16 0.067352 0.055564 0.013011
7 17 0.064926 0.055564 0.013011
7 18 0.061501 0.055564 0.013011
7 19 0.059361 0.055564 0.013011
7 20 0.053225 0.055564 0.013011
8 0 0.043094 0.055564 0.013011
8 1 0.045234 0.055564 0.013011
8 2 0.047803 0.055564 0.013011
8 3 0.050514 0.055564 0.013011
8 4 0.056792 0.055564 0.013011
8 5 0.061358 0.055564 0.013011
8 6 0.062928 0.055564 0.013011
8 7 0.066495 0.055564 0.013011
8 8 0.063356 0.055564 0.013011
8 9 0.066353 0.055564 0.013011
8 10 0.065211 0.055564 0.013011
8 11 0.066353 0.055564 0.013011
8 12 0.063499 0.055564 0.013011
8 13 0.062357 0.055564 0.013011
8 14 0.060360 0.055564 0.013011
8 15 0.059503 0.055564 0.013011
8 16 0.057934 0.055564 0.013011
8 17 0.055936 0.055564 0.013011
8 18 0.055365 0.055564 0.013011
8 19 0.054081 0.055564 0.013011
8 20 0.051798 0.055564 0.013011
9 0 0.043807 0.055564 0.013011
9 1 0.045519 0.055564 0.013011
9 2 0.049372 0.055564 0.013011
9 3 0.051655 0.055564 0.013011
9 4 0.057506 0.055564 0.013011
9 5 0.064355 0.055564 0.013011
9 6 0.065068 0.055564 0.013011
9 7 0.067637 0.055564 0.013011
9 8 0.067780 0.055564 0.013011
9 9 0.069920 0.055564 0.013011
9 10 0.064212 0.055564 0.013011
9 11 0.065211 0.055564 0.013011
9 12 0.063784 0.055564 0.013011
9 13 0.063499 0.055564 0.013011
9 14 0.062500 0.055564 0.013011
9 15 0.060217 0.055564 0.013011
9 16 0.057363 0.055564 0.013011
9 17 0.056079 0.055564 0.013011
9 18 0.055080 0.055564 0.013011
9 19 0.054224 0.055564 0.013011
9 20 0.049658 0.055564 0.013011
10 0 0.044235 0.055564 0.013011
10 1 0.044949 0.055564 0.013011
10 2 0.050228 0.055564 0.013011
10 3 0.055080 0.055564 0.013011
10 4 0.059218 0.055564 0.013011
10 5 0.066781 0.055564 0.013011
10 6 0.067780 0.055564 0.013011
10 7 0.068779 0.055564 0.013011
10 8 0.066353 0.055564 0.013011
10 9 0.067352 0.055564 0.013011
10 10 0.066781 0.055564 0.013011
10 11 0.063071 0.055564 0.013011
10 12 0.062215 0.055564 0.013011
10 13 0.062928 0.055564 0.013011
10 14 0.059361 0.055564 0.013011
10 15 0.057506 0.055564 0.013011
10 16 0.054509 0.055564 0.013011
10 17 0.052369 0.055564 0.013011
10 18 0.052083 0.055564 0.013011
10 19 0.050371 0.055564 0.013011
10 20 0.048659 0.055564 0.013011
11 0 0.049087 0.055564 0.013011
11 1 0.045947 0.055564 0.013011
11 2 0.050942 0.055564 0.013011
11 3 0.056792 0.055564 0.013011
11 4 0.062357 0.055564 0.013011
11 5 0.068065 0.055564 0.013011
11 6 0.069207 0.055564 0.013011
11 7 0.067352 0.055564 0.013011
11 8 0.067637 0.055564 0.013011
11 9 0.066924 0.055564 0.013011
11 10 0.062500 0.055564 0.013011
11 11 0.062215 0.055564 0.013011
11 12 0.062072 0.055564 0.013011
11 13 0.059075 0.055564 0.013011
11 14 0.056221 0.055564 0.013011
11 15 0.053082 0.055564 0.013011
11 16 0.050086 0.055564 0.013011
11 17 0.047803 0.055564 0.013011
11 18 0.047089 0.055564 0.013011
11 19 0.045947 0.055564 0.013011
11 20 0.045234 0.055564 0.013011
12 0 0.051798 0.055564 0.013011
12 1 0.054509 0.055564 0.013011
12 2 0.058647 0.055564 0.013011
12 3 0.064783 0.055564 0.013011
12 4 0.067780 0.055564 0.013011
12 5 0.069635 0.055564 0.013011
12 6 0.069777 0.055564 0.013011
12 7 0.071632 0.055564 0.013011
12 8 0.067780 0.055564 0.013011
12 9 0.064498 0.055564 0.013011
12 10 0.062500 0.055564 0.013011
12 11 0.062357 0.055564 0.013011
12 12 0.059361 0.055564 0.013011
12 13 0.058076 0.055564 0.013011
12 14 0.053796 0.055564 0.013011
12 15 0.047945 0.055564 0.013011
12 16 0.048088 0.055564 0.013011
12 17 0.047089 0.055564 0.013011
12 18 0.044663 0.055564 0.013011
12 19 0.044663 0.055564 0.013011
12 20 0.041809 0.055564 0.013011
13 0 0.055793 0.055564 0.013011
13 1 0.057506 0.055564 0.013011
13 2 0.064070 0.055564 0.013011
13 3 0.068779 0.055564 0.013011
13 4 0.071775 0.055564 0.013011
13 5 0.073630 0.055564 0.013011
13 6 0.074344 0.055564 0.013011
13 7 0.071347 0.055564 0.013011
13 8 0.063784 0.055564 0.013011
13 9 0.062357 0.055564 0.013011
13 10 0.058362 0.055564 0.013011
13 11 0.059646 0.055564 0.013011
13 12 0.058219 0.055564 0.013011
13 13 0.053653 0.055564 0.013011
13 14 0.049229 0.055564 0.013011
13 15 0.043807 0.055564 0.013011
13 16 0.044235 0.055564 0.013011
13 17 0.042666 0.055564 0.013011
13 18 0.040668 0.055564 0.013011
13 19 0.040668 0.055564 0.013011
13 20 0.039098 0.055564 0.013011
14 0 0.060217 0.055564 0.013011
14 1 0.064498 0.055564 0.013011
14 2 0.069492 0.055564 0.013011
14 3 0.072203 0.055564 0.013011
14 4 0.072631 0.055564 0.013011
14 5 0.073345 0.055564 0.013011
14 6 0.072774 0.055564 0.013011
14 7 0.072774 0.055564 0.013011
14 8 0.064783 0.055564 0.013011
14 9 0.062215 0.055564 0.013011
14 10 0.059932 0.055564 0.013011
14 11 0.057934 0.055564 0.013011
14 12 0.055223 0.055564 0.013011
14 13 0.052511 0.055564 0.013011
14 14 0.048231 0.055564 0.013011
14 15 0.041524 0.055564 0.013011
14 16 0.039954 0.055564 0.013011
14 17 0.038099 0.055564 0.013011
14 18 0.038099 0.055564 0.013011
14 19 0.037529 0.055564 0.013011
14 20 0.035531 0.055564 0.013011
15 0 0.063213 0.055564 0.013011
15 1 0.069492 0.055564 0.013011
15 2 0.073202 0.055564 0.013011
15 3 0.076056 0.055564 0.013011
15 4 0.073916 0.055564 0.013011
15 5 0.074058 0.055564 0.013011
15 6 0.075342 0.055564 0.013011
15 7 0.072917 0.055564 0.013011
15 8 0.063642 0.055564 0.013011
15 9 0.061644 0.055564 0.013011
15 10 0.058219 0.055564 0.013011
15 11 0.054366 0.055564 0.013011
15 12 0.051227 0.055564 0.013011
15 13 0.049800 0.055564 0.013011
15 14 0.043807 0.055564 0.013011
15 15 0.038813 0.055564 0.013011
15 16 0.036102 0.055564 0.013011
15 17 0.032677 0.055564 0.013011
15 18 0.033676 0.055564 0.013011
15 19 0.030537 0.055564 0.013011
15 20 0.032249 0.055564 0.013011
16 0 0.070063 0.055564 0.013011
16 1 0.072774 0.055564 0.013011
16 2 0.074058 0.055564 0.013011
16 3 0.075342 0.055564 0.013011
16 4 0.076199 0.055564 0.013011
16 5 0.077055 0.055564 0.013011
16 6 0.076199 0.055564 0.013011
16 7 0.070348 0.055564 0.013011
16 8 0.064783 0.055564 0.013011
16 9 0.061216 0.055564 0.013011
16 10 0.055793 0.055564 0.013011
16 11 0.052083 0.055564 0.013011
16 12 0.050086 0.055564 0.013011
16 13 0.045662 0.055564 0.013011
16 14 0.042380 0.055564 0.013011
16 15 0.037671 0.055564 0.013011
16 16 0.035103 0.055564 0.013011
16 17 0.031821 0.055564 0.013011
16 18 0.029538 0.055564 0.013011
16 19 0.031821 0.055564 0.013011
16 20 0.030822 0.055564 0.013011
17 0 0.069207 0.055564 0.013011
17 1 0.072203 0.055564 0.013011
17 2 0.071775 0.055564 0.013011
17 3 0.072061 0.055564 0.013011
17 4 0.074344 0.055564 0.013011
17 5 0.073916 0.055564 0.013011
17 6 0.072203 0.055564 0.013011
17 7 0.068921 0.055564 0.013011
17 8 0.064212 0.055564 0.013011
17 9 0.058790 0.055564 0.013011
17 10 0.053796 0.055564 0.013011
17 11 0.052083 0.055564 0.013011
17 12 0.049800 0.055564 0.013011
17 13 0.044235 0.055564 0.013011
17 14 0.041524 0.055564 0.013011
17 15 0.038099 0.055564 0.013011
17 16 0.032534 0.055564 0.013011
17 17 0.030251 0.055564 0.013011
17 18 0.030965 0.055564 0.013011
17 19 0.031393 0.055564 0.013011
17 20 0.032677 0.055564 0.013011
18 0 0.067494 0.055564 0.013011
18 1 0.069207 0.055564 0.013011
18 2 0.070634 0.055564 0.013011
18 3 0.069064 0.055564 0.013011
18 4 0.068208 0.055564 0.013011
18 5 0.070491 0.055564 0.013011
18 6 0.068636 0.055564 0.013011
18 7 0.066067 0.055564 0.013011
18 8 0.061644 0.055564 0.013011
18 9 0.057506 0.055564 0.013011
18 10 0.050942 0.055564 0.013011
18 11 0.052226 0.055564 0.013011
18 12 0.049943 0.055564 0.013011
18 13 0.043950 0.055564 0.013011
18 14 0.042380 0.055564 0.013011
18 15 0.036958 0.055564 0.013011
18 16 0.031821 0.055564 0.013011
18 17 0.034389 0.055564 0.013011
18 18 0.033248 0.055564 0.013011
18 19 0.031678 0.055564 0.013011
18 20 0.033105 0.055564 0.013011
19 0 0.060217 0.055564 0.013011
19 1 0.063927 0.055564 0.013011
19 2 0.065068 0.055564 0.013011
19 3 0.063927 0.055564 0.013011
19 4 0.063927 0.055564 0.013011
19 5 0.065782 0.055564 0.013011
19 6 0.064212 0.055564 0.013011
19 7 0.060502 0.055564 0.013011
19 8 0.056792 0.055564 0.013011
19 9 0.054509 0.055564 0.013011
19 10 0.049943 0.055564 0.013011
19 11 0.049229 0.055564 0.013011
19 12 0.048944 0.055564 0.013011
19 13 0.045947 0.055564 0.013011
19 14 0.040668 0.055564 0.013011
19 15 0.035674 0.055564 0.013011
19 16 0.033105 0.055564 0.013011
19 17 0.033105 0.055564 0.013011
19 18 0.033533 0.055564 0.013011
19 19 0.034675 0.055564 0.013011
19 20 0.033818 0.055564 0.013011
20 0 0.055508 0.055564 0.013011
20 1 0.056507 0.055564 0.013011
20 2 0.058076 0.055564 0.013011
20 3 0.058076 0.055564 0.013011
20 4 0.058505 0.055564 0.013011
20 5 0.058933 0.055564 0.013011
20 6 0.058362 0.055564 0.013011
20 7 0.051798 0.055564 0.013011
20 8 0.048516 0.055564 0.013011
20 9 0.048231 0.055564 0.013011
20 10 0.043664 0.055564 0.013011
20 11 0.042808 0.055564 0.013011
20 12 0.044235 0.055564 0.013011
20 13 0.040240 0.055564 0.013011
20 14 0.038670 0.055564 0.013011
20 15 0.033818 0.055564 0.013011
20 16 0.033533 0.055564 0.013011
20 17 0.032534 0.055564 0.013011
20 18 0.035245 0.055564 0.013011
20 19 0.033105 0.055564 0.013011
20 20 0.033105 0.055564 0.013011
