# contact distance = 16.0 Angstroms
# F = 0.4 kJ/mol

# i j contact_probability mean_contact_probability stddev_contact_probability
0 0 0.033820 0.047050 0.013251
0 1 0.033671 0.047050 0.013251
0 2 0.034863 0.047050 0.013251
0 3 0.033671 0.047050 0.013251
0 4 0.036502 0.047050 0.013251
0 5 0.035161 0.047050 0.013251
0 6 0.036204 0.047050 0.013251
0 7 0.035161 0.047050 0.013251
0 8 0.036949 0.047050 0.013251
0 9 0.036949 0.047050 0.013251
0 10 0.043057 0.047050 0.013251
0 11 0.047378 0.047050 0.013251
0 12 0.050656 0.047050 0.013251
0 13 0.053933 0.047050 0.013251
0 14 0.060042 0.047050 0.013251
0 15 0.062426 0.047050 0.013251
0 16 0.064809 0.047050 0.013251
0 17 0.067342 0.047050 0.013251
0 18 0.067938 0.047050 0.013251
0 19 0.063915 0.047050 0.013251
0 20 0.060042 0.047050 0.013251
1 0 0.034416 0.047050 0.013251
1 1 0.035310 0.047050 0.013251
1 2 0.033969 0.047050 0.013251
1 3 0.033075 0.047050 0.013251
1 4 0.034714 0.047050 0.013251
1 5 0.033820 0.047050 0.013251
1 6 0.033671 0.047050 0.013251
1 7 0.037843 0.047050 0.013251
1 8 0.039928 0.047050 0.013251
1 9 0.040971 0.047050 0.013251
1 10 0.046186 0.047050 0.013251
1 11 0.050954 0.047050 0.013251
1 12 0.054082 0.047050 0.013251
1 13 0.057658 0.047050 0.013251
1 14 0.061830 0.047050 0.013251
1 15 0.065554 0.047050 0.013251
1 16 0.067044 0.047050 0.013251
1 17 0.069875 0.047050 0.013251
1 18 0.070471 0.047050 0.013251
1 19 0.068385 0.047050 0.013251
1 20 0.062128 0.047050 0.013251
2 0 0.034714 0.047050 0.013251
2 1 0.034863 0.047050 0.013251
2 2 0.033522 0.047050 0.013251
2 3 0.034118 0.047050 0.013251
2 4 0.035012 0.047050 0.013251
2 5 0.037098 0.047050 0.013251
2 6 0.036800 0.047050 0.013251
2 7 0.038290 0.047050 0.013251
2 8 0.041567 0.047050 0.013251
2 9 0.045143 0.047050 0.013251
2 10 0.050507 0.047050 0.013251
2 11 0.052741 0.047050 0.013251
2 12 0.058254 0.047050 0.013251
2 13 0.061830 0.047050 0.013251
2 14 0.065256 0.047050 0.013251
2 15 0.067789 0.047050 0.013251
2 16 0.070471 0.047050 0.013251
2 17 0.071365 0.047050 0.013251
2 18 0.068981 0.047050 0.013251
2 19 0.065554 0.047050 0.013251
2 20 0.060787 0.047050 0.013251
3 0 0.032926 0.047050 0.013251
3 1 0.032628 0.047050 0.013251
3 2 0.034267 0.047050 0.013251
3 3 0.033373 0.047050 0.013251
3 4 0.036651 0.047050 0.013251
3 5 0.038439 0.047050 0.013251
3 6 0.039631 0.047050 0.013251
3 7 0.041269 0.047050 0.013251
3 8 0.045888 0.047050 0.013251
3 9 0.048719 0.047050 0.013251
3 10 0.051996 0.047050 0.013251
3 11 0.053933 0.047050 0.013251
3 12 0.060787 0.047050 0.013251
3 13 0.065107 0.047050 0.013251
3 14 0.066597 0.047050 0.013251
3 15 0.065554 0.047050 0.013251
3 16 0.068236 0.047050 0.013251
3 17 0.070173 0.047050 0.013251
3 18 0.066746 0.047050 0.013251
3 19 0.062574 0.047050 0.013251
3 20 0.056615 0.047050 0.013251
4 0 0.035161 0.047050 0.013251
4 1 0.033820 0.047050 0.013251
4 2 0.033820 0.047050 0.013251
4 3 0.034714 0.047050 0.013251
4 4 0.037545 0.047050 0.013251
4 5 0.038439 0.047050 0.013251
4 6 0.039631 0.047050 0.013251
4 7 0.041418 0.047050 0.013251
4 8 0.044547 0.047050 0.013251
4 9 0.048570 0.047050 0.013251
4 10 0.053933 0.047050 0.013251
4 11 0.056615 0.047050 0.013251
4 12 0.061830 0.047050 0.013251
4 13 0.063319 0.047050 0.013251
4 14 0.065405 0.047050 0.013251
4 15 0.064660 0.047050 0.013251
4 16 0.064213 0.047050 0.013251
4 17 0.062128 0.047050 0.013251
4 18 0.061681 0.047050 0.013251
4 19 0.056317 0.047050 0.013251
4 20 0.050060 0.047050 0.013251
5 0 0.034565 0.047050 0.013251
5 1 0.033224 0.047050 0.013251
5 2 0.034416 0.047050 0.013251
5 3 0.036204 0.047050 0.013251
5 4 0.037396 0.047050 0.013251
5 5 0.038737 0.047050 0.013251
5 6 0.039184 0.047050 0.013251
5 7 0.041567 0.047050 0.013251
5 8 0.045143 0.047050 0.013251
5 9 0.050805 0.047050 0.013251
5 10 0.055572 0.047050 0.013251
5 11 0.057658 0.047050 0.013251
5 12 0.059595 0.047050 0.013251
5 13 0.061830 0.047050 0.013251
5 14 0.062574 0.047050 0.013251
5 15 0.063170 0.047050 0.013251
5 16 0.062872 0.047050 0.013251
5 17 0.060191 0.047050 0.013251
5 18 0.057658 0.047050 0.013251
5 19 0.052294 0.047050 0.013251
5 20 0.044696 0.047050 0.013251
6 0 0.036651 0.047050 0.013251
6 1 0.034416 0.047050 0.013251
6 2 0.035608 0.047050 0.013251
6 3 0.038141 0.047050 0.013251
6 4 0.037694 0.047050 0.013251
6 5 0.039631 0.047050 0.013251
6 6 0.039779 0.047050 0.013251
6 7 0.042908 0.047050 0.013251
6 8 0.048272 0.047050 0.013251
6 9 0.052443 0.047050 0.013251
6 10 0.056466 0.047050 0.013251
6 11 0.057211 0.047050 0.013251
6 12 0.060936 0.047050 0.013251
6 13 0.059297 0.047050 0.013251
6 14 0.057658 0.047050 0.013251
6 15 0.056913 0.047050 0.013251
6 16 0.056168 0.047050 0.013251
6 17 0.056466 0.047050 0.013251
6 18 0.052294 0.047050 0.013251
6 19 0.046484 0.047050 0.013251
6 20 0.042610 0.047050 0.013251
7 0 0.036502 0.047050 0.013251
7 1 0.035310 0.047050 0.013251
7 2 0.036800 0.047050 0.013251
7 3 0.038439 0.047050 0.013251
7 4 0.041120 0.047050 0.013251
7 5 0.042014 0.047050 0.013251
7 6 0.042908 0.047050 0.013251
7 7 0.044845 0.047050 0.013251
7 8 0.050507 0.047050 0.013251
7 9 0.053933 0.047050 0.013251
7 10 0.055572 0.047050 0.013251
7 11 0.056764 0.047050 0.013251
7 12 0.057807 0.047050 0.013251
7 13 0.056019 0.047050 0.013251
7 14 0.055721 0.047050 0.013251
7 15 0.052294 0.047050 0.013251
7 16 0.053486 0.047050 0.013251
7 17 0.050805 0.047050 0.013251
7 18 0.048570 0.047050 0.013251
7 19 0.044696 0.047050 0.013251
7 20 0.036651 0.047050 0.013251
8 0 0.037098 0.047050 0.013251
8 1 0.038439 0.047050 0.013251
8 2 0.039184 0.047050 0.013251
8 3 0.044696 0.047050 0.013251
8 4 0.041418 0.047050 0.013251
8 5 0.045590 0.047050 0.013251
8 6 0.045590 0.047050 0.013251
8 7 0.049762 0.047050 0.013251
8 8 0.053188 0.047050 0.013251
8 9 0.056168 0.047050 0.013251
8 10 0.056466 0.047050 0.013251
8 11 0.056913 0.047050 0.013251
8 12 0.057956 0.047050 0.013251
8 13 0.056168 0.047050 0.013251
8 14 0.054678 0.047050 0.013251
8 15 0.051400 0.047050 0.013251
8 16 0.050209 0.047050 0.013251
8 17 0.048570 0.047050 0.013251
8 18 0.046633 0.047050 0.013251
8 19 0.041567 0.047050 0.013251
8 20 0.035906 0.047050 0.013251
9 0 0.041567 0.047050 0.013251
9 1 0.041567 0.047050 0.013251
9 2 0.043355 0.047050 0.013251
9 3 0.046037 0.047050 0.013251
9 4 0.049762 0.047050 0.013251
9 5 0.049911 0.047050 0.013251
9 6 0.048868 0.047050 0.013251
9 7 0.051549 0.047050 0.013251
9 8 0.057360 0.047050 0.013251
9 9 0.057658 0.047050 0.013251
9 10 0.056615 0.047050 0.013251
9 11 0.057956 0.047050 0.013251
9 12 0.058850 0.047050 0.013251
9 13 0.057211 0.047050 0.013251
9 14 0.053188 0.047050 0.013251
9 15 0.050209 0.047050 0.013251
9 16 0.049315 0.047050 0.013251
9 17 0.049315 0.047050 0.013251
9 18 0.045888 0.047050 0.013251
9 19 0.040524 0.047050 0.013251
9 20 0.036949 0.047050 0.013251
10 0 0.045292 0.047050 0.013251
10 1 0.047229 0.047050 0.013251
10 2 0.048570 0.047050 0.013251
10 3 0.054678 0.047050 0.013251
10 4 0.054976 0.047050 0.013251
10 5 0.055572 0.047050 0.013251
10 6 0.053337 0.047050 0.013251
10 7 0.057211 0.047050 0.013251
10 8 0.057658 0.047050 0.013251
10 9 0.060042 0.047050 0.013251
10 10 0.058850 0.047050 0.013251
10 11 0.058850 0.047050 0.013251
10 12 0.058552 0.047050 0.013251
10 13 0.053635 0.047050 0.013251
10 14 0.051103 0.047050 0.013251
10 15 0.049613 0.047050 0.013251
10 16 0.050060 0.047050 0.013251
10 17 0.048421 0.047050 0.013251
10 18 0.043206 0.047050 0.013251
10 19 0.037694 0.047050 0.013251
10 20 0.036204 0.047050 0.013251
11 0 0.049762 0.047050 0.013251
11 1 0.051996 0.047050 0.013251
11 2 0.054380 0.047050 0.013251
11 3 0.057360 0.047050 0.013251
11 4 0.057807 0.047050 0.013251
11 5 0.057509 0.047050 0.013251
11 6 0.058105 0.047050 0.013251
11 7 0.058403 0.047050 0.013251
11 8 0.059744 0.047050 0.013251
11 9 0.058552 0.047050 0.013251
11 10 0.058850 0.047050 0.013251
11 11 0.060042 0.047050 0.013251
11 12 0.056764 0.047050 0.013251
11 13 0.052145 0.047050 0.013251
11 14 0.049166 0.047050 0.013251
11 15 0.046335 0.047050 0.013251
11 16 0.045143 0.047050 0.013251
11 17 0.043504 0.047050 0.013251
11 18 0.038737 0.047050 0.013251
11 19 0.036353 0.047050 0.013251
11 20 0.031436 0.047050 0.013251
12 0 0.051251 0.047050 0.013251
12 1 0.054380 0.047050 0.013251
12 2 0.058105 0.047050 0.013251
12 3 0.059893 0.047050 0.013251
12 4 0.060638 0.047050 0.013251
12 5 0.061383 0.047050 0.013251
12 6 0.060340 0.047050 0.013251
12 7 0.058105 0.047050 0.013251
12 8 0.057807 0.047050 0.013251
12 9 0.058254 0.047050 0.013251
12 10 0.056466 0.047050 0.013251
12 11 0.056913 0.047050 0.013251
12 12 0.055423 0.047050 0.013251
12 13 0.049911 0.047050 0.013251
12 14 0.045143 0.047050 0.013251
12 15 0.041716 0.047050 0.013251
12 16 0.040226 0.047050 0.013251
12 17 0.037992 0.047050 0.013251
12 18 0.034863 0.047050 0.013251
12 19 0.030840 0.047050 0.013251
12 20 0.028159 0.047050 0.013251
13 0 0.054231 0.047050 0.013251
13 1 0.057807 0.047050 0.013251
13 2 0.060787 0.047050 0.013251
13 3 0.059446 0.047050 0.013251
13 4 0.059446 0.047050 0.013251
13 5 0.060340 0.047050 0.013251
13 6 0.059297 0.047050 0.013251
13 7 0.057509 0.047050 0.013251
13 8 0.054231 0.047050 0.013251
13 9 0.054380 0.047050 0.013251
13 10 0.054082 0.047050 0.013251
13 11 0.053784 0.047050 0.013251
13 12 0.050358 0.047050 0.013251
13 13 0.046186 0.047050 0.013251
13 14 0.042014 0.047050 0.013251
13 15 0.038737 0.047050 0.013251
13 16 0.036651 0.047050 0.013251
13 17 0.034714 0.047050 0.013251
13 18 0.030989 0.047050 0.013251
13 19 0.026669 0.047050 0.013251
13 20 0.025328 0.047050 0.013251
14 0 0.054678 0.047050 0.013251
14 1 0.060191 0.047050 0.013251
14 2 0.060787 0.047050 0.013251
14 3 0.062426 0.047050 0.013251
14 4 0.061085 0.047050 0.013251
14 5 0.061234 0.047050 0.013251
14 6 0.055870 0.047050 0.013251
14 7 0.052592 0.047050 0.013251
14 8 0.052294 0.047050 0.013251
14 9 0.053635 0.047050 0.013251
14 10 0.051251 0.047050 0.013251
14 11 0.049166 0.047050 0.013251
14 12 0.047676 0.047050 0.013251
14 13 0.043057 0.047050 0.013251
14 14 0.038588 0.047050 0.013251
14 15 0.036800 0.047050 0.013251
14 16 0.034416 0.047050 0.013251
14 17 0.032032 0.047050 0.013251
14 18 0.025924 0.047050 0.013251
14 19 0.022497 0.047050 0.013251
14 20 0.021305 0.047050 0.013251
15 0 0.057807 0.047050 0.013251
15 1 0.065554 0.047050 0.013251
15 2 0.065554 0.047050 0.013251
15 3 0.066001 0.047050 0.013251
15 4 0.063915 0.047050 0.013251
15 5 0.060191 0.047050 0.013251
15 6 0.054380 0.047050 0.013251
15 7 0.051996 0.047050 0.013251
15 8 0.047676 0.047050 0.013251
15 9 0.047974 0.047050 0.013251
15 10 0.046782 0.047050 0.013251
15 11 0.046931 0.047050 0.013251
15 12 0.041269 0.047050 0.013251
15 13 0.040673 0.047050 0.013251
15 14 0.036055 0.047050 0.013251
15 15 0.033522 0.047050 0.013251
15 16 0.032777 0.047050 0.013251
15 17 0.029201 0.047050 0.013251
15 18 0.025030 0.047050 0.013251
15 19 0.021156 0.047050 0.013251
15 20 0.018623 0.047050 0.013251
16 0 0.062128 0.047050 0.013251
16 1 0.069875 0.047050 0.013251
16 2 0.070024 0.047050 0.013251
16 3 0.069130 0.047050 0.013251
16 4 0.065405 0.047050 0.013251
16 5 0.060638 0.047050 0.013251
16 6 0.055274 0.047050 0.013251
16 7 0.049762 0.047050 0.013251
16 8 0.047080 0.047050 0.013251
16 9 0.044696 0.047050 0.013251
16 10 0.046484 0.047050 0.013251
16 11 0.045143 0.047050 0.013251
16 12 0.039333 0.047050 0.013251
16 13 0.035608 0.047050 0.013251
16 14 0.035161 0.047050 0.013251
16 15 0.030989 0.047050 0.013251
16 16 0.030691 0.047050 0.013251
16 17 0.027712 0.047050 0.013251
16 18 0.024285 0.047050 0.013251
16 19 0.020113 0.047050 0.013251
16 20 0.018325 0.047050 0.013251
17 0 0.066001 0.047050 0.013251
17 1 0.070620 0.047050 0.013251
17 2 0.069428 0.047050 0.013251
17 3 0.067640 0.047050 0.013251
17 4 0.065852 0.047050 0.013251
17 5 0.058999 0.047050 0.013251
17 6 0.051400 0.047050 0.013251
17 7 0.047825 0.047050 0.013251
17 8 0.044100 0.047050 0.013251
17 9 0.043206 0.047050 0.013251
17 10 0.041865 0.047050 0.013251
17 11 0.040822 0.047050 0.013251
17 12 0.034565 0.047050 0.013251
17 13 0.030542 0.047050 0.013251
17 14 0.030244 0.047050 0.013251
17 15 0.029499 0.047050 0.013251
17 16 0.027861 0.047050 0.013251
17 17 0.024881 0.047050 0.013251
17 18 0.021156 0.047050 0.013251
17 19 0.019070 0.047050 0.013251
17 20 0.018176 0.047050 0.013251
18 0 0.065703 0.047050 0.013251
18 1 0.068236 0.047050 0.013251
18 2 0.068385 0.047050 0.013251
18 3 0.066448 0.047050 0.013251
18 4 0.063915 0.047050 0.013251
18 5 0.057211 0.047050 0.013251
18 6 0.050805 0.047050 0.013251
18 7 0.046931 0.047050 0.013251
18 8 0.043653 0.047050 0.013251
18 9 0.040524 0.047050 0.013251
18 10 0.039779 0.047050 0.013251
18 11 0.037396 0.047050 0.013251
18 12 0.031287 0.047050 0.013251
18 13 0.028903 0.047050 0.013251
18 14 0.027861 0.047050 0.013251
18 15 0.029648 0.047050 0.013251
18 16 0.024732 0.047050 0.013251
18 17 0.021007 0.047050 0.013251
18 18 0.017580 0.047050 0.013251
18 19 0.017133 0.047050 0.013251
18 20 0.016687 0.047050 0.013251
19 0 0.062426 0.047050 0.013251
19 1 0.062128 0.047050 0.013251
19 2 0.063915 0.047050 0.013251
19 3 0.063170 0.047050 0.013251
19 4 0.059297 0.047050 0.013251
19 5 0.054380 0.047050 0.013251
19 6 0.051698 0.047050 0.013251
19 7 0.043802 0.047050 0.013251
19 8 0.042312 0.047050 0.013251
19 9 0.038588 0.047050 0.013251
19 10 0.036204 0.047050 0.013251
19 11 0.033522 0.047050 0.013251
19 12 0.029350 0.047050 0.013251
19 13 0.026371 0.047050 0.013251
19 14 0.025775 0.047050 0.013251
19 15 0.025179 0.047050 0.013251
19 16 0.022348 0.047050 0.013251
19 17 0.018772 0.047050 0.013251
19 18 0.019219 0.047050 0.013251
19 19 0.016538 0.047050 0.013251
19 20 0.015346 0.047050 0.013251
20 0 0.056764 0.047050 0.013251
20 1 0.058552 0.047050 0.013251
20 2 0.058105 0.047050 0.013251
20 3 0.057956 0.047050 0.013251
20 4 0.056317 0.047050 0.013251
20 5 0.052890 0.047050 0.013251
20 6 0.047527 0.047050 0.013251
20 7 0.043504 0.047050 0.013251
20 8 0.039035 0.047050 0.013251
20 9 0.035906 0.047050 0.013251
20 10 0.032181 0.047050 0.013251
20 11 0.030989 0.047050 0.013251
20 12 0.028159 0.047050 0.013251
20 13 0.025030 0.047050 0.013251
20 14 0.023838 0.047050 0.013251
20 15 0.023838 0.047050 0.013251
20 16 0.021007 0.047050 0.013251
20 17 0.020560 0.047050 0.013251
20 18 0.019666 0.047050 0.013251
20 19 0.016538 0.047050 0.013251
20 20 0.016538 0.047050 0.013251
