# contact distance = 16.0 Angstroms
# F = 0.4 kJ/mol

# i j contact_probability mean_contact_probability stddev_contact_probability
0 0 0.039835 0.063644 0.012037
0 1 0.040662 0.063644 0.012037
0 2 0.041764 0.063644 0.012037
0 3 0.042178 0.063644 0.012037
0 4 0.044383 0.063644 0.012037
0 5 0.043143 0.063644 0.012037
0 6 0.044245 0.063644 0.012037
0 7 0.045348 0.063644 0.012037
0 8 0.046313 0.063644 0.012037
0 9 0.048105 0.063644 0.012037
0 10 0.045899 0.063644 0.012037
0 11 0.048518 0.063644 0.012037
0 12 0.049483 0.063644 0.012037
0 13 0.052516 0.063644 0.012037
0 14 0.055134 0.063644 0.012037
0 15 0.060096 0.063644 0.012037
0 16 0.061337 0.063644 0.012037
0 17 0.063956 0.063644 0.012037
0 18 0.060786 0.063644 0.012037
0 19 0.058442 0.063644 0.012037
0 20 0.051964 0.063644 0.012037
1 0 0.041075 0.063644 0.012037
1 1 0.043143 0.063644 0.012037
1 2 0.043970 0.063644 0.012037
1 3 0.045486 0.063644 0.012037
1 4 0.047278 0.063644 0.012037
1 5 0.046037 0.063644 0.012037
1 6 0.047553 0.063644 0.012037
1 7 0.048380 0.063644 0.012037
1 8 0.047278 0.063644 0.012037
1 9 0.047278 0.063644 0.012037
1 10 0.050034 0.063644 0.012037
1 11 0.053618 0.063644 0.012037
1 12 0.053343 0.063644 0.012037
1 13 0.057891 0.063644 0.012037
1 14 0.061061 0.063644 0.012037
1 15 0.064783 0.063644 0.012037
1 16 0.068091 0.063644 0.012037
1 17 0.067264 0.063644 0.012037
1 18 0.066437 0.063644 0.012037
1 19 0.062578 0.063644 0.012037
1 20 0.056513 0.063644 0.012037
2 0 0.040937 0.063644 0.012037
2 1 0.039835 0.063644 0.012037
2 2 0.043280 0.063644 0.012037
2 3 0.043143 0.063644 0.012037
2 4 0.047416 0.063644 0.012037
2 5 0.049759 0.063644 0.012037
2 6 0.050172 0.063644 0.012037
2 7 0.050724 0.063644 0.012037
2 8 0.049897 0.063644 0.012037
2 9 0.051275 0.063644 0.012037
2 10 0.053067 0.063644 0.012037
2 11 0.057478 0.063644 0.012037
2 12 0.058856 0.063644 0.012037
2 13 0.062302 0.063644 0.012037
2 14 0.067264 0.063644 0.012037
2 15 0.070710 0.063644 0.012037
2 16 0.071537 0.063644 0.012037
2 17 0.069745 0.063644 0.012037
2 18 0.069469 0.063644 0.012037
2 19 0.065196 0.063644 0.012037
2 20 0.059959 0.063644 0.012037
3 0 0.042591 0.063644 0.012037
3 1 0.043832 0.063644 0.012037
3 2 0.045899 0.063644 0.012037
3 3 0.044521 0.063644 0.012037
3 4 0.047416 0.063644 0.012037
3 5 0.050448 0.063644 0.012037
3 6 0.052102 0.063644 0.012037
3 7 0.052102 0.063644 0.012037
3 8 0.052929 0.063644 0.012037
3 9 0.056375 0.063644 0.012037
3 10 0.056513 0.063644 0.012037
3 11 0.057615 0.063644 0.012037
3 12 0.062440 0.063644 0.012037
3 13 0.066161 0.063644 0.012037
3 14 0.070159 0.063644 0.012037
3 15 0.071675 0.063644 0.012037
3 16 0.073742 0.063644 0.012037
3 17 0.071537 0.063644 0.012037
3 18 0.069607 0.063644 0.012037
3 19 0.064507 0.063644 0.012037
3 20 0.057340 0.063644 0.012037
4 0 0.045899 0.063644 0.012037
4 1 0.047829 0.063644 0.012037
4 2 0.048380 0.063644 0.012037
4 3 0.049483 0.063644 0.012037
4 4 0.049483 0.063644 0.012037
4 5 0.054170 0.063644 0.012037
4 6 0.056237 0.063644 0.012037
4 7 0.056926 0.063644 0.012037
4 8 0.059407 0.063644 0.012037
4 9 0.060372 0.063644 0.012037
4 10 0.061199 0.063644 0.012037
4 11 0.065059 0.063644 0.012037
4 12 0.067953 0.063644 0.012037
4 13 0.070572 0.063644 0.012037
4 14 0.073467 0.063644 0.012037
4 15 0.074983 0.063644 0.012037
4 16 0.074983 0.063644 0.012037
4 17 0.074845 0.063644 0.012037
4 18 0.072088 0.063644 0.012037
4 19 0.066023 0.063644 0.012037
4 20 0.056375 0.063644 0.012037
5 0 0.049070 0.063644 0.012037
5 1 0.051275 0.063644 0.012037
5 2 0.051826 0.063644 0.012037
5 3 0.050034 0.063644 0.012037
5 4 0.054170 0.063644 0.012037
5 5 0.054997 0.063644 0.012037
5 6 0.060234 0.063644 0.012037
5 7 0.062302 0.063644 0.012037
5 8 0.062715 0.063644 0.012037
5 9 0.061061 0.063644 0.012037
5 10 0.062715 0.063644 0.012037
5 11 0.066023 0.063644 0.012037
5 12 0.069469 0.063644 0.012037
5 13 0.070710 0.063644 0.012037
5 14 0.072640 0.063644 0.012037
5 15 0.075258 0.063644 0.012037
5 16 0.076223 0.063644 0.012037
5 17 0.075534 0.063644 0.012037
5 18 0.071399 0.063644 0.012037
5 19 0.065334 0.063644 0.012037
5 20 0.056237 0.063644 0.012037
6 0 0.049621 0.063644 0.012037
6 1 0.052240 0.063644 0.012037
6 2 0.053618 0.063644 0.012037
6 3 0.052929 0.063644 0.012037
6 4 0.056237 0.063644 0.012037
6 5 0.058994 0.063644 0.012037
6 6 0.060924 0.063644 0.012037
6 7 0.063129 0.063644 0.012037
6 8 0.063542 0.063644 0.012037
6 9 0.063542 0.063644 0.012037
6 10 0.065334 0.063644 0.012037
6 11 0.067953 0.063644 0.012037
6 12 0.070848 0.063644 0.012037
6 13 0.073604 0.063644 0.012037
6 14 0.077188 0.063644 0.012037
6 15 0.078704 0.063644 0.012037
6 16 0.077326 0.063644 0.012037
6 17 0.077464 0.063644 0.012037
6 18 0.072640 0.063644 0.012037
6 19 0.066023 0.063644 0.012037
6 20 0.055824 0.063644 0.012037
7 0 0.048794 0.063644 0.012037
7 1 0.052929 0.063644 0.012037
7 2 0.055134 0.063644 0.012037
7 3 0.055961 0.063644 0.012037
7 4 0.058994 0.063644 0.012037
7 5 0.060096 0.063644 0.012037
7 6 0.062715 0.063644 0.012037
7 7 0.065610 0.063644 0.012037
7 8 0.066161 0.063644 0.012037
7 9 0.065472 0.063644 0.012037
7 10 0.066850 0.063644 0.012037
7 11 0.070710 0.063644 0.012037
7 12 0.072915 0.063644 0.012037
7 13 0.074294 0.063644 0.012037
7 14 0.078429 0.063644 0.012037
7 15 0.079807 0.063644 0.012037
7 16 0.077326 0.063644 0.012037
7 17 0.076775 0.063644 0.012037
7 18 0.071813 0.063644 0.012037
7 19 0.065472 0.063644 0.012037
7 20 0.055961 0.063644 0.012037
8 0 0.048243 0.063644 0.012037
8 1 0.053618 0.063644 0.012037
8 2 0.055134 0.063644 0.012037
8 3 0.056651 0.063644 0.012037
8 4 0.061888 0.063644 0.012037
8 5 0.063405 0.063644 0.012037
8 6 0.064232 0.063644 0.012037
8 7 0.065472 0.063644 0.012037
8 8 0.067815 0.063644 0.012037
8 9 0.066988 0.063644 0.012037
8 10 0.070021 0.063644 0.012037
8 11 0.072777 0.063644 0.012037
8 12 0.075121 0.063644 0.012037
8 13 0.078015 0.063644 0.012037
8 14 0.080221 0.063644 0.012037
8 15 0.082150 0.063644 0.012037
8 16 0.081461 0.063644 0.012037
8 17 0.078704 0.063644 0.012037
8 18 0.072502 0.063644 0.012037
8 19 0.064783 0.063644 0.012037
8 20 0.056237 0.063644 0.012037
9 0 0.048932 0.063644 0.012037
9 1 0.054032 0.063644 0.012037
9 2 0.055961 0.063644 0.012037
9 3 0.057340 0.063644 0.012037
9 4 0.061613 0.063644 0.012037
9 5 0.063680 0.063644 0.012037
9 6 0.066850 0.063644 0.012037
9 7 0.069331 0.063644 0.012037
9 8 0.069883 0.063644 0.012037
9 9 0.070296 0.063644 0.012037
9 10 0.072364 0.063644 0.012037
9 11 0.073191 0.063644 0.012037
9 12 0.076361 0.063644 0.012037
9 13 0.078567 0.063644 0.012037
9 14 0.082150 0.063644 0.012037
9 15 0.081048 0.063644 0.012037
9 16 0.080221 0.063644 0.012037
9 17 0.077050 0.063644 0.012037
9 18 0.071950 0.063644 0.012037
9 19 0.064232 0.063644 0.012037
9 20 0.053205 0.063644 0.012037
10 0 0.049897 0.063644 0.012037
10 1 0.054583 0.063644 0.012037
10 2 0.059545 0.063644 0.012037
10 3 0.059407 0.063644 0.012037
10 4 0.064232 0.063644 0.012037
10 5 0.067126 0.063644 0.012037
10 6 0.068918 0.063644 0.012037
10 7 0.070159 0.063644 0.012037
10 8 0.074845 0.063644 0.012037
10 9 0.073604 0.063644 0.012037
10 10 0.075258 0.063644 0.012037
10 11 0.075672 0.063644 0.012037
10 12 0.077188 0.063644 0.012037
10 13 0.080083 0.063644 0.012037
10 14 0.083115 0.063644 0.012037
10 15 0.085320 0.063644 0.012037
10 16 0.082012 0.063644 0.012037
10 17 0.077050 0.063644 0.012037
10 18 0.072915 0.063644 0.012037
10 19 0.064645 0.063644 0.012037
10 20 0.055410 0.063644 0.012037
11 0 0.050172 0.063644 0.012037
11 1 0.054997 0.063644 0.012037
11 2 0.059132 0.063644 0.012037
11 3 0.061888 0.063644 0.012037
11 4 0.065748 0.063644 0.012037
11 5 0.070848 0.063644 0.012037
11 6 0.070710 0.063644 0.012037
11 7 0.072640 0.063644 0.012037
11 8 0.074431 0.063644 0.012037
11 9 0.076223 0.063644 0.012037
11 10 0.077464 0.063644 0.012037
11 11 0.077464 0.063644 0.012037
11 12 0.077464 0.063644 0.012037
11 13 0.079394 0.063644 0.012037
11 14 0.085045 0.063644 0.012037
11 15 0.083942 0.063644 0.012037
11 16 0.083804 0.063644 0.012037
11 17 0.079807 0.063644 0.012037
11 18 0.072502 0.063644 0.012037
11 19 0.064921 0.063644 0.012037
11 20 0.054583 0.063644 0.012037
12 0 0.050448 0.063644 0.012037
12 1 0.055272 0.063644 0.012037
12 2 0.059683 0.063644 0.012037
12 3 0.063267 0.063644 0.012037
12 4 0.065472 0.063644 0.012037
12 5 0.069607 0.063644 0.012037
12 6 0.071950 0.063644 0.012037
12 7 0.074018 0.063644 0.012037
12 8 0.075948 0.063644 0.012037
12 9 0.077188 0.063644 0.012037
12 10 0.078567 0.063644 0.012037
12 11 0.078704 0.063644 0.012037
12 12 0.081048 0.063644 0.012037
12 13 0.083942 0.063644 0.012037
12 14 0.082150 0.063644 0.012037
12 15 0.085458 0.063644 0.012037
12 16 0.084769 0.063644 0.012037
12 17 0.079118 0.063644 0.012037
12 18 0.073467 0.063644 0.012037
12 19 0.063129 0.063644 0.012037
12 20 0.054859 0.063644 0.012037
13 0 0.053067 0.063644 0.012037
13 1 0.057064 0.063644 0.012037
13 2 0.061337 0.063644 0.012037
13 3 0.064094 0.063644 0.012037
13 4 0.067815 0.063644 0.012037
13 5 0.072640 0.063644 0.012037
13 6 0.072226 0.063644 0.012037
13 7 0.075121 0.063644 0.012037
13 8 0.075534 0.063644 0.012037
13 9 0.079807 0.063644 0.012037
13 10 0.079669 0.063644 0.012037
13 11 0.082564 0.063644 0.012037
13 12 0.083253 0.063644 0.012037
13 13 0.084907 0.063644 0.012037
13 14 0.084631 0.063644 0.012037
13 15 0.085872 0.063644 0.012037
13 16 0.084907 0.063644 0.012037
13 17 0.080634 0.063644 0.012037
13 18 0.072915 0.063644 0.012037
13 19 0.061613 0.063644 0.012037
13 20 0.052791 0.063644 0.012037
14 0 0.050999 0.063644 0.012037
14 1 0.058580 0.063644 0.012037
14 2 0.061199 0.063644 0.012037
14 3 0.063818 0.063644 0.012037
14 4 0.068091 0.063644 0.012037
14 5 0.071399 0.063644 0.012037
14 6 0.071537 0.063644 0.012037
14 7 0.074018 0.063644 0.012037
14 8 0.076223 0.063644 0.012037
14 9 0.078153 0.063644 0.012037
14 10 0.080221 0.063644 0.012037
14 11 0.084218 0.063644 0.012037
14 12 0.084907 0.063644 0.012037
14 13 0.084769 0.063644 0.012037
14 14 0.084080 0.063644 0.012037
14 15 0.082288 0.063644 0.012037
14 16 0.079669 0.063644 0.012037
14 17 0.073880 0.063644 0.012037
14 18 0.066161 0.063644 0.012037
14 19 0.059959 0.063644 0.012037
14 20 0.049207 0.063644 0.012037
15 0 0.052378 0.063644 0.012037
15 1 0.060234 0.063644 0.012037
15 2 0.063542 0.063644 0.012037
15 3 0.065472 0.063644 0.012037
15 4 0.068367 0.063644 0.012037
15 5 0.069607 0.063644 0.012037
15 6 0.071537 0.063644 0.012037
15 7 0.072226 0.063644 0.012037
15 8 0.076912 0.063644 0.012037
15 9 0.078291 0.063644 0.012037
15 10 0.080496 0.063644 0.012037
15 11 0.081875 0.063644 0.012037
15 12 0.082426 0.063644 0.012037
15 13 0.083253 0.063644 0.012037
15 14 0.083115 0.063644 0.012037
15 15 0.080496 0.063644 0.012037
15 16 0.076223 0.063644 0.012037
15 17 0.070434 0.063644 0.012037
15 18 0.061613 0.063644 0.012037
15 19 0.056099 0.063644 0.012037
15 20 0.048932 0.063644 0.012037
16 0 0.056237 0.063644 0.012037
16 1 0.062164 0.063644 0.012037
16 2 0.065472 0.063644 0.012037
16 3 0.067953 0.063644 0.012037
16 4 0.069607 0.063644 0.012037
16 5 0.068780 0.063644 0.012037
16 6 0.068918 0.063644 0.012037
16 7 0.069883 0.063644 0.012037
16 8 0.076361 0.063644 0.012037
16 9 0.078842 0.063644 0.012037
16 10 0.077739 0.063644 0.012037
16 11 0.078980 0.063644 0.012037
16 12 0.079118 0.063644 0.012037
16 13 0.079669 0.063644 0.012037
16 14 0.082288 0.063644 0.012037
16 15 0.077050 0.063644 0.012037
16 16 0.071537 0.063644 0.012037
16 17 0.066023 0.063644 0.012037
16 18 0.057615 0.063644 0.012037
16 19 0.049621 0.063644 0.012037
16 20 0.045348 0.063644 0.012037
17 0 0.060786 0.063644 0.012037
17 1 0.061888 0.063644 0.012037
17 2 0.064369 0.063644 0.012037
17 3 0.068091 0.063644 0.012037
17 4 0.069607 0.063644 0.012037
17 5 0.070572 0.063644 0.012037
17 6 0.067540 0.063644 0.012037
17 7 0.067953 0.063644 0.012037
17 8 0.071537 0.063644 0.012037
17 9 0.071950 0.063644 0.012037
17 10 0.074431 0.063644 0.012037
17 11 0.075396 0.063644 0.012037
17 12 0.072915 0.063644 0.012037
17 13 0.073467 0.063644 0.012037
17 14 0.073604 0.063644 0.012037
17 15 0.069745 0.063644 0.012037
17 16 0.063818 0.063644 0.012037
17 17 0.056099 0.063644 0.012037
17 18 0.048243 0.063644 0.012037
17 19 0.042040 0.063644 0.012037
17 20 0.039697 0.063644 0.012037
18 0 0.061613 0.063644 0.012037
18 1 0.063405 0.063644 0.012037
18 2 0.067402 0.063644 0.012037
18 3 0.065886 0.063644 0.012037
18 4 0.068918 0.063644 0.012037
18 5 0.066713 0.063644 0.012037
18 6 0.064783 0.063644 0.012037
18 7 0.064645 0.063644 0.012037
18 8 0.066713 0.063644 0.012037
18 9 0.069056 0.063644 0.012037
18 10 0.069607 0.063644 0.012037
18 11 0.068780 0.063644 0.012037
18 12 0.067126 0.063644 0.012037
18 13 0.064094 0.063644 0.012037
18 14 0.065059 0.063644 0.012037
18 15 0.061199 0.063644 0.012037
18 16 0.056099 0.063644 0.012037
18 17 0.046726 0.063644 0.012037
18 18 0.040386 0.063644 0.012037
18 19 0.038732 0.063644 0.012037
18 20 0.036251 0.063644 0.012037
19 0 0.059132 0.063644 0.012037
19 1 0.062302 0.063644 0.012037
19 2 0.064645 0.063644 0.012037
19 3 0.064921 0.063644 0.012037
19 4 0.063818 0.063644 0.012037
19 5 0.062991 0.063644 0.012037
19 6 0.062440 0.063644 0.012037
19 7 0.060372 0.063644 0.012037
19 8 0.060924 0.063644 0.012037
19 9 0.065059 0.063644 0.012037
19 10 0.064369 0.063644 0.012037
19 11 0.060648 0.063644 0.012037
19 12 0.062578 0.063644 0.012037
19 13 0.061888 0.063644 0.012037
19 14 0.057478 0.063644 0.012037
19 15 0.055961 0.063644 0.012037
19 16 0.049207 0.063644 0.012037
19 17 0.043143 0.063644 0.012037
19 18 0.037767 0.063644 0.012037
19 19 0.034183 0.063644 0.012037
19 20 0.033356 0.063644 0.012037
20 0 0.053205 0.063644 0.012037
20 1 0.056237 0.063644 0.012037
20 2 0.059959 0.063644 0.012037
20 3 0.058442 0.063644 0.012037
20 4 0.058994 0.063644 0.012037
20 5 0.056513 0.063644 0.012037
20 6 0.055272 0.063644 0.012037
20 7 0.055272 0.063644 0.012037
20 8 0.054997 0.063644 0.012037
20 9 0.055548 0.063644 0.012037
20 10 0.057615 0.063644 0.012037
20 11 0.054583 0.063644 0.012037
20 12 0.057202 0.063644 0.012037
20 13 0.056926 0.063644 0.012037
20 14 0.053618 0.063644 0.012037
20 15 0.049345 0.063644 0.012037
20 16 0.043143 0.063644 0.012037
20 17 0.038043 0.063644 0.012037
20 18 0.033494 0.063644 0.012037
20 19 0.030737 0.063644 0.012037
20 20 0.029497 0.063644 0.012037
