# contact distance = 16.0 Angstroms
# F = 0.4 kJ/mol

# i j contact_probability mean_contact_probability stddev_contact_probability
0 0 0.027795 0.042928 0.015108
0 1 0.029025 0.042928 0.015108
0 2 0.027918 0.042928 0.015108
0 3 0.028656 0.042928 0.015108
0 4 0.025458 0.042928 0.015108
0 5 0.024597 0.042928 0.015108
0 6 0.024474 0.042928 0.015108
0 7 0.025704 0.042928 0.015108
0 8 0.026934 0.042928 0.015108
0 9 0.028287 0.042928 0.015108
0 10 0.032960 0.042928 0.015108
0 11 0.038372 0.042928 0.015108
0 12 0.041569 0.042928 0.015108
0 13 0.047719 0.042928 0.015108
0 14 0.057189 0.042928 0.015108
0 15 0.064937 0.042928 0.015108
0 16 0.069979 0.042928 0.015108
0 17 0.069856 0.042928 0.015108
0 18 0.068749 0.042928 0.015108
0 19 0.064445 0.042928 0.015108
0 20 0.059402 0.042928 0.015108
1 0 0.029025 0.042928 0.015108
1 1 0.028779 0.042928 0.015108
1 2 0.029394 0.042928 0.015108
1 3 0.028410 0.042928 0.015108
1 4 0.025089 0.042928 0.015108
1 5 0.023859 0.042928 0.015108
1 6 0.024597 0.042928 0.015108
1 7 0.025089 0.042928 0.015108
1 8 0.026934 0.042928 0.015108
1 9 0.030747 0.042928 0.015108
1 10 0.036404 0.042928 0.015108
1 11 0.039356 0.042928 0.015108
1 12 0.045874 0.042928 0.015108
1 13 0.052761 0.042928 0.015108
1 14 0.061862 0.042928 0.015108
1 15 0.069364 0.042928 0.015108
1 16 0.073915 0.042928 0.015108
1 17 0.073915 0.042928 0.015108
1 18 0.073054 0.042928 0.015108
1 19 0.070840 0.042928 0.015108
1 20 0.065183 0.042928 0.015108
2 0 0.028902 0.042928 0.015108
2 1 0.029886 0.042928 0.015108
2 2 0.028779 0.042928 0.015108
2 3 0.028779 0.042928 0.015108
2 4 0.027057 0.042928 0.015108
2 5 0.025581 0.042928 0.015108
2 6 0.025704 0.042928 0.015108
2 7 0.026565 0.042928 0.015108
2 8 0.028410 0.042928 0.015108
2 9 0.032222 0.042928 0.015108
2 10 0.037019 0.042928 0.015108
2 11 0.042430 0.042928 0.015108
2 12 0.051408 0.042928 0.015108
2 13 0.056697 0.042928 0.015108
2 14 0.065921 0.042928 0.015108
2 15 0.072316 0.042928 0.015108
2 16 0.076743 0.042928 0.015108
2 17 0.078465 0.042928 0.015108
2 18 0.074776 0.042928 0.015108
2 19 0.070717 0.042928 0.015108
2 20 0.066412 0.042928 0.015108
3 0 0.029148 0.042928 0.015108
3 1 0.028902 0.042928 0.015108
3 2 0.027672 0.042928 0.015108
3 3 0.028533 0.042928 0.015108
3 4 0.026073 0.042928 0.015108
3 5 0.025581 0.042928 0.015108
3 6 0.027426 0.042928 0.015108
3 7 0.027672 0.042928 0.015108
3 8 0.030378 0.042928 0.015108
3 9 0.033575 0.042928 0.015108
3 10 0.038495 0.042928 0.015108
3 11 0.043537 0.042928 0.015108
3 12 0.050424 0.042928 0.015108
3 13 0.058172 0.042928 0.015108
3 14 0.064076 0.042928 0.015108
3 15 0.072439 0.042928 0.015108
3 16 0.076743 0.042928 0.015108
3 17 0.077604 0.042928 0.015108
3 18 0.073915 0.042928 0.015108
3 19 0.070102 0.042928 0.015108
3 20 0.061616 0.042928 0.015108
4 0 0.026811 0.042928 0.015108
4 1 0.026319 0.042928 0.015108
4 2 0.025458 0.042928 0.015108
4 3 0.025704 0.042928 0.015108
4 4 0.025089 0.042928 0.015108
4 5 0.025212 0.042928 0.015108
4 6 0.026319 0.042928 0.015108
4 7 0.026934 0.042928 0.015108
4 8 0.029271 0.042928 0.015108
4 9 0.033944 0.042928 0.015108
4 10 0.040462 0.042928 0.015108
4 11 0.043045 0.042928 0.015108
4 12 0.048580 0.042928 0.015108
4 13 0.055713 0.042928 0.015108
4 14 0.061616 0.042928 0.015108
4 15 0.066290 0.042928 0.015108
4 16 0.069979 0.042928 0.015108
4 17 0.072439 0.042928 0.015108
4 18 0.069118 0.042928 0.015108
4 19 0.063707 0.042928 0.015108
4 20 0.054975 0.042928 0.015108
5 0 0.024228 0.042928 0.015108
5 1 0.025089 0.042928 0.015108
5 2 0.024720 0.042928 0.015108
5 3 0.026811 0.042928 0.015108
5 4 0.028041 0.042928 0.015108
5 5 0.027549 0.042928 0.015108
5 6 0.029271 0.042928 0.015108
5 7 0.029025 0.042928 0.015108
5 8 0.032099 0.042928 0.015108
5 9 0.035912 0.042928 0.015108
5 10 0.041077 0.042928 0.015108
5 11 0.045013 0.042928 0.015108
5 12 0.049932 0.042928 0.015108
5 13 0.054237 0.042928 0.015108
5 14 0.057312 0.042928 0.015108
5 15 0.059525 0.042928 0.015108
5 16 0.062969 0.042928 0.015108
5 17 0.063584 0.042928 0.015108
5 18 0.061124 0.042928 0.015108
5 19 0.054360 0.042928 0.015108
5 20 0.047473 0.042928 0.015108
6 0 0.026811 0.042928 0.015108
6 1 0.025335 0.042928 0.015108
6 2 0.026811 0.042928 0.015108
6 3 0.027180 0.042928 0.015108
6 4 0.029148 0.042928 0.015108
6 5 0.029148 0.042928 0.015108
6 6 0.029886 0.042928 0.015108
6 7 0.031238 0.042928 0.015108
6 8 0.034805 0.042928 0.015108
6 9 0.036281 0.042928 0.015108
6 10 0.041815 0.042928 0.015108
6 11 0.045259 0.042928 0.015108
6 12 0.049194 0.042928 0.015108
6 13 0.051654 0.042928 0.015108
6 14 0.053499 0.042928 0.015108
6 15 0.054483 0.042928 0.015108
6 16 0.056205 0.042928 0.015108
6 17 0.055959 0.042928 0.015108
6 18 0.052269 0.042928 0.015108
6 19 0.047350 0.042928 0.015108
6 20 0.042061 0.042928 0.015108
7 0 0.026934 0.042928 0.015108
7 1 0.026811 0.042928 0.015108
7 2 0.029394 0.042928 0.015108
7 3 0.030624 0.042928 0.015108
7 4 0.030132 0.042928 0.015108
7 5 0.033206 0.042928 0.015108
7 6 0.034313 0.042928 0.015108
7 7 0.033329 0.042928 0.015108
7 8 0.035420 0.042928 0.015108
7 9 0.039479 0.042928 0.015108
7 10 0.044275 0.042928 0.015108
7 11 0.047719 0.042928 0.015108
7 12 0.049194 0.042928 0.015108
7 13 0.051654 0.042928 0.015108
7 14 0.051654 0.042928 0.015108
7 15 0.051285 0.042928 0.015108
7 16 0.052515 0.042928 0.015108
7 17 0.050916 0.042928 0.015108
7 18 0.043783 0.042928 0.015108
7 19 0.041569 0.042928 0.015108
7 20 0.036773 0.042928 0.015108
8 0 0.025581 0.042928 0.015108
8 1 0.027795 0.042928 0.015108
8 2 0.028041 0.042928 0.015108
8 3 0.031976 0.042928 0.015108
8 4 0.032099 0.042928 0.015108
8 5 0.034928 0.042928 0.015108
8 6 0.036158 0.042928 0.015108
8 7 0.038126 0.042928 0.015108
8 8 0.039725 0.042928 0.015108
8 9 0.044152 0.042928 0.015108
8 10 0.046735 0.042928 0.015108
8 11 0.047350 0.042928 0.015108
8 12 0.047104 0.042928 0.015108
8 13 0.048211 0.042928 0.015108
8 14 0.050670 0.042928 0.015108
8 15 0.051162 0.042928 0.015108
8 16 0.049440 0.042928 0.015108
8 17 0.045628 0.042928 0.015108
8 18 0.040339 0.042928 0.015108
8 19 0.037142 0.042928 0.015108
8 20 0.034805 0.042928 0.015108
9 0 0.028041 0.042928 0.015108
9 1 0.029763 0.042928 0.015108
9 2 0.030378 0.042928 0.015108
9 3 0.033206 0.042928 0.015108
9 4 0.036281 0.042928 0.015108
9 5 0.039479 0.042928 0.015108
9 6 0.039479 0.042928 0.015108
9 7 0.042430 0.042928 0.015108
9 8 0.043291 0.042928 0.015108
9 9 0.045382 0.042928 0.015108
9 10 0.048211 0.042928 0.015108
9 11 0.050055 0.042928 0.015108
9 12 0.049563 0.042928 0.015108
9 13 0.048334 0.042928 0.015108
9 14 0.049686 0.042928 0.015108
9 15 0.049071 0.042928 0.015108
9 16 0.048211 0.042928 0.015108
9 17 0.043783 0.042928 0.015108
9 18 0.041077 0.042928 0.015108
9 19 0.034805 0.042928 0.015108
9 20 0.032837 0.042928 0.015108
10 0 0.031730 0.042928 0.015108
10 1 0.032468 0.042928 0.015108
10 2 0.034067 0.042928 0.015108
10 3 0.036773 0.042928 0.015108
10 4 0.039602 0.042928 0.015108
10 5 0.040339 0.042928 0.015108
10 6 0.041938 0.042928 0.015108
10 7 0.044398 0.042928 0.015108
10 8 0.044029 0.042928 0.015108
10 9 0.046120 0.042928 0.015108
10 10 0.047227 0.042928 0.015108
10 11 0.050670 0.042928 0.015108
10 12 0.050178 0.042928 0.015108
10 13 0.049440 0.042928 0.015108
10 14 0.048948 0.042928 0.015108
10 15 0.046981 0.042928 0.015108
10 16 0.043783 0.042928 0.015108
10 17 0.040708 0.042928 0.015108
10 18 0.035912 0.042928 0.015108
10 19 0.033575 0.042928 0.015108
10 20 0.030870 0.042928 0.015108
11 0 0.035666 0.042928 0.015108
11 1 0.038495 0.042928 0.015108
11 2 0.040339 0.042928 0.015108
11 3 0.042676 0.042928 0.015108
11 4 0.043906 0.042928 0.015108
11 5 0.044644 0.042928 0.015108
11 6 0.045259 0.042928 0.015108
11 7 0.045628 0.042928 0.015108
11 8 0.046120 0.042928 0.015108
11 9 0.048088 0.042928 0.015108
11 10 0.049317 0.042928 0.015108
11 11 0.050178 0.042928 0.015108
11 12 0.050793 0.042928 0.015108
11 13 0.048948 0.042928 0.015108
11 14 0.046366 0.042928 0.015108
11 15 0.045505 0.042928 0.015108
11 16 0.042553 0.042928 0.015108
11 17 0.040585 0.042928 0.015108
11 18 0.034436 0.042928 0.015108
11 19 0.030992 0.042928 0.015108
11 20 0.029886 0.042928 0.015108
12 0 0.042676 0.042928 0.015108
12 1 0.047719 0.042928 0.015108
12 2 0.050178 0.042928 0.015108
12 3 0.052515 0.042928 0.015108
12 4 0.050424 0.042928 0.015108
12 5 0.047104 0.042928 0.015108
12 6 0.048211 0.042928 0.015108
12 7 0.047965 0.042928 0.015108
12 8 0.048334 0.042928 0.015108
12 9 0.049194 0.042928 0.015108
12 10 0.050793 0.042928 0.015108
12 11 0.050670 0.042928 0.015108
12 12 0.050424 0.042928 0.015108
12 13 0.048088 0.042928 0.015108
12 14 0.044521 0.042928 0.015108
12 15 0.044029 0.042928 0.015108
12 16 0.040339 0.042928 0.015108
12 17 0.039602 0.042928 0.015108
12 18 0.032591 0.042928 0.015108
12 19 0.030009 0.042928 0.015108
12 20 0.027549 0.042928 0.015108
13 0 0.050670 0.042928 0.015108
13 1 0.056205 0.042928 0.015108
13 2 0.058295 0.042928 0.015108
13 3 0.059402 0.042928 0.015108
13 4 0.058295 0.042928 0.015108
13 5 0.051777 0.042928 0.015108
13 6 0.051285 0.042928 0.015108
13 7 0.049317 0.042928 0.015108
13 8 0.050670 0.042928 0.015108
13 9 0.051408 0.042928 0.015108
13 10 0.049440 0.042928 0.015108
13 11 0.048211 0.042928 0.015108
13 12 0.048580 0.042928 0.015108
13 13 0.045505 0.042928 0.015108
13 14 0.041569 0.042928 0.015108
13 15 0.040462 0.042928 0.015108
13 16 0.038495 0.042928 0.015108
13 17 0.036650 0.042928 0.015108
13 18 0.032099 0.042928 0.015108
13 19 0.027426 0.042928 0.015108
13 20 0.026442 0.042928 0.015108
14 0 0.058910 0.042928 0.015108
14 1 0.065306 0.042928 0.015108
14 2 0.064076 0.042928 0.015108
14 3 0.063338 0.042928 0.015108
14 4 0.061985 0.042928 0.015108
14 5 0.056451 0.042928 0.015108
14 6 0.052515 0.042928 0.015108
14 7 0.050916 0.042928 0.015108
14 8 0.049932 0.042928 0.015108
14 9 0.049809 0.042928 0.015108
14 10 0.048457 0.042928 0.015108
14 11 0.045874 0.042928 0.015108
14 12 0.045874 0.042928 0.015108
14 13 0.042676 0.042928 0.015108
14 14 0.039356 0.042928 0.015108
14 15 0.036404 0.042928 0.015108
14 16 0.034559 0.042928 0.015108
14 17 0.032837 0.042928 0.015108
14 18 0.028779 0.042928 0.015108
14 19 0.025089 0.042928 0.015108
14 20 0.023736 0.042928 0.015108
15 0 0.067396 0.042928 0.015108
15 1 0.071086 0.042928 0.015108
15 2 0.070963 0.042928 0.015108
15 3 0.068380 0.042928 0.015108
15 4 0.065060 0.042928 0.015108
15 5 0.060509 0.042928 0.015108
15 6 0.053130 0.042928 0.015108
15 7 0.050670 0.042928 0.015108
15 8 0.049317 0.042928 0.015108
15 9 0.045997 0.042928 0.015108
15 10 0.044644 0.042928 0.015108
15 11 0.042799 0.042928 0.015108
15 12 0.040462 0.042928 0.015108
15 13 0.040831 0.042928 0.015108
15 14 0.035420 0.042928 0.015108
15 15 0.032714 0.042928 0.015108
15 16 0.030870 0.042928 0.015108
15 17 0.029025 0.042928 0.015108
15 18 0.025335 0.042928 0.015108
15 19 0.022260 0.042928 0.015108
15 20 0.019186 0.042928 0.015108
16 0 0.071578 0.042928 0.015108
16 1 0.074653 0.042928 0.015108
16 2 0.075022 0.042928 0.015108
16 3 0.072562 0.042928 0.015108
16 4 0.069610 0.042928 0.015108
16 5 0.064568 0.042928 0.015108
16 6 0.056943 0.042928 0.015108
16 7 0.050547 0.042928 0.015108
16 8 0.046612 0.042928 0.015108
16 9 0.043660 0.042928 0.015108
16 10 0.042184 0.042928 0.015108
16 11 0.039847 0.042928 0.015108
16 12 0.038864 0.042928 0.015108
16 13 0.036281 0.042928 0.015108
16 14 0.032837 0.042928 0.015108
16 15 0.031484 0.042928 0.015108
16 16 0.027918 0.042928 0.015108
16 17 0.022629 0.042928 0.015108
16 18 0.021769 0.042928 0.015108
16 19 0.018571 0.042928 0.015108
16 20 0.016849 0.042928 0.015108
17 0 0.070471 0.042928 0.015108
17 1 0.076251 0.042928 0.015108
17 2 0.077235 0.042928 0.015108
17 3 0.076989 0.042928 0.015108
17 4 0.070225 0.042928 0.015108
17 5 0.062723 0.042928 0.015108
17 6 0.056328 0.042928 0.015108
17 7 0.048948 0.042928 0.015108
17 8 0.043291 0.042928 0.015108
17 9 0.042676 0.042928 0.015108
17 10 0.039970 0.042928 0.015108
17 11 0.037880 0.042928 0.015108
17 12 0.036158 0.042928 0.015108
17 13 0.034190 0.042928 0.015108
17 14 0.030747 0.042928 0.015108
17 15 0.026442 0.042928 0.015108
17 16 0.023490 0.042928 0.015108
17 17 0.020662 0.042928 0.015108
17 18 0.018079 0.042928 0.015108
17 19 0.017587 0.042928 0.015108
17 20 0.018448 0.042928 0.015108
18 0 0.069610 0.042928 0.015108
18 1 0.074038 0.042928 0.015108
18 2 0.076374 0.042928 0.015108
18 3 0.076128 0.042928 0.015108
18 4 0.070594 0.042928 0.015108
18 5 0.061370 0.042928 0.015108
18 6 0.053376 0.042928 0.015108
18 7 0.044521 0.042928 0.015108
18 8 0.040093 0.042928 0.015108
18 9 0.039970 0.042928 0.015108
18 10 0.038864 0.042928 0.015108
18 11 0.037265 0.042928 0.015108
18 12 0.032591 0.042928 0.015108
18 13 0.031730 0.042928 0.015108
18 14 0.028656 0.042928 0.015108
18 15 0.024105 0.042928 0.015108
18 16 0.021892 0.042928 0.015108
18 17 0.018325 0.042928 0.015108
18 18 0.017710 0.042928 0.015108
18 19 0.018202 0.042928 0.015108
18 20 0.019678 0.042928 0.015108
19 0 0.061739 0.042928 0.015108
19 1 0.065921 0.042928 0.015108
19 2 0.069118 0.042928 0.015108
19 3 0.066904 0.042928 0.015108
19 4 0.064322 0.042928 0.015108
19 5 0.055467 0.042928 0.015108
19 6 0.048334 0.042928 0.015108
19 7 0.041200 0.042928 0.015108
19 8 0.038003 0.042928 0.015108
19 9 0.036773 0.042928 0.015108
19 10 0.033452 0.042928 0.015108
19 11 0.032960 0.042928 0.015108
19 12 0.030747 0.042928 0.015108
19 13 0.028164 0.042928 0.015108
19 14 0.025827 0.042928 0.015108
19 15 0.023490 0.042928 0.015108
19 16 0.021400 0.042928 0.015108
19 17 0.017710 0.042928 0.015108
19 18 0.018202 0.042928 0.015108
19 19 0.020662 0.042928 0.015108
19 20 0.020662 0.042928 0.015108
20 0 0.054729 0.042928 0.015108
20 1 0.058049 0.042928 0.015108
20 2 0.059525 0.042928 0.015108
20 3 0.059033 0.042928 0.015108
20 4 0.054852 0.042928 0.015108
20 5 0.048948 0.042928 0.015108
20 6 0.044398 0.042928 0.015108
20 7 0.039970 0.042928 0.015108
20 8 0.036527 0.042928 0.015108
20 9 0.033083 0.042928 0.015108
20 10 0.030870 0.042928 0.015108
20 11 0.031976 0.042928 0.015108
20 12 0.029886 0.042928 0.015108
20 13 0.025827 0.042928 0.015108
20 14 0.025089 0.042928 0.015108
20 15 0.021892 0.042928 0.015108
20 16 0.020293 0.042928 0.015108
20 17 0.019063 0.042928 0.015108
20 18 0.020047 0.042928 0.015108
20 19 0.018571 0.042928 0.015108
20 20 0.020785 0.042928 0.015108
