# contact distance = 16.0 Angstroms
# F = 0.4 kJ/mol

# i j contact_probability mean_contact_probability stddev_contact_probability
0 0 0.019643 0.039457 0.013383
0 1 0.016837 0.039457 0.013383
0 2 0.017663 0.039457 0.013383
0 3 0.014691 0.039457 0.013383
0 4 0.016177 0.039457 0.013383
0 5 0.020304 0.039457 0.013383
0 6 0.021129 0.039457 0.013383
0 7 0.022945 0.039457 0.013383
0 8 0.024926 0.039457 0.013383
0 9 0.029218 0.039457 0.013383
0 10 0.031198 0.039457 0.013383
0 11 0.032519 0.039457 0.013383
0 12 0.036316 0.039457 0.013383
0 13 0.040773 0.039457 0.013383
0 14 0.042753 0.039457 0.013383
0 15 0.047210 0.039457 0.013383
0 16 0.051502 0.039457 0.013383
0 17 0.053978 0.039457 0.013383
0 18 0.055134 0.039457 0.013383
0 19 0.056289 0.039457 0.013383
0 20 0.054969 0.039457 0.013383
1 0 0.017167 0.039457 0.013383
1 1 0.014856 0.039457 0.013383
1 2 0.013866 0.039457 0.013383
1 3 0.013536 0.039457 0.013383
1 4 0.017167 0.039457 0.013383
1 5 0.019809 0.039457 0.013383
1 6 0.023440 0.039457 0.013383
1 7 0.023440 0.039457 0.013383
1 8 0.026081 0.039457 0.013383
1 9 0.032354 0.039457 0.013383
1 10 0.033344 0.039457 0.013383
1 11 0.035490 0.039457 0.013383
1 12 0.038131 0.039457 0.013383
1 13 0.039782 0.039457 0.013383
1 14 0.046385 0.039457 0.013383
1 15 0.050182 0.039457 0.013383
1 16 0.056619 0.039457 0.013383
1 17 0.059426 0.039457 0.013383
1 18 0.060251 0.039457 0.013383
1 19 0.060416 0.039457 0.013383
1 20 0.056949 0.039457 0.013383
2 0 0.016837 0.039457 0.013383
2 1 0.013866 0.039457 0.013383
2 2 0.011060 0.039457 0.013383
2 3 0.012215 0.039457 0.013383
2 4 0.015021 0.039457 0.013383
2 5 0.018488 0.039457 0.013383
2 6 0.021624 0.039457 0.013383
2 7 0.026741 0.039457 0.013383
2 8 0.029383 0.039457 0.013383
2 9 0.032024 0.039457 0.013383
2 10 0.033840 0.039457 0.013383
2 11 0.036811 0.039457 0.013383
2 12 0.039287 0.039457 0.013383
2 13 0.044899 0.039457 0.013383
2 14 0.049851 0.039457 0.013383
2 15 0.054969 0.039457 0.013383
2 16 0.059260 0.039457 0.013383
2 17 0.060746 0.039457 0.013383
2 18 0.061076 0.039457 0.013383
2 19 0.062232 0.039457 0.013383
2 20 0.057940 0.039457 0.013383
3 0 0.016672 0.039457 0.013383
3 1 0.013866 0.039457 0.013383
3 2 0.011720 0.039457 0.013383
3 3 0.011060 0.039457 0.013383
3 4 0.015187 0.039457 0.013383
3 5 0.019809 0.039457 0.013383
3 6 0.023935 0.039457 0.013383
3 7 0.029052 0.039457 0.013383
3 8 0.031859 0.039457 0.013383
3 9 0.032684 0.039457 0.013383
3 10 0.035490 0.039457 0.013383
3 11 0.037801 0.039457 0.013383
3 12 0.042423 0.039457 0.013383
3 13 0.046550 0.039457 0.013383
3 14 0.049521 0.039457 0.013383
3 15 0.055794 0.039457 0.013383
3 16 0.060086 0.039457 0.013383
3 17 0.063552 0.039457 0.013383
3 18 0.060251 0.039457 0.013383
3 19 0.061737 0.039457 0.013383
3 20 0.057115 0.039457 0.013383
4 0 0.017167 0.039457 0.013383
4 1 0.016342 0.039457 0.013383
4 2 0.016012 0.039457 0.013383
4 3 0.014031 0.039457 0.013383
4 4 0.017167 0.039457 0.013383
4 5 0.021624 0.039457 0.013383
4 6 0.025751 0.039457 0.013383
4 7 0.031198 0.039457 0.013383
4 8 0.032849 0.039457 0.013383
4 9 0.035655 0.039457 0.013383
4 10 0.037306 0.039457 0.013383
4 11 0.041763 0.039457 0.013383
4 12 0.047210 0.039457 0.013383
4 13 0.048696 0.039457 0.013383
4 14 0.050182 0.039457 0.013383
4 15 0.056289 0.039457 0.013383
4 16 0.058930 0.039457 0.013383
4 17 0.062067 0.039457 0.013383
4 18 0.060581 0.039457 0.013383
4 19 0.058105 0.039457 0.013383
4 20 0.053978 0.039457 0.013383
5 0 0.020139 0.039457 0.013383
5 1 0.019478 0.039457 0.013383
5 2 0.017002 0.039457 0.013383
5 3 0.017167 0.039457 0.013383
5 4 0.018818 0.039457 0.013383
5 5 0.024926 0.039457 0.013383
5 6 0.026907 0.039457 0.013383
5 7 0.032024 0.039457 0.013383
5 8 0.035160 0.039457 0.013383
5 9 0.040442 0.039457 0.013383
5 10 0.042588 0.039457 0.013383
5 11 0.045890 0.039457 0.013383
5 12 0.050347 0.039457 0.013383
5 13 0.049521 0.039457 0.013383
5 14 0.049521 0.039457 0.013383
5 15 0.054473 0.039457 0.013383
5 16 0.058435 0.039457 0.013383
5 17 0.058930 0.039457 0.013383
5 18 0.056619 0.039457 0.013383
5 19 0.053813 0.039457 0.013383
5 20 0.048036 0.039457 0.013383
6 0 0.021954 0.039457 0.013383
6 1 0.021459 0.039457 0.013383
6 2 0.021129 0.039457 0.013383
6 3 0.021459 0.039457 0.013383
6 4 0.023935 0.039457 0.013383
6 5 0.026741 0.039457 0.013383
6 6 0.032024 0.039457 0.013383
6 7 0.032849 0.039457 0.013383
6 8 0.037801 0.039457 0.013383
6 9 0.042588 0.039457 0.013383
6 10 0.045064 0.039457 0.013383
6 11 0.048696 0.039457 0.013383
6 12 0.050347 0.039457 0.013383
6 13 0.053978 0.039457 0.013383
6 14 0.053648 0.039457 0.013383
6 15 0.051997 0.039457 0.013383
6 16 0.052823 0.039457 0.013383
6 17 0.053648 0.039457 0.013383
6 18 0.051832 0.039457 0.013383
6 19 0.047871 0.039457 0.013383
6 20 0.041928 0.039457 0.013383
7 0 0.025421 0.039457 0.013383
7 1 0.024926 0.039457 0.013383
7 2 0.022120 0.039457 0.013383
7 3 0.021954 0.039457 0.013383
7 4 0.023770 0.039457 0.013383
7 5 0.028227 0.039457 0.013383
7 6 0.033840 0.039457 0.013383
7 7 0.038296 0.039457 0.013383
7 8 0.041598 0.039457 0.013383
7 9 0.045560 0.039457 0.013383
7 10 0.048531 0.039457 0.013383
7 11 0.050182 0.039457 0.013383
7 12 0.052162 0.039457 0.013383
7 13 0.051007 0.039457 0.013383
7 14 0.051832 0.039457 0.013383
7 15 0.051172 0.039457 0.013383
7 16 0.049521 0.039457 0.013383
7 17 0.048366 0.039457 0.013383
7 18 0.045229 0.039457 0.013383
7 19 0.043084 0.039457 0.013383
7 20 0.035325 0.039457 0.013383
8 0 0.028062 0.039457 0.013383
8 1 0.025586 0.039457 0.013383
8 2 0.026081 0.039457 0.013383
8 3 0.025916 0.039457 0.013383
8 4 0.026907 0.039457 0.013383
8 5 0.032684 0.039457 0.013383
8 6 0.034335 0.039457 0.013383
8 7 0.042423 0.039457 0.013383
8 8 0.042753 0.039457 0.013383
8 9 0.049356 0.039457 0.013383
8 10 0.050182 0.039457 0.013383
8 11 0.052162 0.039457 0.013383
8 12 0.051667 0.039457 0.013383
8 13 0.049521 0.039457 0.013383
8 14 0.051172 0.039457 0.013383
8 15 0.050347 0.039457 0.013383
8 16 0.048696 0.039457 0.013383
8 17 0.044074 0.039457 0.013383
8 18 0.040277 0.039457 0.013383
8 19 0.035160 0.039457 0.013383
8 20 0.032024 0.039457 0.013383
9 0 0.028392 0.039457 0.013383
9 1 0.027237 0.039457 0.013383
9 2 0.027732 0.039457 0.013383
9 3 0.030043 0.039457 0.013383
9 4 0.033344 0.039457 0.013383
9 5 0.035490 0.039457 0.013383
9 6 0.039947 0.039457 0.013383
9 7 0.044569 0.039457 0.013383
9 8 0.046550 0.039457 0.013383
9 9 0.050182 0.039457 0.013383
9 10 0.052658 0.039457 0.013383
9 11 0.053813 0.039457 0.013383
9 12 0.050182 0.039457 0.013383
9 13 0.049356 0.039457 0.013383
9 14 0.047540 0.039457 0.013383
9 15 0.046715 0.039457 0.013383
9 16 0.043744 0.039457 0.013383
9 17 0.042093 0.039457 0.013383
9 18 0.036646 0.039457 0.013383
9 19 0.032519 0.039457 0.013383
9 20 0.031198 0.039457 0.013383
10 0 0.029878 0.039457 0.013383
10 1 0.031694 0.039457 0.013383
10 2 0.032024 0.039457 0.013383
10 3 0.032684 0.039457 0.013383
10 4 0.038957 0.039457 0.013383
10 5 0.039122 0.039457 0.013383
10 6 0.041928 0.039457 0.013383
10 7 0.046055 0.039457 0.013383
10 8 0.047540 0.039457 0.013383
10 9 0.050017 0.039457 0.013383
10 10 0.051007 0.039457 0.013383
10 11 0.051172 0.039457 0.013383
10 12 0.049356 0.039457 0.013383
10 13 0.050017 0.039457 0.013383
10 14 0.047045 0.039457 0.013383
10 15 0.044899 0.039457 0.013383
10 16 0.045560 0.039457 0.013383
10 17 0.039947 0.039457 0.013383
10 18 0.036646 0.039457 0.013383
10 19 0.032519 0.039457 0.013383
10 20 0.029548 0.039457 0.013383
11 0 0.033509 0.039457 0.013383
11 1 0.034830 0.039457 0.013383
11 2 0.035985 0.039457 0.013383
11 3 0.037306 0.039457 0.013383
11 4 0.040773 0.039457 0.013383
11 5 0.042423 0.039457 0.013383
11 6 0.041928 0.039457 0.013383
11 7 0.045395 0.039457 0.013383
11 8 0.047375 0.039457 0.013383
11 9 0.048531 0.039457 0.013383
11 10 0.048201 0.039457 0.013383
11 11 0.049026 0.039457 0.013383
11 12 0.048696 0.039457 0.013383
11 13 0.045890 0.039457 0.013383
11 14 0.044074 0.039457 0.013383
11 15 0.042753 0.039457 0.013383
11 16 0.042093 0.039457 0.013383
11 17 0.039617 0.039457 0.013383
11 18 0.034335 0.039457 0.013383
11 19 0.030868 0.039457 0.013383
11 20 0.028722 0.039457 0.013383
12 0 0.035820 0.039457 0.013383
12 1 0.040112 0.039457 0.013383
12 2 0.041268 0.039457 0.013383
12 3 0.043414 0.039457 0.013383
12 4 0.044404 0.039457 0.013383
12 5 0.044239 0.039457 0.013383
12 6 0.045725 0.039457 0.013383
12 7 0.046220 0.039457 0.013383
12 8 0.047540 0.039457 0.013383
12 9 0.048531 0.039457 0.013383
12 10 0.048696 0.039457 0.013383
12 11 0.049521 0.039457 0.013383
12 12 0.048201 0.039457 0.013383
12 13 0.045229 0.039457 0.013383
12 14 0.042588 0.039457 0.013383
12 15 0.040277 0.039457 0.013383
12 16 0.037141 0.039457 0.013383
12 17 0.035655 0.039457 0.013383
12 18 0.033179 0.039457 0.013383
12 19 0.030538 0.039457 0.013383
12 20 0.026411 0.039457 0.013383
13 0 0.040938 0.039457 0.013383
13 1 0.043084 0.039457 0.013383
13 2 0.044899 0.039457 0.013383
13 3 0.047210 0.039457 0.013383
13 4 0.047045 0.039457 0.013383
13 5 0.048861 0.039457 0.013383
13 6 0.048366 0.039457 0.013383
13 7 0.049356 0.039457 0.013383
13 8 0.047706 0.039457 0.013383
13 9 0.046715 0.039457 0.013383
13 10 0.045229 0.039457 0.013383
13 11 0.044734 0.039457 0.013383
13 12 0.045395 0.039457 0.013383
13 13 0.042753 0.039457 0.013383
13 14 0.040607 0.039457 0.013383
13 15 0.037306 0.039457 0.013383
13 16 0.034830 0.039457 0.013383
13 17 0.031859 0.039457 0.013383
13 18 0.030703 0.039457 0.013383
13 19 0.029218 0.039457 0.013383
13 20 0.024100 0.039457 0.013383
14 0 0.043744 0.039457 0.013383
14 1 0.047375 0.039457 0.013383
14 2 0.048861 0.039457 0.013383
14 3 0.052493 0.039457 0.013383
14 4 0.050512 0.039457 0.013383
14 5 0.051832 0.039457 0.013383
14 6 0.052823 0.039457 0.013383
14 7 0.051172 0.039457 0.013383
14 8 0.047210 0.039457 0.013383
14 9 0.044734 0.039457 0.013383
14 10 0.043579 0.039457 0.013383
14 11 0.043744 0.039457 0.013383
14 12 0.044074 0.039457 0.013383
14 13 0.041268 0.039457 0.013383
14 14 0.036976 0.039457 0.013383
14 15 0.034830 0.039457 0.013383
14 16 0.032189 0.039457 0.013383
14 17 0.031694 0.039457 0.013383
14 18 0.028392 0.039457 0.013383
14 19 0.025586 0.039457 0.013383
14 20 0.023935 0.039457 0.013383
15 0 0.049686 0.039457 0.013383
15 1 0.054804 0.039457 0.013383
15 2 0.055464 0.039457 0.013383
15 3 0.056784 0.039457 0.013383
15 4 0.055794 0.039457 0.013383
15 5 0.053648 0.039457 0.013383
15 6 0.049521 0.039457 0.013383
15 7 0.050677 0.039457 0.013383
15 8 0.046715 0.039457 0.013383
15 9 0.043249 0.039457 0.013383
15 10 0.041433 0.039457 0.013383
15 11 0.040112 0.039457 0.013383
15 12 0.040277 0.039457 0.013383
15 13 0.039947 0.039457 0.013383
15 14 0.034995 0.039457 0.013383
15 15 0.032519 0.039457 0.013383
15 16 0.031529 0.039457 0.013383
15 17 0.028722 0.039457 0.013383
15 18 0.025091 0.039457 0.013383
15 19 0.022450 0.039457 0.013383
15 20 0.021129 0.039457 0.013383
16 0 0.054143 0.039457 0.013383
16 1 0.063222 0.039457 0.013383
16 2 0.062892 0.039457 0.013383
16 3 0.063057 0.039457 0.013383
16 4 0.060911 0.039457 0.013383
16 5 0.056784 0.039457 0.013383
16 6 0.051832 0.039457 0.013383
16 7 0.049191 0.039457 0.013383
16 8 0.045395 0.039457 0.013383
16 9 0.042258 0.039457 0.013383
16 10 0.042093 0.039457 0.013383
16 11 0.039947 0.039457 0.013383
16 12 0.037471 0.039457 0.013383
16 13 0.036646 0.039457 0.013383
16 14 0.034170 0.039457 0.013383
16 15 0.030208 0.039457 0.013383
16 16 0.029713 0.039457 0.013383
16 17 0.026246 0.039457 0.013383
16 18 0.024926 0.039457 0.013383
16 19 0.020964 0.039457 0.013383
16 20 0.022285 0.039457 0.013383
17 0 0.059921 0.039457 0.013383
17 1 0.065698 0.039457 0.013383
17 2 0.066359 0.039457 0.013383
17 3 0.064048 0.039457 0.013383
17 4 0.060746 0.039457 0.013383
17 5 0.057610 0.039457 0.013383
17 6 0.050017 0.039457 0.013383
17 7 0.047871 0.039457 0.013383
17 8 0.042588 0.039457 0.013383
17 9 0.040607 0.039457 0.013383
17 10 0.039452 0.039457 0.013383
17 11 0.038627 0.039457 0.013383
17 12 0.034830 0.039457 0.013383
17 13 0.033674 0.039457 0.013383
17 14 0.030703 0.039457 0.013383
17 15 0.029052 0.039457 0.013383
17 16 0.027072 0.039457 0.013383
17 17 0.025421 0.039457 0.013383
17 18 0.023440 0.039457 0.013383
17 19 0.020304 0.039457 0.013383
17 20 0.023440 0.039457 0.013383
18 0 0.062232 0.039457 0.013383
18 1 0.066028 0.039457 0.013383
18 2 0.066359 0.039457 0.013383
18 3 0.064048 0.039457 0.013383
18 4 0.060416 0.039457 0.013383
18 5 0.058765 0.039457 0.013383
18 6 0.051502 0.039457 0.013383
18 7 0.044734 0.039457 0.013383
18 8 0.042588 0.039457 0.013383
18 9 0.038131 0.039457 0.013383
18 10 0.035490 0.039457 0.013383
18 11 0.034170 0.039457 0.013383
18 12 0.031694 0.039457 0.013383
18 13 0.030208 0.039457 0.013383
18 14 0.028887 0.039457 0.013383
18 15 0.026246 0.039457 0.013383
18 16 0.027072 0.039457 0.013383
18 17 0.024761 0.039457 0.013383
18 18 0.020634 0.039457 0.013383
18 19 0.019974 0.039457 0.013383
18 20 0.021129 0.039457 0.013383
19 0 0.059260 0.039457 0.013383
19 1 0.064708 0.039457 0.013383
19 2 0.066524 0.039457 0.013383
19 3 0.062727 0.039457 0.013383
19 4 0.060581 0.039457 0.013383
19 5 0.056454 0.039457 0.013383
19 6 0.050347 0.039457 0.013383
19 7 0.043744 0.039457 0.013383
19 8 0.040442 0.039457 0.013383
19 9 0.035985 0.039457 0.013383
19 10 0.031363 0.039457 0.013383
19 11 0.029052 0.039457 0.013383
19 12 0.028722 0.039457 0.013383
19 13 0.028887 0.039457 0.013383
19 14 0.026576 0.039457 0.013383
19 15 0.023275 0.039457 0.013383
19 16 0.023605 0.039457 0.013383
19 17 0.021294 0.039457 0.013383
19 18 0.020469 0.039457 0.013383
19 19 0.019809 0.039457 0.013383
19 20 0.021129 0.039457 0.013383
20 0 0.054804 0.039457 0.013383
20 1 0.062562 0.039457 0.013383
20 2 0.063057 0.039457 0.013383
20 3 0.061406 0.039457 0.013383
20 4 0.056454 0.039457 0.013383
20 5 0.053483 0.039457 0.013383
20 6 0.047871 0.039457 0.013383
20 7 0.041103 0.039457 0.013383
20 8 0.036646 0.039457 0.013383
20 9 0.032849 0.039457 0.013383
20 10 0.029713 0.039457 0.013383
20 11 0.027567 0.039457 0.013383
20 12 0.026741 0.039457 0.013383
20 13 0.024926 0.039457 0.013383
20 14 0.023440 0.039457 0.013383
20 15 0.023110 0.039457 0.013383
20 16 0.021624 0.039457 0.013383
20 17 0.022780 0.039457 0.013383
20 18 0.019148 0.039457 0.013383
20 19 0.020139 0.039457 0.013383
20 20 0.020469 0.039457 0.013383
