# contact distance = 16.0 Angstroms
# F = 0.4 kJ/mol

# i j contact_probability mean_contact_probability stddev_contact_probability
0 0 0.031156 0.040517 0.014725
0 1 0.027876 0.040517 0.014725
0 2 0.025827 0.040517 0.014725
0 3 0.024050 0.040517 0.014725
0 4 0.025690 0.040517 0.014725
0 5 0.027330 0.040517 0.014725
0 6 0.032659 0.040517 0.014725
0 7 0.031019 0.040517 0.014725
0 8 0.032796 0.040517 0.014725
0 9 0.036759 0.040517 0.014725
0 10 0.038672 0.040517 0.014725
0 11 0.044138 0.040517 0.014725
0 12 0.050287 0.040517 0.014725
0 13 0.053976 0.040517 0.014725
0 14 0.056846 0.040517 0.014725
0 15 0.060809 0.040517 0.014725
0 16 0.064362 0.040517 0.014725
0 17 0.065728 0.040517 0.014725
0 18 0.064362 0.040517 0.014725
0 19 0.061356 0.040517 0.014725
0 20 0.054386 0.040517 0.014725
1 0 0.028423 0.040517 0.014725
1 1 0.025143 0.040517 0.014725
1 2 0.024050 0.040517 0.014725
1 3 0.021591 0.040517 0.014725
1 4 0.025280 0.040517 0.014725
1 5 0.027467 0.040517 0.014725
1 6 0.031566 0.040517 0.014725
1 7 0.032796 0.040517 0.014725
1 8 0.037305 0.040517 0.014725
1 9 0.038398 0.040517 0.014725
1 10 0.040722 0.040517 0.014725
1 11 0.045778 0.040517 0.014725
1 12 0.052747 0.040517 0.014725
1 13 0.057529 0.040517 0.014725
1 14 0.061766 0.040517 0.014725
1 15 0.064498 0.040517 0.014725
1 16 0.068051 0.040517 0.014725
1 17 0.067778 0.040517 0.014725
1 18 0.068598 0.040517 0.014725
1 19 0.065045 0.040517 0.014725
1 20 0.060672 0.040517 0.014725
2 0 0.024734 0.040517 0.014725
2 1 0.023504 0.040517 0.014725
2 2 0.020907 0.040517 0.014725
2 3 0.021454 0.040517 0.014725
2 4 0.023777 0.040517 0.014725
2 5 0.025690 0.040517 0.014725
2 6 0.031566 0.040517 0.014725
2 7 0.033752 0.040517 0.014725
2 8 0.036759 0.040517 0.014725
2 9 0.039355 0.040517 0.014725
2 10 0.041541 0.040517 0.014725
2 11 0.046734 0.040517 0.014725
2 12 0.052747 0.040517 0.014725
2 13 0.057803 0.040517 0.014725
2 14 0.061219 0.040517 0.014725
2 15 0.065728 0.040517 0.014725
2 16 0.068871 0.040517 0.014725
2 17 0.069828 0.040517 0.014725
2 18 0.067641 0.040517 0.014725
2 19 0.064089 0.040517 0.014725
2 20 0.059989 0.040517 0.014725
3 0 0.025280 0.040517 0.014725
3 1 0.023230 0.040517 0.014725
3 2 0.022001 0.040517 0.014725
3 3 0.024187 0.040517 0.014725
3 4 0.026237 0.040517 0.014725
3 5 0.026920 0.040517 0.014725
3 6 0.029926 0.040517 0.014725
3 7 0.033479 0.040517 0.014725
3 8 0.036759 0.040517 0.014725
3 9 0.040722 0.040517 0.014725
3 10 0.042908 0.040517 0.014725
3 11 0.047144 0.040517 0.014725
3 12 0.051517 0.040517 0.014725
3 13 0.057393 0.040517 0.014725
3 14 0.059579 0.040517 0.014725
3 15 0.063269 0.040517 0.014725
3 16 0.067095 0.040517 0.014725
3 17 0.065045 0.040517 0.014725
3 18 0.062585 0.040517 0.014725
3 19 0.058486 0.040517 0.014725
3 20 0.055206 0.040517 0.014725
4 0 0.026510 0.040517 0.014725
4 1 0.024597 0.040517 0.014725
4 2 0.024870 0.040517 0.014725
4 3 0.025827 0.040517 0.014725
4 4 0.025827 0.040517 0.014725
4 5 0.026920 0.040517 0.014725
4 6 0.029516 0.040517 0.014725
4 7 0.035802 0.040517 0.014725
4 8 0.038262 0.040517 0.014725
4 9 0.043591 0.040517 0.014725
4 10 0.044548 0.040517 0.014725
4 11 0.049877 0.040517 0.014725
4 12 0.050697 0.040517 0.014725
4 13 0.054660 0.040517 0.014725
4 14 0.056573 0.040517 0.014725
4 15 0.059306 0.040517 0.014725
4 16 0.059989 0.040517 0.014725
4 17 0.059579 0.040517 0.014725
4 18 0.054933 0.040517 0.014725
4 19 0.053840 0.040517 0.014725
4 20 0.048101 0.040517 0.014725
5 0 0.027193 0.040517 0.014725
5 1 0.026920 0.040517 0.014725
5 2 0.027057 0.040517 0.014725
5 3 0.029790 0.040517 0.014725
5 4 0.029380 0.040517 0.014725
5 5 0.031703 0.040517 0.014725
5 6 0.033752 0.040517 0.014725
5 7 0.039902 0.040517 0.014725
5 8 0.042908 0.040517 0.014725
5 9 0.047144 0.040517 0.014725
5 10 0.049467 0.040517 0.014725
5 11 0.051927 0.040517 0.014725
5 12 0.053976 0.040517 0.014725
5 13 0.056026 0.040517 0.014725
5 14 0.055753 0.040517 0.014725
5 15 0.056300 0.040517 0.014725
5 16 0.056436 0.040517 0.014725
5 17 0.054933 0.040517 0.014725
5 18 0.049604 0.040517 0.014725
5 19 0.046734 0.040517 0.014725
5 20 0.040858 0.040517 0.014725
6 0 0.027193 0.040517 0.014725
6 1 0.027740 0.040517 0.014725
6 2 0.029926 0.040517 0.014725
6 3 0.032932 0.040517 0.014725
6 4 0.033889 0.040517 0.014725
6 5 0.036349 0.040517 0.014725
6 6 0.039902 0.040517 0.014725
6 7 0.043728 0.040517 0.014725
6 8 0.045914 0.040517 0.014725
6 9 0.050150 0.040517 0.014725
6 10 0.052747 0.040517 0.014725
6 11 0.052473 0.040517 0.014725
6 12 0.054796 0.040517 0.014725
6 13 0.056300 0.040517 0.014725
6 14 0.054933 0.040517 0.014725
6 15 0.053293 0.040517 0.014725
6 16 0.049194 0.040517 0.014725
6 17 0.046051 0.040517 0.014725
6 18 0.045094 0.040517 0.014725
6 19 0.041268 0.040517 0.014725
6 20 0.035665 0.040517 0.014725
7 0 0.028423 0.040517 0.014725
7 1 0.031976 0.040517 0.014725
7 2 0.033069 0.040517 0.014725
7 3 0.036622 0.040517 0.014725
7 4 0.038535 0.040517 0.014725
7 5 0.040312 0.040517 0.014725
7 6 0.045368 0.040517 0.014725
7 7 0.047691 0.040517 0.014725
7 8 0.051653 0.040517 0.014725
7 9 0.053430 0.040517 0.014725
7 10 0.054523 0.040517 0.014725
7 11 0.054386 0.040517 0.014725
7 12 0.055206 0.040517 0.014725
7 13 0.056300 0.040517 0.014725
7 14 0.053430 0.040517 0.014725
7 15 0.047964 0.040517 0.014725
7 16 0.047554 0.040517 0.014725
7 17 0.043045 0.040517 0.014725
7 18 0.039902 0.040517 0.014725
7 19 0.038262 0.040517 0.014725
7 20 0.032796 0.040517 0.014725
8 0 0.030883 0.040517 0.014725
8 1 0.034572 0.040517 0.014725
8 2 0.035939 0.040517 0.014725
8 3 0.039765 0.040517 0.014725
8 4 0.040585 0.040517 0.014725
8 5 0.041951 0.040517 0.014725
8 6 0.047691 0.040517 0.014725
8 7 0.050560 0.040517 0.014725
8 8 0.055616 0.040517 0.014725
8 9 0.056163 0.040517 0.014725
8 10 0.055206 0.040517 0.014725
8 11 0.054796 0.040517 0.014725
8 12 0.056436 0.040517 0.014725
8 13 0.053976 0.040517 0.014725
8 14 0.050150 0.040517 0.014725
8 15 0.046187 0.040517 0.014725
8 16 0.045504 0.040517 0.014725
8 17 0.041541 0.040517 0.014725
8 18 0.038398 0.040517 0.014725
8 19 0.034846 0.040517 0.014725
8 20 0.031839 0.040517 0.014725
9 0 0.033889 0.040517 0.014725
9 1 0.036759 0.040517 0.014725
9 2 0.038398 0.040517 0.014725
9 3 0.040995 0.040517 0.014725
9 4 0.042908 0.040517 0.014725
9 5 0.041951 0.040517 0.014725
9 6 0.047007 0.040517 0.014725
9 7 0.050697 0.040517 0.014725
9 8 0.054796 0.040517 0.014725
9 9 0.055890 0.040517 0.014725
9 10 0.055616 0.040517 0.014725
9 11 0.053976 0.040517 0.014725
9 12 0.053703 0.040517 0.014725
9 13 0.048784 0.040517 0.014725
9 14 0.046187 0.040517 0.014725
9 15 0.044958 0.040517 0.014725
9 16 0.042498 0.040517 0.014725
9 17 0.037305 0.040517 0.014725
9 18 0.034436 0.040517 0.014725
9 19 0.030883 0.040517 0.014725
9 20 0.030063 0.040517 0.014725
10 0 0.035392 0.040517 0.014725
10 1 0.037442 0.040517 0.014725
10 2 0.041268 0.040517 0.014725
10 3 0.043454 0.040517 0.014725
10 4 0.043591 0.040517 0.014725
10 5 0.045094 0.040517 0.014725
10 6 0.047827 0.040517 0.014725
10 7 0.051790 0.040517 0.014725
10 8 0.053703 0.040517 0.014725
10 9 0.053703 0.040517 0.014725
10 10 0.052063 0.040517 0.014725
10 11 0.051244 0.040517 0.014725
10 12 0.048374 0.040517 0.014725
10 13 0.046051 0.040517 0.014725
10 14 0.041268 0.040517 0.014725
10 15 0.040312 0.040517 0.014725
10 16 0.036759 0.040517 0.014725
10 17 0.033752 0.040517 0.014725
10 18 0.031019 0.040517 0.014725
10 19 0.029106 0.040517 0.014725
10 20 0.027740 0.040517 0.014725
11 0 0.039492 0.040517 0.014725
11 1 0.041951 0.040517 0.014725
11 2 0.043181 0.040517 0.014725
11 3 0.045094 0.040517 0.014725
11 4 0.046461 0.040517 0.014725
11 5 0.046324 0.040517 0.014725
11 6 0.047691 0.040517 0.014725
11 7 0.050014 0.040517 0.014725
11 8 0.053157 0.040517 0.014725
11 9 0.051380 0.040517 0.014725
11 10 0.049330 0.040517 0.014725
11 11 0.045641 0.040517 0.014725
11 12 0.043454 0.040517 0.014725
11 13 0.041541 0.040517 0.014725
11 14 0.037715 0.040517 0.014725
11 15 0.036212 0.040517 0.014725
11 16 0.032659 0.040517 0.014725
11 17 0.029790 0.040517 0.014725
11 18 0.027467 0.040517 0.014725
11 19 0.025143 0.040517 0.014725
11 20 0.026373 0.040517 0.014725
12 0 0.043454 0.040517 0.014725
12 1 0.048647 0.040517 0.014725
12 2 0.050150 0.040517 0.014725
12 3 0.050560 0.040517 0.014725
12 4 0.050150 0.040517 0.014725
12 5 0.050150 0.040517 0.014725
12 6 0.049330 0.040517 0.014725
12 7 0.050014 0.040517 0.014725
12 8 0.051927 0.040517 0.014725
12 9 0.047691 0.040517 0.014725
12 10 0.045504 0.040517 0.014725
12 11 0.041951 0.040517 0.014725
12 12 0.039902 0.040517 0.014725
12 13 0.036075 0.040517 0.014725
12 14 0.032249 0.040517 0.014725
12 15 0.032523 0.040517 0.014725
12 16 0.028423 0.040517 0.014725
12 17 0.026783 0.040517 0.014725
12 18 0.024187 0.040517 0.014725
12 19 0.022547 0.040517 0.014725
12 20 0.023367 0.040517 0.014725
13 0 0.046734 0.040517 0.014725
13 1 0.052063 0.040517 0.014725
13 2 0.055753 0.040517 0.014725
13 3 0.054933 0.040517 0.014725
13 4 0.052337 0.040517 0.014725
13 5 0.050150 0.040517 0.014725
13 6 0.050150 0.040517 0.014725
13 7 0.048237 0.040517 0.014725
13 8 0.048784 0.040517 0.014725
13 9 0.045641 0.040517 0.014725
13 10 0.042771 0.040517 0.014725
13 11 0.039765 0.040517 0.014725
13 12 0.037715 0.040517 0.014725
13 13 0.033752 0.040517 0.014725
13 14 0.030200 0.040517 0.014725
13 15 0.028696 0.040517 0.014725
13 16 0.026647 0.040517 0.014725
13 17 0.023367 0.040517 0.014725
13 18 0.022684 0.040517 0.014725
13 19 0.019814 0.040517 0.014725
13 20 0.020361 0.040517 0.014725
14 0 0.052200 0.040517 0.014725
14 1 0.056300 0.040517 0.014725
14 2 0.059579 0.040517 0.014725
14 3 0.057666 0.040517 0.014725
14 4 0.054933 0.040517 0.014725
14 5 0.052337 0.040517 0.014725
14 6 0.048920 0.040517 0.014725
14 7 0.047417 0.040517 0.014725
14 8 0.045368 0.040517 0.014725
14 9 0.043591 0.040517 0.014725
14 10 0.041678 0.040517 0.014725
14 11 0.036759 0.040517 0.014725
14 12 0.033479 0.040517 0.014725
14 13 0.028696 0.040517 0.014725
14 14 0.028013 0.040517 0.014725
14 15 0.025007 0.040517 0.014725
14 16 0.023367 0.040517 0.014725
14 17 0.021864 0.040517 0.014725
14 18 0.020634 0.040517 0.014725
14 19 0.019951 0.040517 0.014725
14 20 0.018721 0.040517 0.014725
15 0 0.056846 0.040517 0.014725
15 1 0.062175 0.040517 0.014725
15 2 0.062722 0.040517 0.014725
15 3 0.060399 0.040517 0.014725
15 4 0.057393 0.040517 0.014725
15 5 0.052883 0.040517 0.014725
15 6 0.047417 0.040517 0.014725
15 7 0.044411 0.040517 0.014725
15 8 0.042361 0.040517 0.014725
15 9 0.042088 0.040517 0.014725
15 10 0.037715 0.040517 0.014725
15 11 0.033616 0.040517 0.014725
15 12 0.030336 0.040517 0.014725
15 13 0.026510 0.040517 0.014725
15 14 0.023504 0.040517 0.014725
15 15 0.021864 0.040517 0.014725
15 16 0.021044 0.040517 0.014725
15 17 0.020224 0.040517 0.014725
15 18 0.016535 0.040517 0.014725
15 19 0.015988 0.040517 0.014725
15 20 0.016671 0.040517 0.014725
16 0 0.059579 0.040517 0.014725
16 1 0.067095 0.040517 0.014725
16 2 0.067641 0.040517 0.014725
16 3 0.062449 0.040517 0.014725
16 4 0.057803 0.040517 0.014725
16 5 0.053430 0.040517 0.014725
16 6 0.049740 0.040517 0.014725
16 7 0.045094 0.040517 0.014725
16 8 0.042635 0.040517 0.014725
16 9 0.039492 0.040517 0.014725
16 10 0.034982 0.040517 0.014725
16 11 0.031703 0.040517 0.014725
16 12 0.027193 0.040517 0.014725
16 13 0.023504 0.040517 0.014725
16 14 0.022820 0.040517 0.014725
16 15 0.018584 0.040517 0.014725
16 16 0.018311 0.040517 0.014725
16 17 0.015988 0.040517 0.014725
16 18 0.013802 0.040517 0.014725
16 19 0.014485 0.040517 0.014725
16 20 0.016125 0.040517 0.014725
17 0 0.063269 0.040517 0.014725
17 1 0.068325 0.040517 0.014725
17 2 0.069008 0.040517 0.014725
17 3 0.063952 0.040517 0.014725
17 4 0.058349 0.040517 0.014725
17 5 0.054933 0.040517 0.014725
17 6 0.049467 0.040517 0.014725
17 7 0.045094 0.040517 0.014725
17 8 0.040585 0.040517 0.014725
17 9 0.037715 0.040517 0.014725
17 10 0.031429 0.040517 0.014725
17 11 0.027603 0.040517 0.014725
17 12 0.023640 0.040517 0.014725
17 13 0.020361 0.040517 0.014725
17 14 0.018858 0.040517 0.014725
17 15 0.017491 0.040517 0.014725
17 16 0.015305 0.040517 0.014725
17 17 0.013802 0.040517 0.014725
17 18 0.012298 0.040517 0.014725
17 19 0.012572 0.040517 0.014725
17 20 0.014485 0.040517 0.014725
18 0 0.061492 0.040517 0.014725
18 1 0.067231 0.040517 0.014725
18 2 0.065865 0.040517 0.014725
18 3 0.062722 0.040517 0.014725
18 4 0.059442 0.040517 0.014725
18 5 0.053020 0.040517 0.014725
18 6 0.048647 0.040517 0.014725
18 7 0.042361 0.040517 0.014725
18 8 0.037715 0.040517 0.014725
18 9 0.033479 0.040517 0.014725
18 10 0.029926 0.040517 0.014725
18 11 0.024050 0.040517 0.014725
18 12 0.021181 0.040517 0.014725
18 13 0.019131 0.040517 0.014725
18 14 0.018174 0.040517 0.014725
18 15 0.017491 0.040517 0.014725
18 16 0.015031 0.040517 0.014725
18 17 0.012845 0.040517 0.014725
18 18 0.012435 0.040517 0.014725
18 19 0.013392 0.040517 0.014725
18 20 0.014212 0.040517 0.014725
19 0 0.060672 0.040517 0.014725
19 1 0.063269 0.040517 0.014725
19 2 0.063132 0.040517 0.014725
19 3 0.060946 0.040517 0.014725
19 4 0.056026 0.040517 0.014725
19 5 0.050560 0.040517 0.014725
19 6 0.044958 0.040517 0.014725
19 7 0.039082 0.040517 0.014725
19 8 0.034846 0.040517 0.014725
19 9 0.030883 0.040517 0.014725
19 10 0.028696 0.040517 0.014725
19 11 0.023640 0.040517 0.014725
19 12 0.020087 0.040517 0.014725
19 13 0.018584 0.040517 0.014725
19 14 0.017764 0.040517 0.014725
19 15 0.015031 0.040517 0.014725
19 16 0.014075 0.040517 0.014725
19 17 0.012708 0.040517 0.014725
19 18 0.012845 0.040517 0.014725
19 19 0.012845 0.040517 0.014725
19 20 0.014758 0.040517 0.014725
20 0 0.054386 0.040517 0.014725
20 1 0.057803 0.040517 0.014725
20 2 0.056846 0.040517 0.014725
20 3 0.055616 0.040517 0.014725
20 4 0.050560 0.040517 0.014725
20 5 0.046871 0.040517 0.014725
20 6 0.039628 0.040517 0.014725
20 7 0.035119 0.040517 0.014725
20 8 0.031976 0.040517 0.014725
20 9 0.028013 0.040517 0.014725
20 10 0.025280 0.040517 0.014725
20 11 0.022137 0.040517 0.014725
20 12 0.019404 0.040517 0.014725
20 13 0.017354 0.040517 0.014725
20 14 0.018448 0.040517 0.014725
20 15 0.015715 0.040517 0.014725
20 16 0.014075 0.040517 0.014725
20 17 0.013528 0.040517 0.014725
20 18 0.014758 0.040517 0.014725
20 19 0.014621 0.040517 0.014725
20 20 0.015441 0.040517 0.014725
