# contact distance = 16.0 Angstroms
# F = 0.4 kJ/mol

# i j contact_probability mean_contact_probability stddev_contact_probability
0 0 0.016605 0.052061 0.015505
0 1 0.018199 0.052061 0.015505
0 2 0.020855 0.052061 0.015505
0 3 0.021918 0.052061 0.015505
0 4 0.023114 0.052061 0.015505
0 5 0.026036 0.052061 0.015505
0 6 0.030021 0.052061 0.015505
0 7 0.032147 0.052061 0.015505
0 8 0.034139 0.052061 0.015505
0 9 0.034405 0.052061 0.015505
0 10 0.034405 0.052061 0.015505
0 11 0.037194 0.052061 0.015505
0 12 0.040383 0.052061 0.015505
0 13 0.046759 0.052061 0.015505
0 14 0.053533 0.052061 0.015505
0 15 0.058581 0.052061 0.015505
0 16 0.065755 0.052061 0.015505
0 17 0.069872 0.052061 0.015505
0 18 0.072131 0.052061 0.015505
0 19 0.069607 0.052061 0.015505
0 20 0.062566 0.052061 0.015505
1 0 0.018332 0.052061 0.015505
1 1 0.015409 0.052061 0.015505
1 2 0.017933 0.052061 0.015505
1 3 0.022051 0.052061 0.015505
1 4 0.023778 0.052061 0.015505
1 5 0.026435 0.052061 0.015505
1 6 0.030287 0.052061 0.015505
1 7 0.031881 0.052061 0.015505
1 8 0.036132 0.052061 0.015505
1 9 0.035069 0.052061 0.015505
1 10 0.036132 0.052061 0.015505
1 11 0.039453 0.052061 0.015505
1 12 0.045696 0.052061 0.015505
1 13 0.050213 0.052061 0.015505
1 14 0.057386 0.052061 0.015505
1 15 0.063629 0.052061 0.015505
1 16 0.068544 0.052061 0.015505
1 17 0.073725 0.052061 0.015505
1 18 0.075053 0.052061 0.015505
1 19 0.073990 0.052061 0.015505
1 20 0.065887 0.052061 0.015505
2 0 0.019261 0.052061 0.015505
2 1 0.016738 0.052061 0.015505
2 2 0.017269 0.052061 0.015505
2 3 0.020723 0.052061 0.015505
2 4 0.023645 0.052061 0.015505
2 5 0.027365 0.052061 0.015505
2 6 0.032147 0.052061 0.015505
2 7 0.034671 0.052061 0.015505
2 8 0.036265 0.052061 0.015505
2 9 0.037327 0.052061 0.015505
2 10 0.040515 0.052061 0.015505
2 11 0.040781 0.052061 0.015505
2 12 0.048353 0.052061 0.015505
2 13 0.053666 0.052061 0.015505
2 14 0.060308 0.052061 0.015505
2 15 0.066286 0.052061 0.015505
2 16 0.071865 0.052061 0.015505
2 17 0.074522 0.052061 0.015505
2 18 0.076647 0.052061 0.015505
2 19 0.073592 0.052061 0.015505
2 20 0.068013 0.052061 0.015505
3 0 0.021652 0.052061 0.015505
3 1 0.020191 0.052061 0.015505
3 2 0.020058 0.052061 0.015505
3 3 0.022317 0.052061 0.015505
3 4 0.025638 0.052061 0.015505
3 5 0.030818 0.052061 0.015505
3 6 0.033475 0.052061 0.015505
3 7 0.037859 0.052061 0.015505
3 8 0.038656 0.052061 0.015505
3 9 0.042906 0.052061 0.015505
3 10 0.044235 0.052061 0.015505
3 11 0.046759 0.052061 0.015505
3 12 0.051275 0.052061 0.015505
3 13 0.053135 0.052061 0.015505
3 14 0.061504 0.052061 0.015505
3 15 0.068146 0.052061 0.015505
3 16 0.075983 0.052061 0.015505
3 17 0.079171 0.052061 0.015505
3 18 0.078507 0.052061 0.015505
3 19 0.074522 0.052061 0.015505
3 20 0.068146 0.052061 0.015505
4 0 0.024044 0.052061 0.015505
4 1 0.024575 0.052061 0.015505
4 2 0.022715 0.052061 0.015505
4 3 0.026302 0.052061 0.015505
4 4 0.031084 0.052061 0.015505
4 5 0.033077 0.052061 0.015505
4 6 0.035733 0.052061 0.015505
4 7 0.038390 0.052061 0.015505
4 8 0.042641 0.052061 0.015505
4 9 0.045032 0.052061 0.015505
4 10 0.046360 0.052061 0.015505
4 11 0.049416 0.052061 0.015505
4 12 0.054330 0.052061 0.015505
4 13 0.057120 0.052061 0.015505
4 14 0.065755 0.052061 0.015505
4 15 0.069208 0.052061 0.015505
4 16 0.077311 0.052061 0.015505
4 17 0.079304 0.052061 0.015505
4 18 0.077311 0.052061 0.015505
4 19 0.070537 0.052061 0.015505
4 20 0.060175 0.052061 0.015505
5 0 0.024708 0.052061 0.015505
5 1 0.025638 0.052061 0.015505
5 2 0.026966 0.052061 0.015505
5 3 0.028826 0.052061 0.015505
5 4 0.031084 0.052061 0.015505
5 5 0.037991 0.052061 0.015505
5 6 0.039453 0.052061 0.015505
5 7 0.041445 0.052061 0.015505
5 8 0.045165 0.052061 0.015505
5 9 0.049283 0.052061 0.015505
5 10 0.051275 0.052061 0.015505
5 11 0.054862 0.052061 0.015505
5 12 0.058448 0.052061 0.015505
5 13 0.060308 0.052061 0.015505
5 14 0.067083 0.052061 0.015505
5 15 0.070005 0.052061 0.015505
5 16 0.075717 0.052061 0.015505
5 17 0.076514 0.052061 0.015505
5 18 0.072928 0.052061 0.015505
5 19 0.066020 0.052061 0.015505
5 20 0.055128 0.052061 0.015505
6 0 0.026833 0.052061 0.015505
6 1 0.026435 0.052061 0.015505
6 2 0.029623 0.052061 0.015505
6 3 0.032944 0.052061 0.015505
6 4 0.035999 0.052061 0.015505
6 5 0.040515 0.052061 0.015505
6 6 0.044899 0.052061 0.015505
6 7 0.046892 0.052061 0.015505
6 8 0.048087 0.052061 0.015505
6 9 0.053135 0.052061 0.015505
6 10 0.054995 0.052061 0.015505
6 11 0.058050 0.052061 0.015505
6 12 0.060175 0.052061 0.015505
6 13 0.065223 0.052061 0.015505
6 14 0.069607 0.052061 0.015505
6 15 0.069740 0.052061 0.015505
6 16 0.072662 0.052061 0.015505
6 17 0.073326 0.052061 0.015505
6 18 0.069075 0.052061 0.015505
6 19 0.058847 0.052061 0.015505
6 20 0.050744 0.052061 0.015505
7 0 0.028826 0.052061 0.015505
7 1 0.030154 0.052061 0.015505
7 2 0.031615 0.052061 0.015505
7 3 0.034803 0.052061 0.015505
7 4 0.037991 0.052061 0.015505
7 5 0.044633 0.052061 0.015505
7 6 0.047556 0.052061 0.015505
7 7 0.051408 0.052061 0.015505
7 8 0.051939 0.052061 0.015505
7 9 0.056323 0.052061 0.015505
7 10 0.059378 0.052061 0.015505
7 11 0.062965 0.052061 0.015505
7 12 0.062035 0.052061 0.015505
7 13 0.063762 0.052061 0.015505
7 14 0.068013 0.052061 0.015505
7 15 0.066684 0.052061 0.015505
7 16 0.068810 0.052061 0.015505
7 17 0.068411 0.052061 0.015505
7 18 0.061902 0.052061 0.015505
7 19 0.055925 0.052061 0.015505
7 20 0.049681 0.052061 0.015505
8 0 0.030420 0.052061 0.015505
8 1 0.032014 0.052061 0.015505
8 2 0.031881 0.052061 0.015505
8 3 0.037327 0.052061 0.015505
8 4 0.043305 0.052061 0.015505
8 5 0.047290 0.052061 0.015505
8 6 0.052338 0.052061 0.015505
8 7 0.053401 0.052061 0.015505
8 8 0.055792 0.052061 0.015505
8 9 0.057253 0.052061 0.015505
8 10 0.058847 0.052061 0.015505
8 11 0.061105 0.052061 0.015505
8 12 0.064293 0.052061 0.015505
8 13 0.063231 0.052061 0.015505
8 14 0.066153 0.052061 0.015505
8 15 0.065755 0.052061 0.015505
8 16 0.068278 0.052061 0.015505
8 17 0.065755 0.052061 0.015505
8 18 0.058847 0.052061 0.015505
8 19 0.055128 0.052061 0.015505
8 20 0.045165 0.052061 0.015505
9 0 0.032412 0.052061 0.015505
9 1 0.035202 0.052061 0.015505
9 2 0.036132 0.052061 0.015505
9 3 0.040250 0.052061 0.015505
9 4 0.045298 0.052061 0.015505
9 5 0.051807 0.052061 0.015505
9 6 0.053135 0.052061 0.015505
9 7 0.056190 0.052061 0.015505
9 8 0.057651 0.052061 0.015505
9 9 0.060175 0.052061 0.015505
9 10 0.058847 0.052061 0.015505
9 11 0.063231 0.052061 0.015505
9 12 0.064825 0.052061 0.015505
9 13 0.064426 0.052061 0.015505
9 14 0.064028 0.052061 0.015505
9 15 0.065887 0.052061 0.015505
9 16 0.066419 0.052061 0.015505
9 17 0.062699 0.052061 0.015505
9 18 0.056323 0.052061 0.015505
9 19 0.051010 0.052061 0.015505
9 20 0.042242 0.052061 0.015505
10 0 0.034139 0.052061 0.015505
10 1 0.037327 0.052061 0.015505
10 2 0.040250 0.052061 0.015505
10 3 0.045829 0.052061 0.015505
10 4 0.050213 0.052061 0.015505
10 5 0.054463 0.052061 0.015505
10 6 0.056456 0.052061 0.015505
10 7 0.054729 0.052061 0.015505
10 8 0.057519 0.052061 0.015505
10 9 0.059644 0.052061 0.015505
10 10 0.060043 0.052061 0.015505
10 11 0.060043 0.052061 0.015505
10 12 0.062035 0.052061 0.015505
10 13 0.061371 0.052061 0.015505
10 14 0.063231 0.052061 0.015505
10 15 0.064825 0.052061 0.015505
10 16 0.063762 0.052061 0.015505
10 17 0.060441 0.052061 0.015505
10 18 0.053401 0.052061 0.015505
10 19 0.047157 0.052061 0.015505
10 20 0.039984 0.052061 0.015505
11 0 0.037859 0.052061 0.015505
11 1 0.039984 0.052061 0.015505
11 2 0.045829 0.052061 0.015505
11 3 0.050611 0.052061 0.015505
11 4 0.053666 0.052061 0.015505
11 5 0.058050 0.052061 0.015505
11 6 0.059644 0.052061 0.015505
11 7 0.057519 0.052061 0.015505
11 8 0.058316 0.052061 0.015505
11 9 0.061902 0.052061 0.015505
11 10 0.059644 0.052061 0.015505
11 11 0.061504 0.052061 0.015505
11 12 0.062965 0.052061 0.015505
11 13 0.062301 0.052061 0.015505
11 14 0.063895 0.052061 0.015505
11 15 0.062035 0.052061 0.015505
11 16 0.060840 0.052061 0.015505
11 17 0.054729 0.052061 0.015505
11 18 0.051010 0.052061 0.015505
11 19 0.047556 0.052061 0.015505
11 20 0.039320 0.052061 0.015505
12 0 0.041711 0.052061 0.015505
12 1 0.045962 0.052061 0.015505
12 2 0.050345 0.052061 0.015505
12 3 0.052471 0.052061 0.015505
12 4 0.058050 0.052061 0.015505
12 5 0.061238 0.052061 0.015505
12 6 0.063098 0.052061 0.015505
12 7 0.062832 0.052061 0.015505
12 8 0.063496 0.052061 0.015505
12 9 0.064293 0.052061 0.015505
12 10 0.063629 0.052061 0.015505
12 11 0.064160 0.052061 0.015505
12 12 0.064825 0.052061 0.015505
12 13 0.062832 0.052061 0.015505
12 14 0.062035 0.052061 0.015505
12 15 0.061769 0.052061 0.015505
12 16 0.058714 0.052061 0.015505
12 17 0.053799 0.052061 0.015505
12 18 0.050080 0.052061 0.015505
12 19 0.044235 0.052061 0.015505
12 20 0.037460 0.052061 0.015505
13 0 0.044766 0.052061 0.015505
13 1 0.050478 0.052061 0.015505
13 2 0.053799 0.052061 0.015505
13 3 0.058448 0.052061 0.015505
13 4 0.061902 0.052061 0.015505
13 5 0.066153 0.052061 0.015505
13 6 0.065887 0.052061 0.015505
13 7 0.064825 0.052061 0.015505
13 8 0.064028 0.052061 0.015505
13 9 0.061637 0.052061 0.015505
13 10 0.060840 0.052061 0.015505
13 11 0.063629 0.052061 0.015505
13 12 0.063363 0.052061 0.015505
13 13 0.063496 0.052061 0.015505
13 14 0.059245 0.052061 0.015505
13 15 0.056589 0.052061 0.015505
13 16 0.056722 0.052061 0.015505
13 17 0.051541 0.052061 0.015505
13 18 0.047423 0.052061 0.015505
13 19 0.040648 0.052061 0.015505
13 20 0.034803 0.052061 0.015505
14 0 0.050877 0.052061 0.015505
14 1 0.056456 0.052061 0.015505
14 2 0.060175 0.052061 0.015505
14 3 0.063231 0.052061 0.015505
14 4 0.064692 0.052061 0.015505
14 5 0.067747 0.052061 0.015505
14 6 0.067481 0.052061 0.015505
14 7 0.066950 0.052061 0.015505
14 8 0.065887 0.052061 0.015505
14 9 0.063496 0.052061 0.015505
14 10 0.060175 0.052061 0.015505
14 11 0.059245 0.052061 0.015505
14 12 0.061637 0.052061 0.015505
14 13 0.060972 0.052061 0.015505
14 14 0.058183 0.052061 0.015505
14 15 0.057253 0.052061 0.015505
14 16 0.054862 0.052061 0.015505
14 17 0.047821 0.052061 0.015505
14 18 0.043172 0.052061 0.015505
14 19 0.038656 0.052061 0.015505
14 20 0.035335 0.052061 0.015505
15 0 0.056854 0.052061 0.015505
15 1 0.065489 0.052061 0.015505
15 2 0.066020 0.052061 0.015505
15 3 0.067349 0.052061 0.015505
15 4 0.069872 0.052061 0.015505
15 5 0.068943 0.052061 0.015505
15 6 0.071201 0.052061 0.015505
15 7 0.069740 0.052061 0.015505
15 8 0.066684 0.052061 0.015505
15 9 0.062699 0.052061 0.015505
15 10 0.061504 0.052061 0.015505
15 11 0.060308 0.052061 0.015505
15 12 0.062434 0.052061 0.015505
15 13 0.059113 0.052061 0.015505
15 14 0.056854 0.052061 0.015505
15 15 0.054862 0.052061 0.015505
15 16 0.051807 0.052061 0.015505
15 17 0.048353 0.052061 0.015505
15 18 0.042109 0.052061 0.015505
15 19 0.037593 0.052061 0.015505
15 20 0.031482 0.052061 0.015505
16 0 0.065356 0.052061 0.015505
16 1 0.070670 0.052061 0.015505
16 2 0.071599 0.052061 0.015505
16 3 0.073193 0.052061 0.015505
16 4 0.072795 0.052061 0.015505
16 5 0.072264 0.052061 0.015505
16 6 0.072396 0.052061 0.015505
16 7 0.068544 0.052061 0.015505
16 8 0.067083 0.052061 0.015505
16 9 0.062168 0.052061 0.015505
16 10 0.058847 0.052061 0.015505
16 11 0.059113 0.052061 0.015505
16 12 0.058980 0.052061 0.015505
16 13 0.055792 0.052061 0.015505
16 14 0.054330 0.052061 0.015505
16 15 0.050478 0.052061 0.015505
16 16 0.047024 0.052061 0.015505
16 17 0.044235 0.052061 0.015505
16 18 0.042109 0.052061 0.015505
16 19 0.036265 0.052061 0.015505
16 20 0.032944 0.052061 0.015505
17 0 0.068810 0.052061 0.015505
17 1 0.075850 0.052061 0.015505
17 2 0.076382 0.052061 0.015505
17 3 0.081695 0.052061 0.015505
17 4 0.077976 0.052061 0.015505
17 5 0.074920 0.052061 0.015505
17 6 0.072795 0.052061 0.015505
17 7 0.067747 0.052061 0.015505
17 8 0.064426 0.052061 0.015505
17 9 0.060707 0.052061 0.015505
17 10 0.056854 0.052061 0.015505
17 11 0.057253 0.052061 0.015505
17 12 0.053799 0.052061 0.015505
17 13 0.050744 0.052061 0.015505
17 14 0.049416 0.052061 0.015505
17 15 0.045165 0.052061 0.015505
17 16 0.042774 0.052061 0.015505
17 17 0.039851 0.052061 0.015505
17 18 0.036929 0.052061 0.015505
17 19 0.031748 0.052061 0.015505
17 20 0.030553 0.052061 0.015505
18 0 0.070005 0.052061 0.015505
18 1 0.075452 0.052061 0.015505
18 2 0.077843 0.052061 0.015505
18 3 0.081695 0.052061 0.015505
18 4 0.079038 0.052061 0.015505
18 5 0.072264 0.052061 0.015505
18 6 0.069208 0.052061 0.015505
18 7 0.062832 0.052061 0.015505
18 8 0.058448 0.052061 0.015505
18 9 0.056057 0.052061 0.015505
18 10 0.050478 0.052061 0.015505
18 11 0.049947 0.052061 0.015505
18 12 0.049416 0.052061 0.015505
18 13 0.049017 0.052061 0.015505
18 14 0.044368 0.052061 0.015505
18 15 0.039718 0.052061 0.015505
18 16 0.036663 0.052061 0.015505
18 17 0.035468 0.052061 0.015505
18 18 0.032678 0.052061 0.015505
18 19 0.029888 0.052061 0.015505
18 20 0.026966 0.052061 0.015505
19 0 0.069075 0.052061 0.015505
19 1 0.074389 0.052061 0.015505
19 2 0.077311 0.052061 0.015505
19 3 0.077179 0.052061 0.015505
19 4 0.074123 0.052061 0.015505
19 5 0.068544 0.052061 0.015505
19 6 0.061769 0.052061 0.015505
19 7 0.056589 0.052061 0.015505
19 8 0.053268 0.052061 0.015505
19 9 0.050744 0.052061 0.015505
19 10 0.045430 0.052061 0.015505
19 11 0.044235 0.052061 0.015505
19 12 0.045829 0.052061 0.015505
19 13 0.043438 0.052061 0.015505
19 14 0.039984 0.052061 0.015505
19 15 0.035600 0.052061 0.015505
19 16 0.034006 0.052061 0.015505
19 17 0.032811 0.052061 0.015505
19 18 0.029888 0.052061 0.015505
19 19 0.027099 0.052061 0.015505
19 20 0.026302 0.052061 0.015505
20 0 0.063496 0.052061 0.015505
20 1 0.069740 0.052061 0.015505
20 2 0.071334 0.052061 0.015505
20 3 0.070537 0.052061 0.015505
20 4 0.066020 0.052061 0.015505
20 5 0.060441 0.052061 0.015505
20 6 0.053932 0.052061 0.015505
20 7 0.049548 0.052061 0.015505
20 8 0.045563 0.052061 0.015505
20 9 0.043039 0.052061 0.015505
20 10 0.040383 0.052061 0.015505
20 11 0.040383 0.052061 0.015505
20 12 0.039320 0.052061 0.015505
20 13 0.038921 0.052061 0.015505
20 14 0.036796 0.052061 0.015505
20 15 0.034272 0.052061 0.015505
20 16 0.031350 0.052061 0.015505
20 17 0.029490 0.052061 0.015505
20 18 0.031084 0.052061 0.015505
20 19 0.028826 0.052061 0.015505
20 20 0.026169 0.052061 0.015505
