# contact distance = 16.0 Angstroms
# F = 0.4 kJ/mol

# i j contact_probability mean_contact_probability stddev_contact_probability
0 0 0.067873 0.077299 0.014865
0 1 0.072063 0.077299 0.014865
0 2 0.074409 0.077299 0.014865
0 3 0.077426 0.077299 0.014865
0 4 0.070890 0.077299 0.014865
0 5 0.068879 0.077299 0.014865
0 6 0.067371 0.077299 0.014865
0 7 0.065359 0.077299 0.014865
0 8 0.064186 0.077299 0.014865
0 9 0.062510 0.077299 0.014865
0 10 0.058656 0.077299 0.014865
0 11 0.058991 0.077299 0.014865
0 12 0.053628 0.077299 0.014865
0 13 0.049439 0.077299 0.014865
0 14 0.048433 0.077299 0.014865
0 15 0.049774 0.077299 0.014865
0 16 0.047930 0.077299 0.014865
0 17 0.048433 0.077299 0.014865
0 18 0.046757 0.077299 0.014865
0 19 0.043070 0.077299 0.014865
0 20 0.039718 0.077299 0.014865
1 0 0.067035 0.077299 0.014865
1 1 0.076253 0.077299 0.014865
1 2 0.077426 0.077299 0.014865
1 3 0.078431 0.077299 0.014865
1 4 0.074074 0.077299 0.014865
1 5 0.073404 0.077299 0.014865
1 6 0.072063 0.077299 0.014865
1 7 0.071393 0.077299 0.014865
1 8 0.069382 0.077299 0.014865
1 9 0.068711 0.077299 0.014865
1 10 0.064689 0.077299 0.014865
1 11 0.063181 0.077299 0.014865
1 12 0.058656 0.077299 0.014865
1 13 0.058656 0.077299 0.014865
1 14 0.054131 0.077299 0.014865
1 15 0.053126 0.077299 0.014865
1 16 0.053126 0.077299 0.014865
1 17 0.051282 0.077299 0.014865
1 18 0.051282 0.077299 0.014865
1 19 0.049439 0.077299 0.014865
1 20 0.045249 0.077299 0.014865
2 0 0.070722 0.077299 0.014865
2 1 0.076923 0.077299 0.014865
2 2 0.079269 0.077299 0.014865
2 3 0.081280 0.077299 0.014865
2 4 0.079940 0.077299 0.014865
2 5 0.079604 0.077299 0.014865
2 6 0.076253 0.077299 0.014865
2 7 0.075080 0.077299 0.014865
2 8 0.077426 0.077299 0.014865
2 9 0.077761 0.077299 0.014865
2 10 0.073571 0.077299 0.014865
2 11 0.068879 0.077299 0.014865
2 12 0.065359 0.077299 0.014865
2 13 0.064689 0.077299 0.014865
2 14 0.057483 0.077299 0.014865
2 15 0.058991 0.077299 0.014865
2 16 0.056645 0.077299 0.014865
2 17 0.058656 0.077299 0.014865
2 18 0.058991 0.077299 0.014865
2 19 0.056142 0.077299 0.014865
2 20 0.050444 0.077299 0.014865
3 0 0.071895 0.077299 0.014865
3 1 0.077929 0.077299 0.014865
3 2 0.079437 0.077299 0.014865
3 3 0.082789 0.077299 0.014865
3 4 0.081448 0.077299 0.014865
3 5 0.084465 0.077299 0.014865
3 6 0.078599 0.077299 0.014865
3 7 0.077929 0.077299 0.014865
3 8 0.080945 0.077299 0.014865
3 9 0.079604 0.077299 0.014865
3 10 0.077761 0.077299 0.014865
3 11 0.074744 0.077299 0.014865
3 12 0.071560 0.077299 0.014865
3 13 0.066868 0.077299 0.014865
3 14 0.065359 0.077299 0.014865
3 15 0.061170 0.077299 0.014865
3 16 0.062175 0.077299 0.014865
3 17 0.060499 0.077299 0.014865
3 18 0.061170 0.077299 0.014865
3 19 0.057315 0.077299 0.014865
3 20 0.053461 0.077299 0.014865
4 0 0.072398 0.077299 0.014865
4 1 0.076755 0.077299 0.014865
4 2 0.080275 0.077299 0.014865
4 3 0.082118 0.077299 0.014865
4 4 0.081783 0.077299 0.014865
4 5 0.084129 0.077299 0.014865
4 6 0.083627 0.077299 0.014865
4 7 0.082118 0.077299 0.014865
4 8 0.081280 0.077299 0.014865
4 9 0.084129 0.077299 0.014865
4 10 0.083459 0.077299 0.014865
4 11 0.082621 0.077299 0.014865
4 12 0.076085 0.077299 0.014865
4 13 0.075750 0.077299 0.014865
4 14 0.070387 0.077299 0.014865
4 15 0.066700 0.077299 0.014865
4 16 0.064522 0.077299 0.014865
4 17 0.064522 0.077299 0.014865
4 18 0.063181 0.077299 0.014865
4 19 0.059829 0.077299 0.014865
4 20 0.054131 0.077299 0.014865
5 0 0.070387 0.077299 0.014865
5 1 0.075080 0.077299 0.014865
5 2 0.079437 0.077299 0.014865
5 3 0.084129 0.077299 0.014865
5 4 0.085973 0.077299 0.014865
5 5 0.087314 0.077299 0.014865
5 6 0.087481 0.077299 0.014865
5 7 0.084632 0.077299 0.014865
5 8 0.086308 0.077299 0.014865
5 9 0.087314 0.077299 0.014865
5 10 0.089325 0.077299 0.014865
5 11 0.088487 0.077299 0.014865
5 12 0.084297 0.077299 0.014865
5 13 0.080945 0.077299 0.014865
5 14 0.077761 0.077299 0.014865
5 15 0.072063 0.077299 0.014865
5 16 0.067706 0.077299 0.014865
5 17 0.070052 0.077299 0.014865
5 18 0.065359 0.077299 0.014865
5 19 0.060164 0.077299 0.014865
5 20 0.053963 0.077299 0.014865
6 0 0.064857 0.077299 0.014865
6 1 0.069884 0.077299 0.014865
6 2 0.078767 0.077299 0.014865
6 3 0.084967 0.077299 0.014865
6 4 0.089157 0.077299 0.014865
6 5 0.089492 0.077299 0.014865
6 6 0.092676 0.077299 0.014865
6 7 0.087984 0.077299 0.014865
6 8 0.090665 0.077299 0.014865
6 9 0.092174 0.077299 0.014865
6 10 0.094185 0.077299 0.014865
6 11 0.091168 0.077299 0.014865
6 12 0.087146 0.077299 0.014865
6 13 0.088319 0.077299 0.014865
6 14 0.083627 0.077299 0.014865
6 15 0.083124 0.077299 0.014865
6 16 0.079604 0.077299 0.014865
6 17 0.076923 0.077299 0.014865
6 18 0.067873 0.077299 0.014865
6 19 0.063181 0.077299 0.014865
6 20 0.056812 0.077299 0.014865
7 0 0.061673 0.077299 0.014865
7 1 0.068711 0.077299 0.014865
7 2 0.073571 0.077299 0.014865
7 3 0.081113 0.077299 0.014865
7 4 0.086140 0.077299 0.014865
7 5 0.088654 0.077299 0.014865
7 6 0.095023 0.077299 0.014865
7 7 0.093682 0.077299 0.014865
7 8 0.093682 0.077299 0.014865
7 9 0.094520 0.077299 0.014865
7 10 0.094855 0.077299 0.014865
7 11 0.093514 0.077299 0.014865
7 12 0.091503 0.077299 0.014865
7 13 0.092509 0.077299 0.014865
7 14 0.090330 0.077299 0.014865
7 15 0.089995 0.077299 0.014865
7 16 0.086811 0.077299 0.014865
7 17 0.081951 0.077299 0.014865
7 18 0.076923 0.077299 0.014865
7 19 0.069884 0.077299 0.014865
7 20 0.063684 0.077299 0.014865
8 0 0.061673 0.077299 0.014865
8 1 0.070387 0.077299 0.014865
8 2 0.077258 0.077299 0.014865
8 3 0.080442 0.077299 0.014865
8 4 0.087146 0.077299 0.014865
8 5 0.091336 0.077299 0.014865
8 6 0.093682 0.077299 0.014865
8 7 0.094687 0.077299 0.014865
8 8 0.097872 0.077299 0.014865
8 9 0.098877 0.077299 0.014865
8 10 0.099548 0.077299 0.014865
8 11 0.098710 0.077299 0.014865
8 12 0.095525 0.077299 0.014865
8 13 0.099212 0.077299 0.014865
8 14 0.094687 0.077299 0.014865
8 15 0.094352 0.077299 0.014865
8 16 0.090833 0.077299 0.014865
8 17 0.087816 0.077299 0.014865
8 18 0.081783 0.077299 0.014865
8 19 0.077929 0.077299 0.014865
8 20 0.067538 0.077299 0.014865
9 0 0.065192 0.077299 0.014865
9 1 0.069046 0.077299 0.014865
9 2 0.076085 0.077299 0.014865
9 3 0.081783 0.077299 0.014865
9 4 0.088989 0.077299 0.014865
9 5 0.092844 0.077299 0.014865
9 6 0.097704 0.077299 0.014865
9 7 0.097034 0.077299 0.014865
9 8 0.098039 0.077299 0.014865
9 9 0.101559 0.077299 0.014865
9 10 0.100553 0.077299 0.014865
9 11 0.098374 0.077299 0.014865
9 12 0.095693 0.077299 0.014865
9 13 0.099212 0.077299 0.014865
9 14 0.098207 0.077299 0.014865
9 15 0.097369 0.077299 0.014865
9 16 0.094185 0.077299 0.014865
9 17 0.093179 0.077299 0.014865
9 18 0.087816 0.077299 0.014865
9 19 0.078431 0.077299 0.014865
9 20 0.071895 0.077299 0.014865
10 0 0.060835 0.077299 0.014865
10 1 0.065862 0.077299 0.014865
10 2 0.072901 0.077299 0.014865
10 3 0.082621 0.077299 0.014865
10 4 0.083124 0.077299 0.014865
10 5 0.089325 0.077299 0.014865
10 6 0.095023 0.077299 0.014865
10 7 0.097536 0.077299 0.014865
10 8 0.100218 0.077299 0.014865
10 9 0.100050 0.077299 0.014865
10 10 0.104575 0.077299 0.014865
10 11 0.102061 0.077299 0.014865
10 12 0.102229 0.077299 0.014865
10 13 0.104240 0.077299 0.014865
10 14 0.100721 0.077299 0.014865
10 15 0.099045 0.077299 0.014865
10 16 0.097704 0.077299 0.014865
10 17 0.096866 0.077299 0.014865
10 18 0.088319 0.077299 0.014865
10 19 0.082789 0.077299 0.014865
10 20 0.072398 0.077299 0.014865
11 0 0.057986 0.077299 0.014865
11 1 0.066030 0.077299 0.014865
11 2 0.071560 0.077299 0.014865
11 3 0.079772 0.077299 0.014865
11 4 0.083962 0.077299 0.014865
11 5 0.086140 0.077299 0.014865
11 6 0.092676 0.077299 0.014865
11 7 0.094520 0.077299 0.014865
11 8 0.098207 0.077299 0.014865
11 9 0.100888 0.077299 0.014865
11 10 0.103067 0.077299 0.014865
11 11 0.103067 0.077299 0.014865
11 12 0.100888 0.077299 0.014865
11 13 0.100721 0.077299 0.014865
11 14 0.098710 0.077299 0.014865
11 15 0.099045 0.077299 0.014865
11 16 0.097704 0.077299 0.014865
11 17 0.095861 0.077299 0.014865
11 18 0.088822 0.077299 0.014865
11 19 0.080778 0.077299 0.014865
11 20 0.071560 0.077299 0.014865
12 0 0.055472 0.077299 0.014865
12 1 0.062343 0.077299 0.014865
12 2 0.069046 0.077299 0.014865
12 3 0.075247 0.077299 0.014865
12 4 0.079772 0.077299 0.014865
12 5 0.083962 0.077299 0.014865
12 6 0.084800 0.077299 0.014865
12 7 0.088822 0.077299 0.014865
12 8 0.093514 0.077299 0.014865
12 9 0.099045 0.077299 0.014865
12 10 0.100385 0.077299 0.014865
12 11 0.100218 0.077299 0.014865
12 12 0.100050 0.077299 0.014865
12 13 0.099212 0.077299 0.014865
12 14 0.096531 0.077299 0.014865
12 15 0.094855 0.077299 0.014865
12 16 0.091671 0.077299 0.014865
12 17 0.092509 0.077299 0.014865
12 18 0.087984 0.077299 0.014865
12 19 0.082621 0.077299 0.014865
12 20 0.071393 0.077299 0.014865
13 0 0.056477 0.077299 0.014865
13 1 0.061673 0.077299 0.014865
13 2 0.065359 0.077299 0.014865
13 3 0.070220 0.077299 0.014865
13 4 0.075247 0.077299 0.014865
13 5 0.075247 0.077299 0.014865
13 6 0.082118 0.077299 0.014865
13 7 0.090330 0.077299 0.014865
13 8 0.093514 0.077299 0.014865
13 9 0.097034 0.077299 0.014865
13 10 0.100385 0.077299 0.014865
13 11 0.098877 0.077299 0.014865
13 12 0.098710 0.077299 0.014865
13 13 0.097536 0.077299 0.014865
13 14 0.095525 0.077299 0.014865
13 15 0.094185 0.077299 0.014865
13 16 0.091838 0.077299 0.014865
13 17 0.093179 0.077299 0.014865
13 18 0.086308 0.077299 0.014865
13 19 0.079437 0.077299 0.014865
13 20 0.071057 0.077299 0.014865
14 0 0.053796 0.077299 0.014865
14 1 0.057986 0.077299 0.014865
14 2 0.062175 0.077299 0.014865
14 3 0.066030 0.077299 0.014865
14 4 0.069884 0.077299 0.014865
14 5 0.075415 0.077299 0.014865
14 6 0.081616 0.077299 0.014865
14 7 0.087481 0.077299 0.014865
14 8 0.090665 0.077299 0.014865
14 9 0.093347 0.077299 0.014865
14 10 0.094855 0.077299 0.014865
14 11 0.094017 0.077299 0.014865
14 12 0.092006 0.077299 0.014865
14 13 0.093012 0.077299 0.014865
14 14 0.091001 0.077299 0.014865
14 15 0.091336 0.077299 0.014865
14 16 0.089325 0.077299 0.014865
14 17 0.087816 0.077299 0.014865
14 18 0.082789 0.077299 0.014865
14 19 0.077258 0.077299 0.014865
14 20 0.069046 0.077299 0.014865
15 0 0.051785 0.077299 0.014865
15 1 0.058488 0.077299 0.014865
15 2 0.060499 0.077299 0.014865
15 3 0.067873 0.077299 0.014865
15 4 0.070052 0.077299 0.014865
15 5 0.073404 0.077299 0.014865
15 6 0.078264 0.077299 0.014865
15 7 0.088654 0.077299 0.014865
15 8 0.091838 0.077299 0.014865
15 9 0.093179 0.077299 0.014865
15 10 0.096866 0.077299 0.014865
15 11 0.100218 0.077299 0.014865
15 12 0.093347 0.077299 0.014865
15 13 0.094520 0.077299 0.014865
15 14 0.090330 0.077299 0.014865
15 15 0.089325 0.077299 0.014865
15 16 0.088319 0.077299 0.014865
15 17 0.087649 0.077299 0.014865
15 18 0.081783 0.077299 0.014865
15 19 0.074074 0.077299 0.014865
15 20 0.067706 0.077299 0.014865
16 0 0.050277 0.077299 0.014865
16 1 0.053796 0.077299 0.014865
16 2 0.060164 0.077299 0.014865
16 3 0.062343 0.077299 0.014865
16 4 0.069382 0.077299 0.014865
16 5 0.071393 0.077299 0.014865
16 6 0.073404 0.077299 0.014865
16 7 0.081280 0.077299 0.014865
16 8 0.086978 0.077299 0.014865
16 9 0.090163 0.077299 0.014865
16 10 0.096028 0.077299 0.014865
16 11 0.093347 0.077299 0.014865
16 12 0.094017 0.077299 0.014865
16 13 0.092006 0.077299 0.014865
16 14 0.087481 0.077299 0.014865
16 15 0.086811 0.077299 0.014865
16 16 0.089325 0.077299 0.014865
16 17 0.086140 0.077299 0.014865
16 18 0.080275 0.077299 0.014865
16 19 0.073571 0.077299 0.014865
16 20 0.067371 0.077299 0.014865
17 0 0.049606 0.077299 0.014865
17 1 0.055137 0.077299 0.014865
17 2 0.057650 0.077299 0.014865
17 3 0.063348 0.077299 0.014865
17 4 0.065527 0.077299 0.014865
17 5 0.069549 0.077299 0.014865
17 6 0.070890 0.077299 0.014865
17 7 0.076588 0.077299 0.014865
17 8 0.082621 0.077299 0.014865
17 9 0.088822 0.077299 0.014865
17 10 0.092676 0.077299 0.014865
17 11 0.090498 0.077299 0.014865
17 12 0.092174 0.077299 0.014865
17 13 0.092676 0.077299 0.014865
17 14 0.087314 0.077299 0.014865
17 15 0.088654 0.077299 0.014865
17 16 0.085470 0.077299 0.014865
17 17 0.086140 0.077299 0.014865
17 18 0.080442 0.077299 0.014865
17 19 0.073404 0.077299 0.014865
17 20 0.063516 0.077299 0.014865
18 0 0.045584 0.077299 0.014865
18 1 0.050612 0.077299 0.014865
18 2 0.054131 0.077299 0.014865
18 3 0.057650 0.077299 0.014865
18 4 0.059997 0.077299 0.014865
18 5 0.064857 0.077299 0.014865
18 6 0.066700 0.077299 0.014865
18 7 0.071895 0.077299 0.014865
18 8 0.076923 0.077299 0.014865
18 9 0.080275 0.077299 0.014865
18 10 0.082956 0.077299 0.014865
18 11 0.084967 0.077299 0.014865
18 12 0.085135 0.077299 0.014865
18 13 0.082789 0.077299 0.014865
18 14 0.080610 0.077299 0.014865
18 15 0.081616 0.077299 0.014865
18 16 0.076755 0.077299 0.014865
18 17 0.077091 0.077299 0.014865
18 18 0.072566 0.077299 0.014865
18 19 0.068208 0.077299 0.014865
18 20 0.063013 0.077299 0.014865
19 0 0.045584 0.077299 0.014865
19 1 0.048768 0.077299 0.014865
19 2 0.054634 0.077299 0.014865
19 3 0.054969 0.077299 0.014865
19 4 0.058656 0.077299 0.014865
19 5 0.062175 0.077299 0.014865
19 6 0.063684 0.077299 0.014865
19 7 0.070722 0.077299 0.014865
19 8 0.072733 0.077299 0.014865
19 9 0.074409 0.077299 0.014865
19 10 0.076755 0.077299 0.014865
19 11 0.080107 0.077299 0.014865
19 12 0.079604 0.077299 0.014865
19 13 0.077593 0.077299 0.014865
19 14 0.072901 0.077299 0.014865
19 15 0.072733 0.077299 0.014865
19 16 0.070890 0.077299 0.014865
19 17 0.072063 0.077299 0.014865
19 18 0.065359 0.077299 0.014865
19 19 0.065024 0.077299 0.014865
19 20 0.055807 0.077299 0.014865
20 0 0.042232 0.077299 0.014865
20 1 0.045081 0.077299 0.014865
20 2 0.048098 0.077299 0.014865
20 3 0.051617 0.077299 0.014865
20 4 0.051114 0.077299 0.014865
20 5 0.056142 0.077299 0.014865
20 6 0.062008 0.077299 0.014865
20 7 0.064354 0.077299 0.014865
20 8 0.066030 0.077299 0.014865
20 9 0.069214 0.077299 0.014865
20 10 0.070890 0.077299 0.014865
20 11 0.070555 0.077299 0.014865
20 12 0.071560 0.077299 0.014865
20 13 0.067538 0.077299 0.014865
20 14 0.065862 0.077299 0.014865
20 15 0.064857 0.077299 0.014865
20 16 0.066868 0.077299 0.014865
20 17 0.064354 0.077299 0.014865
20 18 0.060667 0.077299 0.014865
20 19 0.056980 0.077299 0.014865
20 20 0.050277 0.077299 0.014865
