# contact distance = 16.0 Angstroms
# F = 0.4 kJ/mol

# i j contact_probability mean_contact_probability stddev_contact_probability
0 0 0.031585 0.042081 0.016138
0 1 0.028014 0.042081 0.016138
0 2 0.026641 0.042081 0.016138
0 3 0.026092 0.042081 0.016138
0 4 0.026504 0.042081 0.016138
0 5 0.028426 0.042081 0.016138
0 6 0.031585 0.042081 0.016138
0 7 0.031447 0.042081 0.016138
0 8 0.033095 0.042081 0.016138
0 9 0.037490 0.042081 0.016138
0 10 0.040374 0.042081 0.016138
0 11 0.045043 0.042081 0.016138
0 12 0.050673 0.042081 0.016138
0 13 0.055205 0.042081 0.016138
0 14 0.059736 0.042081 0.016138
0 15 0.060011 0.042081 0.016138
0 16 0.059324 0.042081 0.016138
0 17 0.058363 0.042081 0.016138
0 18 0.055754 0.042081 0.016138
0 19 0.050398 0.042081 0.016138
0 20 0.045729 0.042081 0.016138
1 0 0.029662 0.042081 0.016138
1 1 0.027053 0.042081 0.016138
1 2 0.025954 0.042081 0.016138
1 3 0.025680 0.042081 0.016138
1 4 0.026229 0.042081 0.016138
1 5 0.027190 0.042081 0.016138
1 6 0.029525 0.042081 0.016138
1 7 0.031585 0.042081 0.016138
1 8 0.035430 0.042081 0.016138
1 9 0.039824 0.042081 0.016138
1 10 0.044081 0.042081 0.016138
1 11 0.050124 0.042081 0.016138
1 12 0.054518 0.042081 0.016138
1 13 0.062483 0.042081 0.016138
1 14 0.064955 0.042081 0.016138
1 15 0.066877 0.042081 0.016138
1 16 0.068800 0.042081 0.016138
1 17 0.065229 0.042081 0.016138
1 18 0.062071 0.042081 0.016138
1 19 0.054518 0.042081 0.016138
1 20 0.049300 0.042081 0.016138
2 0 0.027465 0.042081 0.016138
2 1 0.026641 0.042081 0.016138
2 2 0.024581 0.042081 0.016138
2 3 0.023895 0.042081 0.016138
2 4 0.025817 0.042081 0.016138
2 5 0.028838 0.042081 0.016138
2 6 0.030761 0.042081 0.016138
2 7 0.032821 0.042081 0.016138
2 8 0.037215 0.042081 0.016138
2 9 0.042983 0.042081 0.016138
2 10 0.047514 0.042081 0.016138
2 11 0.054793 0.042081 0.016138
2 12 0.058912 0.042081 0.016138
2 13 0.064680 0.042081 0.016138
2 14 0.068113 0.042081 0.016138
2 15 0.070173 0.042081 0.016138
2 16 0.070448 0.042081 0.016138
2 17 0.068937 0.042081 0.016138
2 18 0.064955 0.042081 0.016138
2 19 0.056441 0.042081 0.016138
2 20 0.050810 0.042081 0.016138
3 0 0.026916 0.042081 0.016138
3 1 0.024718 0.042081 0.016138
3 2 0.023620 0.042081 0.016138
3 3 0.023345 0.042081 0.016138
3 4 0.027053 0.042081 0.016138
3 5 0.029662 0.042081 0.016138
3 6 0.033507 0.042081 0.016138
3 7 0.035293 0.042081 0.016138
3 8 0.038451 0.042081 0.016138
3 9 0.044356 0.042081 0.016138
3 10 0.050536 0.042081 0.016138
3 11 0.054793 0.042081 0.016138
3 12 0.061659 0.042081 0.016138
3 13 0.068662 0.042081 0.016138
3 14 0.071134 0.042081 0.016138
3 15 0.070997 0.042081 0.016138
3 16 0.071684 0.042081 0.016138
3 17 0.069212 0.042081 0.016138
3 18 0.064543 0.042081 0.016138
3 19 0.059324 0.042081 0.016138
3 20 0.050810 0.042081 0.016138
4 0 0.027053 0.042081 0.016138
4 1 0.025954 0.042081 0.016138
4 2 0.026778 0.042081 0.016138
4 3 0.027190 0.042081 0.016138
4 4 0.027053 0.042081 0.016138
4 5 0.031310 0.042081 0.016138
4 6 0.035155 0.042081 0.016138
4 7 0.040374 0.042081 0.016138
4 8 0.041197 0.042081 0.016138
4 9 0.044768 0.042081 0.016138
4 10 0.050261 0.042081 0.016138
4 11 0.055067 0.042081 0.016138
4 12 0.060560 0.042081 0.016138
4 13 0.066465 0.042081 0.016138
4 14 0.069761 0.042081 0.016138
4 15 0.070585 0.042081 0.016138
4 16 0.072508 0.042081 0.016138
4 17 0.068937 0.042081 0.016138
4 18 0.063169 0.042081 0.016138
4 19 0.056166 0.042081 0.016138
4 20 0.049849 0.042081 0.016138
5 0 0.029662 0.042081 0.016138
5 1 0.029662 0.042081 0.016138
5 2 0.029800 0.042081 0.016138
5 3 0.030898 0.042081 0.016138
5 4 0.032683 0.042081 0.016138
5 5 0.034606 0.042081 0.016138
5 6 0.038588 0.042081 0.016138
5 7 0.041335 0.042081 0.016138
5 8 0.042983 0.042081 0.016138
5 9 0.045180 0.042081 0.016138
5 10 0.050536 0.042081 0.016138
5 11 0.056029 0.042081 0.016138
5 12 0.058912 0.042081 0.016138
5 13 0.062208 0.042081 0.016138
5 14 0.065504 0.042081 0.016138
5 15 0.068525 0.042081 0.016138
5 16 0.067564 0.042081 0.016138
5 17 0.064955 0.042081 0.016138
5 18 0.058912 0.042081 0.016138
5 19 0.053419 0.042081 0.016138
5 20 0.045867 0.042081 0.016138
6 0 0.031173 0.042081 0.016138
6 1 0.032271 0.042081 0.016138
6 2 0.031859 0.042081 0.016138
6 3 0.033782 0.042081 0.016138
6 4 0.035430 0.042081 0.016138
6 5 0.039138 0.042081 0.016138
6 6 0.041609 0.042081 0.016138
6 7 0.043257 0.042081 0.016138
6 8 0.045729 0.042081 0.016138
6 9 0.046278 0.042081 0.016138
6 10 0.050948 0.042081 0.016138
6 11 0.053282 0.042081 0.016138
6 12 0.057539 0.042081 0.016138
6 13 0.060011 0.042081 0.016138
6 14 0.060835 0.042081 0.016138
6 15 0.059187 0.042081 0.016138
6 16 0.058912 0.042081 0.016138
6 17 0.057127 0.042081 0.016138
6 18 0.051497 0.042081 0.016138
6 19 0.048476 0.042081 0.016138
6 20 0.042433 0.042081 0.016138
7 0 0.031585 0.042081 0.016138
7 1 0.032134 0.042081 0.016138
7 2 0.035842 0.042081 0.016138
7 3 0.037078 0.042081 0.016138
7 4 0.038726 0.042081 0.016138
7 5 0.043120 0.042081 0.016138
7 6 0.044081 0.042081 0.016138
7 7 0.047514 0.042081 0.016138
7 8 0.047789 0.042081 0.016138
7 9 0.049574 0.042081 0.016138
7 10 0.052321 0.042081 0.016138
7 11 0.052458 0.042081 0.016138
7 12 0.053007 0.042081 0.016138
7 13 0.055479 0.042081 0.016138
7 14 0.052183 0.042081 0.016138
7 15 0.052046 0.042081 0.016138
7 16 0.049162 0.042081 0.016138
7 17 0.047652 0.042081 0.016138
7 18 0.046004 0.042081 0.016138
7 19 0.042159 0.042081 0.016138
7 20 0.039962 0.042081 0.016138
8 0 0.033782 0.042081 0.016138
8 1 0.034743 0.042081 0.016138
8 2 0.037627 0.042081 0.016138
8 3 0.041060 0.042081 0.016138
8 4 0.043257 0.042081 0.016138
8 5 0.044081 0.042081 0.016138
8 6 0.048201 0.042081 0.016138
8 7 0.048338 0.042081 0.016138
8 8 0.049849 0.042081 0.016138
8 9 0.051222 0.042081 0.016138
8 10 0.051771 0.042081 0.016138
8 11 0.052321 0.042081 0.016138
8 12 0.049849 0.042081 0.016138
8 13 0.048201 0.042081 0.016138
8 14 0.047652 0.042081 0.016138
8 15 0.045317 0.042081 0.016138
8 16 0.041884 0.042081 0.016138
8 17 0.042983 0.042081 0.016138
8 18 0.039550 0.042081 0.016138
8 19 0.039000 0.042081 0.016138
8 20 0.037215 0.042081 0.016138
9 0 0.035842 0.042081 0.016138
9 1 0.039000 0.042081 0.016138
9 2 0.040785 0.042081 0.016138
9 3 0.044493 0.042081 0.016138
9 4 0.046141 0.042081 0.016138
9 5 0.050810 0.042081 0.016138
9 6 0.051222 0.042081 0.016138
9 7 0.049162 0.042081 0.016138
9 8 0.049986 0.042081 0.016138
9 9 0.051360 0.042081 0.016138
9 10 0.049849 0.042081 0.016138
9 11 0.048064 0.042081 0.016138
9 12 0.046690 0.042081 0.016138
9 13 0.044631 0.042081 0.016138
9 14 0.041884 0.042081 0.016138
9 15 0.039275 0.042081 0.016138
9 16 0.038451 0.042081 0.016138
9 17 0.037215 0.042081 0.016138
9 18 0.036940 0.042081 0.016138
9 19 0.036254 0.042081 0.016138
9 20 0.033507 0.042081 0.016138
10 0 0.041472 0.042081 0.016138
10 1 0.043257 0.042081 0.016138
10 2 0.047789 0.042081 0.016138
10 3 0.052595 0.042081 0.016138
10 4 0.052458 0.042081 0.016138
10 5 0.053969 0.042081 0.016138
10 6 0.054243 0.042081 0.016138
10 7 0.051909 0.042081 0.016138
10 8 0.052046 0.042081 0.016138
10 9 0.052458 0.042081 0.016138
10 10 0.047514 0.042081 0.016138
10 11 0.046553 0.042081 0.016138
10 12 0.045455 0.042081 0.016138
10 13 0.042708 0.042081 0.016138
10 14 0.038863 0.042081 0.016138
10 15 0.035704 0.042081 0.016138
10 16 0.031585 0.042081 0.016138
10 17 0.032958 0.042081 0.016138
10 18 0.031722 0.042081 0.016138
10 19 0.030211 0.042081 0.016138
10 20 0.031997 0.042081 0.016138
11 0 0.048201 0.042081 0.016138
11 1 0.053145 0.042081 0.016138
11 2 0.055479 0.042081 0.016138
11 3 0.059050 0.042081 0.016138
11 4 0.059736 0.042081 0.016138
11 5 0.058638 0.042081 0.016138
11 6 0.056578 0.042081 0.016138
11 7 0.054106 0.042081 0.016138
11 8 0.053969 0.042081 0.016138
11 9 0.050810 0.042081 0.016138
11 10 0.046004 0.042081 0.016138
11 11 0.043395 0.042081 0.016138
11 12 0.040099 0.042081 0.016138
11 13 0.037627 0.042081 0.016138
11 14 0.034469 0.042081 0.016138
11 15 0.030211 0.042081 0.016138
11 16 0.028701 0.042081 0.016138
11 17 0.026916 0.042081 0.016138
11 18 0.025542 0.042081 0.016138
11 19 0.025817 0.042081 0.016138
11 20 0.026778 0.042081 0.016138
12 0 0.051222 0.042081 0.016138
12 1 0.056303 0.042081 0.016138
12 2 0.061796 0.042081 0.016138
12 3 0.063993 0.042081 0.016138
12 4 0.063719 0.042081 0.016138
12 5 0.064131 0.042081 0.016138
12 6 0.058363 0.042081 0.016138
12 7 0.055067 0.042081 0.016138
12 8 0.051771 0.042081 0.016138
12 9 0.049300 0.042081 0.016138
12 10 0.044905 0.042081 0.016138
12 11 0.041747 0.042081 0.016138
12 12 0.039000 0.042081 0.016138
12 13 0.035704 0.042081 0.016138
12 14 0.030761 0.042081 0.016138
12 15 0.025954 0.042081 0.016138
12 16 0.023208 0.042081 0.016138
12 17 0.021285 0.042081 0.016138
12 18 0.021423 0.042081 0.016138
12 19 0.023757 0.042081 0.016138
12 20 0.023620 0.042081 0.016138
13 0 0.056029 0.042081 0.016138
13 1 0.062346 0.042081 0.016138
13 2 0.067289 0.042081 0.016138
13 3 0.068250 0.042081 0.016138
13 4 0.068388 0.042081 0.016138
13 5 0.065367 0.042081 0.016138
13 6 0.062483 0.042081 0.016138
13 7 0.054381 0.042081 0.016138
13 8 0.051085 0.042081 0.016138
13 9 0.045043 0.042081 0.016138
13 10 0.041197 0.042081 0.016138
13 11 0.037490 0.042081 0.016138
13 12 0.035293 0.042081 0.016138
13 13 0.030898 0.042081 0.016138
13 14 0.027053 0.042081 0.016138
13 15 0.023345 0.042081 0.016138
13 16 0.020461 0.042081 0.016138
13 17 0.018264 0.042081 0.016138
13 18 0.017440 0.042081 0.016138
13 19 0.019363 0.042081 0.016138
13 20 0.021697 0.042081 0.016138
14 0 0.060148 0.042081 0.016138
14 1 0.065779 0.042081 0.016138
14 2 0.070036 0.042081 0.016138
14 3 0.071134 0.042081 0.016138
14 4 0.069074 0.042081 0.016138
14 5 0.068525 0.042081 0.016138
14 6 0.060560 0.042081 0.016138
14 7 0.053007 0.042081 0.016138
14 8 0.047240 0.042081 0.016138
14 9 0.042159 0.042081 0.016138
14 10 0.037902 0.042081 0.016138
14 11 0.033233 0.042081 0.016138
14 12 0.030211 0.042081 0.016138
14 13 0.025268 0.042081 0.016138
14 14 0.024169 0.042081 0.016138
14 15 0.020736 0.042081 0.016138
14 16 0.018814 0.042081 0.016138
14 17 0.017303 0.042081 0.016138
14 18 0.015930 0.042081 0.016138
14 19 0.017440 0.042081 0.016138
14 20 0.020599 0.042081 0.016138
15 0 0.060560 0.042081 0.016138
15 1 0.068388 0.042081 0.016138
15 2 0.073194 0.042081 0.016138
15 3 0.073194 0.042081 0.016138
15 4 0.070722 0.042081 0.016138
15 5 0.065092 0.042081 0.016138
15 6 0.058638 0.042081 0.016138
15 7 0.051497 0.042081 0.016138
15 8 0.045455 0.042081 0.016138
15 9 0.037764 0.042081 0.016138
15 10 0.033645 0.042081 0.016138
15 11 0.030761 0.042081 0.016138
15 12 0.026916 0.042081 0.016138
15 13 0.025268 0.042081 0.016138
15 14 0.021697 0.042081 0.016138
15 15 0.017715 0.042081 0.016138
15 16 0.016891 0.042081 0.016138
15 17 0.015243 0.042081 0.016138
15 18 0.014007 0.042081 0.016138
15 19 0.015518 0.042081 0.016138
15 20 0.018814 0.042081 0.016138
16 0 0.058363 0.042081 0.016138
16 1 0.067976 0.042081 0.016138
16 2 0.072920 0.042081 0.016138
16 3 0.072096 0.042081 0.016138
16 4 0.069486 0.042081 0.016138
16 5 0.064955 0.042081 0.016138
16 6 0.057264 0.042081 0.016138
16 7 0.050536 0.042081 0.016138
16 8 0.042845 0.042081 0.016138
16 9 0.035567 0.042081 0.016138
16 10 0.030074 0.042081 0.016138
16 11 0.029525 0.042081 0.016138
16 12 0.024718 0.042081 0.016138
16 13 0.021972 0.042081 0.016138
16 14 0.020873 0.042081 0.016138
16 15 0.018264 0.042081 0.016138
16 16 0.016754 0.042081 0.016138
16 17 0.014007 0.042081 0.016138
16 18 0.015106 0.042081 0.016138
16 19 0.016067 0.042081 0.016138
16 20 0.017852 0.042081 0.016138
17 0 0.055891 0.042081 0.016138
17 1 0.063032 0.042081 0.016138
17 2 0.068388 0.042081 0.016138
17 3 0.067427 0.042081 0.016138
17 4 0.065641 0.042081 0.016138
17 5 0.060972 0.042081 0.016138
17 6 0.055754 0.042081 0.016138
17 7 0.046690 0.042081 0.016138
17 8 0.039412 0.042081 0.016138
17 9 0.035018 0.042081 0.016138
17 10 0.029250 0.042081 0.016138
17 11 0.025680 0.042081 0.016138
17 12 0.022384 0.042081 0.016138
17 13 0.020599 0.042081 0.016138
17 14 0.017028 0.042081 0.016138
17 15 0.017166 0.042081 0.016138
17 16 0.014694 0.042081 0.016138
17 17 0.012497 0.042081 0.016138
17 18 0.013046 0.042081 0.016138
17 19 0.015380 0.042081 0.016138
17 20 0.016754 0.042081 0.016138
18 0 0.053007 0.042081 0.016138
18 1 0.058638 0.042081 0.016138
18 2 0.063169 0.042081 0.016138
18 3 0.062208 0.042081 0.016138
18 4 0.063444 0.042081 0.016138
18 5 0.058363 0.042081 0.016138
18 6 0.051085 0.042081 0.016138
18 7 0.043807 0.042081 0.016138
18 8 0.036803 0.042081 0.016138
18 9 0.032821 0.042081 0.016138
18 10 0.028701 0.042081 0.016138
18 11 0.024169 0.042081 0.016138
18 12 0.022384 0.042081 0.016138
18 13 0.019363 0.042081 0.016138
18 14 0.017440 0.042081 0.016138
18 15 0.016067 0.042081 0.016138
18 16 0.014556 0.042081 0.016138
18 17 0.014282 0.042081 0.016138
18 18 0.014419 0.042081 0.016138
18 19 0.014831 0.042081 0.016138
18 20 0.017166 0.042081 0.016138
19 0 0.043944 0.042081 0.016138
19 1 0.050536 0.042081 0.016138
19 2 0.056853 0.042081 0.016138
19 3 0.056578 0.042081 0.016138
19 4 0.053419 0.042081 0.016138
19 5 0.051222 0.042081 0.016138
19 6 0.047377 0.042081 0.016138
19 7 0.041472 0.042081 0.016138
19 8 0.035018 0.042081 0.016138
19 9 0.029388 0.042081 0.016138
19 10 0.026778 0.042081 0.016138
19 11 0.025268 0.042081 0.016138
19 12 0.021423 0.042081 0.016138
19 13 0.020873 0.042081 0.016138
19 14 0.018127 0.042081 0.016138
19 15 0.017166 0.042081 0.016138
19 16 0.016204 0.042081 0.016138
19 17 0.015380 0.042081 0.016138
19 18 0.014831 0.042081 0.016138
19 19 0.017440 0.042081 0.016138
19 20 0.016342 0.042081 0.016138
20 0 0.040374 0.042081 0.016138
20 1 0.046278 0.042081 0.016138
20 2 0.049986 0.042081 0.016138
20 3 0.049849 0.042081 0.016138
20 4 0.049162 0.042081 0.016138
20 5 0.045867 0.042081 0.016138
20 6 0.044905 0.042081 0.016138
20 7 0.037352 0.042081 0.016138
20 8 0.033507 0.042081 0.016138
20 9 0.029800 0.042081 0.016138
20 10 0.027465 0.042081 0.016138
20 11 0.024856 0.042081 0.016138
20 12 0.023483 0.042081 0.016138
20 13 0.020324 0.042081 0.016138
20 14 0.018951 0.042081 0.016138
20 15 0.018402 0.042081 0.016138
20 16 0.017440 0.042081 0.016138
20 17 0.016067 0.042081 0.016138
20 18 0.016754 0.042081 0.016138
20 19 0.017303 0.042081 0.016138
20 20 0.016342 0.042081 0.016138
