# contact distance = 16.0 Angstroms
# F = 0.4 kJ/mol

# i j contact_probability mean_contact_probability stddev_contact_probability
0 0 0.034388 0.048406 0.015162
0 1 0.035385 0.048406 0.015162
0 2 0.036257 0.048406 0.015162
0 3 0.034762 0.048406 0.015162
0 4 0.034264 0.048406 0.015162
0 5 0.033765 0.048406 0.015162
0 6 0.035385 0.048406 0.015162
0 7 0.035011 0.048406 0.015162
0 8 0.038126 0.048406 0.015162
0 9 0.040618 0.048406 0.015162
0 10 0.042612 0.048406 0.015162
0 11 0.044231 0.048406 0.015162
0 12 0.047097 0.048406 0.015162
0 13 0.055196 0.048406 0.015162
0 14 0.061799 0.048406 0.015162
0 15 0.067531 0.048406 0.015162
0 16 0.072390 0.048406 0.015162
0 17 0.080862 0.048406 0.015162
0 18 0.084226 0.048406 0.015162
0 19 0.080613 0.048406 0.015162
0 20 0.074383 0.048406 0.015162
1 0 0.036008 0.048406 0.015162
1 1 0.036880 0.048406 0.015162
1 2 0.035136 0.048406 0.015162
1 3 0.035385 0.048406 0.015162
1 4 0.033890 0.048406 0.015162
1 5 0.034762 0.048406 0.015162
1 6 0.033391 0.048406 0.015162
1 7 0.036133 0.048406 0.015162
1 8 0.040244 0.048406 0.015162
1 9 0.042612 0.048406 0.015162
1 10 0.044854 0.048406 0.015162
1 11 0.046723 0.048406 0.015162
1 12 0.051582 0.048406 0.015162
1 13 0.056317 0.048406 0.015162
1 14 0.063294 0.048406 0.015162
1 15 0.072016 0.048406 0.015162
1 16 0.077623 0.048406 0.015162
1 17 0.084849 0.048406 0.015162
1 18 0.086967 0.048406 0.015162
1 19 0.084351 0.048406 0.015162
1 20 0.077623 0.048406 0.015162
2 0 0.034637 0.048406 0.015162
2 1 0.035510 0.048406 0.015162
2 2 0.032146 0.048406 0.015162
2 3 0.032644 0.048406 0.015162
2 4 0.033391 0.048406 0.015162
2 5 0.034513 0.048406 0.015162
2 6 0.036506 0.048406 0.015162
2 7 0.038749 0.048406 0.015162
2 8 0.038624 0.048406 0.015162
2 9 0.041739 0.048406 0.015162
2 10 0.044730 0.048406 0.015162
2 11 0.049963 0.048406 0.015162
2 12 0.051832 0.048406 0.015162
2 13 0.058061 0.048406 0.015162
2 14 0.064914 0.048406 0.015162
2 15 0.072141 0.048406 0.015162
2 16 0.078370 0.048406 0.015162
2 17 0.086344 0.048406 0.015162
2 18 0.087590 0.048406 0.015162
2 19 0.084849 0.048406 0.015162
2 20 0.079492 0.048406 0.015162
3 0 0.032769 0.048406 0.015162
3 1 0.031772 0.048406 0.015162
3 2 0.030900 0.048406 0.015162
3 3 0.030152 0.048406 0.015162
3 4 0.031647 0.048406 0.015162
3 5 0.034014 0.048406 0.015162
3 6 0.036382 0.048406 0.015162
3 7 0.040618 0.048406 0.015162
3 8 0.041989 0.048406 0.015162
3 9 0.042985 0.048406 0.015162
3 10 0.045477 0.048406 0.015162
3 11 0.048592 0.048406 0.015162
3 12 0.054074 0.048406 0.015162
3 13 0.057812 0.048406 0.015162
3 14 0.063170 0.048406 0.015162
3 15 0.068029 0.048406 0.015162
3 16 0.074383 0.048406 0.015162
3 17 0.080987 0.048406 0.015162
3 18 0.084600 0.048406 0.015162
3 19 0.082482 0.048406 0.015162
3 20 0.076252 0.048406 0.015162
4 0 0.034264 0.048406 0.015162
4 1 0.030900 0.048406 0.015162
4 2 0.032270 0.048406 0.015162
4 3 0.030277 0.048406 0.015162
4 4 0.032021 0.048406 0.015162
4 5 0.036506 0.048406 0.015162
4 6 0.038126 0.048406 0.015162
4 7 0.040743 0.048406 0.015162
4 8 0.043733 0.048406 0.015162
4 9 0.045602 0.048406 0.015162
4 10 0.046349 0.048406 0.015162
4 11 0.046723 0.048406 0.015162
4 12 0.050586 0.048406 0.015162
4 13 0.058061 0.048406 0.015162
4 14 0.061675 0.048406 0.015162
4 15 0.066035 0.048406 0.015162
4 16 0.070645 0.048406 0.015162
4 17 0.077872 0.048406 0.015162
4 18 0.078121 0.048406 0.015162
4 19 0.076875 0.048406 0.015162
4 20 0.071144 0.048406 0.015162
5 0 0.032893 0.048406 0.015162
5 1 0.033267 0.048406 0.015162
5 2 0.032395 0.048406 0.015162
5 3 0.033142 0.048406 0.015162
5 4 0.034887 0.048406 0.015162
5 5 0.038624 0.048406 0.015162
5 6 0.040618 0.048406 0.015162
5 7 0.042736 0.048406 0.015162
5 8 0.047346 0.048406 0.015162
5 9 0.049464 0.048406 0.015162
5 10 0.049464 0.048406 0.015162
5 11 0.051458 0.048406 0.015162
5 12 0.051209 0.048406 0.015162
5 13 0.056566 0.048406 0.015162
5 14 0.061052 0.048406 0.015162
5 15 0.062547 0.048406 0.015162
5 16 0.065662 0.048406 0.015162
5 17 0.068652 0.048406 0.015162
5 18 0.074009 0.048406 0.015162
5 19 0.070022 0.048406 0.015162
5 20 0.062298 0.048406 0.015162
6 0 0.033641 0.048406 0.015162
6 1 0.034513 0.048406 0.015162
6 2 0.035011 0.048406 0.015162
6 3 0.036631 0.048406 0.015162
6 4 0.037503 0.048406 0.015162
6 5 0.039247 0.048406 0.015162
6 6 0.041490 0.048406 0.015162
6 7 0.045726 0.048406 0.015162
6 8 0.047346 0.048406 0.015162
6 9 0.051333 0.048406 0.015162
6 10 0.049464 0.048406 0.015162
6 11 0.052081 0.048406 0.015162
6 12 0.055445 0.048406 0.015162
6 13 0.056815 0.048406 0.015162
6 14 0.058061 0.048406 0.015162
6 15 0.061052 0.048406 0.015162
6 16 0.062547 0.048406 0.015162
6 17 0.064291 0.048406 0.015162
6 18 0.065163 0.048406 0.015162
6 19 0.060678 0.048406 0.015162
6 20 0.054199 0.048406 0.015162
7 0 0.033391 0.048406 0.015162
7 1 0.035136 0.048406 0.015162
7 2 0.038001 0.048406 0.015162
7 3 0.038998 0.048406 0.015162
7 4 0.039497 0.048406 0.015162
7 5 0.043234 0.048406 0.015162
7 6 0.043608 0.048406 0.015162
7 7 0.049464 0.048406 0.015162
7 8 0.052704 0.048406 0.015162
7 9 0.052205 0.048406 0.015162
7 10 0.052704 0.048406 0.015162
7 11 0.054946 0.048406 0.015162
7 12 0.057065 0.048406 0.015162
7 13 0.055320 0.048406 0.015162
7 14 0.055943 0.048406 0.015162
7 15 0.058684 0.048406 0.015162
7 16 0.057812 0.048406 0.015162
7 17 0.059058 0.048406 0.015162
7 18 0.057189 0.048406 0.015162
7 19 0.051458 0.048406 0.015162
7 20 0.046474 0.048406 0.015162
8 0 0.034762 0.048406 0.015162
8 1 0.037379 0.048406 0.015162
8 2 0.037877 0.048406 0.015162
8 3 0.038998 0.048406 0.015162
8 4 0.042113 0.048406 0.015162
8 5 0.045726 0.048406 0.015162
8 6 0.046848 0.048406 0.015162
8 7 0.051458 0.048406 0.015162
8 8 0.052953 0.048406 0.015162
8 9 0.053202 0.048406 0.015162
8 10 0.052455 0.048406 0.015162
8 11 0.052953 0.048406 0.015162
8 12 0.051956 0.048406 0.015162
8 13 0.053576 0.048406 0.015162
8 14 0.051084 0.048406 0.015162
8 15 0.051707 0.048406 0.015162
8 16 0.051956 0.048406 0.015162
8 17 0.052330 0.048406 0.015162
8 18 0.050710 0.048406 0.015162
8 19 0.046599 0.048406 0.015162
8 20 0.041864 0.048406 0.015162
9 0 0.037503 0.048406 0.015162
9 1 0.038874 0.048406 0.015162
9 2 0.041615 0.048406 0.015162
9 3 0.042238 0.048406 0.015162
9 4 0.045103 0.048406 0.015162
9 5 0.047471 0.048406 0.015162
9 6 0.048966 0.048406 0.015162
9 7 0.051333 0.048406 0.015162
9 8 0.053327 0.048406 0.015162
9 9 0.050087 0.048406 0.015162
9 10 0.050461 0.048406 0.015162
9 11 0.050586 0.048406 0.015162
9 12 0.048467 0.048406 0.015162
9 13 0.047845 0.048406 0.015162
9 14 0.046972 0.048406 0.015162
9 15 0.046100 0.048406 0.015162
9 16 0.046225 0.048406 0.015162
9 17 0.044854 0.048406 0.015162
9 18 0.042861 0.048406 0.015162
9 19 0.039247 0.048406 0.015162
9 20 0.035385 0.048406 0.015162
10 0 0.040743 0.048406 0.015162
10 1 0.042362 0.048406 0.015162
10 2 0.043110 0.048406 0.015162
10 3 0.044107 0.048406 0.015162
10 4 0.047471 0.048406 0.015162
10 5 0.050586 0.048406 0.015162
10 6 0.049464 0.048406 0.015162
10 7 0.052205 0.048406 0.015162
10 8 0.052455 0.048406 0.015162
10 9 0.051084 0.048406 0.015162
10 10 0.049589 0.048406 0.015162
10 11 0.048218 0.048406 0.015162
10 12 0.046100 0.048406 0.015162
10 13 0.044854 0.048406 0.015162
10 14 0.044356 0.048406 0.015162
10 15 0.043733 0.048406 0.015162
10 16 0.044231 0.048406 0.015162
10 17 0.042238 0.048406 0.015162
10 18 0.038251 0.048406 0.015162
10 19 0.036756 0.048406 0.015162
10 20 0.034014 0.048406 0.015162
11 0 0.043733 0.048406 0.015162
11 1 0.046225 0.048406 0.015162
11 2 0.046599 0.048406 0.015162
11 3 0.048966 0.048406 0.015162
11 4 0.047595 0.048406 0.015162
11 5 0.051458 0.048406 0.015162
11 6 0.052455 0.048406 0.015162
11 7 0.051832 0.048406 0.015162
11 8 0.051956 0.048406 0.015162
11 9 0.050959 0.048406 0.015162
11 10 0.048218 0.048406 0.015162
11 11 0.045228 0.048406 0.015162
11 12 0.045353 0.048406 0.015162
11 13 0.044480 0.048406 0.015162
11 14 0.044107 0.048406 0.015162
11 15 0.042736 0.048406 0.015162
11 16 0.042736 0.048406 0.015162
11 17 0.037877 0.048406 0.015162
11 18 0.036506 0.048406 0.015162
11 19 0.034264 0.048406 0.015162
11 20 0.034014 0.048406 0.015162
12 0 0.047595 0.048406 0.015162
12 1 0.049340 0.048406 0.015162
12 2 0.052953 0.048406 0.015162
12 3 0.054323 0.048406 0.015162
12 4 0.053202 0.048406 0.015162
12 5 0.053700 0.048406 0.015162
12 6 0.055071 0.048406 0.015162
12 7 0.054323 0.048406 0.015162
12 8 0.052579 0.048406 0.015162
12 9 0.049838 0.048406 0.015162
12 10 0.047595 0.048406 0.015162
12 11 0.044730 0.048406 0.015162
12 12 0.045602 0.048406 0.015162
12 13 0.043608 0.048406 0.015162
12 14 0.042487 0.048406 0.015162
12 15 0.040743 0.048406 0.015162
12 16 0.037752 0.048406 0.015162
12 17 0.037005 0.048406 0.015162
12 18 0.036880 0.048406 0.015162
12 19 0.034388 0.048406 0.015162
12 20 0.033267 0.048406 0.015162
13 0 0.053451 0.048406 0.015162
13 1 0.057065 0.048406 0.015162
13 2 0.059183 0.048406 0.015162
13 3 0.061052 0.048406 0.015162
13 4 0.057438 0.048406 0.015162
13 5 0.058809 0.048406 0.015162
13 6 0.055320 0.048406 0.015162
13 7 0.055569 0.048406 0.015162
13 8 0.053451 0.048406 0.015162
13 9 0.049589 0.048406 0.015162
13 10 0.047845 0.048406 0.015162
13 11 0.044480 0.048406 0.015162
13 12 0.042861 0.048406 0.015162
13 13 0.041864 0.048406 0.015162
13 14 0.042238 0.048406 0.015162
13 15 0.041116 0.048406 0.015162
13 16 0.037503 0.048406 0.015162
13 17 0.034887 0.048406 0.015162
13 18 0.035260 0.048406 0.015162
13 19 0.034887 0.048406 0.015162
13 20 0.031896 0.048406 0.015162
14 0 0.060055 0.048406 0.015162
14 1 0.064042 0.048406 0.015162
14 2 0.066160 0.048406 0.015162
14 3 0.066908 0.048406 0.015162
14 4 0.063543 0.048406 0.015162
14 5 0.060055 0.048406 0.015162
14 6 0.057563 0.048406 0.015162
14 7 0.054822 0.048406 0.015162
14 8 0.051832 0.048406 0.015162
14 9 0.047720 0.048406 0.015162
14 10 0.043484 0.048406 0.015162
14 11 0.042612 0.048406 0.015162
14 12 0.040618 0.048406 0.015162
14 13 0.040743 0.048406 0.015162
14 14 0.039123 0.048406 0.015162
14 15 0.036133 0.048406 0.015162
14 16 0.034513 0.048406 0.015162
14 17 0.032893 0.048406 0.015162
14 18 0.035136 0.048406 0.015162
14 19 0.032146 0.048406 0.015162
14 20 0.031273 0.048406 0.015162
15 0 0.066035 0.048406 0.015162
15 1 0.070272 0.048406 0.015162
15 2 0.072514 0.048406 0.015162
15 3 0.071268 0.048406 0.015162
15 4 0.067531 0.048406 0.015162
15 5 0.063917 0.048406 0.015162
15 6 0.061425 0.048406 0.015162
15 7 0.057189 0.048406 0.015162
15 8 0.052205 0.048406 0.015162
15 9 0.046349 0.048406 0.015162
15 10 0.041241 0.048406 0.015162
15 11 0.041989 0.048406 0.015162
15 12 0.040743 0.048406 0.015162
15 13 0.039621 0.048406 0.015162
15 14 0.038001 0.048406 0.015162
15 15 0.035011 0.048406 0.015162
15 16 0.032893 0.048406 0.015162
15 17 0.031896 0.048406 0.015162
15 18 0.030027 0.048406 0.015162
15 19 0.029280 0.048406 0.015162
15 20 0.027785 0.048406 0.015162
16 0 0.068278 0.048406 0.015162
16 1 0.072639 0.048406 0.015162
16 2 0.074882 0.048406 0.015162
16 3 0.073013 0.048406 0.015162
16 4 0.069399 0.048406 0.015162
16 5 0.067531 0.048406 0.015162
16 6 0.063294 0.048406 0.015162
16 7 0.056940 0.048406 0.015162
16 8 0.050710 0.048406 0.015162
16 9 0.044854 0.048406 0.015162
16 10 0.042861 0.048406 0.015162
16 11 0.039746 0.048406 0.015162
16 12 0.039497 0.048406 0.015162
16 13 0.038624 0.048406 0.015162
16 14 0.035260 0.048406 0.015162
16 15 0.033142 0.048406 0.015162
16 16 0.029404 0.048406 0.015162
16 17 0.029903 0.048406 0.015162
16 18 0.028408 0.048406 0.015162
16 19 0.026788 0.048406 0.015162
16 20 0.027785 0.048406 0.015162
17 0 0.074134 0.048406 0.015162
17 1 0.079492 0.048406 0.015162
17 2 0.079492 0.048406 0.015162
17 3 0.077374 0.048406 0.015162
17 4 0.073137 0.048406 0.015162
17 5 0.069649 0.048406 0.015162
17 6 0.064789 0.048406 0.015162
17 7 0.056566 0.048406 0.015162
17 8 0.050710 0.048406 0.015162
17 9 0.044480 0.048406 0.015162
17 10 0.041989 0.048406 0.015162
17 11 0.040618 0.048406 0.015162
17 12 0.039247 0.048406 0.015162
17 13 0.035883 0.048406 0.015162
17 14 0.033641 0.048406 0.015162
17 15 0.031273 0.048406 0.015162
17 16 0.028532 0.048406 0.015162
17 17 0.027536 0.048406 0.015162
17 18 0.027536 0.048406 0.015162
17 19 0.028034 0.048406 0.015162
17 20 0.024670 0.048406 0.015162
18 0 0.077249 0.048406 0.015162
18 1 0.080115 0.048406 0.015162
18 2 0.082607 0.048406 0.015162
18 3 0.080987 0.048406 0.015162
18 4 0.075754 0.048406 0.015162
18 5 0.071019 0.048406 0.015162
18 6 0.065412 0.048406 0.015162
18 7 0.056192 0.048406 0.015162
18 8 0.049589 0.048406 0.015162
18 9 0.042861 0.048406 0.015162
18 10 0.040992 0.048406 0.015162
18 11 0.038001 0.048406 0.015162
18 12 0.035385 0.048406 0.015162
18 13 0.033765 0.048406 0.015162
18 14 0.031398 0.048406 0.015162
18 15 0.030277 0.048406 0.015162
18 16 0.026663 0.048406 0.015162
18 17 0.025667 0.048406 0.015162
18 18 0.025667 0.048406 0.015162
18 19 0.025168 0.048406 0.015162
18 20 0.026788 0.048406 0.015162
19 0 0.076501 0.048406 0.015162
19 1 0.078370 0.048406 0.015162
19 2 0.079367 0.048406 0.015162
19 3 0.080115 0.048406 0.015162
19 4 0.075629 0.048406 0.015162
19 5 0.068652 0.048406 0.015162
19 6 0.061799 0.048406 0.015162
19 7 0.052953 0.048406 0.015162
19 8 0.046349 0.048406 0.015162
19 9 0.038251 0.048406 0.015162
19 10 0.035260 0.048406 0.015162
19 11 0.031647 0.048406 0.015162
19 12 0.032395 0.048406 0.015162
19 13 0.028158 0.048406 0.015162
19 14 0.026414 0.048406 0.015162
19 15 0.026663 0.048406 0.015162
19 16 0.024670 0.048406 0.015162
19 17 0.026165 0.048406 0.015162
19 18 0.024919 0.048406 0.015162
19 19 0.025542 0.048406 0.015162
19 20 0.027660 0.048406 0.015162
20 0 0.072764 0.048406 0.015162
20 1 0.076626 0.048406 0.015162
20 2 0.075629 0.048406 0.015162
20 3 0.076128 0.048406 0.015162
20 4 0.069649 0.048406 0.015162
20 5 0.061176 0.048406 0.015162
20 6 0.056815 0.048406 0.015162
20 7 0.047595 0.048406 0.015162
20 8 0.039746 0.048406 0.015162
20 9 0.034762 0.048406 0.015162
20 10 0.029529 0.048406 0.015162
20 11 0.030152 0.048406 0.015162
20 12 0.028657 0.048406 0.015162
20 13 0.026040 0.048406 0.015162
20 14 0.025791 0.048406 0.015162
20 15 0.025916 0.048406 0.015162
20 16 0.023922 0.048406 0.015162
20 17 0.026414 0.048406 0.015162
20 18 0.025791 0.048406 0.015162
20 19 0.022925 0.048406 0.015162
20 20 0.024171 0.048406 0.015162
