# contact distance = 16.0 Angstroms
# F = 0.4 kJ/mol

# i j contact_probability mean_contact_probability stddev_contact_probability
0 0 0.025698 0.045832 0.017078
0 1 0.024229 0.045832 0.017078
0 2 0.022026 0.045832 0.017078
0 3 0.021109 0.045832 0.017078
0 4 0.021476 0.045832 0.017078
0 5 0.023862 0.045832 0.017078
0 6 0.023495 0.045832 0.017078
0 7 0.026248 0.045832 0.017078
0 8 0.029919 0.045832 0.017078
0 9 0.034141 0.045832 0.017078
0 10 0.035609 0.045832 0.017078
0 11 0.037812 0.045832 0.017078
0 12 0.038546 0.045832 0.017078
0 13 0.041116 0.045832 0.017078
0 14 0.045521 0.045832 0.017078
0 15 0.051028 0.045832 0.017078
0 16 0.053414 0.045832 0.017078
0 17 0.053965 0.045832 0.017078
0 18 0.056718 0.045832 0.017078
0 19 0.055617 0.045832 0.017078
0 20 0.054515 0.045832 0.017078
1 0 0.023311 0.045832 0.017078
1 1 0.023128 0.045832 0.017078
1 2 0.019640 0.045832 0.017078
1 3 0.019090 0.045832 0.017078
1 4 0.020007 0.045832 0.017078
1 5 0.022761 0.045832 0.017078
1 6 0.024963 0.045832 0.017078
1 7 0.026799 0.045832 0.017078
1 8 0.029552 0.045832 0.017078
1 9 0.033774 0.045832 0.017078
1 10 0.036160 0.045832 0.017078
1 11 0.040932 0.045832 0.017078
1 12 0.043319 0.045832 0.017078
1 13 0.046072 0.045832 0.017078
1 14 0.051762 0.045832 0.017078
1 15 0.056167 0.045832 0.017078
1 16 0.059838 0.045832 0.017078
1 17 0.060940 0.045832 0.017078
1 18 0.062408 0.045832 0.017078
1 19 0.063142 0.045832 0.017078
1 20 0.058737 0.045832 0.017078
2 0 0.023678 0.045832 0.017078
2 1 0.021292 0.045832 0.017078
2 2 0.020374 0.045832 0.017078
2 3 0.019090 0.045832 0.017078
2 4 0.018539 0.045832 0.017078
2 5 0.020742 0.045832 0.017078
2 6 0.023128 0.045832 0.017078
2 7 0.027533 0.045832 0.017078
2 8 0.030653 0.045832 0.017078
2 9 0.037078 0.045832 0.017078
2 10 0.037812 0.045832 0.017078
2 11 0.042217 0.045832 0.017078
2 12 0.044971 0.045832 0.017078
2 13 0.050661 0.045832 0.017078
2 14 0.054883 0.045832 0.017078
2 15 0.060573 0.045832 0.017078
2 16 0.062408 0.045832 0.017078
2 17 0.069016 0.045832 0.017078
2 18 0.069750 0.045832 0.017078
2 19 0.068649 0.045832 0.017078
2 20 0.067915 0.045832 0.017078
3 0 0.024229 0.045832 0.017078
3 1 0.021476 0.045832 0.017078
3 2 0.019824 0.045832 0.017078
3 3 0.018172 0.045832 0.017078
3 4 0.019824 0.045832 0.017078
3 5 0.019640 0.045832 0.017078
3 6 0.023128 0.045832 0.017078
3 7 0.027533 0.045832 0.017078
3 8 0.031388 0.045832 0.017078
3 9 0.038546 0.045832 0.017078
3 10 0.040015 0.045832 0.017078
3 11 0.044053 0.045832 0.017078
3 12 0.050477 0.045832 0.017078
3 13 0.052863 0.045832 0.017078
3 14 0.058186 0.045832 0.017078
3 15 0.063877 0.045832 0.017078
3 16 0.068282 0.045832 0.017078
3 17 0.071219 0.045832 0.017078
3 18 0.074156 0.045832 0.017078
3 19 0.072320 0.045832 0.017078
3 20 0.069200 0.045832 0.017078
4 0 0.023862 0.045832 0.017078
4 1 0.022394 0.045832 0.017078
4 2 0.020558 0.045832 0.017078
4 3 0.019824 0.045832 0.017078
4 4 0.019824 0.045832 0.017078
4 5 0.020191 0.045832 0.017078
4 6 0.020374 0.045832 0.017078
4 7 0.028267 0.045832 0.017078
4 8 0.035242 0.045832 0.017078
4 9 0.038179 0.045832 0.017078
4 10 0.044420 0.045832 0.017078
4 11 0.046806 0.045832 0.017078
4 12 0.051762 0.045832 0.017078
4 13 0.056351 0.045832 0.017078
4 14 0.060206 0.045832 0.017078
4 15 0.066630 0.045832 0.017078
4 16 0.071953 0.045832 0.017078
4 17 0.075991 0.045832 0.017078
4 18 0.077276 0.045832 0.017078
4 19 0.073972 0.045832 0.017078
4 20 0.072871 0.045832 0.017078
5 0 0.024780 0.045832 0.017078
5 1 0.020925 0.045832 0.017078
5 2 0.020191 0.045832 0.017078
5 3 0.021109 0.045832 0.017078
5 4 0.020191 0.045832 0.017078
5 5 0.019824 0.045832 0.017078
5 6 0.023311 0.045832 0.017078
5 7 0.031571 0.045832 0.017078
5 8 0.038730 0.045832 0.017078
5 9 0.040749 0.045832 0.017078
5 10 0.046439 0.045832 0.017078
5 11 0.051579 0.045832 0.017078
5 12 0.056167 0.045832 0.017078
5 13 0.062408 0.045832 0.017078
5 14 0.063142 0.045832 0.017078
5 15 0.068098 0.045832 0.017078
5 16 0.072320 0.045832 0.017078
5 17 0.074523 0.045832 0.017078
5 18 0.075808 0.045832 0.017078
5 19 0.073054 0.045832 0.017078
5 20 0.071402 0.045832 0.017078
6 0 0.023862 0.045832 0.017078
6 1 0.023311 0.045832 0.017078
6 2 0.021292 0.045832 0.017078
6 3 0.021292 0.045832 0.017078
6 4 0.022210 0.045832 0.017078
6 5 0.025147 0.045832 0.017078
6 6 0.027349 0.045832 0.017078
6 7 0.034875 0.045832 0.017078
6 8 0.039648 0.045832 0.017078
6 9 0.045705 0.045832 0.017078
6 10 0.048642 0.045832 0.017078
6 11 0.053781 0.045832 0.017078
6 12 0.056902 0.045832 0.017078
6 13 0.060756 0.045832 0.017078
6 14 0.062225 0.045832 0.017078
6 15 0.064978 0.045832 0.017078
6 16 0.067915 0.045832 0.017078
6 17 0.072137 0.045832 0.017078
6 18 0.073421 0.045832 0.017078
6 19 0.070668 0.045832 0.017078
6 20 0.068098 0.045832 0.017078
7 0 0.025147 0.045832 0.017078
7 1 0.026248 0.045832 0.017078
7 2 0.027533 0.045832 0.017078
7 3 0.027533 0.045832 0.017078
7 4 0.026982 0.045832 0.017078
7 5 0.028818 0.045832 0.017078
7 6 0.033590 0.045832 0.017078
7 7 0.037628 0.045832 0.017078
7 8 0.043869 0.045832 0.017078
7 9 0.048091 0.045832 0.017078
7 10 0.052863 0.045832 0.017078
7 11 0.056535 0.045832 0.017078
7 12 0.060022 0.045832 0.017078
7 13 0.062775 0.045832 0.017078
7 14 0.062408 0.045832 0.017078
7 15 0.061123 0.045832 0.017078
7 16 0.063142 0.045832 0.017078
7 17 0.068098 0.045832 0.017078
7 18 0.068649 0.045832 0.017078
7 19 0.066630 0.045832 0.017078
7 20 0.063142 0.045832 0.017078
8 0 0.025330 0.045832 0.017078
8 1 0.027533 0.045832 0.017078
8 2 0.028818 0.045832 0.017078
8 3 0.029369 0.045832 0.017078
8 4 0.030286 0.045832 0.017078
8 5 0.032856 0.045832 0.017078
8 6 0.036344 0.045832 0.017078
8 7 0.042034 0.045832 0.017078
8 8 0.045705 0.045832 0.017078
8 9 0.050844 0.045832 0.017078
8 10 0.056535 0.045832 0.017078
8 11 0.061307 0.045832 0.017078
8 12 0.061858 0.045832 0.017078
8 13 0.062775 0.045832 0.017078
8 14 0.057269 0.045832 0.017078
8 15 0.057085 0.045832 0.017078
8 16 0.056535 0.045832 0.017078
8 17 0.061123 0.045832 0.017078
8 18 0.062408 0.045832 0.017078
8 19 0.058921 0.045832 0.017078
8 20 0.052863 0.045832 0.017078
9 0 0.029919 0.045832 0.017078
9 1 0.033040 0.045832 0.017078
9 2 0.034875 0.045832 0.017078
9 3 0.033590 0.045832 0.017078
9 4 0.033957 0.045832 0.017078
9 5 0.037261 0.045832 0.017078
9 6 0.039097 0.045832 0.017078
9 7 0.045154 0.045832 0.017078
9 8 0.050661 0.045832 0.017078
9 9 0.056902 0.045832 0.017078
9 10 0.058921 0.045832 0.017078
9 11 0.061490 0.045832 0.017078
9 12 0.062408 0.045832 0.017078
9 13 0.060940 0.045832 0.017078
9 14 0.055800 0.045832 0.017078
9 15 0.055066 0.045832 0.017078
9 16 0.055800 0.045832 0.017078
9 17 0.053781 0.045832 0.017078
9 18 0.055433 0.045832 0.017078
9 19 0.053414 0.045832 0.017078
9 20 0.049192 0.045832 0.017078
10 0 0.034875 0.045832 0.017078
10 1 0.035242 0.045832 0.017078
10 2 0.037812 0.045832 0.017078
10 3 0.042217 0.045832 0.017078
10 4 0.039648 0.045832 0.017078
10 5 0.040198 0.045832 0.017078
10 6 0.046256 0.045832 0.017078
10 7 0.050844 0.045832 0.017078
10 8 0.053231 0.045832 0.017078
10 9 0.059288 0.045832 0.017078
10 10 0.060756 0.045832 0.017078
10 11 0.061858 0.045832 0.017078
10 12 0.060756 0.045832 0.017078
10 13 0.057269 0.045832 0.017078
10 14 0.055433 0.045832 0.017078
10 15 0.051762 0.045832 0.017078
10 16 0.051395 0.045832 0.017078
10 17 0.047540 0.045832 0.017078
10 18 0.047724 0.045832 0.017078
10 19 0.046072 0.045832 0.017078
10 20 0.040749 0.045832 0.017078
11 0 0.036344 0.045832 0.017078
11 1 0.038363 0.045832 0.017078
11 2 0.040198 0.045832 0.017078
11 3 0.042217 0.045832 0.017078
11 4 0.045705 0.045832 0.017078
11 5 0.046439 0.045832 0.017078
11 6 0.049927 0.045832 0.017078
11 7 0.055617 0.045832 0.017078
11 8 0.056351 0.045832 0.017078
11 9 0.057269 0.045832 0.017078
11 10 0.059471 0.045832 0.017078
11 11 0.057819 0.045832 0.017078
11 12 0.056351 0.045832 0.017078
11 13 0.054148 0.045832 0.017078
11 14 0.051028 0.045832 0.017078
11 15 0.046990 0.045832 0.017078
11 16 0.044787 0.045832 0.017078
11 17 0.040565 0.045832 0.017078
11 18 0.041850 0.045832 0.017078
11 19 0.037812 0.045832 0.017078
11 20 0.032673 0.045832 0.017078
12 0 0.037445 0.045832 0.017078
12 1 0.039648 0.045832 0.017078
12 2 0.043869 0.045832 0.017078
12 3 0.047357 0.045832 0.017078
12 4 0.051395 0.045832 0.017078
12 5 0.054148 0.045832 0.017078
12 6 0.055617 0.045832 0.017078
12 7 0.060389 0.045832 0.017078
12 8 0.058921 0.045832 0.017078
12 9 0.057819 0.045832 0.017078
12 10 0.057819 0.045832 0.017078
12 11 0.059655 0.045832 0.017078
12 12 0.054148 0.045832 0.017078
12 13 0.050110 0.045832 0.017078
12 14 0.046072 0.045832 0.017078
12 15 0.043135 0.045832 0.017078
12 16 0.040932 0.045832 0.017078
12 17 0.039464 0.045832 0.017078
12 18 0.035793 0.045832 0.017078
12 19 0.034325 0.045832 0.017078
12 20 0.031388 0.045832 0.017078
13 0 0.043319 0.045832 0.017078
13 1 0.044236 0.045832 0.017078
13 2 0.048275 0.045832 0.017078
13 3 0.054332 0.045832 0.017078
13 4 0.059288 0.045832 0.017078
13 5 0.062225 0.045832 0.017078
13 6 0.062225 0.045832 0.017078
13 7 0.064060 0.045832 0.017078
13 8 0.059288 0.045832 0.017078
13 9 0.060756 0.045832 0.017078
13 10 0.058003 0.045832 0.017078
13 11 0.055617 0.045832 0.017078
13 12 0.049192 0.045832 0.017078
13 13 0.046990 0.045832 0.017078
13 14 0.043135 0.045832 0.017078
13 15 0.038730 0.045832 0.017078
13 16 0.036711 0.045832 0.017078
13 17 0.034875 0.045832 0.017078
13 18 0.032489 0.045832 0.017078
13 19 0.029736 0.045832 0.017078
13 20 0.028634 0.045832 0.017078
14 0 0.044787 0.045832 0.017078
14 1 0.051028 0.045832 0.017078
14 2 0.054148 0.045832 0.017078
14 3 0.058186 0.045832 0.017078
14 4 0.063326 0.045832 0.017078
14 5 0.065712 0.045832 0.017078
14 6 0.066079 0.045832 0.017078
14 7 0.063142 0.045832 0.017078
14 8 0.062959 0.045832 0.017078
14 9 0.061123 0.045832 0.017078
14 10 0.057819 0.045832 0.017078
14 11 0.053047 0.045832 0.017078
14 12 0.049376 0.045832 0.017078
14 13 0.044604 0.045832 0.017078
14 14 0.039097 0.045832 0.017078
14 15 0.033774 0.045832 0.017078
14 16 0.030470 0.045832 0.017078
14 17 0.029919 0.045832 0.017078
14 18 0.026982 0.045832 0.017078
14 19 0.027166 0.045832 0.017078
14 20 0.028818 0.045832 0.017078
15 0 0.049009 0.045832 0.017078
15 1 0.054148 0.045832 0.017078
15 2 0.057269 0.045832 0.017078
15 3 0.062592 0.045832 0.017078
15 4 0.066079 0.045832 0.017078
15 5 0.066079 0.045832 0.017078
15 6 0.069016 0.045832 0.017078
15 7 0.069750 0.045832 0.017078
15 8 0.061858 0.045832 0.017078
15 9 0.059288 0.045832 0.017078
15 10 0.055800 0.045832 0.017078
15 11 0.053231 0.045832 0.017078
15 12 0.047724 0.045832 0.017078
15 13 0.041483 0.045832 0.017078
15 14 0.037261 0.045832 0.017078
15 15 0.033040 0.045832 0.017078
15 16 0.029185 0.045832 0.017078
15 17 0.025147 0.045832 0.017078
15 18 0.024596 0.045832 0.017078
15 19 0.024046 0.045832 0.017078
15 20 0.023862 0.045832 0.017078
16 0 0.053231 0.045832 0.017078
16 1 0.058370 0.045832 0.017078
16 2 0.062225 0.045832 0.017078
16 3 0.067548 0.045832 0.017078
16 4 0.069750 0.045832 0.017078
16 5 0.067548 0.045832 0.017078
16 6 0.068649 0.045832 0.017078
16 7 0.067364 0.045832 0.017078
16 8 0.063142 0.045832 0.017078
16 9 0.060206 0.045832 0.017078
16 10 0.052313 0.045832 0.017078
16 11 0.049927 0.045832 0.017078
16 12 0.047357 0.045832 0.017078
16 13 0.038363 0.045832 0.017078
16 14 0.030103 0.045832 0.017078
16 15 0.026799 0.045832 0.017078
16 16 0.022210 0.045832 0.017078
16 17 0.020925 0.045832 0.017078
16 18 0.020007 0.045832 0.017078
16 19 0.021476 0.045832 0.017078
16 20 0.022761 0.045832 0.017078
17 0 0.055066 0.045832 0.017078
17 1 0.060206 0.045832 0.017078
17 2 0.063877 0.045832 0.017078
17 3 0.069567 0.045832 0.017078
17 4 0.072504 0.045832 0.017078
17 5 0.072504 0.045832 0.017078
17 6 0.070668 0.045832 0.017078
17 7 0.070117 0.045832 0.017078
17 8 0.061674 0.045832 0.017078
17 9 0.059655 0.045832 0.017078
17 10 0.052680 0.045832 0.017078
17 11 0.048091 0.045832 0.017078
17 12 0.041667 0.045832 0.017078
17 13 0.035609 0.045832 0.017078
17 14 0.029919 0.045832 0.017078
17 15 0.024046 0.045832 0.017078
17 16 0.021843 0.045832 0.017078
17 17 0.018906 0.045832 0.017078
17 18 0.017988 0.045832 0.017078
17 19 0.018722 0.045832 0.017078
17 20 0.019090 0.045832 0.017078
18 0 0.058554 0.045832 0.017078
18 1 0.060573 0.045832 0.017078
18 2 0.065529 0.045832 0.017078
18 3 0.072137 0.045832 0.017078
18 4 0.076175 0.045832 0.017078
18 5 0.073972 0.045832 0.017078
18 6 0.073054 0.045832 0.017078
18 7 0.071769 0.045832 0.017078
18 8 0.062408 0.045832 0.017078
18 9 0.056902 0.045832 0.017078
18 10 0.049927 0.045832 0.017078
18 11 0.046439 0.045832 0.017078
18 12 0.041483 0.045832 0.017078
18 13 0.034325 0.045832 0.017078
18 14 0.028451 0.045832 0.017078
18 15 0.023495 0.045832 0.017078
18 16 0.020558 0.045832 0.017078
18 17 0.018355 0.045832 0.017078
18 18 0.016703 0.045832 0.017078
18 19 0.016153 0.045832 0.017078
18 20 0.016703 0.045832 0.017078
19 0 0.057269 0.045832 0.017078
19 1 0.062592 0.045832 0.017078
19 2 0.067731 0.045832 0.017078
19 3 0.074890 0.045832 0.017078
19 4 0.075624 0.045832 0.017078
19 5 0.075441 0.045832 0.017078
19 6 0.072504 0.045832 0.017078
19 7 0.066997 0.045832 0.017078
19 8 0.059838 0.045832 0.017078
19 9 0.054883 0.045832 0.017078
19 10 0.047907 0.045832 0.017078
19 11 0.042034 0.045832 0.017078
19 12 0.039464 0.045832 0.017078
19 13 0.032856 0.045832 0.017078
19 14 0.026432 0.045832 0.017078
19 15 0.022577 0.045832 0.017078
19 16 0.020925 0.045832 0.017078
19 17 0.016520 0.045832 0.017078
19 18 0.015235 0.045832 0.017078
19 19 0.016153 0.045832 0.017078
19 20 0.016703 0.045832 0.017078
20 0 0.053781 0.045832 0.017078
20 1 0.061123 0.045832 0.017078
20 2 0.067915 0.045832 0.017078
20 3 0.069016 0.045832 0.017078
20 4 0.071402 0.045832 0.017078
20 5 0.071953 0.045832 0.017078
20 6 0.069383 0.045832 0.017078
20 7 0.064978 0.045832 0.017078
20 8 0.056718 0.045832 0.017078
20 9 0.051028 0.045832 0.017078
20 10 0.046256 0.045832 0.017078
20 11 0.039831 0.045832 0.017078
20 12 0.036894 0.045832 0.017078
20 13 0.029919 0.045832 0.017078
20 14 0.028084 0.045832 0.017078
20 15 0.022577 0.045832 0.017078
20 16 0.020007 0.045832 0.017078
20 17 0.018172 0.045832 0.017078
20 18 0.017805 0.045832 0.017078
20 19 0.017621 0.045832 0.017078
20 20 0.017438 0.045832 0.017078
