# contact distance = 16.0 Angstroms
# F = 0.4 kJ/mol

# i j contact_probability mean_contact_probability stddev_contact_probability
0 0 0.033817 0.050127 0.015085
0 1 0.029232 0.050127 0.015085
0 2 0.030187 0.050127 0.015085
0 3 0.028086 0.050127 0.015085
0 4 0.028659 0.050127 0.015085
0 5 0.031907 0.050127 0.015085
0 6 0.031334 0.050127 0.015085
0 7 0.033053 0.050127 0.015085
0 8 0.038403 0.050127 0.015085
0 9 0.040695 0.050127 0.015085
0 10 0.042988 0.050127 0.015085
0 11 0.044708 0.050127 0.015085
0 12 0.044517 0.050127 0.015085
0 13 0.046427 0.050127 0.015085
0 14 0.051395 0.050127 0.015085
0 15 0.052923 0.050127 0.015085
0 16 0.057700 0.050127 0.015085
0 17 0.060757 0.050127 0.015085
0 18 0.064005 0.050127 0.015085
0 19 0.056362 0.050127 0.015085
0 20 0.052350 0.050127 0.015085
1 0 0.030760 0.050127 0.015085
1 1 0.027703 0.050127 0.015085
1 2 0.025984 0.050127 0.015085
1 3 0.024647 0.050127 0.015085
1 4 0.025984 0.050127 0.015085
1 5 0.029805 0.050127 0.015085
1 6 0.032289 0.050127 0.015085
1 7 0.035346 0.050127 0.015085
1 8 0.039358 0.050127 0.015085
1 9 0.043370 0.050127 0.015085
1 10 0.046427 0.050127 0.015085
1 11 0.046427 0.050127 0.015085
1 12 0.048338 0.050127 0.015085
1 13 0.048911 0.050127 0.015085
1 14 0.054643 0.050127 0.015085
1 15 0.058082 0.050127 0.015085
1 16 0.063431 0.050127 0.015085
1 17 0.065724 0.050127 0.015085
1 18 0.066106 0.050127 0.015085
1 19 0.065151 0.050127 0.015085
1 20 0.059228 0.050127 0.015085
2 0 0.028277 0.050127 0.015085
2 1 0.026175 0.050127 0.015085
2 2 0.022927 0.050127 0.015085
2 3 0.022736 0.050127 0.015085
2 4 0.023500 0.050127 0.015085
2 5 0.026366 0.050127 0.015085
2 6 0.029996 0.050127 0.015085
2 7 0.031716 0.050127 0.015085
2 8 0.039167 0.050127 0.015085
2 9 0.041460 0.050127 0.015085
2 10 0.048338 0.050127 0.015085
2 11 0.047765 0.050127 0.015085
2 12 0.050248 0.050127 0.015085
2 13 0.054070 0.050127 0.015085
2 14 0.060757 0.050127 0.015085
2 15 0.063049 0.050127 0.015085
2 16 0.070501 0.050127 0.015085
2 17 0.071265 0.050127 0.015085
2 18 0.069927 0.050127 0.015085
2 19 0.067253 0.050127 0.015085
2 20 0.061139 0.050127 0.015085
3 0 0.026748 0.050127 0.015085
3 1 0.023118 0.050127 0.015085
3 2 0.020443 0.050127 0.015085
3 3 0.021590 0.050127 0.015085
3 4 0.021781 0.050127 0.015085
3 5 0.024647 0.050127 0.015085
3 6 0.029423 0.050127 0.015085
3 7 0.032862 0.050127 0.015085
3 8 0.039549 0.050127 0.015085
3 9 0.042797 0.050127 0.015085
3 10 0.049675 0.050127 0.015085
3 11 0.051013 0.050127 0.015085
3 12 0.056744 0.050127 0.015085
3 13 0.061330 0.050127 0.015085
3 14 0.065533 0.050127 0.015085
3 15 0.069927 0.050127 0.015085
3 16 0.075277 0.050127 0.015085
3 17 0.074704 0.050127 0.015085
3 18 0.075086 0.050127 0.015085
3 19 0.069736 0.050127 0.015085
3 20 0.066488 0.050127 0.015085
4 0 0.024073 0.050127 0.015085
4 1 0.024647 0.050127 0.015085
4 2 0.022163 0.050127 0.015085
4 3 0.022736 0.050127 0.015085
4 4 0.023118 0.050127 0.015085
4 5 0.023882 0.050127 0.015085
4 6 0.028659 0.050127 0.015085
4 7 0.034008 0.050127 0.015085
4 8 0.039358 0.050127 0.015085
4 9 0.043943 0.050127 0.015085
4 10 0.049866 0.050127 0.015085
4 11 0.052541 0.050127 0.015085
4 12 0.059228 0.050127 0.015085
4 13 0.059419 0.050127 0.015085
4 14 0.065151 0.050127 0.015085
4 15 0.071074 0.050127 0.015085
4 16 0.074895 0.050127 0.015085
4 17 0.073366 0.050127 0.015085
4 18 0.074131 0.050127 0.015085
4 19 0.070310 0.050127 0.015085
4 20 0.065724 0.050127 0.015085
5 0 0.025029 0.050127 0.015085
5 1 0.024838 0.050127 0.015085
5 2 0.024647 0.050127 0.015085
5 3 0.022545 0.050127 0.015085
5 4 0.023882 0.050127 0.015085
5 5 0.025602 0.050127 0.015085
5 6 0.030187 0.050127 0.015085
5 7 0.034582 0.050127 0.015085
5 8 0.039740 0.050127 0.015085
5 9 0.046236 0.050127 0.015085
5 10 0.050057 0.050127 0.015085
5 11 0.055598 0.050127 0.015085
5 12 0.058846 0.050127 0.015085
5 13 0.061521 0.050127 0.015085
5 14 0.065342 0.050127 0.015085
5 15 0.070310 0.050127 0.015085
5 16 0.075277 0.050127 0.015085
5 17 0.075850 0.050127 0.015085
5 18 0.073749 0.050127 0.015085
5 19 0.065915 0.050127 0.015085
5 20 0.061521 0.050127 0.015085
6 0 0.027703 0.050127 0.015085
6 1 0.026366 0.050127 0.015085
6 2 0.025029 0.050127 0.015085
6 3 0.026748 0.050127 0.015085
6 4 0.028086 0.050127 0.015085
6 5 0.030569 0.050127 0.015085
6 6 0.033244 0.050127 0.015085
6 7 0.038785 0.050127 0.015085
6 8 0.044326 0.050127 0.015085
6 9 0.045472 0.050127 0.015085
6 10 0.050439 0.050127 0.015085
6 11 0.057126 0.050127 0.015085
6 12 0.061903 0.050127 0.015085
6 13 0.065151 0.050127 0.015085
6 14 0.065724 0.050127 0.015085
6 15 0.066488 0.050127 0.015085
6 16 0.073558 0.050127 0.015085
6 17 0.070883 0.050127 0.015085
6 18 0.069927 0.050127 0.015085
6 19 0.064960 0.050127 0.015085
6 20 0.055980 0.050127 0.015085
7 0 0.028468 0.050127 0.015085
7 1 0.029232 0.050127 0.015085
7 2 0.029232 0.050127 0.015085
7 3 0.029805 0.050127 0.015085
7 4 0.033435 0.050127 0.015085
7 5 0.036110 0.050127 0.015085
7 6 0.038976 0.050127 0.015085
7 7 0.042415 0.050127 0.015085
7 8 0.045854 0.050127 0.015085
7 9 0.049102 0.050127 0.015085
7 10 0.053114 0.050127 0.015085
7 11 0.062858 0.050127 0.015085
7 12 0.061139 0.050127 0.015085
7 13 0.063049 0.050127 0.015085
7 14 0.067253 0.050127 0.015085
7 15 0.067444 0.050127 0.015085
7 16 0.065533 0.050127 0.015085
7 17 0.066297 0.050127 0.015085
7 18 0.066488 0.050127 0.015085
7 19 0.062094 0.050127 0.015085
7 20 0.051777 0.050127 0.015085
8 0 0.030378 0.050127 0.015085
8 1 0.030951 0.050127 0.015085
8 2 0.031334 0.050127 0.015085
8 3 0.034008 0.050127 0.015085
8 4 0.036110 0.050127 0.015085
8 5 0.039167 0.050127 0.015085
8 6 0.042988 0.050127 0.015085
8 7 0.047574 0.050127 0.015085
8 8 0.051395 0.050127 0.015085
8 9 0.052923 0.050127 0.015085
8 10 0.055598 0.050127 0.015085
8 11 0.061330 0.050127 0.015085
8 12 0.064005 0.050127 0.015085
8 13 0.064387 0.050127 0.015085
8 14 0.061330 0.050127 0.015085
8 15 0.065151 0.050127 0.015085
8 16 0.063622 0.050127 0.015085
8 17 0.060566 0.050127 0.015085
8 18 0.060948 0.050127 0.015085
8 19 0.052923 0.050127 0.015085
8 20 0.049866 0.050127 0.015085
9 0 0.031907 0.050127 0.015085
9 1 0.033244 0.050127 0.015085
9 2 0.036301 0.050127 0.015085
9 3 0.038976 0.050127 0.015085
9 4 0.040122 0.050127 0.015085
9 5 0.043179 0.050127 0.015085
9 6 0.047956 0.050127 0.015085
9 7 0.049102 0.050127 0.015085
9 8 0.053687 0.050127 0.015085
9 9 0.055025 0.050127 0.015085
9 10 0.057318 0.050127 0.015085
9 11 0.058464 0.050127 0.015085
9 12 0.062667 0.050127 0.015085
9 13 0.062094 0.050127 0.015085
9 14 0.060757 0.050127 0.015085
9 15 0.062858 0.050127 0.015085
9 16 0.061139 0.050127 0.015085
9 17 0.058082 0.050127 0.015085
9 18 0.055407 0.050127 0.015085
9 19 0.048147 0.050127 0.015085
9 20 0.047382 0.050127 0.015085
10 0 0.039549 0.050127 0.015085
10 1 0.040887 0.050127 0.015085
10 2 0.043561 0.050127 0.015085
10 3 0.042797 0.050127 0.015085
10 4 0.044899 0.050127 0.015085
10 5 0.047000 0.050127 0.015085
10 6 0.051777 0.050127 0.015085
10 7 0.053496 0.050127 0.015085
10 8 0.057700 0.050127 0.015085
10 9 0.056362 0.050127 0.015085
10 10 0.057700 0.050127 0.015085
10 11 0.061139 0.050127 0.015085
10 12 0.062858 0.050127 0.015085
10 13 0.062667 0.050127 0.015085
10 14 0.065151 0.050127 0.015085
10 15 0.066679 0.050127 0.015085
10 16 0.064769 0.050127 0.015085
10 17 0.059801 0.050127 0.015085
10 18 0.053687 0.050127 0.015085
10 19 0.048338 0.050127 0.015085
10 20 0.045281 0.050127 0.015085
11 0 0.042606 0.050127 0.015085
11 1 0.047000 0.050127 0.015085
11 2 0.045854 0.050127 0.015085
11 3 0.049102 0.050127 0.015085
11 4 0.048529 0.050127 0.015085
11 5 0.052350 0.050127 0.015085
11 6 0.053496 0.050127 0.015085
11 7 0.058273 0.050127 0.015085
11 8 0.060948 0.050127 0.015085
11 9 0.059419 0.050127 0.015085
11 10 0.060948 0.050127 0.015085
11 11 0.062476 0.050127 0.015085
11 12 0.063622 0.050127 0.015085
11 13 0.061903 0.050127 0.015085
11 14 0.062858 0.050127 0.015085
11 15 0.062285 0.050127 0.015085
11 16 0.060566 0.050127 0.015085
11 17 0.057509 0.050127 0.015085
11 18 0.051395 0.050127 0.015085
11 19 0.047191 0.050127 0.015085
11 20 0.043752 0.050127 0.015085
12 0 0.048911 0.050127 0.015085
12 1 0.049293 0.050127 0.015085
12 2 0.051013 0.050127 0.015085
12 3 0.053878 0.050127 0.015085
12 4 0.053878 0.050127 0.015085
12 5 0.057318 0.050127 0.015085
12 6 0.060374 0.050127 0.015085
12 7 0.063814 0.050127 0.015085
12 8 0.065151 0.050127 0.015085
12 9 0.062667 0.050127 0.015085
12 10 0.065533 0.050127 0.015085
12 11 0.064578 0.050127 0.015085
12 12 0.063049 0.050127 0.015085
12 13 0.061903 0.050127 0.015085
12 14 0.061330 0.050127 0.015085
12 15 0.059419 0.050127 0.015085
12 16 0.052159 0.050127 0.015085
12 17 0.053496 0.050127 0.015085
12 18 0.049484 0.050127 0.015085
12 19 0.044326 0.050127 0.015085
12 20 0.037830 0.050127 0.015085
13 0 0.049293 0.050127 0.015085
13 1 0.051013 0.050127 0.015085
13 2 0.051777 0.050127 0.015085
13 3 0.057509 0.050127 0.015085
13 4 0.058273 0.050127 0.015085
13 5 0.062858 0.050127 0.015085
13 6 0.064387 0.050127 0.015085
13 7 0.067444 0.050127 0.015085
13 8 0.066106 0.050127 0.015085
13 9 0.062476 0.050127 0.015085
13 10 0.064387 0.050127 0.015085
13 11 0.065151 0.050127 0.015085
13 12 0.065724 0.050127 0.015085
13 13 0.061330 0.050127 0.015085
13 14 0.060374 0.050127 0.015085
13 15 0.055980 0.050127 0.015085
13 16 0.050822 0.050127 0.015085
13 17 0.049102 0.050127 0.015085
13 18 0.042988 0.050127 0.015085
13 19 0.039549 0.050127 0.015085
13 20 0.036492 0.050127 0.015085
14 0 0.050822 0.050127 0.015085
14 1 0.052923 0.050127 0.015085
14 2 0.059419 0.050127 0.015085
14 3 0.063240 0.050127 0.015085
14 4 0.065724 0.050127 0.015085
14 5 0.068781 0.050127 0.015085
14 6 0.067253 0.050127 0.015085
14 7 0.064387 0.050127 0.015085
14 8 0.064387 0.050127 0.015085
14 9 0.063814 0.050127 0.015085
14 10 0.065342 0.050127 0.015085
14 11 0.063622 0.050127 0.015085
14 12 0.062667 0.050127 0.015085
14 13 0.058082 0.050127 0.015085
14 14 0.055407 0.050127 0.015085
14 15 0.052350 0.050127 0.015085
14 16 0.047765 0.050127 0.015085
14 17 0.043370 0.050127 0.015085
14 18 0.037447 0.050127 0.015085
14 19 0.035537 0.050127 0.015085
14 20 0.033435 0.050127 0.015085
15 0 0.054834 0.050127 0.015085
15 1 0.059419 0.050127 0.015085
15 2 0.064387 0.050127 0.015085
15 3 0.066870 0.050127 0.015085
15 4 0.066488 0.050127 0.015085
15 5 0.070118 0.050127 0.015085
15 6 0.070310 0.050127 0.015085
15 7 0.068208 0.050127 0.015085
15 8 0.061521 0.050127 0.015085
15 9 0.062094 0.050127 0.015085
15 10 0.063622 0.050127 0.015085
15 11 0.061330 0.050127 0.015085
15 12 0.057891 0.050127 0.015085
15 13 0.055407 0.050127 0.015085
15 14 0.052541 0.050127 0.015085
15 15 0.047574 0.050127 0.015085
15 16 0.042415 0.050127 0.015085
15 17 0.039549 0.050127 0.015085
15 18 0.034773 0.050127 0.015085
15 19 0.033435 0.050127 0.015085
15 20 0.031143 0.050127 0.015085
16 0 0.057126 0.050127 0.015085
16 1 0.064960 0.050127 0.015085
16 2 0.066870 0.050127 0.015085
16 3 0.072411 0.050127 0.015085
16 4 0.071838 0.050127 0.015085
16 5 0.070692 0.050127 0.015085
16 6 0.071647 0.050127 0.015085
16 7 0.067635 0.050127 0.015085
16 8 0.062094 0.050127 0.015085
16 9 0.060757 0.050127 0.015085
16 10 0.059801 0.050127 0.015085
16 11 0.056553 0.050127 0.015085
16 12 0.053687 0.050127 0.015085
16 13 0.049293 0.050127 0.015085
16 14 0.047191 0.050127 0.015085
16 15 0.040695 0.050127 0.015085
16 16 0.036874 0.050127 0.015085
16 17 0.033435 0.050127 0.015085
16 18 0.031334 0.050127 0.015085
16 19 0.029423 0.050127 0.015085
16 20 0.029614 0.050127 0.015085
17 0 0.061330 0.050127 0.015085
17 1 0.065724 0.050127 0.015085
17 2 0.072029 0.050127 0.015085
17 3 0.073940 0.050127 0.015085
17 4 0.073558 0.050127 0.015085
17 5 0.072220 0.050127 0.015085
17 6 0.069736 0.050127 0.015085
17 7 0.065151 0.050127 0.015085
17 8 0.063431 0.050127 0.015085
17 9 0.057700 0.050127 0.015085
17 10 0.056553 0.050127 0.015085
17 11 0.051013 0.050127 0.015085
17 12 0.047574 0.050127 0.015085
17 13 0.044899 0.050127 0.015085
17 14 0.039167 0.050127 0.015085
17 15 0.034773 0.050127 0.015085
17 16 0.032098 0.050127 0.015085
17 17 0.030951 0.050127 0.015085
17 18 0.028850 0.050127 0.015085
17 19 0.025984 0.050127 0.015085
17 20 0.027703 0.050127 0.015085
18 0 0.057509 0.050127 0.015085
18 1 0.067253 0.050127 0.015085
18 2 0.071074 0.050127 0.015085
18 3 0.071838 0.050127 0.015085
18 4 0.072220 0.050127 0.015085
18 5 0.072793 0.050127 0.015085
18 6 0.069927 0.050127 0.015085
18 7 0.063814 0.050127 0.015085
18 8 0.058082 0.050127 0.015085
18 9 0.054261 0.050127 0.015085
18 10 0.051013 0.050127 0.015085
18 11 0.046809 0.050127 0.015085
18 12 0.043752 0.050127 0.015085
18 13 0.039931 0.050127 0.015085
18 14 0.033244 0.050127 0.015085
18 15 0.029232 0.050127 0.015085
18 16 0.028086 0.050127 0.015085
18 17 0.027703 0.050127 0.015085
18 18 0.026366 0.050127 0.015085
18 19 0.024455 0.050127 0.015085
18 20 0.026557 0.050127 0.015085
19 0 0.054452 0.050127 0.015085
19 1 0.060566 0.050127 0.015085
19 2 0.065342 0.050127 0.015085
19 3 0.068590 0.050127 0.015085
19 4 0.069354 0.050127 0.015085
19 5 0.067444 0.050127 0.015085
19 6 0.064005 0.050127 0.015085
19 7 0.059801 0.050127 0.015085
19 8 0.055789 0.050127 0.015085
19 9 0.050822 0.050127 0.015085
19 10 0.046618 0.050127 0.015085
19 11 0.040313 0.050127 0.015085
19 12 0.039167 0.050127 0.015085
19 13 0.034391 0.050127 0.015085
19 14 0.029232 0.050127 0.015085
19 15 0.028850 0.050127 0.015085
19 16 0.025984 0.050127 0.015085
19 17 0.025411 0.050127 0.015085
19 18 0.024264 0.050127 0.015085
19 19 0.025411 0.050127 0.015085
19 20 0.025220 0.050127 0.015085
20 0 0.053305 0.050127 0.015085
20 1 0.057700 0.050127 0.015085
20 2 0.062285 0.050127 0.015085
20 3 0.064578 0.050127 0.015085
20 4 0.064005 0.050127 0.015085
20 5 0.064005 0.050127 0.015085
20 6 0.059228 0.050127 0.015085
20 7 0.055980 0.050127 0.015085
20 8 0.050822 0.050127 0.015085
20 9 0.046427 0.050127 0.015085
20 10 0.042988 0.050127 0.015085
20 11 0.038403 0.050127 0.015085
20 12 0.034199 0.050127 0.015085
20 13 0.030760 0.050127 0.015085
20 14 0.026175 0.050127 0.015085
20 15 0.027512 0.050127 0.015085
20 16 0.024264 0.050127 0.015085
20 17 0.024455 0.050127 0.015085
20 18 0.023500 0.050127 0.015085
20 19 0.022545 0.050127 0.015085
20 20 0.022927 0.050127 0.015085
