# contact distance = 16.0 Angstroms
# F = 0.4 kJ/mol

# i j contact_probability mean_contact_probability stddev_contact_probability
0 0 0.021543 0.051560 0.017199
0 1 0.020068 0.051560 0.017199
0 2 0.020511 0.051560 0.017199
0 3 0.021248 0.051560 0.017199
0 4 0.020658 0.051560 0.017199
0 5 0.024347 0.051560 0.017199
0 6 0.026118 0.051560 0.017199
0 7 0.029512 0.051560 0.017199
0 8 0.033938 0.051560 0.017199
0 9 0.038218 0.051560 0.017199
0 10 0.040726 0.051560 0.017199
0 11 0.042939 0.051560 0.017199
0 12 0.046628 0.051560 0.017199
0 13 0.046333 0.051560 0.017199
0 14 0.050760 0.051560 0.017199
0 15 0.052088 0.051560 0.017199
0 16 0.055039 0.051560 0.017199
0 17 0.057252 0.051560 0.017199
0 18 0.058580 0.051560 0.017199
0 19 0.060794 0.051560 0.017199
0 20 0.058433 0.051560 0.017199
1 0 0.021986 0.051560 0.017199
1 1 0.019773 0.051560 0.017199
1 2 0.019773 0.051560 0.017199
1 3 0.021543 0.051560 0.017199
1 4 0.018740 0.051560 0.017199
1 5 0.021691 0.051560 0.017199
1 6 0.026413 0.051560 0.017199
1 7 0.030544 0.051560 0.017199
1 8 0.036742 0.051560 0.017199
1 9 0.039398 0.051560 0.017199
1 10 0.041169 0.051560 0.017199
1 11 0.044267 0.051560 0.017199
1 12 0.048547 0.051560 0.017199
1 13 0.051793 0.051560 0.017199
1 14 0.055629 0.051560 0.017199
1 15 0.057548 0.051560 0.017199
1 16 0.059909 0.051560 0.017199
1 17 0.062565 0.051560 0.017199
1 18 0.064335 0.051560 0.017199
1 19 0.064188 0.051560 0.017199
1 20 0.060351 0.051560 0.017199
2 0 0.020363 0.051560 0.017199
2 1 0.018002 0.051560 0.017199
2 2 0.017855 0.051560 0.017199
2 3 0.018002 0.051560 0.017199
2 4 0.018740 0.051560 0.017199
2 5 0.019920 0.051560 0.017199
2 6 0.024790 0.051560 0.017199
2 7 0.031430 0.051560 0.017199
2 8 0.036152 0.051560 0.017199
2 9 0.040431 0.051560 0.017199
2 10 0.042792 0.051560 0.017199
2 11 0.045743 0.051560 0.017199
2 12 0.047514 0.051560 0.017199
2 13 0.051498 0.051560 0.017199
2 14 0.056957 0.051560 0.017199
2 15 0.061237 0.051560 0.017199
2 16 0.063893 0.051560 0.017199
2 17 0.065516 0.051560 0.017199
2 18 0.067139 0.051560 0.017199
2 19 0.068172 0.051560 0.017199
2 20 0.063155 0.051560 0.017199
3 0 0.021396 0.051560 0.017199
3 1 0.016969 0.051560 0.017199
3 2 0.019183 0.051560 0.017199
3 3 0.017412 0.051560 0.017199
3 4 0.018740 0.051560 0.017199
3 5 0.020658 0.051560 0.017199
3 6 0.025232 0.051560 0.017199
3 7 0.029512 0.051560 0.017199
3 8 0.036742 0.051560 0.017199
3 9 0.040431 0.051560 0.017199
3 10 0.044415 0.051560 0.017199
3 11 0.047071 0.051560 0.017199
3 12 0.048399 0.051560 0.017199
3 13 0.052678 0.051560 0.017199
3 14 0.056515 0.051560 0.017199
3 15 0.063745 0.051560 0.017199
3 16 0.065221 0.051560 0.017199
3 17 0.070828 0.051560 0.017199
3 18 0.070975 0.051560 0.017199
3 19 0.069500 0.051560 0.017199
3 20 0.066844 0.051560 0.017199
4 0 0.022429 0.051560 0.017199
4 1 0.018887 0.051560 0.017199
4 2 0.019478 0.051560 0.017199
4 3 0.019625 0.051560 0.017199
4 4 0.019625 0.051560 0.017199
4 5 0.023314 0.051560 0.017199
4 6 0.028626 0.051560 0.017199
4 7 0.033791 0.051560 0.017199
4 8 0.039103 0.051560 0.017199
4 9 0.043972 0.051560 0.017199
4 10 0.047661 0.051560 0.017199
4 11 0.050317 0.051560 0.017199
4 12 0.051055 0.051560 0.017199
4 13 0.055187 0.051560 0.017199
4 14 0.058580 0.051560 0.017199
4 15 0.065958 0.051560 0.017199
4 16 0.071418 0.051560 0.017199
4 17 0.070090 0.051560 0.017199
4 18 0.072894 0.051560 0.017199
4 19 0.068172 0.051560 0.017199
4 20 0.065368 0.051560 0.017199
5 0 0.025232 0.051560 0.017199
5 1 0.021396 0.051560 0.017199
5 2 0.021396 0.051560 0.017199
5 3 0.022281 0.051560 0.017199
5 4 0.024199 0.051560 0.017199
5 5 0.027888 0.051560 0.017199
5 6 0.031135 0.051560 0.017199
5 7 0.038365 0.051560 0.017199
5 8 0.042497 0.051560 0.017199
5 9 0.047071 0.051560 0.017199
5 10 0.050907 0.051560 0.017199
5 11 0.054449 0.051560 0.017199
5 12 0.058728 0.051560 0.017199
5 13 0.059909 0.051560 0.017199
5 14 0.062860 0.051560 0.017199
5 15 0.067877 0.051560 0.017199
5 16 0.071861 0.051560 0.017199
5 17 0.071566 0.051560 0.017199
5 18 0.072008 0.051560 0.017199
5 19 0.069942 0.051560 0.017199
5 20 0.064335 0.051560 0.017199
6 0 0.028774 0.051560 0.017199
6 1 0.025085 0.051560 0.017199
6 2 0.026413 0.051560 0.017199
6 3 0.027151 0.051560 0.017199
6 4 0.027741 0.051560 0.017199
6 5 0.034233 0.051560 0.017199
6 6 0.035857 0.051560 0.017199
6 7 0.042054 0.051560 0.017199
6 8 0.045891 0.051560 0.017199
6 9 0.049579 0.051560 0.017199
6 10 0.054596 0.051560 0.017199
6 11 0.056220 0.051560 0.017199
6 12 0.057695 0.051560 0.017199
6 13 0.063155 0.051560 0.017199
6 14 0.066106 0.051560 0.017199
6 15 0.068467 0.051560 0.017199
6 16 0.069795 0.051560 0.017199
6 17 0.072598 0.051560 0.017199
6 18 0.071123 0.051560 0.017199
6 19 0.067286 0.051560 0.017199
6 20 0.061827 0.051560 0.017199
7 0 0.031725 0.051560 0.017199
7 1 0.030987 0.051560 0.017199
7 2 0.029512 0.051560 0.017199
7 3 0.030692 0.051560 0.017199
7 4 0.032758 0.051560 0.017199
7 5 0.037922 0.051560 0.017199
7 6 0.044415 0.051560 0.017199
7 7 0.048989 0.051560 0.017199
7 8 0.052236 0.051560 0.017199
7 9 0.055482 0.051560 0.017199
7 10 0.058876 0.051560 0.017199
7 11 0.061827 0.051560 0.017199
7 12 0.064925 0.051560 0.017199
7 13 0.067729 0.051560 0.017199
7 14 0.067877 0.051560 0.017199
7 15 0.069352 0.051560 0.017199
7 16 0.070385 0.051560 0.017199
7 17 0.068762 0.051560 0.017199
7 18 0.067434 0.051560 0.017199
7 19 0.065221 0.051560 0.017199
7 20 0.059171 0.051560 0.017199
8 0 0.035857 0.051560 0.017199
8 1 0.035561 0.051560 0.017199
8 2 0.035414 0.051560 0.017199
8 3 0.037185 0.051560 0.017199
8 4 0.037332 0.051560 0.017199
8 5 0.042792 0.051560 0.017199
8 6 0.048989 0.051560 0.017199
8 7 0.054596 0.051560 0.017199
8 8 0.057695 0.051560 0.017199
8 9 0.061532 0.051560 0.017199
8 10 0.064778 0.051560 0.017199
8 11 0.066991 0.051560 0.017199
8 12 0.068319 0.051560 0.017199
8 13 0.070680 0.051560 0.017199
8 14 0.070680 0.051560 0.017199
8 15 0.069942 0.051560 0.017199
8 16 0.067286 0.051560 0.017199
8 17 0.066549 0.051560 0.017199
8 18 0.062712 0.051560 0.017199
8 19 0.059909 0.051560 0.017199
8 20 0.056810 0.051560 0.017199
9 0 0.036742 0.051560 0.017199
9 1 0.037332 0.051560 0.017199
9 2 0.037775 0.051560 0.017199
9 3 0.038955 0.051560 0.017199
9 4 0.039693 0.051560 0.017199
9 5 0.044710 0.051560 0.017199
9 6 0.051055 0.051560 0.017199
9 7 0.057843 0.051560 0.017199
9 8 0.060941 0.051560 0.017199
9 9 0.065073 0.051560 0.017199
9 10 0.068614 0.051560 0.017199
9 11 0.068614 0.051560 0.017199
9 12 0.071123 0.051560 0.017199
9 13 0.070385 0.051560 0.017199
9 14 0.069795 0.051560 0.017199
9 15 0.069795 0.051560 0.017199
9 16 0.064040 0.051560 0.017199
9 17 0.062860 0.051560 0.017199
9 18 0.058580 0.051560 0.017199
9 19 0.057548 0.051560 0.017199
9 20 0.055629 0.051560 0.017199
10 0 0.037775 0.051560 0.017199
10 1 0.039398 0.051560 0.017199
10 2 0.041169 0.051560 0.017199
10 3 0.041611 0.051560 0.017199
10 4 0.043825 0.051560 0.017199
10 5 0.046628 0.051560 0.017199
10 6 0.053711 0.051560 0.017199
10 7 0.059171 0.051560 0.017199
10 8 0.061237 0.051560 0.017199
10 9 0.066991 0.051560 0.017199
10 10 0.071123 0.051560 0.017199
10 11 0.069795 0.051560 0.017199
10 12 0.069352 0.051560 0.017199
10 13 0.068762 0.051560 0.017199
10 14 0.068024 0.051560 0.017199
10 15 0.065811 0.051560 0.017199
10 16 0.060794 0.051560 0.017199
10 17 0.059171 0.051560 0.017199
10 18 0.056367 0.051560 0.017199
10 19 0.054006 0.051560 0.017199
10 20 0.049727 0.051560 0.017199
11 0 0.040578 0.051560 0.017199
11 1 0.042054 0.051560 0.017199
11 2 0.042644 0.051560 0.017199
11 3 0.042644 0.051560 0.017199
11 4 0.048104 0.051560 0.017199
11 5 0.051793 0.051560 0.017199
11 6 0.056810 0.051560 0.017199
11 7 0.063745 0.051560 0.017199
11 8 0.066549 0.051560 0.017199
11 9 0.070385 0.051560 0.017199
11 10 0.070975 0.051560 0.017199
11 11 0.074369 0.051560 0.017199
11 12 0.071418 0.051560 0.017199
11 13 0.072303 0.051560 0.017199
11 14 0.070975 0.051560 0.017199
11 15 0.066549 0.051560 0.017199
11 16 0.060499 0.051560 0.017199
11 17 0.056810 0.051560 0.017199
11 18 0.055187 0.051560 0.017199
11 19 0.050612 0.051560 0.017199
11 20 0.046038 0.051560 0.017199
12 0 0.040578 0.051560 0.017199
12 1 0.044562 0.051560 0.017199
12 2 0.046923 0.051560 0.017199
12 3 0.047071 0.051560 0.017199
12 4 0.051645 0.051560 0.017199
12 5 0.054449 0.051560 0.017199
12 6 0.058728 0.051560 0.017199
12 7 0.064630 0.051560 0.017199
12 8 0.067434 0.051560 0.017199
12 9 0.072156 0.051560 0.017199
12 10 0.073779 0.051560 0.017199
12 11 0.073779 0.051560 0.017199
12 12 0.072598 0.051560 0.017199
12 13 0.070090 0.051560 0.017199
12 14 0.070385 0.051560 0.017199
12 15 0.062712 0.051560 0.017199
12 16 0.057548 0.051560 0.017199
12 17 0.053416 0.051560 0.017199
12 18 0.049875 0.051560 0.017199
12 19 0.046923 0.051560 0.017199
12 20 0.042202 0.051560 0.017199
13 0 0.044710 0.051560 0.017199
13 1 0.047219 0.051560 0.017199
13 2 0.050317 0.051560 0.017199
13 3 0.053416 0.051560 0.017199
13 4 0.055777 0.051560 0.017199
13 5 0.062565 0.051560 0.017199
13 6 0.065663 0.051560 0.017199
13 7 0.068614 0.051560 0.017199
13 8 0.069057 0.051560 0.017199
13 9 0.072598 0.051560 0.017199
13 10 0.074369 0.051560 0.017199
13 11 0.074074 0.051560 0.017199
13 12 0.070090 0.051560 0.017199
13 13 0.071566 0.051560 0.017199
13 14 0.070090 0.051560 0.017199
13 15 0.062565 0.051560 0.017199
13 16 0.054301 0.051560 0.017199
13 17 0.048399 0.051560 0.017199
13 18 0.045005 0.051560 0.017199
13 19 0.042202 0.051560 0.017199
13 20 0.035857 0.051560 0.017199
14 0 0.047366 0.051560 0.017199
14 1 0.052973 0.051560 0.017199
14 2 0.058580 0.051560 0.017199
14 3 0.062269 0.051560 0.017199
14 4 0.064778 0.051560 0.017199
14 5 0.067286 0.051560 0.017199
14 6 0.070680 0.051560 0.017199
14 7 0.072598 0.051560 0.017199
14 8 0.074222 0.051560 0.017199
14 9 0.074812 0.051560 0.017199
14 10 0.073779 0.051560 0.017199
14 11 0.071566 0.051560 0.017199
14 12 0.069795 0.051560 0.017199
14 13 0.066401 0.051560 0.017199
14 14 0.065221 0.051560 0.017199
14 15 0.061089 0.051560 0.017199
14 16 0.051645 0.051560 0.017199
14 17 0.043825 0.051560 0.017199
14 18 0.037332 0.051560 0.017199
14 19 0.035709 0.051560 0.017199
14 20 0.031725 0.051560 0.017199
15 0 0.056662 0.051560 0.017199
15 1 0.059171 0.051560 0.017199
15 2 0.065073 0.051560 0.017199
15 3 0.069647 0.051560 0.017199
15 4 0.070385 0.051560 0.017199
15 5 0.068762 0.051560 0.017199
15 6 0.072894 0.051560 0.017199
15 7 0.075550 0.051560 0.017199
15 8 0.075255 0.051560 0.017199
15 9 0.072894 0.051560 0.017199
15 10 0.069942 0.051560 0.017199
15 11 0.066401 0.051560 0.017199
15 12 0.064188 0.051560 0.017199
15 13 0.060499 0.051560 0.017199
15 14 0.059171 0.051560 0.017199
15 15 0.053564 0.051560 0.017199
15 16 0.044858 0.051560 0.017199
15 17 0.037480 0.051560 0.017199
15 18 0.032758 0.051560 0.017199
15 19 0.030987 0.051560 0.017199
15 20 0.030544 0.051560 0.017199
16 0 0.056367 0.051560 0.017199
16 1 0.062417 0.051560 0.017199
16 2 0.068910 0.051560 0.017199
16 3 0.072451 0.051560 0.017199
16 4 0.070680 0.051560 0.017199
16 5 0.073189 0.051560 0.017199
16 6 0.072746 0.051560 0.017199
16 7 0.075107 0.051560 0.017199
16 8 0.073041 0.051560 0.017199
16 9 0.068614 0.051560 0.017199
16 10 0.065811 0.051560 0.017199
16 11 0.063007 0.051560 0.017199
16 12 0.058138 0.051560 0.017199
16 13 0.054744 0.051560 0.017199
16 14 0.053859 0.051560 0.017199
16 15 0.046923 0.051560 0.017199
16 16 0.038808 0.051560 0.017199
16 17 0.032905 0.051560 0.017199
16 18 0.031135 0.051560 0.017199
16 19 0.028331 0.051560 0.017199
16 20 0.026560 0.051560 0.017199
17 0 0.060056 0.051560 0.017199
17 1 0.065663 0.051560 0.017199
17 2 0.071861 0.051560 0.017199
17 3 0.076583 0.051560 0.017199
17 4 0.074369 0.051560 0.017199
17 5 0.073779 0.051560 0.017199
17 6 0.072156 0.051560 0.017199
17 7 0.072746 0.051560 0.017199
17 8 0.070090 0.051560 0.017199
17 9 0.065811 0.051560 0.017199
17 10 0.061384 0.051560 0.017199
17 11 0.057843 0.051560 0.017199
17 12 0.053121 0.051560 0.017199
17 13 0.049137 0.051560 0.017199
17 14 0.046333 0.051560 0.017199
17 15 0.040578 0.051560 0.017199
17 16 0.034529 0.051560 0.017199
17 17 0.030692 0.051560 0.017199
17 18 0.027446 0.051560 0.017199
17 19 0.025675 0.051560 0.017199
17 20 0.025085 0.051560 0.017199
18 0 0.063007 0.051560 0.017199
18 1 0.068762 0.051560 0.017199
18 2 0.074369 0.051560 0.017199
18 3 0.074517 0.051560 0.017199
18 4 0.075255 0.051560 0.017199
18 5 0.074074 0.051560 0.017199
18 6 0.073484 0.051560 0.017199
18 7 0.069647 0.051560 0.017199
18 8 0.065811 0.051560 0.017199
18 9 0.061237 0.051560 0.017199
18 10 0.055187 0.051560 0.017199
18 11 0.050170 0.051560 0.017199
18 12 0.047809 0.051560 0.017199
18 13 0.042939 0.051560 0.017199
18 14 0.040283 0.051560 0.017199
18 15 0.036447 0.051560 0.017199
18 16 0.033348 0.051560 0.017199
18 17 0.027741 0.051560 0.017199
18 18 0.024790 0.051560 0.017199
18 19 0.021248 0.051560 0.017199
18 20 0.021543 0.051560 0.017199
19 0 0.062122 0.051560 0.017199
19 1 0.067434 0.051560 0.017199
19 2 0.073484 0.051560 0.017199
19 3 0.075992 0.051560 0.017199
19 4 0.075845 0.051560 0.017199
19 5 0.073189 0.051560 0.017199
19 6 0.069647 0.051560 0.017199
19 7 0.064483 0.051560 0.017199
19 8 0.060794 0.051560 0.017199
19 9 0.056220 0.051560 0.017199
19 10 0.049284 0.051560 0.017199
19 11 0.045153 0.051560 0.017199
19 12 0.040283 0.051560 0.017199
19 13 0.036447 0.051560 0.017199
19 14 0.033938 0.051560 0.017199
19 15 0.031725 0.051560 0.017199
19 16 0.028626 0.051560 0.017199
19 17 0.025085 0.051560 0.017199
19 18 0.023019 0.051560 0.017199
19 19 0.018150 0.051560 0.017199
19 20 0.018592 0.051560 0.017199
20 0 0.058285 0.051560 0.017199
20 1 0.064188 0.051560 0.017199
20 2 0.068024 0.051560 0.017199
20 3 0.070385 0.051560 0.017199
20 4 0.069205 0.051560 0.017199
20 5 0.069500 0.051560 0.017199
20 6 0.064040 0.051560 0.017199
20 7 0.060499 0.051560 0.017199
20 8 0.054449 0.051560 0.017199
20 9 0.049137 0.051560 0.017199
20 10 0.043382 0.051560 0.017199
20 11 0.041611 0.051560 0.017199
20 12 0.037185 0.051560 0.017199
20 13 0.033938 0.051560 0.017199
20 14 0.031135 0.051560 0.017199
20 15 0.028184 0.051560 0.017199
20 16 0.025823 0.051560 0.017199
20 17 0.024790 0.051560 0.017199
20 18 0.021248 0.051560 0.017199
20 19 0.018002 0.051560 0.017199
20 20 0.016969 0.051560 0.017199
