# contact distance = 16.0 Angstroms
# F = 0.4 kJ/mol

# i j contact_probability mean_contact_probability stddev_contact_probability
0 0 0.029896 0.051927 0.017898
0 1 0.028686 0.051927 0.017898
0 2 0.029412 0.051927 0.017898
0 3 0.031348 0.051927 0.017898
0 4 0.030985 0.051927 0.017898
0 5 0.030622 0.051927 0.017898
0 6 0.031954 0.051927 0.017898
0 7 0.031348 0.051927 0.017898
0 8 0.033527 0.051927 0.017898
0 9 0.037400 0.051927 0.017898
0 10 0.041031 0.051927 0.017898
0 11 0.041878 0.051927 0.017898
0 12 0.046841 0.051927 0.017898
0 13 0.056282 0.051927 0.017898
0 14 0.068143 0.051927 0.017898
0 15 0.077342 0.051927 0.017898
0 16 0.082305 0.051927 0.017898
0 17 0.085088 0.051927 0.017898
0 18 0.084604 0.051927 0.017898
0 19 0.079037 0.051927 0.017898
0 20 0.073469 0.051927 0.017898
1 0 0.029291 0.051927 0.017898
1 1 0.028928 0.051927 0.017898
1 2 0.031227 0.051927 0.017898
1 3 0.029291 0.051927 0.017898
1 4 0.029533 0.051927 0.017898
1 5 0.031711 0.051927 0.017898
1 6 0.031832 0.051927 0.017898
1 7 0.031227 0.051927 0.017898
1 8 0.033164 0.051927 0.017898
1 9 0.040063 0.051927 0.017898
1 10 0.043936 0.051927 0.017898
1 11 0.047930 0.051927 0.017898
1 12 0.054708 0.051927 0.017898
1 13 0.063544 0.051927 0.017898
1 14 0.075405 0.051927 0.017898
1 15 0.083757 0.051927 0.017898
1 16 0.088598 0.051927 0.017898
1 17 0.090898 0.051927 0.017898
1 18 0.090051 0.051927 0.017898
1 19 0.085330 0.051927 0.017898
1 20 0.078916 0.051927 0.017898
2 0 0.029533 0.051927 0.017898
2 1 0.030017 0.051927 0.017898
2 2 0.030138 0.051927 0.017898
2 3 0.029533 0.051927 0.017898
2 4 0.030743 0.051927 0.017898
2 5 0.032438 0.051927 0.017898
2 6 0.034011 0.051927 0.017898
2 7 0.034132 0.051927 0.017898
2 8 0.037400 0.051927 0.017898
2 9 0.044057 0.051927 0.017898
2 10 0.046599 0.051927 0.017898
2 11 0.051077 0.051927 0.017898
2 12 0.059671 0.051927 0.017898
2 13 0.068385 0.051927 0.017898
2 14 0.077705 0.051927 0.017898
2 15 0.084967 0.051927 0.017898
2 16 0.090172 0.051927 0.017898
2 17 0.094529 0.051927 0.017898
2 18 0.092593 0.051927 0.017898
2 19 0.087872 0.051927 0.017898
2 20 0.078916 0.051927 0.017898
3 0 0.027838 0.051927 0.017898
3 1 0.028928 0.051927 0.017898
3 2 0.031711 0.051927 0.017898
3 3 0.029533 0.051927 0.017898
3 4 0.030501 0.051927 0.017898
3 5 0.030864 0.051927 0.017898
3 6 0.033648 0.051927 0.017898
3 7 0.037158 0.051927 0.017898
3 8 0.040305 0.051927 0.017898
3 9 0.046236 0.051927 0.017898
3 10 0.050835 0.051927 0.017898
3 11 0.056766 0.051927 0.017898
3 12 0.061970 0.051927 0.017898
3 13 0.068748 0.051927 0.017898
3 14 0.077100 0.051927 0.017898
3 15 0.083031 0.051927 0.017898
3 16 0.088719 0.051927 0.017898
3 17 0.091624 0.051927 0.017898
3 18 0.089930 0.051927 0.017898
3 19 0.084846 0.051927 0.017898
3 20 0.076253 0.051927 0.017898
4 0 0.028080 0.051927 0.017898
4 1 0.030743 0.051927 0.017898
4 2 0.030017 0.051927 0.017898
4 3 0.028201 0.051927 0.017898
4 4 0.028443 0.051927 0.017898
4 5 0.032680 0.051927 0.017898
4 6 0.035100 0.051927 0.017898
4 7 0.038368 0.051927 0.017898
4 8 0.043331 0.051927 0.017898
4 9 0.046599 0.051927 0.017898
4 10 0.048535 0.051927 0.017898
4 11 0.055556 0.051927 0.017898
4 12 0.060760 0.051927 0.017898
4 13 0.063907 0.051927 0.017898
4 14 0.071774 0.051927 0.017898
4 15 0.078068 0.051927 0.017898
4 16 0.081336 0.051927 0.017898
4 17 0.087388 0.051927 0.017898
4 18 0.085088 0.051927 0.017898
4 19 0.076858 0.051927 0.017898
4 20 0.069596 0.051927 0.017898
5 0 0.027959 0.051927 0.017898
5 1 0.030743 0.051927 0.017898
5 2 0.029049 0.051927 0.017898
5 3 0.029533 0.051927 0.017898
5 4 0.030743 0.051927 0.017898
5 5 0.033285 0.051927 0.017898
5 6 0.036553 0.051927 0.017898
5 7 0.040668 0.051927 0.017898
5 8 0.046236 0.051927 0.017898
5 9 0.047446 0.051927 0.017898
5 10 0.053377 0.051927 0.017898
5 11 0.057371 0.051927 0.017898
5 12 0.059671 0.051927 0.017898
5 13 0.064633 0.051927 0.017898
5 14 0.069112 0.051927 0.017898
5 15 0.074316 0.051927 0.017898
5 16 0.077463 0.051927 0.017898
5 17 0.081094 0.051927 0.017898
5 18 0.077947 0.051927 0.017898
5 19 0.071895 0.051927 0.017898
5 20 0.062697 0.051927 0.017898
6 0 0.029049 0.051927 0.017898
6 1 0.031106 0.051927 0.017898
6 2 0.031106 0.051927 0.017898
6 3 0.031590 0.051927 0.017898
6 4 0.033285 0.051927 0.017898
6 5 0.035827 0.051927 0.017898
6 6 0.040063 0.051927 0.017898
6 7 0.045267 0.051927 0.017898
6 8 0.049262 0.051927 0.017898
6 9 0.051440 0.051927 0.017898
6 10 0.054345 0.051927 0.017898
6 11 0.060760 0.051927 0.017898
6 12 0.062092 0.051927 0.017898
6 13 0.064996 0.051927 0.017898
6 14 0.067054 0.051927 0.017898
6 15 0.067901 0.051927 0.017898
6 16 0.072501 0.051927 0.017898
6 17 0.071532 0.051927 0.017898
6 18 0.068991 0.051927 0.017898
6 19 0.064391 0.051927 0.017898
6 20 0.056645 0.051927 0.017898
7 0 0.030380 0.051927 0.017898
7 1 0.031832 0.051927 0.017898
7 2 0.032680 0.051927 0.017898
7 3 0.032438 0.051927 0.017898
7 4 0.035827 0.051927 0.017898
7 5 0.038853 0.051927 0.017898
7 6 0.042363 0.051927 0.017898
7 7 0.046599 0.051927 0.017898
7 8 0.051198 0.051927 0.017898
7 9 0.053740 0.051927 0.017898
7 10 0.055798 0.051927 0.017898
7 11 0.058824 0.051927 0.017898
7 12 0.060639 0.051927 0.017898
7 13 0.061849 0.051927 0.017898
7 14 0.064149 0.051927 0.017898
7 15 0.063302 0.051927 0.017898
7 16 0.063423 0.051927 0.017898
7 17 0.061849 0.051927 0.017898
7 18 0.061365 0.051927 0.017898
7 19 0.054708 0.051927 0.017898
7 20 0.049746 0.051927 0.017898
8 0 0.032075 0.051927 0.017898
8 1 0.034616 0.051927 0.017898
8 2 0.035100 0.051927 0.017898
8 3 0.036916 0.051927 0.017898
8 4 0.036311 0.051927 0.017898
8 5 0.041152 0.051927 0.017898
8 6 0.046841 0.051927 0.017898
8 7 0.052772 0.051927 0.017898
8 8 0.054587 0.051927 0.017898
8 9 0.058339 0.051927 0.017898
8 10 0.059308 0.051927 0.017898
8 11 0.060639 0.051927 0.017898
8 12 0.060639 0.051927 0.017898
8 13 0.061607 0.051927 0.017898
8 14 0.061849 0.051927 0.017898
8 15 0.060639 0.051927 0.017898
8 16 0.058824 0.051927 0.017898
8 17 0.057855 0.051927 0.017898
8 18 0.054224 0.051927 0.017898
8 19 0.047446 0.051927 0.017898
8 20 0.044662 0.051927 0.017898
9 0 0.034374 0.051927 0.017898
9 1 0.038611 0.051927 0.017898
9 2 0.039095 0.051927 0.017898
9 3 0.042000 0.051927 0.017898
9 4 0.042847 0.051927 0.017898
9 5 0.046115 0.051927 0.017898
9 6 0.048899 0.051927 0.017898
9 7 0.052530 0.051927 0.017898
9 8 0.056645 0.051927 0.017898
9 9 0.060639 0.051927 0.017898
9 10 0.060276 0.051927 0.017898
9 11 0.061123 0.051927 0.017898
9 12 0.061607 0.051927 0.017898
9 13 0.062334 0.051927 0.017898
9 14 0.062818 0.051927 0.017898
9 15 0.058945 0.051927 0.017898
9 16 0.058218 0.051927 0.017898
9 17 0.055556 0.051927 0.017898
9 18 0.049867 0.051927 0.017898
9 19 0.043936 0.051927 0.017898
9 20 0.041273 0.051927 0.017898
10 0 0.037037 0.051927 0.017898
10 1 0.040910 0.051927 0.017898
10 2 0.044904 0.051927 0.017898
10 3 0.047325 0.051927 0.017898
10 4 0.046962 0.051927 0.017898
10 5 0.049141 0.051927 0.017898
10 6 0.053135 0.051927 0.017898
10 7 0.056040 0.051927 0.017898
10 8 0.056040 0.051927 0.017898
10 9 0.058339 0.051927 0.017898
10 10 0.058824 0.051927 0.017898
10 11 0.060276 0.051927 0.017898
10 12 0.060276 0.051927 0.017898
10 13 0.059913 0.051927 0.017898
10 14 0.059550 0.051927 0.017898
10 15 0.053619 0.051927 0.017898
10 16 0.052288 0.051927 0.017898
10 17 0.050835 0.051927 0.017898
10 18 0.045752 0.051927 0.017898
10 19 0.042121 0.051927 0.017898
10 20 0.037158 0.051927 0.017898
11 0 0.041031 0.051927 0.017898
11 1 0.044299 0.051927 0.017898
11 2 0.049867 0.051927 0.017898
11 3 0.052288 0.051927 0.017898
11 4 0.052288 0.051927 0.017898
11 5 0.053619 0.051927 0.017898
11 6 0.057734 0.051927 0.017898
11 7 0.058339 0.051927 0.017898
11 8 0.059913 0.051927 0.017898
11 9 0.061365 0.051927 0.017898
11 10 0.059792 0.051927 0.017898
11 11 0.061244 0.051927 0.017898
11 12 0.061970 0.051927 0.017898
11 13 0.060155 0.051927 0.017898
11 14 0.058824 0.051927 0.017898
11 15 0.054103 0.051927 0.017898
11 16 0.050593 0.051927 0.017898
11 17 0.048293 0.051927 0.017898
11 18 0.042363 0.051927 0.017898
11 19 0.039579 0.051927 0.017898
11 20 0.037158 0.051927 0.017898
12 0 0.047446 0.051927 0.017898
12 1 0.051561 0.051927 0.017898
12 2 0.054466 0.051927 0.017898
12 3 0.055435 0.051927 0.017898
12 4 0.056161 0.051927 0.017898
12 5 0.057613 0.051927 0.017898
12 6 0.059066 0.051927 0.017898
12 7 0.060276 0.051927 0.017898
12 8 0.061002 0.051927 0.017898
12 9 0.060276 0.051927 0.017898
12 10 0.058339 0.051927 0.017898
12 11 0.061728 0.051927 0.017898
12 12 0.061970 0.051927 0.017898
12 13 0.058218 0.051927 0.017898
12 14 0.056040 0.051927 0.017898
12 15 0.052288 0.051927 0.017898
12 16 0.047930 0.051927 0.017898
12 17 0.043936 0.051927 0.017898
12 18 0.038489 0.051927 0.017898
12 19 0.036795 0.051927 0.017898
12 20 0.034858 0.051927 0.017898
13 0 0.053498 0.051927 0.017898
13 1 0.060276 0.051927 0.017898
13 2 0.061607 0.051927 0.017898
13 3 0.063060 0.051927 0.017898
13 4 0.062697 0.051927 0.017898
13 5 0.062213 0.051927 0.017898
13 6 0.062576 0.051927 0.017898
13 7 0.064028 0.051927 0.017898
13 8 0.062576 0.051927 0.017898
13 9 0.061365 0.051927 0.017898
13 10 0.061244 0.051927 0.017898
13 11 0.059792 0.051927 0.017898
13 12 0.059550 0.051927 0.017898
13 13 0.056161 0.051927 0.017898
13 14 0.052530 0.051927 0.017898
13 15 0.048051 0.051927 0.017898
13 16 0.043694 0.051927 0.017898
13 17 0.037884 0.051927 0.017898
13 18 0.033890 0.051927 0.017898
13 19 0.033043 0.051927 0.017898
13 20 0.032075 0.051927 0.017898
14 0 0.063181 0.051927 0.017898
14 1 0.069354 0.051927 0.017898
14 2 0.072743 0.051927 0.017898
14 3 0.070564 0.051927 0.017898
14 4 0.068506 0.051927 0.017898
14 5 0.068627 0.051927 0.017898
14 6 0.067175 0.051927 0.017898
14 7 0.063544 0.051927 0.017898
14 8 0.062818 0.051927 0.017898
14 9 0.060034 0.051927 0.017898
14 10 0.059550 0.051927 0.017898
14 11 0.059913 0.051927 0.017898
14 12 0.054829 0.051927 0.017898
14 13 0.053498 0.051927 0.017898
14 14 0.049988 0.051927 0.017898
14 15 0.045510 0.051927 0.017898
14 16 0.041636 0.051927 0.017898
14 17 0.036553 0.051927 0.017898
14 18 0.029896 0.051927 0.017898
14 19 0.027959 0.051927 0.017898
14 20 0.026507 0.051927 0.017898
15 0 0.069233 0.051927 0.017898
15 1 0.076495 0.051927 0.017898
15 2 0.079037 0.051927 0.017898
15 3 0.077463 0.051927 0.017898
15 4 0.076011 0.051927 0.017898
15 5 0.072501 0.051927 0.017898
15 6 0.068748 0.051927 0.017898
15 7 0.062334 0.051927 0.017898
15 8 0.059792 0.051927 0.017898
15 9 0.058339 0.051927 0.017898
15 10 0.054950 0.051927 0.017898
15 11 0.054708 0.051927 0.017898
15 12 0.052651 0.051927 0.017898
15 13 0.049262 0.051927 0.017898
15 14 0.045025 0.051927 0.017898
15 15 0.040426 0.051927 0.017898
15 16 0.034374 0.051927 0.017898
15 17 0.030380 0.051927 0.017898
15 18 0.027475 0.051927 0.017898
15 19 0.023723 0.051927 0.017898
15 20 0.022150 0.051927 0.017898
16 0 0.076011 0.051927 0.017898
16 1 0.082426 0.051927 0.017898
16 2 0.085088 0.051927 0.017898
16 3 0.083515 0.051927 0.017898
16 4 0.077947 0.051927 0.017898
16 5 0.074921 0.051927 0.017898
16 6 0.068627 0.051927 0.017898
16 7 0.062092 0.051927 0.017898
16 8 0.059429 0.051927 0.017898
16 9 0.056161 0.051927 0.017898
16 10 0.051803 0.051927 0.017898
16 11 0.051077 0.051927 0.017898
16 12 0.048535 0.051927 0.017898
16 13 0.044662 0.051927 0.017898
16 14 0.040789 0.051927 0.017898
16 15 0.032559 0.051927 0.017898
16 16 0.029533 0.051927 0.017898
16 17 0.024086 0.051927 0.017898
16 18 0.023723 0.051927 0.017898
16 19 0.021908 0.051927 0.017898
16 20 0.021786 0.051927 0.017898
17 0 0.080610 0.051927 0.017898
17 1 0.086057 0.051927 0.017898
17 2 0.088114 0.051927 0.017898
17 3 0.087146 0.051927 0.017898
17 4 0.081215 0.051927 0.017898
17 5 0.074800 0.051927 0.017898
17 6 0.068264 0.051927 0.017898
17 7 0.062455 0.051927 0.017898
17 8 0.057371 0.051927 0.017898
17 9 0.052288 0.051927 0.017898
17 10 0.049625 0.051927 0.017898
17 11 0.049020 0.051927 0.017898
17 12 0.043815 0.051927 0.017898
17 13 0.039579 0.051927 0.017898
17 14 0.035827 0.051927 0.017898
17 15 0.029775 0.051927 0.017898
17 16 0.026749 0.051927 0.017898
17 17 0.022634 0.051927 0.017898
17 18 0.021786 0.051927 0.017898
17 19 0.021060 0.051927 0.017898
17 20 0.019608 0.051927 0.017898
18 0 0.079884 0.051927 0.017898
18 1 0.084846 0.051927 0.017898
18 2 0.085573 0.051927 0.017898
18 3 0.084846 0.051927 0.017898
18 4 0.077221 0.051927 0.017898
18 5 0.071774 0.051927 0.017898
18 6 0.065602 0.051927 0.017898
18 7 0.059671 0.051927 0.017898
18 8 0.054345 0.051927 0.017898
18 9 0.050351 0.051927 0.017898
18 10 0.048051 0.051927 0.017898
18 11 0.045389 0.051927 0.017898
18 12 0.040426 0.051927 0.017898
18 13 0.038489 0.051927 0.017898
18 14 0.034374 0.051927 0.017898
18 15 0.030259 0.051927 0.017898
18 16 0.027475 0.051927 0.017898
18 17 0.023965 0.051927 0.017898
18 18 0.020697 0.051927 0.017898
18 19 0.019729 0.051927 0.017898
18 20 0.019971 0.051927 0.017898
19 0 0.074437 0.051927 0.017898
19 1 0.077826 0.051927 0.017898
19 2 0.077705 0.051927 0.017898
19 3 0.077705 0.051927 0.017898
19 4 0.071290 0.051927 0.017898
19 5 0.067296 0.051927 0.017898
19 6 0.060397 0.051927 0.017898
19 7 0.055192 0.051927 0.017898
19 8 0.048656 0.051927 0.017898
19 9 0.046720 0.051927 0.017898
19 10 0.044178 0.051927 0.017898
19 11 0.040305 0.051927 0.017898
19 12 0.037037 0.051927 0.017898
19 13 0.035464 0.051927 0.017898
19 14 0.033285 0.051927 0.017898
19 15 0.029291 0.051927 0.017898
19 16 0.027596 0.051927 0.017898
19 17 0.024207 0.051927 0.017898
19 18 0.022150 0.051927 0.017898
19 19 0.020939 0.051927 0.017898
19 20 0.019487 0.051927 0.017898
20 0 0.066933 0.051927 0.017898
20 1 0.072016 0.051927 0.017898
20 2 0.072864 0.051927 0.017898
20 3 0.069475 0.051927 0.017898
20 4 0.063423 0.051927 0.017898
20 5 0.060155 0.051927 0.017898
20 6 0.055192 0.051927 0.017898
20 7 0.050472 0.051927 0.017898
20 8 0.046236 0.051927 0.017898
20 9 0.043573 0.051927 0.017898
20 10 0.041031 0.051927 0.017898
20 11 0.037521 0.051927 0.017898
20 12 0.035221 0.051927 0.017898
20 13 0.033406 0.051927 0.017898
20 14 0.032196 0.051927 0.017898
20 15 0.029170 0.051927 0.017898
20 16 0.026628 0.051927 0.017898
20 17 0.026023 0.051927 0.017898
20 18 0.022513 0.051927 0.017898
20 19 0.020092 0.051927 0.017898
20 20 0.019971 0.051927 0.017898
