# contact distance = 16.0 Angstroms
# F = 0.4 kJ/mol

# i j contact_probability mean_contact_probability stddev_contact_probability
0 0 0.024653 0.049597 0.012714
0 1 0.023375 0.049597 0.012714
0 2 0.027027 0.049597 0.012714
0 3 0.029218 0.049597 0.012714
0 4 0.030862 0.049597 0.012714
0 5 0.033601 0.049597 0.012714
0 6 0.032505 0.049597 0.012714
0 7 0.036340 0.049597 0.012714
0 8 0.035793 0.049597 0.012714
0 9 0.035975 0.049597 0.012714
0 10 0.033784 0.049597 0.012714
0 11 0.036523 0.049597 0.012714
0 12 0.037984 0.049597 0.012714
0 13 0.040541 0.049597 0.012714
0 14 0.042915 0.049597 0.012714
0 15 0.045106 0.049597 0.012714
0 16 0.050402 0.049597 0.012714
0 17 0.052411 0.049597 0.012714
0 18 0.054785 0.049597 0.012714
0 19 0.051497 0.049597 0.012714
0 20 0.047297 0.049597 0.012714
1 0 0.022827 0.049597 0.012714
1 1 0.023557 0.049597 0.012714
1 2 0.027210 0.049597 0.012714
1 3 0.029949 0.049597 0.012714
1 4 0.030862 0.049597 0.012714
1 5 0.033236 0.049597 0.012714
1 6 0.034514 0.049597 0.012714
1 7 0.035793 0.049597 0.012714
1 8 0.035793 0.049597 0.012714
1 9 0.037436 0.049597 0.012714
1 10 0.037436 0.049597 0.012714
1 11 0.040358 0.049597 0.012714
1 12 0.042184 0.049597 0.012714
1 13 0.042184 0.049597 0.012714
1 14 0.046932 0.049597 0.012714
1 15 0.049306 0.049597 0.012714
1 16 0.056611 0.049597 0.012714
1 17 0.058254 0.049597 0.012714
1 18 0.058254 0.049597 0.012714
1 19 0.054602 0.049597 0.012714
1 20 0.051497 0.049597 0.012714
2 0 0.025383 0.049597 0.012714
2 1 0.027027 0.049597 0.012714
2 2 0.027392 0.049597 0.012714
2 3 0.031592 0.049597 0.012714
2 4 0.033053 0.049597 0.012714
2 5 0.036888 0.049597 0.012714
2 6 0.036340 0.049597 0.012714
2 7 0.040175 0.049597 0.012714
2 8 0.041454 0.049597 0.012714
2 9 0.042001 0.049597 0.012714
2 10 0.042915 0.049597 0.012714
2 11 0.045654 0.049597 0.012714
2 12 0.044193 0.049597 0.012714
2 13 0.046202 0.049597 0.012714
2 14 0.050402 0.049597 0.012714
2 15 0.053324 0.049597 0.012714
2 16 0.059350 0.049597 0.012714
2 17 0.061907 0.049597 0.012714
2 18 0.060446 0.049597 0.012714
2 19 0.056793 0.049597 0.012714
2 20 0.052045 0.049597 0.012714
3 0 0.028305 0.049597 0.012714
3 1 0.029766 0.049597 0.012714
3 2 0.029401 0.049597 0.012714
3 3 0.033966 0.049597 0.012714
3 4 0.037619 0.049597 0.012714
3 5 0.039262 0.049597 0.012714
3 6 0.039993 0.049597 0.012714
3 7 0.042732 0.049597 0.012714
3 8 0.045289 0.049597 0.012714
3 9 0.047115 0.049597 0.012714
3 10 0.046932 0.049597 0.012714
3 11 0.048758 0.049597 0.012714
3 12 0.050950 0.049597 0.012714
3 13 0.051497 0.049597 0.012714
3 14 0.053689 0.049597 0.012714
3 15 0.056063 0.049597 0.012714
3 16 0.061359 0.049597 0.012714
3 17 0.060080 0.049597 0.012714
3 18 0.060080 0.049597 0.012714
3 19 0.056976 0.049597 0.012714
3 20 0.053141 0.049597 0.012714
4 0 0.028488 0.049597 0.012714
4 1 0.031958 0.049597 0.012714
4 2 0.034697 0.049597 0.012714
4 3 0.035975 0.049597 0.012714
4 4 0.039080 0.049597 0.012714
4 5 0.040723 0.049597 0.012714
4 6 0.044741 0.049597 0.012714
4 7 0.045836 0.049597 0.012714
4 8 0.048576 0.049597 0.012714
4 9 0.049306 0.049597 0.012714
4 10 0.052411 0.049597 0.012714
4 11 0.052958 0.049597 0.012714
4 12 0.054419 0.049597 0.012714
4 13 0.055698 0.049597 0.012714
4 14 0.057524 0.049597 0.012714
4 15 0.060263 0.049597 0.012714
4 16 0.059167 0.049597 0.012714
4 17 0.060811 0.049597 0.012714
4 18 0.060263 0.049597 0.012714
4 19 0.057341 0.049597 0.012714
4 20 0.051680 0.049597 0.012714
5 0 0.033966 0.049597 0.012714
5 1 0.035610 0.049597 0.012714
5 2 0.037253 0.049597 0.012714
5 3 0.039080 0.049597 0.012714
5 4 0.041454 0.049597 0.012714
5 5 0.046567 0.049597 0.012714
5 6 0.049671 0.049597 0.012714
5 7 0.054967 0.049597 0.012714
5 8 0.055332 0.049597 0.012714
5 9 0.056793 0.049597 0.012714
5 10 0.056063 0.049597 0.012714
5 11 0.057706 0.049597 0.012714
5 12 0.060811 0.049597 0.012714
5 13 0.060446 0.049597 0.012714
5 14 0.061541 0.049597 0.012714
5 15 0.060263 0.049597 0.012714
5 16 0.065011 0.049597 0.012714
5 17 0.062272 0.049597 0.012714
5 18 0.059898 0.049597 0.012714
5 19 0.056428 0.049597 0.012714
5 20 0.052228 0.049597 0.012714
6 0 0.036888 0.049597 0.012714
6 1 0.036706 0.049597 0.012714
6 2 0.040175 0.049597 0.012714
6 3 0.044558 0.049597 0.012714
6 4 0.049671 0.049597 0.012714
6 5 0.051315 0.049597 0.012714
6 6 0.054602 0.049597 0.012714
6 7 0.057524 0.049597 0.012714
6 8 0.061359 0.049597 0.012714
6 9 0.059350 0.049597 0.012714
6 10 0.059533 0.049597 0.012714
6 11 0.060811 0.049597 0.012714
6 12 0.064098 0.049597 0.012714
6 13 0.064280 0.049597 0.012714
6 14 0.063550 0.049597 0.012714
6 15 0.064463 0.049597 0.012714
6 16 0.063550 0.049597 0.012714
6 17 0.059898 0.049597 0.012714
6 18 0.056976 0.049597 0.012714
6 19 0.052411 0.049597 0.012714
6 20 0.045289 0.049597 0.012714
7 0 0.035975 0.049597 0.012714
7 1 0.037071 0.049597 0.012714
7 2 0.040175 0.049597 0.012714
7 3 0.045836 0.049597 0.012714
7 4 0.051680 0.049597 0.012714
7 5 0.055332 0.049597 0.012714
7 6 0.058619 0.049597 0.012714
7 7 0.062454 0.049597 0.012714
7 8 0.063733 0.049597 0.012714
7 9 0.065924 0.049597 0.012714
7 10 0.065741 0.049597 0.012714
7 11 0.064828 0.049597 0.012714
7 12 0.068115 0.049597 0.012714
7 13 0.067020 0.049597 0.012714
7 14 0.063733 0.049597 0.012714
7 15 0.065376 0.049597 0.012714
7 16 0.065194 0.049597 0.012714
7 17 0.060628 0.049597 0.012714
7 18 0.054602 0.049597 0.012714
7 19 0.047663 0.049597 0.012714
7 20 0.042001 0.049597 0.012714
8 0 0.034514 0.049597 0.012714
8 1 0.042001 0.049597 0.012714
8 2 0.044010 0.049597 0.012714
8 3 0.048576 0.049597 0.012714
8 4 0.053141 0.049597 0.012714
8 5 0.058985 0.049597 0.012714
8 6 0.061724 0.049597 0.012714
8 7 0.067202 0.049597 0.012714
8 8 0.069394 0.049597 0.012714
8 9 0.071585 0.049597 0.012714
8 10 0.068846 0.049597 0.012714
8 11 0.069759 0.049597 0.012714
8 12 0.070855 0.049597 0.012714
8 13 0.068846 0.049597 0.012714
8 14 0.067933 0.049597 0.012714
8 15 0.066289 0.049597 0.012714
8 16 0.064280 0.049597 0.012714
8 17 0.057159 0.049597 0.012714
8 18 0.052958 0.049597 0.012714
8 19 0.044558 0.049597 0.012714
8 20 0.041454 0.049597 0.012714
9 0 0.036523 0.049597 0.012714
9 1 0.042367 0.049597 0.012714
9 2 0.045836 0.049597 0.012714
9 3 0.050037 0.049597 0.012714
9 4 0.053506 0.049597 0.012714
9 5 0.060446 0.049597 0.012714
9 6 0.063550 0.049597 0.012714
9 7 0.068115 0.049597 0.012714
9 8 0.070124 0.049597 0.012714
9 9 0.073046 0.049597 0.012714
9 10 0.073594 0.049597 0.012714
9 11 0.074872 0.049597 0.012714
9 12 0.071950 0.049597 0.012714
9 13 0.069211 0.049597 0.012714
9 14 0.068846 0.049597 0.012714
9 15 0.065924 0.049597 0.012714
9 16 0.061907 0.049597 0.012714
9 17 0.055698 0.049597 0.012714
9 18 0.050219 0.049597 0.012714
9 19 0.045654 0.049597 0.012714
9 20 0.040175 0.049597 0.012714
10 0 0.034879 0.049597 0.012714
10 1 0.038167 0.049597 0.012714
10 2 0.044010 0.049597 0.012714
10 3 0.048028 0.049597 0.012714
10 4 0.053689 0.049597 0.012714
10 5 0.062454 0.049597 0.012714
10 6 0.063367 0.049597 0.012714
10 7 0.067385 0.049597 0.012714
10 8 0.069942 0.049597 0.012714
10 9 0.073594 0.049597 0.012714
10 10 0.073776 0.049597 0.012714
10 11 0.071585 0.049597 0.012714
10 12 0.067933 0.049597 0.012714
10 13 0.065559 0.049597 0.012714
10 14 0.068115 0.049597 0.012714
10 15 0.061907 0.049597 0.012714
10 16 0.056245 0.049597 0.012714
10 17 0.052776 0.049597 0.012714
10 18 0.048028 0.049597 0.012714
10 19 0.043462 0.049597 0.012714
10 20 0.037071 0.049597 0.012714
11 0 0.037619 0.049597 0.012714
11 1 0.040175 0.049597 0.012714
11 2 0.044558 0.049597 0.012714
11 3 0.046749 0.049597 0.012714
11 4 0.051132 0.049597 0.012714
11 5 0.057341 0.049597 0.012714
11 6 0.062820 0.049597 0.012714
11 7 0.065559 0.049597 0.012714
11 8 0.071037 0.049597 0.012714
11 9 0.073229 0.049597 0.012714
11 10 0.070855 0.049597 0.012714
11 11 0.070672 0.049597 0.012714
11 12 0.065376 0.049597 0.012714
11 13 0.061359 0.049597 0.012714
11 14 0.059533 0.049597 0.012714
11 15 0.057341 0.049597 0.012714
11 16 0.055698 0.049597 0.012714
11 17 0.050767 0.049597 0.012714
11 18 0.048028 0.049597 0.012714
11 19 0.043462 0.049597 0.012714
11 20 0.038532 0.049597 0.012714
12 0 0.040175 0.049597 0.012714
12 1 0.040175 0.049597 0.012714
12 2 0.043462 0.049597 0.012714
12 3 0.047297 0.049597 0.012714
12 4 0.052593 0.049597 0.012714
12 5 0.057159 0.049597 0.012714
12 6 0.060811 0.049597 0.012714
12 7 0.066107 0.049597 0.012714
12 8 0.067750 0.049597 0.012714
12 9 0.068481 0.049597 0.012714
12 10 0.068481 0.049597 0.012714
12 11 0.064098 0.049597 0.012714
12 12 0.062820 0.049597 0.012714
12 13 0.058437 0.049597 0.012714
12 14 0.056245 0.049597 0.012714
12 15 0.054054 0.049597 0.012714
12 16 0.051863 0.049597 0.012714
12 17 0.046932 0.049597 0.012714
12 18 0.043828 0.049597 0.012714
12 19 0.042001 0.049597 0.012714
12 20 0.039080 0.049597 0.012714
13 0 0.040358 0.049597 0.012714
13 1 0.040723 0.049597 0.012714
13 2 0.046019 0.049597 0.012714
13 3 0.048758 0.049597 0.012714
13 4 0.051680 0.049597 0.012714
13 5 0.058619 0.049597 0.012714
13 6 0.060811 0.049597 0.012714
13 7 0.065376 0.049597 0.012714
13 8 0.065376 0.049597 0.012714
13 9 0.067568 0.049597 0.012714
13 10 0.066654 0.049597 0.012714
13 11 0.063002 0.049597 0.012714
13 12 0.059715 0.049597 0.012714
13 13 0.057341 0.049597 0.012714
13 14 0.052593 0.049597 0.012714
13 15 0.051315 0.049597 0.012714
13 16 0.048210 0.049597 0.012714
13 17 0.045106 0.049597 0.012714
13 18 0.041088 0.049597 0.012714
13 19 0.038897 0.049597 0.012714
13 20 0.035062 0.049597 0.012714
14 0 0.039993 0.049597 0.012714
14 1 0.047663 0.049597 0.012714
14 2 0.051497 0.049597 0.012714
14 3 0.051863 0.049597 0.012714
14 4 0.056793 0.049597 0.012714
14 5 0.060263 0.049597 0.012714
14 6 0.061724 0.049597 0.012714
14 7 0.063915 0.049597 0.012714
14 8 0.065924 0.049597 0.012714
14 9 0.065376 0.049597 0.012714
14 10 0.065559 0.049597 0.012714
14 11 0.061724 0.049597 0.012714
14 12 0.058985 0.049597 0.012714
14 13 0.055515 0.049597 0.012714
14 14 0.053324 0.049597 0.012714
14 15 0.050584 0.049597 0.012714
14 16 0.046202 0.049597 0.012714
14 17 0.042549 0.049597 0.012714
14 18 0.040175 0.049597 0.012714
14 19 0.036706 0.049597 0.012714
14 20 0.032505 0.049597 0.012714
15 0 0.045654 0.049597 0.012714
15 1 0.050950 0.049597 0.012714
15 2 0.053871 0.049597 0.012714
15 3 0.055332 0.049597 0.012714
15 4 0.056611 0.049597 0.012714
15 5 0.061176 0.049597 0.012714
15 6 0.061724 0.049597 0.012714
15 7 0.063002 0.049597 0.012714
15 8 0.066654 0.049597 0.012714
15 9 0.063550 0.049597 0.012714
15 10 0.061541 0.049597 0.012714
15 11 0.060628 0.049597 0.012714
15 12 0.056428 0.049597 0.012714
15 13 0.054419 0.049597 0.012714
15 14 0.050950 0.049597 0.012714
15 15 0.044923 0.049597 0.012714
15 16 0.042367 0.049597 0.012714
15 17 0.040358 0.049597 0.012714
15 18 0.034697 0.049597 0.012714
15 19 0.031592 0.049597 0.012714
15 20 0.031592 0.049597 0.012714
16 0 0.052411 0.049597 0.012714
16 1 0.054237 0.049597 0.012714
16 2 0.054602 0.049597 0.012714
16 3 0.056245 0.049597 0.012714
16 4 0.057706 0.049597 0.012714
16 5 0.058802 0.049597 0.012714
16 6 0.061724 0.049597 0.012714
16 7 0.062637 0.049597 0.012714
16 8 0.063733 0.049597 0.012714
16 9 0.062089 0.049597 0.012714
16 10 0.058254 0.049597 0.012714
16 11 0.059167 0.049597 0.012714
16 12 0.055332 0.049597 0.012714
16 13 0.051863 0.049597 0.012714
16 14 0.048758 0.049597 0.012714
16 15 0.043097 0.049597 0.012714
16 16 0.040723 0.049597 0.012714
16 17 0.036158 0.049597 0.012714
16 18 0.032323 0.049597 0.012714
16 19 0.027210 0.049597 0.012714
16 20 0.025018 0.049597 0.012714
17 0 0.054967 0.049597 0.012714
17 1 0.054967 0.049597 0.012714
17 2 0.054419 0.049597 0.012714
17 3 0.054785 0.049597 0.012714
17 4 0.056611 0.049597 0.012714
17 5 0.056428 0.049597 0.012714
17 6 0.056428 0.049597 0.012714
17 7 0.056428 0.049597 0.012714
17 8 0.054602 0.049597 0.012714
17 9 0.054785 0.049597 0.012714
17 10 0.053689 0.049597 0.012714
17 11 0.054054 0.049597 0.012714
17 12 0.053141 0.049597 0.012714
17 13 0.047663 0.049597 0.012714
17 14 0.043645 0.049597 0.012714
17 15 0.038897 0.049597 0.012714
17 16 0.034879 0.049597 0.012714
17 17 0.028305 0.049597 0.012714
17 18 0.025566 0.049597 0.012714
17 19 0.022279 0.049597 0.012714
17 20 0.022462 0.049597 0.012714
18 0 0.055880 0.049597 0.012714
18 1 0.055332 0.049597 0.012714
18 2 0.057159 0.049597 0.012714
18 3 0.055880 0.049597 0.012714
18 4 0.055880 0.049597 0.012714
18 5 0.052228 0.049597 0.012714
18 6 0.051680 0.049597 0.012714
18 7 0.052045 0.049597 0.012714
18 8 0.049306 0.049597 0.012714
18 9 0.047663 0.049597 0.012714
18 10 0.049489 0.049597 0.012714
18 11 0.049306 0.049597 0.012714
18 12 0.046749 0.049597 0.012714
18 13 0.041819 0.049597 0.012714
18 14 0.038167 0.049597 0.012714
18 15 0.032505 0.049597 0.012714
18 16 0.031958 0.049597 0.012714
18 17 0.027757 0.049597 0.012714
18 18 0.021001 0.049597 0.012714
18 19 0.019357 0.049597 0.012714
18 20 0.018992 0.049597 0.012714
19 0 0.056063 0.049597 0.012714
19 1 0.055698 0.049597 0.012714
19 2 0.056428 0.049597 0.012714
19 3 0.057159 0.049597 0.012714
19 4 0.052411 0.049597 0.012714
19 5 0.049306 0.049597 0.012714
19 6 0.049306 0.049597 0.012714
19 7 0.045471 0.049597 0.012714
19 8 0.042732 0.049597 0.012714
19 9 0.044010 0.049597 0.012714
19 10 0.044375 0.049597 0.012714
19 11 0.044010 0.049597 0.012714
19 12 0.043828 0.049597 0.012714
19 13 0.037801 0.049597 0.012714
19 14 0.035975 0.049597 0.012714
19 15 0.029401 0.049597 0.012714
19 16 0.028123 0.049597 0.012714
19 17 0.024653 0.049597 0.012714
19 18 0.020270 0.049597 0.012714
19 19 0.020453 0.049597 0.012714
19 20 0.019540 0.049597 0.012714
20 0 0.056428 0.049597 0.012714
20 1 0.053689 0.049597 0.012714
20 2 0.055332 0.049597 0.012714
20 3 0.054237 0.049597 0.012714
20 4 0.048028 0.049597 0.012714
20 5 0.045289 0.049597 0.012714
20 6 0.044923 0.049597 0.012714
20 7 0.043097 0.049597 0.012714
20 8 0.038897 0.049597 0.012714
20 9 0.040906 0.049597 0.012714
20 10 0.038714 0.049597 0.012714
20 11 0.039445 0.049597 0.012714
20 12 0.036706 0.049597 0.012714
20 13 0.034149 0.049597 0.012714
20 14 0.031410 0.049597 0.012714
20 15 0.027392 0.049597 0.012714
20 16 0.027210 0.049597 0.012714
20 17 0.022827 0.049597 0.012714
20 18 0.020088 0.049597 0.012714
20 19 0.019722 0.049597 0.012714
20 20 0.020088 0.049597 0.012714
