# contact distance = 16.0 Angstroms
# F = 0.4 kJ/mol

# i j contact_probability mean_contact_probability stddev_contact_probability
0 0 0.034151 0.038314 0.013735
0 1 0.032825 0.038314 0.013735
0 2 0.028680 0.038314 0.013735
0 3 0.025862 0.038314 0.013735
0 4 0.023541 0.038314 0.013735
0 5 0.019397 0.038314 0.013735
0 6 0.018402 0.038314 0.013735
0 7 0.019065 0.038314 0.013735
0 8 0.019397 0.038314 0.013735
0 9 0.020723 0.038314 0.013735
0 10 0.020889 0.038314 0.013735
0 11 0.026194 0.038314 0.013735
0 12 0.033654 0.038314 0.013735
0 13 0.040782 0.038314 0.013735
0 14 0.046419 0.038314 0.013735
0 15 0.051061 0.038314 0.013735
0 16 0.053879 0.038314 0.013735
0 17 0.054377 0.038314 0.013735
0 18 0.055371 0.038314 0.013735
0 19 0.052553 0.038314 0.013735
0 20 0.048740 0.038314 0.013735
1 0 0.034317 0.038314 0.013735
1 1 0.032991 0.038314 0.013735
1 2 0.028017 0.038314 0.013735
1 3 0.024204 0.038314 0.013735
1 4 0.020723 0.038314 0.013735
1 5 0.019728 0.038314 0.013735
1 6 0.018402 0.038314 0.013735
1 7 0.018402 0.038314 0.013735
1 8 0.018236 0.038314 0.013735
1 9 0.021054 0.038314 0.013735
1 10 0.023210 0.038314 0.013735
1 11 0.027851 0.038314 0.013735
1 12 0.038462 0.038314 0.013735
1 13 0.045093 0.038314 0.013735
1 14 0.053382 0.038314 0.013735
1 15 0.058024 0.038314 0.013735
1 16 0.062003 0.038314 0.013735
1 17 0.060345 0.038314 0.013735
1 18 0.061174 0.038314 0.013735
1 19 0.059350 0.038314 0.013735
1 20 0.056366 0.038314 0.013735
2 0 0.032991 0.038314 0.013735
2 1 0.032659 0.038314 0.013735
2 2 0.027686 0.038314 0.013735
2 3 0.026359 0.038314 0.013735
2 4 0.025862 0.038314 0.013735
2 5 0.024038 0.038314 0.013735
2 6 0.022381 0.038314 0.013735
2 7 0.019397 0.038314 0.013735
2 8 0.019728 0.038314 0.013735
2 9 0.022215 0.038314 0.013735
2 10 0.026028 0.038314 0.013735
2 11 0.032328 0.038314 0.013735
2 12 0.042109 0.038314 0.013735
2 13 0.049237 0.038314 0.013735
2 14 0.056863 0.038314 0.013735
2 15 0.062003 0.038314 0.013735
2 16 0.065816 0.038314 0.013735
2 17 0.066976 0.038314 0.013735
2 18 0.064489 0.038314 0.013735
2 19 0.060676 0.038314 0.013735
2 20 0.059019 0.038314 0.013735
3 0 0.028846 0.038314 0.013735
3 1 0.029675 0.038314 0.013735
3 2 0.028515 0.038314 0.013735
3 3 0.024536 0.038314 0.013735
3 4 0.024370 0.038314 0.013735
3 5 0.023375 0.038314 0.013735
3 6 0.023873 0.038314 0.013735
3 7 0.023044 0.038314 0.013735
3 8 0.021718 0.038314 0.013735
3 9 0.024204 0.038314 0.013735
3 10 0.028017 0.038314 0.013735
3 11 0.037798 0.038314 0.013735
3 12 0.045259 0.038314 0.013735
3 13 0.052553 0.038314 0.013735
3 14 0.060676 0.038314 0.013735
3 15 0.065981 0.038314 0.013735
3 16 0.069629 0.038314 0.013735
3 17 0.068966 0.038314 0.013735
3 18 0.066479 0.038314 0.013735
3 19 0.063992 0.038314 0.013735
3 20 0.058853 0.038314 0.013735
4 0 0.028183 0.038314 0.013735
4 1 0.029675 0.038314 0.013735
4 2 0.027686 0.038314 0.013735
4 3 0.026691 0.038314 0.013735
4 4 0.024867 0.038314 0.013735
4 5 0.023873 0.038314 0.013735
4 6 0.023707 0.038314 0.013735
4 7 0.022381 0.038314 0.013735
4 8 0.023044 0.038314 0.013735
4 9 0.025696 0.038314 0.013735
4 10 0.031333 0.038314 0.013735
4 11 0.039290 0.038314 0.013735
4 12 0.048077 0.038314 0.013735
4 13 0.054542 0.038314 0.013735
4 14 0.059184 0.038314 0.013735
4 15 0.064821 0.038314 0.013735
4 16 0.068966 0.038314 0.013735
4 17 0.067473 0.038314 0.013735
4 18 0.065650 0.038314 0.013735
4 19 0.062168 0.038314 0.013735
4 20 0.057692 0.038314 0.013735
5 0 0.025862 0.038314 0.013735
5 1 0.024038 0.038314 0.013735
5 2 0.025365 0.038314 0.013735
5 3 0.023541 0.038314 0.013735
5 4 0.023541 0.038314 0.013735
5 5 0.020557 0.038314 0.013735
5 6 0.022215 0.038314 0.013735
5 7 0.021883 0.038314 0.013735
5 8 0.024536 0.038314 0.013735
5 9 0.027520 0.038314 0.013735
5 10 0.031830 0.038314 0.013735
5 11 0.040782 0.038314 0.013735
5 12 0.047082 0.038314 0.013735
5 13 0.052056 0.038314 0.013735
5 14 0.056532 0.038314 0.013735
5 15 0.060676 0.038314 0.013735
5 16 0.064655 0.038314 0.013735
5 17 0.063992 0.038314 0.013735
5 18 0.061505 0.038314 0.013735
5 19 0.057361 0.038314 0.013735
5 20 0.055869 0.038314 0.013735
6 0 0.023541 0.038314 0.013735
6 1 0.021220 0.038314 0.013735
6 2 0.023873 0.038314 0.013735
6 3 0.022712 0.038314 0.013735
6 4 0.023541 0.038314 0.013735
6 5 0.021552 0.038314 0.013735
6 6 0.021386 0.038314 0.013735
6 7 0.023873 0.038314 0.013735
6 8 0.025033 0.038314 0.013735
6 9 0.027686 0.038314 0.013735
6 10 0.032991 0.038314 0.013735
6 11 0.039290 0.038314 0.013735
6 12 0.045590 0.038314 0.013735
6 13 0.047745 0.038314 0.013735
6 14 0.051061 0.038314 0.013735
6 15 0.054874 0.038314 0.013735
6 16 0.058355 0.038314 0.013735
6 17 0.056698 0.038314 0.013735
6 18 0.055869 0.038314 0.013735
6 19 0.053714 0.038314 0.013735
6 20 0.048906 0.038314 0.013735
7 0 0.021718 0.038314 0.013735
7 1 0.023044 0.038314 0.013735
7 2 0.023210 0.038314 0.013735
7 3 0.023210 0.038314 0.013735
7 4 0.023873 0.038314 0.013735
7 5 0.024204 0.038314 0.013735
7 6 0.024536 0.038314 0.013735
7 7 0.023044 0.038314 0.013735
7 8 0.024370 0.038314 0.013735
7 9 0.027188 0.038314 0.013735
7 10 0.031499 0.038314 0.013735
7 11 0.035975 0.038314 0.013735
7 12 0.038959 0.038314 0.013735
7 13 0.042938 0.038314 0.013735
7 14 0.044927 0.038314 0.013735
7 15 0.047580 0.038314 0.013735
7 16 0.048906 0.038314 0.013735
7 17 0.050398 0.038314 0.013735
7 18 0.047580 0.038314 0.013735
7 19 0.046419 0.038314 0.013735
7 20 0.047082 0.038314 0.013735
8 0 0.020723 0.038314 0.013735
8 1 0.023210 0.038314 0.013735
8 2 0.022215 0.038314 0.013735
8 3 0.023873 0.038314 0.013735
8 4 0.025199 0.038314 0.013735
8 5 0.024867 0.038314 0.013735
8 6 0.025199 0.038314 0.013735
8 7 0.024867 0.038314 0.013735
8 8 0.026194 0.038314 0.013735
8 9 0.029344 0.038314 0.013735
8 10 0.032162 0.038314 0.013735
8 11 0.034814 0.038314 0.013735
8 12 0.036306 0.038314 0.013735
8 13 0.038959 0.038314 0.013735
8 14 0.039290 0.038314 0.013735
8 15 0.041280 0.038314 0.013735
8 16 0.041777 0.038314 0.013735
8 17 0.040119 0.038314 0.013735
8 18 0.039290 0.038314 0.013735
8 19 0.039125 0.038314 0.013735
8 20 0.039622 0.038314 0.013735
9 0 0.022215 0.038314 0.013735
9 1 0.024204 0.038314 0.013735
9 2 0.025696 0.038314 0.013735
9 3 0.028349 0.038314 0.013735
9 4 0.029675 0.038314 0.013735
9 5 0.028183 0.038314 0.013735
9 6 0.028515 0.038314 0.013735
9 7 0.028349 0.038314 0.013735
9 8 0.029178 0.038314 0.013735
9 9 0.031830 0.038314 0.013735
9 10 0.033488 0.038314 0.013735
9 11 0.036306 0.038314 0.013735
9 12 0.036804 0.038314 0.013735
9 13 0.037301 0.038314 0.013735
9 14 0.036804 0.038314 0.013735
9 15 0.038296 0.038314 0.013735
9 16 0.038462 0.038314 0.013735
9 17 0.035643 0.038314 0.013735
9 18 0.037467 0.038314 0.013735
9 19 0.033156 0.038314 0.013735
9 20 0.034980 0.038314 0.013735
10 0 0.024867 0.038314 0.013735
10 1 0.027188 0.038314 0.013735
10 2 0.029012 0.038314 0.013735
10 3 0.033985 0.038314 0.013735
10 4 0.033322 0.038314 0.013735
10 5 0.031830 0.038314 0.013735
10 6 0.033156 0.038314 0.013735
10 7 0.030504 0.038314 0.013735
10 8 0.032493 0.038314 0.013735
10 9 0.032659 0.038314 0.013735
10 10 0.035809 0.038314 0.013735
10 11 0.036638 0.038314 0.013735
10 12 0.036638 0.038314 0.013735
10 13 0.037301 0.038314 0.013735
10 14 0.036472 0.038314 0.013735
10 15 0.035975 0.038314 0.013735
10 16 0.036306 0.038314 0.013735
10 17 0.033654 0.038314 0.013735
10 18 0.033322 0.038314 0.013735
10 19 0.032825 0.038314 0.013735
10 20 0.032659 0.038314 0.013735
11 0 0.027023 0.038314 0.013735
11 1 0.031167 0.038314 0.013735
11 2 0.034649 0.038314 0.013735
11 3 0.039290 0.038314 0.013735
11 4 0.038959 0.038314 0.013735
11 5 0.037633 0.038314 0.013735
11 6 0.038130 0.038314 0.013735
11 7 0.036472 0.038314 0.013735
11 8 0.035643 0.038314 0.013735
11 9 0.036804 0.038314 0.013735
11 10 0.036306 0.038314 0.013735
11 11 0.038627 0.038314 0.013735
11 12 0.037798 0.038314 0.013735
11 13 0.037135 0.038314 0.013735
11 14 0.035809 0.038314 0.013735
11 15 0.035477 0.038314 0.013735
11 16 0.033488 0.038314 0.013735
11 17 0.031499 0.038314 0.013735
11 18 0.030007 0.038314 0.013735
11 19 0.031001 0.038314 0.013735
11 20 0.031830 0.038314 0.013735
12 0 0.031996 0.038314 0.013735
12 1 0.037964 0.038314 0.013735
12 2 0.042938 0.038314 0.013735
12 3 0.044927 0.038314 0.013735
12 4 0.045922 0.038314 0.013735
12 5 0.045259 0.038314 0.013735
12 6 0.043601 0.038314 0.013735
12 7 0.040782 0.038314 0.013735
12 8 0.038627 0.038314 0.013735
12 9 0.036306 0.038314 0.013735
12 10 0.037798 0.038314 0.013735
12 11 0.038627 0.038314 0.013735
12 12 0.037467 0.038314 0.013735
12 13 0.038627 0.038314 0.013735
12 14 0.036472 0.038314 0.013735
12 15 0.034980 0.038314 0.013735
12 16 0.032825 0.038314 0.013735
12 17 0.030670 0.038314 0.013735
12 18 0.028017 0.038314 0.013735
12 19 0.030007 0.038314 0.013735
12 20 0.030338 0.038314 0.013735
13 0 0.039788 0.038314 0.013735
13 1 0.048906 0.038314 0.013735
13 2 0.051227 0.038314 0.013735
13 3 0.055537 0.038314 0.013735
13 4 0.054377 0.038314 0.013735
13 5 0.050729 0.038314 0.013735
13 6 0.049403 0.038314 0.013735
13 7 0.044098 0.038314 0.013735
13 8 0.039622 0.038314 0.013735
13 9 0.038462 0.038314 0.013735
13 10 0.037301 0.038314 0.013735
13 11 0.035643 0.038314 0.013735
13 12 0.038959 0.038314 0.013735
13 13 0.039788 0.038314 0.013735
13 14 0.038462 0.038314 0.013735
13 15 0.035477 0.038314 0.013735
13 16 0.031664 0.038314 0.013735
13 17 0.031001 0.038314 0.013735
13 18 0.027520 0.038314 0.013735
13 19 0.029178 0.038314 0.013735
13 20 0.027851 0.038314 0.013735
14 0 0.046916 0.038314 0.013735
14 1 0.057029 0.038314 0.013735
14 2 0.058521 0.038314 0.013735
14 3 0.059516 0.038314 0.013735
14 4 0.059682 0.038314 0.013735
14 5 0.055869 0.038314 0.013735
14 6 0.051227 0.038314 0.013735
14 7 0.046585 0.038314 0.013735
14 8 0.039125 0.038314 0.013735
14 9 0.036472 0.038314 0.013735
14 10 0.037964 0.038314 0.013735
14 11 0.037301 0.038314 0.013735
14 12 0.038296 0.038314 0.013735
14 13 0.037798 0.038314 0.013735
14 14 0.039622 0.038314 0.013735
14 15 0.038296 0.038314 0.013735
14 16 0.032825 0.038314 0.013735
14 17 0.029675 0.038314 0.013735
14 18 0.027520 0.038314 0.013735
14 19 0.025365 0.038314 0.013735
14 20 0.027188 0.038314 0.013735
15 0 0.055040 0.038314 0.013735
15 1 0.060511 0.038314 0.013735
15 2 0.062666 0.038314 0.013735
15 3 0.067308 0.038314 0.013735
15 4 0.063660 0.038314 0.013735
15 5 0.059184 0.038314 0.013735
15 6 0.054708 0.038314 0.013735
15 7 0.045756 0.038314 0.013735
15 8 0.039456 0.038314 0.013735
15 9 0.035146 0.038314 0.013735
15 10 0.035312 0.038314 0.013735
15 11 0.036306 0.038314 0.013735
15 12 0.035312 0.038314 0.013735
15 13 0.039125 0.038314 0.013735
15 14 0.039125 0.038314 0.013735
15 15 0.037467 0.038314 0.013735
15 16 0.033488 0.038314 0.013735
15 17 0.030504 0.038314 0.013735
15 18 0.027023 0.038314 0.013735
15 19 0.025199 0.038314 0.013735
15 20 0.024204 0.038314 0.013735
16 0 0.058521 0.038314 0.013735
16 1 0.064987 0.038314 0.013735
16 2 0.069297 0.038314 0.013735
16 3 0.070292 0.038314 0.013735
16 4 0.067142 0.038314 0.013735
16 5 0.063163 0.038314 0.013735
16 6 0.053714 0.038314 0.013735
16 7 0.045590 0.038314 0.013735
16 8 0.039125 0.038314 0.013735
16 9 0.034483 0.038314 0.013735
16 10 0.034980 0.038314 0.013735
16 11 0.037135 0.038314 0.013735
16 12 0.036804 0.038314 0.013735
16 13 0.036638 0.038314 0.013735
16 14 0.036969 0.038314 0.013735
16 15 0.036638 0.038314 0.013735
16 16 0.032659 0.038314 0.013735
16 17 0.029675 0.038314 0.013735
16 18 0.025531 0.038314 0.013735
16 19 0.024867 0.038314 0.013735
16 20 0.023210 0.038314 0.013735
17 0 0.062168 0.038314 0.013735
17 1 0.065484 0.038314 0.013735
17 2 0.069629 0.038314 0.013735
17 3 0.071286 0.038314 0.013735
17 4 0.069131 0.038314 0.013735
17 5 0.062334 0.038314 0.013735
17 6 0.053879 0.038314 0.013735
17 7 0.045259 0.038314 0.013735
17 8 0.037467 0.038314 0.013735
17 9 0.033985 0.038314 0.013735
17 10 0.033654 0.038314 0.013735
17 11 0.034483 0.038314 0.013735
17 12 0.035146 0.038314 0.013735
17 13 0.035809 0.038314 0.013735
17 14 0.034814 0.038314 0.013735
17 15 0.032659 0.038314 0.013735
17 16 0.032493 0.038314 0.013735
17 17 0.029012 0.038314 0.013735
17 18 0.024370 0.038314 0.013735
17 19 0.024038 0.038314 0.013735
17 20 0.023873 0.038314 0.013735
18 0 0.059682 0.038314 0.013735
18 1 0.065318 0.038314 0.013735
18 2 0.068966 0.038314 0.013735
18 3 0.070623 0.038314 0.013735
18 4 0.068137 0.038314 0.013735
18 5 0.060511 0.038314 0.013735
18 6 0.053548 0.038314 0.013735
18 7 0.044098 0.038314 0.013735
18 8 0.034980 0.038314 0.013735
18 9 0.034483 0.038314 0.013735
18 10 0.031664 0.038314 0.013735
18 11 0.029012 0.038314 0.013735
18 12 0.031167 0.038314 0.013735
18 13 0.033322 0.038314 0.013735
18 14 0.031996 0.038314 0.013735
18 15 0.029841 0.038314 0.013735
18 16 0.028017 0.038314 0.013735
18 17 0.026525 0.038314 0.013735
18 18 0.024702 0.038314 0.013735
18 19 0.021220 0.038314 0.013735
18 20 0.021883 0.038314 0.013735
19 0 0.055703 0.038314 0.013735
19 1 0.061174 0.038314 0.013735
19 2 0.064987 0.038314 0.013735
19 3 0.064158 0.038314 0.013735
19 4 0.062003 0.038314 0.013735
19 5 0.055703 0.038314 0.013735
19 6 0.046585 0.038314 0.013735
19 7 0.040782 0.038314 0.013735
19 8 0.036638 0.038314 0.013735
19 9 0.031830 0.038314 0.013735
19 10 0.028680 0.038314 0.013735
19 11 0.026028 0.038314 0.013735
19 12 0.027354 0.038314 0.013735
19 13 0.028846 0.038314 0.013735
19 14 0.028017 0.038314 0.013735
19 15 0.027686 0.038314 0.013735
19 16 0.025365 0.038314 0.013735
19 17 0.024370 0.038314 0.013735
19 18 0.025033 0.038314 0.013735
19 19 0.021718 0.038314 0.013735
19 20 0.023044 0.038314 0.013735
20 0 0.053216 0.038314 0.013735
20 1 0.057195 0.038314 0.013735
20 2 0.059847 0.038314 0.013735
20 3 0.059516 0.038314 0.013735
20 4 0.057029 0.038314 0.013735
20 5 0.050398 0.038314 0.013735
20 6 0.044927 0.038314 0.013735
20 7 0.038130 0.038314 0.013735
20 8 0.034649 0.038314 0.013735
20 9 0.029344 0.038314 0.013735
20 10 0.027851 0.038314 0.013735
20 11 0.027686 0.038314 0.013735
20 12 0.027354 0.038314 0.013735
20 13 0.028349 0.038314 0.013735
20 14 0.027023 0.038314 0.013735
20 15 0.025696 0.038314 0.013735
20 16 0.026691 0.038314 0.013735
20 17 0.025862 0.038314 0.013735
20 18 0.024536 0.038314 0.013735
20 19 0.023541 0.038314 0.013735
20 20 0.023707 0.038314 0.013735
