# contact distance = 16.0 Angstroms
# F = 0.4 kJ/mol

# i j contact_probability mean_contact_probability stddev_contact_probability
0 0 0.027330 0.049995 0.014754
0 1 0.023724 0.049995 0.014754
0 2 0.021256 0.049995 0.014754
0 3 0.024862 0.049995 0.014754
0 4 0.025811 0.049995 0.014754
0 5 0.027519 0.049995 0.014754
0 6 0.027899 0.049995 0.014754
0 7 0.029987 0.049995 0.014754
0 8 0.033972 0.049995 0.014754
0 9 0.034162 0.049995 0.014754
0 10 0.034921 0.049995 0.014754
0 11 0.036250 0.049995 0.014754
0 12 0.040235 0.049995 0.014754
0 13 0.041943 0.049995 0.014754
0 14 0.043272 0.049995 0.014754
0 15 0.048017 0.049995 0.014754
0 16 0.052761 0.049995 0.014754
0 17 0.057696 0.049995 0.014754
0 18 0.062061 0.049995 0.014754
0 19 0.063959 0.049995 0.014754
0 20 0.059784 0.049995 0.014754
1 0 0.026001 0.049995 0.014754
1 1 0.022965 0.049995 0.014754
1 2 0.021636 0.049995 0.014754
1 3 0.022775 0.049995 0.014754
1 4 0.024673 0.049995 0.014754
1 5 0.025052 0.049995 0.014754
1 6 0.027330 0.049995 0.014754
1 7 0.030556 0.049995 0.014754
1 8 0.032644 0.049995 0.014754
1 9 0.035301 0.049995 0.014754
1 10 0.035491 0.049995 0.014754
1 11 0.037009 0.049995 0.014754
1 12 0.040425 0.049995 0.014754
1 13 0.043652 0.049995 0.014754
1 14 0.046119 0.049995 0.014754
1 15 0.051053 0.049995 0.014754
1 16 0.056178 0.049995 0.014754
1 17 0.062441 0.049995 0.014754
1 18 0.064149 0.049995 0.014754
1 19 0.064908 0.049995 0.014754
1 20 0.060733 0.049995 0.014754
2 0 0.025811 0.049995 0.014754
2 1 0.024483 0.049995 0.014754
2 2 0.022205 0.049995 0.014754
2 3 0.023154 0.049995 0.014754
2 4 0.022585 0.049995 0.014754
2 5 0.025242 0.049995 0.014754
2 6 0.030177 0.049995 0.014754
2 7 0.032074 0.049995 0.014754
2 8 0.035491 0.049995 0.014754
2 9 0.036060 0.049995 0.014754
2 10 0.036629 0.049995 0.014754
2 11 0.040425 0.049995 0.014754
2 12 0.043462 0.049995 0.014754
2 13 0.048206 0.049995 0.014754
2 14 0.052002 0.049995 0.014754
2 15 0.052382 0.049995 0.014754
2 16 0.056557 0.049995 0.014754
2 17 0.063200 0.049995 0.014754
2 18 0.065288 0.049995 0.014754
2 19 0.064908 0.049995 0.014754
2 20 0.060922 0.049995 0.014754
3 0 0.028279 0.049995 0.014754
3 1 0.025811 0.049995 0.014754
3 2 0.023724 0.049995 0.014754
3 3 0.024293 0.049995 0.014754
3 4 0.027899 0.049995 0.014754
3 5 0.030177 0.049995 0.014754
3 6 0.032454 0.049995 0.014754
3 7 0.035870 0.049995 0.014754
3 8 0.037388 0.049995 0.014754
3 9 0.039666 0.049995 0.014754
3 10 0.042703 0.049995 0.014754
3 11 0.045739 0.049995 0.014754
3 12 0.047068 0.049995 0.014754
3 13 0.049345 0.049995 0.014754
3 14 0.050674 0.049995 0.014754
3 15 0.053710 0.049995 0.014754
3 16 0.058645 0.049995 0.014754
3 17 0.065477 0.049995 0.014754
3 18 0.067945 0.049995 0.014754
3 19 0.065477 0.049995 0.014754
3 20 0.061112 0.049995 0.014754
4 0 0.029228 0.049995 0.014754
4 1 0.028279 0.049995 0.014754
4 2 0.027330 0.049995 0.014754
4 3 0.029228 0.049995 0.014754
4 4 0.030177 0.049995 0.014754
4 5 0.032264 0.049995 0.014754
4 6 0.034162 0.049995 0.014754
4 7 0.039666 0.049995 0.014754
4 8 0.039856 0.049995 0.014754
4 9 0.042703 0.049995 0.014754
4 10 0.046498 0.049995 0.014754
4 11 0.051243 0.049995 0.014754
4 12 0.051812 0.049995 0.014754
4 13 0.051812 0.049995 0.014754
4 14 0.054470 0.049995 0.014754
4 15 0.055988 0.049995 0.014754
4 16 0.060733 0.049995 0.014754
4 17 0.064339 0.049995 0.014754
4 18 0.063769 0.049995 0.014754
4 19 0.062251 0.049995 0.014754
4 20 0.055229 0.049995 0.014754
5 0 0.033023 0.049995 0.014754
5 1 0.031505 0.049995 0.014754
5 2 0.028658 0.049995 0.014754
5 3 0.030366 0.049995 0.014754
5 4 0.030177 0.049995 0.014754
5 5 0.035301 0.049995 0.014754
5 6 0.039476 0.049995 0.014754
5 7 0.043652 0.049995 0.014754
5 8 0.047068 0.049995 0.014754
5 9 0.048017 0.049995 0.014754
5 10 0.048966 0.049995 0.014754
5 11 0.054280 0.049995 0.014754
5 12 0.054280 0.049995 0.014754
5 13 0.056178 0.049995 0.014754
5 14 0.056178 0.049995 0.014754
5 15 0.058265 0.049995 0.014754
5 16 0.062061 0.049995 0.014754
5 17 0.061302 0.049995 0.014754
5 18 0.061492 0.049995 0.014754
5 19 0.060543 0.049995 0.014754
5 20 0.055608 0.049995 0.014754
6 0 0.033023 0.049995 0.014754
6 1 0.031885 0.049995 0.014754
6 2 0.029417 0.049995 0.014754
6 3 0.032454 0.049995 0.014754
6 4 0.033593 0.049995 0.014754
6 5 0.038148 0.049995 0.014754
6 6 0.041943 0.049995 0.014754
6 7 0.046498 0.049995 0.014754
6 8 0.050484 0.049995 0.014754
6 9 0.052382 0.049995 0.014754
6 10 0.053521 0.049995 0.014754
6 11 0.057127 0.049995 0.014754
6 12 0.057696 0.049995 0.014754
6 13 0.060163 0.049995 0.014754
6 14 0.060353 0.049995 0.014754
6 15 0.060353 0.049995 0.014754
6 16 0.061302 0.049995 0.014754
6 17 0.061682 0.049995 0.014754
6 18 0.063959 0.049995 0.014754
6 19 0.056367 0.049995 0.014754
6 20 0.052382 0.049995 0.014754
7 0 0.033972 0.049995 0.014754
7 1 0.033403 0.049995 0.014754
7 2 0.033783 0.049995 0.014754
7 3 0.033972 0.049995 0.014754
7 4 0.038717 0.049995 0.014754
7 5 0.041943 0.049995 0.014754
7 6 0.044980 0.049995 0.014754
7 7 0.049915 0.049995 0.014754
7 8 0.054849 0.049995 0.014754
7 9 0.059214 0.049995 0.014754
7 10 0.056937 0.049995 0.014754
7 11 0.061492 0.049995 0.014754
7 12 0.061871 0.049995 0.014754
7 13 0.063200 0.049995 0.014754
7 14 0.062251 0.049995 0.014754
7 15 0.063959 0.049995 0.014754
7 16 0.063959 0.049995 0.014754
7 17 0.064908 0.049995 0.014754
7 18 0.062630 0.049995 0.014754
7 19 0.056178 0.049995 0.014754
7 20 0.048966 0.049995 0.014754
8 0 0.033972 0.049995 0.014754
8 1 0.033213 0.049995 0.014754
8 2 0.033213 0.049995 0.014754
8 3 0.036060 0.049995 0.014754
8 4 0.040805 0.049995 0.014754
8 5 0.043652 0.049995 0.014754
8 6 0.049725 0.049995 0.014754
8 7 0.055798 0.049995 0.014754
8 8 0.057506 0.049995 0.014754
8 9 0.061492 0.049995 0.014754
8 10 0.063010 0.049995 0.014754
8 11 0.062630 0.049995 0.014754
8 12 0.068894 0.049995 0.014754
8 13 0.068324 0.049995 0.014754
8 14 0.063959 0.049995 0.014754
8 15 0.064149 0.049995 0.014754
8 16 0.063769 0.049995 0.014754
8 17 0.060733 0.049995 0.014754
8 18 0.057506 0.049995 0.014754
8 19 0.049915 0.049995 0.014754
8 20 0.043462 0.049995 0.014754
9 0 0.034921 0.049995 0.014754
9 1 0.033403 0.049995 0.014754
9 2 0.035491 0.049995 0.014754
9 3 0.040994 0.049995 0.014754
9 4 0.043272 0.049995 0.014754
9 5 0.049155 0.049995 0.014754
9 6 0.051623 0.049995 0.014754
9 7 0.057696 0.049995 0.014754
9 8 0.063959 0.049995 0.014754
9 9 0.067185 0.049995 0.014754
9 10 0.065098 0.049995 0.014754
9 11 0.066616 0.049995 0.014754
9 12 0.068894 0.049995 0.014754
9 13 0.070032 0.049995 0.014754
9 14 0.069083 0.049995 0.014754
9 15 0.064908 0.049995 0.014754
9 16 0.061871 0.049995 0.014754
9 17 0.059594 0.049995 0.014754
9 18 0.052382 0.049995 0.014754
9 19 0.044411 0.049995 0.014754
9 20 0.038527 0.049995 0.014754
10 0 0.036629 0.049995 0.014754
10 1 0.038717 0.049995 0.014754
10 2 0.038337 0.049995 0.014754
10 3 0.042892 0.049995 0.014754
10 4 0.046119 0.049995 0.014754
10 5 0.049535 0.049995 0.014754
10 6 0.056557 0.049995 0.014754
10 7 0.062441 0.049995 0.014754
10 8 0.067755 0.049995 0.014754
10 9 0.070791 0.049995 0.014754
10 10 0.070981 0.049995 0.014754
10 11 0.072120 0.049995 0.014754
10 12 0.074018 0.049995 0.014754
10 13 0.071740 0.049995 0.014754
10 14 0.073259 0.049995 0.014754
10 15 0.068324 0.049995 0.014754
10 16 0.064718 0.049995 0.014754
10 17 0.058455 0.049995 0.014754
10 18 0.049725 0.049995 0.014754
10 19 0.044221 0.049995 0.014754
10 20 0.037768 0.049995 0.014754
11 0 0.037199 0.049995 0.014754
11 1 0.039476 0.049995 0.014754
11 2 0.040994 0.049995 0.014754
11 3 0.045170 0.049995 0.014754
11 4 0.047827 0.049995 0.014754
11 5 0.052761 0.049995 0.014754
11 6 0.061492 0.049995 0.014754
11 7 0.067945 0.049995 0.014754
11 8 0.069842 0.049995 0.014754
11 9 0.071740 0.049995 0.014754
11 10 0.074587 0.049995 0.014754
11 11 0.075346 0.049995 0.014754
11 12 0.072689 0.049995 0.014754
11 13 0.074208 0.049995 0.014754
11 14 0.072689 0.049995 0.014754
11 15 0.068134 0.049995 0.014754
11 16 0.062441 0.049995 0.014754
11 17 0.057316 0.049995 0.014754
11 18 0.049725 0.049995 0.014754
11 19 0.042133 0.049995 0.014754
11 20 0.036060 0.049995 0.014754
12 0 0.038907 0.049995 0.014754
12 1 0.038148 0.049995 0.014754
12 2 0.040994 0.049995 0.014754
12 3 0.047258 0.049995 0.014754
12 4 0.051053 0.049995 0.014754
12 5 0.056557 0.049995 0.014754
12 6 0.063010 0.049995 0.014754
12 7 0.067565 0.049995 0.014754
12 8 0.070791 0.049995 0.014754
12 9 0.074018 0.049995 0.014754
12 10 0.074587 0.049995 0.014754
12 11 0.073828 0.049995 0.014754
12 12 0.074587 0.049995 0.014754
12 13 0.073828 0.049995 0.014754
12 14 0.070791 0.049995 0.014754
12 15 0.067755 0.049995 0.014754
12 16 0.062061 0.049995 0.014754
12 17 0.055608 0.049995 0.014754
12 18 0.048776 0.049995 0.014754
12 19 0.042133 0.049995 0.014754
12 20 0.037958 0.049995 0.014754
13 0 0.039286 0.049995 0.014754
13 1 0.038907 0.049995 0.014754
13 2 0.043082 0.049995 0.014754
13 3 0.048396 0.049995 0.014754
13 4 0.050674 0.049995 0.014754
13 5 0.057506 0.049995 0.014754
13 6 0.063390 0.049995 0.014754
13 7 0.068704 0.049995 0.014754
13 8 0.070222 0.049995 0.014754
13 9 0.074967 0.049995 0.014754
13 10 0.076865 0.049995 0.014754
13 11 0.074208 0.049995 0.014754
13 12 0.073638 0.049995 0.014754
13 13 0.071930 0.049995 0.014754
13 14 0.069463 0.049995 0.014754
13 15 0.064528 0.049995 0.014754
13 16 0.058265 0.049995 0.014754
13 17 0.051433 0.049995 0.014754
13 18 0.045360 0.049995 0.014754
13 19 0.040615 0.049995 0.014754
13 20 0.036250 0.049995 0.014754
14 0 0.043652 0.049995 0.014754
14 1 0.043082 0.049995 0.014754
14 2 0.044031 0.049995 0.014754
14 3 0.051433 0.049995 0.014754
14 4 0.052951 0.049995 0.014754
14 5 0.059214 0.049995 0.014754
14 6 0.063390 0.049995 0.014754
14 7 0.069083 0.049995 0.014754
14 8 0.069842 0.049995 0.014754
14 9 0.071930 0.049995 0.014754
14 10 0.073448 0.049995 0.014754
14 11 0.072689 0.049995 0.014754
14 12 0.071930 0.049995 0.014754
14 13 0.067945 0.049995 0.014754
14 14 0.062441 0.049995 0.014754
14 15 0.058645 0.049995 0.014754
14 16 0.054090 0.049995 0.014754
14 17 0.048017 0.049995 0.014754
14 18 0.041754 0.049995 0.014754
14 19 0.037958 0.049995 0.014754
14 20 0.034921 0.049995 0.014754
15 0 0.047827 0.049995 0.014754
15 1 0.047068 0.049995 0.014754
15 2 0.050484 0.049995 0.014754
15 3 0.052761 0.049995 0.014754
15 4 0.055418 0.049995 0.014754
15 5 0.058835 0.049995 0.014754
15 6 0.063390 0.049995 0.014754
15 7 0.067375 0.049995 0.014754
15 8 0.068894 0.049995 0.014754
15 9 0.069273 0.049995 0.014754
15 10 0.068894 0.049995 0.014754
15 11 0.067755 0.049995 0.014754
15 12 0.065857 0.049995 0.014754
15 13 0.062820 0.049995 0.014754
15 14 0.058835 0.049995 0.014754
15 15 0.053710 0.049995 0.014754
15 16 0.049725 0.049995 0.014754
15 17 0.042323 0.049995 0.014754
15 18 0.036629 0.049995 0.014754
15 19 0.031125 0.049995 0.014754
15 20 0.029607 0.049995 0.014754
16 0 0.048017 0.049995 0.014754
16 1 0.052572 0.049995 0.014754
16 2 0.055798 0.049995 0.014754
16 3 0.057127 0.049995 0.014754
16 4 0.060163 0.049995 0.014754
16 5 0.060733 0.049995 0.014754
16 6 0.064528 0.049995 0.014754
16 7 0.067755 0.049995 0.014754
16 8 0.067185 0.049995 0.014754
16 9 0.068134 0.049995 0.014754
16 10 0.064149 0.049995 0.014754
16 11 0.060353 0.049995 0.014754
16 12 0.058835 0.049995 0.014754
16 13 0.057506 0.049995 0.014754
16 14 0.053710 0.049995 0.014754
16 15 0.049535 0.049995 0.014754
16 16 0.043272 0.049995 0.014754
16 17 0.038148 0.049995 0.014754
16 18 0.030936 0.049995 0.014754
16 19 0.028279 0.049995 0.014754
16 20 0.026571 0.049995 0.014754
17 0 0.055039 0.049995 0.014754
17 1 0.061112 0.049995 0.014754
17 2 0.062251 0.049995 0.014754
17 3 0.061302 0.049995 0.014754
17 4 0.063010 0.049995 0.014754
17 5 0.063010 0.049995 0.014754
17 6 0.063200 0.049995 0.014754
17 7 0.061492 0.049995 0.014754
17 8 0.063010 0.049995 0.014754
17 9 0.062630 0.049995 0.014754
17 10 0.058265 0.049995 0.014754
17 11 0.055039 0.049995 0.014754
17 12 0.058076 0.049995 0.014754
17 13 0.052951 0.049995 0.014754
17 14 0.050864 0.049995 0.014754
17 15 0.045170 0.049995 0.014754
17 16 0.040046 0.049995 0.014754
17 17 0.032834 0.049995 0.014754
17 18 0.026571 0.049995 0.014754
17 19 0.023913 0.049995 0.014754
17 20 0.025052 0.049995 0.014754
18 0 0.059404 0.049995 0.014754
18 1 0.063200 0.049995 0.014754
18 2 0.065288 0.049995 0.014754
18 3 0.065857 0.049995 0.014754
18 4 0.064149 0.049995 0.014754
18 5 0.063010 0.049995 0.014754
18 6 0.062061 0.049995 0.014754
18 7 0.061871 0.049995 0.014754
18 8 0.059594 0.049995 0.014754
18 9 0.056747 0.049995 0.014754
18 10 0.054090 0.049995 0.014754
18 11 0.054470 0.049995 0.014754
18 12 0.051053 0.049995 0.014754
18 13 0.045739 0.049995 0.014754
18 14 0.042133 0.049995 0.014754
18 15 0.040235 0.049995 0.014754
18 16 0.033972 0.049995 0.014754
18 17 0.028468 0.049995 0.014754
18 18 0.020118 0.049995 0.014754
18 19 0.021256 0.049995 0.014754
18 20 0.021256 0.049995 0.014754
19 0 0.059973 0.049995 0.014754
19 1 0.062630 0.049995 0.014754
19 2 0.065857 0.049995 0.014754
19 3 0.067185 0.049995 0.014754
19 4 0.063579 0.049995 0.014754
19 5 0.061112 0.049995 0.014754
19 6 0.057886 0.049995 0.014754
19 7 0.056557 0.049995 0.014754
19 8 0.054280 0.049995 0.014754
19 9 0.050104 0.049995 0.014754
19 10 0.047827 0.049995 0.014754
19 11 0.046498 0.049995 0.014754
19 12 0.044031 0.049995 0.014754
19 13 0.042892 0.049995 0.014754
19 14 0.039856 0.049995 0.014754
19 15 0.033593 0.049995 0.014754
19 16 0.031315 0.049995 0.014754
19 17 0.024673 0.049995 0.014754
19 18 0.018979 0.049995 0.014754
19 19 0.017271 0.049995 0.014754
19 20 0.018599 0.049995 0.014754
20 0 0.059024 0.049995 0.014754
20 1 0.060163 0.049995 0.014754
20 2 0.061682 0.049995 0.014754
20 3 0.061682 0.049995 0.014754
20 4 0.059214 0.049995 0.014754
20 5 0.054280 0.049995 0.014754
20 6 0.052761 0.049995 0.014754
20 7 0.053141 0.049995 0.014754
20 8 0.052572 0.049995 0.014754
20 9 0.046688 0.049995 0.014754
20 10 0.045549 0.049995 0.014754
20 11 0.041184 0.049995 0.014754
20 12 0.038907 0.049995 0.014754
20 13 0.037009 0.049995 0.014754
20 14 0.036250 0.049995 0.014754
20 15 0.033023 0.049995 0.014754
20 16 0.028658 0.049995 0.014754
20 17 0.023344 0.049995 0.014754
20 18 0.019928 0.049995 0.014754
20 19 0.017081 0.049995 0.014754
20 20 0.017461 0.049995 0.014754
