# contact distance = 16.0 Angstroms
# F = 0.4 kJ/mol

# i j contact_probability mean_contact_probability stddev_contact_probability
0 0 0.038767 0.044604 0.014606
0 1 0.034474 0.044604 0.014606
0 2 0.032262 0.044604 0.014606
0 3 0.030441 0.044604 0.014606
0 4 0.033173 0.044604 0.014606
0 5 0.034214 0.044604 0.014606
0 6 0.035384 0.044604 0.014606
0 7 0.038246 0.044604 0.014606
0 8 0.040978 0.044604 0.014606
0 9 0.045271 0.044604 0.014606
0 10 0.048523 0.044604 0.014606
0 11 0.051906 0.044604 0.014606
0 12 0.052686 0.044604 0.014606
0 13 0.055548 0.044604 0.014606
0 14 0.060232 0.044604 0.014606
0 15 0.063094 0.044604 0.014606
0 16 0.063614 0.044604 0.014606
0 17 0.063484 0.044604 0.014606
0 18 0.061272 0.044604 0.014606
0 19 0.058150 0.044604 0.014606
0 20 0.053077 0.044604 0.014606
1 0 0.035775 0.044604 0.014606
1 1 0.034604 0.044604 0.014606
1 2 0.032783 0.044604 0.014606
1 3 0.032262 0.044604 0.014606
1 4 0.032132 0.044604 0.014606
1 5 0.032132 0.044604 0.014606
1 6 0.034864 0.044604 0.014606
1 7 0.038376 0.044604 0.014606
1 8 0.044881 0.044604 0.014606
1 9 0.049044 0.044604 0.014606
1 10 0.052816 0.044604 0.014606
1 11 0.053597 0.044604 0.014606
1 12 0.055678 0.044604 0.014606
1 13 0.061272 0.044604 0.014606
1 14 0.066216 0.044604 0.014606
1 15 0.067386 0.044604 0.014606
1 16 0.066866 0.044604 0.014606
1 17 0.068167 0.044604 0.014606
1 18 0.065435 0.044604 0.014606
1 19 0.060362 0.044604 0.014606
1 20 0.054638 0.044604 0.014606
2 0 0.034344 0.044604 0.014606
2 1 0.033563 0.044604 0.014606
2 2 0.030701 0.044604 0.014606
2 3 0.032132 0.044604 0.014606
2 4 0.032392 0.044604 0.014606
2 5 0.032913 0.044604 0.014606
2 6 0.035515 0.044604 0.014606
2 7 0.039677 0.044604 0.014606
2 8 0.046182 0.044604 0.014606
2 9 0.050865 0.044604 0.014606
2 10 0.056459 0.044604 0.014606
2 11 0.057370 0.044604 0.014606
2 12 0.060232 0.044604 0.014606
2 13 0.063874 0.044604 0.014606
2 14 0.067386 0.044604 0.014606
2 15 0.069598 0.044604 0.014606
2 16 0.069078 0.044604 0.014606
2 17 0.070509 0.044604 0.014606
2 18 0.068167 0.044604 0.014606
2 19 0.060882 0.044604 0.014606
2 20 0.051776 0.044604 0.014606
3 0 0.032262 0.044604 0.014606
3 1 0.030441 0.044604 0.014606
3 2 0.028099 0.044604 0.014606
3 3 0.029921 0.044604 0.014606
3 4 0.029791 0.044604 0.014606
3 5 0.032392 0.044604 0.014606
3 6 0.033563 0.044604 0.014606
3 7 0.037986 0.044604 0.014606
3 8 0.047092 0.044604 0.014606
3 9 0.053467 0.044604 0.014606
3 10 0.058410 0.044604 0.014606
3 11 0.059841 0.044604 0.014606
3 12 0.062703 0.044604 0.014606
3 13 0.065175 0.044604 0.014606
3 14 0.067126 0.044604 0.014606
3 15 0.069728 0.044604 0.014606
3 16 0.069988 0.044604 0.014606
3 17 0.068687 0.044604 0.014606
3 18 0.068557 0.044604 0.014606
3 19 0.060752 0.044604 0.014606
3 20 0.051385 0.044604 0.014606
4 0 0.032132 0.044604 0.014606
4 1 0.032132 0.044604 0.014606
4 2 0.028490 0.044604 0.014606
4 3 0.028880 0.044604 0.014606
4 4 0.029530 0.044604 0.014606
4 5 0.030571 0.044604 0.014606
4 6 0.033823 0.044604 0.014606
4 7 0.039547 0.044604 0.014606
4 8 0.048133 0.044604 0.014606
4 9 0.054378 0.044604 0.014606
4 10 0.057890 0.044604 0.014606
4 11 0.061142 0.044604 0.014606
4 12 0.063354 0.044604 0.014606
4 13 0.066086 0.044604 0.014606
4 14 0.067386 0.044604 0.014606
4 15 0.069468 0.044604 0.014606
4 16 0.068427 0.044604 0.014606
4 17 0.068167 0.044604 0.014606
4 18 0.063094 0.044604 0.014606
4 19 0.057890 0.044604 0.014606
4 20 0.049304 0.044604 0.014606
5 0 0.031612 0.044604 0.014606
5 1 0.032262 0.044604 0.014606
5 2 0.029140 0.044604 0.014606
5 3 0.027449 0.044604 0.014606
5 4 0.028880 0.044604 0.014606
5 5 0.031222 0.044604 0.014606
5 6 0.034084 0.044604 0.014606
5 7 0.040328 0.044604 0.014606
5 8 0.047873 0.044604 0.014606
5 9 0.055158 0.044604 0.014606
5 10 0.056719 0.044604 0.014606
5 11 0.059711 0.044604 0.014606
5 12 0.061663 0.044604 0.014606
5 13 0.062833 0.044604 0.014606
5 14 0.064004 0.044604 0.014606
5 15 0.064264 0.044604 0.014606
5 16 0.064134 0.044604 0.014606
5 17 0.060882 0.044604 0.014606
5 18 0.056979 0.044604 0.014606
5 19 0.051125 0.044604 0.014606
5 20 0.045271 0.044604 0.014606
6 0 0.033693 0.044604 0.014606
6 1 0.032522 0.044604 0.014606
6 2 0.031872 0.044604 0.014606
6 3 0.029921 0.044604 0.014606
6 4 0.030311 0.044604 0.014606
6 5 0.032392 0.044604 0.014606
6 6 0.035384 0.044604 0.014606
6 7 0.041238 0.044604 0.014606
6 8 0.049434 0.044604 0.014606
6 9 0.053467 0.044604 0.014606
6 10 0.056719 0.044604 0.014606
6 11 0.059061 0.044604 0.014606
6 12 0.058410 0.044604 0.014606
6 13 0.059191 0.044604 0.014606
6 14 0.058020 0.044604 0.014606
6 15 0.057630 0.044604 0.014606
6 16 0.055548 0.044604 0.014606
6 17 0.055548 0.044604 0.014606
6 18 0.050735 0.044604 0.014606
6 19 0.046962 0.044604 0.014606
6 20 0.040458 0.044604 0.014606
7 0 0.033823 0.044604 0.014606
7 1 0.034214 0.044604 0.014606
7 2 0.033433 0.044604 0.014606
7 3 0.036425 0.044604 0.014606
7 4 0.034344 0.044604 0.014606
7 5 0.036165 0.044604 0.014606
7 6 0.040588 0.044604 0.014606
7 7 0.042539 0.044604 0.014606
7 8 0.047873 0.044604 0.014606
7 9 0.049694 0.044604 0.014606
7 10 0.053597 0.044604 0.014606
7 11 0.055939 0.044604 0.014606
7 12 0.055418 0.044604 0.014606
7 13 0.051646 0.044604 0.014606
7 14 0.049304 0.044604 0.014606
7 15 0.048133 0.044604 0.014606
7 16 0.048393 0.044604 0.014606
7 17 0.048784 0.044604 0.014606
7 18 0.044231 0.044604 0.014606
7 19 0.039547 0.044604 0.014606
7 20 0.034474 0.044604 0.014606
8 0 0.039287 0.044604 0.014606
8 1 0.041629 0.044604 0.014606
8 2 0.041499 0.044604 0.014606
8 3 0.043190 0.044604 0.014606
8 4 0.042409 0.044604 0.014606
8 5 0.043970 0.044604 0.014606
8 6 0.042930 0.044604 0.014606
8 7 0.043840 0.044604 0.014606
8 8 0.045271 0.044604 0.014606
8 9 0.047223 0.044604 0.014606
8 10 0.051516 0.044604 0.014606
8 11 0.051906 0.044604 0.014606
8 12 0.049824 0.044604 0.014606
8 13 0.049694 0.044604 0.014606
8 14 0.047092 0.044604 0.014606
8 15 0.043840 0.044604 0.014606
8 16 0.043320 0.044604 0.014606
8 17 0.042019 0.044604 0.014606
8 18 0.039157 0.044604 0.014606
8 19 0.033303 0.044604 0.014606
8 20 0.029140 0.044604 0.014606
9 0 0.043840 0.044604 0.014606
9 1 0.046052 0.044604 0.014606
9 2 0.049434 0.044604 0.014606
9 3 0.050605 0.044604 0.014606
9 4 0.048784 0.044604 0.014606
9 5 0.050345 0.044604 0.014606
9 6 0.049304 0.044604 0.014606
9 7 0.048654 0.044604 0.014606
9 8 0.047483 0.044604 0.014606
9 9 0.046182 0.044604 0.014606
9 10 0.047873 0.044604 0.014606
9 11 0.050345 0.044604 0.014606
9 12 0.046832 0.044604 0.014606
9 13 0.046052 0.044604 0.014606
9 14 0.043190 0.044604 0.014606
9 15 0.041369 0.044604 0.014606
9 16 0.038767 0.044604 0.014606
9 17 0.036295 0.044604 0.014606
9 18 0.032392 0.044604 0.014606
9 19 0.029140 0.044604 0.014606
9 20 0.027449 0.044604 0.014606
10 0 0.049564 0.044604 0.014606
10 1 0.052166 0.044604 0.014606
10 2 0.055158 0.044604 0.014606
10 3 0.055548 0.044604 0.014606
10 4 0.054638 0.044604 0.014606
10 5 0.054898 0.044604 0.014606
10 6 0.054378 0.044604 0.014606
10 7 0.051255 0.044604 0.014606
10 8 0.049564 0.044604 0.014606
10 9 0.049954 0.044604 0.014606
10 10 0.049434 0.044604 0.014606
10 11 0.047483 0.044604 0.014606
10 12 0.044881 0.044604 0.014606
10 13 0.044100 0.044604 0.014606
10 14 0.042279 0.044604 0.014606
10 15 0.038507 0.044604 0.014606
10 16 0.038897 0.044604 0.014606
10 17 0.035254 0.044604 0.014606
10 18 0.029270 0.044604 0.014606
10 19 0.025758 0.044604 0.014606
10 20 0.026798 0.044604 0.014606
11 0 0.052947 0.044604 0.014606
11 1 0.056849 0.044604 0.014606
11 2 0.058150 0.044604 0.014606
11 3 0.061793 0.044604 0.014606
11 4 0.061402 0.044604 0.014606
11 5 0.057890 0.044604 0.014606
11 6 0.056849 0.044604 0.014606
11 7 0.054247 0.044604 0.014606
11 8 0.049694 0.044604 0.014606
11 9 0.046832 0.044604 0.014606
11 10 0.047092 0.044604 0.014606
11 11 0.043320 0.044604 0.014606
11 12 0.041499 0.044604 0.014606
11 13 0.040458 0.044604 0.014606
11 14 0.036945 0.044604 0.014606
11 15 0.035775 0.044604 0.014606
11 16 0.035905 0.044604 0.014606
11 17 0.032783 0.044604 0.014606
11 18 0.026278 0.044604 0.014606
11 19 0.025628 0.044604 0.014606
11 20 0.024977 0.044604 0.014606
12 0 0.056979 0.044604 0.014606
12 1 0.061402 0.044604 0.014606
12 2 0.063354 0.044604 0.014606
12 3 0.065305 0.044604 0.014606
12 4 0.063484 0.044604 0.014606
12 5 0.062053 0.044604 0.014606
12 6 0.058931 0.044604 0.014606
12 7 0.053207 0.044604 0.014606
12 8 0.048133 0.044604 0.014606
12 9 0.042930 0.044604 0.014606
12 10 0.043060 0.044604 0.014606
12 11 0.039938 0.044604 0.014606
12 12 0.038246 0.044604 0.014606
12 13 0.035254 0.044604 0.014606
12 14 0.034474 0.044604 0.014606
12 15 0.033043 0.044604 0.014606
12 16 0.031872 0.044604 0.014606
12 17 0.029400 0.044604 0.014606
12 18 0.028229 0.044604 0.014606
12 19 0.024717 0.044604 0.014606
12 20 0.023546 0.044604 0.014606
13 0 0.060752 0.044604 0.014606
13 1 0.065825 0.044604 0.014606
13 2 0.068427 0.044604 0.014606
13 3 0.066866 0.044604 0.014606
13 4 0.066736 0.044604 0.014606
13 5 0.065045 0.044604 0.014606
13 6 0.059061 0.044604 0.014606
13 7 0.052036 0.044604 0.014606
13 8 0.048263 0.044604 0.014606
13 9 0.044231 0.044604 0.014606
13 10 0.041238 0.044604 0.014606
13 11 0.037206 0.044604 0.014606
13 12 0.033953 0.044604 0.014606
13 13 0.032783 0.044604 0.014606
13 14 0.033433 0.044604 0.014606
13 15 0.031872 0.044604 0.014606
13 16 0.028750 0.044604 0.014606
13 17 0.029270 0.044604 0.014606
13 18 0.027189 0.044604 0.014606
13 19 0.023546 0.044604 0.014606
13 20 0.023026 0.044604 0.014606
14 0 0.062833 0.044604 0.014606
14 1 0.067777 0.044604 0.014606
14 2 0.070248 0.044604 0.014606
14 3 0.071810 0.044604 0.014606
14 4 0.067647 0.044604 0.014606
14 5 0.067256 0.044604 0.014606
14 6 0.059191 0.044604 0.014606
14 7 0.050345 0.044604 0.014606
14 8 0.049564 0.044604 0.014606
14 9 0.042149 0.044604 0.014606
14 10 0.038507 0.044604 0.014606
14 11 0.037596 0.044604 0.014606
14 12 0.035515 0.044604 0.014606
14 13 0.033043 0.044604 0.014606
14 14 0.032132 0.044604 0.014606
14 15 0.031612 0.044604 0.014606
14 16 0.029660 0.044604 0.014606
14 17 0.029140 0.044604 0.014606
14 18 0.027059 0.044604 0.014606
14 19 0.024457 0.044604 0.014606
14 20 0.022375 0.044604 0.014606
15 0 0.063614 0.044604 0.014606
15 1 0.069468 0.044604 0.014606
15 2 0.071810 0.044604 0.014606
15 3 0.073110 0.044604 0.014606
15 4 0.066996 0.044604 0.014606
15 5 0.064785 0.044604 0.014606
15 6 0.059191 0.044604 0.014606
15 7 0.053337 0.044604 0.014606
15 8 0.047223 0.044604 0.014606
15 9 0.043970 0.044604 0.014606
15 10 0.038897 0.044604 0.014606
15 11 0.037726 0.044604 0.014606
15 12 0.033303 0.044604 0.014606
15 13 0.031872 0.044604 0.014606
15 14 0.032392 0.044604 0.014606
15 15 0.032262 0.044604 0.014606
15 16 0.030051 0.044604 0.014606
15 17 0.028360 0.044604 0.014606
15 18 0.027319 0.044604 0.014606
15 19 0.025107 0.044604 0.014606
15 20 0.022506 0.044604 0.014606
16 0 0.066476 0.044604 0.014606
16 1 0.070379 0.044604 0.014606
16 2 0.073761 0.044604 0.014606
16 3 0.072590 0.044604 0.014606
16 4 0.067907 0.044604 0.014606
16 5 0.064134 0.044604 0.014606
16 6 0.058670 0.044604 0.014606
16 7 0.052166 0.044604 0.014606
16 8 0.046962 0.044604 0.014606
16 9 0.041499 0.044604 0.014606
16 10 0.039677 0.044604 0.014606
16 11 0.036035 0.044604 0.014606
16 12 0.030961 0.044604 0.014606
16 13 0.029400 0.044604 0.014606
16 14 0.029140 0.044604 0.014606
16 15 0.029921 0.044604 0.014606
16 16 0.027579 0.044604 0.014606
16 17 0.026668 0.044604 0.014606
16 18 0.025758 0.044604 0.014606
16 19 0.023156 0.044604 0.014606
16 20 0.020814 0.044604 0.014606
17 0 0.062703 0.044604 0.014606
17 1 0.066476 0.044604 0.014606
17 2 0.070379 0.044604 0.014606
17 3 0.070379 0.044604 0.014606
17 4 0.067777 0.044604 0.014606
17 5 0.061793 0.044604 0.014606
17 6 0.056199 0.044604 0.014606
17 7 0.049044 0.044604 0.014606
17 8 0.046312 0.044604 0.014606
17 9 0.040458 0.044604 0.014606
17 10 0.036425 0.044604 0.014606
17 11 0.032913 0.044604 0.014606
17 12 0.030051 0.044604 0.014606
17 13 0.027059 0.044604 0.014606
17 14 0.027189 0.044604 0.014606
17 15 0.024587 0.044604 0.014606
17 16 0.023806 0.044604 0.014606
17 17 0.023026 0.044604 0.014606
17 18 0.021465 0.044604 0.014606
17 19 0.020164 0.044604 0.014606
17 20 0.020034 0.044604 0.014606
18 0 0.057890 0.044604 0.014606
18 1 0.064264 0.044604 0.014606
18 2 0.066606 0.044604 0.014606
18 3 0.067907 0.044604 0.014606
18 4 0.062443 0.044604 0.014606
18 5 0.055678 0.044604 0.014606
18 6 0.051385 0.044604 0.014606
18 7 0.048263 0.044604 0.014606
18 8 0.042409 0.044604 0.014606
18 9 0.037856 0.044604 0.014606
18 10 0.034604 0.044604 0.014606
18 11 0.031091 0.044604 0.014606
18 12 0.027319 0.044604 0.014606
18 13 0.023546 0.044604 0.014606
18 14 0.024067 0.044604 0.014606
18 15 0.022896 0.044604 0.014606
18 16 0.021855 0.044604 0.014606
18 17 0.020034 0.044604 0.014606
18 18 0.019513 0.044604 0.014606
18 19 0.017562 0.044604 0.014606
18 20 0.017952 0.044604 0.014606
19 0 0.053727 0.044604 0.014606
19 1 0.057760 0.044604 0.014606
19 2 0.060492 0.044604 0.014606
19 3 0.059191 0.044604 0.014606
19 4 0.056459 0.044604 0.014606
19 5 0.051385 0.044604 0.014606
19 6 0.048914 0.044604 0.014606
19 7 0.043970 0.044604 0.014606
19 8 0.039677 0.044604 0.014606
19 9 0.035515 0.044604 0.014606
19 10 0.031872 0.044604 0.014606
19 11 0.028620 0.044604 0.014606
19 12 0.027059 0.044604 0.014606
19 13 0.021855 0.044604 0.014606
19 14 0.021595 0.044604 0.014606
19 15 0.021075 0.044604 0.014606
19 16 0.019383 0.044604 0.014606
19 17 0.019253 0.044604 0.014606
19 18 0.018343 0.044604 0.014606
19 19 0.017042 0.044604 0.014606
19 20 0.018082 0.044604 0.014606
20 0 0.047353 0.044604 0.014606
20 1 0.051125 0.044604 0.014606
20 2 0.052166 0.044604 0.014606
20 3 0.051255 0.044604 0.014606
20 4 0.049694 0.044604 0.014606
20 5 0.045922 0.044604 0.014606
20 6 0.044491 0.044604 0.014606
20 7 0.039547 0.044604 0.014606
20 8 0.034084 0.044604 0.014606
20 9 0.030701 0.044604 0.014606
20 10 0.029400 0.044604 0.014606
20 11 0.026798 0.044604 0.014606
20 12 0.023026 0.044604 0.014606
20 13 0.022766 0.044604 0.014606
20 14 0.021595 0.044604 0.014606
20 15 0.021075 0.044604 0.014606
20 16 0.019513 0.044604 0.014606
20 17 0.018733 0.044604 0.014606
20 18 0.018343 0.044604 0.014606
20 19 0.019383 0.044604 0.014606
20 20 0.017822 0.044604 0.014606
