# contact distance = 16.0 Angstroms
# F = 0.4 kJ/mol

# i j contact_probability mean_contact_probability stddev_contact_probability
0 0 0.033760 0.036305 0.012413
0 1 0.033611 0.036305 0.012413
0 2 0.033611 0.036305 0.012413
0 3 0.028554 0.036305 0.012413
0 4 0.024836 0.036305 0.012413
0 5 0.024836 0.036305 0.012413
0 6 0.023795 0.036305 0.012413
0 7 0.025729 0.036305 0.012413
0 8 0.027960 0.036305 0.012413
0 9 0.028852 0.036305 0.012413
0 10 0.035396 0.036305 0.012413
0 11 0.038519 0.036305 0.012413
0 12 0.044765 0.036305 0.012413
0 13 0.048483 0.036305 0.012413
0 14 0.052499 0.036305 0.012413
0 15 0.055324 0.036305 0.012413
0 16 0.056514 0.036305 0.012413
0 17 0.056811 0.036305 0.012413
0 18 0.055770 0.036305 0.012413
0 19 0.051904 0.036305 0.012413
0 20 0.047293 0.036305 0.012413
1 0 0.032570 0.036305 0.012413
1 1 0.030785 0.036305 0.012413
1 2 0.030190 0.036305 0.012413
1 3 0.028406 0.036305 0.012413
1 4 0.025134 0.036305 0.012413
1 5 0.024836 0.036305 0.012413
1 6 0.025283 0.036305 0.012413
1 7 0.027216 0.036305 0.012413
1 8 0.028852 0.036305 0.012413
1 9 0.032272 0.036305 0.012413
1 10 0.036288 0.036305 0.012413
1 11 0.039262 0.036305 0.012413
1 12 0.046401 0.036305 0.012413
1 13 0.051011 0.036305 0.012413
1 14 0.056663 0.036305 0.012413
1 15 0.059786 0.036305 0.012413
1 16 0.060232 0.036305 0.012413
1 17 0.062314 0.036305 0.012413
1 18 0.059935 0.036305 0.012413
1 19 0.054729 0.036305 0.012413
1 20 0.050714 0.036305 0.012413
2 0 0.032570 0.036305 0.012413
2 1 0.032124 0.036305 0.012413
2 2 0.028406 0.036305 0.012413
2 3 0.026026 0.036305 0.012413
2 4 0.026919 0.036305 0.012413
2 5 0.025729 0.036305 0.012413
2 6 0.025729 0.036305 0.012413
2 7 0.026919 0.036305 0.012413
2 8 0.030488 0.036305 0.012413
2 9 0.031231 0.036305 0.012413
2 10 0.037180 0.036305 0.012413
2 11 0.041344 0.036305 0.012413
2 12 0.045360 0.036305 0.012413
2 13 0.053391 0.036305 0.012413
2 14 0.059042 0.036305 0.012413
2 15 0.060232 0.036305 0.012413
2 16 0.061273 0.036305 0.012413
2 17 0.061868 0.036305 0.012413
2 18 0.059786 0.036305 0.012413
2 19 0.056960 0.036305 0.012413
2 20 0.051606 0.036305 0.012413
3 0 0.029001 0.036305 0.012413
3 1 0.029001 0.036305 0.012413
3 2 0.025877 0.036305 0.012413
3 3 0.024242 0.036305 0.012413
3 4 0.024242 0.036305 0.012413
3 5 0.024093 0.036305 0.012413
3 6 0.024539 0.036305 0.012413
3 7 0.027513 0.036305 0.012413
3 8 0.029893 0.036305 0.012413
3 9 0.034503 0.036305 0.012413
3 10 0.037032 0.036305 0.012413
3 11 0.040452 0.036305 0.012413
3 12 0.044319 0.036305 0.012413
3 13 0.051755 0.036305 0.012413
3 14 0.057852 0.036305 0.012413
3 15 0.059191 0.036305 0.012413
3 16 0.059191 0.036305 0.012413
3 17 0.060083 0.036305 0.012413
3 18 0.056663 0.036305 0.012413
3 19 0.053986 0.036305 0.012413
3 20 0.046104 0.036305 0.012413
4 0 0.026770 0.036305 0.012413
4 1 0.026919 0.036305 0.012413
4 2 0.025729 0.036305 0.012413
4 3 0.023944 0.036305 0.012413
4 4 0.022754 0.036305 0.012413
4 5 0.024539 0.036305 0.012413
4 6 0.024985 0.036305 0.012413
4 7 0.028257 0.036305 0.012413
4 8 0.029001 0.036305 0.012413
4 9 0.034503 0.036305 0.012413
4 10 0.036883 0.036305 0.012413
4 11 0.041642 0.036305 0.012413
4 12 0.044468 0.036305 0.012413
4 13 0.051011 0.036305 0.012413
4 14 0.051606 0.036305 0.012413
4 15 0.054878 0.036305 0.012413
4 16 0.056960 0.036305 0.012413
4 17 0.054134 0.036305 0.012413
4 18 0.052499 0.036305 0.012413
4 19 0.050119 0.036305 0.012413
4 20 0.043724 0.036305 0.012413
5 0 0.025283 0.036305 0.012413
5 1 0.023498 0.036305 0.012413
5 2 0.025283 0.036305 0.012413
5 3 0.023647 0.036305 0.012413
5 4 0.024539 0.036305 0.012413
5 5 0.026472 0.036305 0.012413
5 6 0.027811 0.036305 0.012413
5 7 0.028554 0.036305 0.012413
5 8 0.032570 0.036305 0.012413
5 9 0.036585 0.036305 0.012413
5 10 0.039411 0.036305 0.012413
5 11 0.040898 0.036305 0.012413
5 12 0.045806 0.036305 0.012413
5 13 0.049375 0.036305 0.012413
5 14 0.048186 0.036305 0.012413
5 15 0.049227 0.036305 0.012413
5 16 0.049673 0.036305 0.012413
5 17 0.047145 0.036305 0.012413
5 18 0.045806 0.036305 0.012413
5 19 0.046252 0.036305 0.012413
5 20 0.037924 0.036305 0.012413
6 0 0.024985 0.036305 0.012413
6 1 0.025580 0.036305 0.012413
6 2 0.025431 0.036305 0.012413
6 3 0.024390 0.036305 0.012413
6 4 0.025134 0.036305 0.012413
6 5 0.028108 0.036305 0.012413
6 6 0.029001 0.036305 0.012413
6 7 0.033016 0.036305 0.012413
6 8 0.036139 0.036305 0.012413
6 9 0.038221 0.036305 0.012413
6 10 0.041939 0.036305 0.012413
6 11 0.043873 0.036305 0.012413
6 12 0.046550 0.036305 0.012413
6 13 0.047145 0.036305 0.012413
6 14 0.046104 0.036305 0.012413
6 15 0.047442 0.036305 0.012413
6 16 0.045509 0.036305 0.012413
6 17 0.042832 0.036305 0.012413
6 18 0.041939 0.036305 0.012413
6 19 0.039709 0.036305 0.012413
6 20 0.035990 0.036305 0.012413
7 0 0.023647 0.036305 0.012413
7 1 0.023498 0.036305 0.012413
7 2 0.026472 0.036305 0.012413
7 3 0.024985 0.036305 0.012413
7 4 0.026026 0.036305 0.012413
7 5 0.030042 0.036305 0.012413
7 6 0.033016 0.036305 0.012413
7 7 0.034057 0.036305 0.012413
7 8 0.038519 0.036305 0.012413
7 9 0.040601 0.036305 0.012413
7 10 0.043427 0.036305 0.012413
7 11 0.044765 0.036305 0.012413
7 12 0.044468 0.036305 0.012413
7 13 0.046550 0.036305 0.012413
7 14 0.043278 0.036305 0.012413
7 15 0.042385 0.036305 0.012413
7 16 0.040452 0.036305 0.012413
7 17 0.040601 0.036305 0.012413
7 18 0.037924 0.036305 0.012413
7 19 0.033760 0.036305 0.012413
7 20 0.030488 0.036305 0.012413
8 0 0.023795 0.036305 0.012413
8 1 0.023795 0.036305 0.012413
8 2 0.025431 0.036305 0.012413
8 3 0.027662 0.036305 0.012413
8 4 0.028554 0.036305 0.012413
8 5 0.030785 0.036305 0.012413
8 6 0.032421 0.036305 0.012413
8 7 0.036585 0.036305 0.012413
8 8 0.040006 0.036305 0.012413
8 9 0.043129 0.036305 0.012413
8 10 0.044765 0.036305 0.012413
8 11 0.046698 0.036305 0.012413
8 12 0.044021 0.036305 0.012413
8 13 0.045657 0.036305 0.012413
8 14 0.042385 0.036305 0.012413
8 15 0.040898 0.036305 0.012413
8 16 0.037924 0.036305 0.012413
8 17 0.036139 0.036305 0.012413
8 18 0.031975 0.036305 0.012413
8 19 0.029447 0.036305 0.012413
8 20 0.026026 0.036305 0.012413
9 0 0.027365 0.036305 0.012413
9 1 0.028703 0.036305 0.012413
9 2 0.029595 0.036305 0.012413
9 3 0.028554 0.036305 0.012413
9 4 0.031083 0.036305 0.012413
9 5 0.032272 0.036305 0.012413
9 6 0.033016 0.036305 0.012413
9 7 0.037032 0.036305 0.012413
9 8 0.040303 0.036305 0.012413
9 9 0.043575 0.036305 0.012413
9 10 0.045062 0.036305 0.012413
9 11 0.045360 0.036305 0.012413
9 12 0.044616 0.036305 0.012413
9 13 0.041344 0.036305 0.012413
9 14 0.039114 0.036305 0.012413
9 15 0.039411 0.036305 0.012413
9 16 0.036585 0.036305 0.012413
9 17 0.032421 0.036305 0.012413
9 18 0.027513 0.036305 0.012413
9 19 0.026621 0.036305 0.012413
9 20 0.024539 0.036305 0.012413
10 0 0.031975 0.036305 0.012413
10 1 0.033462 0.036305 0.012413
10 2 0.034503 0.036305 0.012413
10 3 0.033016 0.036305 0.012413
10 4 0.033760 0.036305 0.012413
10 5 0.035842 0.036305 0.012413
10 6 0.036288 0.036305 0.012413
10 7 0.038667 0.036305 0.012413
10 8 0.040006 0.036305 0.012413
10 9 0.044319 0.036305 0.012413
10 10 0.044765 0.036305 0.012413
10 11 0.044170 0.036305 0.012413
10 12 0.040750 0.036305 0.012413
10 13 0.040303 0.036305 0.012413
10 14 0.037478 0.036305 0.012413
10 15 0.036734 0.036305 0.012413
10 16 0.033314 0.036305 0.012413
10 17 0.029893 0.036305 0.012413
10 18 0.026175 0.036305 0.012413
10 19 0.024390 0.036305 0.012413
10 20 0.022606 0.036305 0.012413
11 0 0.036734 0.036305 0.012413
11 1 0.037626 0.036305 0.012413
11 2 0.036883 0.036305 0.012413
11 3 0.036585 0.036305 0.012413
11 4 0.037924 0.036305 0.012413
11 5 0.038221 0.036305 0.012413
11 6 0.039411 0.036305 0.012413
11 7 0.040303 0.036305 0.012413
11 8 0.041344 0.036305 0.012413
11 9 0.042385 0.036305 0.012413
11 10 0.043873 0.036305 0.012413
11 11 0.042832 0.036305 0.012413
11 12 0.039560 0.036305 0.012413
11 13 0.037180 0.036305 0.012413
11 14 0.037032 0.036305 0.012413
11 15 0.035247 0.036305 0.012413
11 16 0.031380 0.036305 0.012413
11 17 0.027513 0.036305 0.012413
11 18 0.024836 0.036305 0.012413
11 19 0.023498 0.036305 0.012413
11 20 0.021118 0.036305 0.012413
12 0 0.041642 0.036305 0.012413
12 1 0.040601 0.036305 0.012413
12 2 0.042832 0.036305 0.012413
12 3 0.041196 0.036305 0.012413
12 4 0.041047 0.036305 0.012413
12 5 0.041493 0.036305 0.012413
12 6 0.041791 0.036305 0.012413
12 7 0.040750 0.036305 0.012413
12 8 0.042385 0.036305 0.012413
12 9 0.042088 0.036305 0.012413
12 10 0.039857 0.036305 0.012413
12 11 0.040452 0.036305 0.012413
12 12 0.038667 0.036305 0.012413
12 13 0.036437 0.036305 0.012413
12 14 0.031083 0.036305 0.012413
12 15 0.030190 0.036305 0.012413
12 16 0.028703 0.036305 0.012413
12 17 0.025877 0.036305 0.012413
12 18 0.022606 0.036305 0.012413
12 19 0.019631 0.036305 0.012413
12 20 0.017847 0.036305 0.012413
13 0 0.045509 0.036305 0.012413
13 1 0.046401 0.036305 0.012413
13 2 0.047739 0.036305 0.012413
13 3 0.047145 0.036305 0.012413
13 4 0.046104 0.036305 0.012413
13 5 0.043575 0.036305 0.012413
13 6 0.043427 0.036305 0.012413
13 7 0.042385 0.036305 0.012413
13 8 0.042534 0.036305 0.012413
13 9 0.043575 0.036305 0.012413
13 10 0.040155 0.036305 0.012413
13 11 0.040006 0.036305 0.012413
13 12 0.038221 0.036305 0.012413
13 13 0.034206 0.036305 0.012413
13 14 0.031380 0.036305 0.012413
13 15 0.026919 0.036305 0.012413
13 16 0.023647 0.036305 0.012413
13 17 0.022903 0.036305 0.012413
13 18 0.020970 0.036305 0.012413
13 19 0.019334 0.036305 0.012413
13 20 0.019036 0.036305 0.012413
14 0 0.048037 0.036305 0.012413
14 1 0.052350 0.036305 0.012413
14 2 0.051011 0.036305 0.012413
14 3 0.052796 0.036305 0.012413
14 4 0.049970 0.036305 0.012413
14 5 0.046847 0.036305 0.012413
14 6 0.045211 0.036305 0.012413
14 7 0.043278 0.036305 0.012413
14 8 0.039709 0.036305 0.012413
14 9 0.042534 0.036305 0.012413
14 10 0.040452 0.036305 0.012413
14 11 0.038519 0.036305 0.012413
14 12 0.036437 0.036305 0.012413
14 13 0.032124 0.036305 0.012413
14 14 0.028852 0.036305 0.012413
14 15 0.025283 0.036305 0.012413
14 16 0.022011 0.036305 0.012413
14 17 0.020077 0.036305 0.012413
14 18 0.018441 0.036305 0.012413
14 19 0.016954 0.036305 0.012413
14 20 0.016954 0.036305 0.012413
15 0 0.051904 0.036305 0.012413
15 1 0.055770 0.036305 0.012413
15 2 0.054729 0.036305 0.012413
15 3 0.055919 0.036305 0.012413
15 4 0.054581 0.036305 0.012413
15 5 0.049375 0.036305 0.012413
15 6 0.046550 0.036305 0.012413
15 7 0.042832 0.036305 0.012413
15 8 0.040898 0.036305 0.012413
15 9 0.040303 0.036305 0.012413
15 10 0.038816 0.036305 0.012413
15 11 0.038370 0.036305 0.012413
15 12 0.035098 0.036305 0.012413
15 13 0.031380 0.036305 0.012413
15 14 0.024836 0.036305 0.012413
15 15 0.023052 0.036305 0.012413
15 16 0.020077 0.036305 0.012413
15 17 0.016508 0.036305 0.012413
15 18 0.015021 0.036305 0.012413
15 19 0.013087 0.036305 0.012413
15 20 0.013682 0.036305 0.012413
16 0 0.055622 0.036305 0.012413
16 1 0.057555 0.036305 0.012413
16 2 0.059340 0.036305 0.012413
16 3 0.058447 0.036305 0.012413
16 4 0.056365 0.036305 0.012413
16 5 0.051904 0.036305 0.012413
16 6 0.045955 0.036305 0.012413
16 7 0.042683 0.036305 0.012413
16 8 0.039114 0.036305 0.012413
16 9 0.037180 0.036305 0.012413
16 10 0.037626 0.036305 0.012413
16 11 0.033908 0.036305 0.012413
16 12 0.033016 0.036305 0.012413
16 13 0.027662 0.036305 0.012413
16 14 0.024093 0.036305 0.012413
16 15 0.018739 0.036305 0.012413
16 16 0.016954 0.036305 0.012413
16 17 0.013831 0.036305 0.012413
16 18 0.013087 0.036305 0.012413
16 19 0.012344 0.036305 0.012413
16 20 0.013087 0.036305 0.012413
17 0 0.054878 0.036305 0.012413
17 1 0.057258 0.036305 0.012413
17 2 0.059637 0.036305 0.012413
17 3 0.058894 0.036305 0.012413
17 4 0.055622 0.036305 0.012413
17 5 0.049970 0.036305 0.012413
17 6 0.043427 0.036305 0.012413
17 7 0.041791 0.036305 0.012413
17 8 0.038519 0.036305 0.012413
17 9 0.037626 0.036305 0.012413
17 10 0.035544 0.036305 0.012413
17 11 0.032421 0.036305 0.012413
17 12 0.030785 0.036305 0.012413
17 13 0.026919 0.036305 0.012413
17 14 0.022903 0.036305 0.012413
17 15 0.017103 0.036305 0.012413
17 16 0.015021 0.036305 0.012413
17 17 0.012344 0.036305 0.012413
17 18 0.011154 0.036305 0.012413
17 19 0.011749 0.036305 0.012413
17 20 0.011303 0.036305 0.012413
18 0 0.054134 0.036305 0.012413
18 1 0.056960 0.036305 0.012413
18 2 0.061273 0.036305 0.012413
18 3 0.060083 0.036305 0.012413
18 4 0.057109 0.036305 0.012413
18 5 0.049375 0.036305 0.012413
18 6 0.044468 0.036305 0.012413
18 7 0.041344 0.036305 0.012413
18 8 0.036288 0.036305 0.012413
18 9 0.035098 0.036305 0.012413
18 10 0.033165 0.036305 0.012413
18 11 0.030042 0.036305 0.012413
18 12 0.029001 0.036305 0.012413
18 13 0.024242 0.036305 0.012413
18 14 0.021118 0.036305 0.012413
18 15 0.016359 0.036305 0.012413
18 16 0.014723 0.036305 0.012413
18 17 0.012046 0.036305 0.012413
18 18 0.009667 0.036305 0.012413
18 19 0.010559 0.036305 0.012413
18 20 0.012344 0.036305 0.012413
19 0 0.051904 0.036305 0.012413
19 1 0.056068 0.036305 0.012413
19 2 0.057109 0.036305 0.012413
19 3 0.058001 0.036305 0.012413
19 4 0.055324 0.036305 0.012413
19 5 0.048186 0.036305 0.012413
19 6 0.041642 0.036305 0.012413
19 7 0.037180 0.036305 0.012413
19 8 0.033611 0.036305 0.012413
19 9 0.032421 0.036305 0.012413
19 10 0.030637 0.036305 0.012413
19 11 0.026919 0.036305 0.012413
19 12 0.024093 0.036305 0.012413
19 13 0.022754 0.036305 0.012413
19 14 0.019929 0.036305 0.012413
19 15 0.018739 0.036305 0.012413
19 16 0.016062 0.036305 0.012413
19 17 0.012790 0.036305 0.012413
19 18 0.012046 0.036305 0.012413
19 19 0.012939 0.036305 0.012413
19 20 0.013385 0.036305 0.012413
20 0 0.047293 0.036305 0.012413
20 1 0.052350 0.036305 0.012413
20 2 0.053391 0.036305 0.012413
20 3 0.053391 0.036305 0.012413
20 4 0.049524 0.036305 0.012413
20 5 0.042534 0.036305 0.012413
20 6 0.036734 0.036305 0.012413
20 7 0.031826 0.036305 0.012413
20 8 0.029595 0.036305 0.012413
20 9 0.029001 0.036305 0.012413
20 10 0.027811 0.036305 0.012413
20 11 0.025729 0.036305 0.012413
20 12 0.024093 0.036305 0.012413
20 13 0.022754 0.036305 0.012413
20 14 0.021267 0.036305 0.012413
20 15 0.019334 0.036305 0.012413
20 16 0.016805 0.036305 0.012413
20 17 0.013087 0.036305 0.012413
20 18 0.012046 0.036305 0.012413
20 19 0.012641 0.036305 0.012413
20 20 0.013236 0.036305 0.012413
