# contact distance = 16.0 Angstroms
# F = 0.4 kJ/mol

# i j contact_probability mean_contact_probability stddev_contact_probability
0 0 0.031502 0.046258 0.016977
0 1 0.031502 0.046258 0.016977
0 2 0.031896 0.046258 0.016977
0 3 0.029533 0.046258 0.016977
0 4 0.027564 0.046258 0.016977
0 5 0.026777 0.046258 0.016977
0 6 0.023036 0.046258 0.016977
0 7 0.022248 0.046258 0.016977
0 8 0.024414 0.046258 0.016977
0 9 0.025202 0.046258 0.016977
0 10 0.029336 0.046258 0.016977
0 11 0.030124 0.046258 0.016977
0 12 0.034062 0.046258 0.016977
0 13 0.038590 0.046258 0.016977
0 14 0.043316 0.046258 0.016977
0 15 0.049025 0.046258 0.016977
0 16 0.056113 0.046258 0.016977
0 17 0.063792 0.046258 0.016977
0 18 0.064777 0.046258 0.016977
0 19 0.063792 0.046258 0.016977
0 20 0.057689 0.046258 0.016977
1 0 0.029140 0.046258 0.016977
1 1 0.028155 0.046258 0.016977
1 2 0.026974 0.046258 0.016977
1 3 0.024808 0.046258 0.016977
1 4 0.025005 0.046258 0.016977
1 5 0.024020 0.046258 0.016977
1 6 0.022642 0.046258 0.016977
1 7 0.021658 0.046258 0.016977
1 8 0.021658 0.046258 0.016977
1 9 0.024808 0.046258 0.016977
1 10 0.029140 0.046258 0.016977
1 11 0.030715 0.046258 0.016977
1 12 0.034652 0.046258 0.016977
1 13 0.040953 0.046258 0.016977
1 14 0.045481 0.046258 0.016977
1 15 0.054538 0.046258 0.016977
1 16 0.063989 0.046258 0.016977
1 17 0.069699 0.046258 0.016977
1 18 0.069502 0.046258 0.016977
1 19 0.071471 0.046258 0.016977
1 20 0.064580 0.046258 0.016977
2 0 0.027564 0.046258 0.016977
2 1 0.026580 0.046258 0.016977
2 2 0.023824 0.046258 0.016977
2 3 0.025989 0.046258 0.016977
2 4 0.023627 0.046258 0.016977
2 5 0.023430 0.046258 0.016977
2 6 0.021067 0.046258 0.016977
2 7 0.021461 0.046258 0.016977
2 8 0.023233 0.046258 0.016977
2 9 0.024217 0.046258 0.016977
2 10 0.028549 0.046258 0.016977
2 11 0.032093 0.046258 0.016977
2 12 0.035440 0.046258 0.016977
2 13 0.042725 0.046258 0.016977
2 14 0.048238 0.046258 0.016977
2 15 0.057098 0.046258 0.016977
2 16 0.066745 0.046258 0.016977
2 17 0.074621 0.046258 0.016977
2 18 0.077377 0.046258 0.016977
2 19 0.077574 0.046258 0.016977
2 20 0.069699 0.046258 0.016977
3 0 0.025005 0.046258 0.016977
3 1 0.025792 0.046258 0.016977
3 2 0.024414 0.046258 0.016977
3 3 0.023430 0.046258 0.016977
3 4 0.021461 0.046258 0.016977
3 5 0.021067 0.046258 0.016977
3 6 0.020476 0.046258 0.016977
3 7 0.020476 0.046258 0.016977
3 8 0.023627 0.046258 0.016977
3 9 0.024217 0.046258 0.016977
3 10 0.027958 0.046258 0.016977
3 11 0.032487 0.046258 0.016977
3 12 0.036424 0.046258 0.016977
3 13 0.042528 0.046258 0.016977
3 14 0.051388 0.046258 0.016977
3 15 0.061036 0.046258 0.016977
3 16 0.070289 0.046258 0.016977
3 17 0.076787 0.046258 0.016977
3 18 0.080528 0.046258 0.016977
3 19 0.079937 0.046258 0.016977
3 20 0.074818 0.046258 0.016977
4 0 0.024217 0.046258 0.016977
4 1 0.023233 0.046258 0.016977
4 2 0.022642 0.046258 0.016977
4 3 0.021264 0.046258 0.016977
4 4 0.021461 0.046258 0.016977
4 5 0.020870 0.046258 0.016977
4 6 0.020280 0.046258 0.016977
4 7 0.019886 0.046258 0.016977
4 8 0.021855 0.046258 0.016977
4 9 0.024414 0.046258 0.016977
4 10 0.028352 0.046258 0.016977
4 11 0.032880 0.046258 0.016977
4 12 0.037015 0.046258 0.016977
4 13 0.041741 0.046258 0.016977
4 14 0.050207 0.046258 0.016977
4 15 0.061626 0.046258 0.016977
4 16 0.073440 0.046258 0.016977
4 17 0.076590 0.046258 0.016977
4 18 0.079149 0.046258 0.016977
4 19 0.079937 0.046258 0.016977
4 20 0.077377 0.046258 0.016977
5 0 0.024808 0.046258 0.016977
5 1 0.024611 0.046258 0.016977
5 2 0.022445 0.046258 0.016977
5 3 0.022642 0.046258 0.016977
5 4 0.024217 0.046258 0.016977
5 5 0.025792 0.046258 0.016977
5 6 0.022445 0.046258 0.016977
5 7 0.023824 0.046258 0.016977
5 8 0.024808 0.046258 0.016977
5 9 0.024611 0.046258 0.016977
5 10 0.030124 0.046258 0.016977
5 11 0.035046 0.046258 0.016977
5 12 0.037409 0.046258 0.016977
5 13 0.046466 0.046258 0.016977
5 14 0.053948 0.046258 0.016977
5 15 0.065170 0.046258 0.016977
5 16 0.074818 0.046258 0.016977
5 17 0.079543 0.046258 0.016977
5 18 0.080528 0.046258 0.016977
5 19 0.079346 0.046258 0.016977
5 20 0.076984 0.046258 0.016977
6 0 0.023036 0.046258 0.016977
6 1 0.024020 0.046258 0.016977
6 2 0.024611 0.046258 0.016977
6 3 0.022642 0.046258 0.016977
6 4 0.022839 0.046258 0.016977
6 5 0.025596 0.046258 0.016977
6 6 0.024808 0.046258 0.016977
6 7 0.023233 0.046258 0.016977
6 8 0.028549 0.046258 0.016977
6 9 0.025399 0.046258 0.016977
6 10 0.030321 0.046258 0.016977
6 11 0.037015 0.046258 0.016977
6 12 0.041937 0.046258 0.016977
6 13 0.047057 0.046258 0.016977
6 14 0.054932 0.046258 0.016977
6 15 0.064186 0.046258 0.016977
6 16 0.071668 0.046258 0.016977
6 17 0.076196 0.046258 0.016977
6 18 0.080331 0.046258 0.016977
6 19 0.075802 0.046258 0.016977
6 20 0.069108 0.046258 0.016977
7 0 0.024808 0.046258 0.016977
7 1 0.024414 0.046258 0.016977
7 2 0.024611 0.046258 0.016977
7 3 0.024808 0.046258 0.016977
7 4 0.024414 0.046258 0.016977
7 5 0.026186 0.046258 0.016977
7 6 0.025989 0.046258 0.016977
7 7 0.027958 0.046258 0.016977
7 8 0.030518 0.046258 0.016977
7 9 0.031896 0.046258 0.016977
7 10 0.035637 0.046258 0.016977
7 11 0.038000 0.046258 0.016977
7 12 0.043513 0.046258 0.016977
7 13 0.048829 0.046258 0.016977
7 14 0.054341 0.046258 0.016977
7 15 0.061036 0.046258 0.016977
7 16 0.069502 0.046258 0.016977
7 17 0.074818 0.046258 0.016977
7 18 0.076984 0.046258 0.016977
7 19 0.070683 0.046258 0.016977
7 20 0.064186 0.046258 0.016977
8 0 0.026383 0.046258 0.016977
8 1 0.025596 0.046258 0.016977
8 2 0.024217 0.046258 0.016977
8 3 0.026580 0.046258 0.016977
8 4 0.025399 0.046258 0.016977
8 5 0.025596 0.046258 0.016977
8 6 0.025792 0.046258 0.016977
8 7 0.028352 0.046258 0.016977
8 8 0.032290 0.046258 0.016977
8 9 0.034456 0.046258 0.016977
8 10 0.038196 0.046258 0.016977
8 11 0.042331 0.046258 0.016977
8 12 0.047450 0.046258 0.016977
8 13 0.049813 0.046258 0.016977
8 14 0.053554 0.046258 0.016977
8 15 0.061233 0.046258 0.016977
8 16 0.067533 0.046258 0.016977
8 17 0.069502 0.046258 0.016977
8 18 0.066942 0.046258 0.016977
8 19 0.065367 0.046258 0.016977
8 20 0.058279 0.046258 0.016977
9 0 0.029140 0.046258 0.016977
9 1 0.027564 0.046258 0.016977
9 2 0.028549 0.046258 0.016977
9 3 0.026974 0.046258 0.016977
9 4 0.027171 0.046258 0.016977
9 5 0.028746 0.046258 0.016977
9 6 0.030518 0.046258 0.016977
9 7 0.031108 0.046258 0.016977
9 8 0.035440 0.046258 0.016977
9 9 0.037409 0.046258 0.016977
9 10 0.041544 0.046258 0.016977
9 11 0.043709 0.046258 0.016977
9 12 0.047450 0.046258 0.016977
9 13 0.052569 0.046258 0.016977
9 14 0.054538 0.046258 0.016977
9 15 0.057689 0.046258 0.016977
9 16 0.061626 0.046258 0.016977
9 17 0.061626 0.046258 0.016977
9 18 0.058870 0.046258 0.016977
9 19 0.055917 0.046258 0.016977
9 20 0.051191 0.046258 0.016977
10 0 0.029336 0.046258 0.016977
10 1 0.031896 0.046258 0.016977
10 2 0.029533 0.046258 0.016977
10 3 0.030518 0.046258 0.016977
10 4 0.030715 0.046258 0.016977
10 5 0.032684 0.046258 0.016977
10 6 0.033471 0.046258 0.016977
10 7 0.035834 0.046258 0.016977
10 8 0.038000 0.046258 0.016977
10 9 0.043906 0.046258 0.016977
10 10 0.046663 0.046258 0.016977
10 11 0.048041 0.046258 0.016977
10 12 0.051585 0.046258 0.016977
10 13 0.055720 0.046258 0.016977
10 14 0.057885 0.046258 0.016977
10 15 0.055326 0.046258 0.016977
10 16 0.056507 0.046258 0.016977
10 17 0.057295 0.046258 0.016977
10 18 0.054145 0.046258 0.016977
10 19 0.050207 0.046258 0.016977
10 20 0.046466 0.046258 0.016977
11 0 0.032684 0.046258 0.016977
11 1 0.034456 0.046258 0.016977
11 2 0.033077 0.046258 0.016977
11 3 0.032487 0.046258 0.016977
11 4 0.035243 0.046258 0.016977
11 5 0.038590 0.046258 0.016977
11 6 0.038000 0.046258 0.016977
11 7 0.038000 0.046258 0.016977
11 8 0.042134 0.046258 0.016977
11 9 0.045285 0.046258 0.016977
11 10 0.049616 0.046258 0.016977
11 11 0.052176 0.046258 0.016977
11 12 0.055326 0.046258 0.016977
11 13 0.058082 0.046258 0.016977
11 14 0.055523 0.046258 0.016977
11 15 0.056507 0.046258 0.016977
11 16 0.057492 0.046258 0.016977
11 17 0.057098 0.046258 0.016977
11 18 0.051782 0.046258 0.016977
11 19 0.047057 0.046258 0.016977
11 20 0.040362 0.046258 0.016977
12 0 0.034259 0.046258 0.016977
12 1 0.039181 0.046258 0.016977
12 2 0.037606 0.046258 0.016977
12 3 0.037606 0.046258 0.016977
12 4 0.039181 0.046258 0.016977
12 5 0.043119 0.046258 0.016977
12 6 0.043709 0.046258 0.016977
12 7 0.047253 0.046258 0.016977
12 8 0.049222 0.046258 0.016977
12 9 0.050207 0.046258 0.016977
12 10 0.051979 0.046258 0.016977
12 11 0.053751 0.046258 0.016977
12 12 0.056507 0.046258 0.016977
12 13 0.057098 0.046258 0.016977
12 14 0.058673 0.046258 0.016977
12 15 0.056507 0.046258 0.016977
12 16 0.054145 0.046258 0.016977
12 17 0.054145 0.046258 0.016977
12 18 0.047057 0.046258 0.016977
12 19 0.042528 0.046258 0.016977
12 20 0.038787 0.046258 0.016977
13 0 0.037409 0.046258 0.016977
13 1 0.040756 0.046258 0.016977
13 2 0.043316 0.046258 0.016977
13 3 0.044103 0.046258 0.016977
13 4 0.046466 0.046258 0.016977
13 5 0.047253 0.046258 0.016977
13 6 0.049616 0.046258 0.016977
13 7 0.051191 0.046258 0.016977
13 8 0.053554 0.046258 0.016977
13 9 0.053751 0.046258 0.016977
13 10 0.054538 0.046258 0.016977
13 11 0.056310 0.046258 0.016977
13 12 0.057492 0.046258 0.016977
13 13 0.056507 0.046258 0.016977
13 14 0.056704 0.046258 0.016977
13 15 0.057098 0.046258 0.016977
13 16 0.053751 0.046258 0.016977
13 17 0.050404 0.046258 0.016977
13 18 0.046072 0.046258 0.016977
13 19 0.040756 0.046258 0.016977
13 20 0.036424 0.046258 0.016977
14 0 0.038590 0.046258 0.016977
14 1 0.044497 0.046258 0.016977
14 2 0.048238 0.046258 0.016977
14 3 0.053357 0.046258 0.016977
14 4 0.057689 0.046258 0.016977
14 5 0.055720 0.046258 0.016977
14 6 0.057885 0.046258 0.016977
14 7 0.057492 0.046258 0.016977
14 8 0.057492 0.046258 0.016977
14 9 0.055129 0.046258 0.016977
14 10 0.057885 0.046258 0.016977
14 11 0.056310 0.046258 0.016977
14 12 0.057295 0.046258 0.016977
14 13 0.056704 0.046258 0.016977
14 14 0.055917 0.046258 0.016977
14 15 0.054735 0.046258 0.016977
14 16 0.054932 0.046258 0.016977
14 17 0.048041 0.046258 0.016977
14 18 0.043906 0.046258 0.016977
14 19 0.039772 0.046258 0.016977
14 20 0.038393 0.046258 0.016977
15 0 0.046072 0.046258 0.016977
15 1 0.052569 0.046258 0.016977
15 2 0.056704 0.046258 0.016977
15 3 0.062611 0.046258 0.016977
15 4 0.067730 0.046258 0.016977
15 5 0.066942 0.046258 0.016977
15 6 0.066942 0.046258 0.016977
15 7 0.060642 0.046258 0.016977
15 8 0.059067 0.046258 0.016977
15 9 0.056901 0.046258 0.016977
15 10 0.057098 0.046258 0.016977
15 11 0.056901 0.046258 0.016977
15 12 0.052569 0.046258 0.016977
15 13 0.053554 0.046258 0.016977
15 14 0.053554 0.046258 0.016977
15 15 0.053357 0.046258 0.016977
15 16 0.050601 0.046258 0.016977
15 17 0.045875 0.046258 0.016977
15 18 0.041544 0.046258 0.016977
15 19 0.038590 0.046258 0.016977
15 20 0.037803 0.046258 0.016977
16 0 0.046269 0.046258 0.016977
16 1 0.059067 0.046258 0.016977
16 2 0.062414 0.046258 0.016977
16 3 0.070093 0.046258 0.016977
16 4 0.073833 0.046258 0.016977
16 5 0.075605 0.046258 0.016977
16 6 0.075212 0.046258 0.016977
16 7 0.068321 0.046258 0.016977
16 8 0.064777 0.046258 0.016977
16 9 0.056507 0.046258 0.016977
16 10 0.057098 0.046258 0.016977
16 11 0.055523 0.046258 0.016977
16 12 0.052373 0.046258 0.016977
16 13 0.050010 0.046258 0.016977
16 14 0.050797 0.046258 0.016977
16 15 0.047647 0.046258 0.016977
16 16 0.047253 0.046258 0.016977
16 17 0.043316 0.046258 0.016977
16 18 0.038984 0.046258 0.016977
16 19 0.035834 0.046258 0.016977
16 20 0.035440 0.046258 0.016977
17 0 0.052963 0.046258 0.016977
17 1 0.060839 0.046258 0.016977
17 2 0.068321 0.046258 0.016977
17 3 0.075212 0.046258 0.016977
17 4 0.078953 0.046258 0.016977
17 5 0.079149 0.046258 0.016977
17 6 0.075605 0.046258 0.016977
17 7 0.071077 0.046258 0.016977
17 8 0.065367 0.046258 0.016977
17 9 0.059067 0.046258 0.016977
17 10 0.054932 0.046258 0.016977
17 11 0.053160 0.046258 0.016977
17 12 0.048829 0.046258 0.016977
17 13 0.046860 0.046258 0.016977
17 14 0.046269 0.046258 0.016977
17 15 0.042922 0.046258 0.016977
17 16 0.039378 0.046258 0.016977
17 17 0.039181 0.046258 0.016977
17 18 0.036818 0.046258 0.016977
17 19 0.033077 0.046258 0.016977
17 20 0.031896 0.046258 0.016977
18 0 0.054145 0.046258 0.016977
18 1 0.063398 0.046258 0.016977
18 2 0.072061 0.046258 0.016977
18 3 0.077968 0.046258 0.016977
18 4 0.078559 0.046258 0.016977
18 5 0.079346 0.046258 0.016977
18 6 0.075015 0.046258 0.016977
18 7 0.071077 0.046258 0.016977
18 8 0.065367 0.046258 0.016977
18 9 0.056507 0.046258 0.016977
18 10 0.052963 0.046258 0.016977
18 11 0.049222 0.046258 0.016977
18 12 0.044497 0.046258 0.016977
18 13 0.041544 0.046258 0.016977
18 14 0.041544 0.046258 0.016977
18 15 0.040559 0.046258 0.016977
18 16 0.036424 0.046258 0.016977
18 17 0.036031 0.046258 0.016977
18 18 0.032684 0.046258 0.016977
18 19 0.030715 0.046258 0.016977
18 20 0.030912 0.046258 0.016977
19 0 0.054932 0.046258 0.016977
19 1 0.067139 0.046258 0.016977
19 2 0.075605 0.046258 0.016977
19 3 0.080528 0.046258 0.016977
19 4 0.081709 0.046258 0.016977
19 5 0.078165 0.046258 0.016977
19 6 0.075999 0.046258 0.016977
19 7 0.069502 0.046258 0.016977
19 8 0.063398 0.046258 0.016977
19 9 0.052176 0.046258 0.016977
19 10 0.048435 0.046258 0.016977
19 11 0.043709 0.046258 0.016977
19 12 0.044103 0.046258 0.016977
19 13 0.040362 0.046258 0.016977
19 14 0.040953 0.046258 0.016977
19 15 0.038000 0.046258 0.016977
19 16 0.035834 0.046258 0.016977
19 17 0.035834 0.046258 0.016977
19 18 0.030715 0.046258 0.016977
19 19 0.028155 0.046258 0.016977
19 20 0.027368 0.046258 0.016977
20 0 0.051388 0.046258 0.016977
20 1 0.061429 0.046258 0.016977
20 2 0.069699 0.046258 0.016977
20 3 0.075409 0.046258 0.016977
20 4 0.078953 0.046258 0.016977
20 5 0.075015 0.046258 0.016977
20 6 0.071865 0.046258 0.016977
20 7 0.063792 0.046258 0.016977
20 8 0.055720 0.046258 0.016977
20 9 0.048238 0.046258 0.016977
20 10 0.042725 0.046258 0.016977
20 11 0.039181 0.046258 0.016977
20 12 0.040362 0.046258 0.016977
20 13 0.037212 0.046258 0.016977
20 14 0.035834 0.046258 0.016977
20 15 0.036031 0.046258 0.016977
20 16 0.033471 0.046258 0.016977
20 17 0.031699 0.046258 0.016977
20 18 0.027368 0.046258 0.016977
20 19 0.026580 0.046258 0.016977
20 20 0.026186 0.046258 0.016977
