# contact distance = 16.0 Angstroms
# F = 0.4 kJ/mol

# i j contact_probability mean_contact_probability stddev_contact_probability
0 0 0.028160 0.051070 0.013981
0 1 0.023790 0.051070 0.013981
0 2 0.025570 0.051070 0.013981
0 3 0.029778 0.051070 0.013981
0 4 0.032044 0.051070 0.013981
0 5 0.032853 0.051070 0.013981
0 6 0.036414 0.051070 0.013981
0 7 0.038032 0.051070 0.013981
0 8 0.038032 0.051070 0.013981
0 9 0.040460 0.051070 0.013981
0 10 0.043373 0.051070 0.013981
0 11 0.041269 0.051070 0.013981
0 12 0.043211 0.051070 0.013981
0 13 0.044182 0.051070 0.013981
0 14 0.047257 0.051070 0.013981
0 15 0.049846 0.051070 0.013981
0 16 0.054863 0.051070 0.013981
0 17 0.059071 0.051070 0.013981
0 18 0.064735 0.051070 0.013981
0 19 0.066677 0.051070 0.013981
0 20 0.065059 0.051070 0.013981
1 0 0.025732 0.051070 0.013981
1 1 0.022172 0.051070 0.013981
1 2 0.023952 0.051070 0.013981
1 3 0.026218 0.051070 0.013981
1 4 0.029616 0.051070 0.013981
1 5 0.033177 0.051070 0.013981
1 6 0.035119 0.051070 0.013981
1 7 0.036737 0.051070 0.013981
1 8 0.039812 0.051070 0.013981
1 9 0.038518 0.051070 0.013981
1 10 0.040298 0.051070 0.013981
1 11 0.042402 0.051070 0.013981
1 12 0.042240 0.051070 0.013981
1 13 0.044506 0.051070 0.013981
1 14 0.049361 0.051070 0.013981
1 15 0.051788 0.051070 0.013981
1 16 0.057453 0.051070 0.013981
1 17 0.058424 0.051070 0.013981
1 18 0.065545 0.051070 0.013981
1 19 0.065868 0.051070 0.013981
1 20 0.063764 0.051070 0.013981
2 0 0.026703 0.051070 0.013981
2 1 0.024761 0.051070 0.013981
2 2 0.025247 0.051070 0.013981
2 3 0.028322 0.051070 0.013981
2 4 0.029616 0.051070 0.013981
2 5 0.032691 0.051070 0.013981
2 6 0.036252 0.051070 0.013981
2 7 0.038518 0.051070 0.013981
2 8 0.042725 0.051070 0.013981
2 9 0.043211 0.051070 0.013981
2 10 0.044182 0.051070 0.013981
2 11 0.044829 0.051070 0.013981
2 12 0.046771 0.051070 0.013981
2 13 0.048066 0.051070 0.013981
2 14 0.050494 0.051070 0.013981
2 15 0.054863 0.051070 0.013981
2 16 0.058747 0.051070 0.013981
2 17 0.062146 0.051070 0.013981
2 18 0.063764 0.051070 0.013981
2 19 0.064412 0.051070 0.013981
2 20 0.061822 0.051070 0.013981
3 0 0.028322 0.051070 0.013981
3 1 0.026218 0.051070 0.013981
3 2 0.026865 0.051070 0.013981
3 3 0.029455 0.051070 0.013981
3 4 0.034472 0.051070 0.013981
3 5 0.036899 0.051070 0.013981
3 6 0.039489 0.051070 0.013981
3 7 0.040298 0.051070 0.013981
3 8 0.045153 0.051070 0.013981
3 9 0.044991 0.051070 0.013981
3 10 0.049684 0.051070 0.013981
3 11 0.050817 0.051070 0.013981
3 12 0.050979 0.051070 0.013981
3 13 0.052112 0.051070 0.013981
3 14 0.051465 0.051070 0.013981
3 15 0.053407 0.051070 0.013981
3 16 0.060042 0.051070 0.013981
3 17 0.061660 0.051070 0.013981
3 18 0.062955 0.051070 0.013981
3 19 0.063603 0.051070 0.013981
3 20 0.059233 0.051070 0.013981
4 0 0.031882 0.051070 0.013981
4 1 0.031073 0.051070 0.013981
4 2 0.031397 0.051070 0.013981
4 3 0.032044 0.051070 0.013981
4 4 0.035604 0.051070 0.013981
4 5 0.041431 0.051070 0.013981
4 6 0.043696 0.051070 0.013981
4 7 0.045962 0.051070 0.013981
4 8 0.046124 0.051070 0.013981
4 9 0.051626 0.051070 0.013981
4 10 0.054540 0.051070 0.013981
4 11 0.054378 0.051070 0.013981
4 12 0.052274 0.051070 0.013981
4 13 0.052436 0.051070 0.013981
4 14 0.052759 0.051070 0.013981
4 15 0.052759 0.051070 0.013981
4 16 0.056320 0.051070 0.013981
4 17 0.060042 0.051070 0.013981
4 18 0.061175 0.051070 0.013981
4 19 0.058586 0.051070 0.013981
4 20 0.056805 0.051070 0.013981
5 0 0.034957 0.051070 0.013981
5 1 0.035766 0.051070 0.013981
5 2 0.033015 0.051070 0.013981
5 3 0.035443 0.051070 0.013981
5 4 0.038679 0.051070 0.013981
5 5 0.044020 0.051070 0.013981
5 6 0.047257 0.051070 0.013981
5 7 0.053083 0.051070 0.013981
5 8 0.055025 0.051070 0.013981
5 9 0.058586 0.051070 0.013981
5 10 0.057938 0.051070 0.013981
5 11 0.059718 0.051070 0.013981
5 12 0.058100 0.051070 0.013981
5 13 0.057291 0.051070 0.013981
5 14 0.056482 0.051070 0.013981
5 15 0.058909 0.051070 0.013981
5 16 0.057453 0.051070 0.013981
5 17 0.056643 0.051070 0.013981
5 18 0.060042 0.051070 0.013981
5 19 0.056643 0.051070 0.013981
5 20 0.054054 0.051070 0.013981
6 0 0.037870 0.051070 0.013981
6 1 0.036575 0.051070 0.013981
6 2 0.037870 0.051070 0.013981
6 3 0.038679 0.051070 0.013981
6 4 0.041916 0.051070 0.013981
6 5 0.047419 0.051070 0.013981
6 6 0.051626 0.051070 0.013981
6 7 0.055349 0.051070 0.013981
6 8 0.059718 0.051070 0.013981
6 9 0.061660 0.051070 0.013981
6 10 0.063279 0.051070 0.013981
6 11 0.063441 0.051070 0.013981
6 12 0.063441 0.051070 0.013981
6 13 0.061660 0.051070 0.013981
6 14 0.059233 0.051070 0.013981
6 15 0.061013 0.051070 0.013981
6 16 0.057291 0.051070 0.013981
6 17 0.056643 0.051070 0.013981
6 18 0.056643 0.051070 0.013981
6 19 0.058586 0.051070 0.013981
6 20 0.054054 0.051070 0.013981
7 0 0.037870 0.051070 0.013981
7 1 0.038518 0.051070 0.013981
7 2 0.040621 0.051070 0.013981
7 3 0.042887 0.051070 0.013981
7 4 0.044667 0.051070 0.013981
7 5 0.050494 0.051070 0.013981
7 6 0.055834 0.051070 0.013981
7 7 0.061175 0.051070 0.013981
7 8 0.064412 0.051070 0.013981
7 9 0.065221 0.051070 0.013981
7 10 0.068781 0.051070 0.013981
7 11 0.068296 0.051070 0.013981
7 12 0.066192 0.051070 0.013981
7 13 0.064735 0.051070 0.013981
7 14 0.062793 0.051070 0.013981
7 15 0.063279 0.051070 0.013981
7 16 0.061660 0.051070 0.013981
7 17 0.060689 0.051070 0.013981
7 18 0.058586 0.051070 0.013981
7 19 0.055511 0.051070 0.013981
7 20 0.051788 0.051070 0.013981
8 0 0.039003 0.051070 0.013981
8 1 0.040945 0.051070 0.013981
8 2 0.043535 0.051070 0.013981
8 3 0.044829 0.051070 0.013981
8 4 0.047095 0.051070 0.013981
8 5 0.053083 0.051070 0.013981
8 6 0.060042 0.051070 0.013981
8 7 0.065868 0.051070 0.013981
8 8 0.067648 0.051070 0.013981
8 9 0.072504 0.051070 0.013981
8 10 0.073475 0.051070 0.013981
8 11 0.070562 0.051070 0.013981
8 12 0.070238 0.051070 0.013981
8 13 0.070076 0.051070 0.013981
8 14 0.069267 0.051070 0.013981
8 15 0.068296 0.051070 0.013981
8 16 0.065059 0.051070 0.013981
8 17 0.061822 0.051070 0.013981
8 18 0.060528 0.051070 0.013981
8 19 0.056967 0.051070 0.013981
8 20 0.051141 0.051070 0.013981
9 0 0.039003 0.051070 0.013981
9 1 0.043049 0.051070 0.013981
9 2 0.044182 0.051070 0.013981
9 3 0.047742 0.051070 0.013981
9 4 0.050332 0.051070 0.013981
9 5 0.053245 0.051070 0.013981
9 6 0.061499 0.051070 0.013981
9 7 0.069591 0.051070 0.013981
9 8 0.074284 0.051070 0.013981
9 9 0.076711 0.051070 0.013981
9 10 0.075579 0.051070 0.013981
9 11 0.077035 0.051070 0.013981
9 12 0.073313 0.051070 0.013981
9 13 0.071209 0.051070 0.013981
9 14 0.071209 0.051070 0.013981
9 15 0.069429 0.051070 0.013981
9 16 0.067648 0.051070 0.013981
9 17 0.064574 0.051070 0.013981
9 18 0.059718 0.051070 0.013981
9 19 0.052921 0.051070 0.013981
9 20 0.050008 0.051070 0.013981
10 0 0.040460 0.051070 0.013981
10 1 0.044506 0.051070 0.013981
10 2 0.047095 0.051070 0.013981
10 3 0.048228 0.051070 0.013981
10 4 0.052921 0.051070 0.013981
10 5 0.057129 0.051070 0.013981
10 6 0.062308 0.051070 0.013981
10 7 0.068620 0.051070 0.013981
10 8 0.072665 0.051070 0.013981
10 9 0.076226 0.051070 0.013981
10 10 0.078006 0.051070 0.013981
10 11 0.078006 0.051070 0.013981
10 12 0.075902 0.051070 0.013981
10 13 0.073313 0.051070 0.013981
10 14 0.070723 0.051070 0.013981
10 15 0.067325 0.051070 0.013981
10 16 0.066030 0.051070 0.013981
10 17 0.063764 0.051070 0.013981
10 18 0.058262 0.051070 0.013981
10 19 0.053083 0.051070 0.013981
10 20 0.049037 0.051070 0.013981
11 0 0.040621 0.051070 0.013981
11 1 0.044344 0.051070 0.013981
11 2 0.047742 0.051070 0.013981
11 3 0.049361 0.051070 0.013981
11 4 0.052759 0.051070 0.013981
11 5 0.057291 0.051070 0.013981
11 6 0.063603 0.051070 0.013981
11 7 0.069752 0.051070 0.013981
11 8 0.074284 0.051070 0.013981
11 9 0.075255 0.051070 0.013981
11 10 0.075740 0.051070 0.013981
11 11 0.075902 0.051070 0.013981
11 12 0.072827 0.051070 0.013981
11 13 0.072180 0.051070 0.013981
11 14 0.067810 0.051070 0.013981
11 15 0.064088 0.051070 0.013981
11 16 0.064412 0.051070 0.013981
11 17 0.059718 0.051070 0.013981
11 18 0.055349 0.051070 0.013981
11 19 0.048066 0.051070 0.013981
11 20 0.043211 0.051070 0.013981
12 0 0.041754 0.051070 0.013981
12 1 0.043696 0.051070 0.013981
12 2 0.046609 0.051070 0.013981
12 3 0.051303 0.051070 0.013981
12 4 0.052759 0.051070 0.013981
12 5 0.054540 0.051070 0.013981
12 6 0.059880 0.051070 0.013981
12 7 0.067487 0.051070 0.013981
12 8 0.071047 0.051070 0.013981
12 9 0.073475 0.051070 0.013981
12 10 0.074122 0.051070 0.013981
12 11 0.073637 0.051070 0.013981
12 12 0.069105 0.051070 0.013981
12 13 0.067972 0.051070 0.013981
12 14 0.064574 0.051070 0.013981
12 15 0.059395 0.051070 0.013981
12 16 0.055672 0.051070 0.013981
12 17 0.054863 0.051070 0.013981
12 18 0.048713 0.051070 0.013981
12 19 0.043049 0.051070 0.013981
12 20 0.037870 0.051070 0.013981
13 0 0.044506 0.051070 0.013981
13 1 0.046771 0.051070 0.013981
13 2 0.049684 0.051070 0.013981
13 3 0.052598 0.051070 0.013981
13 4 0.055834 0.051070 0.013981
13 5 0.057453 0.051070 0.013981
13 6 0.060851 0.051070 0.013981
13 7 0.064735 0.051070 0.013981
13 8 0.069752 0.051070 0.013981
13 9 0.072504 0.051070 0.013981
13 10 0.072342 0.051070 0.013981
13 11 0.069591 0.051070 0.013981
13 12 0.065868 0.051070 0.013981
13 13 0.061175 0.051070 0.013981
13 14 0.058100 0.051070 0.013981
13 15 0.054701 0.051070 0.013981
13 16 0.052436 0.051070 0.013981
13 17 0.049199 0.051070 0.013981
13 18 0.043858 0.051070 0.013981
13 19 0.038194 0.051070 0.013981
13 20 0.034795 0.051070 0.013981
14 0 0.046609 0.051070 0.013981
14 1 0.047742 0.051070 0.013981
14 2 0.049846 0.051070 0.013981
14 3 0.052112 0.051070 0.013981
14 4 0.055187 0.051070 0.013981
14 5 0.057291 0.051070 0.013981
14 6 0.056158 0.051070 0.013981
14 7 0.062955 0.051070 0.013981
14 8 0.065059 0.051070 0.013981
14 9 0.068134 0.051070 0.013981
14 10 0.066677 0.051070 0.013981
14 11 0.064250 0.051070 0.013981
14 12 0.059880 0.051070 0.013981
14 13 0.058747 0.051070 0.013981
14 14 0.052112 0.051070 0.013981
14 15 0.049684 0.051070 0.013981
14 16 0.044182 0.051070 0.013981
14 17 0.041592 0.051070 0.013981
14 18 0.037708 0.051070 0.013981
14 19 0.033339 0.051070 0.013981
14 20 0.029293 0.051070 0.013981
15 0 0.047419 0.051070 0.013981
15 1 0.049684 0.051070 0.013981
15 2 0.052112 0.051070 0.013981
15 3 0.054054 0.051070 0.013981
15 4 0.055025 0.051070 0.013981
15 5 0.055996 0.051070 0.013981
15 6 0.058262 0.051070 0.013981
15 7 0.060204 0.051070 0.013981
15 8 0.061660 0.051070 0.013981
15 9 0.062955 0.051070 0.013981
15 10 0.063441 0.051070 0.013981
15 11 0.064897 0.051070 0.013981
15 12 0.057129 0.051070 0.013981
15 13 0.054540 0.051070 0.013981
15 14 0.048390 0.051070 0.013981
15 15 0.044991 0.051070 0.013981
15 16 0.041592 0.051070 0.013981
15 17 0.035766 0.051070 0.013981
15 18 0.031235 0.051070 0.013981
15 19 0.029778 0.051070 0.013981
15 20 0.025409 0.051070 0.013981
16 0 0.053730 0.051070 0.013981
16 1 0.055834 0.051070 0.013981
16 2 0.057776 0.051070 0.013981
16 3 0.058100 0.051070 0.013981
16 4 0.057291 0.051070 0.013981
16 5 0.060366 0.051070 0.013981
16 6 0.061175 0.051070 0.013981
16 7 0.056805 0.051070 0.013981
16 8 0.060366 0.051070 0.013981
16 9 0.062308 0.051070 0.013981
16 10 0.062631 0.051070 0.013981
16 11 0.061013 0.051070 0.013981
16 12 0.056482 0.051070 0.013981
16 13 0.052274 0.051070 0.013981
16 14 0.047257 0.051070 0.013981
16 15 0.040298 0.051070 0.013981
16 16 0.035604 0.051070 0.013981
16 17 0.032691 0.051070 0.013981
16 18 0.029455 0.051070 0.013981
16 19 0.024923 0.051070 0.013981
16 20 0.022010 0.051070 0.013981
17 0 0.056805 0.051070 0.013981
17 1 0.060366 0.051070 0.013981
17 2 0.059557 0.051070 0.013981
17 3 0.060366 0.051070 0.013981
17 4 0.057776 0.051070 0.013981
17 5 0.060689 0.051070 0.013981
17 6 0.055834 0.051070 0.013981
17 7 0.054216 0.051070 0.013981
17 8 0.056967 0.051070 0.013981
17 9 0.057291 0.051070 0.013981
17 10 0.058424 0.051070 0.013981
17 11 0.055834 0.051070 0.013981
17 12 0.049846 0.051070 0.013981
17 13 0.045477 0.051070 0.013981
17 14 0.041592 0.051070 0.013981
17 15 0.035604 0.051070 0.013981
17 16 0.030264 0.051070 0.013981
17 17 0.028969 0.051070 0.013981
17 18 0.024438 0.051070 0.013981
17 19 0.021039 0.051070 0.013981
17 20 0.019259 0.051070 0.013981
18 0 0.061660 0.051070 0.013981
18 1 0.063926 0.051070 0.013981
18 2 0.063926 0.051070 0.013981
18 3 0.062308 0.051070 0.013981
18 4 0.059233 0.051070 0.013981
18 5 0.061013 0.051070 0.013981
18 6 0.056482 0.051070 0.013981
18 7 0.055511 0.051070 0.013981
18 8 0.055025 0.051070 0.013981
18 9 0.056643 0.051070 0.013981
18 10 0.055511 0.051070 0.013981
18 11 0.050817 0.051070 0.013981
18 12 0.045962 0.051070 0.013981
18 13 0.039812 0.051070 0.013981
18 14 0.036899 0.051070 0.013981
18 15 0.031882 0.051070 0.013981
18 16 0.026218 0.051070 0.013981
18 17 0.023305 0.051070 0.013981
18 18 0.021039 0.051070 0.013981
18 19 0.018935 0.051070 0.013981
18 20 0.018611 0.051070 0.013981
19 0 0.061822 0.051070 0.013981
19 1 0.065221 0.051070 0.013981
19 2 0.065383 0.051070 0.013981
19 3 0.062146 0.051070 0.013981
19 4 0.059557 0.051070 0.013981
19 5 0.056805 0.051070 0.013981
19 6 0.053245 0.051070 0.013981
19 7 0.050817 0.051070 0.013981
19 8 0.050655 0.051070 0.013981
19 9 0.052436 0.051070 0.013981
19 10 0.049523 0.051070 0.013981
19 11 0.047742 0.051070 0.013981
19 12 0.044829 0.051070 0.013981
19 13 0.036414 0.051070 0.013981
19 14 0.032206 0.051070 0.013981
19 15 0.027836 0.051070 0.013981
19 16 0.024438 0.051070 0.013981
19 17 0.021201 0.051070 0.013981
19 18 0.019906 0.051070 0.013981
19 19 0.017802 0.051070 0.013981
19 20 0.017155 0.051070 0.013981
20 0 0.061984 0.051070 0.013981
20 1 0.063441 0.051070 0.013981
20 2 0.063279 0.051070 0.013981
20 3 0.062146 0.051070 0.013981
20 4 0.056158 0.051070 0.013981
20 5 0.051950 0.051070 0.013981
20 6 0.047742 0.051070 0.013981
20 7 0.047581 0.051070 0.013981
20 8 0.046609 0.051070 0.013981
20 9 0.046124 0.051070 0.013981
20 10 0.047419 0.051070 0.013981
20 11 0.044020 0.051070 0.013981
20 12 0.040298 0.051070 0.013981
20 13 0.034633 0.051070 0.013981
20 14 0.031397 0.051070 0.013981
20 15 0.026056 0.051070 0.013981
20 16 0.024923 0.051070 0.013981
20 17 0.020715 0.051070 0.013981
20 18 0.018288 0.051070 0.013981
20 19 0.015860 0.051070 0.013981
20 20 0.015051 0.051070 0.013981
