# contact distance = 16.0 Angstroms
# F = 0.4 kJ/mol

# i j contact_probability mean_contact_probability stddev_contact_probability
0 0 0.027377 0.046975 0.016040
0 1 0.027510 0.046975 0.016040
0 2 0.028303 0.046975 0.016040
0 3 0.028303 0.046975 0.016040
0 4 0.027377 0.046975 0.016040
0 5 0.030816 0.046975 0.016040
0 6 0.031477 0.046975 0.016040
0 7 0.031742 0.046975 0.016040
0 8 0.032271 0.046975 0.016040
0 9 0.030552 0.046975 0.016040
0 10 0.033064 0.046975 0.016040
0 11 0.034387 0.046975 0.016040
0 12 0.038355 0.046975 0.016040
0 13 0.041793 0.046975 0.016040
0 14 0.049597 0.046975 0.016040
0 15 0.057135 0.046975 0.016040
0 16 0.064013 0.046975 0.016040
0 17 0.069700 0.046975 0.016040
0 18 0.073403 0.046975 0.016040
0 19 0.073006 0.046975 0.016040
0 20 0.067584 0.046975 0.016040
1 0 0.023674 0.046975 0.016040
1 1 0.025261 0.046975 0.016040
1 2 0.024864 0.046975 0.016040
1 3 0.025922 0.046975 0.016040
1 4 0.027774 0.046975 0.016040
1 5 0.030287 0.046975 0.016040
1 6 0.030552 0.046975 0.016040
1 7 0.031345 0.046975 0.016040
1 8 0.032932 0.046975 0.016040
1 9 0.033461 0.046975 0.016040
1 10 0.035181 0.046975 0.016040
1 11 0.037826 0.046975 0.016040
1 12 0.042587 0.046975 0.016040
1 13 0.051316 0.046975 0.016040
1 14 0.056871 0.046975 0.016040
1 15 0.063616 0.046975 0.016040
1 16 0.069171 0.046975 0.016040
1 17 0.077767 0.046975 0.016040
1 18 0.076709 0.046975 0.016040
1 19 0.076048 0.046975 0.016040
1 20 0.072609 0.046975 0.016040
2 0 0.025790 0.046975 0.016040
2 1 0.022616 0.046975 0.016040
2 2 0.024203 0.046975 0.016040
2 3 0.025922 0.046975 0.016040
2 4 0.028568 0.046975 0.016040
2 5 0.030552 0.046975 0.016040
2 6 0.032932 0.046975 0.016040
2 7 0.032535 0.046975 0.016040
2 8 0.033858 0.046975 0.016040
2 9 0.037693 0.046975 0.016040
2 10 0.039148 0.046975 0.016040
2 11 0.043777 0.046975 0.016040
2 12 0.048803 0.046975 0.016040
2 13 0.054490 0.046975 0.016040
2 14 0.061764 0.046975 0.016040
2 15 0.066922 0.046975 0.016040
2 16 0.072080 0.046975 0.016040
2 17 0.077635 0.046975 0.016040
2 18 0.079222 0.046975 0.016040
2 19 0.076445 0.046975 0.016040
2 20 0.073932 0.046975 0.016040
3 0 0.026584 0.046975 0.016040
3 1 0.024203 0.046975 0.016040
3 2 0.024732 0.046975 0.016040
3 3 0.026981 0.046975 0.016040
3 4 0.028832 0.046975 0.016040
3 5 0.030816 0.046975 0.016040
3 6 0.033593 0.046975 0.016040
3 7 0.032139 0.046975 0.016040
3 8 0.035445 0.046975 0.016040
3 9 0.038222 0.046975 0.016040
3 10 0.042455 0.046975 0.016040
3 11 0.048935 0.046975 0.016040
3 12 0.051580 0.046975 0.016040
3 13 0.059384 0.046975 0.016040
3 14 0.060839 0.046975 0.016040
3 15 0.067716 0.046975 0.016040
3 16 0.072345 0.046975 0.016040
3 17 0.075784 0.046975 0.016040
3 18 0.076313 0.046975 0.016040
3 19 0.073271 0.046975 0.016040
3 20 0.070758 0.046975 0.016040
4 0 0.026055 0.046975 0.016040
4 1 0.026055 0.046975 0.016040
4 2 0.026319 0.046975 0.016040
4 3 0.029493 0.046975 0.016040
4 4 0.031213 0.046975 0.016040
4 5 0.034255 0.046975 0.016040
4 6 0.035313 0.046975 0.016040
4 7 0.035710 0.046975 0.016040
4 8 0.039413 0.046975 0.016040
4 9 0.043645 0.046975 0.016040
4 10 0.044439 0.046975 0.016040
4 11 0.048935 0.046975 0.016040
4 12 0.054622 0.046975 0.016040
4 13 0.059780 0.046975 0.016040
4 14 0.061500 0.046975 0.016040
4 15 0.064674 0.046975 0.016040
4 16 0.068774 0.046975 0.016040
4 17 0.071022 0.046975 0.016040
4 18 0.069832 0.046975 0.016040
4 19 0.066658 0.046975 0.016040
4 20 0.063484 0.046975 0.016040
5 0 0.027510 0.046975 0.016040
5 1 0.026848 0.046975 0.016040
5 2 0.029361 0.046975 0.016040
5 3 0.030816 0.046975 0.016040
5 4 0.032006 0.046975 0.016040
5 5 0.033461 0.046975 0.016040
5 6 0.036371 0.046975 0.016040
5 7 0.040206 0.046975 0.016040
5 8 0.043777 0.046975 0.016040
5 9 0.046290 0.046975 0.016040
5 10 0.047613 0.046975 0.016040
5 11 0.054093 0.046975 0.016040
5 12 0.055151 0.046975 0.016040
5 13 0.059913 0.046975 0.016040
5 14 0.061500 0.046975 0.016040
5 15 0.065203 0.046975 0.016040
5 16 0.066261 0.046975 0.016040
5 17 0.066129 0.046975 0.016040
5 18 0.063616 0.046975 0.016040
5 19 0.058855 0.046975 0.016040
5 20 0.056209 0.046975 0.016040
6 0 0.029361 0.046975 0.016040
6 1 0.029097 0.046975 0.016040
6 2 0.030419 0.046975 0.016040
6 3 0.032403 0.046975 0.016040
6 4 0.035577 0.046975 0.016040
6 5 0.036106 0.046975 0.016040
6 6 0.038222 0.046975 0.016040
6 7 0.042322 0.046975 0.016040
6 8 0.043248 0.046975 0.016040
6 9 0.048671 0.046975 0.016040
6 10 0.052374 0.046975 0.016040
6 11 0.055151 0.046975 0.016040
6 12 0.055945 0.046975 0.016040
6 13 0.058722 0.046975 0.016040
6 14 0.061235 0.046975 0.016040
6 15 0.061368 0.046975 0.016040
6 16 0.059516 0.046975 0.016040
6 17 0.057400 0.046975 0.016040
6 18 0.056077 0.046975 0.016040
6 19 0.051184 0.046975 0.016040
6 20 0.047216 0.046975 0.016040
7 0 0.028171 0.046975 0.016040
7 1 0.028700 0.046975 0.016040
7 2 0.029626 0.046975 0.016040
7 3 0.034784 0.046975 0.016040
7 4 0.037958 0.046975 0.016040
7 5 0.042058 0.046975 0.016040
7 6 0.041793 0.046975 0.016040
7 7 0.044439 0.046975 0.016040
7 8 0.046422 0.046975 0.016040
7 9 0.051051 0.046975 0.016040
7 10 0.051713 0.046975 0.016040
7 11 0.056077 0.046975 0.016040
7 12 0.057003 0.046975 0.016040
7 13 0.059119 0.046975 0.016040
7 14 0.059119 0.046975 0.016040
7 15 0.058590 0.046975 0.016040
7 16 0.052374 0.046975 0.016040
7 17 0.051977 0.046975 0.016040
7 18 0.051448 0.046975 0.016040
7 19 0.046026 0.046975 0.016040
7 20 0.040339 0.046975 0.016040
8 0 0.029229 0.046975 0.016040
8 1 0.029626 0.046975 0.016040
8 2 0.032271 0.046975 0.016040
8 3 0.036371 0.046975 0.016040
8 4 0.039942 0.046975 0.016040
8 5 0.046026 0.046975 0.016040
8 6 0.046026 0.046975 0.016040
8 7 0.048406 0.046975 0.016040
8 8 0.053035 0.046975 0.016040
8 9 0.053697 0.046975 0.016040
8 10 0.054093 0.046975 0.016040
8 11 0.057664 0.046975 0.016040
8 12 0.058061 0.046975 0.016040
8 13 0.058193 0.046975 0.016040
8 14 0.056209 0.046975 0.016040
8 15 0.054755 0.046975 0.016040
8 16 0.050126 0.046975 0.016040
8 17 0.047613 0.046975 0.016040
8 18 0.044042 0.046975 0.016040
8 19 0.039677 0.046975 0.016040
8 20 0.036768 0.046975 0.016040
9 0 0.030287 0.046975 0.016040
9 1 0.033726 0.046975 0.016040
9 2 0.035048 0.046975 0.016040
9 3 0.039413 0.046975 0.016040
9 4 0.043116 0.046975 0.016040
9 5 0.047084 0.046975 0.016040
9 6 0.048142 0.046975 0.016040
9 7 0.052242 0.046975 0.016040
9 8 0.053697 0.046975 0.016040
9 9 0.056077 0.046975 0.016040
9 10 0.057135 0.046975 0.016040
9 11 0.058590 0.046975 0.016040
9 12 0.058590 0.046975 0.016040
9 13 0.056077 0.046975 0.016040
9 14 0.056209 0.046975 0.016040
9 15 0.051051 0.046975 0.016040
9 16 0.049332 0.046975 0.016040
9 17 0.045232 0.046975 0.016040
9 18 0.041397 0.046975 0.016040
9 19 0.035842 0.046975 0.016040
9 20 0.034255 0.046975 0.016040
10 0 0.033197 0.046975 0.016040
10 1 0.035974 0.046975 0.016040
10 2 0.038355 0.046975 0.016040
10 3 0.043248 0.046975 0.016040
10 4 0.048803 0.046975 0.016040
10 5 0.050390 0.046975 0.016040
10 6 0.050787 0.046975 0.016040
10 7 0.053432 0.046975 0.016040
10 8 0.056739 0.046975 0.016040
10 9 0.059251 0.046975 0.016040
10 10 0.058722 0.046975 0.016040
10 11 0.059384 0.046975 0.016040
10 12 0.057268 0.046975 0.016040
10 13 0.054887 0.046975 0.016040
10 14 0.053697 0.046975 0.016040
10 15 0.049200 0.046975 0.016040
10 16 0.046422 0.046975 0.016040
10 17 0.044703 0.046975 0.016040
10 18 0.039545 0.046975 0.016040
10 19 0.034916 0.046975 0.016040
10 20 0.034255 0.046975 0.016040
11 0 0.035842 0.046975 0.016040
11 1 0.039545 0.046975 0.016040
11 2 0.042851 0.046975 0.016040
11 3 0.048803 0.046975 0.016040
11 4 0.051448 0.046975 0.016040
11 5 0.052903 0.046975 0.016040
11 6 0.053300 0.046975 0.016040
11 7 0.057532 0.046975 0.016040
11 8 0.058855 0.046975 0.016040
11 9 0.061632 0.046975 0.016040
11 10 0.059251 0.046975 0.016040
11 11 0.058855 0.046975 0.016040
11 12 0.056342 0.046975 0.016040
11 13 0.055284 0.046975 0.016040
11 14 0.053564 0.046975 0.016040
11 15 0.048010 0.046975 0.016040
11 16 0.043513 0.046975 0.016040
11 17 0.041000 0.046975 0.016040
11 18 0.037429 0.046975 0.016040
11 19 0.034387 0.046975 0.016040
11 20 0.031742 0.046975 0.016040
12 0 0.039281 0.046975 0.016040
12 1 0.043116 0.046975 0.016040
12 2 0.048406 0.046975 0.016040
12 3 0.055019 0.046975 0.016040
12 4 0.056342 0.046975 0.016040
12 5 0.057929 0.046975 0.016040
12 6 0.058061 0.046975 0.016040
12 7 0.059648 0.046975 0.016040
12 8 0.060177 0.046975 0.016040
12 9 0.060442 0.046975 0.016040
12 10 0.058193 0.046975 0.016040
12 11 0.058326 0.046975 0.016040
12 12 0.058061 0.046975 0.016040
12 13 0.054490 0.046975 0.016040
12 14 0.051845 0.046975 0.016040
12 15 0.047084 0.046975 0.016040
12 16 0.042984 0.046975 0.016040
12 17 0.037958 0.046975 0.016040
12 18 0.034122 0.046975 0.016040
12 19 0.033726 0.046975 0.016040
12 20 0.031610 0.046975 0.016040
13 0 0.042455 0.046975 0.016040
13 1 0.048803 0.046975 0.016040
13 2 0.056739 0.046975 0.016040
13 3 0.060574 0.046975 0.016040
13 4 0.061368 0.046975 0.016040
13 5 0.062558 0.046975 0.016040
13 6 0.060574 0.046975 0.016040
13 7 0.060177 0.046975 0.016040
13 8 0.059251 0.046975 0.016040
13 9 0.059384 0.046975 0.016040
13 10 0.058590 0.046975 0.016040
13 11 0.057532 0.046975 0.016040
13 12 0.055151 0.046975 0.016040
13 13 0.052903 0.046975 0.016040
13 14 0.049993 0.046975 0.016040
13 15 0.043513 0.046975 0.016040
13 16 0.039942 0.046975 0.016040
13 17 0.034652 0.046975 0.016040
13 18 0.031874 0.046975 0.016040
13 19 0.030022 0.046975 0.016040
13 20 0.027510 0.046975 0.016040
14 0 0.052506 0.046975 0.016040
14 1 0.058193 0.046975 0.016040
14 2 0.062690 0.046975 0.016040
14 3 0.067584 0.046975 0.016040
14 4 0.066261 0.046975 0.016040
14 5 0.065468 0.046975 0.016040
14 6 0.063484 0.046975 0.016040
14 7 0.061764 0.046975 0.016040
14 8 0.060177 0.046975 0.016040
14 9 0.058722 0.046975 0.016040
14 10 0.057268 0.046975 0.016040
14 11 0.055416 0.046975 0.016040
14 12 0.051580 0.046975 0.016040
14 13 0.048010 0.046975 0.016040
14 14 0.044968 0.046975 0.016040
14 15 0.041132 0.046975 0.016040
14 16 0.036900 0.046975 0.016040
14 17 0.034122 0.046975 0.016040
14 18 0.029758 0.046975 0.016040
14 19 0.024335 0.046975 0.016040
14 20 0.024864 0.046975 0.016040
15 0 0.062029 0.046975 0.016040
15 1 0.065600 0.046975 0.016040
15 2 0.071551 0.046975 0.016040
15 3 0.072742 0.046975 0.016040
15 4 0.071155 0.046975 0.016040
15 5 0.067055 0.046975 0.016040
15 6 0.064409 0.046975 0.016040
15 7 0.059251 0.046975 0.016040
15 8 0.056077 0.046975 0.016040
15 9 0.055680 0.046975 0.016040
15 10 0.054755 0.046975 0.016040
15 11 0.050655 0.046975 0.016040
15 12 0.048539 0.046975 0.016040
15 13 0.044439 0.046975 0.016040
15 14 0.042851 0.046975 0.016040
15 15 0.038222 0.046975 0.016040
15 16 0.032139 0.046975 0.016040
15 17 0.027642 0.046975 0.016040
15 18 0.027113 0.046975 0.016040
15 19 0.022881 0.046975 0.016040
15 20 0.021955 0.046975 0.016040
16 0 0.067848 0.046975 0.016040
16 1 0.073800 0.046975 0.016040
16 2 0.078297 0.046975 0.016040
16 3 0.079619 0.046975 0.016040
16 4 0.074858 0.046975 0.016040
16 5 0.068113 0.046975 0.016040
16 6 0.062690 0.046975 0.016040
16 7 0.057135 0.046975 0.016040
16 8 0.052374 0.046975 0.016040
16 9 0.051448 0.046975 0.016040
16 10 0.048803 0.046975 0.016040
16 11 0.044042 0.046975 0.016040
16 12 0.041793 0.046975 0.016040
16 13 0.039810 0.046975 0.016040
16 14 0.035974 0.046975 0.016040
16 15 0.033064 0.046975 0.016040
16 16 0.028039 0.046975 0.016040
16 17 0.024203 0.046975 0.016040
16 18 0.021029 0.046975 0.016040
16 19 0.019310 0.046975 0.016040
16 20 0.020368 0.046975 0.016040
17 0 0.071287 0.046975 0.016040
17 1 0.078958 0.046975 0.016040
17 2 0.083455 0.046975 0.016040
17 3 0.079619 0.046975 0.016040
17 4 0.075255 0.046975 0.016040
17 5 0.067848 0.046975 0.016040
17 6 0.057929 0.046975 0.016040
17 7 0.051448 0.046975 0.016040
17 8 0.049597 0.046975 0.016040
17 9 0.047084 0.046975 0.016040
17 10 0.043910 0.046975 0.016040
17 11 0.038619 0.046975 0.016040
17 12 0.037561 0.046975 0.016040
17 13 0.034255 0.046975 0.016040
17 14 0.032800 0.046975 0.016040
17 15 0.027906 0.046975 0.016040
17 16 0.025658 0.046975 0.016040
17 17 0.020897 0.046975 0.016040
17 18 0.019177 0.046975 0.016040
17 19 0.018648 0.046975 0.016040
17 20 0.019442 0.046975 0.016040
18 0 0.075916 0.046975 0.016040
18 1 0.081074 0.046975 0.016040
18 2 0.083587 0.046975 0.016040
18 3 0.081471 0.046975 0.016040
18 4 0.075387 0.046975 0.016040
18 5 0.067584 0.046975 0.016040
18 6 0.056606 0.046975 0.016040
18 7 0.049729 0.046975 0.016040
18 8 0.044042 0.046975 0.016040
18 9 0.042587 0.046975 0.016040
18 10 0.040074 0.046975 0.016040
18 11 0.036239 0.046975 0.016040
18 12 0.033329 0.046975 0.016040
18 13 0.033858 0.046975 0.016040
18 14 0.029890 0.046975 0.016040
18 15 0.026319 0.046975 0.016040
18 16 0.024071 0.046975 0.016040
18 17 0.020897 0.046975 0.016040
18 18 0.019045 0.046975 0.016040
18 19 0.016797 0.046975 0.016040
18 20 0.018648 0.046975 0.016040
19 0 0.073403 0.046975 0.016040
19 1 0.079222 0.046975 0.016040
19 2 0.080280 0.046975 0.016040
19 3 0.076445 0.046975 0.016040
19 4 0.071816 0.046975 0.016040
19 5 0.064674 0.046975 0.016040
19 6 0.052374 0.046975 0.016040
19 7 0.044968 0.046975 0.016040
19 8 0.039545 0.046975 0.016040
19 9 0.036768 0.046975 0.016040
19 10 0.036900 0.046975 0.016040
19 11 0.033329 0.046975 0.016040
19 12 0.032006 0.046975 0.016040
19 13 0.030684 0.046975 0.016040
19 14 0.027906 0.046975 0.016040
19 15 0.025922 0.046975 0.016040
19 16 0.021823 0.046975 0.016040
19 17 0.020103 0.046975 0.016040
19 18 0.020764 0.046975 0.016040
19 19 0.017326 0.046975 0.016040
19 20 0.018648 0.046975 0.016040
20 0 0.071287 0.046975 0.016040
20 1 0.075784 0.046975 0.016040
20 2 0.075916 0.046975 0.016040
20 3 0.070097 0.046975 0.016040
20 4 0.066261 0.046975 0.016040
20 5 0.057003 0.046975 0.016040
20 6 0.046951 0.046975 0.016040
20 7 0.041397 0.046975 0.016040
20 8 0.037297 0.046975 0.016040
20 9 0.035710 0.046975 0.016040
20 10 0.034255 0.046975 0.016040
20 11 0.033197 0.046975 0.016040
20 12 0.031874 0.046975 0.016040
20 13 0.030155 0.046975 0.016040
20 14 0.028303 0.046975 0.016040
20 15 0.025526 0.046975 0.016040
20 16 0.023674 0.046975 0.016040
20 17 0.020500 0.046975 0.016040
20 18 0.020368 0.046975 0.016040
20 19 0.017590 0.046975 0.016040
20 20 0.018913 0.046975 0.016040
