# contact distance = 16.0 Angstroms
# F = 0.4 kJ/mol

# i j contact_probability mean_contact_probability stddev_contact_probability
0 0 0.032576 0.041395 0.013846
0 1 0.032187 0.041395 0.013846
0 2 0.033355 0.041395 0.013846
0 3 0.029332 0.041395 0.013846
0 4 0.028553 0.041395 0.013846
0 5 0.029721 0.041395 0.013846
0 6 0.030110 0.041395 0.013846
0 7 0.028942 0.041395 0.013846
0 8 0.028683 0.041395 0.013846
0 9 0.030629 0.041395 0.013846
0 10 0.034783 0.041395 0.013846
0 11 0.042440 0.041395 0.013846
0 12 0.046074 0.041395 0.013846
0 13 0.050097 0.041395 0.013846
0 14 0.055678 0.041395 0.013846
0 15 0.060740 0.041395 0.013846
0 16 0.060480 0.041395 0.013846
0 17 0.062557 0.041395 0.013846
0 18 0.062427 0.041395 0.013846
0 19 0.057365 0.041395 0.013846
0 20 0.052174 0.041395 0.013846
1 0 0.032576 0.041395 0.013846
1 1 0.031278 0.041395 0.013846
1 2 0.031278 0.041395 0.013846
1 3 0.030759 0.041395 0.013846
1 4 0.031149 0.041395 0.013846
1 5 0.030759 0.041395 0.013846
1 6 0.030759 0.041395 0.013846
1 7 0.031927 0.041395 0.013846
1 8 0.032576 0.041395 0.013846
1 9 0.034393 0.041395 0.013846
1 10 0.039585 0.041395 0.013846
1 11 0.047372 0.041395 0.013846
1 12 0.050876 0.041395 0.013846
1 13 0.054640 0.041395 0.013846
1 14 0.060870 0.041395 0.013846
1 15 0.063076 0.041395 0.013846
1 16 0.064114 0.041395 0.013846
1 17 0.066061 0.041395 0.013846
1 18 0.064374 0.041395 0.013846
1 19 0.060999 0.041395 0.013846
1 20 0.055548 0.041395 0.013846
2 0 0.032966 0.041395 0.013846
2 1 0.033744 0.041395 0.013846
2 2 0.032317 0.041395 0.013846
2 3 0.030889 0.041395 0.013846
2 4 0.031668 0.041395 0.013846
2 5 0.033225 0.041395 0.013846
2 6 0.031668 0.041395 0.013846
2 7 0.033744 0.041395 0.013846
2 8 0.034783 0.041395 0.013846
2 9 0.038027 0.041395 0.013846
2 10 0.041921 0.041395 0.013846
2 11 0.049708 0.041395 0.013846
2 12 0.055289 0.041395 0.013846
2 13 0.059572 0.041395 0.013846
2 14 0.063855 0.041395 0.013846
2 15 0.067748 0.041395 0.013846
2 16 0.067878 0.041395 0.013846
2 17 0.066840 0.041395 0.013846
2 18 0.065672 0.041395 0.013846
2 19 0.060610 0.041395 0.013846
2 20 0.056197 0.041395 0.013846
3 0 0.032057 0.041395 0.013846
3 1 0.032317 0.041395 0.013846
3 2 0.031668 0.041395 0.013846
3 3 0.031408 0.041395 0.013846
3 4 0.032446 0.041395 0.013846
3 5 0.033095 0.041395 0.013846
3 6 0.033615 0.041395 0.013846
3 7 0.034004 0.041395 0.013846
3 8 0.036470 0.041395 0.013846
3 9 0.037897 0.041395 0.013846
3 10 0.043219 0.041395 0.013846
3 11 0.049968 0.041395 0.013846
3 12 0.055548 0.041395 0.013846
3 13 0.062297 0.041395 0.013846
3 14 0.066710 0.041395 0.013846
3 15 0.069046 0.041395 0.013846
3 16 0.068138 0.041395 0.013846
3 17 0.069046 0.041395 0.013846
3 18 0.065412 0.041395 0.013846
3 19 0.060999 0.041395 0.013846
3 20 0.056846 0.041395 0.013846
4 0 0.032317 0.041395 0.013846
4 1 0.031538 0.041395 0.013846
4 2 0.031149 0.041395 0.013846
4 3 0.032317 0.041395 0.013846
4 4 0.033225 0.041395 0.013846
4 5 0.033615 0.041395 0.013846
4 6 0.034912 0.041395 0.013846
4 7 0.036080 0.041395 0.013846
4 8 0.038806 0.041395 0.013846
4 9 0.039325 0.041395 0.013846
4 10 0.042051 0.041395 0.013846
4 11 0.049189 0.041395 0.013846
4 12 0.055548 0.041395 0.013846
4 13 0.061129 0.041395 0.013846
4 14 0.063725 0.041395 0.013846
4 15 0.066580 0.041395 0.013846
4 16 0.064893 0.041395 0.013846
4 17 0.065412 0.041395 0.013846
4 18 0.062427 0.041395 0.013846
4 19 0.055938 0.041395 0.013846
4 20 0.049319 0.041395 0.013846
5 0 0.031149 0.041395 0.013846
5 1 0.032317 0.041395 0.013846
5 2 0.030110 0.041395 0.013846
5 3 0.034393 0.041395 0.013846
5 4 0.036080 0.041395 0.013846
5 5 0.036080 0.041395 0.013846
5 6 0.035561 0.041395 0.013846
5 7 0.036210 0.041395 0.013846
5 8 0.038806 0.041395 0.013846
5 9 0.039066 0.041395 0.013846
5 10 0.044127 0.041395 0.013846
5 11 0.049578 0.041395 0.013846
5 12 0.054250 0.041395 0.013846
5 13 0.059831 0.041395 0.013846
5 14 0.062038 0.041395 0.013846
5 15 0.063335 0.041395 0.013846
5 16 0.062946 0.041395 0.013846
5 17 0.060480 0.041395 0.013846
5 18 0.056976 0.041395 0.013846
5 19 0.052563 0.041395 0.013846
5 20 0.046204 0.041395 0.013846
6 0 0.029721 0.041395 0.013846
6 1 0.031278 0.041395 0.013846
6 2 0.031149 0.041395 0.013846
6 3 0.032576 0.041395 0.013846
6 4 0.036470 0.041395 0.013846
6 5 0.035432 0.041395 0.013846
6 6 0.035691 0.041395 0.013846
6 7 0.036859 0.041395 0.013846
6 8 0.036989 0.041395 0.013846
6 9 0.039974 0.041395 0.013846
6 10 0.043478 0.041395 0.013846
6 11 0.045814 0.041395 0.013846
6 12 0.048670 0.041395 0.013846
6 13 0.053342 0.041395 0.013846
6 14 0.055029 0.041395 0.013846
6 15 0.057625 0.041395 0.013846
6 16 0.056327 0.041395 0.013846
6 17 0.054380 0.041395 0.013846
6 18 0.050876 0.041395 0.013846
6 19 0.044387 0.041395 0.013846
6 20 0.042051 0.041395 0.013846
7 0 0.029851 0.041395 0.013846
7 1 0.030500 0.041395 0.013846
7 2 0.031408 0.041395 0.013846
7 3 0.034004 0.041395 0.013846
7 4 0.036600 0.041395 0.013846
7 5 0.037638 0.041395 0.013846
7 6 0.036210 0.041395 0.013846
7 7 0.037249 0.041395 0.013846
7 8 0.037119 0.041395 0.013846
7 9 0.037768 0.041395 0.013846
7 10 0.040363 0.041395 0.013846
7 11 0.042570 0.041395 0.013846
7 12 0.044776 0.041395 0.013846
7 13 0.045165 0.041395 0.013846
7 14 0.047891 0.041395 0.013846
7 15 0.047112 0.041395 0.013846
7 16 0.046204 0.041395 0.013846
7 17 0.044257 0.041395 0.013846
7 18 0.042440 0.041395 0.013846
7 19 0.038157 0.041395 0.013846
7 20 0.034783 0.041395 0.013846
8 0 0.032057 0.041395 0.013846
8 1 0.035172 0.041395 0.013846
8 2 0.035691 0.041395 0.013846
8 3 0.037508 0.041395 0.013846
8 4 0.039066 0.041395 0.013846
8 5 0.039325 0.041395 0.013846
8 6 0.039714 0.041395 0.013846
8 7 0.038157 0.041395 0.013846
8 8 0.036989 0.041395 0.013846
8 9 0.036859 0.041395 0.013846
8 10 0.036600 0.041395 0.013846
8 11 0.038157 0.041395 0.013846
8 12 0.040623 0.041395 0.013846
8 13 0.041661 0.041395 0.013846
8 14 0.041921 0.041395 0.013846
8 15 0.040234 0.041395 0.013846
8 16 0.039844 0.041395 0.013846
8 17 0.036080 0.041395 0.013846
8 18 0.034004 0.041395 0.013846
8 19 0.032576 0.041395 0.013846
8 20 0.029332 0.041395 0.013846
9 0 0.035042 0.041395 0.013846
9 1 0.040363 0.041395 0.013846
9 2 0.041142 0.041395 0.013846
9 3 0.043089 0.041395 0.013846
9 4 0.042700 0.041395 0.013846
9 5 0.041661 0.041395 0.013846
9 6 0.042829 0.041395 0.013846
9 7 0.040234 0.041395 0.013846
9 8 0.037378 0.041395 0.013846
9 9 0.035821 0.041395 0.013846
9 10 0.036210 0.041395 0.013846
9 11 0.035691 0.041395 0.013846
9 12 0.034523 0.041395 0.013846
9 13 0.035691 0.041395 0.013846
9 14 0.036989 0.041395 0.013846
9 15 0.037378 0.041395 0.013846
9 16 0.036080 0.041395 0.013846
9 17 0.032836 0.041395 0.013846
9 18 0.028553 0.041395 0.013846
9 19 0.028034 0.041395 0.013846
9 20 0.028423 0.041395 0.013846
10 0 0.042959 0.041395 0.013846
10 1 0.044906 0.041395 0.013846
10 2 0.047631 0.041395 0.013846
10 3 0.047891 0.041395 0.013846
10 4 0.048280 0.041395 0.013846
10 5 0.047112 0.041395 0.013846
10 6 0.045814 0.041395 0.013846
10 7 0.042310 0.041395 0.013846
10 8 0.037249 0.041395 0.013846
10 9 0.035432 0.041395 0.013846
10 10 0.035561 0.041395 0.013846
10 11 0.033744 0.041395 0.013846
10 12 0.032057 0.041395 0.013846
10 13 0.031668 0.041395 0.013846
10 14 0.033095 0.041395 0.013846
10 15 0.034134 0.041395 0.013846
10 16 0.033225 0.041395 0.013846
10 17 0.032446 0.041395 0.013846
10 18 0.028553 0.041395 0.013846
10 19 0.026866 0.041395 0.013846
10 20 0.027255 0.041395 0.013846
11 0 0.050357 0.041395 0.013846
11 1 0.050227 0.041395 0.013846
11 2 0.051655 0.041395 0.013846
11 3 0.054250 0.041395 0.013846
11 4 0.052953 0.041395 0.013846
11 5 0.051265 0.041395 0.013846
11 6 0.047372 0.041395 0.013846
11 7 0.043478 0.041395 0.013846
11 8 0.039714 0.041395 0.013846
11 9 0.035821 0.041395 0.013846
11 10 0.032836 0.041395 0.013846
11 11 0.031408 0.041395 0.013846
11 12 0.032966 0.041395 0.013846
11 13 0.033874 0.041395 0.013846
11 14 0.031927 0.041395 0.013846
11 15 0.032446 0.041395 0.013846
11 16 0.032187 0.041395 0.013846
11 17 0.029332 0.041395 0.013846
11 18 0.025957 0.041395 0.013846
11 19 0.025568 0.041395 0.013846
11 20 0.026217 0.041395 0.013846
12 0 0.055159 0.041395 0.013846
12 1 0.056846 0.041395 0.013846
12 2 0.058923 0.041395 0.013846
12 3 0.061648 0.041395 0.013846
12 4 0.059572 0.041395 0.013846
12 5 0.056327 0.041395 0.013846
12 6 0.052433 0.041395 0.013846
12 7 0.046463 0.041395 0.013846
12 8 0.038676 0.041395 0.013846
12 9 0.037508 0.041395 0.013846
12 10 0.035302 0.041395 0.013846
12 11 0.033095 0.041395 0.013846
12 12 0.033225 0.041395 0.013846
12 13 0.032576 0.041395 0.013846
12 14 0.032576 0.041395 0.013846
12 15 0.032966 0.041395 0.013846
12 16 0.032317 0.041395 0.013846
12 17 0.029851 0.041395 0.013846
12 18 0.027125 0.041395 0.013846
12 19 0.025698 0.041395 0.013846
12 20 0.025957 0.041395 0.013846
13 0 0.060221 0.041395 0.013846
13 1 0.062557 0.041395 0.013846
13 2 0.065931 0.041395 0.013846
13 3 0.067748 0.041395 0.013846
13 4 0.064763 0.041395 0.013846
13 5 0.062167 0.041395 0.013846
13 6 0.055808 0.041395 0.013846
13 7 0.049838 0.041395 0.013846
13 8 0.041661 0.041395 0.013846
13 9 0.036600 0.041395 0.013846
13 10 0.034783 0.041395 0.013846
13 11 0.032966 0.041395 0.013846
13 12 0.034523 0.041395 0.013846
13 13 0.033615 0.041395 0.013846
13 14 0.032706 0.041395 0.013846
13 15 0.034263 0.041395 0.013846
13 16 0.031149 0.041395 0.013846
13 17 0.031408 0.041395 0.013846
13 18 0.028812 0.041395 0.013846
13 19 0.028553 0.041395 0.013846
13 20 0.026087 0.041395 0.013846
14 0 0.064374 0.041395 0.013846
14 1 0.067099 0.041395 0.013846
14 2 0.069565 0.041395 0.013846
14 3 0.069046 0.041395 0.013846
14 4 0.068267 0.041395 0.013846
14 5 0.064114 0.041395 0.013846
14 6 0.055678 0.041395 0.013846
14 7 0.047502 0.041395 0.013846
14 8 0.041012 0.041395 0.013846
14 9 0.036600 0.041395 0.013846
14 10 0.034134 0.041395 0.013846
14 11 0.033744 0.041395 0.013846
14 12 0.032446 0.041395 0.013846
14 13 0.031668 0.041395 0.013846
14 14 0.030889 0.041395 0.013846
14 15 0.030110 0.041395 0.013846
14 16 0.027904 0.041395 0.013846
14 17 0.026995 0.041395 0.013846
14 18 0.028683 0.041395 0.013846
14 19 0.027904 0.041395 0.013846
14 20 0.027904 0.041395 0.013846
15 0 0.066970 0.041395 0.013846
15 1 0.069955 0.041395 0.013846
15 2 0.071382 0.041395 0.013846
15 3 0.072031 0.041395 0.013846
15 4 0.068527 0.041395 0.013846
15 5 0.064633 0.041395 0.013846
15 6 0.056067 0.041395 0.013846
15 7 0.045685 0.041395 0.013846
15 8 0.038546 0.041395 0.013846
15 9 0.033355 0.041395 0.013846
15 10 0.031149 0.041395 0.013846
15 11 0.032446 0.041395 0.013846
15 12 0.032057 0.041395 0.013846
15 13 0.031927 0.041395 0.013846
15 14 0.030500 0.041395 0.013846
15 15 0.029202 0.041395 0.013846
15 16 0.027774 0.041395 0.013846
15 17 0.026476 0.041395 0.013846
15 18 0.028553 0.041395 0.013846
15 19 0.028553 0.041395 0.013846
15 20 0.027385 0.041395 0.013846
16 0 0.068267 0.041395 0.013846
16 1 0.072421 0.041395 0.013846
16 2 0.073718 0.041395 0.013846
16 3 0.072291 0.041395 0.013846
16 4 0.068527 0.041395 0.013846
16 5 0.062167 0.041395 0.013846
16 6 0.053602 0.041395 0.013846
16 7 0.042310 0.041395 0.013846
16 8 0.036470 0.041395 0.013846
16 9 0.031149 0.041395 0.013846
16 10 0.030370 0.041395 0.013846
16 11 0.030500 0.041395 0.013846
16 12 0.029461 0.041395 0.013846
16 13 0.031538 0.041395 0.013846
16 14 0.028034 0.041395 0.013846
16 15 0.026476 0.041395 0.013846
16 16 0.026217 0.041395 0.013846
16 17 0.024140 0.041395 0.013846
16 18 0.026606 0.041395 0.013846
16 19 0.029202 0.041395 0.013846
16 20 0.027904 0.041395 0.013846
17 0 0.066061 0.041395 0.013846
17 1 0.070344 0.041395 0.013846
17 2 0.071123 0.041395 0.013846
17 3 0.071642 0.041395 0.013846
17 4 0.066970 0.041395 0.013846
17 5 0.061778 0.041395 0.013846
17 6 0.051525 0.041395 0.013846
17 7 0.042310 0.041395 0.013846
17 8 0.035042 0.041395 0.013846
17 9 0.031019 0.041395 0.013846
17 10 0.027255 0.041395 0.013846
17 11 0.027644 0.041395 0.013846
17 12 0.027774 0.041395 0.013846
17 13 0.029072 0.041395 0.013846
17 14 0.026736 0.041395 0.013846
17 15 0.024530 0.041395 0.013846
17 16 0.023491 0.041395 0.013846
17 17 0.023361 0.041395 0.013846
17 18 0.026736 0.041395 0.013846
17 19 0.026736 0.041395 0.013846
17 20 0.024659 0.041395 0.013846
18 0 0.063855 0.041395 0.013846
18 1 0.067099 0.041395 0.013846
18 2 0.067748 0.041395 0.013846
18 3 0.067359 0.041395 0.013846
18 4 0.063725 0.041395 0.013846
18 5 0.058014 0.041395 0.013846
18 6 0.048929 0.041395 0.013846
18 7 0.038936 0.041395 0.013846
18 8 0.032446 0.041395 0.013846
18 9 0.029332 0.041395 0.013846
18 10 0.027255 0.041395 0.013846
18 11 0.026995 0.041395 0.013846
18 12 0.024919 0.041395 0.013846
18 13 0.025957 0.041395 0.013846
18 14 0.025049 0.041395 0.013846
18 15 0.023102 0.041395 0.013846
18 16 0.022193 0.041395 0.013846
18 17 0.022064 0.041395 0.013846
18 18 0.023361 0.041395 0.013846
18 19 0.025438 0.041395 0.013846
18 20 0.024659 0.041395 0.013846
19 0 0.058533 0.041395 0.013846
19 1 0.062427 0.041395 0.013846
19 2 0.064504 0.041395 0.013846
19 3 0.062816 0.041395 0.013846
19 4 0.057495 0.041395 0.013846
19 5 0.053861 0.041395 0.013846
19 6 0.042570 0.041395 0.013846
19 7 0.035302 0.041395 0.013846
19 8 0.031149 0.041395 0.013846
19 9 0.028293 0.041395 0.013846
19 10 0.025178 0.041395 0.013846
19 11 0.024919 0.041395 0.013846
19 12 0.024530 0.041395 0.013846
19 13 0.025698 0.041395 0.013846
19 14 0.024140 0.041395 0.013846
19 15 0.023621 0.041395 0.013846
19 16 0.022713 0.041395 0.013846
19 17 0.020376 0.041395 0.013846
19 18 0.022193 0.041395 0.013846
19 19 0.024659 0.041395 0.013846
19 20 0.024530 0.041395 0.013846
20 0 0.050357 0.041395 0.013846
20 1 0.054510 0.041395 0.013846
20 2 0.055029 0.041395 0.013846
20 3 0.053342 0.041395 0.013846
20 4 0.049578 0.041395 0.013846
20 5 0.045425 0.041395 0.013846
20 6 0.038546 0.041395 0.013846
20 7 0.032057 0.041395 0.013846
20 8 0.030370 0.041395 0.013846
20 9 0.026217 0.041395 0.013846
20 10 0.026087 0.041395 0.013846
20 11 0.025049 0.041395 0.013846
20 12 0.024659 0.041395 0.013846
20 13 0.024140 0.041395 0.013846
20 14 0.023361 0.041395 0.013846
20 15 0.022323 0.041395 0.013846
20 16 0.020766 0.041395 0.013846
20 17 0.021804 0.041395 0.013846
20 18 0.021415 0.041395 0.013846
20 19 0.022972 0.041395 0.013846
20 20 0.024400 0.041395 0.013846
