# contact distance = 16.0 Angstroms
# F = 0.4 kJ/mol

# i j contact_probability mean_contact_probability stddev_contact_probability
0 0 0.026749 0.049157 0.020346
0 1 0.024778 0.049157 0.020346
0 2 0.025623 0.049157 0.020346
0 3 0.022103 0.049157 0.020346
0 4 0.020414 0.049157 0.020346
0 5 0.020977 0.049157 0.020346
0 6 0.021963 0.049157 0.020346
0 7 0.022103 0.049157 0.020346
0 8 0.021681 0.049157 0.020346
0 9 0.023652 0.049157 0.020346
0 10 0.026890 0.049157 0.020346
0 11 0.030410 0.049157 0.020346
0 12 0.034915 0.049157 0.020346
0 13 0.038153 0.049157 0.020346
0 14 0.045896 0.049157 0.020346
0 15 0.053076 0.049157 0.020346
0 16 0.057863 0.049157 0.020346
0 17 0.063917 0.049157 0.020346
0 18 0.068281 0.049157 0.020346
0 19 0.067296 0.049157 0.020346
0 20 0.063635 0.049157 0.020346
1 0 0.025341 0.049157 0.020346
1 1 0.025060 0.049157 0.020346
1 2 0.024637 0.049157 0.020346
1 3 0.020273 0.049157 0.020346
1 4 0.018865 0.049157 0.020346
1 5 0.018443 0.049157 0.020346
1 6 0.021540 0.049157 0.020346
1 7 0.021259 0.049157 0.020346
1 8 0.022807 0.049157 0.020346
1 9 0.024637 0.049157 0.020346
1 10 0.027031 0.049157 0.020346
1 11 0.031395 0.049157 0.020346
1 12 0.035056 0.049157 0.020346
1 13 0.041109 0.049157 0.020346
1 14 0.050120 0.049157 0.020346
1 15 0.056455 0.049157 0.020346
1 16 0.065465 0.049157 0.020346
1 17 0.071801 0.049157 0.020346
1 18 0.075320 0.049157 0.020346
1 19 0.075180 0.049157 0.020346
1 20 0.070674 0.049157 0.020346
2 0 0.027594 0.049157 0.020346
2 1 0.026186 0.049157 0.020346
2 2 0.024074 0.049157 0.020346
2 3 0.020695 0.049157 0.020346
2 4 0.019428 0.049157 0.020346
2 5 0.021118 0.049157 0.020346
2 6 0.019710 0.049157 0.020346
2 7 0.022103 0.049157 0.020346
2 8 0.021681 0.049157 0.020346
2 9 0.024778 0.049157 0.020346
2 10 0.025341 0.049157 0.020346
2 11 0.031818 0.049157 0.020346
2 12 0.036886 0.049157 0.020346
2 13 0.044911 0.049157 0.020346
2 14 0.054625 0.049157 0.020346
2 15 0.060819 0.049157 0.020346
2 16 0.069267 0.049157 0.020346
2 17 0.080529 0.049157 0.020346
2 18 0.084753 0.049157 0.020346
2 19 0.081233 0.049157 0.020346
2 20 0.076447 0.049157 0.020346
3 0 0.025764 0.049157 0.020346
3 1 0.025060 0.049157 0.020346
3 2 0.021681 0.049157 0.020346
3 3 0.018302 0.049157 0.020346
3 4 0.018443 0.049157 0.020346
3 5 0.018724 0.049157 0.020346
3 6 0.018443 0.049157 0.020346
3 7 0.021118 0.049157 0.020346
3 8 0.023089 0.049157 0.020346
3 9 0.024356 0.049157 0.020346
3 10 0.026749 0.049157 0.020346
3 11 0.031395 0.049157 0.020346
3 12 0.038857 0.049157 0.020346
3 13 0.047163 0.049157 0.020346
3 14 0.059552 0.049157 0.020346
3 15 0.066873 0.049157 0.020346
3 16 0.077291 0.049157 0.020346
3 17 0.084331 0.049157 0.020346
3 18 0.089540 0.049157 0.020346
3 19 0.087287 0.049157 0.020346
3 20 0.080248 0.049157 0.020346
4 0 0.026468 0.049157 0.020346
4 1 0.025201 0.049157 0.020346
4 2 0.022526 0.049157 0.020346
4 3 0.019147 0.049157 0.020346
4 4 0.019006 0.049157 0.020346
4 5 0.019569 0.049157 0.020346
4 6 0.019992 0.049157 0.020346
4 7 0.019851 0.049157 0.020346
4 8 0.022526 0.049157 0.020346
4 9 0.024637 0.049157 0.020346
4 10 0.027594 0.049157 0.020346
4 11 0.033225 0.049157 0.020346
4 12 0.040687 0.049157 0.020346
4 13 0.048571 0.049157 0.020346
4 14 0.060960 0.049157 0.020346
4 15 0.069126 0.049157 0.020346
4 16 0.079966 0.049157 0.020346
4 17 0.087287 0.049157 0.020346
4 18 0.089540 0.049157 0.020346
4 19 0.087428 0.049157 0.020346
4 20 0.081937 0.049157 0.020346
5 0 0.026608 0.049157 0.020346
5 1 0.024356 0.049157 0.020346
5 2 0.022103 0.049157 0.020346
5 3 0.020132 0.049157 0.020346
5 4 0.018584 0.049157 0.020346
5 5 0.019006 0.049157 0.020346
5 6 0.019851 0.049157 0.020346
5 7 0.020695 0.049157 0.020346
5 8 0.022807 0.049157 0.020346
5 9 0.025201 0.049157 0.020346
5 10 0.030410 0.049157 0.020346
5 11 0.036323 0.049157 0.020346
5 12 0.041673 0.049157 0.020346
5 13 0.051387 0.049157 0.020346
5 14 0.061101 0.049157 0.020346
5 15 0.069689 0.049157 0.020346
5 16 0.079544 0.049157 0.020346
5 17 0.086161 0.049157 0.020346
5 18 0.090103 0.049157 0.020346
5 19 0.085457 0.049157 0.020346
5 20 0.080107 0.049157 0.020346
6 0 0.026327 0.049157 0.020346
6 1 0.024074 0.049157 0.020346
6 2 0.021822 0.049157 0.020346
6 3 0.020414 0.049157 0.020346
6 4 0.020273 0.049157 0.020346
6 5 0.019569 0.049157 0.020346
6 6 0.019569 0.049157 0.020346
6 7 0.021681 0.049157 0.020346
6 8 0.022666 0.049157 0.020346
6 9 0.026608 0.049157 0.020346
6 10 0.034070 0.049157 0.020346
6 11 0.037167 0.049157 0.020346
6 12 0.043362 0.049157 0.020346
6 13 0.052231 0.049157 0.020346
6 14 0.061523 0.049157 0.020346
6 15 0.069970 0.049157 0.020346
6 16 0.077995 0.049157 0.020346
6 17 0.084471 0.049157 0.020346
6 18 0.086161 0.049157 0.020346
6 19 0.085457 0.049157 0.020346
6 20 0.079262 0.049157 0.020346
7 0 0.027172 0.049157 0.020346
7 1 0.024497 0.049157 0.020346
7 2 0.022244 0.049157 0.020346
7 3 0.019569 0.049157 0.020346
7 4 0.019851 0.049157 0.020346
7 5 0.018865 0.049157 0.020346
7 6 0.020273 0.049157 0.020346
7 7 0.022244 0.049157 0.020346
7 8 0.023511 0.049157 0.020346
7 9 0.027453 0.049157 0.020346
7 10 0.033929 0.049157 0.020346
7 11 0.040405 0.049157 0.020346
7 12 0.044347 0.049157 0.020346
7 13 0.051668 0.049157 0.020346
7 14 0.058848 0.049157 0.020346
7 15 0.067577 0.049157 0.020346
7 16 0.077995 0.049157 0.020346
7 17 0.080670 0.049157 0.020346
7 18 0.082360 0.049157 0.020346
7 19 0.079403 0.049157 0.020346
7 20 0.071801 0.049157 0.020346
8 0 0.025341 0.049157 0.020346
8 1 0.024074 0.049157 0.020346
8 2 0.021540 0.049157 0.020346
8 3 0.020555 0.049157 0.020346
8 4 0.021118 0.049157 0.020346
8 5 0.021822 0.049157 0.020346
8 6 0.023370 0.049157 0.020346
8 7 0.025201 0.049157 0.020346
8 8 0.025201 0.049157 0.020346
8 9 0.031536 0.049157 0.020346
8 10 0.036041 0.049157 0.020346
8 11 0.040828 0.049157 0.020346
8 12 0.045896 0.049157 0.020346
8 13 0.050401 0.049157 0.020346
8 14 0.057300 0.049157 0.020346
8 15 0.065465 0.049157 0.020346
8 16 0.071378 0.049157 0.020346
8 17 0.075743 0.049157 0.020346
8 18 0.076869 0.049157 0.020346
8 19 0.073490 0.049157 0.020346
8 20 0.066592 0.049157 0.020346
9 0 0.023793 0.049157 0.020346
9 1 0.022807 0.049157 0.020346
9 2 0.022244 0.049157 0.020346
9 3 0.021963 0.049157 0.020346
9 4 0.022666 0.049157 0.020346
9 5 0.023652 0.049157 0.020346
9 6 0.025341 0.049157 0.020346
9 7 0.027312 0.049157 0.020346
9 8 0.028861 0.049157 0.020346
9 9 0.032803 0.049157 0.020346
9 10 0.036182 0.049157 0.020346
9 11 0.043503 0.049157 0.020346
9 12 0.046741 0.049157 0.020346
9 13 0.052654 0.049157 0.020346
9 14 0.055751 0.049157 0.020346
9 15 0.060960 0.049157 0.020346
9 16 0.066310 0.049157 0.020346
9 17 0.067577 0.049157 0.020346
9 18 0.069970 0.049157 0.020346
9 19 0.065888 0.049157 0.020346
9 20 0.058285 0.049157 0.020346
10 0 0.026468 0.049157 0.020346
10 1 0.026749 0.049157 0.020346
10 2 0.025060 0.049157 0.020346
10 3 0.025482 0.049157 0.020346
10 4 0.025341 0.049157 0.020346
10 5 0.028439 0.049157 0.020346
10 6 0.030550 0.049157 0.020346
10 7 0.032381 0.049157 0.020346
10 8 0.033366 0.049157 0.020346
10 9 0.035196 0.049157 0.020346
10 10 0.040969 0.049157 0.020346
10 11 0.046037 0.049157 0.020346
10 12 0.048853 0.049157 0.020346
10 13 0.051387 0.049157 0.020346
10 14 0.055188 0.049157 0.020346
10 15 0.061101 0.049157 0.020346
10 16 0.062931 0.049157 0.020346
10 17 0.066451 0.049157 0.020346
10 18 0.066028 0.049157 0.020346
10 19 0.062227 0.049157 0.020346
10 20 0.054625 0.049157 0.020346
11 0 0.028439 0.049157 0.020346
11 1 0.031677 0.049157 0.020346
11 2 0.029143 0.049157 0.020346
11 3 0.028298 0.049157 0.020346
11 4 0.031114 0.049157 0.020346
11 5 0.032662 0.049157 0.020346
11 6 0.034633 0.049157 0.020346
11 7 0.036323 0.049157 0.020346
11 8 0.036463 0.049157 0.020346
11 9 0.038153 0.049157 0.020346
11 10 0.044488 0.049157 0.020346
11 11 0.047726 0.049157 0.020346
11 12 0.051809 0.049157 0.020346
11 13 0.054766 0.049157 0.020346
11 14 0.058285 0.049157 0.020346
11 15 0.059271 0.049157 0.020346
11 16 0.062509 0.049157 0.020346
11 17 0.063776 0.049157 0.020346
11 18 0.062650 0.049157 0.020346
11 19 0.059552 0.049157 0.020346
11 20 0.053217 0.049157 0.020346
12 0 0.034352 0.049157 0.020346
12 1 0.036463 0.049157 0.020346
12 2 0.039420 0.049157 0.020346
12 3 0.038716 0.049157 0.020346
12 4 0.039138 0.049157 0.020346
12 5 0.040828 0.049157 0.020346
12 6 0.043080 0.049157 0.020346
12 7 0.044770 0.049157 0.020346
12 8 0.044911 0.049157 0.020346
12 9 0.046037 0.049157 0.020346
12 10 0.050260 0.049157 0.020346
12 11 0.053639 0.049157 0.020346
12 12 0.055751 0.049157 0.020346
12 13 0.060679 0.049157 0.020346
12 14 0.061101 0.049157 0.020346
12 15 0.061523 0.049157 0.020346
12 16 0.062086 0.049157 0.020346
12 17 0.063072 0.049157 0.020346
12 18 0.063354 0.049157 0.020346
12 19 0.058144 0.049157 0.020346
12 20 0.050260 0.049157 0.020346
13 0 0.040265 0.049157 0.020346
13 1 0.042940 0.049157 0.020346
13 2 0.046318 0.049157 0.020346
13 3 0.047163 0.049157 0.020346
13 4 0.049134 0.049157 0.020346
13 5 0.051809 0.049157 0.020346
13 6 0.051950 0.049157 0.020346
13 7 0.052091 0.049157 0.020346
13 8 0.052935 0.049157 0.020346
13 9 0.055047 0.049157 0.020346
13 10 0.056314 0.049157 0.020346
13 11 0.059834 0.049157 0.020346
13 12 0.059552 0.049157 0.020346
13 13 0.060819 0.049157 0.020346
13 14 0.061242 0.049157 0.020346
13 15 0.062509 0.049157 0.020346
13 16 0.061664 0.049157 0.020346
13 17 0.062086 0.049157 0.020346
13 18 0.059412 0.049157 0.020346
13 19 0.054202 0.049157 0.020346
13 20 0.047163 0.049157 0.020346
14 0 0.046741 0.049157 0.020346
14 1 0.050260 0.049157 0.020346
14 2 0.055892 0.049157 0.020346
14 3 0.059130 0.049157 0.020346
14 4 0.059834 0.049157 0.020346
14 5 0.061805 0.049157 0.020346
14 6 0.059271 0.049157 0.020346
14 7 0.058567 0.049157 0.020346
14 8 0.061664 0.049157 0.020346
14 9 0.059975 0.049157 0.020346
14 10 0.061242 0.049157 0.020346
14 11 0.061946 0.049157 0.020346
14 12 0.063776 0.049157 0.020346
14 13 0.064480 0.049157 0.020346
14 14 0.061242 0.049157 0.020346
14 15 0.059271 0.049157 0.020346
14 16 0.057441 0.049157 0.020346
14 17 0.057300 0.049157 0.020346
14 18 0.056596 0.049157 0.020346
14 19 0.051246 0.049157 0.020346
14 20 0.045474 0.049157 0.020346
15 0 0.053499 0.049157 0.020346
15 1 0.058426 0.049157 0.020346
15 2 0.066732 0.049157 0.020346
15 3 0.068844 0.049157 0.020346
15 4 0.071097 0.049157 0.020346
15 5 0.069126 0.049157 0.020346
15 6 0.068281 0.049157 0.020346
15 7 0.064902 0.049157 0.020346
15 8 0.065888 0.049157 0.020346
15 9 0.064761 0.049157 0.020346
15 10 0.063494 0.049157 0.020346
15 11 0.065043 0.049157 0.020346
15 12 0.063917 0.049157 0.020346
15 13 0.063072 0.049157 0.020346
15 14 0.061101 0.049157 0.020346
15 15 0.055892 0.049157 0.020346
15 16 0.054625 0.049157 0.020346
15 17 0.053639 0.049157 0.020346
15 18 0.051105 0.049157 0.020346
15 19 0.046600 0.049157 0.020346
15 20 0.040828 0.049157 0.020346
16 0 0.059412 0.049157 0.020346
16 1 0.065325 0.049157 0.020346
16 2 0.072223 0.049157 0.020346
16 3 0.077995 0.049157 0.020346
16 4 0.079544 0.049157 0.020346
16 5 0.077995 0.049157 0.020346
16 6 0.072786 0.049157 0.020346
16 7 0.071238 0.049157 0.020346
16 8 0.070534 0.049157 0.020346
16 9 0.068422 0.049157 0.020346
16 10 0.065606 0.049157 0.020346
16 11 0.062790 0.049157 0.020346
16 12 0.061242 0.049157 0.020346
16 13 0.059693 0.049157 0.020346
16 14 0.057863 0.049157 0.020346
16 15 0.053780 0.049157 0.020346
16 16 0.052513 0.049157 0.020346
16 17 0.048149 0.049157 0.020346
16 18 0.044488 0.049157 0.020346
16 19 0.040828 0.049157 0.020346
16 20 0.036886 0.049157 0.020346
17 0 0.064339 0.049157 0.020346
17 1 0.070393 0.049157 0.020346
17 2 0.076024 0.049157 0.020346
17 3 0.083627 0.049157 0.020346
17 4 0.084753 0.049157 0.020346
17 5 0.083767 0.049157 0.020346
17 6 0.079262 0.049157 0.020346
17 7 0.077010 0.049157 0.020346
17 8 0.072786 0.049157 0.020346
17 9 0.067577 0.049157 0.020346
17 10 0.062227 0.049157 0.020346
17 11 0.060115 0.049157 0.020346
17 12 0.059552 0.049157 0.020346
17 13 0.058708 0.049157 0.020346
17 14 0.054202 0.049157 0.020346
17 15 0.048712 0.049157 0.020346
17 16 0.047163 0.049157 0.020346
17 17 0.043644 0.049157 0.020346
17 18 0.041250 0.049157 0.020346
17 19 0.037308 0.049157 0.020346
17 20 0.033648 0.049157 0.020346
18 0 0.068422 0.049157 0.020346
18 1 0.071660 0.049157 0.020346
18 2 0.080248 0.049157 0.020346
18 3 0.084753 0.049157 0.020346
18 4 0.088413 0.049157 0.020346
18 5 0.085034 0.049157 0.020346
18 6 0.082360 0.049157 0.020346
18 7 0.078699 0.049157 0.020346
18 8 0.076024 0.049157 0.020346
18 9 0.066310 0.049157 0.020346
18 10 0.064761 0.049157 0.020346
18 11 0.061523 0.049157 0.020346
18 12 0.057722 0.049157 0.020346
18 13 0.054343 0.049157 0.020346
18 14 0.050401 0.049157 0.020346
18 15 0.045896 0.049157 0.020346
18 16 0.044770 0.049157 0.020346
18 17 0.040546 0.049157 0.020346
18 18 0.034915 0.049157 0.020346
18 19 0.033648 0.049157 0.020346
18 20 0.031536 0.049157 0.020346
19 0 0.066451 0.049157 0.020346
19 1 0.073490 0.049157 0.020346
19 2 0.080952 0.049157 0.020346
19 3 0.084612 0.049157 0.020346
19 4 0.084612 0.049157 0.020346
19 5 0.083908 0.049157 0.020346
19 6 0.081937 0.049157 0.020346
19 7 0.078699 0.049157 0.020346
19 8 0.071519 0.049157 0.020346
19 9 0.062368 0.049157 0.020346
19 10 0.058848 0.049157 0.020346
19 11 0.057159 0.049157 0.020346
19 12 0.050964 0.049157 0.020346
19 13 0.049697 0.049157 0.020346
19 14 0.046318 0.049157 0.020346
19 15 0.042095 0.049157 0.020346
19 16 0.040969 0.049157 0.020346
19 17 0.038153 0.049157 0.020346
19 18 0.037027 0.049157 0.020346
19 19 0.032240 0.049157 0.020346
19 20 0.029847 0.049157 0.020346
20 0 0.059412 0.049157 0.020346
20 1 0.067999 0.049157 0.020346
20 2 0.075180 0.049157 0.020346
20 3 0.077854 0.049157 0.020346
20 4 0.078136 0.049157 0.020346
20 5 0.079685 0.049157 0.020346
20 6 0.076306 0.049157 0.020346
20 7 0.072364 0.049157 0.020346
20 8 0.064057 0.049157 0.020346
20 9 0.056033 0.049157 0.020346
20 10 0.051528 0.049157 0.020346
20 11 0.049134 0.049157 0.020346
20 12 0.045192 0.049157 0.020346
20 13 0.043503 0.049157 0.020346
20 14 0.041532 0.049157 0.020346
20 15 0.037027 0.049157 0.020346
20 16 0.035760 0.049157 0.020346
20 17 0.034915 0.049157 0.020346
20 18 0.034492 0.049157 0.020346
20 19 0.032662 0.049157 0.020346
20 20 0.028439 0.049157 0.020346
