# contact distance = 16.0 Angstroms
# F = 0.4 kJ/mol

# i j contact_probability mean_contact_probability stddev_contact_probability
0 0 0.034994 0.057858 0.020827
0 1 0.035334 0.057858 0.020827
0 2 0.034315 0.057858 0.020827
0 3 0.035900 0.057858 0.020827
0 4 0.035334 0.057858 0.020827
0 5 0.036127 0.057858 0.020827
0 6 0.036467 0.057858 0.020827
0 7 0.038845 0.057858 0.020827
0 8 0.040770 0.057858 0.020827
0 9 0.045980 0.057858 0.020827
0 10 0.050283 0.057858 0.020827
0 11 0.056512 0.057858 0.020827
0 12 0.062741 0.057858 0.020827
0 13 0.069762 0.057858 0.020827
0 14 0.082559 0.057858 0.020827
0 15 0.088335 0.057858 0.020827
0 16 0.091846 0.057858 0.020827
0 17 0.088222 0.057858 0.020827
0 18 0.087769 0.057858 0.020827
0 19 0.081314 0.057858 0.020827
0 20 0.072593 0.057858 0.020827
1 0 0.033296 0.057858 0.020827
1 1 0.035447 0.057858 0.020827
1 2 0.034994 0.057858 0.020827
1 3 0.034428 0.057858 0.020827
1 4 0.037146 0.057858 0.020827
1 5 0.037939 0.057858 0.020827
1 6 0.038052 0.057858 0.020827
1 7 0.039977 0.057858 0.020827
1 8 0.042242 0.057858 0.020827
1 9 0.047678 0.057858 0.020827
1 10 0.054587 0.057858 0.020827
1 11 0.061608 0.057858 0.020827
1 12 0.068177 0.057858 0.020827
1 13 0.075425 0.057858 0.020827
1 14 0.085504 0.057858 0.020827
1 15 0.091733 0.057858 0.020827
1 16 0.096036 0.057858 0.020827
1 17 0.094224 0.057858 0.020827
1 18 0.090600 0.057858 0.020827
1 19 0.086297 0.057858 0.020827
1 20 0.075764 0.057858 0.020827
2 0 0.035674 0.057858 0.020827
2 1 0.034202 0.057858 0.020827
2 2 0.035221 0.057858 0.020827
2 3 0.034088 0.057858 0.020827
2 4 0.037373 0.057858 0.020827
2 5 0.036693 0.057858 0.020827
2 6 0.039411 0.057858 0.020827
2 7 0.043035 0.057858 0.020827
2 8 0.044960 0.057858 0.020827
2 9 0.049151 0.057858 0.020827
2 10 0.056625 0.057858 0.020827
2 11 0.063533 0.057858 0.020827
2 12 0.071574 0.057858 0.020827
2 13 0.080634 0.057858 0.020827
2 14 0.088562 0.057858 0.020827
2 15 0.094904 0.057858 0.020827
2 16 0.099660 0.057858 0.020827
2 17 0.097508 0.057858 0.020827
2 18 0.090600 0.057858 0.020827
2 19 0.082446 0.057858 0.020827
2 20 0.071914 0.057858 0.020827
3 0 0.035561 0.057858 0.020827
3 1 0.035447 0.057858 0.020827
3 2 0.034881 0.057858 0.020827
3 3 0.037146 0.057858 0.020827
3 4 0.036353 0.057858 0.020827
3 5 0.039298 0.057858 0.020827
3 6 0.041563 0.057858 0.020827
3 7 0.043828 0.057858 0.020827
3 8 0.046886 0.057858 0.020827
3 9 0.053114 0.057858 0.020827
3 10 0.057418 0.057858 0.020827
3 11 0.065685 0.057858 0.020827
3 12 0.072820 0.057858 0.020827
3 13 0.080634 0.057858 0.020827
3 14 0.090034 0.057858 0.020827
3 15 0.096036 0.057858 0.020827
3 16 0.097395 0.057858 0.020827
3 17 0.093771 0.057858 0.020827
3 18 0.087429 0.057858 0.020827
3 19 0.079955 0.057858 0.020827
3 20 0.070895 0.057858 0.020827
4 0 0.037599 0.057858 0.020827
4 1 0.038505 0.057858 0.020827
4 2 0.037033 0.057858 0.020827
4 3 0.036920 0.057858 0.020827
4 4 0.038845 0.057858 0.020827
4 5 0.040317 0.057858 0.020827
4 6 0.044847 0.057858 0.020827
4 7 0.045187 0.057858 0.020827
4 8 0.048811 0.057858 0.020827
4 9 0.057305 0.057858 0.020827
4 10 0.059230 0.057858 0.020827
4 11 0.069422 0.057858 0.020827
4 12 0.076331 0.057858 0.020827
4 13 0.083126 0.057858 0.020827
4 14 0.088788 0.057858 0.020827
4 15 0.094111 0.057858 0.020827
4 16 0.093545 0.057858 0.020827
4 17 0.090713 0.057858 0.020827
4 18 0.083012 0.057858 0.020827
4 19 0.075085 0.057858 0.020827
4 20 0.067157 0.057858 0.020827
5 0 0.039298 0.057858 0.020827
5 1 0.038618 0.057858 0.020827
5 2 0.039524 0.057858 0.020827
5 3 0.038052 0.057858 0.020827
5 4 0.039185 0.057858 0.020827
5 5 0.040883 0.057858 0.020827
5 6 0.043375 0.057858 0.020827
5 7 0.045300 0.057858 0.020827
5 8 0.050283 0.057858 0.020827
5 9 0.057305 0.057858 0.020827
5 10 0.062514 0.057858 0.020827
5 11 0.069536 0.057858 0.020827
5 12 0.075311 0.057858 0.020827
5 13 0.082446 0.057858 0.020827
5 14 0.085051 0.057858 0.020827
5 15 0.087316 0.057858 0.020827
5 16 0.088562 0.057858 0.020827
5 17 0.085277 0.057858 0.020827
5 18 0.077576 0.057858 0.020827
5 19 0.067497 0.057858 0.020827
5 20 0.058890 0.057858 0.020827
6 0 0.039524 0.057858 0.020827
6 1 0.040997 0.057858 0.020827
6 2 0.040883 0.057858 0.020827
6 3 0.040997 0.057858 0.020827
6 4 0.040997 0.057858 0.020827
6 5 0.041676 0.057858 0.020827
6 6 0.045527 0.057858 0.020827
6 7 0.049717 0.057858 0.020827
6 8 0.053114 0.057858 0.020827
6 9 0.059230 0.057858 0.020827
6 10 0.065572 0.057858 0.020827
6 11 0.069989 0.057858 0.020827
6 12 0.074972 0.057858 0.020827
6 13 0.080634 0.057858 0.020827
6 14 0.080634 0.057858 0.020827
6 15 0.086297 0.057858 0.020827
6 16 0.084145 0.057858 0.020827
6 17 0.080181 0.057858 0.020827
6 18 0.071008 0.057858 0.020827
6 19 0.061948 0.057858 0.020827
6 20 0.054360 0.057858 0.020827
7 0 0.043262 0.057858 0.020827
7 1 0.042129 0.057858 0.020827
7 2 0.043601 0.057858 0.020827
7 3 0.042922 0.057858 0.020827
7 4 0.042809 0.057858 0.020827
7 5 0.045866 0.057858 0.020827
7 6 0.048018 0.057858 0.020827
7 7 0.052208 0.057858 0.020827
7 8 0.057758 0.057858 0.020827
7 9 0.061382 0.057858 0.020827
7 10 0.065685 0.057858 0.020827
7 11 0.069762 0.057858 0.020827
7 12 0.073160 0.057858 0.020827
7 13 0.079162 0.057858 0.020827
7 14 0.079728 0.057858 0.020827
7 15 0.081993 0.057858 0.020827
7 16 0.078709 0.057858 0.020827
7 17 0.073273 0.057858 0.020827
7 18 0.064666 0.057858 0.020827
7 19 0.054587 0.057858 0.020827
7 20 0.049943 0.057858 0.020827
8 0 0.047678 0.057858 0.020827
8 1 0.046433 0.057858 0.020827
8 2 0.046319 0.057858 0.020827
8 3 0.048018 0.057858 0.020827
8 4 0.047112 0.057858 0.020827
8 5 0.048471 0.057858 0.020827
8 6 0.051529 0.057858 0.020827
8 7 0.057418 0.057858 0.020827
8 8 0.058777 0.057858 0.020827
8 9 0.060929 0.057858 0.020827
8 10 0.065798 0.057858 0.020827
8 11 0.070215 0.057858 0.020827
8 12 0.072367 0.057858 0.020827
8 13 0.075198 0.057858 0.020827
8 14 0.076104 0.057858 0.020827
8 15 0.075085 0.057858 0.020827
8 16 0.071574 0.057858 0.020827
8 17 0.065798 0.057858 0.020827
8 18 0.058437 0.057858 0.020827
8 19 0.050963 0.057858 0.020827
8 20 0.046772 0.057858 0.020827
9 0 0.049490 0.057858 0.020827
9 1 0.050283 0.057858 0.020827
9 2 0.050283 0.057858 0.020827
9 3 0.050623 0.057858 0.020827
9 4 0.050736 0.057858 0.020827
9 5 0.052095 0.057858 0.020827
9 6 0.058211 0.057858 0.020827
9 7 0.060136 0.057858 0.020827
9 8 0.061382 0.057858 0.020827
9 9 0.065798 0.057858 0.020827
9 10 0.069196 0.057858 0.020827
9 11 0.069989 0.057858 0.020827
9 12 0.071914 0.057858 0.020827
9 13 0.072820 0.057858 0.020827
9 14 0.072820 0.057858 0.020827
9 15 0.070328 0.057858 0.020827
9 16 0.066365 0.057858 0.020827
9 17 0.061042 0.057858 0.020827
9 18 0.056059 0.057858 0.020827
9 19 0.049943 0.057858 0.020827
9 20 0.043941 0.057858 0.020827
10 0 0.054813 0.057858 0.020827
10 1 0.056285 0.057858 0.020827
10 2 0.058211 0.057858 0.020827
10 3 0.056285 0.057858 0.020827
10 4 0.056625 0.057858 0.020827
10 5 0.056738 0.057858 0.020827
10 6 0.057418 0.057858 0.020827
10 7 0.061155 0.057858 0.020827
10 8 0.061608 0.057858 0.020827
10 9 0.066025 0.057858 0.020827
10 10 0.066704 0.057858 0.020827
10 11 0.068290 0.057858 0.020827
10 12 0.069083 0.057858 0.020827
10 13 0.070215 0.057858 0.020827
10 14 0.068177 0.057858 0.020827
10 15 0.065572 0.057858 0.020827
10 16 0.060815 0.057858 0.020827
10 17 0.053794 0.057858 0.020827
10 18 0.049717 0.057858 0.020827
10 19 0.044960 0.057858 0.020827
10 20 0.041676 0.057858 0.020827
11 0 0.059570 0.057858 0.020827
11 1 0.060589 0.057858 0.020827
11 2 0.064553 0.057858 0.020827
11 3 0.063080 0.057858 0.020827
11 4 0.061948 0.057858 0.020827
11 5 0.062288 0.057858 0.020827
11 6 0.060815 0.057858 0.020827
11 7 0.066251 0.057858 0.020827
11 8 0.065798 0.057858 0.020827
11 9 0.066251 0.057858 0.020827
11 10 0.068063 0.057858 0.020827
11 11 0.068630 0.057858 0.020827
11 12 0.067837 0.057858 0.020827
11 13 0.066931 0.057858 0.020827
11 14 0.063873 0.057858 0.020827
11 15 0.060815 0.057858 0.020827
11 16 0.055832 0.057858 0.020827
11 17 0.050283 0.057858 0.020827
11 18 0.044394 0.057858 0.020827
11 19 0.041110 0.057858 0.020827
11 20 0.037259 0.057858 0.020827
12 0 0.062967 0.057858 0.020827
12 1 0.069536 0.057858 0.020827
12 2 0.070215 0.057858 0.020827
12 3 0.069536 0.057858 0.020827
12 4 0.069989 0.057858 0.020827
12 5 0.065006 0.057858 0.020827
12 6 0.065572 0.057858 0.020827
12 7 0.066931 0.057858 0.020827
12 8 0.066931 0.057858 0.020827
12 9 0.066818 0.057858 0.020827
12 10 0.066818 0.057858 0.020827
12 11 0.065459 0.057858 0.020827
12 12 0.063533 0.057858 0.020827
12 13 0.063307 0.057858 0.020827
12 14 0.061268 0.057858 0.020827
12 15 0.056625 0.057858 0.020827
12 16 0.050283 0.057858 0.020827
12 17 0.043262 0.057858 0.020827
12 18 0.040997 0.057858 0.020827
12 19 0.036806 0.057858 0.020827
12 20 0.033296 0.057858 0.020827
13 0 0.071914 0.057858 0.020827
13 1 0.076557 0.057858 0.020827
13 2 0.078369 0.057858 0.020827
13 3 0.078935 0.057858 0.020827
13 4 0.077463 0.057858 0.020827
13 5 0.074519 0.057858 0.020827
13 6 0.070442 0.057858 0.020827
13 7 0.068516 0.057858 0.020827
13 8 0.067271 0.057858 0.020827
13 9 0.066138 0.057858 0.020827
13 10 0.064326 0.057858 0.020827
13 11 0.064100 0.057858 0.020827
13 12 0.062854 0.057858 0.020827
13 13 0.059683 0.057858 0.020827
13 14 0.054926 0.057858 0.020827
13 15 0.051076 0.057858 0.020827
13 16 0.043715 0.057858 0.020827
13 17 0.038618 0.057858 0.020827
13 18 0.032956 0.057858 0.020827
13 19 0.029445 0.057858 0.020827
13 20 0.027973 0.057858 0.020827
14 0 0.077916 0.057858 0.020827
14 1 0.083805 0.057858 0.020827
14 2 0.085164 0.057858 0.020827
14 3 0.083918 0.057858 0.020827
14 4 0.083012 0.057858 0.020827
14 5 0.079841 0.057858 0.020827
14 6 0.077916 0.057858 0.020827
14 7 0.073839 0.057858 0.020827
14 8 0.069989 0.057858 0.020827
14 9 0.067271 0.057858 0.020827
14 10 0.064666 0.057858 0.020827
14 11 0.063194 0.057858 0.020827
14 12 0.060476 0.057858 0.020827
14 13 0.055606 0.057858 0.020827
14 14 0.048584 0.057858 0.020827
14 15 0.043035 0.057858 0.020827
14 16 0.037033 0.057858 0.020827
14 17 0.030917 0.057858 0.020827
14 18 0.027633 0.057858 0.020827
14 19 0.023216 0.057858 0.020827
14 20 0.022877 0.057858 0.020827
15 0 0.085957 0.057858 0.020827
15 1 0.090034 0.057858 0.020827
15 2 0.093205 0.057858 0.020827
15 3 0.091053 0.057858 0.020827
15 4 0.089581 0.057858 0.020827
15 5 0.084145 0.057858 0.020827
15 6 0.080521 0.057858 0.020827
15 7 0.076784 0.057858 0.020827
15 8 0.069989 0.057858 0.020827
15 9 0.066365 0.057858 0.020827
15 10 0.064439 0.057858 0.020827
15 11 0.060136 0.057858 0.020827
15 12 0.055493 0.057858 0.020827
15 13 0.052548 0.057858 0.020827
15 14 0.043488 0.057858 0.020827
15 15 0.036693 0.057858 0.020827
15 16 0.028766 0.057858 0.020827
15 17 0.024689 0.057858 0.020827
15 18 0.021404 0.057858 0.020827
15 19 0.019932 0.057858 0.020827
15 20 0.021404 0.057858 0.020827
16 0 0.089015 0.057858 0.020827
16 1 0.095017 0.057858 0.020827
16 2 0.095357 0.057858 0.020827
16 3 0.094904 0.057858 0.020827
16 4 0.093431 0.057858 0.020827
16 5 0.088901 0.057858 0.020827
16 6 0.082220 0.057858 0.020827
16 7 0.075651 0.057858 0.020827
16 8 0.069196 0.057858 0.020827
16 9 0.065119 0.057858 0.020827
16 10 0.061495 0.057858 0.020827
16 11 0.057418 0.057858 0.020827
16 12 0.050057 0.057858 0.020827
16 13 0.045300 0.057858 0.020827
16 14 0.037033 0.057858 0.020827
16 15 0.028652 0.057858 0.020827
16 16 0.023330 0.057858 0.020827
16 17 0.018686 0.057858 0.020827
16 18 0.016082 0.057858 0.020827
16 19 0.018007 0.057858 0.020827
16 20 0.020385 0.057858 0.020827
17 0 0.086636 0.057858 0.020827
17 1 0.092752 0.057858 0.020827
17 2 0.094111 0.057858 0.020827
17 3 0.095130 0.057858 0.020827
17 4 0.091733 0.057858 0.020827
17 5 0.085957 0.057858 0.020827
17 6 0.078596 0.057858 0.020827
17 7 0.071461 0.057858 0.020827
17 8 0.064439 0.057858 0.020827
17 9 0.063080 0.057858 0.020827
17 10 0.057644 0.057858 0.020827
17 11 0.052095 0.057858 0.020827
17 12 0.043488 0.057858 0.020827
17 13 0.036806 0.057858 0.020827
17 14 0.030917 0.057858 0.020827
17 15 0.023216 0.057858 0.020827
17 16 0.018007 0.057858 0.020827
17 17 0.016308 0.057858 0.020827
17 18 0.014723 0.057858 0.020827
17 19 0.015062 0.057858 0.020827
17 20 0.018347 0.057858 0.020827
18 0 0.084371 0.057858 0.020827
18 1 0.086750 0.057858 0.020827
18 2 0.090487 0.057858 0.020827
18 3 0.090940 0.057858 0.020827
18 4 0.087542 0.057858 0.020827
18 5 0.081200 0.057858 0.020827
18 6 0.074179 0.057858 0.020827
18 7 0.068630 0.057858 0.020827
18 8 0.061608 0.057858 0.020827
18 9 0.058777 0.057858 0.020827
18 10 0.053567 0.057858 0.020827
18 11 0.048358 0.057858 0.020827
18 12 0.040091 0.057858 0.020827
18 13 0.033635 0.057858 0.020827
18 14 0.028086 0.057858 0.020827
18 15 0.021518 0.057858 0.020827
18 16 0.017101 0.057858 0.020827
18 17 0.016195 0.057858 0.020827
18 18 0.014270 0.057858 0.020827
18 19 0.015176 0.057858 0.020827
18 20 0.015629 0.057858 0.020827
19 0 0.075311 0.057858 0.020827
19 1 0.078482 0.057858 0.020827
19 2 0.080974 0.057858 0.020827
19 3 0.079615 0.057858 0.020827
19 4 0.077010 0.057858 0.020827
19 5 0.072140 0.057858 0.020827
19 6 0.066025 0.057858 0.020827
19 7 0.060815 0.057858 0.020827
19 8 0.056285 0.057858 0.020827
19 9 0.053567 0.057858 0.020827
19 10 0.049604 0.057858 0.020827
19 11 0.044281 0.057858 0.020827
19 12 0.036806 0.057858 0.020827
19 13 0.031257 0.057858 0.020827
19 14 0.025934 0.057858 0.020827
19 15 0.021291 0.057858 0.020827
19 16 0.016308 0.057858 0.020827
19 17 0.015855 0.057858 0.020827
19 18 0.014723 0.057858 0.020827
19 19 0.015515 0.057858 0.020827
19 20 0.016535 0.057858 0.020827
20 0 0.064100 0.057858 0.020827
20 1 0.068969 0.057858 0.020827
20 2 0.067950 0.057858 0.020827
20 3 0.068063 0.057858 0.020827
20 4 0.063760 0.057858 0.020827
20 5 0.064100 0.057858 0.020827
20 6 0.059343 0.057858 0.020827
20 7 0.054473 0.057858 0.020827
20 8 0.051416 0.057858 0.020827
20 9 0.046886 0.057858 0.020827
20 10 0.043828 0.057858 0.020827
20 11 0.041450 0.057858 0.020827
20 12 0.035561 0.057858 0.020827
20 13 0.030917 0.057858 0.020827
20 14 0.026614 0.057858 0.020827
20 15 0.022650 0.057858 0.020827
20 16 0.017894 0.057858 0.020827
20 17 0.016648 0.057858 0.020827
20 18 0.016082 0.057858 0.020827
20 19 0.016421 0.057858 0.020827
20 20 0.018007 0.057858 0.020827
