# contact distance = 16.0 Angstroms
# F = 0.4 kJ/mol

# i j contact_probability mean_contact_probability stddev_contact_probability
0 0 0.045603 0.059988 0.013640
0 1 0.044712 0.059988 0.013640
0 2 0.044712 0.059988 0.013640
0 3 0.046346 0.059988 0.013640
0 4 0.046494 0.059988 0.013640
0 5 0.050505 0.059988 0.013640
0 6 0.050951 0.059988 0.013640
0 7 0.050654 0.059988 0.013640
0 8 0.051099 0.059988 0.013640
0 9 0.049614 0.059988 0.013640
0 10 0.046940 0.059988 0.013640
0 11 0.046940 0.059988 0.013640
0 12 0.048277 0.059988 0.013640
0 13 0.049465 0.059988 0.013640
0 14 0.050951 0.059988 0.013640
0 15 0.053327 0.059988 0.013640
0 16 0.056298 0.059988 0.013640
0 17 0.060458 0.059988 0.013640
0 18 0.060309 0.059988 0.013640
0 19 0.057190 0.059988 0.013640
0 20 0.048574 0.059988 0.013640
1 0 0.047089 0.059988 0.013640
1 1 0.044563 0.059988 0.013640
1 2 0.044118 0.059988 0.013640
1 3 0.044860 0.059988 0.013640
1 4 0.048128 0.059988 0.013640
1 5 0.049911 0.059988 0.013640
1 6 0.054664 0.059988 0.013640
1 7 0.054367 0.059988 0.013640
1 8 0.053624 0.059988 0.013640
1 9 0.050951 0.059988 0.013640
1 10 0.049911 0.059988 0.013640
1 11 0.050059 0.059988 0.013640
1 12 0.052882 0.059988 0.013640
1 13 0.055407 0.059988 0.013640
1 14 0.056001 0.059988 0.013640
1 15 0.058972 0.059988 0.013640
1 16 0.063725 0.059988 0.013640
1 17 0.066102 0.059988 0.013640
1 18 0.067291 0.059988 0.013640
1 19 0.060903 0.059988 0.013640
1 20 0.055258 0.059988 0.013640
2 0 0.046940 0.059988 0.013640
2 1 0.044860 0.059988 0.013640
2 2 0.043821 0.059988 0.013640
2 3 0.044712 0.059988 0.013640
2 4 0.047237 0.059988 0.013640
2 5 0.053624 0.059988 0.013640
2 6 0.052733 0.059988 0.013640
2 7 0.054813 0.059988 0.013640
2 8 0.052733 0.059988 0.013640
2 9 0.053624 0.059988 0.013640
2 10 0.052436 0.059988 0.013640
2 11 0.052585 0.059988 0.013640
2 12 0.056447 0.059988 0.013640
2 13 0.061052 0.059988 0.013640
2 14 0.065211 0.059988 0.013640
2 15 0.067736 0.059988 0.013640
2 16 0.071895 0.059988 0.013640
2 17 0.073975 0.059988 0.013640
2 18 0.072638 0.059988 0.013640
2 19 0.067291 0.059988 0.013640
2 20 0.060012 0.059988 0.013640
3 0 0.045603 0.059988 0.013640
3 1 0.044563 0.059988 0.013640
3 2 0.046049 0.059988 0.013640
3 3 0.046791 0.059988 0.013640
3 4 0.047980 0.059988 0.013640
3 5 0.053030 0.059988 0.013640
3 6 0.057190 0.059988 0.013640
3 7 0.055853 0.059988 0.013640
3 8 0.056595 0.059988 0.013640
3 9 0.054516 0.059988 0.013640
3 10 0.056892 0.059988 0.013640
3 11 0.058229 0.059988 0.013640
3 12 0.061052 0.059988 0.013640
3 13 0.066251 0.059988 0.013640
3 14 0.071450 0.059988 0.013640
3 15 0.076055 0.059988 0.013640
3 16 0.077986 0.059988 0.013640
3 17 0.079174 0.059988 0.013640
3 18 0.074718 0.059988 0.013640
3 19 0.067291 0.059988 0.013640
3 20 0.062834 0.059988 0.013640
4 0 0.049020 0.059988 0.013640
4 1 0.049168 0.059988 0.013640
4 2 0.049614 0.059988 0.013640
4 3 0.050059 0.059988 0.013640
4 4 0.050208 0.059988 0.013640
4 5 0.057635 0.059988 0.013640
4 6 0.059715 0.059988 0.013640
4 7 0.059863 0.059988 0.013640
4 8 0.061200 0.059988 0.013640
4 9 0.060458 0.059988 0.013640
4 10 0.059863 0.059988 0.013640
4 11 0.064023 0.059988 0.013640
4 12 0.067736 0.059988 0.013640
4 13 0.073529 0.059988 0.013640
4 14 0.076797 0.059988 0.013640
4 15 0.077837 0.059988 0.013640
4 16 0.082591 0.059988 0.013640
4 17 0.081551 0.059988 0.013640
4 18 0.076352 0.059988 0.013640
4 19 0.069667 0.059988 0.013640
4 20 0.062983 0.059988 0.013640
5 0 0.050802 0.059988 0.013640
5 1 0.051990 0.059988 0.013640
5 2 0.054070 0.059988 0.013640
5 3 0.055110 0.059988 0.013640
5 4 0.057487 0.059988 0.013640
5 5 0.062092 0.059988 0.013640
5 6 0.063280 0.059988 0.013640
5 7 0.063725 0.059988 0.013640
5 8 0.065657 0.059988 0.013640
5 9 0.065657 0.059988 0.013640
5 10 0.065954 0.059988 0.013640
5 11 0.065805 0.059988 0.013640
5 12 0.070113 0.059988 0.013640
5 13 0.073678 0.059988 0.013640
5 14 0.074718 0.059988 0.013640
5 15 0.079026 0.059988 0.013640
5 16 0.082442 0.059988 0.013640
5 17 0.079620 0.059988 0.013640
5 18 0.075015 0.059988 0.013640
5 19 0.068925 0.059988 0.013640
5 20 0.058972 0.059988 0.013640
6 0 0.051396 0.059988 0.013640
6 1 0.053922 0.059988 0.013640
6 2 0.056744 0.059988 0.013640
6 3 0.058229 0.059988 0.013640
6 4 0.060458 0.059988 0.013640
6 5 0.064765 0.059988 0.013640
6 6 0.065805 0.059988 0.013640
6 7 0.065805 0.059988 0.013640
6 8 0.067439 0.059988 0.013640
6 9 0.067439 0.059988 0.013640
6 10 0.069370 0.059988 0.013640
6 11 0.072341 0.059988 0.013640
6 12 0.073084 0.059988 0.013640
6 13 0.074272 0.059988 0.013640
6 14 0.075015 0.059988 0.013640
6 15 0.078580 0.059988 0.013640
6 16 0.079026 0.059988 0.013640
6 17 0.074718 0.059988 0.013640
6 18 0.072787 0.059988 0.013640
6 19 0.065359 0.059988 0.013640
6 20 0.056447 0.059988 0.013640
7 0 0.054219 0.059988 0.013640
7 1 0.053624 0.059988 0.013640
7 2 0.053773 0.059988 0.013640
7 3 0.059715 0.059988 0.013640
7 4 0.060903 0.059988 0.013640
7 5 0.066845 0.059988 0.013640
7 6 0.070261 0.059988 0.013640
7 7 0.068479 0.059988 0.013640
7 8 0.068627 0.059988 0.013640
7 9 0.069667 0.059988 0.013640
7 10 0.073827 0.059988 0.013640
7 11 0.075758 0.059988 0.013640
7 12 0.072193 0.059988 0.013640
7 13 0.074718 0.059988 0.013640
7 14 0.076500 0.059988 0.013640
7 15 0.076055 0.059988 0.013640
7 16 0.073678 0.059988 0.013640
7 17 0.070707 0.059988 0.013640
7 18 0.068182 0.059988 0.013640
7 19 0.059863 0.059988 0.013640
7 20 0.052436 0.059988 0.013640
8 0 0.052585 0.059988 0.013640
8 1 0.052288 0.059988 0.013640
8 2 0.054516 0.059988 0.013640
8 3 0.058229 0.059988 0.013640
8 4 0.058526 0.059988 0.013640
8 5 0.064023 0.059988 0.013640
8 6 0.066993 0.059988 0.013640
8 7 0.067439 0.059988 0.013640
8 8 0.069222 0.059988 0.013640
8 9 0.071004 0.059988 0.013640
8 10 0.072935 0.059988 0.013640
8 11 0.073975 0.059988 0.013640
8 12 0.071895 0.059988 0.013640
8 13 0.073084 0.059988 0.013640
8 14 0.073678 0.059988 0.013640
8 15 0.073084 0.059988 0.013640
8 16 0.071301 0.059988 0.013640
8 17 0.066251 0.059988 0.013640
8 18 0.064023 0.059988 0.013640
8 19 0.058229 0.059988 0.013640
8 20 0.050357 0.059988 0.013640
9 0 0.052436 0.059988 0.013640
9 1 0.055407 0.059988 0.013640
9 2 0.057041 0.059988 0.013640
9 3 0.059715 0.059988 0.013640
9 4 0.062537 0.059988 0.013640
9 5 0.065062 0.059988 0.013640
9 6 0.069964 0.059988 0.013640
9 7 0.069816 0.059988 0.013640
9 8 0.069964 0.059988 0.013640
9 9 0.071895 0.059988 0.013640
9 10 0.073827 0.059988 0.013640
9 11 0.074866 0.059988 0.013640
9 12 0.072193 0.059988 0.013640
9 13 0.076055 0.059988 0.013640
9 14 0.072935 0.059988 0.013640
9 15 0.072490 0.059988 0.013640
9 16 0.070707 0.059988 0.013640
9 17 0.066251 0.059988 0.013640
9 18 0.061794 0.059988 0.013640
9 19 0.055110 0.059988 0.013640
9 20 0.049614 0.059988 0.013640
10 0 0.054664 0.059988 0.013640
10 1 0.056001 0.059988 0.013640
10 2 0.060012 0.059988 0.013640
10 3 0.062537 0.059988 0.013640
10 4 0.062983 0.059988 0.013640
10 5 0.066845 0.059988 0.013640
10 6 0.069519 0.059988 0.013640
10 7 0.069073 0.059988 0.013640
10 8 0.071004 0.059988 0.013640
10 9 0.070707 0.059988 0.013640
10 10 0.073232 0.059988 0.013640
10 11 0.075312 0.059988 0.013640
10 12 0.074272 0.059988 0.013640
10 13 0.078431 0.059988 0.013640
10 14 0.075015 0.059988 0.013640
10 15 0.071747 0.059988 0.013640
10 16 0.069370 0.059988 0.013640
10 17 0.065657 0.059988 0.013640
10 18 0.058824 0.059988 0.013640
10 19 0.053773 0.059988 0.013640
10 20 0.047683 0.059988 0.013640
11 0 0.052733 0.059988 0.013640
11 1 0.056595 0.059988 0.013640
11 2 0.058526 0.059988 0.013640
11 3 0.064023 0.059988 0.013640
11 4 0.065805 0.059988 0.013640
11 5 0.068627 0.059988 0.013640
11 6 0.069964 0.059988 0.013640
11 7 0.074272 0.059988 0.013640
11 8 0.072490 0.059988 0.013640
11 9 0.073381 0.059988 0.013640
11 10 0.074866 0.059988 0.013640
11 11 0.077540 0.059988 0.013640
11 12 0.077540 0.059988 0.013640
11 13 0.078283 0.059988 0.013640
11 14 0.074718 0.059988 0.013640
11 15 0.070410 0.059988 0.013640
11 16 0.066251 0.059988 0.013640
11 17 0.058972 0.059988 0.013640
11 18 0.056001 0.059988 0.013640
11 19 0.048723 0.059988 0.013640
11 20 0.046643 0.059988 0.013640
12 0 0.053773 0.059988 0.013640
12 1 0.057487 0.059988 0.013640
12 2 0.059121 0.059988 0.013640
12 3 0.063577 0.059988 0.013640
12 4 0.067736 0.059988 0.013640
12 5 0.069519 0.059988 0.013640
12 6 0.072193 0.059988 0.013640
12 7 0.073084 0.059988 0.013640
12 8 0.073084 0.059988 0.013640
12 9 0.076352 0.059988 0.013640
12 10 0.076055 0.059988 0.013640
12 11 0.074421 0.059988 0.013640
12 12 0.071895 0.059988 0.013640
12 13 0.075163 0.059988 0.013640
12 14 0.072935 0.059988 0.013640
12 15 0.066845 0.059988 0.013640
12 16 0.061349 0.059988 0.013640
12 17 0.054813 0.059988 0.013640
12 18 0.053030 0.059988 0.013640
12 19 0.046940 0.059988 0.013640
12 20 0.043969 0.059988 0.013640
13 0 0.053773 0.059988 0.013640
13 1 0.058675 0.059988 0.013640
13 2 0.063725 0.059988 0.013640
13 3 0.065211 0.059988 0.013640
13 4 0.068925 0.059988 0.013640
13 5 0.069964 0.059988 0.013640
13 6 0.072490 0.059988 0.013640
13 7 0.073827 0.059988 0.013640
13 8 0.075015 0.059988 0.013640
13 9 0.074718 0.059988 0.013640
13 10 0.073232 0.059988 0.013640
13 11 0.073084 0.059988 0.013640
13 12 0.072638 0.059988 0.013640
13 13 0.074569 0.059988 0.013640
13 14 0.070856 0.059988 0.013640
13 15 0.065657 0.059988 0.013640
13 16 0.059715 0.059988 0.013640
13 17 0.053327 0.059988 0.013640
13 18 0.048574 0.059988 0.013640
13 19 0.043078 0.059988 0.013640
13 20 0.040255 0.059988 0.013640
14 0 0.052882 0.059988 0.013640
14 1 0.059121 0.059988 0.013640
14 2 0.066696 0.059988 0.013640
14 3 0.069222 0.059988 0.013640
14 4 0.072044 0.059988 0.013640
14 5 0.073232 0.059988 0.013640
14 6 0.073678 0.059988 0.013640
14 7 0.072787 0.059988 0.013640
14 8 0.073975 0.059988 0.013640
14 9 0.072044 0.059988 0.013640
14 10 0.072638 0.059988 0.013640
14 11 0.072341 0.059988 0.013640
14 12 0.071747 0.059988 0.013640
14 13 0.070261 0.059988 0.013640
14 14 0.068330 0.059988 0.013640
14 15 0.066251 0.059988 0.013640
14 16 0.057932 0.059988 0.013640
14 17 0.049465 0.059988 0.013640
14 18 0.042335 0.059988 0.013640
14 19 0.039810 0.059988 0.013640
14 20 0.037285 0.059988 0.013640
15 0 0.056001 0.059988 0.013640
15 1 0.062834 0.059988 0.013640
15 2 0.067588 0.059988 0.013640
15 3 0.070856 0.059988 0.013640
15 4 0.073975 0.059988 0.013640
15 5 0.076500 0.059988 0.013640
15 6 0.074421 0.059988 0.013640
15 7 0.075163 0.059988 0.013640
15 8 0.072787 0.059988 0.013640
15 9 0.071895 0.059988 0.013640
15 10 0.069964 0.059988 0.013640
15 11 0.068925 0.059988 0.013640
15 12 0.066993 0.059988 0.013640
15 13 0.066696 0.059988 0.013640
15 14 0.061943 0.059988 0.013640
15 15 0.056892 0.059988 0.013640
15 16 0.049020 0.059988 0.013640
15 17 0.042187 0.059988 0.013640
15 18 0.035651 0.059988 0.013640
15 19 0.034462 0.059988 0.013640
15 20 0.033422 0.059988 0.013640
16 0 0.059121 0.059988 0.013640
16 1 0.065062 0.059988 0.013640
16 2 0.071153 0.059988 0.013640
16 3 0.074718 0.059988 0.013640
16 4 0.075163 0.059988 0.013640
16 5 0.075312 0.059988 0.013640
16 6 0.074421 0.059988 0.013640
16 7 0.074124 0.059988 0.013640
16 8 0.071747 0.059988 0.013640
16 9 0.069667 0.059988 0.013640
16 10 0.068925 0.059988 0.013640
16 11 0.066102 0.059988 0.013640
16 12 0.063874 0.059988 0.013640
16 13 0.059566 0.059988 0.013640
16 14 0.055556 0.059988 0.013640
16 15 0.050951 0.059988 0.013640
16 16 0.041741 0.059988 0.013640
16 17 0.033571 0.059988 0.013640
16 18 0.029115 0.059988 0.013640
16 19 0.028818 0.059988 0.013640
16 20 0.028372 0.059988 0.013640
17 0 0.060903 0.059988 0.013640
17 1 0.067142 0.059988 0.013640
17 2 0.072787 0.059988 0.013640
17 3 0.078283 0.059988 0.013640
17 4 0.076500 0.059988 0.013640
17 5 0.075163 0.059988 0.013640
17 6 0.074718 0.059988 0.013640
17 7 0.072490 0.059988 0.013640
17 8 0.068330 0.059988 0.013640
17 9 0.064617 0.059988 0.013640
17 10 0.062686 0.059988 0.013640
17 11 0.061200 0.059988 0.013640
17 12 0.058526 0.059988 0.013640
17 13 0.052585 0.059988 0.013640
17 14 0.047386 0.059988 0.013640
17 15 0.041147 0.059988 0.013640
17 16 0.034908 0.059988 0.013640
17 17 0.028372 0.059988 0.013640
17 18 0.024658 0.059988 0.013640
17 19 0.023470 0.059988 0.013640
17 20 0.023619 0.059988 0.013640
18 0 0.060458 0.059988 0.013640
18 1 0.065508 0.059988 0.013640
18 2 0.072787 0.059988 0.013640
18 3 0.076203 0.059988 0.013640
18 4 0.076649 0.059988 0.013640
18 5 0.073232 0.059988 0.013640
18 6 0.070410 0.059988 0.013640
18 7 0.066251 0.059988 0.013640
18 8 0.063131 0.059988 0.013640
18 9 0.060160 0.059988 0.013640
18 10 0.058378 0.059988 0.013640
18 11 0.054813 0.059988 0.013640
18 12 0.050208 0.059988 0.013640
18 13 0.047089 0.059988 0.013640
18 14 0.041592 0.059988 0.013640
18 15 0.034314 0.059988 0.013640
18 16 0.028372 0.059988 0.013640
18 17 0.022579 0.059988 0.013640
18 18 0.019459 0.059988 0.013640
18 19 0.021836 0.059988 0.013640
18 20 0.020648 0.059988 0.013640
19 0 0.057190 0.059988 0.013640
19 1 0.062389 0.059988 0.013640
19 2 0.068925 0.059988 0.013640
19 3 0.071747 0.059988 0.013640
19 4 0.075015 0.059988 0.013640
19 5 0.071153 0.059988 0.013640
19 6 0.065062 0.059988 0.013640
19 7 0.062092 0.059988 0.013640
19 8 0.056447 0.059988 0.013640
19 9 0.054664 0.059988 0.013640
19 10 0.050802 0.059988 0.013640
19 11 0.047980 0.059988 0.013640
19 12 0.045455 0.059988 0.013640
19 13 0.042929 0.059988 0.013640
19 14 0.037285 0.059988 0.013640
19 15 0.033125 0.059988 0.013640
19 16 0.026738 0.059988 0.013640
19 17 0.022133 0.059988 0.013640
19 18 0.020648 0.059988 0.013640
19 19 0.021836 0.059988 0.013640
19 20 0.021242 0.059988 0.013640
20 0 0.049614 0.059988 0.013640
20 1 0.056892 0.059988 0.013640
20 2 0.063131 0.059988 0.013640
20 3 0.064765 0.059988 0.013640
20 4 0.064914 0.059988 0.013640
20 5 0.062834 0.059988 0.013640
20 6 0.058675 0.059988 0.013640
20 7 0.056001 0.059988 0.013640
20 8 0.050505 0.059988 0.013640
20 9 0.048574 0.059988 0.013640
20 10 0.045455 0.059988 0.013640
20 11 0.043523 0.059988 0.013640
20 12 0.040850 0.059988 0.013640
20 13 0.039216 0.059988 0.013640
20 14 0.033422 0.059988 0.013640
20 15 0.031194 0.059988 0.013640
20 16 0.027035 0.059988 0.013640
20 17 0.022876 0.059988 0.013640
20 18 0.021687 0.059988 0.013640
20 19 0.021242 0.059988 0.013640
20 20 0.021836 0.059988 0.013640
