# contact distance = 16.0 Angstroms
# F = 0.4 kJ/mol

# i j contact_probability mean_contact_probability stddev_contact_probability
0 0 0.038396 0.040175 0.012385
0 1 0.039102 0.040175 0.012385
0 2 0.037549 0.040175 0.012385
0 3 0.034726 0.040175 0.012385
0 4 0.030209 0.040175 0.012385
0 5 0.028797 0.040175 0.012385
0 6 0.026256 0.040175 0.012385
0 7 0.027668 0.040175 0.012385
0 8 0.027244 0.040175 0.012385
0 9 0.025127 0.040175 0.012385
0 10 0.025551 0.040175 0.012385
0 11 0.030774 0.040175 0.012385
0 12 0.035150 0.040175 0.012385
0 13 0.042208 0.040175 0.012385
0 14 0.048419 0.040175 0.012385
0 15 0.056183 0.040175 0.012385
0 16 0.060841 0.040175 0.012385
0 17 0.064935 0.040175 0.012385
0 18 0.066347 0.040175 0.012385
0 19 0.063382 0.040175 0.012385
0 20 0.059712 0.040175 0.012385
1 0 0.039102 0.040175 0.012385
1 1 0.040655 0.040175 0.012385
1 2 0.040655 0.040175 0.012385
1 3 0.037408 0.040175 0.012385
1 4 0.033173 0.040175 0.012385
1 5 0.030209 0.040175 0.012385
1 6 0.025974 0.040175 0.012385
1 7 0.028797 0.040175 0.012385
1 8 0.029221 0.040175 0.012385
1 9 0.028233 0.040175 0.012385
1 10 0.029785 0.040175 0.012385
1 11 0.032326 0.040175 0.012385
1 12 0.040796 0.040175 0.012385
1 13 0.047431 0.040175 0.012385
1 14 0.053642 0.040175 0.012385
1 15 0.059430 0.040175 0.012385
1 16 0.063806 0.040175 0.012385
1 17 0.066911 0.040175 0.012385
1 18 0.070017 0.040175 0.012385
1 19 0.067899 0.040175 0.012385
1 20 0.061971 0.040175 0.012385
2 0 0.038820 0.040175 0.012385
2 1 0.040232 0.040175 0.012385
2 2 0.039243 0.040175 0.012385
2 3 0.036420 0.040175 0.012385
2 4 0.034444 0.040175 0.012385
2 5 0.032326 0.040175 0.012385
2 6 0.031479 0.040175 0.012385
2 7 0.029644 0.040175 0.012385
2 8 0.031338 0.040175 0.012385
2 9 0.032326 0.040175 0.012385
2 10 0.036561 0.040175 0.012385
2 11 0.038538 0.040175 0.012385
2 12 0.043902 0.040175 0.012385
2 13 0.049689 0.040175 0.012385
2 14 0.055477 0.040175 0.012385
2 15 0.060136 0.040175 0.012385
2 16 0.064512 0.040175 0.012385
2 17 0.067758 0.040175 0.012385
2 18 0.069593 0.040175 0.012385
2 19 0.065359 0.040175 0.012385
2 20 0.060841 0.040175 0.012385
3 0 0.036985 0.040175 0.012385
3 1 0.038255 0.040175 0.012385
3 2 0.039385 0.040175 0.012385
3 3 0.038538 0.040175 0.012385
3 4 0.034585 0.040175 0.012385
3 5 0.034867 0.040175 0.012385
3 6 0.033456 0.040175 0.012385
3 7 0.034726 0.040175 0.012385
3 8 0.035008 0.040175 0.012385
3 9 0.036138 0.040175 0.012385
3 10 0.040232 0.040175 0.012385
3 11 0.042067 0.040175 0.012385
3 12 0.046302 0.040175 0.012385
3 13 0.051242 0.040175 0.012385
3 14 0.057595 0.040175 0.012385
3 15 0.061124 0.040175 0.012385
3 16 0.066629 0.040175 0.012385
3 17 0.065782 0.040175 0.012385
3 18 0.067476 0.040175 0.012385
3 19 0.062959 0.040175 0.012385
3 20 0.057453 0.040175 0.012385
4 0 0.034444 0.040175 0.012385
4 1 0.033879 0.040175 0.012385
4 2 0.035150 0.040175 0.012385
4 3 0.036138 0.040175 0.012385
4 4 0.036561 0.040175 0.012385
4 5 0.036702 0.040175 0.012385
4 6 0.035008 0.040175 0.012385
4 7 0.036561 0.040175 0.012385
4 8 0.038538 0.040175 0.012385
4 9 0.039243 0.040175 0.012385
4 10 0.040937 0.040175 0.012385
4 11 0.042490 0.040175 0.012385
4 12 0.048137 0.040175 0.012385
4 13 0.050819 0.040175 0.012385
4 14 0.056183 0.040175 0.012385
4 15 0.057171 0.040175 0.012385
4 16 0.061406 0.040175 0.012385
4 17 0.063382 0.040175 0.012385
4 18 0.063806 0.040175 0.012385
4 19 0.058583 0.040175 0.012385
4 20 0.052936 0.040175 0.012385
5 0 0.031762 0.040175 0.012385
5 1 0.032609 0.040175 0.012385
5 2 0.034020 0.040175 0.012385
5 3 0.036138 0.040175 0.012385
5 4 0.035150 0.040175 0.012385
5 5 0.036138 0.040175 0.012385
5 6 0.037973 0.040175 0.012385
5 7 0.038255 0.040175 0.012385
5 8 0.039385 0.040175 0.012385
5 9 0.041220 0.040175 0.012385
5 10 0.042067 0.040175 0.012385
5 11 0.043337 0.040175 0.012385
5 12 0.048137 0.040175 0.012385
5 13 0.051525 0.040175 0.012385
5 14 0.052089 0.040175 0.012385
5 15 0.053501 0.040175 0.012385
5 16 0.056183 0.040175 0.012385
5 17 0.059430 0.040175 0.012385
5 18 0.058865 0.040175 0.012385
5 19 0.055901 0.040175 0.012385
5 20 0.048984 0.040175 0.012385
6 0 0.030209 0.040175 0.012385
6 1 0.032044 0.040175 0.012385
6 2 0.033173 0.040175 0.012385
6 3 0.037408 0.040175 0.012385
6 4 0.036702 0.040175 0.012385
6 5 0.037549 0.040175 0.012385
6 6 0.039949 0.040175 0.012385
6 7 0.040937 0.040175 0.012385
6 8 0.042631 0.040175 0.012385
6 9 0.043761 0.040175 0.012385
6 10 0.043337 0.040175 0.012385
6 11 0.043478 0.040175 0.012385
6 12 0.047007 0.040175 0.012385
6 13 0.048419 0.040175 0.012385
6 14 0.047572 0.040175 0.012385
6 15 0.046725 0.040175 0.012385
6 16 0.048419 0.040175 0.012385
6 17 0.048560 0.040175 0.012385
6 18 0.048560 0.040175 0.012385
6 19 0.047290 0.040175 0.012385
6 20 0.041643 0.040175 0.012385
7 0 0.027386 0.040175 0.012385
7 1 0.030350 0.040175 0.012385
7 2 0.034585 0.040175 0.012385
7 3 0.037691 0.040175 0.012385
7 4 0.039667 0.040175 0.012385
7 5 0.039102 0.040175 0.012385
7 6 0.040090 0.040175 0.012385
7 7 0.042490 0.040175 0.012385
7 8 0.041784 0.040175 0.012385
7 9 0.043619 0.040175 0.012385
7 10 0.042772 0.040175 0.012385
7 11 0.043478 0.040175 0.012385
7 12 0.045455 0.040175 0.012385
7 13 0.045737 0.040175 0.012385
7 14 0.044608 0.040175 0.012385
7 15 0.041502 0.040175 0.012385
7 16 0.043478 0.040175 0.012385
7 17 0.043196 0.040175 0.012385
7 18 0.042490 0.040175 0.012385
7 19 0.039949 0.040175 0.012385
7 20 0.038114 0.040175 0.012385
8 0 0.028656 0.040175 0.012385
8 1 0.030915 0.040175 0.012385
8 2 0.033456 0.040175 0.012385
8 3 0.035008 0.040175 0.012385
8 4 0.036985 0.040175 0.012385
8 5 0.039949 0.040175 0.012385
8 6 0.042067 0.040175 0.012385
8 7 0.041925 0.040175 0.012385
8 8 0.041078 0.040175 0.012385
8 9 0.044184 0.040175 0.012385
8 10 0.043761 0.040175 0.012385
8 11 0.043337 0.040175 0.012385
8 12 0.042914 0.040175 0.012385
8 13 0.044043 0.040175 0.012385
8 14 0.043196 0.040175 0.012385
8 15 0.040373 0.040175 0.012385
8 16 0.039667 0.040175 0.012385
8 17 0.037691 0.040175 0.012385
8 18 0.036138 0.040175 0.012385
8 19 0.034161 0.040175 0.012385
8 20 0.034303 0.040175 0.012385
9 0 0.029785 0.040175 0.012385
9 1 0.031903 0.040175 0.012385
9 2 0.034020 0.040175 0.012385
9 3 0.037126 0.040175 0.012385
9 4 0.037408 0.040175 0.012385
9 5 0.038396 0.040175 0.012385
9 6 0.042208 0.040175 0.012385
9 7 0.045596 0.040175 0.012385
9 8 0.044325 0.040175 0.012385
9 9 0.045172 0.040175 0.012385
9 10 0.042349 0.040175 0.012385
9 11 0.041361 0.040175 0.012385
9 12 0.042631 0.040175 0.012385
9 13 0.040090 0.040175 0.012385
9 14 0.039243 0.040175 0.012385
9 15 0.038961 0.040175 0.012385
9 16 0.035291 0.040175 0.012385
9 17 0.034303 0.040175 0.012385
9 18 0.033597 0.040175 0.012385
9 19 0.032750 0.040175 0.012385
9 20 0.031903 0.040175 0.012385
10 0 0.030632 0.040175 0.012385
10 1 0.033456 0.040175 0.012385
10 2 0.035432 0.040175 0.012385
10 3 0.038679 0.040175 0.012385
10 4 0.041361 0.040175 0.012385
10 5 0.042772 0.040175 0.012385
10 6 0.043055 0.040175 0.012385
10 7 0.044466 0.040175 0.012385
10 8 0.044608 0.040175 0.012385
10 9 0.044466 0.040175 0.012385
10 10 0.042490 0.040175 0.012385
10 11 0.041925 0.040175 0.012385
10 12 0.041502 0.040175 0.012385
10 13 0.039667 0.040175 0.012385
10 14 0.038820 0.040175 0.012385
10 15 0.036138 0.040175 0.012385
10 16 0.033597 0.040175 0.012385
10 17 0.032185 0.040175 0.012385
10 18 0.030350 0.040175 0.012385
10 19 0.030209 0.040175 0.012385
10 20 0.029644 0.040175 0.012385
11 0 0.032326 0.040175 0.012385
11 1 0.034444 0.040175 0.012385
11 2 0.037973 0.040175 0.012385
11 3 0.041078 0.040175 0.012385
11 4 0.043478 0.040175 0.012385
11 5 0.042349 0.040175 0.012385
11 6 0.041784 0.040175 0.012385
11 7 0.042349 0.040175 0.012385
11 8 0.042772 0.040175 0.012385
11 9 0.042631 0.040175 0.012385
11 10 0.041925 0.040175 0.012385
11 11 0.040090 0.040175 0.012385
11 12 0.039385 0.040175 0.012385
11 13 0.038114 0.040175 0.012385
11 14 0.037267 0.040175 0.012385
11 15 0.037126 0.040175 0.012385
11 16 0.032891 0.040175 0.012385
11 17 0.029221 0.040175 0.012385
11 18 0.028091 0.040175 0.012385
11 19 0.026256 0.040175 0.012385
11 20 0.026539 0.040175 0.012385
12 0 0.035997 0.040175 0.012385
12 1 0.038255 0.040175 0.012385
12 2 0.043196 0.040175 0.012385
12 3 0.046019 0.040175 0.012385
12 4 0.047431 0.040175 0.012385
12 5 0.046302 0.040175 0.012385
12 6 0.043761 0.040175 0.012385
12 7 0.041361 0.040175 0.012385
12 8 0.040655 0.040175 0.012385
12 9 0.042208 0.040175 0.012385
12 10 0.040232 0.040175 0.012385
12 11 0.039526 0.040175 0.012385
12 12 0.039102 0.040175 0.012385
12 13 0.035008 0.040175 0.012385
12 14 0.035432 0.040175 0.012385
12 15 0.033456 0.040175 0.012385
12 16 0.029644 0.040175 0.012385
12 17 0.027527 0.040175 0.012385
12 18 0.025268 0.040175 0.012385
12 19 0.023857 0.040175 0.012385
12 20 0.023857 0.040175 0.012385
13 0 0.042349 0.040175 0.012385
13 1 0.043902 0.040175 0.012385
13 2 0.049266 0.040175 0.012385
13 3 0.051242 0.040175 0.012385
13 4 0.050254 0.040175 0.012385
13 5 0.050113 0.040175 0.012385
13 6 0.046443 0.040175 0.012385
13 7 0.042772 0.040175 0.012385
13 8 0.043055 0.040175 0.012385
13 9 0.041220 0.040175 0.012385
13 10 0.040796 0.040175 0.012385
13 11 0.039526 0.040175 0.012385
13 12 0.036420 0.040175 0.012385
13 13 0.035291 0.040175 0.012385
13 14 0.034020 0.040175 0.012385
13 15 0.032326 0.040175 0.012385
13 16 0.028374 0.040175 0.012385
13 17 0.026115 0.040175 0.012385
13 18 0.023433 0.040175 0.012385
13 19 0.023151 0.040175 0.012385
13 20 0.022163 0.040175 0.012385
14 0 0.050678 0.040175 0.012385
14 1 0.054489 0.040175 0.012385
14 2 0.056183 0.040175 0.012385
14 3 0.056465 0.040175 0.012385
14 4 0.054912 0.040175 0.012385
14 5 0.055336 0.040175 0.012385
14 6 0.049972 0.040175 0.012385
14 7 0.044890 0.040175 0.012385
14 8 0.041925 0.040175 0.012385
14 9 0.039667 0.040175 0.012385
14 10 0.039526 0.040175 0.012385
14 11 0.039526 0.040175 0.012385
14 12 0.038820 0.040175 0.012385
14 13 0.035008 0.040175 0.012385
14 14 0.034161 0.040175 0.012385
14 15 0.031338 0.040175 0.012385
14 16 0.025268 0.040175 0.012385
14 17 0.023151 0.040175 0.012385
14 18 0.021316 0.040175 0.012385
14 19 0.019904 0.040175 0.012385
14 20 0.021174 0.040175 0.012385
15 0 0.056183 0.040175 0.012385
15 1 0.060982 0.040175 0.012385
15 2 0.062394 0.040175 0.012385
15 3 0.058018 0.040175 0.012385
15 4 0.057877 0.040175 0.012385
15 5 0.056465 0.040175 0.012385
15 6 0.049407 0.040175 0.012385
15 7 0.045455 0.040175 0.012385
15 8 0.041220 0.040175 0.012385
15 9 0.039243 0.040175 0.012385
15 10 0.037408 0.040175 0.012385
15 11 0.038114 0.040175 0.012385
15 12 0.036561 0.040175 0.012385
15 13 0.033315 0.040175 0.012385
15 14 0.033315 0.040175 0.012385
15 15 0.030774 0.040175 0.012385
15 16 0.025268 0.040175 0.012385
15 17 0.023715 0.040175 0.012385
15 18 0.018351 0.040175 0.012385
15 19 0.019198 0.040175 0.012385
15 20 0.018916 0.040175 0.012385
16 0 0.061547 0.040175 0.012385
16 1 0.063382 0.040175 0.012385
16 2 0.065217 0.040175 0.012385
16 3 0.062818 0.040175 0.012385
16 4 0.061829 0.040175 0.012385
16 5 0.057171 0.040175 0.012385
16 6 0.051525 0.040175 0.012385
16 7 0.045596 0.040175 0.012385
16 8 0.039808 0.040175 0.012385
16 9 0.036844 0.040175 0.012385
16 10 0.035997 0.040175 0.012385
16 11 0.034867 0.040175 0.012385
16 12 0.033879 0.040175 0.012385
16 13 0.030209 0.040175 0.012385
16 14 0.030915 0.040175 0.012385
16 15 0.027527 0.040175 0.012385
16 16 0.025974 0.040175 0.012385
16 17 0.022727 0.040175 0.012385
16 18 0.019763 0.040175 0.012385
16 19 0.018775 0.040175 0.012385
16 20 0.017928 0.040175 0.012385
17 0 0.063100 0.040175 0.012385
17 1 0.066347 0.040175 0.012385
17 2 0.067335 0.040175 0.012385
17 3 0.065500 0.040175 0.012385
17 4 0.062676 0.040175 0.012385
17 5 0.057595 0.040175 0.012385
17 6 0.048842 0.040175 0.012385
17 7 0.043619 0.040175 0.012385
17 8 0.038538 0.040175 0.012385
17 9 0.035714 0.040175 0.012385
17 10 0.033879 0.040175 0.012385
17 11 0.030350 0.040175 0.012385
17 12 0.028656 0.040175 0.012385
17 13 0.026962 0.040175 0.012385
17 14 0.026680 0.040175 0.012385
17 15 0.025551 0.040175 0.012385
17 16 0.023715 0.040175 0.012385
17 17 0.022445 0.040175 0.012385
17 18 0.020751 0.040175 0.012385
17 19 0.018916 0.040175 0.012385
17 20 0.018351 0.040175 0.012385
18 0 0.063100 0.040175 0.012385
18 1 0.068323 0.040175 0.012385
18 2 0.066770 0.040175 0.012385
18 3 0.064935 0.040175 0.012385
18 4 0.059994 0.040175 0.012385
18 5 0.056324 0.040175 0.012385
18 6 0.047007 0.040175 0.012385
18 7 0.040937 0.040175 0.012385
18 8 0.035008 0.040175 0.012385
18 9 0.031197 0.040175 0.012385
18 10 0.029221 0.040175 0.012385
18 11 0.029080 0.040175 0.012385
18 12 0.027244 0.040175 0.012385
18 13 0.024986 0.040175 0.012385
18 14 0.023715 0.040175 0.012385
18 15 0.022163 0.040175 0.012385
18 16 0.021880 0.040175 0.012385
18 17 0.021316 0.040175 0.012385
18 18 0.019339 0.040175 0.012385
18 19 0.019904 0.040175 0.012385
18 20 0.019622 0.040175 0.012385
19 0 0.061547 0.040175 0.012385
19 1 0.064512 0.040175 0.012385
19 2 0.065500 0.040175 0.012385
19 3 0.062959 0.040175 0.012385
19 4 0.057595 0.040175 0.012385
19 5 0.050819 0.040175 0.012385
19 6 0.043478 0.040175 0.012385
19 7 0.037549 0.040175 0.012385
19 8 0.031621 0.040175 0.012385
19 9 0.030491 0.040175 0.012385
19 10 0.029221 0.040175 0.012385
19 11 0.027244 0.040175 0.012385
19 12 0.024986 0.040175 0.012385
19 13 0.022586 0.040175 0.012385
19 14 0.022163 0.040175 0.012385
19 15 0.021174 0.040175 0.012385
19 16 0.020045 0.040175 0.012385
19 17 0.019622 0.040175 0.012385
19 18 0.020045 0.040175 0.012385
19 19 0.018492 0.040175 0.012385
19 20 0.020186 0.040175 0.012385
20 0 0.056324 0.040175 0.012385
20 1 0.059147 0.040175 0.012385
20 2 0.063382 0.040175 0.012385
20 3 0.058442 0.040175 0.012385
20 4 0.051807 0.040175 0.012385
20 5 0.045878 0.040175 0.012385
20 6 0.038255 0.040175 0.012385
20 7 0.034726 0.040175 0.012385
20 8 0.029785 0.040175 0.012385
20 9 0.029503 0.040175 0.012385
20 10 0.026680 0.040175 0.012385
20 11 0.024562 0.040175 0.012385
20 12 0.022727 0.040175 0.012385
20 13 0.021739 0.040175 0.012385
20 14 0.021598 0.040175 0.012385
20 15 0.020469 0.040175 0.012385
20 16 0.019057 0.040175 0.012385
20 17 0.019339 0.040175 0.012385
20 18 0.019904 0.040175 0.012385
20 19 0.019057 0.040175 0.012385
20 20 0.020186 0.040175 0.012385
