# contact distance = 16.0 Angstroms
# F = 0.4 kJ/mol

# i j contact_probability mean_contact_probability stddev_contact_probability
0 0 0.025220 0.052307 0.016636
0 1 0.023087 0.052307 0.016636
0 2 0.026223 0.052307 0.016636
0 3 0.026474 0.052307 0.016636
0 4 0.027980 0.052307 0.016636
0 5 0.028733 0.052307 0.016636
0 6 0.029862 0.052307 0.016636
0 7 0.031493 0.052307 0.016636
0 8 0.034755 0.052307 0.016636
0 9 0.034630 0.052307 0.016636
0 10 0.037390 0.052307 0.016636
0 11 0.042284 0.052307 0.016636
0 12 0.047804 0.052307 0.016636
0 13 0.055834 0.052307 0.016636
0 14 0.062861 0.052307 0.016636
0 15 0.069134 0.052307 0.016636
0 16 0.075282 0.052307 0.016636
0 17 0.077917 0.052307 0.016636
0 18 0.080928 0.052307 0.016636
0 19 0.077917 0.052307 0.016636
0 20 0.073651 0.052307 0.016636
1 0 0.024592 0.052307 0.016636
1 1 0.024467 0.052307 0.016636
1 2 0.024592 0.052307 0.016636
1 3 0.026725 0.052307 0.016636
1 4 0.027353 0.052307 0.016636
1 5 0.027227 0.052307 0.016636
1 6 0.029987 0.052307 0.016636
1 7 0.030615 0.052307 0.016636
1 8 0.034881 0.052307 0.016636
1 9 0.034881 0.052307 0.016636
1 10 0.037641 0.052307 0.016636
1 11 0.043664 0.052307 0.016636
1 12 0.050565 0.052307 0.016636
1 13 0.060602 0.052307 0.016636
1 14 0.067127 0.052307 0.016636
1 15 0.074655 0.052307 0.016636
1 16 0.079674 0.052307 0.016636
1 17 0.082811 0.052307 0.016636
1 18 0.086198 0.052307 0.016636
1 19 0.081054 0.052307 0.016636
1 20 0.076412 0.052307 0.016636
2 0 0.024467 0.052307 0.016636
2 1 0.024216 0.052307 0.016636
2 2 0.027102 0.052307 0.016636
2 3 0.025721 0.052307 0.016636
2 4 0.027353 0.052307 0.016636
2 5 0.028356 0.052307 0.016636
2 6 0.030238 0.052307 0.016636
2 7 0.030615 0.052307 0.016636
2 8 0.033501 0.052307 0.016636
2 9 0.036763 0.052307 0.016636
2 10 0.040903 0.052307 0.016636
2 11 0.045671 0.052307 0.016636
2 12 0.051945 0.052307 0.016636
2 13 0.059097 0.052307 0.016636
2 14 0.068632 0.052307 0.016636
2 15 0.076913 0.052307 0.016636
2 16 0.084065 0.052307 0.016636
2 17 0.086575 0.052307 0.016636
2 18 0.089586 0.052307 0.016636
2 19 0.083940 0.052307 0.016636
2 20 0.079548 0.052307 0.016636
3 0 0.024592 0.052307 0.016636
3 1 0.025721 0.052307 0.016636
3 2 0.025596 0.052307 0.016636
3 3 0.026600 0.052307 0.016636
3 4 0.026600 0.052307 0.016636
3 5 0.027729 0.052307 0.016636
3 6 0.030489 0.052307 0.016636
3 7 0.032873 0.052307 0.016636
3 8 0.036637 0.052307 0.016636
3 9 0.039649 0.052307 0.016636
3 10 0.043287 0.052307 0.016636
3 11 0.047428 0.052307 0.016636
3 12 0.052823 0.052307 0.016636
3 13 0.060728 0.052307 0.016636
3 14 0.069636 0.052307 0.016636
3 15 0.075533 0.052307 0.016636
3 16 0.077917 0.052307 0.016636
3 17 0.084818 0.052307 0.016636
3 18 0.085822 0.052307 0.016636
3 19 0.081430 0.052307 0.016636
3 20 0.076537 0.052307 0.016636
4 0 0.028733 0.052307 0.016636
4 1 0.026851 0.052307 0.016636
4 2 0.028231 0.052307 0.016636
4 3 0.027980 0.052307 0.016636
4 4 0.027227 0.052307 0.016636
4 5 0.029360 0.052307 0.016636
4 6 0.033250 0.052307 0.016636
4 7 0.034881 0.052307 0.016636
4 8 0.038394 0.052307 0.016636
4 9 0.043162 0.052307 0.016636
4 10 0.048181 0.052307 0.016636
4 11 0.048181 0.052307 0.016636
4 12 0.055709 0.052307 0.016636
4 13 0.063990 0.052307 0.016636
4 14 0.068005 0.052307 0.016636
4 15 0.074780 0.052307 0.016636
4 16 0.080803 0.052307 0.016636
4 17 0.082058 0.052307 0.016636
4 18 0.082058 0.052307 0.016636
4 19 0.075910 0.052307 0.016636
4 20 0.069385 0.052307 0.016636
5 0 0.029862 0.052307 0.016636
5 1 0.028858 0.052307 0.016636
5 2 0.029360 0.052307 0.016636
5 3 0.030740 0.052307 0.016636
5 4 0.031242 0.052307 0.016636
5 5 0.032246 0.052307 0.016636
5 6 0.037390 0.052307 0.016636
5 7 0.039147 0.052307 0.016636
5 8 0.043036 0.052307 0.016636
5 9 0.046550 0.052307 0.016636
5 10 0.048557 0.052307 0.016636
5 11 0.051819 0.052307 0.016636
5 12 0.059348 0.052307 0.016636
5 13 0.064743 0.052307 0.016636
5 14 0.070891 0.052307 0.016636
5 15 0.073024 0.052307 0.016636
5 16 0.076161 0.052307 0.016636
5 17 0.074780 0.052307 0.016636
5 18 0.075282 0.052307 0.016636
5 19 0.068883 0.052307 0.016636
5 20 0.062610 0.052307 0.016636
6 0 0.030991 0.052307 0.016636
6 1 0.032246 0.052307 0.016636
6 2 0.033501 0.052307 0.016636
6 3 0.034379 0.052307 0.016636
6 4 0.033124 0.052307 0.016636
6 5 0.036888 0.052307 0.016636
6 6 0.040527 0.052307 0.016636
6 7 0.043538 0.052307 0.016636
6 8 0.044918 0.052307 0.016636
6 9 0.050188 0.052307 0.016636
6 10 0.051568 0.052307 0.016636
6 11 0.054078 0.052307 0.016636
6 12 0.060477 0.052307 0.016636
6 13 0.066499 0.052307 0.016636
6 14 0.068256 0.052307 0.016636
6 15 0.072146 0.052307 0.016636
6 16 0.071393 0.052307 0.016636
6 17 0.070263 0.052307 0.016636
6 18 0.069636 0.052307 0.016636
6 19 0.063990 0.052307 0.016636
6 20 0.057716 0.052307 0.016636
7 0 0.032120 0.052307 0.016636
7 1 0.034504 0.052307 0.016636
7 2 0.035885 0.052307 0.016636
7 3 0.034630 0.052307 0.016636
7 4 0.036261 0.052307 0.016636
7 5 0.038018 0.052307 0.016636
7 6 0.041405 0.052307 0.016636
7 7 0.044668 0.052307 0.016636
7 8 0.045671 0.052307 0.016636
7 9 0.048557 0.052307 0.016636
7 10 0.050188 0.052307 0.016636
7 11 0.055834 0.052307 0.016636
7 12 0.060477 0.052307 0.016636
7 13 0.063237 0.052307 0.016636
7 14 0.067252 0.052307 0.016636
7 15 0.067503 0.052307 0.016636
7 16 0.067001 0.052307 0.016636
7 17 0.064115 0.052307 0.016636
7 18 0.060351 0.052307 0.016636
7 19 0.056211 0.052307 0.016636
7 20 0.051819 0.052307 0.016636
8 0 0.033626 0.052307 0.016636
8 1 0.034504 0.052307 0.016636
8 2 0.036637 0.052307 0.016636
8 3 0.038896 0.052307 0.016636
8 4 0.037892 0.052307 0.016636
8 5 0.039272 0.052307 0.016636
8 6 0.043538 0.052307 0.016636
8 7 0.044793 0.052307 0.016636
8 8 0.047302 0.052307 0.016636
8 9 0.049184 0.052307 0.016636
8 10 0.052321 0.052307 0.016636
8 11 0.055709 0.052307 0.016636
8 12 0.059975 0.052307 0.016636
8 13 0.063237 0.052307 0.016636
8 14 0.063864 0.052307 0.016636
8 15 0.064868 0.052307 0.016636
8 16 0.061481 0.052307 0.016636
8 17 0.056964 0.052307 0.016636
8 18 0.053450 0.052307 0.016636
8 19 0.049686 0.052307 0.016636
8 20 0.045295 0.052307 0.016636
9 0 0.038394 0.052307 0.016636
9 1 0.038770 0.052307 0.016636
9 2 0.039398 0.052307 0.016636
9 3 0.038018 0.052307 0.016636
9 4 0.040402 0.052307 0.016636
9 5 0.044166 0.052307 0.016636
9 6 0.045420 0.052307 0.016636
9 7 0.047428 0.052307 0.016636
9 8 0.047930 0.052307 0.016636
9 9 0.049937 0.052307 0.016636
9 10 0.053199 0.052307 0.016636
9 11 0.055458 0.052307 0.016636
9 12 0.058469 0.052307 0.016636
9 13 0.058595 0.052307 0.016636
9 14 0.059222 0.052307 0.016636
9 15 0.059724 0.052307 0.016636
9 16 0.058720 0.052307 0.016636
9 17 0.052196 0.052307 0.016636
9 18 0.048432 0.052307 0.016636
9 19 0.045295 0.052307 0.016636
9 20 0.042158 0.052307 0.016636
10 0 0.039523 0.052307 0.016636
10 1 0.041405 0.052307 0.016636
10 2 0.042785 0.052307 0.016636
10 3 0.043413 0.052307 0.016636
10 4 0.043915 0.052307 0.016636
10 5 0.045797 0.052307 0.016636
10 6 0.049184 0.052307 0.016636
10 7 0.048934 0.052307 0.016636
10 8 0.050941 0.052307 0.016636
10 9 0.054705 0.052307 0.016636
10 10 0.054580 0.052307 0.016636
10 11 0.056085 0.052307 0.016636
10 12 0.058344 0.052307 0.016636
10 13 0.059598 0.052307 0.016636
10 14 0.057089 0.052307 0.016636
10 15 0.058344 0.052307 0.016636
10 16 0.054329 0.052307 0.016636
10 17 0.050941 0.052307 0.016636
10 18 0.049812 0.052307 0.016636
10 19 0.044417 0.052307 0.016636
10 20 0.041531 0.052307 0.016636
11 0 0.043413 0.052307 0.016636
11 1 0.045420 0.052307 0.016636
11 2 0.045295 0.052307 0.016636
11 3 0.045295 0.052307 0.016636
11 4 0.046048 0.052307 0.016636
11 5 0.048683 0.052307 0.016636
11 6 0.050188 0.052307 0.016636
11 7 0.052823 0.052307 0.016636
11 8 0.053576 0.052307 0.016636
11 9 0.056587 0.052307 0.016636
11 10 0.057089 0.052307 0.016636
11 11 0.057340 0.052307 0.016636
11 12 0.057591 0.052307 0.016636
11 13 0.058846 0.052307 0.016636
11 14 0.056587 0.052307 0.016636
11 15 0.057465 0.052307 0.016636
11 16 0.054956 0.052307 0.016636
11 17 0.051819 0.052307 0.016636
11 18 0.048055 0.052307 0.016636
11 19 0.042033 0.052307 0.016636
11 20 0.038143 0.052307 0.016636
12 0 0.048808 0.052307 0.016636
12 1 0.049937 0.052307 0.016636
12 2 0.050941 0.052307 0.016636
12 3 0.051443 0.052307 0.016636
12 4 0.051945 0.052307 0.016636
12 5 0.051945 0.052307 0.016636
12 6 0.056462 0.052307 0.016636
12 7 0.056838 0.052307 0.016636
12 8 0.056713 0.052307 0.016636
12 9 0.057465 0.052307 0.016636
12 10 0.057340 0.052307 0.016636
12 11 0.057465 0.052307 0.016636
12 12 0.058971 0.052307 0.016636
12 13 0.060728 0.052307 0.016636
12 14 0.058720 0.052307 0.016636
12 15 0.057340 0.052307 0.016636
12 16 0.054956 0.052307 0.016636
12 17 0.051945 0.052307 0.016636
12 18 0.046550 0.052307 0.016636
12 19 0.039900 0.052307 0.016636
12 20 0.037390 0.052307 0.016636
13 0 0.054078 0.052307 0.016636
13 1 0.056587 0.052307 0.016636
13 2 0.056211 0.052307 0.016636
13 3 0.057967 0.052307 0.016636
13 4 0.058093 0.052307 0.016636
13 5 0.056336 0.052307 0.016636
13 6 0.058344 0.052307 0.016636
13 7 0.057842 0.052307 0.016636
13 8 0.060477 0.052307 0.016636
13 9 0.060100 0.052307 0.016636
13 10 0.059598 0.052307 0.016636
13 11 0.060477 0.052307 0.016636
13 12 0.060351 0.052307 0.016636
13 13 0.060100 0.052307 0.016636
13 14 0.058720 0.052307 0.016636
13 15 0.057215 0.052307 0.016636
13 16 0.053952 0.052307 0.016636
13 17 0.049059 0.052307 0.016636
13 18 0.045922 0.052307 0.016636
13 19 0.039900 0.052307 0.016636
13 20 0.034881 0.052307 0.016636
14 0 0.060477 0.052307 0.016636
14 1 0.064743 0.052307 0.016636
14 2 0.065496 0.052307 0.016636
14 3 0.067754 0.052307 0.016636
14 4 0.066750 0.052307 0.016636
14 5 0.063363 0.052307 0.016636
14 6 0.060728 0.052307 0.016636
14 7 0.062233 0.052307 0.016636
14 8 0.060100 0.052307 0.016636
14 9 0.061481 0.052307 0.016636
14 10 0.062359 0.052307 0.016636
14 11 0.061230 0.052307 0.016636
14 12 0.059724 0.052307 0.016636
14 13 0.059222 0.052307 0.016636
14 14 0.058093 0.052307 0.016636
14 15 0.055207 0.052307 0.016636
14 16 0.049435 0.052307 0.016636
14 17 0.046299 0.052307 0.016636
14 18 0.042284 0.052307 0.016636
14 19 0.036637 0.052307 0.016636
14 20 0.033501 0.052307 0.016636
15 0 0.070263 0.052307 0.016636
15 1 0.072271 0.052307 0.016636
15 2 0.073400 0.052307 0.016636
15 3 0.075282 0.052307 0.016636
15 4 0.072396 0.052307 0.016636
15 5 0.068381 0.052307 0.016636
15 6 0.067252 0.052307 0.016636
15 7 0.066123 0.052307 0.016636
15 8 0.064115 0.052307 0.016636
15 9 0.063237 0.052307 0.016636
15 10 0.063990 0.052307 0.016636
15 11 0.059849 0.052307 0.016636
15 12 0.058846 0.052307 0.016636
15 13 0.058971 0.052307 0.016636
15 14 0.057215 0.052307 0.016636
15 15 0.050063 0.052307 0.016636
15 16 0.046550 0.052307 0.016636
15 17 0.042409 0.052307 0.016636
15 18 0.040025 0.052307 0.016636
15 19 0.034630 0.052307 0.016636
15 20 0.032999 0.052307 0.016636
16 0 0.073526 0.052307 0.016636
16 1 0.078419 0.052307 0.016636
16 2 0.080427 0.052307 0.016636
16 3 0.078921 0.052307 0.016636
16 4 0.076286 0.052307 0.016636
16 5 0.074153 0.052307 0.016636
16 6 0.071895 0.052307 0.016636
16 7 0.068507 0.052307 0.016636
16 8 0.066499 0.052307 0.016636
16 9 0.063112 0.052307 0.016636
16 10 0.062233 0.052307 0.016636
16 11 0.055834 0.052307 0.016636
16 12 0.056964 0.052307 0.016636
16 13 0.055583 0.052307 0.016636
16 14 0.053074 0.052307 0.016636
16 15 0.047930 0.052307 0.016636
16 16 0.042535 0.052307 0.016636
16 17 0.036888 0.052307 0.016636
16 18 0.034755 0.052307 0.016636
16 19 0.031870 0.052307 0.016636
16 20 0.031242 0.052307 0.016636
17 0 0.078294 0.052307 0.016636
17 1 0.083689 0.052307 0.016636
17 2 0.086575 0.052307 0.016636
17 3 0.085194 0.052307 0.016636
17 4 0.082058 0.052307 0.016636
17 5 0.076788 0.052307 0.016636
17 6 0.073651 0.052307 0.016636
17 7 0.067503 0.052307 0.016636
17 8 0.065370 0.052307 0.016636
17 9 0.060351 0.052307 0.016636
17 10 0.059222 0.052307 0.016636
17 11 0.056838 0.052307 0.016636
17 12 0.051819 0.052307 0.016636
17 13 0.050565 0.052307 0.016636
17 14 0.048683 0.052307 0.016636
17 15 0.042785 0.052307 0.016636
17 16 0.039398 0.052307 0.016636
17 17 0.033752 0.052307 0.016636
17 18 0.028607 0.052307 0.016636
17 19 0.028105 0.052307 0.016636
17 20 0.027729 0.052307 0.016636
18 0 0.082936 0.052307 0.016636
18 1 0.086073 0.052307 0.016636
18 2 0.087453 0.052307 0.016636
18 3 0.085947 0.052307 0.016636
18 4 0.081807 0.052307 0.016636
18 5 0.074655 0.052307 0.016636
18 6 0.071267 0.052307 0.016636
18 7 0.064115 0.052307 0.016636
18 8 0.059222 0.052307 0.016636
18 9 0.058595 0.052307 0.016636
18 10 0.058344 0.052307 0.016636
18 11 0.052447 0.052307 0.016636
18 12 0.048055 0.052307 0.016636
18 13 0.044542 0.052307 0.016636
18 14 0.040276 0.052307 0.016636
18 15 0.039272 0.052307 0.016636
18 16 0.034504 0.052307 0.016636
18 17 0.028356 0.052307 0.016636
18 18 0.026098 0.052307 0.016636
18 19 0.026349 0.052307 0.016636
18 20 0.026474 0.052307 0.016636
19 0 0.078043 0.052307 0.016636
19 1 0.083312 0.052307 0.016636
19 2 0.086073 0.052307 0.016636
19 3 0.083438 0.052307 0.016636
19 4 0.078419 0.052307 0.016636
19 5 0.072146 0.052307 0.016636
19 6 0.069385 0.052307 0.016636
19 7 0.060728 0.052307 0.016636
19 8 0.056211 0.052307 0.016636
19 9 0.054705 0.052307 0.016636
19 10 0.052572 0.052307 0.016636
19 11 0.047553 0.052307 0.016636
19 12 0.043915 0.052307 0.016636
19 13 0.038896 0.052307 0.016636
19 14 0.037516 0.052307 0.016636
19 15 0.034253 0.052307 0.016636
19 16 0.031117 0.052307 0.016636
19 17 0.027854 0.052307 0.016636
19 18 0.027353 0.052307 0.016636
19 19 0.026223 0.052307 0.016636
19 20 0.025596 0.052307 0.016636
20 0 0.072271 0.052307 0.016636
20 1 0.080803 0.052307 0.016636
20 2 0.080050 0.052307 0.016636
20 3 0.078043 0.052307 0.016636
20 4 0.073024 0.052307 0.016636
20 5 0.063864 0.052307 0.016636
20 6 0.060979 0.052307 0.016636
20 7 0.055458 0.052307 0.016636
20 8 0.050565 0.052307 0.016636
20 9 0.048683 0.052307 0.016636
20 10 0.047930 0.052307 0.016636
20 11 0.042535 0.052307 0.016636
20 12 0.039523 0.052307 0.016636
20 13 0.036763 0.052307 0.016636
20 14 0.035383 0.052307 0.016636
20 15 0.033877 0.052307 0.016636
20 16 0.029737 0.052307 0.016636
20 17 0.026725 0.052307 0.016636
20 18 0.024969 0.052307 0.016636
20 19 0.024843 0.052307 0.016636
20 20 0.022961 0.052307 0.016636
