# contact distance = 16.0 Angstroms
# F = 0.4 kJ/mol

# i j contact_probability mean_contact_probability stddev_contact_probability
0 0 0.026448 0.038555 0.013764
0 1 0.026152 0.038555 0.013764
0 2 0.022754 0.038555 0.013764
0 3 0.022163 0.038555 0.013764
0 4 0.021129 0.038555 0.013764
0 5 0.021868 0.038555 0.013764
0 6 0.024232 0.038555 0.013764
0 7 0.022163 0.038555 0.013764
0 8 0.023345 0.038555 0.013764
0 9 0.025561 0.038555 0.013764
0 10 0.028664 0.038555 0.013764
0 11 0.030142 0.038555 0.013764
0 12 0.032506 0.038555 0.013764
0 13 0.037825 0.038555 0.013764
0 14 0.042258 0.038555 0.013764
0 15 0.047134 0.038555 0.013764
0 16 0.052748 0.038555 0.013764
0 17 0.059249 0.038555 0.013764
0 18 0.062500 0.038555 0.013764
0 19 0.061909 0.038555 0.013764
0 20 0.057329 0.038555 0.013764
1 0 0.025709 0.038555 0.013764
1 1 0.023788 0.038555 0.013764
1 2 0.022163 0.038555 0.013764
1 3 0.020390 0.038555 0.013764
1 4 0.021720 0.038555 0.013764
1 5 0.021868 0.038555 0.013764
1 6 0.023788 0.038555 0.013764
1 7 0.023641 0.038555 0.013764
1 8 0.024675 0.038555 0.013764
1 9 0.027335 0.038555 0.013764
1 10 0.029551 0.038555 0.013764
1 11 0.031915 0.038555 0.013764
1 12 0.035018 0.038555 0.013764
1 13 0.042110 0.038555 0.013764
1 14 0.046690 0.038555 0.013764
1 15 0.053930 0.038555 0.013764
1 16 0.059988 0.038555 0.013764
1 17 0.063239 0.038555 0.013764
1 18 0.067080 0.038555 0.013764
1 19 0.065455 0.038555 0.013764
1 20 0.061466 0.038555 0.013764
2 0 0.025709 0.038555 0.013764
2 1 0.023936 0.038555 0.013764
2 2 0.024084 0.038555 0.013764
2 3 0.023936 0.038555 0.013764
2 4 0.023050 0.038555 0.013764
2 5 0.024675 0.038555 0.013764
2 6 0.024823 0.038555 0.013764
2 7 0.025561 0.038555 0.013764
2 8 0.027039 0.038555 0.013764
2 9 0.027630 0.038555 0.013764
2 10 0.032506 0.038555 0.013764
2 11 0.034427 0.038555 0.013764
2 12 0.038416 0.038555 0.013764
2 13 0.045065 0.038555 0.013764
2 14 0.052896 0.038555 0.013764
2 15 0.061022 0.038555 0.013764
2 16 0.064569 0.038555 0.013764
2 17 0.068115 0.038555 0.013764
2 18 0.069592 0.038555 0.013764
2 19 0.067967 0.038555 0.013764
2 20 0.063978 0.038555 0.013764
3 0 0.025414 0.038555 0.013764
3 1 0.021424 0.038555 0.013764
3 2 0.021572 0.038555 0.013764
3 3 0.022311 0.038555 0.013764
3 4 0.025118 0.038555 0.013764
3 5 0.026743 0.038555 0.013764
3 6 0.026891 0.038555 0.013764
3 7 0.027335 0.038555 0.013764
3 8 0.028369 0.038555 0.013764
3 9 0.031619 0.038555 0.013764
3 10 0.035018 0.038555 0.013764
3 11 0.037086 0.038555 0.013764
3 12 0.041519 0.038555 0.013764
3 13 0.049498 0.038555 0.013764
3 14 0.054078 0.038555 0.013764
3 15 0.061170 0.038555 0.013764
3 16 0.063830 0.038555 0.013764
3 17 0.066637 0.038555 0.013764
3 18 0.068262 0.038555 0.013764
3 19 0.067524 0.038555 0.013764
3 20 0.061022 0.038555 0.013764
4 0 0.025414 0.038555 0.013764
4 1 0.025118 0.038555 0.013764
4 2 0.023641 0.038555 0.013764
4 3 0.026005 0.038555 0.013764
4 4 0.027335 0.038555 0.013764
4 5 0.029255 0.038555 0.013764
4 6 0.027926 0.038555 0.013764
4 7 0.031767 0.038555 0.013764
4 8 0.033688 0.038555 0.013764
4 9 0.036939 0.038555 0.013764
4 10 0.038268 0.038555 0.013764
4 11 0.041223 0.038555 0.013764
4 12 0.045508 0.038555 0.013764
4 13 0.051714 0.038555 0.013764
4 14 0.055112 0.038555 0.013764
4 15 0.060875 0.038555 0.013764
4 16 0.061318 0.038555 0.013764
4 17 0.065160 0.038555 0.013764
4 18 0.064569 0.038555 0.013764
4 19 0.061022 0.038555 0.013764
4 20 0.055408 0.038555 0.013764
5 0 0.024232 0.038555 0.013764
5 1 0.024675 0.038555 0.013764
5 2 0.024379 0.038555 0.013764
5 3 0.027630 0.038555 0.013764
5 4 0.029255 0.038555 0.013764
5 5 0.031176 0.038555 0.013764
5 6 0.032801 0.038555 0.013764
5 7 0.033245 0.038555 0.013764
5 8 0.036200 0.038555 0.013764
5 9 0.040337 0.038555 0.013764
5 10 0.040485 0.038555 0.013764
5 11 0.043735 0.038555 0.013764
5 12 0.048020 0.038555 0.013764
5 13 0.053487 0.038555 0.013764
5 14 0.056590 0.038555 0.013764
5 15 0.059693 0.038555 0.013764
5 16 0.059693 0.038555 0.013764
5 17 0.059102 0.038555 0.013764
5 18 0.059397 0.038555 0.013764
5 19 0.053930 0.038555 0.013764
5 20 0.047429 0.038555 0.013764
6 0 0.026596 0.038555 0.013764
6 1 0.024527 0.038555 0.013764
6 2 0.026891 0.038555 0.013764
6 3 0.028664 0.038555 0.013764
6 4 0.032506 0.038555 0.013764
6 5 0.031619 0.038555 0.013764
6 6 0.035018 0.038555 0.013764
6 7 0.038712 0.038555 0.013764
6 8 0.041223 0.038555 0.013764
6 9 0.042701 0.038555 0.013764
6 10 0.044031 0.038555 0.013764
6 11 0.045656 0.038555 0.013764
6 12 0.048907 0.038555 0.013764
6 13 0.049202 0.038555 0.013764
6 14 0.053044 0.038555 0.013764
6 15 0.055999 0.038555 0.013764
6 16 0.052305 0.038555 0.013764
6 17 0.052009 0.038555 0.013764
6 18 0.052157 0.038555 0.013764
6 19 0.047281 0.038555 0.013764
6 20 0.041667 0.038555 0.013764
7 0 0.027039 0.038555 0.013764
7 1 0.025857 0.038555 0.013764
7 2 0.028369 0.038555 0.013764
7 3 0.030290 0.038555 0.013764
7 4 0.032358 0.038555 0.013764
7 5 0.034722 0.038555 0.013764
7 6 0.036052 0.038555 0.013764
7 7 0.040928 0.038555 0.013764
7 8 0.042849 0.038555 0.013764
7 9 0.044622 0.038555 0.013764
7 10 0.045065 0.038555 0.013764
7 11 0.044178 0.038555 0.013764
7 12 0.048316 0.038555 0.013764
7 13 0.047281 0.038555 0.013764
7 14 0.048316 0.038555 0.013764
7 15 0.048611 0.038555 0.013764
7 16 0.047429 0.038555 0.013764
7 17 0.042701 0.038555 0.013764
7 18 0.039450 0.038555 0.013764
7 19 0.035313 0.038555 0.013764
7 20 0.031767 0.038555 0.013764
8 0 0.027778 0.038555 0.013764
8 1 0.029403 0.038555 0.013764
8 2 0.030733 0.038555 0.013764
8 3 0.031028 0.038555 0.013764
8 4 0.034870 0.038555 0.013764
8 5 0.036643 0.038555 0.013764
8 6 0.038416 0.038555 0.013764
8 7 0.039894 0.038555 0.013764
8 8 0.042553 0.038555 0.013764
8 9 0.045361 0.038555 0.013764
8 10 0.043144 0.038555 0.013764
8 11 0.042405 0.038555 0.013764
8 12 0.044326 0.038555 0.013764
8 13 0.044917 0.038555 0.013764
8 14 0.045213 0.038555 0.013764
8 15 0.042849 0.038555 0.013764
8 16 0.040041 0.038555 0.013764
8 17 0.035461 0.038555 0.013764
8 18 0.031915 0.038555 0.013764
8 19 0.028221 0.038555 0.013764
8 20 0.026596 0.038555 0.013764
9 0 0.027482 0.038555 0.013764
9 1 0.030142 0.038555 0.013764
9 2 0.030290 0.038555 0.013764
9 3 0.033392 0.038555 0.013764
9 4 0.034870 0.038555 0.013764
9 5 0.039303 0.038555 0.013764
9 6 0.039746 0.038555 0.013764
9 7 0.041962 0.038555 0.013764
9 8 0.042258 0.038555 0.013764
9 9 0.045804 0.038555 0.013764
9 10 0.043587 0.038555 0.013764
9 11 0.042258 0.038555 0.013764
9 12 0.041519 0.038555 0.013764
9 13 0.041076 0.038555 0.013764
9 14 0.040780 0.038555 0.013764
9 15 0.038564 0.038555 0.013764
9 16 0.035313 0.038555 0.013764
9 17 0.030733 0.038555 0.013764
9 18 0.026596 0.038555 0.013764
9 19 0.025118 0.038555 0.013764
9 20 0.024084 0.038555 0.013764
10 0 0.027039 0.038555 0.013764
10 1 0.029846 0.038555 0.013764
10 2 0.030290 0.038555 0.013764
10 3 0.033097 0.038555 0.013764
10 4 0.036200 0.038555 0.013764
10 5 0.039155 0.038555 0.013764
10 6 0.040928 0.038555 0.013764
10 7 0.044326 0.038555 0.013764
10 8 0.043144 0.038555 0.013764
10 9 0.044622 0.038555 0.013764
10 10 0.044622 0.038555 0.013764
10 11 0.042701 0.038555 0.013764
10 12 0.041076 0.038555 0.013764
10 13 0.038712 0.038555 0.013764
10 14 0.037973 0.038555 0.013764
10 15 0.035904 0.038555 0.013764
10 16 0.032210 0.038555 0.013764
10 17 0.028960 0.038555 0.013764
10 18 0.025118 0.038555 0.013764
10 19 0.021572 0.038555 0.013764
10 20 0.023197 0.038555 0.013764
11 0 0.026891 0.038555 0.013764
11 1 0.031028 0.038555 0.013764
11 2 0.032210 0.038555 0.013764
11 3 0.035904 0.038555 0.013764
11 4 0.039155 0.038555 0.013764
11 5 0.041814 0.038555 0.013764
11 6 0.044031 0.038555 0.013764
11 7 0.044178 0.038555 0.013764
11 8 0.044326 0.038555 0.013764
11 9 0.044474 0.038555 0.013764
11 10 0.041962 0.038555 0.013764
11 11 0.037234 0.038555 0.013764
11 12 0.039007 0.038555 0.013764
11 13 0.037973 0.038555 0.013764
11 14 0.037530 0.038555 0.013764
11 15 0.035018 0.038555 0.013764
11 16 0.030437 0.038555 0.013764
11 17 0.028812 0.038555 0.013764
11 18 0.023050 0.038555 0.013764
11 19 0.020095 0.038555 0.013764
11 20 0.020242 0.038555 0.013764
12 0 0.029551 0.038555 0.013764
12 1 0.034131 0.038555 0.013764
12 2 0.037825 0.038555 0.013764
12 3 0.042996 0.038555 0.013764
12 4 0.045213 0.038555 0.013764
12 5 0.045804 0.038555 0.013764
12 6 0.045952 0.038555 0.013764
12 7 0.047725 0.038555 0.013764
12 8 0.043735 0.038555 0.013764
12 9 0.043587 0.038555 0.013764
12 10 0.040189 0.038555 0.013764
12 11 0.039155 0.038555 0.013764
12 12 0.037825 0.038555 0.013764
12 13 0.036791 0.038555 0.013764
12 14 0.037677 0.038555 0.013764
12 15 0.036643 0.038555 0.013764
12 16 0.031915 0.038555 0.013764
12 17 0.031176 0.038555 0.013764
12 18 0.023197 0.038555 0.013764
12 19 0.022163 0.038555 0.013764
12 20 0.022606 0.038555 0.013764
13 0 0.035757 0.038555 0.013764
13 1 0.039746 0.038555 0.013764
13 2 0.045065 0.038555 0.013764
13 3 0.048020 0.038555 0.013764
13 4 0.050532 0.038555 0.013764
13 5 0.048907 0.038555 0.013764
13 6 0.048611 0.038555 0.013764
13 7 0.046543 0.038555 0.013764
13 8 0.043735 0.038555 0.013764
13 9 0.043292 0.038555 0.013764
13 10 0.038416 0.038555 0.013764
13 11 0.038268 0.038555 0.013764
13 12 0.037382 0.038555 0.013764
13 13 0.036939 0.038555 0.013764
13 14 0.037382 0.038555 0.013764
13 15 0.035313 0.038555 0.013764
13 16 0.032801 0.038555 0.013764
13 17 0.028221 0.038555 0.013764
13 18 0.023788 0.038555 0.013764
13 19 0.022754 0.038555 0.013764
13 20 0.021572 0.038555 0.013764
14 0 0.039007 0.038555 0.013764
14 1 0.045065 0.038555 0.013764
14 2 0.050532 0.038555 0.013764
14 3 0.053044 0.038555 0.013764
14 4 0.055703 0.038555 0.013764
14 5 0.053339 0.038555 0.013764
14 6 0.051271 0.038555 0.013764
14 7 0.047725 0.038555 0.013764
14 8 0.044326 0.038555 0.013764
14 9 0.042258 0.038555 0.013764
14 10 0.038712 0.038555 0.013764
14 11 0.035165 0.038555 0.013764
14 12 0.036052 0.038555 0.013764
14 13 0.034722 0.038555 0.013764
14 14 0.035757 0.038555 0.013764
14 15 0.033983 0.038555 0.013764
14 16 0.030290 0.038555 0.013764
14 17 0.028221 0.038555 0.013764
14 18 0.024232 0.038555 0.013764
14 19 0.021129 0.038555 0.013764
14 20 0.022163 0.038555 0.013764
15 0 0.050236 0.038555 0.013764
15 1 0.055260 0.038555 0.013764
15 2 0.060284 0.038555 0.013764
15 3 0.061466 0.038555 0.013764
15 4 0.059693 0.038555 0.013764
15 5 0.057476 0.038555 0.013764
15 6 0.052896 0.038555 0.013764
15 7 0.048907 0.038555 0.013764
15 8 0.042110 0.038555 0.013764
15 9 0.040041 0.038555 0.013764
15 10 0.036348 0.038555 0.013764
15 11 0.034427 0.038555 0.013764
15 12 0.034279 0.038555 0.013764
15 13 0.036643 0.038555 0.013764
15 14 0.032358 0.038555 0.013764
15 15 0.031472 0.038555 0.013764
15 16 0.029551 0.038555 0.013764
15 17 0.026743 0.038555 0.013764
15 18 0.022459 0.038555 0.013764
15 19 0.020833 0.038555 0.013764
15 20 0.020390 0.038555 0.013764
16 0 0.058511 0.038555 0.013764
16 1 0.065307 0.038555 0.013764
16 2 0.067376 0.038555 0.013764
16 3 0.068706 0.038555 0.013764
16 4 0.064125 0.038555 0.013764
16 5 0.059545 0.038555 0.013764
16 6 0.055260 0.038555 0.013764
16 7 0.049645 0.038555 0.013764
16 8 0.040632 0.038555 0.013764
16 9 0.036939 0.038555 0.013764
16 10 0.033688 0.038555 0.013764
16 11 0.032506 0.038555 0.013764
16 12 0.033392 0.038555 0.013764
16 13 0.032358 0.038555 0.013764
16 14 0.029108 0.038555 0.013764
16 15 0.029255 0.038555 0.013764
16 16 0.029551 0.038555 0.013764
16 17 0.026891 0.038555 0.013764
16 18 0.021720 0.038555 0.013764
16 19 0.020833 0.038555 0.013764
16 20 0.019799 0.038555 0.013764
17 0 0.063239 0.038555 0.013764
17 1 0.068410 0.038555 0.013764
17 2 0.071513 0.038555 0.013764
17 3 0.072252 0.038555 0.013764
17 4 0.067080 0.038555 0.013764
17 5 0.060727 0.038555 0.013764
17 6 0.054226 0.038555 0.013764
17 7 0.045952 0.038555 0.013764
17 8 0.037973 0.038555 0.013764
17 9 0.034427 0.038555 0.013764
17 10 0.030585 0.038555 0.013764
17 11 0.031176 0.038555 0.013764
17 12 0.028369 0.038555 0.013764
17 13 0.027926 0.038555 0.013764
17 14 0.027039 0.038555 0.013764
17 15 0.025857 0.038555 0.013764
17 16 0.025709 0.038555 0.013764
17 17 0.024232 0.038555 0.013764
17 18 0.021277 0.038555 0.013764
17 19 0.019799 0.038555 0.013764
17 20 0.021424 0.038555 0.013764
18 0 0.063830 0.038555 0.013764
18 1 0.068262 0.038555 0.013764
18 2 0.071809 0.038555 0.013764
18 3 0.072547 0.038555 0.013764
18 4 0.065898 0.038555 0.013764
18 5 0.058067 0.038555 0.013764
18 6 0.050384 0.038555 0.013764
18 7 0.042849 0.038555 0.013764
18 8 0.033836 0.038555 0.013764
18 9 0.031028 0.038555 0.013764
18 10 0.027335 0.038555 0.013764
18 11 0.026448 0.038555 0.013764
18 12 0.026005 0.038555 0.013764
18 13 0.026743 0.038555 0.013764
18 14 0.023936 0.038555 0.013764
18 15 0.022754 0.038555 0.013764
18 16 0.022754 0.038555 0.013764
18 17 0.020538 0.038555 0.013764
18 18 0.018913 0.038555 0.013764
18 19 0.018765 0.038555 0.013764
18 20 0.020686 0.038555 0.013764
19 0 0.060579 0.038555 0.013764
19 1 0.065307 0.038555 0.013764
19 2 0.070035 0.038555 0.013764
19 3 0.068853 0.038555 0.013764
19 4 0.064125 0.038555 0.013764
19 5 0.055851 0.038555 0.013764
19 6 0.045656 0.038555 0.013764
19 7 0.035461 0.038555 0.013764
19 8 0.029699 0.038555 0.013764
19 9 0.026891 0.038555 0.013764
19 10 0.023936 0.038555 0.013764
19 11 0.023493 0.038555 0.013764
19 12 0.021720 0.038555 0.013764
19 13 0.022754 0.038555 0.013764
19 14 0.019799 0.038555 0.013764
19 15 0.020242 0.038555 0.013764
19 16 0.019947 0.038555 0.013764
19 17 0.019356 0.038555 0.013764
19 18 0.018174 0.038555 0.013764
19 19 0.020242 0.038555 0.013764
19 20 0.019651 0.038555 0.013764
20 0 0.057920 0.038555 0.013764
20 1 0.060284 0.038555 0.013764
20 2 0.062648 0.038555 0.013764
20 3 0.061613 0.038555 0.013764
20 4 0.056885 0.038555 0.013764
20 5 0.050384 0.038555 0.013764
20 6 0.041519 0.038555 0.013764
20 7 0.035165 0.038555 0.013764
20 8 0.027187 0.038555 0.013764
20 9 0.026152 0.038555 0.013764
20 10 0.024232 0.038555 0.013764
20 11 0.023936 0.038555 0.013764
20 12 0.022015 0.038555 0.013764
20 13 0.023197 0.038555 0.013764
20 14 0.021572 0.038555 0.013764
20 15 0.021277 0.038555 0.013764
20 16 0.021720 0.038555 0.013764
20 17 0.020686 0.038555 0.013764
20 18 0.019504 0.038555 0.013764
20 19 0.020833 0.038555 0.013764
20 20 0.020242 0.038555 0.013764
