# contact distance = 16.0 Angstroms
# F = 0.4 kJ/mol

# i j contact_probability mean_contact_probability stddev_contact_probability
0 0 0.022320 0.053305 0.017763
0 1 0.022442 0.053305 0.017763
0 2 0.022442 0.053305 0.017763
0 3 0.026467 0.053305 0.017763
0 4 0.029760 0.053305 0.017763
0 5 0.036102 0.053305 0.017763
0 6 0.036468 0.053305 0.017763
0 7 0.036468 0.053305 0.017763
0 8 0.036468 0.053305 0.017763
0 9 0.039273 0.053305 0.017763
0 10 0.041834 0.053305 0.017763
0 11 0.047079 0.053305 0.017763
0 12 0.056592 0.053305 0.017763
0 13 0.062203 0.053305 0.017763
0 14 0.067569 0.053305 0.017763
0 15 0.073911 0.053305 0.017763
0 16 0.074643 0.053305 0.017763
0 17 0.075253 0.053305 0.017763
0 18 0.075375 0.053305 0.017763
0 19 0.071716 0.053305 0.017763
0 20 0.066593 0.053305 0.017763
1 0 0.021588 0.053305 0.017763
1 1 0.022442 0.053305 0.017763
1 2 0.023783 0.053305 0.017763
1 3 0.027198 0.053305 0.017763
1 4 0.032199 0.053305 0.017763
1 5 0.035736 0.053305 0.017763
1 6 0.038785 0.053305 0.017763
1 7 0.038419 0.053305 0.017763
1 8 0.039639 0.053305 0.017763
1 9 0.041956 0.053305 0.017763
1 10 0.046103 0.053305 0.017763
1 11 0.051104 0.053305 0.017763
1 12 0.063056 0.053305 0.017763
1 13 0.070374 0.053305 0.017763
1 14 0.077692 0.053305 0.017763
1 15 0.080620 0.053305 0.017763
1 16 0.081473 0.053305 0.017763
1 17 0.082449 0.053305 0.017763
1 18 0.083425 0.053305 0.017763
1 19 0.076473 0.053305 0.017763
1 20 0.070131 0.053305 0.017763
2 0 0.023052 0.053305 0.017763
2 1 0.023417 0.053305 0.017763
2 2 0.025125 0.053305 0.017763
2 3 0.027686 0.053305 0.017763
2 4 0.033053 0.053305 0.017763
2 5 0.037078 0.053305 0.017763
2 6 0.040737 0.053305 0.017763
2 7 0.041347 0.053305 0.017763
2 8 0.041956 0.053305 0.017763
2 9 0.048177 0.053305 0.017763
2 10 0.051470 0.053305 0.017763
2 11 0.056714 0.053305 0.017763
2 12 0.066959 0.053305 0.017763
2 13 0.074155 0.053305 0.017763
2 14 0.078912 0.053305 0.017763
2 15 0.081351 0.053305 0.017763
2 16 0.083181 0.053305 0.017763
2 17 0.083547 0.053305 0.017763
2 18 0.082693 0.053305 0.017763
2 19 0.079278 0.053305 0.017763
2 20 0.070740 0.053305 0.017763
3 0 0.025613 0.053305 0.017763
3 1 0.026101 0.053305 0.017763
3 2 0.028296 0.053305 0.017763
3 3 0.031833 0.053305 0.017763
3 4 0.034029 0.053305 0.017763
3 5 0.038663 0.053305 0.017763
3 6 0.040615 0.053305 0.017763
3 7 0.042444 0.053305 0.017763
3 8 0.043908 0.053305 0.017763
3 9 0.048908 0.053305 0.017763
3 10 0.053543 0.053305 0.017763
3 11 0.063666 0.053305 0.017763
3 12 0.070496 0.053305 0.017763
3 13 0.072692 0.053305 0.017763
3 14 0.075253 0.053305 0.017763
3 15 0.078912 0.053305 0.017763
3 16 0.080620 0.053305 0.017763
3 17 0.082693 0.053305 0.017763
3 18 0.081107 0.053305 0.017763
3 19 0.076351 0.053305 0.017763
3 20 0.071594 0.053305 0.017763
4 0 0.029394 0.053305 0.017763
4 1 0.029638 0.053305 0.017763
4 2 0.032199 0.053305 0.017763
4 3 0.034272 0.053305 0.017763
4 4 0.038297 0.053305 0.017763
4 5 0.041834 0.053305 0.017763
4 6 0.043664 0.053305 0.017763
4 7 0.042932 0.053305 0.017763
4 8 0.045859 0.053305 0.017763
4 9 0.053055 0.053305 0.017763
4 10 0.058544 0.053305 0.017763
4 11 0.065496 0.053305 0.017763
4 12 0.070496 0.053305 0.017763
4 13 0.074643 0.053305 0.017763
4 14 0.075619 0.053305 0.017763
4 15 0.075131 0.053305 0.017763
4 16 0.077936 0.053305 0.017763
4 17 0.079644 0.053305 0.017763
4 18 0.075497 0.053305 0.017763
4 19 0.071106 0.053305 0.017763
4 20 0.065130 0.053305 0.017763
5 0 0.032321 0.053305 0.017763
5 1 0.031101 0.053305 0.017763
5 2 0.034760 0.053305 0.017763
5 3 0.036712 0.053305 0.017763
5 4 0.040249 0.053305 0.017763
5 5 0.044274 0.053305 0.017763
5 6 0.045371 0.053305 0.017763
5 7 0.045859 0.053305 0.017763
5 8 0.049884 0.053305 0.017763
5 9 0.055617 0.053305 0.017763
5 10 0.059885 0.053305 0.017763
5 11 0.067325 0.053305 0.017763
5 12 0.070131 0.053305 0.017763
5 13 0.075375 0.053305 0.017763
5 14 0.070862 0.053305 0.017763
5 15 0.071716 0.053305 0.017763
5 16 0.072448 0.053305 0.017763
5 17 0.072814 0.053305 0.017763
5 18 0.070009 0.053305 0.017763
5 19 0.065618 0.053305 0.017763
5 20 0.060007 0.053305 0.017763
6 0 0.035126 0.053305 0.017763
6 1 0.036224 0.053305 0.017763
6 2 0.037444 0.053305 0.017763
6 3 0.038785 0.053305 0.017763
6 4 0.042322 0.053305 0.017763
6 5 0.047689 0.053305 0.017763
6 6 0.047811 0.053305 0.017763
6 7 0.050128 0.053305 0.017763
6 8 0.051958 0.053305 0.017763
6 9 0.058178 0.053305 0.017763
6 10 0.061715 0.053305 0.017763
6 11 0.068057 0.053305 0.017763
6 12 0.070984 0.053305 0.017763
6 13 0.072082 0.053305 0.017763
6 14 0.070252 0.053305 0.017763
6 15 0.069155 0.053305 0.017763
6 16 0.066350 0.053305 0.017763
6 17 0.065252 0.053305 0.017763
6 18 0.062325 0.053305 0.017763
6 19 0.058056 0.053305 0.017763
6 20 0.051592 0.053305 0.017763
7 0 0.037444 0.053305 0.017763
7 1 0.039151 0.053305 0.017763
7 2 0.038907 0.053305 0.017763
7 3 0.040005 0.053305 0.017763
7 4 0.045249 0.053305 0.017763
7 5 0.049640 0.053305 0.017763
7 6 0.049884 0.053305 0.017763
7 7 0.055495 0.053305 0.017763
7 8 0.056226 0.053305 0.017763
7 9 0.060861 0.053305 0.017763
7 10 0.065374 0.053305 0.017763
7 11 0.068057 0.053305 0.017763
7 12 0.071472 0.053305 0.017763
7 13 0.069033 0.053305 0.017763
7 14 0.065740 0.053305 0.017763
7 15 0.061227 0.053305 0.017763
7 16 0.057324 0.053305 0.017763
7 17 0.059154 0.053305 0.017763
7 18 0.055617 0.053305 0.017763
7 19 0.052567 0.053305 0.017763
7 20 0.045737 0.053305 0.017763
8 0 0.038297 0.053305 0.017763
8 1 0.040127 0.053305 0.017763
8 2 0.041834 0.053305 0.017763
8 3 0.044396 0.053305 0.017763
8 4 0.047201 0.053305 0.017763
8 5 0.055373 0.053305 0.017763
8 6 0.055739 0.053305 0.017763
8 7 0.057568 0.053305 0.017763
8 8 0.059885 0.053305 0.017763
8 9 0.061959 0.053305 0.017763
8 10 0.062691 0.053305 0.017763
8 11 0.067447 0.053305 0.017763
8 12 0.067447 0.053305 0.017763
8 13 0.064032 0.053305 0.017763
8 14 0.060251 0.053305 0.017763
8 15 0.056470 0.053305 0.017763
8 16 0.051836 0.053305 0.017763
8 17 0.050738 0.053305 0.017763
8 18 0.048786 0.053305 0.017763
8 19 0.044152 0.053305 0.017763
8 20 0.042810 0.053305 0.017763
9 0 0.042810 0.053305 0.017763
9 1 0.045127 0.053305 0.017763
9 2 0.048908 0.053305 0.017763
9 3 0.049274 0.053305 0.017763
9 4 0.053543 0.053305 0.017763
9 5 0.059276 0.053305 0.017763
9 6 0.060861 0.053305 0.017763
9 7 0.061349 0.053305 0.017763
9 8 0.063666 0.053305 0.017763
9 9 0.063788 0.053305 0.017763
9 10 0.067203 0.053305 0.017763
9 11 0.068179 0.053305 0.017763
9 12 0.068789 0.053305 0.017763
9 13 0.067325 0.053305 0.017763
9 14 0.060739 0.053305 0.017763
9 15 0.056470 0.053305 0.017763
9 16 0.051104 0.053305 0.017763
9 17 0.047201 0.053305 0.017763
9 18 0.046591 0.053305 0.017763
9 19 0.042688 0.053305 0.017763
9 20 0.039883 0.053305 0.017763
10 0 0.046835 0.053305 0.017763
10 1 0.048664 0.053305 0.017763
10 2 0.050616 0.053305 0.017763
10 3 0.054031 0.053305 0.017763
10 4 0.058422 0.053305 0.017763
10 5 0.060129 0.053305 0.017763
10 6 0.062447 0.053305 0.017763
10 7 0.062081 0.053305 0.017763
10 8 0.063910 0.053305 0.017763
10 9 0.066228 0.053305 0.017763
10 10 0.066837 0.053305 0.017763
10 11 0.067813 0.053305 0.017763
10 12 0.065374 0.053305 0.017763
10 13 0.063666 0.053305 0.017763
10 14 0.059154 0.053305 0.017763
10 15 0.054153 0.053305 0.017763
10 16 0.048664 0.053305 0.017763
10 17 0.046591 0.053305 0.017763
10 18 0.045127 0.053305 0.017763
10 19 0.041834 0.053305 0.017763
10 20 0.039639 0.053305 0.017763
11 0 0.048908 0.053305 0.017763
11 1 0.052201 0.053305 0.017763
11 2 0.055982 0.053305 0.017763
11 3 0.060373 0.053305 0.017763
11 4 0.063544 0.053305 0.017763
11 5 0.063422 0.053305 0.017763
11 6 0.067447 0.053305 0.017763
11 7 0.065374 0.053305 0.017763
11 8 0.065130 0.053305 0.017763
11 9 0.069399 0.053305 0.017763
11 10 0.068545 0.053305 0.017763
11 11 0.067325 0.053305 0.017763
11 12 0.066593 0.053305 0.017763
11 13 0.063056 0.053305 0.017763
11 14 0.056958 0.053305 0.017763
11 15 0.050982 0.053305 0.017763
11 16 0.045127 0.053305 0.017763
11 17 0.043054 0.053305 0.017763
11 18 0.039761 0.053305 0.017763
11 19 0.037931 0.053305 0.017763
11 20 0.034394 0.053305 0.017763
12 0 0.053665 0.053305 0.017763
12 1 0.058056 0.053305 0.017763
12 2 0.063178 0.053305 0.017763
12 3 0.066228 0.053305 0.017763
12 4 0.069277 0.053305 0.017763
12 5 0.069521 0.053305 0.017763
12 6 0.067447 0.053305 0.017763
12 7 0.066715 0.053305 0.017763
12 8 0.065496 0.053305 0.017763
12 9 0.067447 0.053305 0.017763
12 10 0.067569 0.053305 0.017763
12 11 0.065984 0.053305 0.017763
12 12 0.063910 0.053305 0.017763
12 13 0.058056 0.053305 0.017763
12 14 0.053299 0.053305 0.017763
12 15 0.047933 0.053305 0.017763
12 16 0.041956 0.053305 0.017763
12 17 0.039883 0.053305 0.017763
12 18 0.037566 0.053305 0.017763
12 19 0.036956 0.053305 0.017763
12 20 0.033419 0.053305 0.017763
13 0 0.060495 0.053305 0.017763
13 1 0.064642 0.053305 0.017763
13 2 0.071228 0.053305 0.017763
13 3 0.070009 0.053305 0.017763
13 4 0.074033 0.053305 0.017763
13 5 0.071960 0.053305 0.017763
13 6 0.068545 0.053305 0.017763
13 7 0.067203 0.053305 0.017763
13 8 0.064886 0.053305 0.017763
13 9 0.064398 0.053305 0.017763
13 10 0.063666 0.053305 0.017763
13 11 0.061471 0.053305 0.017763
13 12 0.059885 0.053305 0.017763
13 13 0.053421 0.053305 0.017763
13 14 0.046591 0.053305 0.017763
13 15 0.042444 0.053305 0.017763
13 16 0.037931 0.053305 0.017763
13 17 0.034882 0.053305 0.017763
13 18 0.035614 0.053305 0.017763
13 19 0.033297 0.053305 0.017763
13 20 0.032687 0.053305 0.017763
14 0 0.068057 0.053305 0.017763
14 1 0.071960 0.053305 0.017763
14 2 0.074521 0.053305 0.017763
14 3 0.074155 0.053305 0.017763
14 4 0.077205 0.053305 0.017763
14 5 0.075253 0.053305 0.017763
14 6 0.072692 0.053305 0.017763
14 7 0.067691 0.053305 0.017763
14 8 0.062691 0.053305 0.017763
14 9 0.061227 0.053305 0.017763
14 10 0.059885 0.053305 0.017763
14 11 0.057080 0.053305 0.017763
14 12 0.053665 0.053305 0.017763
14 13 0.049884 0.053305 0.017763
14 14 0.043664 0.053305 0.017763
14 15 0.038541 0.053305 0.017763
14 16 0.034638 0.053305 0.017763
14 17 0.032199 0.053305 0.017763
14 18 0.031101 0.053305 0.017763
14 19 0.028418 0.053305 0.017763
14 20 0.030248 0.053305 0.017763
15 0 0.073668 0.053305 0.017763
15 1 0.079400 0.053305 0.017763
15 2 0.082327 0.053305 0.017763
15 3 0.083547 0.053305 0.017763
15 4 0.081595 0.053305 0.017763
15 5 0.075253 0.053305 0.017763
15 6 0.070252 0.053305 0.017763
15 7 0.065740 0.053305 0.017763
15 8 0.061959 0.053305 0.017763
15 9 0.059763 0.053305 0.017763
15 10 0.058666 0.053305 0.017763
15 11 0.053909 0.053305 0.017763
15 12 0.050738 0.053305 0.017763
15 13 0.043908 0.053305 0.017763
15 14 0.037444 0.053305 0.017763
15 15 0.034516 0.053305 0.017763
15 16 0.030004 0.053305 0.017763
15 17 0.027686 0.053305 0.017763
15 18 0.026955 0.053305 0.017763
15 19 0.025003 0.053305 0.017763
15 20 0.026589 0.053305 0.017763
16 0 0.076839 0.053305 0.017763
16 1 0.081961 0.053305 0.017763
16 2 0.085986 0.053305 0.017763
16 3 0.082693 0.053305 0.017763
16 4 0.081107 0.053305 0.017763
16 5 0.075131 0.053305 0.017763
16 6 0.070984 0.053305 0.017763
16 7 0.063910 0.053305 0.017763
16 8 0.059641 0.053305 0.017763
16 9 0.056958 0.053305 0.017763
16 10 0.053909 0.053305 0.017763
16 11 0.049640 0.053305 0.017763
16 12 0.045127 0.053305 0.017763
16 13 0.040981 0.053305 0.017763
16 14 0.033419 0.053305 0.017763
16 15 0.029150 0.053305 0.017763
16 16 0.026101 0.053305 0.017763
16 17 0.024637 0.053305 0.017763
16 18 0.023661 0.053305 0.017763
16 19 0.024393 0.053305 0.017763
16 20 0.025491 0.053305 0.017763
17 0 0.079644 0.053305 0.017763
17 1 0.084035 0.053305 0.017763
17 2 0.086230 0.053305 0.017763
17 3 0.082449 0.053305 0.017763
17 4 0.080985 0.053305 0.017763
17 5 0.076473 0.053305 0.017763
17 6 0.068301 0.053305 0.017763
17 7 0.060251 0.053305 0.017763
17 8 0.057080 0.053305 0.017763
17 9 0.054275 0.053305 0.017763
17 10 0.050128 0.053305 0.017763
17 11 0.046103 0.053305 0.017763
17 12 0.040737 0.053305 0.017763
17 13 0.034272 0.053305 0.017763
17 14 0.028906 0.053305 0.017763
17 15 0.025735 0.053305 0.017763
17 16 0.024027 0.053305 0.017763
17 17 0.024637 0.053305 0.017763
17 18 0.022564 0.053305 0.017763
17 19 0.021466 0.053305 0.017763
17 20 0.023905 0.053305 0.017763
18 0 0.077814 0.053305 0.017763
18 1 0.083303 0.053305 0.017763
18 2 0.083181 0.053305 0.017763
18 3 0.080498 0.053305 0.017763
18 4 0.075497 0.053305 0.017763
18 5 0.072204 0.053305 0.017763
18 6 0.065374 0.053305 0.017763
18 7 0.059276 0.053305 0.017763
18 8 0.053909 0.053305 0.017763
18 9 0.050616 0.053305 0.017763
18 10 0.046103 0.053305 0.017763
18 11 0.042566 0.053305 0.017763
18 12 0.039151 0.053305 0.017763
18 13 0.032443 0.053305 0.017763
18 14 0.025735 0.053305 0.017763
18 15 0.024881 0.053305 0.017763
18 16 0.022808 0.053305 0.017763
18 17 0.022198 0.053305 0.017763
18 18 0.021588 0.053305 0.017763
18 19 0.022076 0.053305 0.017763
18 20 0.022686 0.053305 0.017763
19 0 0.073058 0.053305 0.017763
19 1 0.079644 0.053305 0.017763
19 2 0.079644 0.053305 0.017763
19 3 0.078058 0.053305 0.017763
19 4 0.072326 0.053305 0.017763
19 5 0.065740 0.053305 0.017763
19 6 0.057934 0.053305 0.017763
19 7 0.055495 0.053305 0.017763
19 8 0.050128 0.053305 0.017763
19 9 0.045981 0.053305 0.017763
19 10 0.043054 0.053305 0.017763
19 11 0.039517 0.053305 0.017763
19 12 0.035614 0.053305 0.017763
19 13 0.029638 0.053305 0.017763
19 14 0.025369 0.053305 0.017763
19 15 0.022686 0.053305 0.017763
19 16 0.021588 0.053305 0.017763
19 17 0.022076 0.053305 0.017763
19 18 0.021344 0.053305 0.017763
19 19 0.020978 0.053305 0.017763
19 20 0.020734 0.053305 0.017763
20 0 0.069277 0.053305 0.017763
20 1 0.074521 0.053305 0.017763
20 2 0.076107 0.053305 0.017763
20 3 0.073789 0.053305 0.017763
20 4 0.068545 0.053305 0.017763
20 5 0.060617 0.053305 0.017763
20 6 0.053543 0.053305 0.017763
20 7 0.048786 0.053305 0.017763
20 8 0.042078 0.053305 0.017763
20 9 0.042444 0.053305 0.017763
20 10 0.039273 0.053305 0.017763
20 11 0.035858 0.053305 0.017763
20 12 0.032077 0.053305 0.017763
20 13 0.029882 0.053305 0.017763
20 14 0.026467 0.053305 0.017763
20 15 0.025979 0.053305 0.017763
20 16 0.023296 0.053305 0.017763
20 17 0.022564 0.053305 0.017763
20 18 0.021710 0.053305 0.017763
20 19 0.021344 0.053305 0.017763
20 20 0.020856 0.053305 0.017763
