# contact distance = 16.0 Angstroms
# F = 0.4 kJ/mol

# i j contact_probability mean_contact_probability stddev_contact_probability
0 0 0.019267 0.057276 0.018223
0 1 0.017387 0.057276 0.018223
0 2 0.018797 0.057276 0.018223
0 3 0.018797 0.057276 0.018223
0 4 0.022204 0.057276 0.018223
0 5 0.026551 0.057276 0.018223
0 6 0.030193 0.057276 0.018223
0 7 0.032895 0.057276 0.018223
0 8 0.036067 0.057276 0.018223
0 9 0.036184 0.057276 0.018223
0 10 0.039474 0.057276 0.018223
0 11 0.041823 0.057276 0.018223
0 12 0.044173 0.057276 0.018223
0 13 0.047462 0.057276 0.018223
0 14 0.052514 0.057276 0.018223
0 15 0.056978 0.057276 0.018223
0 16 0.068492 0.057276 0.018223
0 17 0.077773 0.057276 0.018223
0 18 0.082119 0.057276 0.018223
0 19 0.084586 0.057276 0.018223
0 20 0.082707 0.057276 0.018223
1 0 0.018327 0.057276 0.018223
1 1 0.015977 0.057276 0.018223
1 2 0.016565 0.057276 0.018223
1 3 0.017740 0.057276 0.018223
1 4 0.022086 0.057276 0.018223
1 5 0.027373 0.057276 0.018223
1 6 0.031133 0.057276 0.018223
1 7 0.035479 0.057276 0.018223
1 8 0.037124 0.057276 0.018223
1 9 0.038651 0.057276 0.018223
1 10 0.040296 0.057276 0.018223
1 11 0.044760 0.057276 0.018223
1 12 0.049107 0.057276 0.018223
1 13 0.049930 0.057276 0.018223
1 14 0.056743 0.057276 0.018223
1 15 0.062500 0.057276 0.018223
1 16 0.072368 0.057276 0.018223
1 17 0.082237 0.057276 0.018223
1 18 0.086231 0.057276 0.018223
1 19 0.088111 0.057276 0.018223
1 20 0.085291 0.057276 0.018223
2 0 0.020677 0.057276 0.018223
2 1 0.020089 0.057276 0.018223
2 2 0.018092 0.057276 0.018223
2 3 0.020559 0.057276 0.018223
2 4 0.024906 0.057276 0.018223
2 5 0.028078 0.057276 0.018223
2 6 0.032660 0.057276 0.018223
2 7 0.036419 0.057276 0.018223
2 8 0.038299 0.057276 0.018223
2 9 0.041118 0.057276 0.018223
2 10 0.042763 0.057276 0.018223
2 11 0.046405 0.057276 0.018223
2 12 0.050399 0.057276 0.018223
2 13 0.051927 0.057276 0.018223
2 14 0.055804 0.057276 0.018223
2 15 0.063440 0.057276 0.018223
2 16 0.076128 0.057276 0.018223
2 17 0.084821 0.057276 0.018223
2 18 0.089403 0.057276 0.018223
2 19 0.091753 0.057276 0.018223
2 20 0.087641 0.057276 0.018223
3 0 0.023849 0.057276 0.018223
3 1 0.023379 0.057276 0.018223
3 2 0.023614 0.057276 0.018223
3 3 0.024201 0.057276 0.018223
3 4 0.027961 0.057276 0.018223
3 5 0.032660 0.057276 0.018223
3 6 0.034774 0.057276 0.018223
3 7 0.037124 0.057276 0.018223
3 8 0.041941 0.057276 0.018223
3 9 0.044995 0.057276 0.018223
3 10 0.046758 0.057276 0.018223
3 11 0.049812 0.057276 0.018223
3 12 0.051457 0.057276 0.018223
3 13 0.056273 0.057276 0.018223
3 14 0.062265 0.057276 0.018223
3 15 0.067082 0.057276 0.018223
3 16 0.074836 0.057276 0.018223
3 17 0.085056 0.057276 0.018223
3 18 0.091870 0.057276 0.018223
3 19 0.089638 0.057276 0.018223
3 20 0.083412 0.057276 0.018223
4 0 0.026433 0.057276 0.018223
4 1 0.027256 0.057276 0.018223
4 2 0.025023 0.057276 0.018223
4 3 0.028313 0.057276 0.018223
4 4 0.031250 0.057276 0.018223
4 5 0.035127 0.057276 0.018223
4 6 0.040531 0.057276 0.018223
4 7 0.042176 0.057276 0.018223
4 8 0.044643 0.057276 0.018223
4 9 0.047110 0.057276 0.018223
4 10 0.047110 0.057276 0.018223
4 11 0.050752 0.057276 0.018223
4 12 0.055216 0.057276 0.018223
4 13 0.056626 0.057276 0.018223
4 14 0.062617 0.057276 0.018223
4 15 0.068257 0.057276 0.018223
4 16 0.075540 0.057276 0.018223
4 17 0.082002 0.057276 0.018223
4 18 0.086701 0.057276 0.018223
4 19 0.084821 0.057276 0.018223
4 20 0.078242 0.057276 0.018223
5 0 0.027961 0.057276 0.018223
5 1 0.027608 0.057276 0.018223
5 2 0.028430 0.057276 0.018223
5 3 0.030663 0.057276 0.018223
5 4 0.034539 0.057276 0.018223
5 5 0.038886 0.057276 0.018223
5 6 0.044643 0.057276 0.018223
5 7 0.048402 0.057276 0.018223
5 8 0.048285 0.057276 0.018223
5 9 0.048755 0.057276 0.018223
5 10 0.049460 0.057276 0.018223
5 11 0.053571 0.057276 0.018223
5 12 0.058153 0.057276 0.018223
5 13 0.060620 0.057276 0.018223
5 14 0.062500 0.057276 0.018223
5 15 0.068257 0.057276 0.018223
5 16 0.071898 0.057276 0.018223
5 17 0.077303 0.057276 0.018223
5 18 0.083647 0.057276 0.018223
5 19 0.078947 0.057276 0.018223
5 20 0.073778 0.057276 0.018223
6 0 0.031720 0.057276 0.018223
6 1 0.031837 0.057276 0.018223
6 2 0.032307 0.057276 0.018223
6 3 0.033012 0.057276 0.018223
6 4 0.037359 0.057276 0.018223
6 5 0.042646 0.057276 0.018223
6 6 0.046992 0.057276 0.018223
6 7 0.052397 0.057276 0.018223
6 8 0.053454 0.057276 0.018223
6 9 0.053924 0.057276 0.018223
6 10 0.052749 0.057276 0.018223
6 11 0.053924 0.057276 0.018223
6 12 0.058388 0.057276 0.018223
6 13 0.061208 0.057276 0.018223
6 14 0.063675 0.057276 0.018223
6 15 0.068374 0.057276 0.018223
6 16 0.069666 0.057276 0.018223
6 17 0.073073 0.057276 0.018223
6 18 0.077185 0.057276 0.018223
6 19 0.073191 0.057276 0.018223
6 20 0.066259 0.057276 0.018223
7 0 0.032307 0.057276 0.018223
7 1 0.032777 0.057276 0.018223
7 2 0.032542 0.057276 0.018223
7 3 0.035127 0.057276 0.018223
7 4 0.040414 0.057276 0.018223
7 5 0.045818 0.057276 0.018223
7 6 0.050752 0.057276 0.018223
7 7 0.054629 0.057276 0.018223
7 8 0.057331 0.057276 0.018223
7 9 0.058271 0.057276 0.018223
7 10 0.056508 0.057276 0.018223
7 11 0.059680 0.057276 0.018223
7 12 0.060855 0.057276 0.018223
7 13 0.059563 0.057276 0.018223
7 14 0.064732 0.057276 0.018223
7 15 0.067552 0.057276 0.018223
7 16 0.070489 0.057276 0.018223
7 17 0.069666 0.057276 0.018223
7 18 0.068844 0.057276 0.018223
7 19 0.066377 0.057276 0.018223
7 20 0.060268 0.057276 0.018223
8 0 0.035479 0.057276 0.018223
8 1 0.034657 0.057276 0.018223
8 2 0.034187 0.057276 0.018223
8 3 0.039709 0.057276 0.018223
8 4 0.043116 0.057276 0.018223
8 5 0.045935 0.057276 0.018223
8 6 0.051574 0.057276 0.018223
8 7 0.056626 0.057276 0.018223
8 8 0.060620 0.057276 0.018223
8 9 0.061090 0.057276 0.018223
8 10 0.060033 0.057276 0.018223
8 11 0.061795 0.057276 0.018223
8 12 0.064027 0.057276 0.018223
8 13 0.064145 0.057276 0.018223
8 14 0.066024 0.057276 0.018223
8 15 0.068961 0.057276 0.018223
8 16 0.070019 0.057276 0.018223
8 17 0.069079 0.057276 0.018223
8 18 0.064615 0.057276 0.018223
8 19 0.060150 0.057276 0.018223
8 20 0.053454 0.057276 0.018223
9 0 0.035832 0.057276 0.018223
9 1 0.035597 0.057276 0.018223
9 2 0.038769 0.057276 0.018223
9 3 0.043938 0.057276 0.018223
9 4 0.047110 0.057276 0.018223
9 5 0.050399 0.057276 0.018223
9 6 0.052984 0.057276 0.018223
9 7 0.057801 0.057276 0.018223
9 8 0.063440 0.057276 0.018223
9 9 0.065907 0.057276 0.018223
9 10 0.065437 0.057276 0.018223
9 11 0.064615 0.057276 0.018223
9 12 0.066259 0.057276 0.018223
9 13 0.067082 0.057276 0.018223
9 14 0.068022 0.057276 0.018223
9 15 0.070606 0.057276 0.018223
9 16 0.071546 0.057276 0.018223
9 17 0.067904 0.057276 0.018223
9 18 0.063675 0.057276 0.018223
9 19 0.058271 0.057276 0.018223
9 20 0.050869 0.057276 0.018223
10 0 0.037946 0.057276 0.018223
10 1 0.039591 0.057276 0.018223
10 2 0.039826 0.057276 0.018223
10 3 0.046523 0.057276 0.018223
10 4 0.048520 0.057276 0.018223
10 5 0.053102 0.057276 0.018223
10 6 0.055216 0.057276 0.018223
10 7 0.061560 0.057276 0.018223
10 8 0.066259 0.057276 0.018223
10 9 0.064615 0.057276 0.018223
10 10 0.065437 0.057276 0.018223
10 11 0.065320 0.057276 0.018223
10 12 0.067552 0.057276 0.018223
10 13 0.069901 0.057276 0.018223
10 14 0.068609 0.057276 0.018223
10 15 0.071311 0.057276 0.018223
10 16 0.070841 0.057276 0.018223
10 17 0.066847 0.057276 0.018223
10 18 0.060033 0.057276 0.018223
10 19 0.056508 0.057276 0.018223
10 20 0.049577 0.057276 0.018223
11 0 0.039474 0.057276 0.018223
11 1 0.040061 0.057276 0.018223
11 2 0.042411 0.057276 0.018223
11 3 0.047110 0.057276 0.018223
11 4 0.048402 0.057276 0.018223
11 5 0.053806 0.057276 0.018223
11 6 0.058506 0.057276 0.018223
11 7 0.060620 0.057276 0.018223
11 8 0.065672 0.057276 0.018223
11 9 0.065672 0.057276 0.018223
11 10 0.066494 0.057276 0.018223
11 11 0.067669 0.057276 0.018223
11 12 0.068374 0.057276 0.018223
11 13 0.067669 0.057276 0.018223
11 14 0.068609 0.057276 0.018223
11 15 0.068374 0.057276 0.018223
11 16 0.066494 0.057276 0.018223
11 17 0.062970 0.057276 0.018223
11 18 0.057448 0.057276 0.018223
11 19 0.051104 0.057276 0.018223
11 20 0.047815 0.057276 0.018223
12 0 0.042998 0.057276 0.018223
12 1 0.043116 0.057276 0.018223
12 2 0.046170 0.057276 0.018223
12 3 0.050164 0.057276 0.018223
12 4 0.051809 0.057276 0.018223
12 5 0.057213 0.057276 0.018223
12 6 0.061090 0.057276 0.018223
12 7 0.064615 0.057276 0.018223
12 8 0.066024 0.057276 0.018223
12 9 0.067317 0.057276 0.018223
12 10 0.069314 0.057276 0.018223
12 11 0.071898 0.057276 0.018223
12 12 0.070724 0.057276 0.018223
12 13 0.071076 0.057276 0.018223
12 14 0.068844 0.057276 0.018223
12 15 0.066729 0.057276 0.018223
12 16 0.064967 0.057276 0.018223
12 17 0.063322 0.057276 0.018223
12 18 0.057566 0.057276 0.018223
12 19 0.050047 0.057276 0.018223
12 20 0.044055 0.057276 0.018223
13 0 0.047697 0.057276 0.018223
13 1 0.048402 0.057276 0.018223
13 2 0.050987 0.057276 0.018223
13 3 0.051457 0.057276 0.018223
13 4 0.056508 0.057276 0.018223
13 5 0.059915 0.057276 0.018223
13 6 0.064850 0.057276 0.018223
13 7 0.068139 0.057276 0.018223
13 8 0.069549 0.057276 0.018223
13 9 0.070959 0.057276 0.018223
13 10 0.072251 0.057276 0.018223
13 11 0.072016 0.057276 0.018223
13 12 0.071898 0.057276 0.018223
13 13 0.070841 0.057276 0.018223
13 14 0.068139 0.057276 0.018223
13 15 0.064262 0.057276 0.018223
13 16 0.065202 0.057276 0.018223
13 17 0.060385 0.057276 0.018223
13 18 0.054159 0.057276 0.018223
13 19 0.046170 0.057276 0.018223
13 20 0.040061 0.057276 0.018223
14 0 0.053454 0.057276 0.018223
14 1 0.054864 0.057276 0.018223
14 2 0.059093 0.057276 0.018223
14 3 0.059798 0.057276 0.018223
14 4 0.062970 0.057276 0.018223
14 5 0.066142 0.057276 0.018223
14 6 0.069431 0.057276 0.018223
14 7 0.070959 0.057276 0.018223
14 8 0.072251 0.057276 0.018223
14 9 0.074131 0.057276 0.018223
14 10 0.072603 0.057276 0.018223
14 11 0.074248 0.057276 0.018223
14 12 0.073661 0.057276 0.018223
14 13 0.069549 0.057276 0.018223
14 14 0.064732 0.057276 0.018223
14 15 0.066729 0.057276 0.018223
14 16 0.064497 0.057276 0.018223
14 17 0.058741 0.057276 0.018223
14 18 0.051692 0.057276 0.018223
14 19 0.043233 0.057276 0.018223
14 20 0.038299 0.057276 0.018223
15 0 0.058271 0.057276 0.018223
15 1 0.064967 0.057276 0.018223
15 2 0.067552 0.057276 0.018223
15 3 0.068844 0.057276 0.018223
15 4 0.069196 0.057276 0.018223
15 5 0.070606 0.057276 0.018223
15 6 0.072721 0.057276 0.018223
15 7 0.073778 0.057276 0.018223
15 8 0.073191 0.057276 0.018223
15 9 0.072368 0.057276 0.018223
15 10 0.073661 0.057276 0.018223
15 11 0.072838 0.057276 0.018223
15 12 0.072956 0.057276 0.018223
15 13 0.068492 0.057276 0.018223
15 14 0.064380 0.057276 0.018223
15 15 0.065907 0.057276 0.018223
15 16 0.061913 0.057276 0.018223
15 17 0.054746 0.057276 0.018223
15 18 0.049225 0.057276 0.018223
15 19 0.042763 0.057276 0.018223
15 20 0.036654 0.057276 0.018223
16 0 0.069784 0.057276 0.018223
16 1 0.075188 0.057276 0.018223
16 2 0.078477 0.057276 0.018223
16 3 0.078477 0.057276 0.018223
16 4 0.080710 0.057276 0.018223
16 5 0.079065 0.057276 0.018223
16 6 0.077655 0.057276 0.018223
16 7 0.076715 0.057276 0.018223
16 8 0.075540 0.057276 0.018223
16 9 0.076363 0.057276 0.018223
16 10 0.073896 0.057276 0.018223
16 11 0.072133 0.057276 0.018223
16 12 0.070724 0.057276 0.018223
16 13 0.066377 0.057276 0.018223
16 14 0.062383 0.057276 0.018223
16 15 0.061090 0.057276 0.018223
16 16 0.058153 0.057276 0.018223
16 17 0.051692 0.057276 0.018223
16 18 0.044173 0.057276 0.018223
16 19 0.039474 0.057276 0.018223
16 20 0.034892 0.057276 0.018223
17 0 0.080122 0.057276 0.018223
17 1 0.084352 0.057276 0.018223
17 2 0.088111 0.057276 0.018223
17 3 0.088816 0.057276 0.018223
17 4 0.088228 0.057276 0.018223
17 5 0.087289 0.057276 0.018223
17 6 0.083882 0.057276 0.018223
17 7 0.080945 0.057276 0.018223
17 8 0.075893 0.057276 0.018223
17 9 0.072721 0.057276 0.018223
17 10 0.070606 0.057276 0.018223
17 11 0.068257 0.057276 0.018223
17 12 0.067082 0.057276 0.018223
17 13 0.061560 0.057276 0.018223
17 14 0.058153 0.057276 0.018223
17 15 0.055569 0.057276 0.018223
17 16 0.051692 0.057276 0.018223
17 17 0.047227 0.057276 0.018223
17 18 0.041471 0.057276 0.018223
17 19 0.034305 0.057276 0.018223
17 20 0.031367 0.057276 0.018223
18 0 0.085996 0.057276 0.018223
18 1 0.091870 0.057276 0.018223
18 2 0.095395 0.057276 0.018223
18 3 0.095042 0.057276 0.018223
18 4 0.093398 0.057276 0.018223
18 5 0.089403 0.057276 0.018223
18 6 0.083529 0.057276 0.018223
18 7 0.080475 0.057276 0.018223
18 8 0.074836 0.057276 0.018223
18 9 0.068609 0.057276 0.018223
18 10 0.064615 0.057276 0.018223
18 11 0.066494 0.057276 0.018223
18 12 0.062383 0.057276 0.018223
18 13 0.055216 0.057276 0.018223
18 14 0.050752 0.057276 0.018223
18 15 0.049812 0.057276 0.018223
18 16 0.046288 0.057276 0.018223
18 17 0.041118 0.057276 0.018223
18 18 0.035949 0.057276 0.018223
18 19 0.028665 0.057276 0.018223
18 20 0.027726 0.057276 0.018223
19 0 0.085174 0.057276 0.018223
19 1 0.091635 0.057276 0.018223
19 2 0.095982 0.057276 0.018223
19 3 0.095747 0.057276 0.018223
19 4 0.092105 0.057276 0.018223
19 5 0.086584 0.057276 0.018223
19 6 0.079652 0.057276 0.018223
19 7 0.074836 0.057276 0.018223
19 8 0.068844 0.057276 0.018223
19 9 0.064850 0.057276 0.018223
19 10 0.060973 0.057276 0.018223
19 11 0.059328 0.057276 0.018223
19 12 0.057566 0.057276 0.018223
19 13 0.052162 0.057276 0.018223
19 14 0.046875 0.057276 0.018223
19 15 0.044760 0.057276 0.018223
19 16 0.039239 0.057276 0.018223
19 17 0.037124 0.057276 0.018223
19 18 0.032542 0.057276 0.018223
19 19 0.028900 0.057276 0.018223
19 20 0.025846 0.057276 0.018223
20 0 0.082707 0.057276 0.018223
20 1 0.089286 0.057276 0.018223
20 2 0.092105 0.057276 0.018223
20 3 0.091988 0.057276 0.018223
20 4 0.087289 0.057276 0.018223
20 5 0.080122 0.057276 0.018223
20 6 0.071429 0.057276 0.018223
20 7 0.067199 0.057276 0.018223
20 8 0.060385 0.057276 0.018223
20 9 0.058271 0.057276 0.018223
20 10 0.055921 0.057276 0.018223
20 11 0.051339 0.057276 0.018223
20 12 0.051692 0.057276 0.018223
20 13 0.047110 0.057276 0.018223
20 14 0.044055 0.057276 0.018223
20 15 0.041353 0.057276 0.018223
20 16 0.037124 0.057276 0.018223
20 17 0.032425 0.057276 0.018223
20 18 0.028548 0.057276 0.018223
20 19 0.026433 0.057276 0.018223
20 20 0.024201 0.057276 0.018223
