# contact distance = 16.0 Angstroms
# F = 0.4 kJ/mol

# i j contact_probability mean_contact_probability stddev_contact_probability
0 0 0.029497 0.053144 0.018992
0 1 0.026863 0.053144 0.018992
0 2 0.027522 0.053144 0.018992
0 3 0.027917 0.053144 0.018992
0 4 0.027653 0.053144 0.018992
0 5 0.026337 0.053144 0.018992
0 6 0.028312 0.053144 0.018992
0 7 0.029365 0.053144 0.018992
0 8 0.029497 0.053144 0.018992
0 9 0.032657 0.053144 0.018992
0 10 0.033052 0.053144 0.018992
0 11 0.037530 0.053144 0.018992
0 12 0.039900 0.053144 0.018992
0 13 0.042797 0.053144 0.018992
0 14 0.046221 0.053144 0.018992
0 15 0.050566 0.053144 0.018992
0 16 0.060047 0.053144 0.018992
0 17 0.065578 0.053144 0.018992
0 18 0.069265 0.053144 0.018992
0 19 0.069529 0.053144 0.018992
0 20 0.063866 0.053144 0.018992
1 0 0.027785 0.053144 0.018992
1 1 0.026600 0.053144 0.018992
1 2 0.026468 0.053144 0.018992
1 3 0.027127 0.053144 0.018992
1 4 0.027258 0.053144 0.018992
1 5 0.026600 0.053144 0.018992
1 6 0.026732 0.053144 0.018992
1 7 0.028707 0.053144 0.018992
1 8 0.030682 0.053144 0.018992
1 9 0.033579 0.053144 0.018992
1 10 0.035686 0.053144 0.018992
1 11 0.038846 0.053144 0.018992
1 12 0.042139 0.053144 0.018992
1 13 0.048459 0.053144 0.018992
1 14 0.051883 0.053144 0.018992
1 15 0.058599 0.053144 0.018992
1 16 0.066368 0.053144 0.018992
1 17 0.074006 0.053144 0.018992
1 18 0.080063 0.053144 0.018992
1 19 0.077956 0.053144 0.018992
1 20 0.070845 0.053144 0.018992
2 0 0.028575 0.053144 0.018992
2 1 0.026863 0.053144 0.018992
2 2 0.026073 0.053144 0.018992
2 3 0.025678 0.053144 0.018992
2 4 0.025415 0.053144 0.018992
2 5 0.025942 0.053144 0.018992
2 6 0.026995 0.053144 0.018992
2 7 0.027785 0.053144 0.018992
2 8 0.031472 0.053144 0.018992
2 9 0.035291 0.053144 0.018992
2 10 0.036871 0.053144 0.018992
2 11 0.039900 0.053144 0.018992
2 12 0.042797 0.053144 0.018992
2 13 0.050040 0.053144 0.018992
2 14 0.055439 0.053144 0.018992
2 15 0.064525 0.053144 0.018992
2 16 0.072952 0.053144 0.018992
2 17 0.081248 0.053144 0.018992
2 18 0.085594 0.053144 0.018992
2 19 0.085594 0.053144 0.018992
2 20 0.076113 0.053144 0.018992
3 0 0.027390 0.053144 0.018992
3 1 0.025415 0.053144 0.018992
3 2 0.025415 0.053144 0.018992
3 3 0.026205 0.053144 0.018992
3 4 0.026337 0.053144 0.018992
3 5 0.027522 0.053144 0.018992
3 6 0.030550 0.053144 0.018992
3 7 0.030287 0.053144 0.018992
3 8 0.031736 0.053144 0.018992
3 9 0.035818 0.053144 0.018992
3 10 0.038846 0.053144 0.018992
3 11 0.042534 0.053144 0.018992
3 12 0.046747 0.053144 0.018992
3 13 0.053727 0.053144 0.018992
3 14 0.060574 0.053144 0.018992
3 15 0.069265 0.053144 0.018992
3 16 0.078878 0.053144 0.018992
3 17 0.087437 0.053144 0.018992
3 18 0.090203 0.053144 0.018992
3 19 0.088359 0.053144 0.018992
3 20 0.080590 0.053144 0.018992
4 0 0.029102 0.053144 0.018992
4 1 0.026732 0.053144 0.018992
4 2 0.025151 0.053144 0.018992
4 3 0.025546 0.053144 0.018992
4 4 0.026073 0.053144 0.018992
4 5 0.026995 0.053144 0.018992
4 6 0.029629 0.053144 0.018992
4 7 0.029892 0.053144 0.018992
4 8 0.032526 0.053144 0.018992
4 9 0.038188 0.053144 0.018992
4 10 0.039373 0.053144 0.018992
4 11 0.043455 0.053144 0.018992
4 12 0.049249 0.053144 0.018992
4 13 0.056492 0.053144 0.018992
4 14 0.063735 0.053144 0.018992
4 15 0.073479 0.053144 0.018992
4 16 0.082170 0.053144 0.018992
4 17 0.089939 0.053144 0.018992
4 18 0.090861 0.053144 0.018992
4 19 0.089413 0.053144 0.018992
4 20 0.082302 0.053144 0.018992
5 0 0.028707 0.053144 0.018992
5 1 0.027258 0.053144 0.018992
5 2 0.026073 0.053144 0.018992
5 3 0.025942 0.053144 0.018992
5 4 0.027258 0.053144 0.018992
5 5 0.029234 0.053144 0.018992
5 6 0.030945 0.053144 0.018992
5 7 0.031341 0.053144 0.018992
5 8 0.035291 0.053144 0.018992
5 9 0.039637 0.053144 0.018992
5 10 0.040822 0.053144 0.018992
5 11 0.046089 0.053144 0.018992
5 12 0.050171 0.053144 0.018992
5 13 0.057677 0.053144 0.018992
5 14 0.066763 0.053144 0.018992
5 15 0.073479 0.053144 0.018992
5 16 0.082038 0.053144 0.018992
5 17 0.089676 0.053144 0.018992
5 18 0.090730 0.053144 0.018992
5 19 0.090730 0.053144 0.018992
5 20 0.082038 0.053144 0.018992
6 0 0.030287 0.053144 0.018992
6 1 0.029892 0.053144 0.018992
6 2 0.029102 0.053144 0.018992
6 3 0.027917 0.053144 0.018992
6 4 0.029629 0.053144 0.018992
6 5 0.030024 0.053144 0.018992
6 6 0.033447 0.053144 0.018992
6 7 0.033974 0.053144 0.018992
6 8 0.036344 0.053144 0.018992
6 9 0.040558 0.053144 0.018992
6 10 0.042139 0.053144 0.018992
6 11 0.048986 0.053144 0.018992
6 12 0.054517 0.053144 0.018992
6 13 0.059257 0.053144 0.018992
6 14 0.068343 0.053144 0.018992
6 15 0.074006 0.053144 0.018992
6 16 0.079932 0.053144 0.018992
6 17 0.087174 0.053144 0.018992
6 18 0.090334 0.053144 0.018992
6 19 0.084540 0.053144 0.018992
6 20 0.078483 0.053144 0.018992
7 0 0.030682 0.053144 0.018992
7 1 0.030550 0.053144 0.018992
7 2 0.034238 0.053144 0.018992
7 3 0.034764 0.053144 0.018992
7 4 0.032921 0.053144 0.018992
7 5 0.031077 0.053144 0.018992
7 6 0.034106 0.053144 0.018992
7 7 0.037398 0.053144 0.018992
7 8 0.041085 0.053144 0.018992
7 9 0.044245 0.053144 0.018992
7 10 0.046484 0.053144 0.018992
7 11 0.052410 0.053144 0.018992
7 12 0.057414 0.053144 0.018992
7 13 0.060706 0.053144 0.018992
7 14 0.068343 0.053144 0.018992
7 15 0.071372 0.053144 0.018992
7 16 0.077035 0.053144 0.018992
7 17 0.083750 0.053144 0.018992
7 18 0.082565 0.053144 0.018992
7 19 0.077035 0.053144 0.018992
7 20 0.070450 0.053144 0.018992
8 0 0.034238 0.053144 0.018992
8 1 0.033447 0.053144 0.018992
8 2 0.034896 0.053144 0.018992
8 3 0.037661 0.053144 0.018992
8 4 0.035423 0.053144 0.018992
8 5 0.034238 0.053144 0.018992
8 6 0.037661 0.053144 0.018992
8 7 0.039373 0.053144 0.018992
8 8 0.042665 0.053144 0.018992
8 9 0.046616 0.053144 0.018992
8 10 0.048591 0.053144 0.018992
8 11 0.054780 0.053144 0.018992
8 12 0.057282 0.053144 0.018992
8 13 0.062286 0.053144 0.018992
8 14 0.069792 0.053144 0.018992
8 15 0.072821 0.053144 0.018992
8 16 0.077166 0.053144 0.018992
8 17 0.079800 0.053144 0.018992
8 18 0.076771 0.053144 0.018992
8 19 0.072294 0.053144 0.018992
8 20 0.063735 0.053144 0.018992
9 0 0.036608 0.053144 0.018992
9 1 0.035818 0.053144 0.018992
9 2 0.037661 0.053144 0.018992
9 3 0.039373 0.053144 0.018992
9 4 0.039900 0.053144 0.018992
9 5 0.038846 0.053144 0.018992
9 6 0.041480 0.053144 0.018992
9 7 0.042665 0.053144 0.018992
9 8 0.046879 0.053144 0.018992
9 9 0.049776 0.053144 0.018992
9 10 0.052146 0.053144 0.018992
9 11 0.057545 0.053144 0.018992
9 12 0.059916 0.053144 0.018992
9 13 0.062418 0.053144 0.018992
9 14 0.069134 0.053144 0.018992
9 15 0.070187 0.053144 0.018992
9 16 0.075586 0.053144 0.018992
9 17 0.075981 0.053144 0.018992
9 18 0.070977 0.053144 0.018992
9 19 0.065315 0.053144 0.018992
9 20 0.057019 0.053144 0.018992
10 0 0.037398 0.053144 0.018992
10 1 0.037530 0.053144 0.018992
10 2 0.041085 0.053144 0.018992
10 3 0.042007 0.053144 0.018992
10 4 0.040295 0.053144 0.018992
10 5 0.042139 0.053144 0.018992
10 6 0.044904 0.053144 0.018992
10 7 0.046221 0.053144 0.018992
10 8 0.048591 0.053144 0.018992
10 9 0.052541 0.053144 0.018992
10 10 0.054253 0.053144 0.018992
10 11 0.059257 0.053144 0.018992
10 12 0.060706 0.053144 0.018992
10 13 0.061628 0.053144 0.018992
10 14 0.065051 0.053144 0.018992
10 15 0.066105 0.053144 0.018992
10 16 0.070582 0.053144 0.018992
10 17 0.072294 0.053144 0.018992
10 18 0.065183 0.053144 0.018992
10 19 0.057809 0.053144 0.018992
10 20 0.049644 0.053144 0.018992
11 0 0.039110 0.053144 0.018992
11 1 0.039505 0.053144 0.018992
11 2 0.042665 0.053144 0.018992
11 3 0.044377 0.053144 0.018992
11 4 0.045036 0.053144 0.018992
11 5 0.046089 0.053144 0.018992
11 6 0.047669 0.053144 0.018992
11 7 0.049644 0.053144 0.018992
11 8 0.053727 0.053144 0.018992
11 9 0.056887 0.053144 0.018992
11 10 0.059652 0.053144 0.018992
11 11 0.060838 0.053144 0.018992
11 12 0.062154 0.053144 0.018992
11 13 0.061759 0.053144 0.018992
11 14 0.065315 0.053144 0.018992
11 15 0.067290 0.053144 0.018992
11 16 0.068870 0.053144 0.018992
11 17 0.067027 0.053144 0.018992
11 18 0.059784 0.053144 0.018992
11 19 0.054122 0.053144 0.018992
11 20 0.046221 0.053144 0.018992
12 0 0.041217 0.053144 0.018992
12 1 0.043587 0.053144 0.018992
12 2 0.046616 0.053144 0.018992
12 3 0.047538 0.053144 0.018992
12 4 0.048591 0.053144 0.018992
12 5 0.047538 0.053144 0.018992
12 6 0.051225 0.053144 0.018992
12 7 0.055175 0.053144 0.018992
12 8 0.057019 0.053144 0.018992
12 9 0.058599 0.053144 0.018992
12 10 0.061496 0.053144 0.018992
12 11 0.062681 0.053144 0.018992
12 12 0.062681 0.053144 0.018992
12 13 0.064525 0.053144 0.018992
12 14 0.066763 0.053144 0.018992
12 15 0.065973 0.053144 0.018992
12 16 0.064656 0.053144 0.018992
12 17 0.060179 0.053144 0.018992
12 18 0.053595 0.053144 0.018992
12 19 0.048854 0.053144 0.018992
12 20 0.040690 0.053144 0.018992
13 0 0.044772 0.053144 0.018992
13 1 0.045826 0.053144 0.018992
13 2 0.050830 0.053144 0.018992
13 3 0.053727 0.053144 0.018992
13 4 0.057150 0.053144 0.018992
13 5 0.055834 0.053144 0.018992
13 6 0.058994 0.053144 0.018992
13 7 0.060969 0.053144 0.018992
13 8 0.060574 0.053144 0.018992
13 9 0.061233 0.053144 0.018992
13 10 0.061233 0.053144 0.018992
13 11 0.062418 0.053144 0.018992
13 12 0.061496 0.053144 0.018992
13 13 0.061628 0.053144 0.018992
13 14 0.063471 0.053144 0.018992
13 15 0.062286 0.053144 0.018992
13 16 0.060969 0.053144 0.018992
13 17 0.058467 0.053144 0.018992
13 18 0.051488 0.053144 0.018992
13 19 0.043324 0.053144 0.018992
13 20 0.035554 0.053144 0.018992
14 0 0.047538 0.053144 0.018992
14 1 0.051488 0.053144 0.018992
14 2 0.056360 0.053144 0.018992
14 3 0.062681 0.053144 0.018992
14 4 0.063603 0.053144 0.018992
14 5 0.063208 0.053144 0.018992
14 6 0.063998 0.053144 0.018992
14 7 0.065841 0.053144 0.018992
14 8 0.065051 0.053144 0.018992
14 9 0.063735 0.053144 0.018992
14 10 0.063603 0.053144 0.018992
14 11 0.061101 0.053144 0.018992
14 12 0.062418 0.053144 0.018992
14 13 0.063208 0.053144 0.018992
14 14 0.063866 0.053144 0.018992
14 15 0.060179 0.053144 0.018992
14 16 0.058072 0.053144 0.018992
14 17 0.053727 0.053144 0.018992
14 18 0.044641 0.053144 0.018992
14 19 0.038846 0.053144 0.018992
14 20 0.032131 0.053144 0.018992
15 0 0.054253 0.053144 0.018992
15 1 0.059916 0.053144 0.018992
15 2 0.063998 0.053144 0.018992
15 3 0.070845 0.053144 0.018992
15 4 0.073084 0.053144 0.018992
15 5 0.074006 0.053144 0.018992
15 6 0.074006 0.053144 0.018992
15 7 0.071504 0.053144 0.018992
15 8 0.069397 0.053144 0.018992
15 9 0.069265 0.053144 0.018992
15 10 0.065578 0.053144 0.018992
15 11 0.063998 0.053144 0.018992
15 12 0.061364 0.053144 0.018992
15 13 0.060311 0.053144 0.018992
15 14 0.060969 0.053144 0.018992
15 15 0.056492 0.053144 0.018992
15 16 0.055175 0.053144 0.018992
15 17 0.050171 0.053144 0.018992
15 18 0.042007 0.053144 0.018992
15 19 0.033711 0.053144 0.018992
15 20 0.028312 0.053144 0.018992
16 0 0.059389 0.053144 0.018992
16 1 0.066368 0.053144 0.018992
16 2 0.074137 0.053144 0.018992
16 3 0.079010 0.053144 0.018992
16 4 0.080853 0.053144 0.018992
16 5 0.080590 0.053144 0.018992
16 6 0.080195 0.053144 0.018992
16 7 0.078615 0.053144 0.018992
16 8 0.074269 0.053144 0.018992
16 9 0.072426 0.053144 0.018992
16 10 0.066763 0.053144 0.018992
16 11 0.064525 0.053144 0.018992
16 12 0.061759 0.053144 0.018992
16 13 0.057414 0.053144 0.018992
16 14 0.058072 0.053144 0.018992
16 15 0.052015 0.053144 0.018992
16 16 0.049908 0.053144 0.018992
16 17 0.043850 0.053144 0.018992
16 18 0.036740 0.053144 0.018992
16 19 0.029629 0.053144 0.018992
16 20 0.025942 0.053144 0.018992
17 0 0.063866 0.053144 0.018992
17 1 0.072821 0.053144 0.018992
17 2 0.081643 0.053144 0.018992
17 3 0.084935 0.053144 0.018992
17 4 0.087437 0.053144 0.018992
17 5 0.089808 0.053144 0.018992
17 6 0.086384 0.053144 0.018992
17 7 0.082960 0.053144 0.018992
17 8 0.076113 0.053144 0.018992
17 9 0.070977 0.053144 0.018992
17 10 0.063866 0.053144 0.018992
17 11 0.063208 0.053144 0.018992
17 12 0.059389 0.053144 0.018992
17 13 0.053990 0.053144 0.018992
17 14 0.052673 0.053144 0.018992
17 15 0.048064 0.053144 0.018992
17 16 0.043324 0.053144 0.018992
17 17 0.038451 0.053144 0.018992
17 18 0.029497 0.053144 0.018992
17 19 0.025020 0.053144 0.018992
17 20 0.021596 0.053144 0.018992
18 0 0.067685 0.053144 0.018992
18 1 0.077825 0.053144 0.018992
18 2 0.084804 0.053144 0.018992
18 3 0.087964 0.053144 0.018992
18 4 0.090071 0.053144 0.018992
18 5 0.091520 0.053144 0.018992
18 6 0.087569 0.053144 0.018992
18 7 0.082038 0.053144 0.018992
18 8 0.076639 0.053144 0.018992
18 9 0.069924 0.053144 0.018992
18 10 0.061759 0.053144 0.018992
18 11 0.057150 0.053144 0.018992
18 12 0.052805 0.053144 0.018992
18 13 0.047801 0.053144 0.018992
18 14 0.045826 0.053144 0.018992
18 15 0.042007 0.053144 0.018992
18 16 0.035686 0.053144 0.018992
18 17 0.029234 0.053144 0.018992
18 18 0.023045 0.053144 0.018992
18 19 0.021464 0.053144 0.018992
18 20 0.018567 0.053144 0.018992
19 0 0.066500 0.053144 0.018992
19 1 0.075323 0.053144 0.018992
19 2 0.084145 0.053144 0.018992
19 3 0.085462 0.053144 0.018992
19 4 0.087832 0.053144 0.018992
19 5 0.085857 0.053144 0.018992
19 6 0.083882 0.053144 0.018992
19 7 0.077035 0.053144 0.018992
19 8 0.069134 0.053144 0.018992
19 9 0.062944 0.053144 0.018992
19 10 0.055175 0.053144 0.018992
19 11 0.050171 0.053144 0.018992
19 12 0.045431 0.053144 0.018992
19 13 0.042007 0.053144 0.018992
19 14 0.039637 0.053144 0.018992
19 15 0.034369 0.053144 0.018992
19 16 0.030024 0.053144 0.018992
19 17 0.024230 0.053144 0.018992
19 18 0.019752 0.053144 0.018992
19 19 0.017382 0.053144 0.018992
19 20 0.017119 0.053144 0.018992
20 0 0.061628 0.053144 0.018992
20 1 0.068870 0.053144 0.018992
20 2 0.075059 0.053144 0.018992
20 3 0.080590 0.053144 0.018992
20 4 0.080722 0.053144 0.018992
20 5 0.080985 0.053144 0.018992
20 6 0.078088 0.053144 0.018992
20 7 0.071636 0.053144 0.018992
20 8 0.063076 0.053144 0.018992
20 9 0.056624 0.053144 0.018992
20 10 0.049381 0.053144 0.018992
20 11 0.047669 0.053144 0.018992
20 12 0.041612 0.053144 0.018992
20 13 0.039637 0.053144 0.018992
20 14 0.034633 0.053144 0.018992
20 15 0.031209 0.053144 0.018992
20 16 0.027653 0.053144 0.018992
20 17 0.024756 0.053144 0.018992
20 18 0.022254 0.053144 0.018992
20 19 0.018699 0.053144 0.018992
20 20 0.018567 0.053144 0.018992
