# contact distance = 16.0 Angstroms
# F = 0.4 kJ/mol

# i j contact_probability mean_contact_probability stddev_contact_probability
0 0 0.029608 0.040713 0.015488
0 1 0.028774 0.040713 0.015488
0 2 0.025229 0.040713 0.015488
0 3 0.021685 0.040713 0.015488
0 4 0.018349 0.040713 0.015488
0 5 0.019183 0.040713 0.015488
0 6 0.017515 0.040713 0.015488
0 7 0.017932 0.040713 0.015488
0 8 0.018766 0.040713 0.015488
0 9 0.023144 0.040713 0.015488
0 10 0.024604 0.040713 0.015488
0 11 0.024187 0.040713 0.015488
0 12 0.029399 0.040713 0.015488
0 13 0.030442 0.040713 0.015488
0 14 0.036280 0.040713 0.015488
0 15 0.044829 0.040713 0.015488
0 16 0.054003 0.040713 0.015488
0 17 0.060467 0.040713 0.015488
0 18 0.064637 0.040713 0.015488
0 19 0.064220 0.040713 0.015488
0 20 0.060050 0.040713 0.015488
1 0 0.024812 0.040713 0.015488
1 1 0.022936 0.040713 0.015488
1 2 0.021059 0.040713 0.015488
1 3 0.018349 0.040713 0.015488
1 4 0.015847 0.040713 0.015488
1 5 0.017515 0.040713 0.015488
1 6 0.017515 0.040713 0.015488
1 7 0.018766 0.040713 0.015488
1 8 0.020017 0.040713 0.015488
1 9 0.022102 0.040713 0.015488
1 10 0.026063 0.040713 0.015488
1 11 0.028357 0.040713 0.015488
1 12 0.028357 0.040713 0.015488
1 13 0.034195 0.040713 0.015488
1 14 0.040242 0.040713 0.015488
1 15 0.049416 0.040713 0.015488
1 16 0.059008 0.040713 0.015488
1 17 0.066097 0.040713 0.015488
1 18 0.069016 0.040713 0.015488
1 19 0.068182 0.040713 0.015488
1 20 0.065471 0.040713 0.015488
2 0 0.021685 0.040713 0.015488
2 1 0.021685 0.040713 0.015488
2 2 0.019391 0.040713 0.015488
2 3 0.017723 0.040713 0.015488
2 4 0.015221 0.040713 0.015488
2 5 0.017098 0.040713 0.015488
2 6 0.016681 0.040713 0.015488
2 7 0.020642 0.040713 0.015488
2 8 0.021685 0.040713 0.015488
2 9 0.023978 0.040713 0.015488
2 10 0.025855 0.040713 0.015488
2 11 0.030859 0.040713 0.015488
2 12 0.032110 0.040713 0.015488
2 13 0.035029 0.040713 0.015488
2 14 0.043786 0.040713 0.015488
2 15 0.051918 0.040713 0.015488
2 16 0.061927 0.040713 0.015488
2 17 0.068390 0.040713 0.015488
2 18 0.073394 0.040713 0.015488
2 19 0.075271 0.040713 0.015488
2 20 0.070058 0.040713 0.015488
3 0 0.020434 0.040713 0.015488
3 1 0.018140 0.040713 0.015488
3 2 0.019808 0.040713 0.015488
3 3 0.018974 0.040713 0.015488
3 4 0.016055 0.040713 0.015488
3 5 0.018349 0.040713 0.015488
3 6 0.014595 0.040713 0.015488
3 7 0.018140 0.040713 0.015488
3 8 0.022519 0.040713 0.015488
3 9 0.024395 0.040713 0.015488
3 10 0.028357 0.040713 0.015488
3 11 0.030025 0.040713 0.015488
3 12 0.035655 0.040713 0.015488
3 13 0.037948 0.040713 0.015488
3 14 0.046497 0.040713 0.015488
3 15 0.056088 0.040713 0.015488
3 16 0.063178 0.040713 0.015488
3 17 0.068390 0.040713 0.015488
3 18 0.071935 0.040713 0.015488
3 19 0.074437 0.040713 0.015488
3 20 0.069224 0.040713 0.015488
4 0 0.020851 0.040713 0.015488
4 1 0.019183 0.040713 0.015488
4 2 0.018557 0.040713 0.015488
4 3 0.017306 0.040713 0.015488
4 4 0.018140 0.040713 0.015488
4 5 0.018974 0.040713 0.015488
4 6 0.018557 0.040713 0.015488
4 7 0.021059 0.040713 0.015488
4 8 0.024604 0.040713 0.015488
4 9 0.025855 0.040713 0.015488
4 10 0.030651 0.040713 0.015488
4 11 0.031693 0.040713 0.015488
4 12 0.038574 0.040713 0.015488
4 13 0.040033 0.040713 0.015488
4 14 0.045872 0.040713 0.015488
4 15 0.055463 0.040713 0.015488
4 16 0.064012 0.040713 0.015488
4 17 0.067765 0.040713 0.015488
4 18 0.068599 0.040713 0.015488
4 19 0.072769 0.040713 0.015488
4 20 0.065263 0.040713 0.015488
5 0 0.017515 0.040713 0.015488
5 1 0.016472 0.040713 0.015488
5 2 0.017306 0.040713 0.015488
5 3 0.017932 0.040713 0.015488
5 4 0.018974 0.040713 0.015488
5 5 0.020851 0.040713 0.015488
5 6 0.019391 0.040713 0.015488
5 7 0.018766 0.040713 0.015488
5 8 0.022936 0.040713 0.015488
5 9 0.026272 0.040713 0.015488
5 10 0.030651 0.040713 0.015488
5 11 0.036072 0.040713 0.015488
5 12 0.038991 0.040713 0.015488
5 13 0.046497 0.040713 0.015488
5 14 0.047748 0.040713 0.015488
5 15 0.055046 0.040713 0.015488
5 16 0.059425 0.040713 0.015488
5 17 0.064220 0.040713 0.015488
5 18 0.067556 0.040713 0.015488
5 19 0.062969 0.040713 0.015488
5 20 0.060050 0.040713 0.015488
6 0 0.016681 0.040713 0.015488
6 1 0.016681 0.040713 0.015488
6 2 0.017515 0.040713 0.015488
6 3 0.017515 0.040713 0.015488
6 4 0.019391 0.040713 0.015488
6 5 0.020434 0.040713 0.015488
6 6 0.021268 0.040713 0.015488
6 7 0.022102 0.040713 0.015488
6 8 0.025229 0.040713 0.015488
6 9 0.029191 0.040713 0.015488
6 10 0.032944 0.040713 0.015488
6 11 0.038157 0.040713 0.015488
6 12 0.042952 0.040713 0.015488
6 13 0.046080 0.040713 0.015488
6 14 0.047331 0.040713 0.015488
6 15 0.054420 0.040713 0.015488
6 16 0.055254 0.040713 0.015488
6 17 0.059842 0.040713 0.015488
6 18 0.060259 0.040713 0.015488
6 19 0.058382 0.040713 0.015488
6 20 0.052961 0.040713 0.015488
7 0 0.016889 0.040713 0.015488
7 1 0.017098 0.040713 0.015488
7 2 0.016889 0.040713 0.015488
7 3 0.018557 0.040713 0.015488
7 4 0.020225 0.040713 0.015488
7 5 0.021268 0.040713 0.015488
7 6 0.024187 0.040713 0.015488
7 7 0.025438 0.040713 0.015488
7 8 0.028982 0.040713 0.015488
7 9 0.033570 0.040713 0.015488
7 10 0.035446 0.040713 0.015488
7 11 0.042535 0.040713 0.015488
7 12 0.045872 0.040713 0.015488
7 13 0.048582 0.040713 0.015488
7 14 0.049833 0.040713 0.015488
7 15 0.052752 0.040713 0.015488
7 16 0.058590 0.040713 0.015488
7 17 0.059216 0.040713 0.015488
7 18 0.055671 0.040713 0.015488
7 19 0.050250 0.040713 0.015488
7 20 0.045038 0.040713 0.015488
8 0 0.017723 0.040713 0.015488
8 1 0.018140 0.040713 0.015488
8 2 0.016681 0.040713 0.015488
8 3 0.018140 0.040713 0.015488
8 4 0.019808 0.040713 0.015488
8 5 0.023770 0.040713 0.015488
8 6 0.027314 0.040713 0.015488
8 7 0.028982 0.040713 0.015488
8 8 0.031693 0.040713 0.015488
8 9 0.035446 0.040713 0.015488
8 10 0.040450 0.040713 0.015488
8 11 0.043369 0.040713 0.015488
8 12 0.048999 0.040713 0.015488
8 13 0.051084 0.040713 0.015488
8 14 0.050667 0.040713 0.015488
8 15 0.053586 0.040713 0.015488
8 16 0.054420 0.040713 0.015488
8 17 0.050250 0.040713 0.015488
8 18 0.050250 0.040713 0.015488
8 19 0.045455 0.040713 0.015488
8 20 0.040867 0.040713 0.015488
9 0 0.018140 0.040713 0.015488
9 1 0.018349 0.040713 0.015488
9 2 0.018557 0.040713 0.015488
9 3 0.019391 0.040713 0.015488
9 4 0.020851 0.040713 0.015488
9 5 0.026063 0.040713 0.015488
9 6 0.026897 0.040713 0.015488
9 7 0.029399 0.040713 0.015488
9 8 0.034821 0.040713 0.015488
9 9 0.039408 0.040713 0.015488
9 10 0.045663 0.040713 0.015488
9 11 0.046497 0.040713 0.015488
9 12 0.049208 0.040713 0.015488
9 13 0.051918 0.040713 0.015488
9 14 0.051918 0.040713 0.015488
9 15 0.049833 0.040713 0.015488
9 16 0.051293 0.040713 0.015488
9 17 0.047540 0.040713 0.015488
9 18 0.045038 0.040713 0.015488
9 19 0.040659 0.040713 0.015488
9 20 0.037114 0.040713 0.015488
10 0 0.017515 0.040713 0.015488
10 1 0.019391 0.040713 0.015488
10 2 0.019391 0.040713 0.015488
10 3 0.020434 0.040713 0.015488
10 4 0.024812 0.040713 0.015488
10 5 0.027314 0.040713 0.015488
10 6 0.030025 0.040713 0.015488
10 7 0.034612 0.040713 0.015488
10 8 0.036280 0.040713 0.015488
10 9 0.041076 0.040713 0.015488
10 10 0.043369 0.040713 0.015488
10 11 0.046914 0.040713 0.015488
10 12 0.049208 0.040713 0.015488
10 13 0.048582 0.040713 0.015488
10 14 0.048165 0.040713 0.015488
10 15 0.051084 0.040713 0.015488
10 16 0.046914 0.040713 0.015488
10 17 0.043995 0.040713 0.015488
10 18 0.041493 0.040713 0.015488
10 19 0.038157 0.040713 0.015488
10 20 0.034404 0.040713 0.015488
11 0 0.018140 0.040713 0.015488
11 1 0.021893 0.040713 0.015488
11 2 0.023353 0.040713 0.015488
11 3 0.025438 0.040713 0.015488
11 4 0.027523 0.040713 0.015488
11 5 0.031485 0.040713 0.015488
11 6 0.034612 0.040713 0.015488
11 7 0.037114 0.040713 0.015488
11 8 0.038157 0.040713 0.015488
11 9 0.042744 0.040713 0.015488
11 10 0.046080 0.040713 0.015488
11 11 0.045663 0.040713 0.015488
11 12 0.048999 0.040713 0.015488
11 13 0.048999 0.040713 0.015488
11 14 0.049208 0.040713 0.015488
11 15 0.047123 0.040713 0.015488
11 16 0.047957 0.040713 0.015488
11 17 0.042118 0.040713 0.015488
11 18 0.038365 0.040713 0.015488
11 19 0.035863 0.040713 0.015488
11 20 0.035446 0.040713 0.015488
12 0 0.021268 0.040713 0.015488
12 1 0.025021 0.040713 0.015488
12 2 0.027731 0.040713 0.015488
12 3 0.029608 0.040713 0.015488
12 4 0.030651 0.040713 0.015488
12 5 0.035655 0.040713 0.015488
12 6 0.036072 0.040713 0.015488
12 7 0.039825 0.040713 0.015488
12 8 0.042952 0.040713 0.015488
12 9 0.045455 0.040713 0.015488
12 10 0.047957 0.040713 0.015488
12 11 0.047748 0.040713 0.015488
12 12 0.048791 0.040713 0.015488
12 13 0.049416 0.040713 0.015488
12 14 0.046497 0.040713 0.015488
12 15 0.045246 0.040713 0.015488
12 16 0.045663 0.040713 0.015488
12 17 0.043161 0.040713 0.015488
12 18 0.035655 0.040713 0.015488
12 19 0.033153 0.040713 0.015488
12 20 0.033361 0.040713 0.015488
13 0 0.025855 0.040713 0.015488
13 1 0.028148 0.040713 0.015488
13 2 0.033570 0.040713 0.015488
13 3 0.035655 0.040713 0.015488
13 4 0.036072 0.040713 0.015488
13 5 0.037740 0.040713 0.015488
13 6 0.039825 0.040713 0.015488
13 7 0.041910 0.040713 0.015488
13 8 0.044204 0.040713 0.015488
13 9 0.047123 0.040713 0.015488
13 10 0.047331 0.040713 0.015488
13 11 0.048374 0.040713 0.015488
13 12 0.048999 0.040713 0.015488
13 13 0.048374 0.040713 0.015488
13 14 0.047748 0.040713 0.015488
13 15 0.045455 0.040713 0.015488
13 16 0.043369 0.040713 0.015488
13 17 0.041076 0.040713 0.015488
13 18 0.038574 0.040713 0.015488
13 19 0.032319 0.040713 0.015488
13 20 0.031693 0.040713 0.015488
14 0 0.034612 0.040713 0.015488
14 1 0.039199 0.040713 0.015488
14 2 0.043786 0.040713 0.015488
14 3 0.046289 0.040713 0.015488
14 4 0.045872 0.040713 0.015488
14 5 0.046497 0.040713 0.015488
14 6 0.046080 0.040713 0.015488
14 7 0.048999 0.040713 0.015488
14 8 0.050042 0.040713 0.015488
14 9 0.049416 0.040713 0.015488
14 10 0.048791 0.040713 0.015488
14 11 0.048999 0.040713 0.015488
14 12 0.047331 0.040713 0.015488
14 13 0.047748 0.040713 0.015488
14 14 0.045872 0.040713 0.015488
14 15 0.047123 0.040713 0.015488
14 16 0.045872 0.040713 0.015488
14 17 0.044412 0.040713 0.015488
14 18 0.041701 0.040713 0.015488
14 19 0.036906 0.040713 0.015488
14 20 0.033570 0.040713 0.015488
15 0 0.045038 0.040713 0.015488
15 1 0.049416 0.040713 0.015488
15 2 0.052127 0.040713 0.015488
15 3 0.057756 0.040713 0.015488
15 4 0.058382 0.040713 0.015488
15 5 0.056714 0.040713 0.015488
15 6 0.056505 0.040713 0.015488
15 7 0.051710 0.040713 0.015488
15 8 0.049416 0.040713 0.015488
15 9 0.049208 0.040713 0.015488
15 10 0.047331 0.040713 0.015488
15 11 0.048374 0.040713 0.015488
15 12 0.050459 0.040713 0.015488
15 13 0.049625 0.040713 0.015488
15 14 0.047748 0.040713 0.015488
15 15 0.047123 0.040713 0.015488
15 16 0.049416 0.040713 0.015488
15 17 0.048999 0.040713 0.015488
15 18 0.043578 0.040713 0.015488
15 19 0.040033 0.040713 0.015488
15 20 0.035446 0.040713 0.015488
16 0 0.052335 0.040713 0.015488
16 1 0.059633 0.040713 0.015488
16 2 0.064220 0.040713 0.015488
16 3 0.066514 0.040713 0.015488
16 4 0.065263 0.040713 0.015488
16 5 0.062969 0.040713 0.015488
16 6 0.058799 0.040713 0.015488
16 7 0.055671 0.040713 0.015488
16 8 0.050250 0.040713 0.015488
16 9 0.048165 0.040713 0.015488
16 10 0.046497 0.040713 0.015488
16 11 0.047957 0.040713 0.015488
16 12 0.047957 0.040713 0.015488
16 13 0.051501 0.040713 0.015488
16 14 0.049625 0.040713 0.015488
16 15 0.048165 0.040713 0.015488
16 16 0.047540 0.040713 0.015488
16 17 0.046706 0.040713 0.015488
16 18 0.045246 0.040713 0.015488
16 19 0.040867 0.040713 0.015488
16 20 0.037114 0.040713 0.015488
17 0 0.060259 0.040713 0.015488
17 1 0.066514 0.040713 0.015488
17 2 0.071309 0.040713 0.015488
17 3 0.069641 0.040713 0.015488
17 4 0.067139 0.040713 0.015488
17 5 0.066305 0.040713 0.015488
17 6 0.061510 0.040713 0.015488
17 7 0.056505 0.040713 0.015488
17 8 0.049625 0.040713 0.015488
17 9 0.046080 0.040713 0.015488
17 10 0.043786 0.040713 0.015488
17 11 0.042952 0.040713 0.015488
17 12 0.047957 0.040713 0.015488
17 13 0.047331 0.040713 0.015488
17 14 0.047123 0.040713 0.015488
17 15 0.046706 0.040713 0.015488
17 16 0.046080 0.040713 0.015488
17 17 0.044829 0.040713 0.015488
17 18 0.044621 0.040713 0.015488
17 19 0.039825 0.040713 0.015488
17 20 0.035446 0.040713 0.015488
18 0 0.066097 0.040713 0.015488
18 1 0.071726 0.040713 0.015488
18 2 0.073394 0.040713 0.015488
18 3 0.072352 0.040713 0.015488
18 4 0.069641 0.040713 0.015488
18 5 0.067973 0.040713 0.015488
18 6 0.064429 0.040713 0.015488
18 7 0.056714 0.040713 0.015488
18 8 0.048582 0.040713 0.015488
18 9 0.040659 0.040713 0.015488
18 10 0.038991 0.040713 0.015488
18 11 0.037740 0.040713 0.015488
18 12 0.041284 0.040713 0.015488
18 13 0.041701 0.040713 0.015488
18 14 0.039616 0.040713 0.015488
18 15 0.040659 0.040713 0.015488
18 16 0.038365 0.040713 0.015488
18 17 0.039825 0.040713 0.015488
18 18 0.042118 0.040713 0.015488
18 19 0.037114 0.040713 0.015488
18 20 0.035238 0.040713 0.015488
19 0 0.066305 0.040713 0.015488
19 1 0.074020 0.040713 0.015488
19 2 0.075271 0.040713 0.015488
19 3 0.069850 0.040713 0.015488
19 4 0.068599 0.040713 0.015488
19 5 0.064429 0.040713 0.015488
19 6 0.062135 0.040713 0.015488
19 7 0.055463 0.040713 0.015488
19 8 0.046497 0.040713 0.015488
19 9 0.035863 0.040713 0.015488
19 10 0.034612 0.040713 0.015488
19 11 0.033778 0.040713 0.015488
19 12 0.033778 0.040713 0.015488
19 13 0.033570 0.040713 0.015488
19 14 0.034404 0.040713 0.015488
19 15 0.037114 0.040713 0.015488
19 16 0.036489 0.040713 0.015488
19 17 0.039616 0.040713 0.015488
19 18 0.038365 0.040713 0.015488
19 19 0.033570 0.040713 0.015488
19 20 0.032319 0.040713 0.015488
20 0 0.064429 0.040713 0.015488
20 1 0.070058 0.040713 0.015488
20 2 0.071309 0.040713 0.015488
20 3 0.068390 0.040713 0.015488
20 4 0.065471 0.040713 0.015488
20 5 0.060467 0.040713 0.015488
20 6 0.054003 0.040713 0.015488
20 7 0.047540 0.040713 0.015488
20 8 0.040450 0.040713 0.015488
20 9 0.034404 0.040713 0.015488
20 10 0.030442 0.040713 0.015488
20 11 0.028565 0.040713 0.015488
20 12 0.029817 0.040713 0.015488
20 13 0.027314 0.040713 0.015488
20 14 0.030651 0.040713 0.015488
20 15 0.031276 0.040713 0.015488
20 16 0.033361 0.040713 0.015488
20 17 0.036489 0.040713 0.015488
20 18 0.033987 0.040713 0.015488
20 19 0.032110 0.040713 0.015488
20 20 0.031276 0.040713 0.015488
