# contact distance = 16.0 Angstroms
# F = 0.4 kJ/mol

# i j contact_probability mean_contact_probability stddev_contact_probability
0 0 0.034530 0.043282 0.015271
0 1 0.031527 0.043282 0.015271
0 2 0.031254 0.043282 0.015271
0 3 0.027569 0.043282 0.015271
0 4 0.023884 0.043282 0.015271
0 5 0.021974 0.043282 0.015271
0 6 0.024430 0.043282 0.015271
0 7 0.023884 0.043282 0.015271
0 8 0.025386 0.043282 0.015271
0 9 0.026477 0.043282 0.015271
0 10 0.027706 0.043282 0.015271
0 11 0.030981 0.043282 0.015271
0 12 0.035622 0.043282 0.015271
0 13 0.041354 0.043282 0.015271
0 14 0.048860 0.043282 0.015271
0 15 0.056640 0.043282 0.015271
0 16 0.063873 0.043282 0.015271
0 17 0.068514 0.043282 0.015271
0 18 0.070834 0.043282 0.015271
0 19 0.071380 0.043282 0.015271
0 20 0.067968 0.043282 0.015271
1 0 0.031527 0.043282 0.015271
1 1 0.030708 0.043282 0.015271
1 2 0.029344 0.043282 0.015271
1 3 0.024976 0.043282 0.015271
1 4 0.023611 0.043282 0.015271
1 5 0.022110 0.043282 0.015271
1 6 0.023611 0.043282 0.015271
1 7 0.025386 0.043282 0.015271
1 8 0.025249 0.043282 0.015271
1 9 0.027296 0.043282 0.015271
1 10 0.029889 0.043282 0.015271
1 11 0.033438 0.043282 0.015271
1 12 0.037123 0.043282 0.015271
1 13 0.043947 0.043282 0.015271
1 14 0.052545 0.043282 0.015271
1 15 0.062645 0.043282 0.015271
1 16 0.072608 0.043282 0.015271
1 17 0.077385 0.043282 0.015271
1 18 0.078340 0.043282 0.015271
1 19 0.079023 0.043282 0.015271
1 20 0.073836 0.043282 0.015271
2 0 0.030026 0.043282 0.015271
2 1 0.029480 0.043282 0.015271
2 2 0.026341 0.043282 0.015271
2 3 0.024430 0.043282 0.015271
2 4 0.023884 0.043282 0.015271
2 5 0.022519 0.043282 0.015271
2 6 0.025113 0.043282 0.015271
2 7 0.028525 0.043282 0.015271
2 8 0.029480 0.043282 0.015271
2 9 0.029071 0.043282 0.015271
2 10 0.033711 0.043282 0.015271
2 11 0.036304 0.043282 0.015271
2 12 0.039989 0.043282 0.015271
2 13 0.047086 0.043282 0.015271
2 14 0.056776 0.043282 0.015271
2 15 0.067831 0.043282 0.015271
2 16 0.076839 0.043282 0.015271
2 17 0.082298 0.043282 0.015271
2 18 0.083254 0.043282 0.015271
2 19 0.081889 0.043282 0.015271
2 20 0.073700 0.043282 0.015271
3 0 0.028252 0.043282 0.015271
3 1 0.026750 0.043282 0.015271
3 2 0.024840 0.043282 0.015271
3 3 0.023338 0.043282 0.015271
3 4 0.022656 0.043282 0.015271
3 5 0.023611 0.043282 0.015271
3 6 0.026204 0.043282 0.015271
3 7 0.027706 0.043282 0.015271
3 8 0.030299 0.043282 0.015271
3 9 0.030981 0.043282 0.015271
3 10 0.034120 0.043282 0.015271
3 11 0.039307 0.043282 0.015271
3 12 0.044766 0.043282 0.015271
3 13 0.050225 0.043282 0.015271
3 14 0.061417 0.043282 0.015271
3 15 0.069879 0.043282 0.015271
3 16 0.077249 0.043282 0.015271
3 17 0.080661 0.043282 0.015271
3 18 0.084073 0.043282 0.015271
3 19 0.080524 0.043282 0.015271
3 20 0.073154 0.043282 0.015271
4 0 0.026750 0.043282 0.015271
4 1 0.024976 0.043282 0.015271
4 2 0.024703 0.043282 0.015271
4 3 0.022246 0.043282 0.015271
4 4 0.023202 0.043282 0.015271
4 5 0.027296 0.043282 0.015271
4 6 0.027842 0.043282 0.015271
4 7 0.030435 0.043282 0.015271
4 8 0.032346 0.043282 0.015271
4 9 0.034939 0.043282 0.015271
4 10 0.038215 0.043282 0.015271
4 11 0.040671 0.043282 0.015271
4 12 0.047496 0.043282 0.015271
4 13 0.055684 0.043282 0.015271
4 14 0.061690 0.043282 0.015271
4 15 0.070424 0.043282 0.015271
4 16 0.077112 0.043282 0.015271
4 17 0.078886 0.043282 0.015271
4 18 0.078886 0.043282 0.015271
4 19 0.076703 0.043282 0.015271
4 20 0.071107 0.043282 0.015271
5 0 0.028115 0.043282 0.015271
5 1 0.025795 0.043282 0.015271
5 2 0.026614 0.043282 0.015271
5 3 0.024567 0.043282 0.015271
5 4 0.026204 0.043282 0.015271
5 5 0.029344 0.043282 0.015271
5 6 0.031800 0.043282 0.015271
5 7 0.031391 0.043282 0.015271
5 8 0.035485 0.043282 0.015271
5 9 0.036304 0.043282 0.015271
5 10 0.039443 0.043282 0.015271
5 11 0.043947 0.043282 0.015271
5 12 0.049406 0.043282 0.015271
5 13 0.053774 0.043282 0.015271
5 14 0.060871 0.043282 0.015271
5 15 0.064965 0.043282 0.015271
5 16 0.067695 0.043282 0.015271
5 17 0.071107 0.043282 0.015271
5 18 0.072608 0.043282 0.015271
5 19 0.069469 0.043282 0.015271
5 20 0.064419 0.043282 0.015271
6 0 0.026614 0.043282 0.015271
6 1 0.027979 0.043282 0.015271
6 2 0.028661 0.043282 0.015271
6 3 0.027160 0.043282 0.015271
6 4 0.029207 0.043282 0.015271
6 5 0.032756 0.043282 0.015271
6 6 0.034939 0.043282 0.015271
6 7 0.037669 0.043282 0.015271
6 8 0.039443 0.043282 0.015271
6 9 0.037669 0.043282 0.015271
6 10 0.042582 0.043282 0.015271
6 11 0.046131 0.043282 0.015271
6 12 0.047905 0.043282 0.015271
6 13 0.052955 0.043282 0.015271
6 14 0.058278 0.043282 0.015271
6 15 0.062509 0.043282 0.015271
6 16 0.060871 0.043282 0.015271
6 17 0.064692 0.043282 0.015271
6 18 0.066739 0.043282 0.015271
6 19 0.061144 0.043282 0.015271
6 20 0.054456 0.043282 0.015271
7 0 0.027569 0.043282 0.015271
7 1 0.026614 0.043282 0.015271
7 2 0.028115 0.043282 0.015271
7 3 0.029889 0.043282 0.015271
7 4 0.031118 0.043282 0.015271
7 5 0.033574 0.043282 0.015271
7 6 0.038761 0.043282 0.015271
7 7 0.040808 0.043282 0.015271
7 8 0.041354 0.043282 0.015271
7 9 0.043128 0.043282 0.015271
7 10 0.045175 0.043282 0.015271
7 11 0.047223 0.043282 0.015271
7 12 0.048587 0.043282 0.015271
7 13 0.052545 0.043282 0.015271
7 14 0.055139 0.043282 0.015271
7 15 0.054866 0.043282 0.015271
7 16 0.058005 0.043282 0.015271
7 17 0.056503 0.043282 0.015271
7 18 0.054320 0.043282 0.015271
7 19 0.049270 0.043282 0.015271
7 20 0.045994 0.043282 0.015271
8 0 0.026750 0.043282 0.015271
8 1 0.028252 0.043282 0.015271
8 2 0.028798 0.043282 0.015271
8 3 0.030299 0.043282 0.015271
8 4 0.032619 0.043282 0.015271
8 5 0.034257 0.043282 0.015271
8 6 0.040671 0.043282 0.015271
8 7 0.043811 0.043282 0.015271
8 8 0.045039 0.043282 0.015271
8 9 0.047223 0.043282 0.015271
8 10 0.048587 0.043282 0.015271
8 11 0.048451 0.043282 0.015271
8 12 0.048041 0.043282 0.015271
8 13 0.048997 0.043282 0.015271
8 14 0.049543 0.043282 0.015271
8 15 0.049952 0.043282 0.015271
8 16 0.050498 0.043282 0.015271
8 17 0.046131 0.043282 0.015271
8 18 0.042992 0.043282 0.015271
8 19 0.040399 0.043282 0.015271
8 20 0.036714 0.043282 0.015271
9 0 0.027979 0.043282 0.015271
9 1 0.029344 0.043282 0.015271
9 2 0.030708 0.043282 0.015271
9 3 0.032756 0.043282 0.015271
9 4 0.036986 0.043282 0.015271
9 5 0.038624 0.043282 0.015271
9 6 0.040262 0.043282 0.015271
9 7 0.044356 0.043282 0.015271
9 8 0.046540 0.043282 0.015271
9 9 0.046540 0.043282 0.015271
9 10 0.048041 0.043282 0.015271
9 11 0.048724 0.043282 0.015271
9 12 0.046267 0.043282 0.015271
9 13 0.044902 0.043282 0.015271
9 14 0.045721 0.043282 0.015271
9 15 0.043947 0.043282 0.015271
9 16 0.041081 0.043282 0.015271
9 17 0.039989 0.043282 0.015271
9 18 0.037942 0.043282 0.015271
9 19 0.033984 0.043282 0.015271
9 20 0.033165 0.043282 0.015271
10 0 0.029753 0.043282 0.015271
10 1 0.032619 0.043282 0.015271
10 2 0.033165 0.043282 0.015271
10 3 0.034939 0.043282 0.015271
10 4 0.039716 0.043282 0.015271
10 5 0.042719 0.043282 0.015271
10 6 0.046404 0.043282 0.015271
10 7 0.045585 0.043282 0.015271
10 8 0.047223 0.043282 0.015271
10 9 0.047496 0.043282 0.015271
10 10 0.045312 0.043282 0.015271
10 11 0.044220 0.043282 0.015271
10 12 0.043538 0.043282 0.015271
10 13 0.043811 0.043282 0.015271
10 14 0.043538 0.043282 0.015271
10 15 0.040671 0.043282 0.015271
10 16 0.035895 0.043282 0.015271
10 17 0.036986 0.043282 0.015271
10 18 0.035622 0.043282 0.015271
10 19 0.031800 0.043282 0.015271
10 20 0.029344 0.043282 0.015271
11 0 0.032210 0.043282 0.015271
11 1 0.034803 0.043282 0.015271
11 2 0.036168 0.043282 0.015271
11 3 0.040126 0.043282 0.015271
11 4 0.041081 0.043282 0.015271
11 5 0.045039 0.043282 0.015271
11 6 0.046267 0.043282 0.015271
11 7 0.047359 0.043282 0.015271
11 8 0.045721 0.043282 0.015271
11 9 0.044493 0.043282 0.015271
11 10 0.044629 0.043282 0.015271
11 11 0.043128 0.043282 0.015271
11 12 0.042719 0.043282 0.015271
11 13 0.042036 0.043282 0.015271
11 14 0.040399 0.043282 0.015271
11 15 0.038078 0.043282 0.015271
11 16 0.036577 0.043282 0.015271
11 17 0.034530 0.043282 0.015271
11 18 0.034393 0.043282 0.015271
11 19 0.029753 0.043282 0.015271
11 20 0.026887 0.043282 0.015271
12 0 0.035895 0.043282 0.015271
12 1 0.038897 0.043282 0.015271
12 2 0.042036 0.043282 0.015271
12 3 0.045175 0.043282 0.015271
12 4 0.046131 0.043282 0.015271
12 5 0.047086 0.043282 0.015271
12 6 0.045448 0.043282 0.015271
12 7 0.044902 0.043282 0.015271
12 8 0.044902 0.043282 0.015271
12 9 0.042992 0.043282 0.015271
12 10 0.042719 0.043282 0.015271
12 11 0.040944 0.043282 0.015271
12 12 0.040126 0.043282 0.015271
12 13 0.040535 0.043282 0.015271
12 14 0.039716 0.043282 0.015271
12 15 0.037669 0.043282 0.015271
12 16 0.034530 0.043282 0.015271
12 17 0.034803 0.043282 0.015271
12 18 0.031391 0.043282 0.015271
12 19 0.028388 0.043282 0.015271
12 20 0.027842 0.043282 0.015271
13 0 0.039580 0.043282 0.015271
13 1 0.043265 0.043282 0.015271
13 2 0.046267 0.043282 0.015271
13 3 0.052136 0.043282 0.015271
13 4 0.052136 0.043282 0.015271
13 5 0.050362 0.043282 0.015271
13 6 0.048724 0.043282 0.015271
13 7 0.045994 0.043282 0.015271
13 8 0.043128 0.043282 0.015271
13 9 0.044493 0.043282 0.015271
13 10 0.041081 0.043282 0.015271
13 11 0.040535 0.043282 0.015271
13 12 0.038078 0.043282 0.015271
13 13 0.037669 0.043282 0.015271
13 14 0.037532 0.043282 0.015271
13 15 0.034939 0.043282 0.015271
13 16 0.030435 0.043282 0.015271
13 17 0.029753 0.043282 0.015271
13 18 0.029344 0.043282 0.015271
13 19 0.028115 0.043282 0.015271
13 20 0.027023 0.043282 0.015271
14 0 0.046267 0.043282 0.015271
14 1 0.052682 0.043282 0.015271
14 2 0.055002 0.043282 0.015271
14 3 0.058551 0.043282 0.015271
14 4 0.058824 0.043282 0.015271
14 5 0.055684 0.043282 0.015271
14 6 0.052545 0.043282 0.015271
14 7 0.048997 0.043282 0.015271
14 8 0.046677 0.043282 0.015271
14 9 0.041490 0.043282 0.015271
14 10 0.039853 0.043282 0.015271
14 11 0.037942 0.043282 0.015271
14 12 0.036850 0.043282 0.015271
14 13 0.036031 0.043282 0.015271
14 14 0.036577 0.043282 0.015271
14 15 0.034257 0.043282 0.015271
14 16 0.032346 0.043282 0.015271
14 17 0.030845 0.043282 0.015271
14 18 0.028525 0.043282 0.015271
14 19 0.029753 0.043282 0.015271
14 20 0.029344 0.043282 0.015271
15 0 0.055684 0.043282 0.015271
15 1 0.061007 0.043282 0.015271
15 2 0.064419 0.043282 0.015271
15 3 0.066603 0.043282 0.015271
15 4 0.064692 0.043282 0.015271
15 5 0.059506 0.043282 0.015271
15 6 0.057322 0.043282 0.015271
15 7 0.049679 0.043282 0.015271
15 8 0.048178 0.043282 0.015271
15 9 0.042446 0.043282 0.015271
15 10 0.039853 0.043282 0.015271
15 11 0.036304 0.043282 0.015271
15 12 0.036986 0.043282 0.015271
15 13 0.035485 0.043282 0.015271
15 14 0.036031 0.043282 0.015271
15 15 0.032892 0.043282 0.015271
15 16 0.030572 0.043282 0.015271
15 17 0.032346 0.043282 0.015271
15 18 0.031118 0.043282 0.015271
15 19 0.030435 0.043282 0.015271
15 20 0.027706 0.043282 0.015271
16 0 0.063464 0.043282 0.015271
16 1 0.070151 0.043282 0.015271
16 2 0.073564 0.043282 0.015271
16 3 0.071243 0.043282 0.015271
16 4 0.068241 0.043282 0.015271
16 5 0.062918 0.043282 0.015271
16 6 0.058551 0.043282 0.015271
16 7 0.051590 0.043282 0.015271
16 8 0.043401 0.043282 0.015271
16 9 0.041081 0.043282 0.015271
16 10 0.039307 0.043282 0.015271
16 11 0.038351 0.043282 0.015271
16 12 0.036441 0.043282 0.015271
16 13 0.035485 0.043282 0.015271
16 14 0.033984 0.043282 0.015271
16 15 0.034666 0.043282 0.015271
16 16 0.031391 0.043282 0.015271
16 17 0.031937 0.043282 0.015271
16 18 0.030162 0.043282 0.015271
16 19 0.029753 0.043282 0.015271
16 20 0.028934 0.043282 0.015271
17 0 0.066603 0.043282 0.015271
17 1 0.071653 0.043282 0.015271
17 2 0.076976 0.043282 0.015271
17 3 0.075747 0.043282 0.015271
17 4 0.072335 0.043282 0.015271
17 5 0.067149 0.043282 0.015271
17 6 0.058687 0.043282 0.015271
17 7 0.052682 0.043282 0.015271
17 8 0.044493 0.043282 0.015271
17 9 0.040399 0.043282 0.015271
17 10 0.036986 0.043282 0.015271
17 11 0.037123 0.043282 0.015271
17 12 0.033574 0.043282 0.015271
17 13 0.033847 0.043282 0.015271
17 14 0.035758 0.043282 0.015271
17 15 0.033029 0.043282 0.015271
17 16 0.032619 0.043282 0.015271
17 17 0.031527 0.043282 0.015271
17 18 0.029889 0.043282 0.015271
17 19 0.031664 0.043282 0.015271
17 20 0.029616 0.043282 0.015271
18 0 0.069469 0.043282 0.015271
18 1 0.073836 0.043282 0.015271
18 2 0.079296 0.043282 0.015271
18 3 0.077794 0.043282 0.015271
18 4 0.073973 0.043282 0.015271
18 5 0.068241 0.043282 0.015271
18 6 0.058551 0.043282 0.015271
18 7 0.052136 0.043282 0.015271
18 8 0.042992 0.043282 0.015271
18 9 0.038488 0.043282 0.015271
18 10 0.034120 0.043282 0.015271
18 11 0.032756 0.043282 0.015271
18 12 0.032346 0.043282 0.015271
18 13 0.033847 0.043282 0.015271
18 14 0.034393 0.043282 0.015271
18 15 0.035076 0.043282 0.015271
18 16 0.034393 0.043282 0.015271
18 17 0.029480 0.043282 0.015271
18 18 0.029753 0.043282 0.015271
18 19 0.027979 0.043282 0.015271
18 20 0.028661 0.043282 0.015271
19 0 0.068514 0.043282 0.015271
19 1 0.073973 0.043282 0.015271
19 2 0.074792 0.043282 0.015271
19 3 0.075065 0.043282 0.015271
19 4 0.070424 0.043282 0.015271
19 5 0.065102 0.043282 0.015271
19 6 0.058278 0.043282 0.015271
19 7 0.048860 0.043282 0.015271
19 8 0.042446 0.043282 0.015271
19 9 0.038215 0.043282 0.015271
19 10 0.032892 0.043282 0.015271
19 11 0.030299 0.043282 0.015271
19 12 0.032483 0.043282 0.015271
19 13 0.031118 0.043282 0.015271
19 14 0.031118 0.043282 0.015271
19 15 0.032346 0.043282 0.015271
19 16 0.032346 0.043282 0.015271
19 17 0.030435 0.043282 0.015271
19 18 0.029207 0.043282 0.015271
19 19 0.026068 0.043282 0.015271
19 20 0.026341 0.043282 0.015271
20 0 0.063327 0.043282 0.015271
20 1 0.067149 0.043282 0.015271
20 2 0.068377 0.043282 0.015271
20 3 0.070015 0.043282 0.015271
20 4 0.063873 0.043282 0.015271
20 5 0.056640 0.043282 0.015271
20 6 0.050225 0.043282 0.015271
20 7 0.043538 0.043282 0.015271
20 8 0.039853 0.043282 0.015271
20 9 0.034803 0.043282 0.015271
20 10 0.030981 0.043282 0.015271
20 11 0.030026 0.043282 0.015271
20 12 0.028798 0.043282 0.015271
20 13 0.030162 0.043282 0.015271
20 14 0.031937 0.043282 0.015271
20 15 0.030026 0.043282 0.015271
20 16 0.030299 0.043282 0.015271
20 17 0.029344 0.043282 0.015271
20 18 0.025931 0.043282 0.015271
20 19 0.026614 0.043282 0.015271
20 20 0.025386 0.043282 0.015271
