# contact distance = 16.0 Angstroms
# F = 0.4 kJ/mol

# i j contact_probability mean_contact_probability stddev_contact_probability
0 0 0.019637 0.055634 0.021110
0 1 0.018783 0.055634 0.021110
0 2 0.019424 0.055634 0.021110
0 3 0.022092 0.055634 0.021110
0 4 0.026147 0.055634 0.021110
0 5 0.028709 0.055634 0.021110
0 6 0.031377 0.055634 0.021110
0 7 0.035432 0.055634 0.021110
0 8 0.037460 0.055634 0.021110
0 9 0.041409 0.055634 0.021110
0 10 0.045144 0.055634 0.021110
0 11 0.047065 0.055634 0.021110
0 12 0.054429 0.055634 0.021110
0 13 0.063501 0.055634 0.021110
0 14 0.076094 0.055634 0.021110
0 15 0.081644 0.055634 0.021110
0 16 0.086873 0.055634 0.021110
0 17 0.091676 0.055634 0.021110
0 18 0.092102 0.055634 0.021110
0 19 0.088367 0.055634 0.021110
0 20 0.079509 0.055634 0.021110
1 0 0.020064 0.055634 0.021110
1 1 0.017930 0.055634 0.021110
1 2 0.019104 0.055634 0.021110
1 3 0.021345 0.055634 0.021110
1 4 0.025934 0.055634 0.021110
1 5 0.027215 0.055634 0.021110
1 6 0.030096 0.055634 0.021110
1 7 0.034685 0.055634 0.021110
1 8 0.037353 0.055634 0.021110
1 9 0.042263 0.055634 0.021110
1 10 0.046958 0.055634 0.021110
1 11 0.052295 0.055634 0.021110
1 12 0.060085 0.055634 0.021110
1 13 0.068730 0.055634 0.021110
1 14 0.080256 0.055634 0.021110
1 15 0.089541 0.055634 0.021110
1 16 0.094237 0.055634 0.021110
1 17 0.097545 0.055634 0.021110
1 18 0.097759 0.055634 0.021110
1 19 0.094771 0.055634 0.021110
1 20 0.086553 0.055634 0.021110
2 0 0.020811 0.055634 0.021110
2 1 0.019637 0.055634 0.021110
2 2 0.021025 0.055634 0.021110
2 3 0.023159 0.055634 0.021110
2 4 0.024333 0.055634 0.021110
2 5 0.026574 0.055634 0.021110
2 6 0.030416 0.055634 0.021110
2 7 0.034472 0.055634 0.021110
2 8 0.039168 0.055634 0.021110
2 9 0.045784 0.055634 0.021110
2 10 0.050480 0.055634 0.021110
2 11 0.056243 0.055634 0.021110
2 12 0.063607 0.055634 0.021110
2 13 0.072359 0.055634 0.021110
2 14 0.083031 0.055634 0.021110
2 15 0.091996 0.055634 0.021110
2 16 0.097972 0.055634 0.021110
2 17 0.099680 0.055634 0.021110
2 18 0.098719 0.055634 0.021110
2 19 0.094984 0.055634 0.021110
2 20 0.088474 0.055634 0.021110
3 0 0.023372 0.055634 0.021110
3 1 0.021665 0.055634 0.021110
3 2 0.024226 0.055634 0.021110
3 3 0.023586 0.055634 0.021110
3 4 0.025293 0.055634 0.021110
3 5 0.027641 0.055634 0.021110
3 6 0.031804 0.055634 0.021110
3 7 0.033191 0.055634 0.021110
3 8 0.039915 0.055634 0.021110
3 9 0.045891 0.055634 0.021110
3 10 0.052721 0.055634 0.021110
3 11 0.058698 0.055634 0.021110
3 12 0.065315 0.055634 0.021110
3 13 0.071505 0.055634 0.021110
3 14 0.084632 0.055634 0.021110
3 15 0.089648 0.055634 0.021110
3 16 0.096265 0.055634 0.021110
3 17 0.097012 0.055634 0.021110
3 18 0.095518 0.055634 0.021110
3 19 0.091782 0.055634 0.021110
3 20 0.082604 0.055634 0.021110
4 0 0.028282 0.055634 0.021110
4 1 0.026254 0.055634 0.021110
4 2 0.024120 0.055634 0.021110
4 3 0.026361 0.055634 0.021110
4 4 0.026041 0.055634 0.021110
4 5 0.026894 0.055634 0.021110
4 6 0.034792 0.055634 0.021110
4 7 0.038207 0.055634 0.021110
4 8 0.043436 0.055634 0.021110
4 9 0.050800 0.055634 0.021110
4 10 0.053682 0.055634 0.021110
4 11 0.057417 0.055634 0.021110
4 12 0.064034 0.055634 0.021110
4 13 0.069584 0.055634 0.021110
4 14 0.079402 0.055634 0.021110
4 15 0.084952 0.055634 0.021110
4 16 0.089861 0.055634 0.021110
4 17 0.093597 0.055634 0.021110
4 18 0.090288 0.055634 0.021110
4 19 0.082497 0.055634 0.021110
4 20 0.073639 0.055634 0.021110
5 0 0.029989 0.055634 0.021110
5 1 0.029989 0.055634 0.021110
5 2 0.028388 0.055634 0.021110
5 3 0.028815 0.055634 0.021110
5 4 0.028175 0.055634 0.021110
5 5 0.030096 0.055634 0.021110
5 6 0.036820 0.055634 0.021110
5 7 0.041515 0.055634 0.021110
5 8 0.045678 0.055634 0.021110
5 9 0.053895 0.055634 0.021110
5 10 0.056564 0.055634 0.021110
5 11 0.061793 0.055634 0.021110
5 12 0.062647 0.055634 0.021110
5 13 0.069584 0.055634 0.021110
5 14 0.075774 0.055634 0.021110
5 15 0.079189 0.055634 0.021110
5 16 0.083244 0.055634 0.021110
5 17 0.083351 0.055634 0.021110
5 18 0.080470 0.055634 0.021110
5 19 0.071185 0.055634 0.021110
5 20 0.064141 0.055634 0.021110
6 0 0.031804 0.055634 0.021110
6 1 0.032337 0.055634 0.021110
6 2 0.031697 0.055634 0.021110
6 3 0.030843 0.055634 0.021110
6 4 0.032657 0.055634 0.021110
6 5 0.035752 0.055634 0.021110
6 6 0.040662 0.055634 0.021110
6 7 0.045251 0.055634 0.021110
6 8 0.050907 0.055634 0.021110
6 9 0.053895 0.055634 0.021110
6 10 0.058485 0.055634 0.021110
6 11 0.062113 0.055634 0.021110
6 12 0.065635 0.055634 0.021110
6 13 0.068303 0.055634 0.021110
6 14 0.071291 0.055634 0.021110
6 15 0.074813 0.055634 0.021110
6 16 0.076201 0.055634 0.021110
6 17 0.075347 0.055634 0.021110
6 18 0.070758 0.055634 0.021110
6 19 0.061580 0.055634 0.021110
6 20 0.055603 0.055634 0.021110
7 0 0.032551 0.055634 0.021110
7 1 0.035752 0.055634 0.021110
7 2 0.035432 0.055634 0.021110
7 3 0.034899 0.055634 0.021110
7 4 0.038634 0.055634 0.021110
7 5 0.039488 0.055634 0.021110
7 6 0.045251 0.055634 0.021110
7 7 0.048559 0.055634 0.021110
7 8 0.051974 0.055634 0.021110
7 9 0.058698 0.055634 0.021110
7 10 0.061366 0.055634 0.021110
7 11 0.065101 0.055634 0.021110
7 12 0.067129 0.055634 0.021110
7 13 0.068623 0.055634 0.021110
7 14 0.070971 0.055634 0.021110
7 15 0.072252 0.055634 0.021110
7 16 0.069904 0.055634 0.021110
7 17 0.067022 0.055634 0.021110
7 18 0.062967 0.055634 0.021110
7 19 0.055069 0.055634 0.021110
7 20 0.047599 0.055634 0.021110
8 0 0.037140 0.055634 0.021110
8 1 0.037353 0.055634 0.021110
8 2 0.040021 0.055634 0.021110
8 3 0.040448 0.055634 0.021110
8 4 0.042263 0.055634 0.021110
8 5 0.045464 0.055634 0.021110
8 6 0.047492 0.055634 0.021110
8 7 0.052188 0.055634 0.021110
8 8 0.057204 0.055634 0.021110
8 9 0.062327 0.055634 0.021110
8 10 0.064354 0.055634 0.021110
8 11 0.066702 0.055634 0.021110
8 12 0.067769 0.055634 0.021110
8 13 0.068730 0.055634 0.021110
8 14 0.070011 0.055634 0.021110
8 15 0.068090 0.055634 0.021110
8 16 0.064888 0.055634 0.021110
8 17 0.061686 0.055634 0.021110
8 18 0.056884 0.055634 0.021110
8 19 0.048666 0.055634 0.021110
8 20 0.043436 0.055634 0.021110
9 0 0.039168 0.055634 0.021110
9 1 0.041409 0.055634 0.021110
9 2 0.043543 0.055634 0.021110
9 3 0.045571 0.055634 0.021110
9 4 0.047385 0.055634 0.021110
9 5 0.048986 0.055634 0.021110
9 6 0.051014 0.055634 0.021110
9 7 0.056137 0.055634 0.021110
9 8 0.059979 0.055634 0.021110
9 9 0.063927 0.055634 0.021110
9 10 0.064995 0.055634 0.021110
9 11 0.068303 0.055634 0.021110
9 12 0.069477 0.055634 0.021110
9 13 0.068730 0.055634 0.021110
9 14 0.068303 0.055634 0.021110
9 15 0.065101 0.055634 0.021110
9 16 0.059125 0.055634 0.021110
9 17 0.056670 0.055634 0.021110
9 18 0.051121 0.055634 0.021110
9 19 0.045037 0.055634 0.021110
9 20 0.041195 0.055634 0.021110
10 0 0.043543 0.055634 0.021110
10 1 0.045251 0.055634 0.021110
10 2 0.046852 0.055634 0.021110
10 3 0.050800 0.055634 0.021110
10 4 0.051014 0.055634 0.021110
10 5 0.052188 0.055634 0.021110
10 6 0.055710 0.055634 0.021110
10 7 0.061153 0.055634 0.021110
10 8 0.064461 0.055634 0.021110
10 9 0.066169 0.055634 0.021110
10 10 0.069157 0.055634 0.021110
10 11 0.069157 0.055634 0.021110
10 12 0.068730 0.055634 0.021110
10 13 0.067983 0.055634 0.021110
10 14 0.066275 0.055634 0.021110
10 15 0.062647 0.055634 0.021110
10 16 0.057097 0.055634 0.021110
10 17 0.050694 0.055634 0.021110
10 18 0.047919 0.055634 0.021110
10 19 0.043330 0.055634 0.021110
10 20 0.040021 0.055634 0.021110
11 0 0.047172 0.055634 0.021110
11 1 0.051334 0.055634 0.021110
11 2 0.053469 0.055634 0.021110
11 3 0.057204 0.055634 0.021110
11 4 0.056137 0.055634 0.021110
11 5 0.058378 0.055634 0.021110
11 6 0.060512 0.055634 0.021110
11 7 0.064034 0.055634 0.021110
11 8 0.066062 0.055634 0.021110
11 9 0.067343 0.055634 0.021110
11 10 0.069477 0.055634 0.021110
11 11 0.071505 0.055634 0.021110
11 12 0.068196 0.055634 0.021110
11 13 0.067556 0.055634 0.021110
11 14 0.066062 0.055634 0.021110
11 15 0.061259 0.055634 0.021110
11 16 0.054109 0.055634 0.021110
11 17 0.050587 0.055634 0.021110
11 18 0.045784 0.055634 0.021110
11 19 0.040555 0.055634 0.021110
11 20 0.039488 0.055634 0.021110
12 0 0.054109 0.055634 0.021110
12 1 0.058378 0.055634 0.021110
12 2 0.060939 0.055634 0.021110
12 3 0.064674 0.055634 0.021110
12 4 0.063501 0.055634 0.021110
12 5 0.064141 0.055634 0.021110
12 6 0.064674 0.055634 0.021110
12 7 0.066169 0.055634 0.021110
12 8 0.068517 0.055634 0.021110
12 9 0.068196 0.055634 0.021110
12 10 0.069157 0.055634 0.021110
12 11 0.068623 0.055634 0.021110
12 12 0.066169 0.055634 0.021110
12 13 0.066275 0.055634 0.021110
12 14 0.062647 0.055634 0.021110
12 15 0.059125 0.055634 0.021110
12 16 0.052188 0.055634 0.021110
12 17 0.047385 0.055634 0.021110
12 18 0.042583 0.055634 0.021110
12 19 0.038207 0.055634 0.021110
12 20 0.035646 0.055634 0.021110
13 0 0.062433 0.055634 0.021110
13 1 0.067556 0.055634 0.021110
13 2 0.072999 0.055634 0.021110
13 3 0.072038 0.055634 0.021110
13 4 0.069157 0.055634 0.021110
13 5 0.067663 0.055634 0.021110
13 6 0.067663 0.055634 0.021110
13 7 0.067663 0.055634 0.021110
13 8 0.067236 0.055634 0.021110
13 9 0.067876 0.055634 0.021110
13 10 0.068410 0.055634 0.021110
13 11 0.067769 0.055634 0.021110
13 12 0.066702 0.055634 0.021110
13 13 0.065848 0.055634 0.021110
13 14 0.061473 0.055634 0.021110
13 15 0.057737 0.055634 0.021110
13 16 0.049200 0.055634 0.021110
13 17 0.044290 0.055634 0.021110
13 18 0.039168 0.055634 0.021110
13 19 0.035859 0.055634 0.021110
13 20 0.032871 0.055634 0.021110
14 0 0.075027 0.055634 0.021110
14 1 0.081537 0.055634 0.021110
14 2 0.083351 0.055634 0.021110
14 3 0.081323 0.055634 0.021110
14 4 0.078335 0.055634 0.021110
14 5 0.074066 0.055634 0.021110
14 6 0.070331 0.055634 0.021110
14 7 0.069797 0.055634 0.021110
14 8 0.067983 0.055634 0.021110
14 9 0.067343 0.055634 0.021110
14 10 0.066916 0.055634 0.021110
14 11 0.065101 0.055634 0.021110
14 12 0.064248 0.055634 0.021110
14 13 0.060512 0.055634 0.021110
14 14 0.058164 0.055634 0.021110
14 15 0.052401 0.055634 0.021110
14 16 0.046425 0.055634 0.021110
14 17 0.041302 0.055634 0.021110
14 18 0.035432 0.055634 0.021110
14 19 0.031483 0.055634 0.021110
14 20 0.028815 0.055634 0.021110
15 0 0.081750 0.055634 0.021110
15 1 0.091142 0.055634 0.021110
15 2 0.094237 0.055634 0.021110
15 3 0.090288 0.055634 0.021110
15 4 0.083244 0.055634 0.021110
15 5 0.078762 0.055634 0.021110
15 6 0.074813 0.055634 0.021110
15 7 0.067769 0.055634 0.021110
15 8 0.064781 0.055634 0.021110
15 9 0.064461 0.055634 0.021110
15 10 0.063927 0.055634 0.021110
15 11 0.061580 0.055634 0.021110
15 12 0.058911 0.055634 0.021110
15 13 0.057417 0.055634 0.021110
15 14 0.052721 0.055634 0.021110
15 15 0.046745 0.055634 0.021110
15 16 0.040662 0.055634 0.021110
15 17 0.038420 0.055634 0.021110
15 18 0.031377 0.055634 0.021110
15 19 0.030096 0.055634 0.021110
15 20 0.025507 0.055634 0.021110
16 0 0.087834 0.055634 0.021110
16 1 0.097439 0.055634 0.021110
16 2 0.096158 0.055634 0.021110
16 3 0.093703 0.055634 0.021110
16 4 0.087834 0.055634 0.021110
16 5 0.078122 0.055634 0.021110
16 6 0.073106 0.055634 0.021110
16 7 0.065208 0.055634 0.021110
16 8 0.062860 0.055634 0.021110
16 9 0.060085 0.055634 0.021110
16 10 0.058805 0.055634 0.021110
16 11 0.058164 0.055634 0.021110
16 12 0.054109 0.055634 0.021110
16 13 0.049626 0.055634 0.021110
16 14 0.046318 0.055634 0.021110
16 15 0.043116 0.055634 0.021110
16 16 0.036179 0.055634 0.021110
16 17 0.031804 0.055634 0.021110
16 18 0.025934 0.055634 0.021110
16 19 0.025080 0.055634 0.021110
16 20 0.024120 0.055634 0.021110
17 0 0.091355 0.055634 0.021110
17 1 0.098186 0.055634 0.021110
17 2 0.097545 0.055634 0.021110
17 3 0.091996 0.055634 0.021110
17 4 0.086980 0.055634 0.021110
17 5 0.078228 0.055634 0.021110
17 6 0.068837 0.055634 0.021110
17 7 0.063394 0.055634 0.021110
17 8 0.059338 0.055634 0.021110
17 9 0.057097 0.055634 0.021110
17 10 0.054749 0.055634 0.021110
17 11 0.052401 0.055634 0.021110
17 12 0.048132 0.055634 0.021110
17 13 0.044290 0.055634 0.021110
17 14 0.039808 0.055634 0.021110
17 15 0.036393 0.055634 0.021110
17 16 0.032124 0.055634 0.021110
17 17 0.025720 0.055634 0.021110
17 18 0.020171 0.055634 0.021110
17 19 0.020171 0.055634 0.021110
17 20 0.021665 0.055634 0.021110
18 0 0.091676 0.055634 0.021110
18 1 0.098933 0.055634 0.021110
18 2 0.096478 0.055634 0.021110
18 3 0.093490 0.055634 0.021110
18 4 0.084098 0.055634 0.021110
18 5 0.074280 0.055634 0.021110
18 6 0.066489 0.055634 0.021110
18 7 0.062220 0.055634 0.021110
18 8 0.057204 0.055634 0.021110
18 9 0.052295 0.055634 0.021110
18 10 0.050374 0.055634 0.021110
18 11 0.048026 0.055634 0.021110
18 12 0.042796 0.055634 0.021110
18 13 0.037994 0.055634 0.021110
18 14 0.034258 0.055634 0.021110
18 15 0.031697 0.055634 0.021110
18 16 0.023372 0.055634 0.021110
18 17 0.022625 0.055634 0.021110
18 18 0.017823 0.055634 0.021110
18 19 0.017716 0.055634 0.021110
18 20 0.018890 0.055634 0.021110
19 0 0.086233 0.055634 0.021110
19 1 0.093490 0.055634 0.021110
19 2 0.091569 0.055634 0.021110
19 3 0.084739 0.055634 0.021110
19 4 0.077375 0.055634 0.021110
19 5 0.068943 0.055634 0.021110
19 6 0.060192 0.055634 0.021110
19 7 0.056884 0.055634 0.021110
19 8 0.052508 0.055634 0.021110
19 9 0.049733 0.055634 0.021110
19 10 0.045784 0.055634 0.021110
19 11 0.042796 0.055634 0.021110
19 12 0.038741 0.055634 0.021110
19 13 0.036073 0.055634 0.021110
19 14 0.031697 0.055634 0.021110
19 15 0.028495 0.055634 0.021110
19 16 0.024226 0.055634 0.021110
19 17 0.021345 0.055634 0.021110
19 18 0.018997 0.055634 0.021110
19 19 0.017182 0.055634 0.021110
19 20 0.018783 0.055634 0.021110
20 0 0.079616 0.055634 0.021110
20 1 0.082604 0.055634 0.021110
20 2 0.081644 0.055634 0.021110
20 3 0.077588 0.055634 0.021110
20 4 0.067876 0.055634 0.021110
20 5 0.059658 0.055634 0.021110
20 6 0.054429 0.055634 0.021110
20 7 0.051441 0.055634 0.021110
20 8 0.048026 0.055634 0.021110
20 9 0.046105 0.055634 0.021110
20 10 0.041515 0.055634 0.021110
20 11 0.041622 0.055634 0.021110
20 12 0.036286 0.055634 0.021110
20 13 0.033404 0.055634 0.021110
20 14 0.030416 0.055634 0.021110
20 15 0.025827 0.055634 0.021110
20 16 0.023799 0.055634 0.021110
20 17 0.020811 0.055634 0.021110
20 18 0.020171 0.055634 0.021110
20 19 0.018036 0.055634 0.021110
20 20 0.017396 0.055634 0.021110
