row, col, cumulative power
0, 0, 8.440272e-29
0, 1, 4.923745e-01
1, 1, 1.124718e+00
0, 2, 2.240186e+00
1, 2, 2.481473e+00
2, 2, 2.496983e+00
0, 3, 3.179659e+00
1, 3, 3.336901e+00
2, 3, 3.357642e+00
0, 4, 3.431123e+00
1, 4, 3.531628e+00
3, 3, 3.539008e+00
2, 4, 3.566440e+00
3, 4, 3.581204e+00
0, 5, 3.596313e+00
1, 5, 3.651202e+00
2, 5, 3.665333e+00
4, 4, 3.668212e+00
3, 5, 3.670616e+00
0, 6, 3.693648e+00
1, 6, 3.763753e+00
2, 6, 3.773878e+00
4, 5, 3.776079e+00
3, 6, 3.791252e+00
0, 7, 3.793583e+00
5, 5, 3.799298e+00
1, 7, 3.853405e+00
4, 6, 3.858328e+00
2, 7, 3.861714e+00
3, 7, 3.863475e+00
5, 6, 3.865726e+00
0, 8, 3.871530e+00
4, 7, 3.874783e+00
1, 8, 3.925568e+00
2, 8, 3.928785e+00
6, 6, 3.929434e+00
3, 8, 3.932639e+00
5, 7, 3.935360e+00
4, 8, 3.936240e+00
0, 9, 3.941405e+00
1, 9, 3.975055e+00
6, 7, 3.975537e+00
2, 9, 3.977876e+00
5, 8, 3.978857e+00
3, 9, 3.979828e+00
4, 9, 3.980665e+00
7, 7, 3.981874e+00
6, 8, 3.982570e+00
0, 10, 3.985494e+00
1, 10, 4.003865e+00
2, 10, 4.004763e+00
5, 9, 4.006331e+00
3, 10, 4.008723e+00
7, 8, 4.010703e+00
4, 10, 4.011864e+00
6, 9, 4.012817e+00
5, 10, 4.015617e+00
8, 8, 4.016278e+00
7, 9, 4.016906e+00
6, 10, 4.018078e+00
8, 9, 4.020503e+00
7, 10, 4.023542e+00
9, 9, 4.024210e+00
8, 10, 4.024304e+00
9, 10, 4.026469e+00
10, 10, 4.029050e+00
