row, col, cumulative power
0, 0, 5.307093e-30
0, 1, 3.602404e+00
1, 1, 5.002774e+00
0, 2, 8.998561e+00
1, 2, 9.690044e+00
2, 2, 9.732568e+00
0, 3, 9.992789e+00
1, 3, 1.045393e+01
2, 3, 1.047556e+01
0, 4, 1.075523e+01
1, 4, 1.108135e+01
3, 3, 1.108467e+01
2, 4, 1.108698e+01
3, 4, 1.109356e+01
0, 5, 1.120533e+01
1, 5, 1.139736e+01
2, 5, 1.140208e+01
4, 4, 1.140449e+01
3, 5, 1.140634e+01
0, 6, 1.145770e+01
1, 6, 1.156102e+01
2, 6, 1.156628e+01
4, 5, 1.156998e+01
3, 6, 1.157091e+01
0, 7, 1.160942e+01
5, 5, 1.161019e+01
1, 7, 1.174217e+01
4, 6, 1.174408e+01
2, 7, 1.175126e+01
3, 7, 1.175389e+01
5, 6, 1.175482e+01
0, 8, 1.180827e+01
4, 7, 1.181111e+01
1, 8, 1.192361e+01
2, 8, 1.192571e+01
6, 6, 1.192782e+01
3, 8, 1.192878e+01
5, 7, 1.193181e+01
4, 8, 1.194410e+01
0, 9, 1.196661e+01
1, 9, 1.205738e+01
6, 7, 1.205811e+01
2, 9, 1.206170e+01
5, 8, 1.206398e+01
3, 9, 1.206635e+01
4, 9, 1.206845e+01
7, 7, 1.206887e+01
6, 8, 1.206958e+01
0, 10, 1.209732e+01
1, 10, 1.218336e+01
2, 10, 1.218492e+01
5, 9, 1.218667e+01
3, 10, 1.218873e+01
7, 8, 1.218989e+01
4, 10, 1.219076e+01
6, 9, 1.219330e+01
5, 10, 1.219952e+01
8, 8, 1.220120e+01
7, 9, 1.220168e+01
6, 10, 1.220263e+01
8, 9, 1.220341e+01
7, 10, 1.220457e+01
9, 9, 1.220526e+01
8, 10, 1.220552e+01
9, 10, 1.220583e+01
10, 10, 1.220700e+01
