row, col, cumulative power
0, 0, 2.163975e-30
0, 1, 7.406263e-01
1, 1, 1.005089e+00
0, 2, 1.896421e+00
1, 2, 2.221686e+00
2, 2, 2.230017e+00
0, 3, 2.536220e+00
1, 3, 2.672482e+00
2, 3, 2.679082e+00
0, 4, 2.839876e+00
1, 4, 2.890402e+00
3, 3, 2.897233e+00
2, 4, 2.921739e+00
3, 4, 2.927653e+00
0, 5, 3.037932e+00
1, 5, 3.085825e+00
2, 5, 3.089417e+00
4, 4, 3.091232e+00
3, 5, 3.092554e+00
0, 6, 3.104868e+00
1, 6, 3.136947e+00
2, 6, 3.139671e+00
4, 5, 3.142493e+00
3, 6, 3.146293e+00
0, 7, 3.175973e+00
5, 5, 3.176850e+00
1, 7, 3.194396e+00
4, 6, 3.196843e+00
2, 7, 3.197226e+00
3, 7, 3.200167e+00
5, 6, 3.201766e+00
0, 8, 3.210613e+00
4, 7, 3.211346e+00
1, 8, 3.217813e+00
2, 8, 3.218959e+00
6, 6, 3.220281e+00
3, 8, 3.221633e+00
5, 7, 3.224503e+00
4, 8, 3.226006e+00
0, 9, 3.236470e+00
1, 9, 3.246005e+00
6, 7, 3.247042e+00
2, 9, 3.249660e+00
5, 8, 3.250708e+00
3, 9, 3.251623e+00
4, 9, 3.251794e+00
7, 7, 3.252762e+00
6, 8, 3.254490e+00
0, 10, 3.267891e+00
1, 10, 3.284884e+00
2, 10, 3.286331e+00
5, 9, 3.287520e+00
3, 10, 3.288512e+00
7, 8, 3.293540e+00
4, 10, 3.296159e+00
6, 9, 3.298199e+00
5, 10, 3.299560e+00
8, 8, 3.300598e+00
7, 9, 3.303352e+00
6, 10, 3.303997e+00
8, 9, 3.305036e+00
7, 10, 3.305238e+00
9, 9, 3.306835e+00
8, 10, 3.310238e+00
9, 10, 3.311025e+00
10, 10, 3.311580e+00
