row, col, cumulative power
0, 0, 4.814825e-31
0, 1, 1.217856e+01
1, 1, 1.386234e+01
0, 2, 1.543608e+01
1, 2, 1.585801e+01
2, 2, 1.591091e+01
0, 3, 1.627891e+01
1, 3, 1.655555e+01
2, 3, 1.656273e+01
0, 4, 1.662590e+01
1, 4, 1.676271e+01
3, 3, 1.676693e+01
2, 4, 1.678116e+01
3, 4, 1.678634e+01
0, 5, 1.685357e+01
1, 5, 1.696459e+01
2, 5, 1.697667e+01
4, 4, 1.698081e+01
3, 5, 1.698372e+01
0, 6, 1.708375e+01
1, 6, 1.713552e+01
2, 6, 1.714551e+01
4, 5, 1.714963e+01
3, 6, 1.715085e+01
0, 7, 1.718680e+01
5, 5, 1.718740e+01
1, 7, 1.723200e+01
4, 6, 1.723946e+01
2, 7, 1.724594e+01
3, 7, 1.724999e+01
5, 6, 1.725166e+01
0, 8, 1.730346e+01
4, 7, 1.730539e+01
1, 8, 1.737313e+01
2, 8, 1.737876e+01
6, 6, 1.738052e+01
3, 8, 1.738286e+01
5, 7, 1.738380e+01
4, 8, 1.738916e+01
0, 9, 1.742437e+01
1, 9, 1.746080e+01
6, 7, 1.746381e+01
2, 9, 1.747616e+01
5, 8, 1.747774e+01
3, 9, 1.748004e+01
4, 9, 1.748325e+01
7, 7, 1.748376e+01
6, 8, 1.748520e+01
0, 10, 1.750191e+01
1, 10, 1.754143e+01
2, 10, 1.754435e+01
5, 9, 1.754465e+01
3, 10, 1.754530e+01
7, 8, 1.754774e+01
4, 10, 1.754895e+01
6, 9, 1.755137e+01
5, 10, 1.755249e+01
8, 8, 1.755374e+01
7, 9, 1.755525e+01
6, 10, 1.755643e+01
8, 9, 1.755743e+01
7, 10, 1.755979e+01
9, 9, 1.756106e+01
8, 10, 1.756438e+01
9, 10, 1.756607e+01
10, 10, 1.756621e+01
