row, col, cumulative power
0, 0, 8.172876e-30
0, 1, 3.123238e+00
1, 1, 3.507188e+00
0, 2, 5.939091e+00
1, 2, 6.161342e+00
2, 2, 6.246920e+00
0, 3, 6.865776e+00
1, 3, 6.959737e+00
2, 3, 6.962609e+00
0, 4, 7.142992e+00
1, 4, 7.237452e+00
3, 3, 7.245114e+00
2, 4, 7.248764e+00
3, 4, 7.257146e+00
0, 5, 7.325652e+00
1, 5, 7.375278e+00
2, 5, 7.381077e+00
4, 4, 7.382950e+00
3, 5, 7.385305e+00
0, 6, 7.403233e+00
1, 6, 7.432933e+00
2, 6, 7.436067e+00
4, 5, 7.440274e+00
3, 6, 7.445293e+00
0, 7, 7.449441e+00
5, 5, 7.454026e+00
1, 7, 7.490528e+00
4, 6, 7.496398e+00
2, 7, 7.496856e+00
3, 7, 7.497665e+00
5, 6, 7.498383e+00
0, 8, 7.518103e+00
4, 7, 7.519437e+00
1, 8, 7.546604e+00
2, 8, 7.548991e+00
6, 6, 7.549374e+00
3, 8, 7.552962e+00
5, 7, 7.553344e+00
4, 8, 7.555044e+00
0, 9, 7.562072e+00
1, 9, 7.588963e+00
6, 7, 7.589944e+00
2, 9, 7.592914e+00
5, 8, 7.594451e+00
3, 9, 7.594867e+00
4, 9, 7.595663e+00
7, 7, 7.596149e+00
6, 8, 7.597272e+00
0, 10, 7.610474e+00
1, 10, 7.636082e+00
2, 10, 7.639485e+00
5, 9, 7.639687e+00
3, 10, 7.639821e+00
7, 8, 7.642385e+00
4, 10, 7.643075e+00
6, 9, 7.645959e+00
5, 10, 7.647265e+00
8, 8, 7.647416e+00
7, 9, 7.649608e+00
6, 10, 7.652141e+00
8, 9, 7.653888e+00
7, 10, 7.656324e+00
9, 9, 7.656825e+00
8, 10, 7.659386e+00
9, 10, 7.661088e+00
10, 10, 7.661939e+00
