row, col, cumulative power
0, 0, 2.226375e-31
0, 1, 2.737741e+00
1, 1, 3.587380e+00
0, 2, 6.112612e+00
1, 2, 6.290316e+00
2, 2, 6.347378e+00
0, 3, 7.580418e+00
1, 3, 7.684788e+00
2, 3, 7.701021e+00
0, 4, 8.008657e+00
1, 4, 8.123004e+00
3, 3, 8.130091e+00
2, 4, 8.140535e+00
3, 4, 8.143316e+00
0, 5, 8.332843e+00
1, 5, 8.414195e+00
2, 5, 8.414907e+00
4, 4, 8.422744e+00
3, 5, 8.426612e+00
0, 6, 8.506495e+00
1, 6, 8.568528e+00
2, 6, 8.571596e+00
4, 5, 8.576098e+00
3, 6, 8.577044e+00
0, 7, 8.664614e+00
5, 5, 8.666595e+00
1, 7, 8.722907e+00
4, 6, 8.723656e+00
2, 7, 8.726044e+00
3, 7, 8.728501e+00
5, 6, 8.731151e+00
0, 8, 8.762280e+00
4, 7, 8.766404e+00
1, 8, 8.807118e+00
2, 8, 8.807812e+00
6, 6, 8.810370e+00
3, 8, 8.813046e+00
5, 7, 8.814421e+00
4, 8, 8.817339e+00
0, 9, 8.928868e+00
1, 9, 8.963133e+00
6, 7, 8.965183e+00
2, 9, 8.968020e+00
5, 8, 8.968739e+00
3, 9, 8.972226e+00
4, 9, 8.973077e+00
7, 7, 8.974845e+00
6, 8, 8.975883e+00
0, 10, 9.028368e+00
1, 10, 9.063261e+00
2, 10, 9.063947e+00
5, 9, 9.064679e+00
3, 10, 9.065457e+00
7, 8, 9.065972e+00
4, 10, 9.070424e+00
6, 9, 9.073082e+00
5, 10, 9.074059e+00
8, 8, 9.074362e+00
7, 9, 9.076672e+00
6, 10, 9.077162e+00
8, 9, 9.078881e+00
7, 10, 9.080610e+00
9, 9, 9.080953e+00
8, 10, 9.081286e+00
9, 10, 9.083251e+00
10, 10, 9.084092e+00
