row, col, cumulative power
0, 0, 4.110782e-29
0, 1, 4.201231e+00
1, 1, 7.078525e+00
0, 2, 9.093029e+00
1, 2, 9.488144e+00
2, 2, 9.519991e+00
0, 3, 9.947404e+00
1, 3, 1.034407e+01
2, 3, 1.036122e+01
0, 4, 1.078126e+01
1, 4, 1.103184e+01
3, 3, 1.104554e+01
2, 4, 1.105209e+01
3, 4, 1.106440e+01
0, 5, 1.124436e+01
1, 5, 1.142614e+01
2, 5, 1.143553e+01
4, 4, 1.144534e+01
3, 5, 1.144955e+01
0, 6, 1.153209e+01
1, 6, 1.165542e+01
2, 6, 1.165828e+01
4, 5, 1.165944e+01
3, 6, 1.166034e+01
0, 7, 1.170710e+01
5, 5, 1.170750e+01
1, 7, 1.177881e+01
4, 6, 1.178343e+01
2, 7, 1.178922e+01
3, 7, 1.179244e+01
5, 6, 1.179340e+01
0, 8, 1.188415e+01
4, 7, 1.188587e+01
1, 8, 1.194378e+01
2, 8, 1.194653e+01
6, 6, 1.194789e+01
3, 8, 1.195303e+01
5, 7, 1.195389e+01
4, 8, 1.195694e+01
0, 9, 1.203298e+01
1, 9, 1.208961e+01
6, 7, 1.209180e+01
2, 9, 1.209399e+01
5, 8, 1.209490e+01
3, 9, 1.209953e+01
4, 9, 1.210092e+01
7, 7, 1.210180e+01
6, 8, 1.210376e+01
0, 10, 1.217398e+01
1, 10, 1.223419e+01
2, 10, 1.223940e+01
5, 9, 1.224008e+01
3, 10, 1.224282e+01
7, 8, 1.224434e+01
4, 10, 1.224475e+01
6, 9, 1.224715e+01
5, 10, 1.224813e+01
8, 8, 1.224904e+01
7, 9, 1.225015e+01
6, 10, 1.225136e+01
8, 9, 1.225216e+01
7, 10, 1.225307e+01
9, 9, 1.225319e+01
8, 10, 1.225563e+01
9, 10, 1.225646e+01
10, 10, 1.225728e+01
