row, col, cumulative power
0, 0, 1.251153e-28
0, 1, 2.694987e+00
1, 1, 3.488186e+00
0, 2, 7.279790e+00
1, 2, 7.398372e+00
2, 2, 7.456102e+00
0, 3, 8.040003e+00
1, 3, 8.096285e+00
2, 3, 8.107073e+00
0, 4, 8.479931e+00
1, 4, 8.512809e+00
3, 3, 8.535630e+00
2, 4, 8.549272e+00
3, 4, 8.555520e+00
0, 5, 8.784896e+00
1, 5, 8.802753e+00
2, 5, 8.808522e+00
4, 4, 8.811337e+00
3, 5, 8.822545e+00
0, 6, 8.949048e+00
1, 6, 8.967648e+00
2, 6, 8.978264e+00
4, 5, 8.982858e+00
3, 6, 8.984690e+00
0, 7, 9.103142e+00
5, 5, 9.105114e+00
1, 7, 9.118374e+00
4, 6, 9.118967e+00
2, 7, 9.119731e+00
3, 7, 9.123420e+00
5, 6, 9.125452e+00
0, 8, 9.183106e+00
4, 7, 9.185715e+00
1, 8, 9.191167e+00
2, 8, 9.192614e+00
6, 6, 9.194573e+00
3, 8, 9.194722e+00
5, 7, 9.197598e+00
4, 8, 9.198828e+00
0, 9, 9.312030e+00
1, 9, 9.326455e+00
6, 7, 9.327349e+00
2, 9, 9.329589e+00
5, 8, 9.330837e+00
3, 9, 9.332721e+00
4, 9, 9.333422e+00
7, 7, 9.335045e+00
6, 8, 9.339004e+00
0, 10, 9.391577e+00
1, 10, 9.402274e+00
2, 10, 9.404121e+00
5, 9, 9.405413e+00
3, 10, 9.405666e+00
7, 8, 9.409758e+00
4, 10, 9.409963e+00
6, 9, 9.410392e+00
5, 10, 9.410936e+00
8, 8, 9.411798e+00
7, 9, 9.412081e+00
6, 10, 9.412854e+00
8, 9, 9.414139e+00
7, 10, 9.415274e+00
9, 9, 9.415954e+00
8, 10, 9.416871e+00
9, 10, 9.417596e+00
10, 10, 9.418664e+00
