row, col, cumulative power
0, 0, 3.527996e-29
0, 1, 1.949991e+00
1, 1, 3.694474e+00
0, 2, 8.238610e+00
1, 2, 8.445789e+00
2, 2, 8.580249e+00
0, 3, 9.343082e+00
1, 3, 9.456967e+00
2, 3, 9.473796e+00
0, 4, 9.756324e+00
1, 4, 9.846042e+00
3, 3, 9.851824e+00
2, 4, 9.886413e+00
3, 4, 9.896116e+00
0, 5, 9.976584e+00
1, 5, 1.001215e+01
2, 5, 1.003615e+01
4, 4, 1.003757e+01
3, 5, 1.003841e+01
0, 6, 1.015391e+01
1, 6, 1.020005e+01
2, 6, 1.021192e+01
4, 5, 1.021574e+01
3, 6, 1.021860e+01
0, 7, 1.026035e+01
5, 5, 1.026801e+01
1, 7, 1.030773e+01
4, 6, 1.030886e+01
2, 7, 1.031741e+01
3, 7, 1.031940e+01
5, 6, 1.032155e+01
0, 8, 1.035041e+01
4, 7, 1.035296e+01
1, 8, 1.037167e+01
2, 8, 1.037483e+01
6, 6, 1.037615e+01
3, 8, 1.037872e+01
5, 7, 1.038128e+01
4, 8, 1.038254e+01
0, 9, 1.040826e+01
1, 9, 1.042865e+01
6, 7, 1.043054e+01
2, 9, 1.043564e+01
5, 8, 1.043607e+01
3, 9, 1.043677e+01
4, 9, 1.043841e+01
7, 7, 1.043875e+01
6, 8, 1.044006e+01
0, 10, 1.047080e+01
1, 10, 1.051052e+01
2, 10, 1.051459e+01
5, 9, 1.051718e+01
3, 10, 1.051963e+01
7, 8, 1.052062e+01
4, 10, 1.052271e+01
6, 9, 1.052441e+01
5, 10, 1.052485e+01
8, 8, 1.052538e+01
7, 9, 1.052861e+01
6, 10, 1.053288e+01
8, 9, 1.053454e+01
7, 10, 1.053613e+01
9, 9, 1.053634e+01
8, 10, 1.053672e+01
9, 10, 1.053709e+01
10, 10, 1.053981e+01
