row, col, cumulative power
0, 0, 4.437343e-31
0, 1, 1.066347e+01
1, 1, 1.169737e+01
0, 2, 1.334087e+01
1, 2, 1.355309e+01
2, 2, 1.365528e+01
0, 3, 1.470707e+01
1, 3, 1.483369e+01
2, 3, 1.484339e+01
0, 4, 1.514462e+01
1, 4, 1.524648e+01
3, 3, 1.524915e+01
2, 4, 1.525529e+01
3, 4, 1.526708e+01
0, 5, 1.546468e+01
1, 5, 1.552634e+01
2, 5, 1.552706e+01
4, 4, 1.552784e+01
3, 5, 1.553589e+01
0, 6, 1.568465e+01
1, 6, 1.573194e+01
2, 6, 1.573288e+01
4, 5, 1.573464e+01
3, 6, 1.574255e+01
0, 7, 1.581818e+01
5, 5, 1.582025e+01
1, 7, 1.585510e+01
4, 6, 1.585683e+01
2, 7, 1.585827e+01
3, 7, 1.586172e+01
5, 6, 1.586554e+01
0, 8, 1.599164e+01
4, 7, 1.599480e+01
1, 8, 1.604168e+01
2, 8, 1.604273e+01
6, 6, 1.604422e+01
3, 8, 1.604692e+01
5, 7, 1.604913e+01
4, 8, 1.605092e+01
0, 9, 1.610971e+01
1, 9, 1.615442e+01
6, 7, 1.615610e+01
2, 9, 1.615943e+01
5, 8, 1.616108e+01
3, 9, 1.616237e+01
4, 9, 1.616367e+01
7, 7, 1.616386e+01
6, 8, 1.616424e+01
0, 10, 1.621130e+01
1, 10, 1.624871e+01
2, 10, 1.624901e+01
5, 9, 1.624994e+01
3, 10, 1.625174e+01
7, 8, 1.625336e+01
4, 10, 1.625414e+01
6, 9, 1.625761e+01
5, 10, 1.625889e+01
8, 8, 1.626051e+01
7, 9, 1.626066e+01
6, 10, 1.626176e+01
8, 9, 1.626215e+01
7, 10, 1.626252e+01
9, 9, 1.626430e+01
8, 10, 1.626564e+01
9, 10, 1.626686e+01
10, 10, 1.626691e+01
