row, col, cumulative power
0, 0, 7.451115e-29
0, 1, 7.243450e-01
1, 1, 2.085614e+00
0, 2, 4.333205e+00
1, 2, 4.617945e+00
2, 2, 4.661240e+00
0, 3, 5.293218e+00
1, 3, 5.474957e+00
2, 3, 5.481719e+00
0, 4, 5.616806e+00
1, 4, 5.756028e+00
3, 3, 5.766480e+00
2, 4, 5.775290e+00
3, 4, 5.789935e+00
0, 5, 5.913773e+00
1, 5, 6.006084e+00
2, 5, 6.009582e+00
4, 4, 6.016609e+00
3, 5, 6.021615e+00
0, 6, 6.073990e+00
1, 6, 6.134523e+00
2, 6, 6.140190e+00
4, 5, 6.142851e+00
3, 6, 6.145722e+00
0, 7, 6.155732e+00
5, 5, 6.156495e+00
1, 7, 6.191029e+00
4, 6, 6.195792e+00
2, 7, 6.203893e+00
3, 7, 6.213479e+00
5, 6, 6.215446e+00
0, 8, 6.265901e+00
4, 7, 6.268293e+00
1, 8, 6.306045e+00
2, 8, 6.312184e+00
6, 6, 6.314201e+00
3, 8, 6.318861e+00
5, 7, 6.319939e+00
4, 8, 6.323336e+00
0, 9, 6.358400e+00
1, 9, 6.391886e+00
6, 7, 6.393542e+00
2, 9, 6.396119e+00
5, 8, 6.397634e+00
3, 9, 6.398613e+00
4, 9, 6.400183e+00
7, 7, 6.400481e+00
6, 8, 6.401765e+00
0, 10, 6.428134e+00
1, 10, 6.454384e+00
2, 10, 6.454495e+00
5, 9, 6.457875e+00
3, 10, 6.464593e+00
7, 8, 6.464928e+00
4, 10, 6.465929e+00
6, 9, 6.466758e+00
5, 10, 6.469375e+00
8, 8, 6.469426e+00
7, 9, 6.471316e+00
6, 10, 6.473178e+00
8, 9, 6.476007e+00
7, 10, 6.476183e+00
9, 9, 6.476424e+00
8, 10, 6.477954e+00
9, 10, 6.480044e+00
10, 10, 6.481207e+00
