row, col, cumulative power
0, 0, 1.106570e-28
0, 1, 3.597111e+00
1, 1, 4.985922e+00
0, 2, 8.466226e+00
1, 2, 8.972745e+00
2, 2, 9.010562e+00
0, 3, 9.542893e+00
1, 3, 9.866008e+00
2, 3, 9.875442e+00
0, 4, 9.948110e+00
1, 4, 1.003318e+01
3, 3, 1.004602e+01
2, 4, 1.006614e+01
3, 4, 1.007148e+01
0, 5, 1.008542e+01
1, 5, 1.019842e+01
2, 5, 1.020454e+01
4, 4, 1.020675e+01
3, 5, 1.020868e+01
0, 6, 1.022995e+01
1, 6, 1.030173e+01
2, 6, 1.030566e+01
4, 5, 1.031302e+01
3, 6, 1.031929e+01
0, 7, 1.034107e+01
5, 5, 1.034449e+01
1, 7, 1.040632e+01
4, 6, 1.040985e+01
2, 7, 1.041218e+01
3, 7, 1.041293e+01
5, 6, 1.041783e+01
0, 8, 1.042187e+01
4, 7, 1.042569e+01
1, 8, 1.050591e+01
2, 8, 1.050767e+01
6, 6, 1.050951e+01
3, 8, 1.051427e+01
5, 7, 1.051920e+01
4, 8, 1.052137e+01
0, 9, 1.052237e+01
1, 9, 1.059953e+01
6, 7, 1.060407e+01
2, 9, 1.060445e+01
5, 8, 1.060647e+01
3, 9, 1.060920e+01
4, 9, 1.061014e+01
7, 7, 1.061114e+01
6, 8, 1.061219e+01
0, 10, 1.061439e+01
1, 10, 1.067800e+01
2, 10, 1.068058e+01
5, 9, 1.068172e+01
3, 10, 1.068323e+01
7, 8, 1.068573e+01
4, 10, 1.068695e+01
6, 9, 1.068981e+01
5, 10, 1.069381e+01
8, 8, 1.069580e+01
7, 9, 1.069725e+01
6, 10, 1.069973e+01
8, 9, 1.070058e+01
7, 10, 1.070164e+01
9, 9, 1.070262e+01
8, 10, 1.070378e+01
9, 10, 1.070491e+01
10, 10, 1.070592e+01
