row, col, cumulative power
0, 0, 9.321501e-30
0, 1, 1.306251e-01
1, 1, 1.916030e+00
0, 2, 6.077712e+00
1, 2, 6.551005e+00
2, 2, 6.598579e+00
0, 3, 7.589351e+00
1, 3, 7.861769e+00
2, 3, 7.890245e+00
0, 4, 8.218440e+00
1, 4, 8.369852e+00
3, 3, 8.382523e+00
2, 4, 8.389189e+00
3, 4, 8.397542e+00
0, 5, 8.591910e+00
1, 5, 8.680048e+00
2, 5, 8.686056e+00
4, 4, 8.687159e+00
3, 5, 8.691453e+00
0, 6, 8.793782e+00
1, 6, 8.873497e+00
2, 6, 8.879120e+00
4, 5, 8.884492e+00
3, 6, 8.888432e+00
0, 7, 8.964285e+00
5, 5, 8.966855e+00
1, 7, 9.044713e+00
4, 6, 9.046598e+00
2, 7, 9.054148e+00
3, 7, 9.058595e+00
5, 6, 9.060284e+00
0, 8, 9.128728e+00
4, 7, 9.131891e+00
1, 8, 9.217935e+00
2, 8, 9.225348e+00
6, 6, 9.227817e+00
3, 8, 9.229723e+00
5, 7, 9.234370e+00
4, 8, 9.238800e+00
0, 9, 9.282402e+00
1, 9, 9.341017e+00
6, 7, 9.345230e+00
2, 9, 9.347989e+00
5, 8, 9.348765e+00
3, 9, 9.355276e+00
4, 9, 9.356844e+00
7, 7, 9.358358e+00
6, 8, 9.359717e+00
0, 10, 9.444118e+00
1, 10, 9.500590e+00
2, 10, 9.505503e+00
5, 9, 9.508210e+00
3, 10, 9.512637e+00
7, 8, 9.513434e+00
4, 10, 9.516660e+00
6, 9, 9.520851e+00
5, 10, 9.524625e+00
8, 8, 9.525750e+00
7, 9, 9.526262e+00
6, 10, 9.526512e+00
8, 9, 9.530377e+00
7, 10, 9.533164e+00
9, 9, 9.534037e+00
8, 10, 9.535808e+00
9, 10, 9.537409e+00
10, 10, 9.537584e+00
