row, col, cumulative power
0, 0, 1.184524e-29
0, 1, 4.130238e+01
1, 1, 4.997526e+01
0, 2, 5.173525e+01
1, 2, 5.520429e+01
2, 2, 5.553712e+01
0, 3, 5.621892e+01
1, 3, 5.739681e+01
2, 3, 5.752937e+01
0, 4, 5.787161e+01
1, 4, 5.849074e+01
3, 3, 5.850124e+01
2, 4, 5.857579e+01
3, 4, 5.859641e+01
0, 5, 5.880219e+01
1, 5, 5.914040e+01
2, 5, 5.921884e+01
4, 4, 5.922850e+01
3, 5, 5.925556e+01
0, 6, 5.943014e+01
1, 6, 5.974503e+01
2, 6, 5.979125e+01
4, 5, 5.980384e+01
3, 6, 5.981809e+01
0, 7, 5.994993e+01
5, 5, 5.995425e+01
1, 7, 6.020891e+01
4, 6, 6.021079e+01
2, 7, 6.025586e+01
3, 7, 6.026239e+01
5, 6, 6.026712e+01
0, 8, 6.036706e+01
4, 7, 6.037214e+01
1, 8, 6.055412e+01
2, 8, 6.058365e+01
6, 6, 6.058971e+01
3, 8, 6.059685e+01
5, 7, 6.060321e+01
4, 8, 6.061033e+01
0, 9, 6.070798e+01
1, 9, 6.088914e+01
6, 7, 6.089457e+01
2, 9, 6.092980e+01
5, 8, 6.093267e+01
3, 9, 6.093846e+01
4, 9, 6.094790e+01
7, 7, 6.095162e+01
6, 8, 6.095391e+01
0, 10, 6.099419e+01
1, 10, 6.118697e+01
2, 10, 6.120985e+01
5, 9, 6.121204e+01
3, 10, 6.121594e+01
7, 8, 6.121684e+01
4, 10, 6.122459e+01
6, 9, 6.122621e+01
5, 10, 6.122899e+01
8, 8, 6.123048e+01
7, 9, 6.123315e+01
6, 10, 6.123724e+01
8, 9, 6.124013e+01
7, 10, 6.124305e+01
9, 9, 6.124436e+01
8, 10, 6.124672e+01
9, 10, 6.124971e+01
10, 10, 6.125053e+01
