row, col, cumulative power
0, 0, 1.232595e-32
0, 1, 2.428452e+00
1, 1, 1.846784e+01
0, 2, 2.126546e+01
1, 2, 2.386366e+01
2, 2, 2.388999e+01
0, 3, 2.437905e+01
1, 3, 2.594487e+01
2, 3, 2.602354e+01
0, 4, 2.617186e+01
1, 4, 2.686300e+01
3, 3, 2.687658e+01
2, 4, 2.695436e+01
3, 4, 2.696667e+01
0, 5, 2.700287e+01
1, 5, 2.743513e+01
2, 5, 2.748235e+01
4, 4, 2.748997e+01
3, 5, 2.749994e+01
0, 6, 2.751678e+01
1, 6, 2.780726e+01
2, 6, 2.783007e+01
4, 5, 2.783637e+01
3, 6, 2.785306e+01
0, 7, 2.785569e+01
5, 5, 2.786000e+01
1, 7, 2.817368e+01
4, 6, 2.817770e+01
2, 7, 2.820102e+01
3, 7, 2.820952e+01
5, 6, 2.821254e+01
0, 8, 2.822938e+01
4, 7, 2.823258e+01
1, 8, 2.846906e+01
2, 8, 2.849776e+01
6, 6, 2.849950e+01
3, 8, 2.851479e+01
5, 7, 2.852175e+01
4, 8, 2.852901e+01
0, 9, 2.853411e+01
1, 9, 2.874958e+01
6, 7, 2.875441e+01
2, 9, 2.877655e+01
5, 8, 2.878166e+01
3, 9, 2.879028e+01
4, 9, 2.880746e+01
7, 7, 2.881011e+01
6, 8, 2.881131e+01
0, 10, 2.882077e+01
1, 10, 2.903927e+01
2, 10, 2.905743e+01
5, 9, 2.906200e+01
3, 10, 2.906670e+01
7, 8, 2.907202e+01
4, 10, 2.907655e+01
6, 9, 2.907850e+01
5, 10, 2.908367e+01
8, 8, 2.908465e+01
7, 9, 2.908686e+01
6, 10, 2.909512e+01
8, 9, 2.909731e+01
7, 10, 2.909877e+01
9, 9, 2.910055e+01
8, 10, 2.910127e+01
9, 10, 2.910667e+01
10, 10, 2.910789e+01
