row, col, cumulative power
0, 0, 9.836880e-30
0, 1, 4.535574e+00
1, 1, 1.779957e+01
0, 2, 2.242790e+01
1, 2, 2.491794e+01
2, 2, 2.493434e+01
0, 3, 2.540567e+01
1, 3, 2.648906e+01
2, 3, 2.654744e+01
0, 4, 2.669660e+01
1, 4, 2.726245e+01
3, 3, 2.727600e+01
2, 4, 2.730860e+01
3, 4, 2.731649e+01
0, 5, 2.733776e+01
1, 5, 2.774382e+01
2, 5, 2.775953e+01
4, 4, 2.776626e+01
3, 5, 2.776674e+01
0, 6, 2.777052e+01
1, 6, 2.801801e+01
2, 6, 2.802938e+01
4, 5, 2.803737e+01
3, 6, 2.804812e+01
0, 7, 2.804877e+01
5, 5, 2.805927e+01
1, 7, 2.831930e+01
4, 6, 2.831990e+01
2, 7, 2.833207e+01
3, 7, 2.833437e+01
5, 6, 2.833770e+01
0, 8, 2.833791e+01
4, 7, 2.833939e+01
1, 8, 2.852183e+01
2, 8, 2.852745e+01
6, 6, 2.853199e+01
3, 8, 2.853336e+01
5, 7, 2.853751e+01
4, 8, 2.854449e+01
0, 9, 2.854495e+01
1, 9, 2.871566e+01
6, 7, 2.872151e+01
2, 9, 2.873466e+01
5, 8, 2.874020e+01
3, 9, 2.874821e+01
4, 9, 2.874901e+01
7, 7, 2.874992e+01
6, 8, 2.875481e+01
0, 10, 2.875483e+01
1, 10, 2.893240e+01
2, 10, 2.894354e+01
5, 9, 2.894798e+01
3, 10, 2.895424e+01
7, 8, 2.895455e+01
4, 10, 2.895874e+01
6, 9, 2.896671e+01
5, 10, 2.896699e+01
8, 8, 2.896854e+01
7, 9, 2.896982e+01
6, 10, 2.897087e+01
8, 9, 2.897636e+01
7, 10, 2.897897e+01
9, 9, 2.898009e+01
8, 10, 2.898120e+01
9, 10, 2.898243e+01
10, 10, 2.898280e+01
