row, col, cumulative power
0, 0, 3.478711e-29
0, 1, 1.359584e+00
1, 1, 1.812845e+01
0, 2, 1.938539e+01
1, 2, 2.382178e+01
2, 2, 2.395986e+01
0, 3, 2.442015e+01
1, 3, 2.591461e+01
2, 3, 2.595359e+01
0, 4, 2.625494e+01
1, 4, 2.729288e+01
3, 3, 2.729512e+01
2, 4, 2.739145e+01
3, 4, 2.741682e+01
0, 5, 2.755071e+01
1, 5, 2.816355e+01
2, 5, 2.826243e+01
4, 4, 2.827957e+01
3, 5, 2.829599e+01
0, 6, 2.838744e+01
1, 6, 2.881984e+01
2, 6, 2.888038e+01
4, 5, 2.890081e+01
3, 6, 2.891846e+01
0, 7, 2.894908e+01
5, 5, 2.896029e+01
1, 7, 2.935128e+01
4, 6, 2.935841e+01
2, 7, 2.942532e+01
3, 7, 2.943031e+01
5, 6, 2.943649e+01
0, 8, 2.946332e+01
4, 7, 2.947244e+01
1, 8, 2.980591e+01
2, 8, 2.984869e+01
6, 6, 2.984889e+01
3, 8, 2.985101e+01
5, 7, 2.985884e+01
4, 8, 2.986646e+01
0, 9, 2.990117e+01
1, 9, 3.018677e+01
6, 7, 3.019384e+01
2, 9, 3.023552e+01
5, 8, 3.025140e+01
3, 9, 3.025912e+01
4, 9, 3.026628e+01
7, 7, 3.027041e+01
6, 8, 3.027392e+01
0, 10, 3.030612e+01
1, 10, 3.059795e+01
2, 10, 3.063624e+01
5, 9, 3.063904e+01
3, 10, 3.064639e+01
7, 8, 3.064913e+01
4, 10, 3.066019e+01
6, 9, 3.066467e+01
5, 10, 3.066728e+01
8, 8, 3.066776e+01
7, 9, 3.067753e+01
6, 10, 3.067939e+01
8, 9, 3.068227e+01
7, 10, 3.068377e+01
9, 9, 3.068510e+01
8, 10, 3.068759e+01
9, 10, 3.069147e+01
10, 10, 3.069216e+01
