row, col, cumulative power
0, 0, 7.319925e-29
0, 1, 3.471843e+00
1, 1, 2.163760e+01
0, 2, 2.361635e+01
1, 2, 3.053728e+01
2, 2, 3.083861e+01
0, 3, 3.103579e+01
1, 3, 3.284279e+01
2, 3, 3.301436e+01
0, 4, 3.327119e+01
1, 4, 3.420879e+01
3, 3, 3.421988e+01
2, 4, 3.434383e+01
3, 4, 3.438822e+01
0, 5, 3.446445e+01
1, 5, 3.514528e+01
2, 5, 3.524959e+01
4, 4, 3.527072e+01
3, 5, 3.531234e+01
0, 6, 3.533869e+01
1, 6, 3.589371e+01
2, 6, 3.598511e+01
4, 5, 3.599686e+01
3, 6, 3.601941e+01
0, 7, 3.603101e+01
5, 5, 3.603767e+01
1, 7, 3.647792e+01
4, 6, 3.648989e+01
2, 7, 3.653892e+01
3, 7, 3.655058e+01
5, 6, 3.656790e+01
0, 8, 3.657591e+01
4, 7, 3.659131e+01
1, 8, 3.699007e+01
2, 8, 3.702661e+01
6, 6, 3.703482e+01
3, 8, 3.704515e+01
5, 7, 3.705515e+01
4, 8, 3.705988e+01
0, 9, 3.706771e+01
1, 9, 3.740266e+01
6, 7, 3.741431e+01
2, 9, 3.744953e+01
5, 8, 3.745689e+01
3, 9, 3.747369e+01
4, 9, 3.748318e+01
7, 7, 3.748487e+01
6, 8, 3.749480e+01
0, 10, 3.751224e+01
1, 10, 3.784406e+01
2, 10, 3.788850e+01
5, 9, 3.789170e+01
3, 10, 3.790520e+01
7, 8, 3.791052e+01
4, 10, 3.791905e+01
6, 9, 3.792925e+01
5, 10, 3.793681e+01
8, 8, 3.793840e+01
7, 9, 3.794365e+01
6, 10, 3.794960e+01
8, 9, 3.795366e+01
7, 10, 3.795618e+01
9, 9, 3.796365e+01
8, 10, 3.796885e+01
9, 10, 3.797449e+01
10, 10, 3.797601e+01
