row, col, cumulative power
0, 0, 1.063595e-29
0, 1, 8.387469e+00
1, 1, 2.360033e+01
0, 2, 2.799399e+01
1, 2, 2.990809e+01
2, 2, 2.993984e+01
0, 3, 3.034913e+01
1, 3, 3.151729e+01
2, 3, 3.157660e+01
0, 4, 3.173196e+01
1, 4, 3.233187e+01
3, 3, 3.233523e+01
2, 4, 3.236068e+01
3, 4, 3.237942e+01
0, 5, 3.244947e+01
1, 5, 3.286527e+01
2, 5, 3.289477e+01
4, 4, 3.289972e+01
3, 5, 3.291425e+01
0, 6, 3.300561e+01
1, 6, 3.329246e+01
2, 6, 3.331207e+01
4, 5, 3.331857e+01
3, 6, 3.332133e+01
0, 7, 3.334135e+01
5, 5, 3.334650e+01
1, 7, 3.356306e+01
4, 6, 3.357105e+01
2, 7, 3.358567e+01
3, 7, 3.359697e+01
5, 6, 3.360053e+01
0, 8, 3.361348e+01
4, 7, 3.361433e+01
1, 8, 3.385995e+01
2, 8, 3.386538e+01
6, 6, 3.386951e+01
3, 8, 3.387256e+01
5, 7, 3.387642e+01
4, 8, 3.388326e+01
0, 9, 3.391637e+01
1, 9, 3.406734e+01
6, 7, 3.407007e+01
2, 9, 3.407245e+01
5, 8, 3.407596e+01
3, 9, 3.407824e+01
4, 9, 3.408080e+01
7, 7, 3.408118e+01
6, 8, 3.408306e+01
0, 10, 3.410162e+01
1, 10, 3.426982e+01
2, 10, 3.428058e+01
5, 9, 3.428108e+01
3, 10, 3.428396e+01
7, 8, 3.429073e+01
4, 10, 3.429373e+01
6, 9, 3.429524e+01
5, 10, 3.429916e+01
8, 8, 3.429973e+01
7, 9, 3.430003e+01
6, 10, 3.430251e+01
8, 9, 3.430304e+01
7, 10, 3.430622e+01
9, 9, 3.430730e+01
8, 10, 3.431015e+01
9, 10, 3.431168e+01
10, 10, 3.431176e+01
