row, col, cumulative power
0, 0, 1.509929e-31
0, 1, 3.971530e+01
1, 1, 5.399853e+01
0, 2, 5.586691e+01
1, 2, 6.032145e+01
2, 2, 6.053749e+01
0, 3, 6.264182e+01
1, 3, 6.426856e+01
2, 3, 6.451310e+01
0, 4, 6.494436e+01
1, 4, 6.610782e+01
3, 3, 6.619783e+01
2, 4, 6.629332e+01
3, 4, 6.636964e+01
0, 5, 6.667287e+01
1, 5, 6.725995e+01
2, 5, 6.733444e+01
4, 4, 6.734422e+01
3, 5, 6.737035e+01
0, 6, 6.743976e+01
1, 6, 6.788360e+01
2, 6, 6.794091e+01
4, 5, 6.796878e+01
3, 6, 6.801049e+01
0, 7, 6.810197e+01
5, 5, 6.810271e+01
1, 7, 6.846167e+01
4, 6, 6.849189e+01
2, 7, 6.853281e+01
3, 7, 6.856828e+01
5, 6, 6.859648e+01
0, 8, 6.872526e+01
4, 7, 6.874334e+01
1, 8, 6.902615e+01
2, 8, 6.907809e+01
6, 6, 6.908069e+01
3, 8, 6.909649e+01
5, 7, 6.910343e+01
4, 8, 6.912515e+01
0, 9, 6.913283e+01
1, 9, 6.940896e+01
6, 7, 6.941727e+01
2, 9, 6.944855e+01
5, 8, 6.946405e+01
3, 9, 6.949465e+01
4, 9, 6.950675e+01
7, 7, 6.951307e+01
6, 8, 6.952127e+01
0, 10, 6.962462e+01
1, 10, 6.987858e+01
2, 10, 6.992154e+01
5, 9, 6.992349e+01
3, 10, 6.994456e+01
7, 8, 6.996320e+01
4, 10, 6.996807e+01
6, 9, 6.997903e+01
5, 10, 6.998976e+01
8, 8, 7.000238e+01
7, 9, 7.001234e+01
6, 10, 7.002226e+01
8, 9, 7.002815e+01
7, 10, 7.003117e+01
9, 9, 7.003313e+01
8, 10, 7.003953e+01
9, 10, 7.005377e+01
10, 10, 7.005386e+01
