row, col, cumulative power
0, 0, 7.888609e-31
0, 1, 2.487977e+00
1, 1, 2.753254e+01
0, 2, 2.971101e+01
1, 2, 3.244444e+01
2, 2, 3.251336e+01
0, 3, 3.287319e+01
1, 3, 3.434482e+01
2, 3, 3.443450e+01
0, 4, 3.465964e+01
1, 4, 3.553366e+01
3, 3, 3.556342e+01
2, 4, 3.567494e+01
3, 4, 3.568154e+01
0, 5, 3.576198e+01
1, 5, 3.633611e+01
2, 5, 3.637611e+01
4, 4, 3.638646e+01
3, 5, 3.640574e+01
0, 6, 3.647844e+01
1, 6, 3.687785e+01
2, 6, 3.690219e+01
4, 5, 3.691676e+01
3, 6, 3.692412e+01
0, 7, 3.694921e+01
5, 5, 3.694971e+01
1, 7, 3.732032e+01
4, 6, 3.732492e+01
2, 7, 3.735679e+01
3, 7, 3.735994e+01
5, 6, 3.738317e+01
0, 8, 3.740443e+01
4, 7, 3.740920e+01
1, 8, 3.774955e+01
2, 8, 3.778473e+01
6, 6, 3.778536e+01
3, 8, 3.779083e+01
5, 7, 3.779127e+01
4, 8, 3.779782e+01
0, 9, 3.781686e+01
1, 9, 3.811928e+01
6, 7, 3.812016e+01
2, 9, 3.814687e+01
5, 8, 3.814978e+01
3, 9, 3.815595e+01
4, 9, 3.816058e+01
7, 7, 3.816294e+01
6, 8, 3.816556e+01
0, 10, 3.818893e+01
1, 10, 3.844306e+01
2, 10, 3.848129e+01
5, 9, 3.848409e+01
3, 10, 3.848662e+01
7, 8, 3.849236e+01
4, 10, 3.849638e+01
6, 9, 3.849833e+01
5, 10, 3.850055e+01
8, 8, 3.850230e+01
7, 9, 3.850923e+01
6, 10, 3.851284e+01
8, 9, 3.851446e+01
7, 10, 3.851831e+01
9, 9, 3.852039e+01
8, 10, 3.852275e+01
9, 10, 3.852416e+01
10, 10, 3.852529e+01
