row, col, cumulative power
0, 0, 3.828941e-30
0, 1, 1.244336e+00
1, 1, 1.640268e+01
0, 2, 1.881628e+01
1, 2, 2.192379e+01
2, 2, 2.197389e+01
0, 3, 2.314256e+01
1, 3, 2.455978e+01
2, 3, 2.461343e+01
0, 4, 2.515549e+01
1, 4, 2.566049e+01
3, 3, 2.569586e+01
2, 4, 2.578394e+01
3, 4, 2.579523e+01
0, 5, 2.611705e+01
1, 5, 2.641033e+01
2, 5, 2.647727e+01
4, 4, 2.647981e+01
3, 5, 2.648586e+01
0, 6, 2.669241e+01
1, 6, 2.699780e+01
2, 6, 2.703913e+01
4, 5, 2.704308e+01
3, 6, 2.704903e+01
0, 7, 2.722614e+01
5, 5, 2.723412e+01
1, 7, 2.748099e+01
4, 6, 2.748718e+01
2, 7, 2.750740e+01
3, 7, 2.752460e+01
5, 6, 2.753258e+01
0, 8, 2.765835e+01
4, 7, 2.766857e+01
1, 8, 2.791068e+01
2, 8, 2.792492e+01
6, 6, 2.792587e+01
3, 8, 2.793926e+01
5, 7, 2.794292e+01
4, 8, 2.794605e+01
0, 9, 2.807570e+01
1, 9, 2.827236e+01
6, 7, 2.827700e+01
2, 9, 2.830617e+01
5, 8, 2.830951e+01
3, 9, 2.831872e+01
4, 9, 2.832186e+01
7, 7, 2.832203e+01
6, 8, 2.832411e+01
0, 10, 2.840898e+01
1, 10, 2.858921e+01
2, 10, 2.861546e+01
5, 9, 2.862153e+01
3, 10, 2.862566e+01
7, 8, 2.863143e+01
4, 10, 2.863348e+01
6, 9, 2.863655e+01
5, 10, 2.864034e+01
8, 8, 2.864220e+01
7, 9, 2.864303e+01
6, 10, 2.864358e+01
8, 9, 2.864402e+01
7, 10, 2.864728e+01
9, 9, 2.864875e+01
8, 10, 2.865052e+01
9, 10, 2.865218e+01
10, 10, 2.865260e+01
