row, col, cumulative power
0, 0, 2.265837e-29
0, 1, 5.001881e+00
1, 1, 2.107101e+01
0, 2, 2.856391e+01
1, 2, 3.397260e+01
2, 2, 3.416041e+01
0, 3, 3.560645e+01
1, 3, 3.723819e+01
2, 3, 3.734356e+01
0, 4, 3.797554e+01
1, 4, 3.887589e+01
3, 3, 3.889127e+01
2, 4, 3.897243e+01
3, 4, 3.899906e+01
0, 5, 3.947316e+01
1, 5, 4.010031e+01
2, 5, 4.014080e+01
4, 4, 4.014356e+01
3, 5, 4.016907e+01
0, 6, 4.043631e+01
1, 6, 4.085773e+01
2, 6, 4.088687e+01
4, 5, 4.089321e+01
3, 6, 4.090645e+01
0, 7, 4.118189e+01
5, 5, 4.118626e+01
1, 7, 4.153910e+01
4, 6, 4.154380e+01
2, 7, 4.156962e+01
3, 7, 4.157650e+01
5, 6, 4.158511e+01
0, 8, 4.181360e+01
4, 7, 4.181744e+01
1, 8, 4.213357e+01
2, 8, 4.216706e+01
6, 6, 4.217065e+01
3, 8, 4.217487e+01
5, 7, 4.217628e+01
4, 8, 4.218076e+01
0, 9, 4.234511e+01
1, 9, 4.261896e+01
6, 7, 4.262017e+01
2, 9, 4.263718e+01
5, 8, 4.263871e+01
3, 9, 4.264482e+01
4, 9, 4.264850e+01
7, 7, 4.264926e+01
6, 8, 4.265380e+01
0, 10, 4.288459e+01
1, 10, 4.315683e+01
2, 10, 4.318099e+01
5, 9, 4.318249e+01
3, 10, 4.319236e+01
7, 8, 4.319765e+01
4, 10, 4.320648e+01
6, 9, 4.320954e+01
5, 10, 4.321258e+01
8, 8, 4.321358e+01
7, 9, 4.321464e+01
6, 10, 4.321665e+01
8, 9, 4.321735e+01
7, 10, 4.321894e+01
9, 9, 4.321978e+01
8, 10, 4.322264e+01
9, 10, 4.322550e+01
10, 10, 4.322587e+01
