row, col, cumulative power
0, 0, 1.812107e-30
0, 1, 6.696011e-01
1, 1, 1.761918e+01
0, 2, 2.045939e+01
1, 2, 2.540363e+01
2, 2, 2.556390e+01
0, 3, 2.584835e+01
1, 3, 2.748250e+01
2, 3, 2.767480e+01
0, 4, 2.777361e+01
1, 4, 2.881206e+01
3, 3, 2.881439e+01
2, 4, 2.893910e+01
3, 4, 2.897273e+01
0, 5, 2.900795e+01
1, 5, 2.966642e+01
2, 5, 2.973706e+01
4, 4, 2.975328e+01
3, 5, 2.977584e+01
0, 6, 2.981253e+01
1, 6, 3.021813e+01
2, 6, 3.027017e+01
4, 5, 3.028416e+01
3, 6, 3.029282e+01
0, 7, 3.030828e+01
5, 5, 3.031224e+01
1, 7, 3.064771e+01
4, 6, 3.065816e+01
2, 7, 3.069527e+01
3, 7, 3.070551e+01
5, 6, 3.071041e+01
0, 8, 3.075681e+01
4, 7, 3.076061e+01
1, 8, 3.107403e+01
2, 8, 3.109838e+01
6, 6, 3.109919e+01
3, 8, 3.110566e+01
5, 7, 3.111188e+01
4, 8, 3.111682e+01
0, 9, 3.113296e+01
1, 9, 3.142051e+01
6, 7, 3.142711e+01
2, 9, 3.144986e+01
5, 8, 3.145727e+01
3, 9, 3.146446e+01
4, 9, 3.146728e+01
7, 7, 3.146858e+01
6, 8, 3.147490e+01
0, 10, 3.148590e+01
1, 10, 3.177761e+01
2, 10, 3.180860e+01
5, 9, 3.181145e+01
3, 10, 3.182181e+01
7, 8, 3.182274e+01
4, 10, 3.182550e+01
6, 9, 3.182663e+01
5, 10, 3.182817e+01
8, 8, 3.183149e+01
7, 9, 3.183438e+01
6, 10, 3.184120e+01
8, 9, 3.184195e+01
7, 10, 3.184411e+01
9, 9, 3.184643e+01
8, 10, 3.185100e+01
9, 10, 3.185475e+01
10, 10, 3.185751e+01
