row, col, cumulative power
0, 0, 6.734784e-30
0, 1, 1.747738e+01
1, 1, 2.588067e+01
0, 2, 2.699320e+01
1, 2, 2.947701e+01
2, 2, 2.982049e+01
0, 3, 3.041856e+01
1, 3, 3.121796e+01
2, 3, 3.130901e+01
0, 4, 3.144540e+01
1, 4, 3.181028e+01
3, 3, 3.183051e+01
2, 4, 3.193660e+01
3, 4, 3.195628e+01
0, 5, 3.205380e+01
1, 5, 3.233264e+01
2, 5, 3.236966e+01
4, 4, 3.237885e+01
3, 5, 3.240801e+01
0, 6, 3.248933e+01
1, 6, 3.271279e+01
2, 6, 3.275408e+01
4, 5, 3.276284e+01
3, 6, 3.277736e+01
0, 7, 3.281533e+01
5, 5, 3.281690e+01
1, 7, 3.295330e+01
4, 6, 3.295725e+01
2, 7, 3.297736e+01
3, 7, 3.299387e+01
5, 6, 3.300420e+01
0, 8, 3.306021e+01
4, 7, 3.306211e+01
1, 8, 3.321961e+01
2, 8, 3.324859e+01
6, 6, 3.324879e+01
3, 8, 3.325417e+01
5, 7, 3.326222e+01
4, 8, 3.326928e+01
0, 9, 3.331006e+01
1, 9, 3.346763e+01
6, 7, 3.347626e+01
2, 9, 3.350910e+01
5, 8, 3.351180e+01
3, 9, 3.352572e+01
4, 9, 3.353016e+01
7, 7, 3.353297e+01
6, 8, 3.353609e+01
0, 10, 3.356825e+01
1, 10, 3.368390e+01
2, 10, 3.370697e+01
5, 9, 3.371269e+01
3, 10, 3.372099e+01
7, 8, 3.372304e+01
4, 10, 3.372695e+01
6, 9, 3.372980e+01
5, 10, 3.373245e+01
8, 8, 3.373265e+01
7, 9, 3.373389e+01
6, 10, 3.373748e+01
8, 9, 3.374002e+01
7, 10, 3.374271e+01
9, 9, 3.374563e+01
8, 10, 3.374618e+01
9, 10, 3.375118e+01
10, 10, 3.375287e+01
