row, col, cumulative power
0, 0, 7.403275e-31
0, 1, 7.881930e+00
1, 1, 2.507199e+01
0, 2, 2.723924e+01
1, 2, 3.294707e+01
2, 2, 3.321908e+01
0, 3, 3.368508e+01
1, 3, 3.514011e+01
2, 3, 3.545945e+01
0, 4, 3.553551e+01
1, 4, 3.642348e+01
3, 3, 3.646153e+01
2, 4, 3.660923e+01
3, 4, 3.666198e+01
0, 5, 3.672800e+01
1, 5, 3.730934e+01
2, 5, 3.739976e+01
4, 4, 3.741533e+01
3, 5, 3.746644e+01
0, 6, 3.749709e+01
1, 6, 3.798976e+01
2, 6, 3.806704e+01
4, 5, 3.808453e+01
3, 6, 3.810364e+01
0, 7, 3.814459e+01
5, 5, 3.815401e+01
1, 7, 3.847919e+01
4, 6, 3.850186e+01
2, 7, 3.855620e+01
3, 7, 3.856614e+01
5, 6, 3.857169e+01
0, 8, 3.859467e+01
4, 7, 3.860541e+01
1, 8, 3.886262e+01
2, 8, 3.890509e+01
6, 6, 3.891150e+01
3, 8, 3.892674e+01
5, 7, 3.893126e+01
4, 8, 3.894154e+01
0, 9, 3.896050e+01
1, 9, 3.919931e+01
6, 7, 3.920496e+01
2, 9, 3.926181e+01
5, 8, 3.926730e+01
3, 9, 3.928685e+01
4, 9, 3.929335e+01
7, 7, 3.929469e+01
6, 8, 3.929736e+01
0, 10, 3.931869e+01
1, 10, 3.959134e+01
2, 10, 3.963804e+01
5, 9, 3.964733e+01
3, 10, 3.965743e+01
7, 8, 3.966060e+01
4, 10, 3.966457e+01
6, 9, 3.967117e+01
5, 10, 3.967865e+01
8, 8, 3.968016e+01
7, 9, 3.968274e+01
6, 10, 3.968890e+01
8, 9, 3.969280e+01
7, 10, 3.969458e+01
9, 9, 3.969545e+01
8, 10, 3.969737e+01
9, 10, 3.970010e+01
10, 10, 3.970096e+01
