row, col, cumulative power
0, 0, 2.246405e-30
0, 1, 6.812155e+00
1, 1, 2.802839e+01
0, 2, 2.947329e+01
1, 2, 3.501021e+01
2, 2, 3.522951e+01
0, 3, 3.641711e+01
1, 3, 3.802814e+01
2, 3, 3.813399e+01
0, 4, 3.845559e+01
1, 4, 3.931834e+01
3, 3, 3.933600e+01
2, 4, 3.941769e+01
3, 4, 3.943836e+01
0, 5, 3.964639e+01
1, 5, 4.024597e+01
2, 5, 4.028962e+01
4, 4, 4.029458e+01
3, 5, 4.031122e+01
0, 6, 4.044585e+01
1, 6, 4.096743e+01
2, 6, 4.103834e+01
4, 5, 4.104953e+01
3, 6, 4.105672e+01
0, 7, 4.123948e+01
5, 5, 4.124239e+01
1, 7, 4.158616e+01
4, 6, 4.159234e+01
2, 7, 4.163129e+01
3, 7, 4.163849e+01
5, 6, 4.164433e+01
0, 8, 4.175170e+01
4, 7, 4.176068e+01
1, 8, 4.213974e+01
2, 8, 4.216642e+01
6, 6, 4.216813e+01
3, 8, 4.217780e+01
5, 7, 4.218315e+01
4, 8, 4.218937e+01
0, 9, 4.228419e+01
1, 9, 4.260667e+01
6, 7, 4.261000e+01
2, 9, 4.263519e+01
5, 8, 4.263867e+01
3, 9, 4.264956e+01
4, 9, 4.265412e+01
7, 7, 4.265648e+01
6, 8, 4.266043e+01
0, 10, 4.274719e+01
1, 10, 4.300916e+01
2, 10, 4.303982e+01
5, 9, 4.304133e+01
3, 10, 4.305352e+01
7, 8, 4.305584e+01
4, 10, 4.306106e+01
6, 9, 4.306366e+01
5, 10, 4.306771e+01
8, 8, 4.306833e+01
7, 9, 4.306997e+01
6, 10, 4.307616e+01
8, 9, 4.307921e+01
7, 10, 4.308258e+01
9, 9, 4.308476e+01
8, 10, 4.308783e+01
9, 10, 4.308962e+01
10, 10, 4.309459e+01
