row, col, cumulative power
0, 0, 1.112417e-30
0, 1, 1.338955e+01
1, 1, 2.782653e+01
0, 2, 3.077962e+01
1, 2, 3.433911e+01
2, 2, 3.439416e+01
0, 3, 3.479701e+01
1, 3, 3.592936e+01
2, 3, 3.600980e+01
0, 4, 3.645907e+01
1, 4, 3.743954e+01
3, 3, 3.745321e+01
2, 4, 3.761160e+01
3, 4, 3.765598e+01
0, 5, 3.783732e+01
1, 5, 3.833379e+01
2, 5, 3.843230e+01
4, 4, 3.844450e+01
3, 5, 3.846550e+01
0, 6, 3.853637e+01
1, 6, 3.885129e+01
2, 6, 3.890900e+01
4, 5, 3.893546e+01
3, 6, 3.895515e+01
0, 7, 3.903363e+01
5, 5, 3.905176e+01
1, 7, 3.940020e+01
4, 6, 3.941855e+01
2, 7, 3.947144e+01
3, 7, 3.949010e+01
5, 6, 3.949992e+01
0, 8, 3.955643e+01
4, 7, 3.957386e+01
1, 8, 3.986380e+01
2, 8, 3.989945e+01
6, 6, 3.991453e+01
3, 8, 3.993095e+01
5, 7, 3.994365e+01
4, 8, 3.995964e+01
0, 9, 3.999638e+01
1, 9, 4.026505e+01
6, 7, 4.027430e+01
2, 9, 4.031268e+01
5, 8, 4.032202e+01
3, 9, 4.033196e+01
4, 9, 4.033770e+01
7, 7, 4.034209e+01
6, 8, 4.034900e+01
0, 10, 4.042678e+01
1, 10, 4.066104e+01
2, 10, 4.070532e+01
5, 9, 4.071001e+01
3, 10, 4.071704e+01
7, 8, 4.072401e+01
4, 10, 4.072662e+01
6, 9, 4.073139e+01
5, 10, 4.073263e+01
8, 8, 4.073642e+01
7, 9, 4.074220e+01
6, 10, 4.074601e+01
8, 9, 4.074844e+01
7, 10, 4.075551e+01
9, 9, 4.075689e+01
8, 10, 4.076062e+01
9, 10, 4.076764e+01
10, 10, 4.076818e+01
