row, col, cumulative power
0, 0, 7.703720e-32
0, 1, 2.195688e+00
1, 1, 2.315217e+01
0, 2, 2.449232e+01
1, 2, 2.765158e+01
2, 2, 2.775657e+01
0, 3, 2.834368e+01
1, 3, 2.990580e+01
2, 3, 3.001533e+01
0, 4, 3.021696e+01
1, 4, 3.106643e+01
3, 3, 3.107811e+01
2, 4, 3.113829e+01
3, 4, 3.115082e+01
0, 5, 3.121445e+01
1, 5, 3.178411e+01
2, 5, 3.181386e+01
4, 4, 3.183011e+01
3, 5, 3.183391e+01
0, 6, 3.188612e+01
1, 6, 3.236504e+01
2, 6, 3.239267e+01
4, 5, 3.240276e+01
3, 6, 3.241107e+01
0, 7, 3.244690e+01
5, 5, 3.244936e+01
1, 7, 3.282161e+01
4, 6, 3.282446e+01
2, 7, 3.285210e+01
3, 7, 3.286010e+01
5, 6, 3.286670e+01
0, 8, 3.291948e+01
4, 7, 3.292573e+01
1, 8, 3.319922e+01
2, 8, 3.321317e+01
6, 6, 3.322415e+01
3, 8, 3.323304e+01
5, 7, 3.323547e+01
4, 8, 3.324018e+01
0, 9, 3.326305e+01
1, 9, 3.349216e+01
6, 7, 3.349374e+01
2, 9, 3.351278e+01
5, 8, 3.352100e+01
3, 9, 3.352819e+01
4, 9, 3.353312e+01
7, 7, 3.353497e+01
6, 8, 3.353584e+01
0, 10, 3.356795e+01
1, 10, 3.377908e+01
2, 10, 3.380584e+01
5, 9, 3.381517e+01
3, 10, 3.382725e+01
7, 8, 3.383043e+01
4, 10, 3.383359e+01
6, 9, 3.383976e+01
5, 10, 3.384516e+01
8, 8, 3.384611e+01
7, 9, 3.384855e+01
6, 10, 3.384938e+01
8, 9, 3.385204e+01
7, 10, 3.385328e+01
9, 9, 3.385492e+01
8, 10, 3.386410e+01
9, 10, 3.386843e+01
10, 10, 3.387166e+01
