row, col, cumulative power
0, 0, 6.240013e-32
0, 1, 1.001794e+00
1, 1, 6.553617e+00
0, 2, 1.158381e+01
1, 2, 1.233236e+01
2, 2, 1.238598e+01
0, 3, 1.303625e+01
1, 3, 1.397466e+01
2, 3, 1.399090e+01
0, 4, 1.421913e+01
1, 4, 1.466879e+01
3, 3, 1.470999e+01
2, 4, 1.471589e+01
3, 4, 1.473648e+01
0, 5, 1.477183e+01
1, 5, 1.513508e+01
2, 5, 1.516266e+01
4, 4, 1.517088e+01
3, 5, 1.518888e+01
0, 6, 1.522228e+01
1, 6, 1.546537e+01
2, 6, 1.547009e+01
4, 5, 1.547586e+01
3, 6, 1.548240e+01
0, 7, 1.548877e+01
5, 5, 1.549102e+01
1, 7, 1.569735e+01
4, 6, 1.570104e+01
2, 7, 1.570503e+01
3, 7, 1.570972e+01
5, 6, 1.571510e+01
0, 8, 1.573757e+01
4, 7, 1.574257e+01
1, 8, 1.587827e+01
2, 8, 1.587946e+01
6, 6, 1.588384e+01
3, 8, 1.589271e+01
5, 7, 1.589848e+01
4, 8, 1.590310e+01
0, 9, 1.594608e+01
1, 9, 1.608907e+01
6, 7, 1.609377e+01
2, 9, 1.609714e+01
5, 8, 1.609907e+01
3, 9, 1.610330e+01
4, 9, 1.611038e+01
7, 7, 1.611122e+01
6, 8, 1.611405e+01
0, 10, 1.612366e+01
1, 10, 1.623596e+01
2, 10, 1.623837e+01
5, 9, 1.624614e+01
3, 10, 1.625244e+01
7, 8, 1.625385e+01
4, 10, 1.625461e+01
6, 9, 1.625647e+01
5, 10, 1.626395e+01
8, 8, 1.626592e+01
7, 9, 1.626891e+01
6, 10, 1.627079e+01
8, 9, 1.627116e+01
7, 10, 1.627543e+01
9, 9, 1.627607e+01
8, 10, 1.628063e+01
9, 10, 1.628686e+01
10, 10, 1.628823e+01
