row, col, cumulative power
0, 0, 7.323349e-30
0, 1, 7.259618e-02
1, 1, 4.700710e+00
0, 2, 9.510865e+00
1, 2, 1.041037e+01
2, 2, 1.050086e+01
0, 3, 1.118723e+01
1, 3, 1.175726e+01
2, 3, 1.177594e+01
0, 4, 1.220890e+01
1, 4, 1.270072e+01
3, 3, 1.271028e+01
2, 4, 1.271331e+01
3, 4, 1.271830e+01
0, 5, 1.290118e+01
1, 5, 1.310066e+01
2, 5, 1.312193e+01
4, 4, 1.312835e+01
3, 5, 1.314402e+01
0, 6, 1.328048e+01
1, 6, 1.346433e+01
2, 6, 1.346822e+01
4, 5, 1.348882e+01
3, 6, 1.349578e+01
0, 7, 1.364839e+01
5, 5, 1.365191e+01
1, 7, 1.382856e+01
4, 6, 1.382998e+01
2, 7, 1.383357e+01
3, 7, 1.383884e+01
5, 6, 1.384160e+01
0, 8, 1.391907e+01
4, 7, 1.392119e+01
1, 8, 1.406361e+01
2, 8, 1.406768e+01
6, 6, 1.406970e+01
3, 8, 1.407617e+01
5, 7, 1.408283e+01
4, 8, 1.408792e+01
0, 9, 1.414198e+01
1, 9, 1.428748e+01
6, 7, 1.428929e+01
2, 9, 1.429604e+01
5, 8, 1.429890e+01
3, 9, 1.430391e+01
4, 9, 1.430898e+01
7, 7, 1.430984e+01
6, 8, 1.431279e+01
0, 10, 1.442333e+01
1, 10, 1.450782e+01
2, 10, 1.450985e+01
5, 9, 1.451375e+01
3, 10, 1.451511e+01
7, 8, 1.451768e+01
4, 10, 1.452168e+01
6, 9, 1.452425e+01
5, 10, 1.452818e+01
8, 8, 1.453212e+01
7, 9, 1.453517e+01
6, 10, 1.453866e+01
8, 9, 1.454335e+01
7, 10, 1.454434e+01
9, 9, 1.454473e+01
8, 10, 1.454673e+01
9, 10, 1.454897e+01
10, 10, 1.455047e+01
