row, col, cumulative power
0, 0, 1.358936e-28
0, 1, 3.347403e+01
1, 1, 4.170263e+01
0, 2, 4.459704e+01
1, 2, 4.675773e+01
2, 2, 4.685792e+01
0, 3, 4.781450e+01
1, 3, 4.874260e+01
2, 3, 4.881660e+01
0, 4, 4.910985e+01
1, 4, 4.960554e+01
3, 3, 4.962304e+01
2, 4, 4.968416e+01
3, 4, 4.970930e+01
0, 5, 5.000032e+01
1, 5, 5.044035e+01
2, 5, 5.049538e+01
4, 4, 5.050313e+01
3, 5, 5.051487e+01
0, 6, 5.071425e+01
1, 6, 5.092054e+01
2, 6, 5.095220e+01
4, 5, 5.095949e+01
3, 6, 5.097137e+01
0, 7, 5.106910e+01
5, 5, 5.107541e+01
1, 7, 5.129188e+01
4, 6, 5.130903e+01
2, 7, 5.134069e+01
3, 7, 5.134753e+01
5, 6, 5.135448e+01
0, 8, 5.144447e+01
4, 7, 5.144948e+01
1, 8, 5.165913e+01
2, 8, 5.168533e+01
6, 6, 5.169161e+01
3, 8, 5.170026e+01
5, 7, 5.170327e+01
4, 8, 5.171173e+01
0, 9, 5.180381e+01
1, 9, 5.196933e+01
6, 7, 5.197090e+01
2, 9, 5.199772e+01
5, 8, 5.200206e+01
3, 9, 5.200731e+01
4, 9, 5.201748e+01
7, 7, 5.201855e+01
6, 8, 5.202308e+01
0, 10, 5.208725e+01
1, 10, 5.226492e+01
2, 10, 5.229024e+01
5, 9, 5.229161e+01
3, 10, 5.230660e+01
7, 8, 5.230832e+01
4, 10, 5.231446e+01
6, 9, 5.231818e+01
5, 10, 5.232238e+01
8, 8, 5.232624e+01
7, 9, 5.232842e+01
6, 10, 5.233066e+01
8, 9, 5.233366e+01
7, 10, 5.233623e+01
9, 9, 5.233777e+01
8, 10, 5.234020e+01
9, 10, 5.234216e+01
10, 10, 5.234811e+01
