row, col, cumulative power
0, 0, 9.302723e-29
0, 1, 3.345895e+00
1, 1, 9.882058e+00
0, 2, 1.254310e+01
1, 2, 1.489977e+01
2, 2, 1.493429e+01
0, 3, 1.527833e+01
1, 3, 1.612975e+01
2, 3, 1.622892e+01
0, 4, 1.644949e+01
1, 4, 1.697089e+01
3, 3, 1.697784e+01
2, 4, 1.703258e+01
3, 4, 1.705480e+01
0, 5, 1.712563e+01
1, 5, 1.756038e+01
2, 5, 1.759339e+01
4, 4, 1.759671e+01
3, 5, 1.760420e+01
0, 6, 1.763246e+01
1, 6, 1.795943e+01
2, 6, 1.799368e+01
4, 5, 1.800171e+01
3, 6, 1.800655e+01
0, 7, 1.803288e+01
5, 5, 1.803515e+01
1, 7, 1.822972e+01
4, 6, 1.823266e+01
2, 7, 1.824386e+01
3, 7, 1.824984e+01
5, 6, 1.825301e+01
0, 8, 1.826369e+01
4, 7, 1.826639e+01
1, 8, 1.846661e+01
2, 8, 1.847701e+01
6, 6, 1.847917e+01
3, 8, 1.848608e+01
5, 7, 1.848914e+01
4, 8, 1.849274e+01
0, 9, 1.850857e+01
1, 9, 1.868319e+01
6, 7, 1.868989e+01
2, 9, 1.870900e+01
5, 8, 1.871012e+01
3, 9, 1.871843e+01
4, 9, 1.872105e+01
7, 7, 1.872501e+01
6, 8, 1.872616e+01
0, 10, 1.874529e+01
1, 10, 1.888944e+01
2, 10, 1.890841e+01
5, 9, 1.891527e+01
3, 10, 1.891931e+01
7, 8, 1.892331e+01
4, 10, 1.892708e+01
6, 9, 1.892844e+01
5, 10, 1.892966e+01
8, 8, 1.893083e+01
7, 9, 1.893202e+01
6, 10, 1.893324e+01
8, 9, 1.893536e+01
7, 10, 1.893709e+01
9, 9, 1.893737e+01
8, 10, 1.894105e+01
9, 10, 1.894296e+01
10, 10, 1.894485e+01
