row, col, cumulative power
0, 0, 4.418873e-29
0, 1, 2.204216e+00
1, 1, 8.109314e+00
0, 2, 1.133458e+01
1, 2, 1.218093e+01
2, 2, 1.224890e+01
0, 3, 1.391233e+01
1, 3, 1.454062e+01
2, 3, 1.456035e+01
0, 4, 1.505516e+01
1, 4, 1.532130e+01
3, 3, 1.533817e+01
2, 4, 1.534870e+01
3, 4, 1.536307e+01
0, 5, 1.577920e+01
1, 5, 1.594242e+01
2, 5, 1.594786e+01
4, 4, 1.595453e+01
3, 5, 1.596129e+01
0, 6, 1.624068e+01
1, 6, 1.637920e+01
2, 6, 1.639541e+01
4, 5, 1.640223e+01
3, 6, 1.641019e+01
0, 7, 1.664241e+01
5, 5, 1.664357e+01
1, 7, 1.675380e+01
4, 6, 1.675841e+01
2, 7, 1.675935e+01
3, 7, 1.676536e+01
5, 6, 1.676731e+01
0, 8, 1.694053e+01
4, 7, 1.694846e+01
1, 8, 1.705055e+01
2, 8, 1.705390e+01
6, 6, 1.705619e+01
3, 8, 1.706066e+01
5, 7, 1.706384e+01
4, 8, 1.706947e+01
0, 9, 1.727907e+01
1, 9, 1.738200e+01
6, 7, 1.738325e+01
2, 9, 1.738630e+01
5, 8, 1.738815e+01
3, 9, 1.739254e+01
4, 9, 1.739507e+01
7, 7, 1.739564e+01
6, 8, 1.739754e+01
0, 10, 1.757083e+01
1, 10, 1.764312e+01
2, 10, 1.764475e+01
5, 9, 1.764712e+01
3, 10, 1.765170e+01
7, 8, 1.765282e+01
4, 10, 1.765561e+01
6, 9, 1.765950e+01
5, 10, 1.766051e+01
8, 8, 1.766073e+01
7, 9, 1.766580e+01
6, 10, 1.766679e+01
8, 9, 1.766709e+01
7, 10, 1.766810e+01
9, 9, 1.766977e+01
8, 10, 1.767053e+01
9, 10, 1.767181e+01
10, 10, 1.767367e+01
