row, col, cumulative power
0, 0, 1.925930e-30
0, 1, 3.481522e+01
1, 1, 3.823411e+01
0, 2, 4.050287e+01
1, 2, 4.205194e+01
2, 2, 4.210253e+01
0, 3, 4.272110e+01
1, 3, 4.332472e+01
2, 3, 4.335164e+01
0, 4, 4.348520e+01
1, 4, 4.381652e+01
3, 3, 4.382671e+01
2, 4, 4.383311e+01
3, 4, 4.386396e+01
0, 5, 4.396644e+01
1, 5, 4.415954e+01
2, 5, 4.418248e+01
4, 4, 4.419529e+01
3, 5, 4.421986e+01
0, 6, 4.428243e+01
1, 6, 4.442198e+01
2, 6, 4.444262e+01
4, 5, 4.445382e+01
3, 6, 4.445782e+01
0, 7, 4.448260e+01
5, 5, 4.449091e+01
1, 7, 4.458311e+01
4, 6, 4.459908e+01
2, 7, 4.460956e+01
3, 7, 4.462317e+01
5, 6, 4.462751e+01
0, 8, 4.469013e+01
4, 7, 4.469596e+01
1, 8, 4.476444e+01
2, 8, 4.477179e+01
6, 6, 4.477416e+01
3, 8, 4.478598e+01
5, 7, 4.479313e+01
4, 8, 4.479813e+01
0, 9, 4.482164e+01
1, 9, 4.489286e+01
6, 7, 4.489932e+01
2, 9, 4.490687e+01
5, 8, 4.491064e+01
3, 9, 4.491764e+01
4, 9, 4.493062e+01
7, 7, 4.493173e+01
6, 8, 4.493367e+01
0, 10, 4.497113e+01
1, 10, 4.505319e+01
2, 10, 4.506998e+01
5, 9, 4.507291e+01
3, 10, 4.508150e+01
7, 8, 4.508305e+01
4, 10, 4.508519e+01
6, 9, 4.508626e+01
5, 10, 4.508873e+01
8, 8, 4.508885e+01
7, 9, 4.509202e+01
6, 10, 4.509574e+01
8, 9, 4.509673e+01
7, 10, 4.510001e+01
9, 9, 4.510303e+01
8, 10, 4.510645e+01
9, 10, 4.510823e+01
10, 10, 4.510950e+01
