row, col, cumulative power
0, 0, 3.397340e-31
0, 1, 7.846045e-01
1, 1, 5.865446e+00
0, 2, 6.913134e+00
1, 2, 7.540223e+00
2, 2, 7.613141e+00
0, 3, 8.585632e+00
1, 3, 9.292722e+00
2, 3, 9.323022e+00
0, 4, 9.473784e+00
1, 4, 9.822798e+00
3, 3, 9.826525e+00
2, 4, 9.838756e+00
3, 4, 9.851782e+00
0, 5, 9.949827e+00
1, 5, 1.022679e+01
2, 5, 1.024073e+01
4, 4, 1.025438e+01
3, 5, 1.026252e+01
0, 6, 1.029713e+01
1, 6, 1.045587e+01
2, 6, 1.045847e+01
4, 5, 1.046973e+01
3, 6, 1.048005e+01
0, 7, 1.051864e+01
5, 5, 1.052045e+01
1, 7, 1.071263e+01
4, 6, 1.071766e+01
2, 7, 1.071943e+01
3, 7, 1.072752e+01
5, 6, 1.073626e+01
0, 8, 1.075949e+01
4, 7, 1.076467e+01
1, 8, 1.089238e+01
2, 8, 1.089600e+01
6, 6, 1.090025e+01
3, 8, 1.090973e+01
5, 7, 1.091161e+01
4, 8, 1.091383e+01
0, 9, 1.093013e+01
1, 9, 1.105887e+01
6, 7, 1.106078e+01
2, 9, 1.106485e+01
5, 8, 1.106721e+01
3, 9, 1.107088e+01
4, 9, 1.107265e+01
7, 7, 1.107289e+01
6, 8, 1.108221e+01
0, 10, 1.110422e+01
1, 10, 1.119981e+01
2, 10, 1.120473e+01
5, 9, 1.120968e+01
3, 10, 1.121259e+01
7, 8, 1.122138e+01
4, 10, 1.122302e+01
6, 9, 1.122474e+01
5, 10, 1.122759e+01
8, 8, 1.122795e+01
7, 9, 1.122881e+01
6, 10, 1.123035e+01
8, 9, 1.123231e+01
7, 10, 1.123636e+01
9, 9, 1.123741e+01
8, 10, 1.124032e+01
9, 10, 1.124128e+01
10, 10, 1.124160e+01
