row, col, cumulative power
0, 0, 8.985619e-30
0, 1, 8.110938e+00
1, 1, 1.519045e+01
0, 2, 1.765781e+01
1, 2, 2.100526e+01
2, 2, 2.103762e+01
0, 3, 2.147530e+01
1, 3, 2.258073e+01
2, 3, 2.261382e+01
0, 4, 2.308695e+01
1, 4, 2.371968e+01
3, 3, 2.373897e+01
2, 4, 2.381471e+01
3, 4, 2.382622e+01
0, 5, 2.402662e+01
1, 5, 2.445946e+01
2, 5, 2.449994e+01
4, 4, 2.450216e+01
3, 5, 2.450983e+01
0, 6, 2.458713e+01
1, 6, 2.489108e+01
2, 6, 2.492252e+01
4, 5, 2.492773e+01
3, 6, 2.493718e+01
0, 7, 2.501120e+01
5, 5, 2.501405e+01
1, 7, 2.536045e+01
4, 6, 2.536599e+01
2, 7, 2.538256e+01
3, 7, 2.539147e+01
5, 6, 2.539818e+01
0, 8, 2.545243e+01
4, 7, 2.546286e+01
1, 8, 2.569022e+01
2, 8, 2.570956e+01
6, 6, 2.571355e+01
3, 8, 2.571763e+01
5, 7, 2.572233e+01
4, 8, 2.572796e+01
0, 9, 2.580213e+01
1, 9, 2.604075e+01
6, 7, 2.604526e+01
2, 9, 2.605822e+01
5, 8, 2.606738e+01
3, 9, 2.607474e+01
4, 9, 2.608177e+01
7, 7, 2.608401e+01
6, 8, 2.608899e+01
0, 10, 2.613927e+01
1, 10, 2.634477e+01
2, 10, 2.635710e+01
5, 9, 2.635922e+01
3, 10, 2.636760e+01
7, 8, 2.637020e+01
4, 10, 2.637441e+01
6, 9, 2.637675e+01
5, 10, 2.638189e+01
8, 8, 2.638290e+01
7, 9, 2.638831e+01
6, 10, 2.639298e+01
8, 9, 2.639576e+01
7, 10, 2.640166e+01
9, 9, 2.640371e+01
8, 10, 2.640659e+01
9, 10, 2.641190e+01
10, 10, 2.641233e+01
