row, col, cumulative power
0, 0, 1.925930e-30
0, 1, 5.156922e+00
1, 1, 1.062096e+01
0, 2, 1.592636e+01
1, 2, 1.628474e+01
2, 2, 1.648509e+01
0, 3, 1.722038e+01
1, 3, 1.763989e+01
2, 3, 1.765494e+01
0, 4, 1.785354e+01
1, 4, 1.812393e+01
3, 3, 1.813325e+01
2, 4, 1.814748e+01
3, 4, 1.815075e+01
0, 5, 1.827177e+01
1, 5, 1.843490e+01
2, 5, 1.844210e+01
4, 4, 1.845191e+01
3, 5, 1.845495e+01
0, 6, 1.855159e+01
1, 6, 1.869795e+01
2, 6, 1.870068e+01
4, 5, 1.870407e+01
3, 6, 1.871594e+01
0, 7, 1.875903e+01
5, 5, 1.876178e+01
1, 7, 1.887365e+01
4, 6, 1.887845e+01
2, 7, 1.888527e+01
3, 7, 1.888785e+01
5, 6, 1.889065e+01
0, 8, 1.891442e+01
4, 7, 1.891549e+01
1, 8, 1.898416e+01
2, 8, 1.898641e+01
6, 6, 1.898864e+01
3, 8, 1.899041e+01
5, 7, 1.899094e+01
4, 8, 1.899479e+01
0, 9, 1.903065e+01
1, 9, 1.912200e+01
6, 7, 1.912454e+01
2, 9, 1.912789e+01
5, 8, 1.913078e+01
3, 9, 1.913438e+01
4, 9, 1.913689e+01
7, 7, 1.913801e+01
6, 8, 1.914052e+01
0, 10, 1.916371e+01
1, 10, 1.925381e+01
2, 10, 1.925929e+01
5, 9, 1.926283e+01
3, 10, 1.926435e+01
7, 8, 1.926543e+01
4, 10, 1.927116e+01
6, 9, 1.927617e+01
5, 10, 1.927959e+01
8, 8, 1.928126e+01
7, 9, 1.928444e+01
6, 10, 1.928450e+01
8, 9, 1.928640e+01
7, 10, 1.928787e+01
9, 9, 1.929245e+01
8, 10, 1.929382e+01
9, 10, 1.929756e+01
10, 10, 1.929815e+01
