row, col, cumulative power
0, 0, 2.468349e-29
0, 1, 6.300575e+01
1, 1, 7.231066e+01
0, 2, 7.906639e+01
1, 2, 8.359917e+01
2, 2, 8.398819e+01
0, 3, 8.521734e+01
1, 3, 8.688505e+01
2, 3, 8.719124e+01
0, 4, 8.748935e+01
1, 4, 8.868146e+01
3, 3, 8.872026e+01
2, 4, 8.891272e+01
3, 4, 8.896968e+01
0, 5, 8.925580e+01
1, 5, 8.982440e+01
2, 5, 8.997043e+01
4, 4, 8.997882e+01
3, 5, 9.001825e+01
0, 6, 9.013551e+01
1, 6, 9.063346e+01
2, 6, 9.074974e+01
4, 5, 9.077920e+01
3, 6, 9.081171e+01
0, 7, 9.094220e+01
5, 5, 9.095136e+01
1, 7, 9.123458e+01
4, 6, 9.126037e+01
2, 7, 9.132622e+01
3, 7, 9.134760e+01
5, 6, 9.137439e+01
0, 8, 9.145623e+01
4, 7, 9.146863e+01
1, 8, 9.187563e+01
2, 8, 9.193153e+01
6, 6, 9.194374e+01
3, 8, 9.196050e+01
5, 7, 9.197099e+01
4, 8, 9.200628e+01
0, 9, 9.204945e+01
1, 9, 9.234258e+01
6, 7, 9.235736e+01
2, 9, 9.240757e+01
5, 8, 9.242586e+01
3, 9, 9.244987e+01
4, 9, 9.247052e+01
7, 7, 9.247829e+01
6, 8, 9.248662e+01
0, 10, 9.255212e+01
1, 10, 9.282470e+01
2, 10, 9.290616e+01
5, 9, 9.291996e+01
3, 10, 9.294459e+01
7, 8, 9.295147e+01
4, 10, 9.296578e+01
6, 9, 9.297719e+01
5, 10, 9.298380e+01
8, 8, 9.298762e+01
7, 9, 9.299579e+01
6, 10, 9.300205e+01
8, 9, 9.300615e+01
7, 10, 9.300997e+01
9, 9, 9.301335e+01
8, 10, 9.302258e+01
9, 10, 9.303443e+01
10, 10, 9.303509e+01
