row, col, cumulative power
0, 0, 5.409937e-29
0, 1, 7.562397e+00
1, 1, 1.574798e+01
0, 2, 2.204071e+01
1, 2, 2.395920e+01
2, 2, 2.397544e+01
0, 3, 2.519014e+01
1, 3, 2.623503e+01
2, 3, 2.631113e+01
0, 4, 2.699455e+01
1, 4, 2.747018e+01
3, 3, 2.747467e+01
2, 4, 2.750702e+01
3, 4, 2.752484e+01
0, 5, 2.797805e+01
1, 5, 2.845994e+01
2, 5, 2.846884e+01
4, 4, 2.847496e+01
3, 5, 2.848116e+01
0, 6, 2.881387e+01
1, 6, 2.914458e+01
2, 6, 2.915478e+01
4, 5, 2.915677e+01
3, 6, 2.916071e+01
0, 7, 2.939262e+01
5, 5, 2.939762e+01
1, 7, 2.959539e+01
4, 6, 2.960137e+01
2, 7, 2.961067e+01
3, 7, 2.962194e+01
5, 6, 2.962731e+01
0, 8, 2.989810e+01
4, 7, 2.990067e+01
1, 8, 3.007014e+01
2, 8, 3.007779e+01
6, 6, 3.007879e+01
3, 8, 3.008420e+01
5, 7, 3.008744e+01
4, 8, 3.008876e+01
0, 9, 3.024405e+01
1, 9, 3.043144e+01
6, 7, 3.043541e+01
2, 9, 3.044212e+01
5, 8, 3.045159e+01
3, 9, 3.045401e+01
4, 9, 3.045655e+01
7, 7, 3.046029e+01
6, 8, 3.046321e+01
0, 10, 3.065390e+01
1, 10, 3.085383e+01
2, 10, 3.086182e+01
5, 9, 3.086236e+01
3, 10, 3.086814e+01
7, 8, 3.086956e+01
4, 10, 3.087149e+01
6, 9, 3.087297e+01
5, 10, 3.087489e+01
8, 8, 3.087654e+01
7, 9, 3.088148e+01
6, 10, 3.088975e+01
8, 9, 3.089581e+01
7, 10, 3.089872e+01
9, 9, 3.089931e+01
8, 10, 3.090176e+01
9, 10, 3.090326e+01
10, 10, 3.090712e+01
