row, col, cumulative power
0, 0, 2.246405e-30
0, 1, 3.629746e+00
1, 1, 6.479896e+00
0, 2, 1.096639e+01
1, 2, 1.142475e+01
2, 2, 1.148705e+01
0, 3, 1.223750e+01
1, 3, 1.251577e+01
2, 3, 1.252378e+01
0, 4, 1.285062e+01
1, 4, 1.298981e+01
3, 3, 1.301417e+01
2, 4, 1.302183e+01
3, 4, 1.302418e+01
0, 5, 1.316651e+01
1, 5, 1.329532e+01
2, 5, 1.330200e+01
4, 4, 1.330317e+01
3, 5, 1.331328e+01
0, 6, 1.340855e+01
1, 6, 1.349962e+01
2, 6, 1.350035e+01
4, 5, 1.350368e+01
3, 6, 1.351498e+01
0, 7, 1.364712e+01
5, 5, 1.365104e+01
1, 7, 1.371401e+01
4, 6, 1.372457e+01
2, 7, 1.372788e+01
3, 7, 1.373222e+01
5, 6, 1.373456e+01
0, 8, 1.378481e+01
4, 7, 1.378595e+01
1, 8, 1.384258e+01
2, 8, 1.384388e+01
6, 6, 1.384526e+01
3, 8, 1.385008e+01
5, 7, 1.385259e+01
4, 8, 1.385370e+01
0, 9, 1.400941e+01
1, 9, 1.409620e+01
6, 7, 1.409799e+01
2, 9, 1.409837e+01
5, 8, 1.409899e+01
3, 9, 1.410211e+01
4, 9, 1.410312e+01
7, 7, 1.410353e+01
6, 8, 1.410816e+01
0, 10, 1.416559e+01
1, 10, 1.422483e+01
2, 10, 1.422593e+01
5, 9, 1.422714e+01
3, 10, 1.423045e+01
7, 8, 1.423606e+01
4, 10, 1.424023e+01
6, 9, 1.424343e+01
5, 10, 1.424795e+01
8, 8, 1.424922e+01
7, 9, 1.425068e+01
6, 10, 1.425292e+01
8, 9, 1.425295e+01
7, 10, 1.425483e+01
9, 9, 1.425509e+01
8, 10, 1.425638e+01
9, 10, 1.425721e+01
10, 10, 1.425950e+01
