# contact distance = 8.0 Angstroms
# F = 0.4 kJ/mol

# i j contact_probability mean_contact_probability stddev_contact_probability
0 0 0.001015 0.004252 0.003512
0 1 0.000564 0.004252 0.003512
0 2 0.000677 0.004252 0.003512
0 3 0.001467 0.004252 0.003512
0 4 0.001128 0.004252 0.003512
0 5 0.002031 0.004252 0.003512
0 6 0.001580 0.004252 0.003512
0 7 0.001692 0.004252 0.003512
0 8 0.002482 0.004252 0.003512
0 9 0.002708 0.004252 0.003512
0 10 0.004626 0.004252 0.003512
0 11 0.003385 0.004252 0.003512
0 12 0.004964 0.004252 0.003512
0 13 0.005980 0.004252 0.003512
0 14 0.007898 0.004252 0.003512
0 15 0.012298 0.004252 0.003512
0 16 0.015683 0.004252 0.003512
0 17 0.015006 0.004252 0.003512
0 18 0.012637 0.004252 0.003512
0 19 0.010380 0.004252 0.003512
0 20 0.007785 0.004252 0.003512
1 0 0.000451 0.004252 0.003512
1 1 0.000226 0.004252 0.003512
1 2 0.000113 0.004252 0.003512
1 3 0.000451 0.004252 0.003512
1 4 0.001015 0.004252 0.003512
1 5 0.000790 0.004252 0.003512
1 6 0.002595 0.004252 0.003512
1 7 0.001692 0.004252 0.003512
1 8 0.001128 0.004252 0.003512
1 9 0.002257 0.004252 0.003512
1 10 0.003723 0.004252 0.003512
1 11 0.003498 0.004252 0.003512
1 12 0.003723 0.004252 0.003512
1 13 0.005641 0.004252 0.003512
1 14 0.007447 0.004252 0.003512
1 15 0.014555 0.004252 0.003512
1 16 0.016811 0.004252 0.003512
1 17 0.016247 0.004252 0.003512
1 18 0.012637 0.004252 0.003512
1 19 0.009478 0.004252 0.003512
1 20 0.006770 0.004252 0.003512
2 0 0.000903 0.004252 0.003512
2 1 0.000564 0.004252 0.003512
2 2 0.000451 0.004252 0.003512
2 3 0.000903 0.004252 0.003512
2 4 0.001467 0.004252 0.003512
2 5 0.001692 0.004252 0.003512
2 6 0.003046 0.004252 0.003512
2 7 0.002595 0.004252 0.003512
2 8 0.002708 0.004252 0.003512
2 9 0.002821 0.004252 0.003512
2 10 0.002708 0.004252 0.003512
2 11 0.003046 0.004252 0.003512
2 12 0.003723 0.004252 0.003512
2 13 0.006770 0.004252 0.003512
2 14 0.009139 0.004252 0.003512
2 15 0.013765 0.004252 0.003512
2 16 0.016022 0.004252 0.003512
2 17 0.012524 0.004252 0.003512
2 18 0.009026 0.004252 0.003512
2 19 0.007334 0.004252 0.003512
2 20 0.006318 0.004252 0.003512
3 0 0.002031 0.004252 0.003512
3 1 0.001241 0.004252 0.003512
3 2 0.001580 0.004252 0.003512
3 3 0.001805 0.004252 0.003512
3 4 0.002708 0.004252 0.003512
3 5 0.002934 0.004252 0.003512
3 6 0.002595 0.004252 0.003512
3 7 0.003046 0.004252 0.003512
3 8 0.003385 0.004252 0.003512
3 9 0.002934 0.004252 0.003512
3 10 0.004287 0.004252 0.003512
3 11 0.005980 0.004252 0.003512
3 12 0.005077 0.004252 0.003512
3 13 0.005867 0.004252 0.003512
3 14 0.007334 0.004252 0.003512
3 15 0.009026 0.004252 0.003512
3 16 0.009590 0.004252 0.003512
3 17 0.006544 0.004252 0.003512
3 18 0.006995 0.004252 0.003512
3 19 0.004964 0.004252 0.003512
3 20 0.004175 0.004252 0.003512
4 0 0.001692 0.004252 0.003512
4 1 0.002144 0.004252 0.003512
4 2 0.002031 0.004252 0.003512
4 3 0.002144 0.004252 0.003512
4 4 0.003159 0.004252 0.003512
4 5 0.002369 0.004252 0.003512
4 6 0.003385 0.004252 0.003512
4 7 0.003723 0.004252 0.003512
4 8 0.003611 0.004252 0.003512
4 9 0.003723 0.004252 0.003512
4 10 0.004513 0.004252 0.003512
4 11 0.006318 0.004252 0.003512
4 12 0.005416 0.004252 0.003512
4 13 0.005529 0.004252 0.003512
4 14 0.007560 0.004252 0.003512
4 15 0.006657 0.004252 0.003512
4 16 0.006206 0.004252 0.003512
4 17 0.005754 0.004252 0.003512
4 18 0.004964 0.004252 0.003512
4 19 0.003611 0.004252 0.003512
4 20 0.003272 0.004252 0.003512
5 0 0.002934 0.004252 0.003512
5 1 0.001805 0.004252 0.003512
5 2 0.002144 0.004252 0.003512
5 3 0.002369 0.004252 0.003512
5 4 0.004062 0.004252 0.003512
5 5 0.002482 0.004252 0.003512
5 6 0.003272 0.004252 0.003512
5 7 0.003836 0.004252 0.003512
5 8 0.003611 0.004252 0.003512
5 9 0.003723 0.004252 0.003512
5 10 0.005190 0.004252 0.003512
5 11 0.006770 0.004252 0.003512
5 12 0.006206 0.004252 0.003512
5 13 0.005303 0.004252 0.003512
5 14 0.005980 0.004252 0.003512
5 15 0.006093 0.004252 0.003512
5 16 0.005754 0.004252 0.003512
5 17 0.004287 0.004252 0.003512
5 18 0.003385 0.004252 0.003512
5 19 0.003498 0.004252 0.003512
5 20 0.002821 0.004252 0.003512
6 0 0.002708 0.004252 0.003512
6 1 0.002595 0.004252 0.003512
6 2 0.002031 0.004252 0.003512
6 3 0.003498 0.004252 0.003512
6 4 0.003385 0.004252 0.003512
6 5 0.003272 0.004252 0.003512
6 6 0.003723 0.004252 0.003512
6 7 0.003611 0.004252 0.003512
6 8 0.003949 0.004252 0.003512
6 9 0.004175 0.004252 0.003512
6 10 0.005980 0.004252 0.003512
6 11 0.008011 0.004252 0.003512
6 12 0.006431 0.004252 0.003512
6 13 0.005980 0.004252 0.003512
6 14 0.005867 0.004252 0.003512
6 15 0.006093 0.004252 0.003512
6 16 0.004400 0.004252 0.003512
6 17 0.003836 0.004252 0.003512
6 18 0.002369 0.004252 0.003512
6 19 0.002144 0.004252 0.003512
6 20 0.002031 0.004252 0.003512
7 0 0.002934 0.004252 0.003512
7 1 0.001015 0.004252 0.003512
7 2 0.002144 0.004252 0.003512
7 3 0.003272 0.004252 0.003512
7 4 0.003611 0.004252 0.003512
7 5 0.003836 0.004252 0.003512
7 6 0.004513 0.004252 0.003512
7 7 0.005529 0.004252 0.003512
7 8 0.005303 0.004252 0.003512
7 9 0.005867 0.004252 0.003512
7 10 0.006093 0.004252 0.003512
7 11 0.006770 0.004252 0.003512
7 12 0.007560 0.004252 0.003512
7 13 0.007560 0.004252 0.003512
7 14 0.006206 0.004252 0.003512
7 15 0.005641 0.004252 0.003512
7 16 0.004287 0.004252 0.003512
7 17 0.002821 0.004252 0.003512
7 18 0.002482 0.004252 0.003512
7 19 0.001805 0.004252 0.003512
7 20 0.002031 0.004252 0.003512
8 0 0.002482 0.004252 0.003512
8 1 0.001467 0.004252 0.003512
8 2 0.002934 0.004252 0.003512
8 3 0.003949 0.004252 0.003512
8 4 0.003498 0.004252 0.003512
8 5 0.003046 0.004252 0.003512
8 6 0.003836 0.004252 0.003512
8 7 0.004626 0.004252 0.003512
8 8 0.004062 0.004252 0.003512
8 9 0.004062 0.004252 0.003512
8 10 0.005529 0.004252 0.003512
8 11 0.006657 0.004252 0.003512
8 12 0.006770 0.004252 0.003512
8 13 0.006544 0.004252 0.003512
8 14 0.004513 0.004252 0.003512
8 15 0.005754 0.004252 0.003512
8 16 0.004287 0.004252 0.003512
8 17 0.002369 0.004252 0.003512
8 18 0.001805 0.004252 0.003512
8 19 0.001805 0.004252 0.003512
8 20 0.002369 0.004252 0.003512
9 0 0.003159 0.004252 0.003512
9 1 0.002144 0.004252 0.003512
9 2 0.002482 0.004252 0.003512
9 3 0.003385 0.004252 0.003512
9 4 0.004175 0.004252 0.003512
9 5 0.003611 0.004252 0.003512
9 6 0.004400 0.004252 0.003512
9 7 0.005416 0.004252 0.003512
9 8 0.005190 0.004252 0.003512
9 9 0.005416 0.004252 0.003512
9 10 0.005867 0.004252 0.003512
9 11 0.007221 0.004252 0.003512
9 12 0.007672 0.004252 0.003512
9 13 0.005529 0.004252 0.003512
9 14 0.005529 0.004252 0.003512
9 15 0.004287 0.004252 0.003512
9 16 0.003723 0.004252 0.003512
9 17 0.002934 0.004252 0.003512
9 18 0.002144 0.004252 0.003512
9 19 0.001918 0.004252 0.003512
9 20 0.001918 0.004252 0.003512
10 0 0.003385 0.004252 0.003512
10 1 0.002934 0.004252 0.003512
10 2 0.002031 0.004252 0.003512
10 3 0.003159 0.004252 0.003512
10 4 0.004739 0.004252 0.003512
10 5 0.005529 0.004252 0.003512
10 6 0.005190 0.004252 0.003512
10 7 0.005416 0.004252 0.003512
10 8 0.006544 0.004252 0.003512
10 9 0.004739 0.004252 0.003512
10 10 0.005980 0.004252 0.003512
10 11 0.008236 0.004252 0.003512
10 12 0.005867 0.004252 0.003512
10 13 0.004175 0.004252 0.003512
10 14 0.005980 0.004252 0.003512
10 15 0.004400 0.004252 0.003512
10 16 0.003046 0.004252 0.003512
10 17 0.002934 0.004252 0.003512
10 18 0.001918 0.004252 0.003512
10 19 0.001805 0.004252 0.003512
10 20 0.001580 0.004252 0.003512
11 0 0.003498 0.004252 0.003512
11 1 0.002934 0.004252 0.003512
11 2 0.002595 0.004252 0.003512
11 3 0.004175 0.004252 0.003512
11 4 0.005077 0.004252 0.003512
11 5 0.005190 0.004252 0.003512
11 6 0.006544 0.004252 0.003512
11 7 0.007221 0.004252 0.003512
11 8 0.006995 0.004252 0.003512
11 9 0.006206 0.004252 0.003512
11 10 0.006318 0.004252 0.003512
11 11 0.007334 0.004252 0.003512
11 12 0.006318 0.004252 0.003512
11 13 0.005303 0.004252 0.003512
11 14 0.005529 0.004252 0.003512
11 15 0.003159 0.004252 0.003512
11 16 0.001580 0.004252 0.003512
11 17 0.002257 0.004252 0.003512
11 18 0.001467 0.004252 0.003512
11 19 0.001354 0.004252 0.003512
11 20 0.001580 0.004252 0.003512
12 0 0.003611 0.004252 0.003512
12 1 0.004852 0.004252 0.003512
12 2 0.003836 0.004252 0.003512
12 3 0.005303 0.004252 0.003512
12 4 0.006093 0.004252 0.003512
12 5 0.006318 0.004252 0.003512
12 6 0.006431 0.004252 0.003512
12 7 0.006318 0.004252 0.003512
12 8 0.006206 0.004252 0.003512
12 9 0.006883 0.004252 0.003512
12 10 0.005867 0.004252 0.003512
12 11 0.007334 0.004252 0.003512
12 12 0.007334 0.004252 0.003512
12 13 0.004400 0.004252 0.003512
12 14 0.004400 0.004252 0.003512
12 15 0.003949 0.004252 0.003512
12 16 0.002144 0.004252 0.003512
12 17 0.001241 0.004252 0.003512
12 18 0.001580 0.004252 0.003512
12 19 0.001241 0.004252 0.003512
12 20 0.001128 0.004252 0.003512
13 0 0.004964 0.004252 0.003512
13 1 0.005416 0.004252 0.003512
13 2 0.004964 0.004252 0.003512
13 3 0.006770 0.004252 0.003512
13 4 0.006206 0.004252 0.003512
13 5 0.005867 0.004252 0.003512
13 6 0.006883 0.004252 0.003512
13 7 0.006544 0.004252 0.003512
13 8 0.006431 0.004252 0.003512
13 9 0.006431 0.004252 0.003512
13 10 0.006206 0.004252 0.003512
13 11 0.006544 0.004252 0.003512
13 12 0.005980 0.004252 0.003512
13 13 0.002934 0.004252 0.003512
13 14 0.002934 0.004252 0.003512
13 15 0.002257 0.004252 0.003512
13 16 0.001467 0.004252 0.003512
13 17 0.000564 0.004252 0.003512
13 18 0.000451 0.004252 0.003512
13 19 0.000564 0.004252 0.003512
13 20 0.000790 0.004252 0.003512
14 0 0.009365 0.004252 0.003512
14 1 0.008913 0.004252 0.003512
14 2 0.009478 0.004252 0.003512
14 3 0.009252 0.004252 0.003512
14 4 0.006883 0.004252 0.003512
14 5 0.007334 0.004252 0.003512
14 6 0.006093 0.004252 0.003512
14 7 0.006544 0.004252 0.003512
14 8 0.005867 0.004252 0.003512
14 9 0.006206 0.004252 0.003512
14 10 0.006093 0.004252 0.003512
14 11 0.004852 0.004252 0.003512
14 12 0.004062 0.004252 0.003512
14 13 0.002821 0.004252 0.003512
14 14 0.001467 0.004252 0.003512
14 15 0.000677 0.004252 0.003512
14 16 0.000677 0.004252 0.003512
14 17 0.000338 0.004252 0.003512
14 18 0.000226 0.004252 0.003512
14 19 0.000226 0.004252 0.003512
14 20 0.000903 0.004252 0.003512
15 0 0.012750 0.004252 0.003512
15 1 0.014781 0.004252 0.003512
15 2 0.013765 0.004252 0.003512
15 3 0.010719 0.004252 0.003512
15 4 0.008801 0.004252 0.003512
15 5 0.007221 0.004252 0.003512
15 6 0.006206 0.004252 0.003512
15 7 0.004964 0.004252 0.003512
15 8 0.005529 0.004252 0.003512
15 9 0.004964 0.004252 0.003512
15 10 0.004513 0.004252 0.003512
15 11 0.003385 0.004252 0.003512
15 12 0.003046 0.004252 0.003512
15 13 0.001805 0.004252 0.003512
15 14 0.000677 0.004252 0.003512
15 15 0.000564 0.004252 0.003512
15 16 0.000000 0.004252 0.003512
15 17 0.000226 0.004252 0.003512
15 18 0.000226 0.004252 0.003512
15 19 0.000113 0.004252 0.003512
15 20 0.000564 0.004252 0.003512
16 0 0.017037 0.004252 0.003512
16 1 0.017714 0.004252 0.003512
16 2 0.017376 0.004252 0.003512
16 3 0.010493 0.004252 0.003512
16 4 0.006544 0.004252 0.003512
16 5 0.005303 0.004252 0.003512
16 6 0.003723 0.004252 0.003512
16 7 0.004175 0.004252 0.003512
16 8 0.003385 0.004252 0.003512
16 9 0.002934 0.004252 0.003512
16 10 0.003272 0.004252 0.003512
16 11 0.002595 0.004252 0.003512
16 12 0.002031 0.004252 0.003512
16 13 0.001015 0.004252 0.003512
16 14 0.000564 0.004252 0.003512
16 15 0.000226 0.004252 0.003512
16 16 0.000000 0.004252 0.003512
16 17 0.000000 0.004252 0.003512
16 18 0.000000 0.004252 0.003512
16 19 0.000000 0.004252 0.003512
16 20 0.000113 0.004252 0.003512
17 0 0.017488 0.004252 0.003512
17 1 0.018391 0.004252 0.003512
17 2 0.014668 0.004252 0.003512
17 3 0.008688 0.004252 0.003512
17 4 0.005529 0.004252 0.003512
17 5 0.003159 0.004252 0.003512
17 6 0.002821 0.004252 0.003512
17 7 0.002708 0.004252 0.003512
17 8 0.002144 0.004252 0.003512
17 9 0.002482 0.004252 0.003512
17 10 0.001692 0.004252 0.003512
17 11 0.001241 0.004252 0.003512
17 12 0.001354 0.004252 0.003512
17 13 0.000451 0.004252 0.003512
17 14 0.000226 0.004252 0.003512
17 15 0.000000 0.004252 0.003512
17 16 0.000000 0.004252 0.003512
17 17 0.000000 0.004252 0.003512
17 18 0.000113 0.004252 0.003512
17 19 0.000113 0.004252 0.003512
17 20 0.000226 0.004252 0.003512
18 0 0.014893 0.004252 0.003512
18 1 0.013991 0.004252 0.003512
18 2 0.010380 0.004252 0.003512
18 3 0.006657 0.004252 0.003512
18 4 0.003385 0.004252 0.003512
18 5 0.002369 0.004252 0.003512
18 6 0.002482 0.004252 0.003512
18 7 0.002369 0.004252 0.003512
18 8 0.002257 0.004252 0.003512
18 9 0.002031 0.004252 0.003512
18 10 0.001015 0.004252 0.003512
18 11 0.001692 0.004252 0.003512
18 12 0.001128 0.004252 0.003512
18 13 0.000677 0.004252 0.003512
18 14 0.000113 0.004252 0.003512
18 15 0.000000 0.004252 0.003512
18 16 0.000113 0.004252 0.003512
18 17 0.000000 0.004252 0.003512
18 18 0.000113 0.004252 0.003512
18 19 0.000113 0.004252 0.003512
18 20 0.000226 0.004252 0.003512
19 0 0.012298 0.004252 0.003512
19 1 0.010267 0.004252 0.003512
19 2 0.007898 0.004252 0.003512
19 3 0.005190 0.004252 0.003512
19 4 0.002934 0.004252 0.003512
19 5 0.002369 0.004252 0.003512
19 6 0.002257 0.004252 0.003512
19 7 0.002369 0.004252 0.003512
19 8 0.002934 0.004252 0.003512
19 9 0.001918 0.004252 0.003512
19 10 0.001354 0.004252 0.003512
19 11 0.001580 0.004252 0.003512
19 12 0.001015 0.004252 0.003512
19 13 0.000903 0.004252 0.003512
19 14 0.000000 0.004252 0.003512
19 15 0.000226 0.004252 0.003512
19 16 0.000000 0.004252 0.003512
19 17 0.000000 0.004252 0.003512
19 18 0.000113 0.004252 0.003512
19 19 0.000113 0.004252 0.003512
19 20 0.000564 0.004252 0.003512
20 0 0.008575 0.004252 0.003512
20 1 0.008011 0.004252 0.003512
20 2 0.006206 0.004252 0.003512
20 3 0.004513 0.004252 0.003512
20 4 0.002031 0.004252 0.003512
20 5 0.002144 0.004252 0.003512
20 6 0.002369 0.004252 0.003512
20 7 0.002708 0.004252 0.003512
20 8 0.002257 0.004252 0.003512
20 9 0.002144 0.004252 0.003512
20 10 0.001805 0.004252 0.003512
20 11 0.001241 0.004252 0.003512
20 12 0.001241 0.004252 0.003512
20 13 0.000903 0.004252 0.003512
20 14 0.000338 0.004252 0.003512
20 15 0.000226 0.004252 0.003512
20 16 0.000226 0.004252 0.003512
20 17 0.000226 0.004252 0.003512
20 18 0.000000 0.004252 0.003512
20 19 0.000113 0.004252 0.003512
20 20 0.000790 0.004252 0.003512
