# contact distance = 8.0 Angstroms
# F = 0.4 kJ/mol

# i j contact_probability mean_contact_probability stddev_contact_probability
0 0 0.001827 0.003860 0.002679
0 1 0.001096 0.003860 0.002679
0 2 0.001218 0.003860 0.002679
0 3 0.000365 0.003860 0.002679
0 4 0.001706 0.003860 0.002679
0 5 0.002558 0.003860 0.002679
0 6 0.001949 0.003860 0.002679
0 7 0.002193 0.003860 0.002679
0 8 0.002437 0.003860 0.002679
0 9 0.002680 0.003860 0.002679
0 10 0.002558 0.003860 0.002679
0 11 0.002802 0.003860 0.002679
0 12 0.002802 0.003860 0.002679
0 13 0.004142 0.003860 0.002679
0 14 0.003777 0.003860 0.002679
0 15 0.005482 0.003860 0.002679
0 16 0.006944 0.003860 0.002679
0 17 0.006579 0.003860 0.002679
0 18 0.008041 0.003860 0.002679
0 19 0.006944 0.003860 0.002679
0 20 0.008285 0.003860 0.002679
1 0 0.000365 0.003860 0.002679
1 1 0.000244 0.003860 0.002679
1 2 0.000609 0.003860 0.002679
1 3 0.000244 0.003860 0.002679
1 4 0.000609 0.003860 0.002679
1 5 0.001218 0.003860 0.002679
1 6 0.001096 0.003860 0.002679
1 7 0.000975 0.003860 0.002679
1 8 0.001584 0.003860 0.002679
1 9 0.002315 0.003860 0.002679
1 10 0.002558 0.003860 0.002679
1 11 0.001706 0.003860 0.002679
1 12 0.002193 0.003860 0.002679
1 13 0.003533 0.003860 0.002679
1 14 0.004020 0.003860 0.002679
1 15 0.005726 0.003860 0.002679
1 16 0.008406 0.003860 0.002679
1 17 0.009381 0.003860 0.002679
1 18 0.011209 0.003860 0.002679
1 19 0.010843 0.003860 0.002679
1 20 0.010478 0.003860 0.002679
2 0 0.000365 0.003860 0.002679
2 1 0.000122 0.003860 0.002679
2 2 0.000244 0.003860 0.002679
2 3 0.000609 0.003860 0.002679
2 4 0.000609 0.003860 0.002679
2 5 0.000975 0.003860 0.002679
2 6 0.001096 0.003860 0.002679
2 7 0.000975 0.003860 0.002679
2 8 0.001949 0.003860 0.002679
2 9 0.002315 0.003860 0.002679
2 10 0.002437 0.003860 0.002679
2 11 0.002558 0.003860 0.002679
2 12 0.001949 0.003860 0.002679
2 13 0.003168 0.003860 0.002679
2 14 0.005482 0.003860 0.002679
2 15 0.006092 0.003860 0.002679
2 16 0.008894 0.003860 0.002679
2 17 0.010599 0.003860 0.002679
2 18 0.012427 0.003860 0.002679
2 19 0.014376 0.003860 0.002679
2 20 0.012305 0.003860 0.002679
3 0 0.000853 0.003860 0.002679
3 1 0.000122 0.003860 0.002679
3 2 0.000244 0.003860 0.002679
3 3 0.000853 0.003860 0.002679
3 4 0.000487 0.003860 0.002679
3 5 0.000487 0.003860 0.002679
3 6 0.000487 0.003860 0.002679
3 7 0.001340 0.003860 0.002679
3 8 0.002437 0.003860 0.002679
3 9 0.002193 0.003860 0.002679
3 10 0.002315 0.003860 0.002679
3 11 0.001949 0.003860 0.002679
3 12 0.002193 0.003860 0.002679
3 13 0.004142 0.003860 0.002679
3 14 0.004142 0.003860 0.002679
3 15 0.003899 0.003860 0.002679
3 16 0.008406 0.003860 0.002679
3 17 0.009625 0.003860 0.002679
3 18 0.011696 0.003860 0.002679
3 19 0.011696 0.003860 0.002679
3 20 0.009503 0.003860 0.002679
4 0 0.001706 0.003860 0.002679
4 1 0.000731 0.003860 0.002679
4 2 0.000487 0.003860 0.002679
4 3 0.001096 0.003860 0.002679
4 4 0.000731 0.003860 0.002679
4 5 0.000731 0.003860 0.002679
4 6 0.001706 0.003860 0.002679
4 7 0.001827 0.003860 0.002679
4 8 0.001706 0.003860 0.002679
4 9 0.002802 0.003860 0.002679
4 10 0.003168 0.003860 0.002679
4 11 0.002802 0.003860 0.002679
4 12 0.002071 0.003860 0.002679
4 13 0.004020 0.003860 0.002679
4 14 0.004020 0.003860 0.002679
4 15 0.004630 0.003860 0.002679
4 16 0.006457 0.003860 0.002679
4 17 0.006701 0.003860 0.002679
4 18 0.007066 0.003860 0.002679
4 19 0.005361 0.003860 0.002679
4 20 0.005604 0.003860 0.002679
5 0 0.002315 0.003860 0.002679
5 1 0.001462 0.003860 0.002679
5 2 0.001218 0.003860 0.002679
5 3 0.001096 0.003860 0.002679
5 4 0.000731 0.003860 0.002679
5 5 0.000975 0.003860 0.002679
5 6 0.001462 0.003860 0.002679
5 7 0.002315 0.003860 0.002679
5 8 0.000975 0.003860 0.002679
5 9 0.002558 0.003860 0.002679
5 10 0.002315 0.003860 0.002679
5 11 0.003168 0.003860 0.002679
5 12 0.003655 0.003860 0.002679
5 13 0.004630 0.003860 0.002679
5 14 0.005239 0.003860 0.002679
5 15 0.004995 0.003860 0.002679
5 16 0.005361 0.003860 0.002679
5 17 0.004386 0.003860 0.002679
5 18 0.003533 0.003860 0.002679
5 19 0.003655 0.003860 0.002679
5 20 0.004995 0.003860 0.002679
6 0 0.003289 0.003860 0.002679
6 1 0.001949 0.003860 0.002679
6 2 0.001584 0.003860 0.002679
6 3 0.001706 0.003860 0.002679
6 4 0.001949 0.003860 0.002679
6 5 0.001218 0.003860 0.002679
6 6 0.001706 0.003860 0.002679
6 7 0.002558 0.003860 0.002679
6 8 0.002437 0.003860 0.002679
6 9 0.002437 0.003860 0.002679
6 10 0.002437 0.003860 0.002679
6 11 0.003777 0.003860 0.002679
6 12 0.003777 0.003860 0.002679
6 13 0.004751 0.003860 0.002679
6 14 0.005604 0.003860 0.002679
6 15 0.005482 0.003860 0.002679
6 16 0.004751 0.003860 0.002679
6 17 0.003655 0.003860 0.002679
6 18 0.003168 0.003860 0.002679
6 19 0.002680 0.003860 0.002679
6 20 0.003411 0.003860 0.002679
7 0 0.002558 0.003860 0.002679
7 1 0.001706 0.003860 0.002679
7 2 0.002071 0.003860 0.002679
7 3 0.002071 0.003860 0.002679
7 4 0.002437 0.003860 0.002679
7 5 0.002680 0.003860 0.002679
7 6 0.002193 0.003860 0.002679
7 7 0.003046 0.003860 0.002679
7 8 0.003533 0.003860 0.002679
7 9 0.003411 0.003860 0.002679
7 10 0.003046 0.003860 0.002679
7 11 0.004020 0.003860 0.002679
7 12 0.004995 0.003860 0.002679
7 13 0.005239 0.003860 0.002679
7 14 0.006092 0.003860 0.002679
7 15 0.005726 0.003860 0.002679
7 16 0.003289 0.003860 0.002679
7 17 0.004020 0.003860 0.002679
7 18 0.003777 0.003860 0.002679
7 19 0.002193 0.003860 0.002679
7 20 0.003168 0.003860 0.002679
8 0 0.002802 0.003860 0.002679
8 1 0.001706 0.003860 0.002679
8 2 0.002315 0.003860 0.002679
8 3 0.001706 0.003860 0.002679
8 4 0.001584 0.003860 0.002679
8 5 0.003046 0.003860 0.002679
8 6 0.003046 0.003860 0.002679
8 7 0.003655 0.003860 0.002679
8 8 0.004751 0.003860 0.002679
8 9 0.004630 0.003860 0.002679
8 10 0.004751 0.003860 0.002679
8 11 0.004020 0.003860 0.002679
8 12 0.005239 0.003860 0.002679
8 13 0.005482 0.003860 0.002679
8 14 0.005604 0.003860 0.002679
8 15 0.004873 0.003860 0.002679
8 16 0.003777 0.003860 0.002679
8 17 0.004142 0.003860 0.002679
8 18 0.003046 0.003860 0.002679
8 19 0.002437 0.003860 0.002679
8 20 0.002193 0.003860 0.002679
9 0 0.003168 0.003860 0.002679
9 1 0.002315 0.003860 0.002679
9 2 0.002193 0.003860 0.002679
9 3 0.001706 0.003860 0.002679
9 4 0.001340 0.003860 0.002679
9 5 0.003168 0.003860 0.002679
9 6 0.002558 0.003860 0.002679
9 7 0.004020 0.003860 0.002679
9 8 0.005117 0.003860 0.002679
9 9 0.005726 0.003860 0.002679
9 10 0.006213 0.003860 0.002679
9 11 0.004630 0.003860 0.002679
9 12 0.006701 0.003860 0.002679
9 13 0.005117 0.003860 0.002679
9 14 0.005117 0.003860 0.002679
9 15 0.004386 0.003860 0.002679
9 16 0.004020 0.003860 0.002679
9 17 0.004264 0.003860 0.002679
9 18 0.002680 0.003860 0.002679
9 19 0.002802 0.003860 0.002679
9 20 0.002315 0.003860 0.002679
10 0 0.004020 0.003860 0.002679
10 1 0.002802 0.003860 0.002679
10 2 0.002193 0.003860 0.002679
10 3 0.002437 0.003860 0.002679
10 4 0.003046 0.003860 0.002679
10 5 0.003411 0.003860 0.002679
10 6 0.003411 0.003860 0.002679
10 7 0.004386 0.003860 0.002679
10 8 0.004264 0.003860 0.002679
10 9 0.006213 0.003860 0.002679
10 10 0.005970 0.003860 0.002679
10 11 0.005726 0.003860 0.002679
10 12 0.006701 0.003860 0.002679
10 13 0.005604 0.003860 0.002679
10 14 0.006701 0.003860 0.002679
10 15 0.004995 0.003860 0.002679
10 16 0.004020 0.003860 0.002679
10 17 0.004264 0.003860 0.002679
10 18 0.002437 0.003860 0.002679
10 19 0.002437 0.003860 0.002679
10 20 0.001827 0.003860 0.002679
11 0 0.004020 0.003860 0.002679
11 1 0.003289 0.003860 0.002679
11 2 0.002315 0.003860 0.002679
11 3 0.002315 0.003860 0.002679
11 4 0.003411 0.003860 0.002679
11 5 0.003655 0.003860 0.002679
11 6 0.004508 0.003860 0.002679
11 7 0.004386 0.003860 0.002679
11 8 0.005117 0.003860 0.002679
11 9 0.006701 0.003860 0.002679
11 10 0.006823 0.003860 0.002679
11 11 0.006944 0.003860 0.002679
11 12 0.005361 0.003860 0.002679
11 13 0.005848 0.003860 0.002679
11 14 0.005726 0.003860 0.002679
11 15 0.004630 0.003860 0.002679
11 16 0.004630 0.003860 0.002679
11 17 0.003899 0.003860 0.002679
11 18 0.002193 0.003860 0.002679
11 19 0.001218 0.003860 0.002679
11 20 0.001340 0.003860 0.002679
12 0 0.004386 0.003860 0.002679
12 1 0.004142 0.003860 0.002679
12 2 0.003411 0.003860 0.002679
12 3 0.003046 0.003860 0.002679
12 4 0.004264 0.003860 0.002679
12 5 0.003899 0.003860 0.002679
12 6 0.003533 0.003860 0.002679
12 7 0.005604 0.003860 0.002679
12 8 0.004873 0.003860 0.002679
12 9 0.007554 0.003860 0.002679
12 10 0.007188 0.003860 0.002679
12 11 0.006213 0.003860 0.002679
12 12 0.006944 0.003860 0.002679
12 13 0.006213 0.003860 0.002679
12 14 0.004995 0.003860 0.002679
12 15 0.004630 0.003860 0.002679
12 16 0.004630 0.003860 0.002679
12 17 0.004142 0.003860 0.002679
12 18 0.003046 0.003860 0.002679
12 19 0.001827 0.003860 0.002679
12 20 0.001218 0.003860 0.002679
13 0 0.004630 0.003860 0.002679
13 1 0.004264 0.003860 0.002679
13 2 0.005239 0.003860 0.002679
13 3 0.003899 0.003860 0.002679
13 4 0.004751 0.003860 0.002679
13 5 0.003899 0.003860 0.002679
13 6 0.003411 0.003860 0.002679
13 7 0.004508 0.003860 0.002679
13 8 0.004995 0.003860 0.002679
13 9 0.006213 0.003860 0.002679
13 10 0.005361 0.003860 0.002679
13 11 0.005361 0.003860 0.002679
13 12 0.006823 0.003860 0.002679
13 13 0.006092 0.003860 0.002679
13 14 0.004508 0.003860 0.002679
13 15 0.004386 0.003860 0.002679
13 16 0.004386 0.003860 0.002679
13 17 0.004142 0.003860 0.002679
13 18 0.001827 0.003860 0.002679
13 19 0.001462 0.003860 0.002679
13 20 0.000975 0.003860 0.002679
14 0 0.005848 0.003860 0.002679
14 1 0.005117 0.003860 0.002679
14 2 0.005239 0.003860 0.002679
14 3 0.004751 0.003860 0.002679
14 4 0.004508 0.003860 0.002679
14 5 0.005604 0.003860 0.002679
14 6 0.005726 0.003860 0.002679
14 7 0.004630 0.003860 0.002679
14 8 0.004630 0.003860 0.002679
14 9 0.006579 0.003860 0.002679
14 10 0.005848 0.003860 0.002679
14 11 0.005361 0.003860 0.002679
14 12 0.006092 0.003860 0.002679
14 13 0.005117 0.003860 0.002679
14 14 0.005970 0.003860 0.002679
14 15 0.004142 0.003860 0.002679
14 16 0.003046 0.003860 0.002679
14 17 0.001827 0.003860 0.002679
14 18 0.001706 0.003860 0.002679
14 19 0.001340 0.003860 0.002679
14 20 0.002193 0.003860 0.002679
15 0 0.005726 0.003860 0.002679
15 1 0.006457 0.003860 0.002679
15 2 0.006823 0.003860 0.002679
15 3 0.006579 0.003860 0.002679
15 4 0.004751 0.003860 0.002679
15 5 0.005117 0.003860 0.002679
15 6 0.005482 0.003860 0.002679
15 7 0.004751 0.003860 0.002679
15 8 0.005117 0.003860 0.002679
15 9 0.006335 0.003860 0.002679
15 10 0.006457 0.003860 0.002679
15 11 0.005361 0.003860 0.002679
15 12 0.005848 0.003860 0.002679
15 13 0.004873 0.003860 0.002679
15 14 0.003655 0.003860 0.002679
15 15 0.003046 0.003860 0.002679
15 16 0.001584 0.003860 0.002679
15 17 0.000609 0.003860 0.002679
15 18 0.000975 0.003860 0.002679
15 19 0.000487 0.003860 0.002679
15 20 0.000731 0.003860 0.002679
16 0 0.005848 0.003860 0.002679
16 1 0.009137 0.003860 0.002679
16 2 0.009016 0.003860 0.002679
16 3 0.007919 0.003860 0.002679
16 4 0.005726 0.003860 0.002679
16 5 0.005361 0.003860 0.002679
16 6 0.004751 0.003860 0.002679
16 7 0.005482 0.003860 0.002679
16 8 0.005604 0.003860 0.002679
16 9 0.006457 0.003860 0.002679
16 10 0.005604 0.003860 0.002679
16 11 0.003777 0.003860 0.002679
16 12 0.004264 0.003860 0.002679
16 13 0.003046 0.003860 0.002679
16 14 0.002924 0.003860 0.002679
16 15 0.001340 0.003860 0.002679
16 16 0.000609 0.003860 0.002679
16 17 0.000487 0.003860 0.002679
16 18 0.000365 0.003860 0.002679
16 19 0.000731 0.003860 0.002679
16 20 0.000365 0.003860 0.002679
17 0 0.007675 0.003860 0.002679
17 1 0.009259 0.003860 0.002679
17 2 0.010965 0.003860 0.002679
17 3 0.009503 0.003860 0.002679
17 4 0.007432 0.003860 0.002679
17 5 0.005482 0.003860 0.002679
17 6 0.004873 0.003860 0.002679
17 7 0.005361 0.003860 0.002679
17 8 0.004873 0.003860 0.002679
17 9 0.005117 0.003860 0.002679
17 10 0.004995 0.003860 0.002679
17 11 0.003899 0.003860 0.002679
17 12 0.003289 0.003860 0.002679
17 13 0.003411 0.003860 0.002679
17 14 0.002071 0.003860 0.002679
17 15 0.000731 0.003860 0.002679
17 16 0.000609 0.003860 0.002679
17 17 0.000365 0.003860 0.002679
17 18 0.000244 0.003860 0.002679
17 19 0.000365 0.003860 0.002679
17 20 0.000487 0.003860 0.002679
18 0 0.006213 0.003860 0.002679
18 1 0.009625 0.003860 0.002679
18 2 0.014498 0.003860 0.002679
18 3 0.013889 0.003860 0.002679
18 4 0.008406 0.003860 0.002679
18 5 0.005482 0.003860 0.002679
18 6 0.004508 0.003860 0.002679
18 7 0.003655 0.003860 0.002679
18 8 0.002802 0.003860 0.002679
18 9 0.003046 0.003860 0.002679
18 10 0.002802 0.003860 0.002679
18 11 0.002071 0.003860 0.002679
18 12 0.002193 0.003860 0.002679
18 13 0.002437 0.003860 0.002679
18 14 0.001827 0.003860 0.002679
18 15 0.000975 0.003860 0.002679
18 16 0.000244 0.003860 0.002679
18 17 0.000122 0.003860 0.002679
18 18 0.000122 0.003860 0.002679
18 19 0.000000 0.003860 0.002679
18 20 0.000244 0.003860 0.002679
19 0 0.006335 0.003860 0.002679
19 1 0.010478 0.003860 0.002679
19 2 0.011818 0.003860 0.002679
19 3 0.009868 0.003860 0.002679
19 4 0.006701 0.003860 0.002679
19 5 0.005239 0.003860 0.002679
19 6 0.003899 0.003860 0.002679
19 7 0.002193 0.003860 0.002679
19 8 0.001949 0.003860 0.002679
19 9 0.002315 0.003860 0.002679
19 10 0.002437 0.003860 0.002679
19 11 0.001584 0.003860 0.002679
19 12 0.002315 0.003860 0.002679
19 13 0.001584 0.003860 0.002679
19 14 0.000853 0.003860 0.002679
19 15 0.000609 0.003860 0.002679
19 16 0.000000 0.003860 0.002679
19 17 0.000122 0.003860 0.002679
19 18 0.000244 0.003860 0.002679
19 19 0.000122 0.003860 0.002679
19 20 0.000365 0.003860 0.002679
20 0 0.007675 0.003860 0.002679
20 1 0.010234 0.003860 0.002679
20 2 0.011696 0.003860 0.002679
20 3 0.010234 0.003860 0.002679
20 4 0.006579 0.003860 0.002679
20 5 0.005604 0.003860 0.002679
20 6 0.004995 0.003860 0.002679
20 7 0.003655 0.003860 0.002679
20 8 0.002680 0.003860 0.002679
20 9 0.001706 0.003860 0.002679
20 10 0.001827 0.003860 0.002679
20 11 0.001827 0.003860 0.002679
20 12 0.002437 0.003860 0.002679
20 13 0.002071 0.003860 0.002679
20 14 0.001584 0.003860 0.002679
20 15 0.000975 0.003860 0.002679
20 16 0.000731 0.003860 0.002679
20 17 0.000365 0.003860 0.002679
20 18 0.000244 0.003860 0.002679
20 19 0.000000 0.003860 0.002679
20 20 0.000487 0.003860 0.002679
