# contact distance = 8.0 Angstroms
# F = 0.4 kJ/mol

# i j contact_probability mean_contact_probability stddev_contact_probability
0 0 0.002391 0.002888 0.002974
0 1 0.001195 0.002888 0.002974
0 2 0.000683 0.002888 0.002974
0 3 0.001025 0.002888 0.002974
0 4 0.001366 0.002888 0.002974
0 5 0.000683 0.002888 0.002974
0 6 0.001195 0.002888 0.002974
0 7 0.001195 0.002888 0.002974
0 8 0.001025 0.002888 0.002974
0 9 0.001366 0.002888 0.002974
0 10 0.002391 0.002888 0.002974
0 11 0.001878 0.002888 0.002974
0 12 0.002049 0.002888 0.002974
0 13 0.002220 0.002888 0.002974
0 14 0.002732 0.002888 0.002974
0 15 0.002561 0.002888 0.002974
0 16 0.003757 0.002888 0.002974
0 17 0.004611 0.002888 0.002974
0 18 0.003757 0.002888 0.002974
0 19 0.004269 0.002888 0.002974
0 20 0.005464 0.002888 0.002974
1 0 0.000683 0.002888 0.002974
1 1 0.000342 0.002888 0.002974
1 2 0.000000 0.002888 0.002974
1 3 0.000171 0.002888 0.002974
1 4 0.000171 0.002888 0.002974
1 5 0.000000 0.002888 0.002974
1 6 0.000512 0.002888 0.002974
1 7 0.000683 0.002888 0.002974
1 8 0.000683 0.002888 0.002974
1 9 0.001195 0.002888 0.002974
1 10 0.001708 0.002888 0.002974
1 11 0.001366 0.002888 0.002974
1 12 0.001195 0.002888 0.002974
1 13 0.001878 0.002888 0.002974
1 14 0.003074 0.002888 0.002974
1 15 0.004781 0.002888 0.002974
1 16 0.005123 0.002888 0.002974
1 17 0.007855 0.002888 0.002974
1 18 0.008880 0.002888 0.002974
1 19 0.008026 0.002888 0.002974
1 20 0.007855 0.002888 0.002974
2 0 0.001025 0.002888 0.002974
2 1 0.000000 0.002888 0.002974
2 2 0.000000 0.002888 0.002974
2 3 0.000171 0.002888 0.002974
2 4 0.000000 0.002888 0.002974
2 5 0.000171 0.002888 0.002974
2 6 0.000171 0.002888 0.002974
2 7 0.000342 0.002888 0.002974
2 8 0.000342 0.002888 0.002974
2 9 0.001366 0.002888 0.002974
2 10 0.001537 0.002888 0.002974
2 11 0.001537 0.002888 0.002974
2 12 0.002049 0.002888 0.002974
2 13 0.002049 0.002888 0.002974
2 14 0.004098 0.002888 0.002974
2 15 0.004611 0.002888 0.002974
2 16 0.006318 0.002888 0.002974
2 17 0.009051 0.002888 0.002974
2 18 0.013661 0.002888 0.002974
2 19 0.011100 0.002888 0.002974
2 20 0.009904 0.002888 0.002974
3 0 0.000854 0.002888 0.002974
3 1 0.000000 0.002888 0.002974
3 2 0.000000 0.002888 0.002974
3 3 0.000342 0.002888 0.002974
3 4 0.000000 0.002888 0.002974
3 5 0.000171 0.002888 0.002974
3 6 0.000171 0.002888 0.002974
3 7 0.000342 0.002888 0.002974
3 8 0.000171 0.002888 0.002974
3 9 0.000342 0.002888 0.002974
3 10 0.001537 0.002888 0.002974
3 11 0.001537 0.002888 0.002974
3 12 0.002732 0.002888 0.002974
3 13 0.003757 0.002888 0.002974
3 14 0.004269 0.002888 0.002974
3 15 0.004440 0.002888 0.002974
3 16 0.005977 0.002888 0.002974
3 17 0.011612 0.002888 0.002974
3 18 0.015027 0.002888 0.002974
3 19 0.013320 0.002888 0.002974
3 20 0.011270 0.002888 0.002974
4 0 0.000854 0.002888 0.002974
4 1 0.000342 0.002888 0.002974
4 2 0.000171 0.002888 0.002974
4 3 0.000000 0.002888 0.002974
4 4 0.000000 0.002888 0.002974
4 5 0.000171 0.002888 0.002974
4 6 0.000512 0.002888 0.002974
4 7 0.000512 0.002888 0.002974
4 8 0.000342 0.002888 0.002974
4 9 0.000512 0.002888 0.002974
4 10 0.001537 0.002888 0.002974
4 11 0.002220 0.002888 0.002974
4 12 0.003245 0.002888 0.002974
4 13 0.003586 0.002888 0.002974
4 14 0.003928 0.002888 0.002974
4 15 0.004781 0.002888 0.002974
4 16 0.006318 0.002888 0.002974
4 17 0.010587 0.002888 0.002974
4 18 0.012978 0.002888 0.002974
4 19 0.014515 0.002888 0.002974
4 20 0.012124 0.002888 0.002974
5 0 0.000342 0.002888 0.002974
5 1 0.000171 0.002888 0.002974
5 2 0.000171 0.002888 0.002974
5 3 0.000000 0.002888 0.002974
5 4 0.000000 0.002888 0.002974
5 5 0.000000 0.002888 0.002974
5 6 0.000171 0.002888 0.002974
5 7 0.000000 0.002888 0.002974
5 8 0.000512 0.002888 0.002974
5 9 0.001025 0.002888 0.002974
5 10 0.002049 0.002888 0.002974
5 11 0.002732 0.002888 0.002974
5 12 0.002903 0.002888 0.002974
5 13 0.003928 0.002888 0.002974
5 14 0.004781 0.002888 0.002974
5 15 0.004952 0.002888 0.002974
5 16 0.006831 0.002888 0.002974
5 17 0.008197 0.002888 0.002974
5 18 0.009904 0.002888 0.002974
5 19 0.008026 0.002888 0.002974
5 20 0.008538 0.002888 0.002974
6 0 0.000512 0.002888 0.002974
6 1 0.000171 0.002888 0.002974
6 2 0.000171 0.002888 0.002974
6 3 0.000171 0.002888 0.002974
6 4 0.000171 0.002888 0.002974
6 5 0.000171 0.002888 0.002974
6 6 0.000342 0.002888 0.002974
6 7 0.000854 0.002888 0.002974
6 8 0.000854 0.002888 0.002974
6 9 0.002220 0.002888 0.002974
6 10 0.002049 0.002888 0.002974
6 11 0.005294 0.002888 0.002974
6 12 0.003757 0.002888 0.002974
6 13 0.004269 0.002888 0.002974
6 14 0.004440 0.002888 0.002974
6 15 0.004611 0.002888 0.002974
6 16 0.006489 0.002888 0.002974
6 17 0.007172 0.002888 0.002974
6 18 0.005977 0.002888 0.002974
6 19 0.004611 0.002888 0.002974
6 20 0.005464 0.002888 0.002974
7 0 0.001366 0.002888 0.002974
7 1 0.000342 0.002888 0.002974
7 2 0.000512 0.002888 0.002974
7 3 0.000683 0.002888 0.002974
7 4 0.000854 0.002888 0.002974
7 5 0.000512 0.002888 0.002974
7 6 0.000342 0.002888 0.002974
7 7 0.000854 0.002888 0.002974
7 8 0.000683 0.002888 0.002974
7 9 0.001708 0.002888 0.002974
7 10 0.002391 0.002888 0.002974
7 11 0.004098 0.002888 0.002974
7 12 0.004781 0.002888 0.002974
7 13 0.003757 0.002888 0.002974
7 14 0.002903 0.002888 0.002974
7 15 0.005123 0.002888 0.002974
7 16 0.005123 0.002888 0.002974
7 17 0.005464 0.002888 0.002974
7 18 0.004440 0.002888 0.002974
7 19 0.003415 0.002888 0.002974
7 20 0.003757 0.002888 0.002974
8 0 0.002049 0.002888 0.002974
8 1 0.000854 0.002888 0.002974
8 2 0.001025 0.002888 0.002974
8 3 0.000683 0.002888 0.002974
8 4 0.000512 0.002888 0.002974
8 5 0.000512 0.002888 0.002974
8 6 0.000512 0.002888 0.002974
8 7 0.001708 0.002888 0.002974
8 8 0.001366 0.002888 0.002974
8 9 0.001537 0.002888 0.002974
8 10 0.001537 0.002888 0.002974
8 11 0.001537 0.002888 0.002974
8 12 0.002220 0.002888 0.002974
8 13 0.003757 0.002888 0.002974
8 14 0.003245 0.002888 0.002974
8 15 0.003757 0.002888 0.002974
8 16 0.003757 0.002888 0.002974
8 17 0.003415 0.002888 0.002974
8 18 0.003245 0.002888 0.002974
8 19 0.002391 0.002888 0.002974
8 20 0.002561 0.002888 0.002974
9 0 0.002391 0.002888 0.002974
9 1 0.001025 0.002888 0.002974
9 2 0.000683 0.002888 0.002974
9 3 0.000342 0.002888 0.002974
9 4 0.001025 0.002888 0.002974
9 5 0.000854 0.002888 0.002974
9 6 0.000854 0.002888 0.002974
9 7 0.002561 0.002888 0.002974
9 8 0.001195 0.002888 0.002974
9 9 0.001195 0.002888 0.002974
9 10 0.002391 0.002888 0.002974
9 11 0.001708 0.002888 0.002974
9 12 0.003586 0.002888 0.002974
9 13 0.003928 0.002888 0.002974
9 14 0.002049 0.002888 0.002974
9 15 0.003415 0.002888 0.002974
9 16 0.002732 0.002888 0.002974
9 17 0.003074 0.002888 0.002974
9 18 0.001366 0.002888 0.002974
9 19 0.001366 0.002888 0.002974
9 20 0.002732 0.002888 0.002974
10 0 0.002049 0.002888 0.002974
10 1 0.000512 0.002888 0.002974
10 2 0.000512 0.002888 0.002974
10 3 0.001025 0.002888 0.002974
10 4 0.001025 0.002888 0.002974
10 5 0.001025 0.002888 0.002974
10 6 0.001878 0.002888 0.002974
10 7 0.002391 0.002888 0.002974
10 8 0.002049 0.002888 0.002974
10 9 0.002391 0.002888 0.002974
10 10 0.002903 0.002888 0.002974
10 11 0.002903 0.002888 0.002974
10 12 0.003074 0.002888 0.002974
10 13 0.004611 0.002888 0.002974
10 14 0.002391 0.002888 0.002974
10 15 0.003074 0.002888 0.002974
10 16 0.002391 0.002888 0.002974
10 17 0.002732 0.002888 0.002974
10 18 0.001025 0.002888 0.002974
10 19 0.001025 0.002888 0.002974
10 20 0.002903 0.002888 0.002974
11 0 0.002391 0.002888 0.002974
11 1 0.000683 0.002888 0.002974
11 2 0.001025 0.002888 0.002974
11 3 0.001195 0.002888 0.002974
11 4 0.001195 0.002888 0.002974
11 5 0.002049 0.002888 0.002974
11 6 0.002561 0.002888 0.002974
11 7 0.003586 0.002888 0.002974
11 8 0.003074 0.002888 0.002974
11 9 0.002561 0.002888 0.002974
11 10 0.002903 0.002888 0.002974
11 11 0.002732 0.002888 0.002974
11 12 0.002732 0.002888 0.002974
11 13 0.004440 0.002888 0.002974
11 14 0.002561 0.002888 0.002974
11 15 0.002391 0.002888 0.002974
11 16 0.002391 0.002888 0.002974
11 17 0.001537 0.002888 0.002974
11 18 0.001195 0.002888 0.002974
11 19 0.000854 0.002888 0.002974
11 20 0.001878 0.002888 0.002974
12 0 0.001537 0.002888 0.002974
12 1 0.001366 0.002888 0.002974
12 2 0.001195 0.002888 0.002974
12 3 0.002049 0.002888 0.002974
12 4 0.002220 0.002888 0.002974
12 5 0.002561 0.002888 0.002974
12 6 0.003415 0.002888 0.002974
12 7 0.003586 0.002888 0.002974
12 8 0.002903 0.002888 0.002974
12 9 0.002220 0.002888 0.002974
12 10 0.002732 0.002888 0.002974
12 11 0.003245 0.002888 0.002974
12 12 0.003928 0.002888 0.002974
12 13 0.003074 0.002888 0.002974
12 14 0.002903 0.002888 0.002974
12 15 0.002732 0.002888 0.002974
12 16 0.002049 0.002888 0.002974
12 17 0.001366 0.002888 0.002974
12 18 0.001025 0.002888 0.002974
12 19 0.001708 0.002888 0.002974
12 20 0.002561 0.002888 0.002974
13 0 0.002391 0.002888 0.002974
13 1 0.002391 0.002888 0.002974
13 2 0.002391 0.002888 0.002974
13 3 0.002391 0.002888 0.002974
13 4 0.003415 0.002888 0.002974
13 5 0.003245 0.002888 0.002974
13 6 0.003245 0.002888 0.002974
13 7 0.003928 0.002888 0.002974
13 8 0.003928 0.002888 0.002974
13 9 0.002049 0.002888 0.002974
13 10 0.003074 0.002888 0.002974
13 11 0.003245 0.002888 0.002974
13 12 0.003757 0.002888 0.002974
13 13 0.003415 0.002888 0.002974
13 14 0.002220 0.002888 0.002974
13 15 0.002561 0.002888 0.002974
13 16 0.000854 0.002888 0.002974
13 17 0.001366 0.002888 0.002974
13 18 0.001708 0.002888 0.002974
13 19 0.001195 0.002888 0.002974
13 20 0.000854 0.002888 0.002974
14 0 0.003074 0.002888 0.002974
14 1 0.003245 0.002888 0.002974
14 2 0.002903 0.002888 0.002974
14 3 0.003586 0.002888 0.002974
14 4 0.006489 0.002888 0.002974
14 5 0.006318 0.002888 0.002974
14 6 0.005123 0.002888 0.002974
14 7 0.005635 0.002888 0.002974
14 8 0.003928 0.002888 0.002974
14 9 0.002561 0.002888 0.002974
14 10 0.002903 0.002888 0.002974
14 11 0.002732 0.002888 0.002974
14 12 0.001878 0.002888 0.002974
14 13 0.002049 0.002888 0.002974
14 14 0.001195 0.002888 0.002974
14 15 0.001708 0.002888 0.002974
14 16 0.000854 0.002888 0.002974
14 17 0.000683 0.002888 0.002974
14 18 0.000342 0.002888 0.002974
14 19 0.000171 0.002888 0.002974
14 20 0.000342 0.002888 0.002974
15 0 0.003415 0.002888 0.002974
15 1 0.003415 0.002888 0.002974
15 2 0.004440 0.002888 0.002974
15 3 0.005635 0.002888 0.002974
15 4 0.007684 0.002888 0.002974
15 5 0.009392 0.002888 0.002974
15 6 0.006148 0.002888 0.002974
15 7 0.005123 0.002888 0.002974
15 8 0.004098 0.002888 0.002974
15 9 0.002561 0.002888 0.002974
15 10 0.002561 0.002888 0.002974
15 11 0.002561 0.002888 0.002974
15 12 0.001537 0.002888 0.002974
15 13 0.001366 0.002888 0.002974
15 14 0.001195 0.002888 0.002974
15 15 0.001878 0.002888 0.002974
15 16 0.000342 0.002888 0.002974
15 17 0.000171 0.002888 0.002974
15 18 0.000342 0.002888 0.002974
15 19 0.000171 0.002888 0.002974
15 20 0.000342 0.002888 0.002974
16 0 0.004098 0.002888 0.002974
16 1 0.003415 0.002888 0.002974
16 2 0.006831 0.002888 0.002974
16 3 0.007343 0.002888 0.002974
16 4 0.009221 0.002888 0.002974
16 5 0.009904 0.002888 0.002974
16 6 0.007514 0.002888 0.002974
16 7 0.003245 0.002888 0.002974
16 8 0.002903 0.002888 0.002974
16 9 0.002732 0.002888 0.002974
16 10 0.002732 0.002888 0.002974
16 11 0.003074 0.002888 0.002974
16 12 0.002049 0.002888 0.002974
16 13 0.001366 0.002888 0.002974
16 14 0.001195 0.002888 0.002974
16 15 0.001878 0.002888 0.002974
16 16 0.000683 0.002888 0.002974
16 17 0.000854 0.002888 0.002974
16 18 0.000512 0.002888 0.002974
16 19 0.000000 0.002888 0.002974
16 20 0.000342 0.002888 0.002974
17 0 0.002732 0.002888 0.002974
17 1 0.003928 0.002888 0.002974
17 2 0.009221 0.002888 0.002974
17 3 0.010246 0.002888 0.002974
17 4 0.010758 0.002888 0.002974
17 5 0.011441 0.002888 0.002974
17 6 0.007514 0.002888 0.002974
17 7 0.004440 0.002888 0.002974
17 8 0.003757 0.002888 0.002974
17 9 0.002220 0.002888 0.002974
17 10 0.001708 0.002888 0.002974
17 11 0.001195 0.002888 0.002974
17 12 0.001366 0.002888 0.002974
17 13 0.001537 0.002888 0.002974
17 14 0.000683 0.002888 0.002974
17 15 0.000512 0.002888 0.002974
17 16 0.000683 0.002888 0.002974
17 17 0.000171 0.002888 0.002974
17 18 0.000000 0.002888 0.002974
17 19 0.000000 0.002888 0.002974
17 20 0.000342 0.002888 0.002974
18 0 0.003074 0.002888 0.002974
18 1 0.005806 0.002888 0.002974
18 2 0.008538 0.002888 0.002974
18 3 0.011783 0.002888 0.002974
18 4 0.014344 0.002888 0.002974
18 5 0.011270 0.002888 0.002974
18 6 0.006831 0.002888 0.002974
18 7 0.004440 0.002888 0.002974
18 8 0.002732 0.002888 0.002974
18 9 0.000683 0.002888 0.002974
18 10 0.001708 0.002888 0.002974
18 11 0.001195 0.002888 0.002974
18 12 0.001025 0.002888 0.002974
18 13 0.001366 0.002888 0.002974
18 14 0.000512 0.002888 0.002974
18 15 0.000171 0.002888 0.002974
18 16 0.000342 0.002888 0.002974
18 17 0.000171 0.002888 0.002974
18 18 0.000000 0.002888 0.002974
18 19 0.000000 0.002888 0.002974
18 20 0.000342 0.002888 0.002974
19 0 0.004611 0.002888 0.002974
19 1 0.005464 0.002888 0.002974
19 2 0.009051 0.002888 0.002974
19 3 0.012295 0.002888 0.002974
19 4 0.013832 0.002888 0.002974
19 5 0.008538 0.002888 0.002974
19 6 0.006831 0.002888 0.002974
19 7 0.003928 0.002888 0.002974
19 8 0.002220 0.002888 0.002974
19 9 0.000683 0.002888 0.002974
19 10 0.001708 0.002888 0.002974
19 11 0.001025 0.002888 0.002974
19 12 0.000683 0.002888 0.002974
19 13 0.000512 0.002888 0.002974
19 14 0.000512 0.002888 0.002974
19 15 0.000512 0.002888 0.002974
19 16 0.000342 0.002888 0.002974
19 17 0.000171 0.002888 0.002974
19 18 0.000000 0.002888 0.002974
19 19 0.000000 0.002888 0.002974
19 20 0.000171 0.002888 0.002974
20 0 0.005294 0.002888 0.002974
20 1 0.005806 0.002888 0.002974
20 2 0.008538 0.002888 0.002974
20 3 0.011954 0.002888 0.002974
20 4 0.009392 0.002888 0.002974
20 5 0.006660 0.002888 0.002974
20 6 0.005977 0.002888 0.002974
20 7 0.003928 0.002888 0.002974
20 8 0.003415 0.002888 0.002974
20 9 0.002561 0.002888 0.002974
20 10 0.001537 0.002888 0.002974
20 11 0.001025 0.002888 0.002974
20 12 0.001025 0.002888 0.002974
20 13 0.000512 0.002888 0.002974
20 14 0.000512 0.002888 0.002974
20 15 0.000512 0.002888 0.002974
20 16 0.000683 0.002888 0.002974
20 17 0.000342 0.002888 0.002974
20 18 0.000342 0.002888 0.002974
20 19 0.000342 0.002888 0.002974
20 20 0.000171 0.002888 0.002974
