# contact distance = 8.0 Angstroms
# F = 0.4 kJ/mol

# i j contact_probability mean_contact_probability stddev_contact_probability
0 0 0.001468 0.003635 0.002565
0 1 0.000934 0.003635 0.002565
0 2 0.001201 0.003635 0.002565
0 3 0.001468 0.003635 0.002565
0 4 0.002136 0.003635 0.002565
0 5 0.002002 0.003635 0.002565
0 6 0.001869 0.003635 0.002565
0 7 0.001869 0.003635 0.002565
0 8 0.002403 0.003635 0.002565
0 9 0.002803 0.003635 0.002565
0 10 0.001735 0.003635 0.002565
0 11 0.002937 0.003635 0.002565
0 12 0.002937 0.003635 0.002565
0 13 0.003337 0.003635 0.002565
0 14 0.005206 0.003635 0.002565
0 15 0.008944 0.003635 0.002565
0 16 0.009612 0.003635 0.002565
0 17 0.011213 0.003635 0.002565
0 18 0.013750 0.003635 0.002565
0 19 0.010946 0.003635 0.002565
0 20 0.009345 0.003635 0.002565
1 0 0.001468 0.003635 0.002565
1 1 0.000534 0.003635 0.002565
1 2 0.000534 0.003635 0.002565
1 3 0.001068 0.003635 0.002565
1 4 0.001602 0.003635 0.002565
1 5 0.002002 0.003635 0.002565
1 6 0.002136 0.003635 0.002565
1 7 0.002136 0.003635 0.002565
1 8 0.002403 0.003635 0.002565
1 9 0.002670 0.003635 0.002565
1 10 0.001735 0.003635 0.002565
1 11 0.002136 0.003635 0.002565
1 12 0.003337 0.003635 0.002565
1 13 0.004272 0.003635 0.002565
1 14 0.005206 0.003635 0.002565
1 15 0.007075 0.003635 0.002565
1 16 0.009879 0.003635 0.002565
1 17 0.009879 0.003635 0.002565
1 18 0.012415 0.003635 0.002565
1 19 0.011480 0.003635 0.002565
1 20 0.009345 0.003635 0.002565
2 0 0.001068 0.003635 0.002565
2 1 0.000267 0.003635 0.002565
2 2 0.000400 0.003635 0.002565
2 3 0.001201 0.003635 0.002565
2 4 0.002403 0.003635 0.002565
2 5 0.002670 0.003635 0.002565
2 6 0.002536 0.003635 0.002565
2 7 0.002403 0.003635 0.002565
2 8 0.003337 0.003635 0.002565
2 9 0.001602 0.003635 0.002565
2 10 0.002670 0.003635 0.002565
2 11 0.002937 0.003635 0.002565
2 12 0.003204 0.003635 0.002565
2 13 0.004138 0.003635 0.002565
2 14 0.005740 0.003635 0.002565
2 15 0.007342 0.003635 0.002565
2 16 0.009879 0.003635 0.002565
2 17 0.010012 0.003635 0.002565
2 18 0.010813 0.003635 0.002565
2 19 0.010012 0.003635 0.002565
2 20 0.006942 0.003635 0.002565
3 0 0.002002 0.003635 0.002565
3 1 0.000667 0.003635 0.002565
3 2 0.000801 0.003635 0.002565
3 3 0.001602 0.003635 0.002565
3 4 0.001735 0.003635 0.002565
3 5 0.002937 0.003635 0.002565
3 6 0.002803 0.003635 0.002565
3 7 0.002937 0.003635 0.002565
3 8 0.002803 0.003635 0.002565
3 9 0.001869 0.003635 0.002565
3 10 0.003738 0.003635 0.002565
3 11 0.003738 0.003635 0.002565
3 12 0.003204 0.003635 0.002565
3 13 0.003738 0.003635 0.002565
3 14 0.005874 0.003635 0.002565
3 15 0.005740 0.003635 0.002565
3 16 0.007476 0.003635 0.002565
3 17 0.006274 0.003635 0.002565
3 18 0.006007 0.003635 0.002565
3 19 0.004138 0.003635 0.002565
3 20 0.004405 0.003635 0.002565
4 0 0.002136 0.003635 0.002565
4 1 0.001335 0.003635 0.002565
4 2 0.000667 0.003635 0.002565
4 3 0.002002 0.003635 0.002565
4 4 0.001602 0.003635 0.002565
4 5 0.002403 0.003635 0.002565
4 6 0.002670 0.003635 0.002565
4 7 0.002269 0.003635 0.002565
4 8 0.002803 0.003635 0.002565
4 9 0.003337 0.003635 0.002565
4 10 0.004138 0.003635 0.002565
4 11 0.004138 0.003635 0.002565
4 12 0.003070 0.003635 0.002565
4 13 0.004405 0.003635 0.002565
4 14 0.005740 0.003635 0.002565
4 15 0.005874 0.003635 0.002565
4 16 0.005206 0.003635 0.002565
4 17 0.005740 0.003635 0.002565
4 18 0.003871 0.003635 0.002565
4 19 0.002803 0.003635 0.002565
4 20 0.003471 0.003635 0.002565
5 0 0.002403 0.003635 0.002565
5 1 0.001468 0.003635 0.002565
5 2 0.000801 0.003635 0.002565
5 3 0.002002 0.003635 0.002565
5 4 0.001869 0.003635 0.002565
5 5 0.001735 0.003635 0.002565
5 6 0.002670 0.003635 0.002565
5 7 0.002937 0.003635 0.002565
5 8 0.002002 0.003635 0.002565
5 9 0.002403 0.003635 0.002565
5 10 0.003204 0.003635 0.002565
5 11 0.004138 0.003635 0.002565
5 12 0.002403 0.003635 0.002565
5 13 0.003871 0.003635 0.002565
5 14 0.007075 0.003635 0.002565
5 15 0.005740 0.003635 0.002565
5 16 0.005206 0.003635 0.002565
5 17 0.003738 0.003635 0.002565
5 18 0.004138 0.003635 0.002565
5 19 0.002269 0.003635 0.002565
5 20 0.001735 0.003635 0.002565
6 0 0.001602 0.003635 0.002565
6 1 0.002002 0.003635 0.002565
6 2 0.001335 0.003635 0.002565
6 3 0.002670 0.003635 0.002565
6 4 0.002803 0.003635 0.002565
6 5 0.002803 0.003635 0.002565
6 6 0.004272 0.003635 0.002565
6 7 0.003738 0.003635 0.002565
6 8 0.002803 0.003635 0.002565
6 9 0.003337 0.003635 0.002565
6 10 0.004939 0.003635 0.002565
6 11 0.004939 0.003635 0.002565
6 12 0.004939 0.003635 0.002565
6 13 0.004939 0.003635 0.002565
6 14 0.006408 0.003635 0.002565
6 15 0.005740 0.003635 0.002565
6 16 0.004939 0.003635 0.002565
6 17 0.003204 0.003635 0.002565
6 18 0.002670 0.003635 0.002565
6 19 0.001468 0.003635 0.002565
6 20 0.002136 0.003635 0.002565
7 0 0.002670 0.003635 0.002565
7 1 0.001735 0.003635 0.002565
7 2 0.002136 0.003635 0.002565
7 3 0.003337 0.003635 0.002565
7 4 0.002403 0.003635 0.002565
7 5 0.002937 0.003635 0.002565
7 6 0.003604 0.003635 0.002565
7 7 0.003738 0.003635 0.002565
7 8 0.003871 0.003635 0.002565
7 9 0.004539 0.003635 0.002565
7 10 0.004539 0.003635 0.002565
7 11 0.004405 0.003635 0.002565
7 12 0.006675 0.003635 0.002565
7 13 0.005740 0.003635 0.002565
7 14 0.006141 0.003635 0.002565
7 15 0.005473 0.003635 0.002565
7 16 0.004272 0.003635 0.002565
7 17 0.004005 0.003635 0.002565
7 18 0.002937 0.003635 0.002565
7 19 0.001602 0.003635 0.002565
7 20 0.001602 0.003635 0.002565
8 0 0.002136 0.003635 0.002565
8 1 0.001735 0.003635 0.002565
8 2 0.001602 0.003635 0.002565
8 3 0.001468 0.003635 0.002565
8 4 0.002269 0.003635 0.002565
8 5 0.003604 0.003635 0.002565
8 6 0.003738 0.003635 0.002565
8 7 0.003738 0.003635 0.002565
8 8 0.003604 0.003635 0.002565
8 9 0.003070 0.003635 0.002565
8 10 0.003871 0.003635 0.002565
8 11 0.004539 0.003635 0.002565
8 12 0.005740 0.003635 0.002565
8 13 0.005740 0.003635 0.002565
8 14 0.006675 0.003635 0.002565
8 15 0.005740 0.003635 0.002565
8 16 0.003604 0.003635 0.002565
8 17 0.004005 0.003635 0.002565
8 18 0.002403 0.003635 0.002565
8 19 0.001068 0.003635 0.002565
8 20 0.001468 0.003635 0.002565
9 0 0.002403 0.003635 0.002565
9 1 0.001869 0.003635 0.002565
9 2 0.002136 0.003635 0.002565
9 3 0.001468 0.003635 0.002565
9 4 0.002403 0.003635 0.002565
9 5 0.003337 0.003635 0.002565
9 6 0.004005 0.003635 0.002565
9 7 0.004138 0.003635 0.002565
9 8 0.003604 0.003635 0.002565
9 9 0.003871 0.003635 0.002565
9 10 0.004272 0.003635 0.002565
9 11 0.004939 0.003635 0.002565
9 12 0.006274 0.003635 0.002565
9 13 0.006141 0.003635 0.002565
9 14 0.005073 0.003635 0.002565
9 15 0.003471 0.003635 0.002565
9 16 0.004272 0.003635 0.002565
9 17 0.004672 0.003635 0.002565
9 18 0.002536 0.003635 0.002565
9 19 0.001602 0.003635 0.002565
9 20 0.001602 0.003635 0.002565
10 0 0.002937 0.003635 0.002565
10 1 0.001468 0.003635 0.002565
10 2 0.001869 0.003635 0.002565
10 3 0.001735 0.003635 0.002565
10 4 0.002670 0.003635 0.002565
10 5 0.003070 0.003635 0.002565
10 6 0.004138 0.003635 0.002565
10 7 0.004939 0.003635 0.002565
10 8 0.003471 0.003635 0.002565
10 9 0.004138 0.003635 0.002565
10 10 0.004806 0.003635 0.002565
10 11 0.005206 0.003635 0.002565
10 12 0.006007 0.003635 0.002565
10 13 0.006541 0.003635 0.002565
10 14 0.006141 0.003635 0.002565
10 15 0.004806 0.003635 0.002565
10 16 0.004939 0.003635 0.002565
10 17 0.004672 0.003635 0.002565
10 18 0.003070 0.003635 0.002565
10 19 0.002269 0.003635 0.002565
10 20 0.001602 0.003635 0.002565
11 0 0.002937 0.003635 0.002565
11 1 0.002136 0.003635 0.002565
11 2 0.002937 0.003635 0.002565
11 3 0.002536 0.003635 0.002565
11 4 0.002403 0.003635 0.002565
11 5 0.004138 0.003635 0.002565
11 6 0.003738 0.003635 0.002565
11 7 0.005073 0.003635 0.002565
11 8 0.004405 0.003635 0.002565
11 9 0.003871 0.003635 0.002565
11 10 0.006007 0.003635 0.002565
11 11 0.006007 0.003635 0.002565
11 12 0.006007 0.003635 0.002565
11 13 0.006808 0.003635 0.002565
11 14 0.006541 0.003635 0.002565
11 15 0.004939 0.003635 0.002565
11 16 0.003337 0.003635 0.002565
11 17 0.003204 0.003635 0.002565
11 18 0.002136 0.003635 0.002565
11 19 0.002403 0.003635 0.002565
11 20 0.002269 0.003635 0.002565
12 0 0.004005 0.003635 0.002565
12 1 0.002269 0.003635 0.002565
12 2 0.003204 0.003635 0.002565
12 3 0.003471 0.003635 0.002565
12 4 0.002269 0.003635 0.002565
12 5 0.003604 0.003635 0.002565
12 6 0.005340 0.003635 0.002565
12 7 0.005073 0.003635 0.002565
12 8 0.003738 0.003635 0.002565
12 9 0.003738 0.003635 0.002565
12 10 0.005874 0.003635 0.002565
12 11 0.005340 0.003635 0.002565
12 12 0.004138 0.003635 0.002565
12 13 0.005206 0.003635 0.002565
12 14 0.006274 0.003635 0.002565
12 15 0.004138 0.003635 0.002565
12 16 0.003070 0.003635 0.002565
12 17 0.002269 0.003635 0.002565
12 18 0.001201 0.003635 0.002565
12 19 0.002136 0.003635 0.002565
12 20 0.001468 0.003635 0.002565
13 0 0.004272 0.003635 0.002565
13 1 0.003337 0.003635 0.002565
13 2 0.005340 0.003635 0.002565
13 3 0.004405 0.003635 0.002565
13 4 0.004005 0.003635 0.002565
13 5 0.004005 0.003635 0.002565
13 6 0.005607 0.003635 0.002565
13 7 0.006007 0.003635 0.002565
13 8 0.005607 0.003635 0.002565
13 9 0.004939 0.003635 0.002565
13 10 0.006808 0.003635 0.002565
13 11 0.006675 0.003635 0.002565
13 12 0.005340 0.003635 0.002565
13 13 0.005206 0.003635 0.002565
13 14 0.004939 0.003635 0.002565
13 15 0.003204 0.003635 0.002565
13 16 0.002269 0.003635 0.002565
13 17 0.001735 0.003635 0.002565
13 18 0.000934 0.003635 0.002565
13 19 0.000801 0.003635 0.002565
13 20 0.001068 0.003635 0.002565
14 0 0.006541 0.003635 0.002565
14 1 0.005340 0.003635 0.002565
14 2 0.007342 0.003635 0.002565
14 3 0.006141 0.003635 0.002565
14 4 0.006007 0.003635 0.002565
14 5 0.005874 0.003635 0.002565
14 6 0.005607 0.003635 0.002565
14 7 0.004939 0.003635 0.002565
14 8 0.005206 0.003635 0.002565
14 9 0.003738 0.003635 0.002565
14 10 0.004806 0.003635 0.002565
14 11 0.004539 0.003635 0.002565
14 12 0.003871 0.003635 0.002565
14 13 0.003471 0.003635 0.002565
14 14 0.002269 0.003635 0.002565
14 15 0.001335 0.003635 0.002565
14 16 0.001602 0.003635 0.002565
14 17 0.001068 0.003635 0.002565
14 18 0.000534 0.003635 0.002565
14 19 0.000000 0.003635 0.002565
14 20 0.000801 0.003635 0.002565
15 0 0.007609 0.003635 0.002565
15 1 0.008410 0.003635 0.002565
15 2 0.008944 0.003635 0.002565
15 3 0.008143 0.003635 0.002565
15 4 0.004939 0.003635 0.002565
15 5 0.005340 0.003635 0.002565
15 6 0.004539 0.003635 0.002565
15 7 0.003604 0.003635 0.002565
15 8 0.004806 0.003635 0.002565
15 9 0.004272 0.003635 0.002565
15 10 0.003871 0.003635 0.002565
15 11 0.005340 0.003635 0.002565
15 12 0.003471 0.003635 0.002565
15 13 0.002002 0.003635 0.002565
15 14 0.001602 0.003635 0.002565
15 15 0.000667 0.003635 0.002565
15 16 0.000267 0.003635 0.002565
15 17 0.000667 0.003635 0.002565
15 18 0.000000 0.003635 0.002565
15 19 0.000534 0.003635 0.002565
15 20 0.000801 0.003635 0.002565
16 0 0.009345 0.003635 0.002565
16 1 0.010012 0.003635 0.002565
16 2 0.010813 0.003635 0.002565
16 3 0.007342 0.003635 0.002565
16 4 0.004806 0.003635 0.002565
16 5 0.004539 0.003635 0.002565
16 6 0.003871 0.003635 0.002565
16 7 0.003070 0.003635 0.002565
16 8 0.003871 0.003635 0.002565
16 9 0.002670 0.003635 0.002565
16 10 0.003604 0.003635 0.002565
16 11 0.002937 0.003635 0.002565
16 12 0.002136 0.003635 0.002565
16 13 0.002136 0.003635 0.002565
16 14 0.001201 0.003635 0.002565
16 15 0.000667 0.003635 0.002565
16 16 0.000400 0.003635 0.002565
16 17 0.000534 0.003635 0.002565
16 18 0.000000 0.003635 0.002565
16 19 0.000400 0.003635 0.002565
16 20 0.000400 0.003635 0.002565
17 0 0.011347 0.003635 0.002565
17 1 0.011080 0.003635 0.002565
17 2 0.010813 0.003635 0.002565
17 3 0.006942 0.003635 0.002565
17 4 0.004672 0.003635 0.002565
17 5 0.004005 0.003635 0.002565
17 6 0.003070 0.003635 0.002565
17 7 0.002670 0.003635 0.002565
17 8 0.003738 0.003635 0.002565
17 9 0.003337 0.003635 0.002565
17 10 0.002803 0.003635 0.002565
17 11 0.002937 0.003635 0.002565
17 12 0.001735 0.003635 0.002565
17 13 0.001602 0.003635 0.002565
17 14 0.001602 0.003635 0.002565
17 15 0.000534 0.003635 0.002565
17 16 0.000400 0.003635 0.002565
17 17 0.000000 0.003635 0.002565
17 18 0.000133 0.003635 0.002565
17 19 0.000267 0.003635 0.002565
17 20 0.000400 0.003635 0.002565
18 0 0.010813 0.003635 0.002565
18 1 0.011080 0.003635 0.002565
18 2 0.011480 0.003635 0.002565
18 3 0.006007 0.003635 0.002565
18 4 0.004272 0.003635 0.002565
18 5 0.002803 0.003635 0.002565
18 6 0.002536 0.003635 0.002565
18 7 0.002269 0.003635 0.002565
18 8 0.002403 0.003635 0.002565
18 9 0.003070 0.003635 0.002565
18 10 0.002136 0.003635 0.002565
18 11 0.001335 0.003635 0.002565
18 12 0.001068 0.003635 0.002565
18 13 0.001735 0.003635 0.002565
18 14 0.001468 0.003635 0.002565
18 15 0.000133 0.003635 0.002565
18 16 0.000133 0.003635 0.002565
18 17 0.000000 0.003635 0.002565
18 18 0.000000 0.003635 0.002565
18 19 0.000000 0.003635 0.002565
18 20 0.000000 0.003635 0.002565
19 0 0.010679 0.003635 0.002565
19 1 0.010412 0.003635 0.002565
19 2 0.008811 0.003635 0.002565
19 3 0.004138 0.003635 0.002565
19 4 0.003070 0.003635 0.002565
19 5 0.003471 0.003635 0.002565
19 6 0.002269 0.003635 0.002565
19 7 0.002136 0.003635 0.002565
19 8 0.001869 0.003635 0.002565
19 9 0.002269 0.003635 0.002565
19 10 0.002269 0.003635 0.002565
19 11 0.001335 0.003635 0.002565
19 12 0.000934 0.003635 0.002565
19 13 0.001068 0.003635 0.002565
19 14 0.000801 0.003635 0.002565
19 15 0.000667 0.003635 0.002565
19 16 0.000400 0.003635 0.002565
19 17 0.000000 0.003635 0.002565
19 18 0.000000 0.003635 0.002565
19 19 0.000133 0.003635 0.002565
19 20 0.000000 0.003635 0.002565
20 0 0.008010 0.003635 0.002565
20 1 0.009078 0.003635 0.002565
20 2 0.008010 0.003635 0.002565
20 3 0.004272 0.003635 0.002565
20 4 0.002536 0.003635 0.002565
20 5 0.002670 0.003635 0.002565
20 6 0.002002 0.003635 0.002565
20 7 0.002536 0.003635 0.002565
20 8 0.001869 0.003635 0.002565
20 9 0.002403 0.003635 0.002565
20 10 0.002269 0.003635 0.002565
20 11 0.002136 0.003635 0.002565
20 12 0.001468 0.003635 0.002565
20 13 0.001602 0.003635 0.002565
20 14 0.000667 0.003635 0.002565
20 15 0.000534 0.003635 0.002565
20 16 0.001068 0.003635 0.002565
20 17 0.000400 0.003635 0.002565
20 18 0.000133 0.003635 0.002565
20 19 0.000267 0.003635 0.002565
20 20 0.000400 0.003635 0.002565
