# contact distance = 8.0 Angstroms
# F = 0.4 kJ/mol

# i j contact_probability mean_contact_probability stddev_contact_probability
0 0 0.001553 0.003672 0.003186
0 1 0.000906 0.003672 0.003186
0 2 0.000518 0.003672 0.003186
0 3 0.001424 0.003672 0.003186
0 4 0.001165 0.003672 0.003186
0 5 0.002071 0.003672 0.003186
0 6 0.001942 0.003672 0.003186
0 7 0.002460 0.003672 0.003186
0 8 0.002460 0.003672 0.003186
0 9 0.003366 0.003672 0.003186
0 10 0.004142 0.003672 0.003186
0 11 0.004531 0.003672 0.003186
0 12 0.004790 0.003672 0.003186
0 13 0.003366 0.003672 0.003186
0 14 0.004013 0.003672 0.003186
0 15 0.004142 0.003672 0.003186
0 16 0.005437 0.003672 0.003186
0 17 0.007379 0.003672 0.003186
0 18 0.006343 0.003672 0.003186
0 19 0.007249 0.003672 0.003186
0 20 0.007767 0.003672 0.003186
1 0 0.001294 0.003672 0.003186
1 1 0.000518 0.003672 0.003186
1 2 0.000259 0.003672 0.003186
1 3 0.000388 0.003672 0.003186
1 4 0.000388 0.003672 0.003186
1 5 0.000388 0.003672 0.003186
1 6 0.000906 0.003672 0.003186
1 7 0.001683 0.003672 0.003186
1 8 0.002201 0.003672 0.003186
1 9 0.002071 0.003672 0.003186
1 10 0.003107 0.003672 0.003186
1 11 0.004401 0.003672 0.003186
1 12 0.003107 0.003672 0.003186
1 13 0.003625 0.003672 0.003186
1 14 0.003236 0.003672 0.003186
1 15 0.004531 0.003672 0.003186
1 16 0.007379 0.003672 0.003186
1 17 0.008544 0.003672 0.003186
1 18 0.009450 0.003672 0.003186
1 19 0.011521 0.003672 0.003186
1 20 0.009191 0.003672 0.003186
2 0 0.000647 0.003672 0.003186
2 1 0.000129 0.003672 0.003186
2 2 0.000129 0.003672 0.003186
2 3 0.000129 0.003672 0.003186
2 4 0.000259 0.003672 0.003186
2 5 0.000518 0.003672 0.003186
2 6 0.000777 0.003672 0.003186
2 7 0.001812 0.003672 0.003186
2 8 0.002330 0.003672 0.003186
2 9 0.002589 0.003672 0.003186
2 10 0.003366 0.003672 0.003186
2 11 0.004401 0.003672 0.003186
2 12 0.004013 0.003672 0.003186
2 13 0.003495 0.003672 0.003186
2 14 0.004531 0.003672 0.003186
2 15 0.005955 0.003672 0.003186
2 16 0.008544 0.003672 0.003186
2 17 0.013592 0.003672 0.003186
2 18 0.014757 0.003672 0.003186
2 19 0.013981 0.003672 0.003186
2 20 0.011262 0.003672 0.003186
3 0 0.000518 0.003672 0.003186
3 1 0.000000 0.003672 0.003186
3 2 0.000129 0.003672 0.003186
3 3 0.000000 0.003672 0.003186
3 4 0.000000 0.003672 0.003186
3 5 0.000777 0.003672 0.003186
3 6 0.000647 0.003672 0.003186
3 7 0.001553 0.003672 0.003186
3 8 0.001812 0.003672 0.003186
3 9 0.003495 0.003672 0.003186
3 10 0.004401 0.003672 0.003186
3 11 0.004790 0.003672 0.003186
3 12 0.003366 0.003672 0.003186
3 13 0.002460 0.003672 0.003186
3 14 0.003625 0.003672 0.003186
3 15 0.005307 0.003672 0.003186
3 16 0.007896 0.003672 0.003186
3 17 0.011392 0.003672 0.003186
3 18 0.015146 0.003672 0.003186
3 19 0.017087 0.003672 0.003186
3 20 0.012816 0.003672 0.003186
4 0 0.001036 0.003672 0.003186
4 1 0.000259 0.003672 0.003186
4 2 0.000388 0.003672 0.003186
4 3 0.000388 0.003672 0.003186
4 4 0.000259 0.003672 0.003186
4 5 0.000259 0.003672 0.003186
4 6 0.001036 0.003672 0.003186
4 7 0.001294 0.003672 0.003186
4 8 0.001812 0.003672 0.003186
4 9 0.002589 0.003672 0.003186
4 10 0.004401 0.003672 0.003186
4 11 0.005307 0.003672 0.003186
4 12 0.003883 0.003672 0.003186
4 13 0.003107 0.003672 0.003186
4 14 0.004401 0.003672 0.003186
4 15 0.006343 0.003672 0.003186
4 16 0.008285 0.003672 0.003186
4 17 0.010874 0.003672 0.003186
4 18 0.012039 0.003672 0.003186
4 19 0.012298 0.003672 0.003186
4 20 0.010485 0.003672 0.003186
5 0 0.002201 0.003672 0.003186
5 1 0.000518 0.003672 0.003186
5 2 0.000518 0.003672 0.003186
5 3 0.000906 0.003672 0.003186
5 4 0.000388 0.003672 0.003186
5 5 0.000906 0.003672 0.003186
5 6 0.001812 0.003672 0.003186
5 7 0.001812 0.003672 0.003186
5 8 0.002589 0.003672 0.003186
5 9 0.003107 0.003672 0.003186
5 10 0.002589 0.003672 0.003186
5 11 0.003625 0.003672 0.003186
5 12 0.003754 0.003672 0.003186
5 13 0.003236 0.003672 0.003186
5 14 0.004919 0.003672 0.003186
5 15 0.005955 0.003672 0.003186
5 16 0.005825 0.003672 0.003186
5 17 0.006602 0.003672 0.003186
5 18 0.007120 0.003672 0.003186
5 19 0.006990 0.003672 0.003186
5 20 0.006602 0.003672 0.003186
6 0 0.001683 0.003672 0.003186
6 1 0.001424 0.003672 0.003186
6 2 0.000777 0.003672 0.003186
6 3 0.001294 0.003672 0.003186
6 4 0.001294 0.003672 0.003186
6 5 0.001165 0.003672 0.003186
6 6 0.001165 0.003672 0.003186
6 7 0.002071 0.003672 0.003186
6 8 0.002330 0.003672 0.003186
6 9 0.002460 0.003672 0.003186
6 10 0.002718 0.003672 0.003186
6 11 0.003107 0.003672 0.003186
6 12 0.003495 0.003672 0.003186
6 13 0.002848 0.003672 0.003186
6 14 0.004919 0.003672 0.003186
6 15 0.006084 0.003672 0.003186
6 16 0.005049 0.003672 0.003186
6 17 0.005437 0.003672 0.003186
6 18 0.004660 0.003672 0.003186
6 19 0.003883 0.003672 0.003186
6 20 0.003754 0.003672 0.003186
7 0 0.001683 0.003672 0.003186
7 1 0.001683 0.003672 0.003186
7 2 0.000777 0.003672 0.003186
7 3 0.000906 0.003672 0.003186
7 4 0.001553 0.003672 0.003186
7 5 0.001294 0.003672 0.003186
7 6 0.001553 0.003672 0.003186
7 7 0.002460 0.003672 0.003186
7 8 0.002201 0.003672 0.003186
7 9 0.002589 0.003672 0.003186
7 10 0.003495 0.003672 0.003186
7 11 0.004919 0.003672 0.003186
7 12 0.003883 0.003672 0.003186
7 13 0.004401 0.003672 0.003186
7 14 0.004272 0.003672 0.003186
7 15 0.005049 0.003672 0.003186
7 16 0.003754 0.003672 0.003186
7 17 0.003236 0.003672 0.003186
7 18 0.002330 0.003672 0.003186
7 19 0.002589 0.003672 0.003186
7 20 0.002718 0.003672 0.003186
8 0 0.003236 0.003672 0.003186
8 1 0.001683 0.003672 0.003186
8 2 0.001165 0.003672 0.003186
8 3 0.001942 0.003672 0.003186
8 4 0.002977 0.003672 0.003186
8 5 0.002589 0.003672 0.003186
8 6 0.002460 0.003672 0.003186
8 7 0.001942 0.003672 0.003186
8 8 0.002201 0.003672 0.003186
8 9 0.001942 0.003672 0.003186
8 10 0.003366 0.003672 0.003186
8 11 0.004272 0.003672 0.003186
8 12 0.005178 0.003672 0.003186
8 13 0.004790 0.003672 0.003186
8 14 0.003625 0.003672 0.003186
8 15 0.004142 0.003672 0.003186
8 16 0.003495 0.003672 0.003186
8 17 0.002201 0.003672 0.003186
8 18 0.001683 0.003672 0.003186
8 19 0.001553 0.003672 0.003186
8 20 0.001294 0.003672 0.003186
9 0 0.003366 0.003672 0.003186
9 1 0.002589 0.003672 0.003186
9 2 0.002460 0.003672 0.003186
9 3 0.002718 0.003672 0.003186
9 4 0.003883 0.003672 0.003186
9 5 0.003883 0.003672 0.003186
9 6 0.003236 0.003672 0.003186
9 7 0.003236 0.003672 0.003186
9 8 0.003236 0.003672 0.003186
9 9 0.002977 0.003672 0.003186
9 10 0.003495 0.003672 0.003186
9 11 0.004401 0.003672 0.003186
9 12 0.004531 0.003672 0.003186
9 13 0.004401 0.003672 0.003186
9 14 0.003754 0.003672 0.003186
9 15 0.004401 0.003672 0.003186
9 16 0.004013 0.003672 0.003186
9 17 0.002460 0.003672 0.003186
9 18 0.001036 0.003672 0.003186
9 19 0.000777 0.003672 0.003186
9 20 0.001165 0.003672 0.003186
10 0 0.003107 0.003672 0.003186
10 1 0.001942 0.003672 0.003186
10 2 0.004142 0.003672 0.003186
10 3 0.003883 0.003672 0.003186
10 4 0.003236 0.003672 0.003186
10 5 0.002848 0.003672 0.003186
10 6 0.003107 0.003672 0.003186
10 7 0.003236 0.003672 0.003186
10 8 0.003754 0.003672 0.003186
10 9 0.003107 0.003672 0.003186
10 10 0.003236 0.003672 0.003186
10 11 0.004013 0.003672 0.003186
10 12 0.002977 0.003672 0.003186
10 13 0.004531 0.003672 0.003186
10 14 0.003754 0.003672 0.003186
10 15 0.003883 0.003672 0.003186
10 16 0.003366 0.003672 0.003186
10 17 0.001683 0.003672 0.003186
10 18 0.000388 0.003672 0.003186
10 19 0.000906 0.003672 0.003186
10 20 0.000777 0.003672 0.003186
11 0 0.003495 0.003672 0.003186
11 1 0.001942 0.003672 0.003186
11 2 0.003754 0.003672 0.003186
11 3 0.004531 0.003672 0.003186
11 4 0.004272 0.003672 0.003186
11 5 0.003107 0.003672 0.003186
11 6 0.003366 0.003672 0.003186
11 7 0.004272 0.003672 0.003186
11 8 0.005955 0.003672 0.003186
11 9 0.003883 0.003672 0.003186
11 10 0.003495 0.003672 0.003186
11 11 0.003754 0.003672 0.003186
11 12 0.003236 0.003672 0.003186
11 13 0.004013 0.003672 0.003186
11 14 0.005307 0.003672 0.003186
11 15 0.003883 0.003672 0.003186
11 16 0.002848 0.003672 0.003186
11 17 0.001812 0.003672 0.003186
11 18 0.001294 0.003672 0.003186
11 19 0.000518 0.003672 0.003186
11 20 0.001165 0.003672 0.003186
12 0 0.002848 0.003672 0.003186
12 1 0.002589 0.003672 0.003186
12 2 0.003754 0.003672 0.003186
12 3 0.003366 0.003672 0.003186
12 4 0.004013 0.003672 0.003186
12 5 0.003625 0.003672 0.003186
12 6 0.003366 0.003672 0.003186
12 7 0.004660 0.003672 0.003186
12 8 0.004531 0.003672 0.003186
12 9 0.004919 0.003672 0.003186
12 10 0.004531 0.003672 0.003186
12 11 0.004272 0.003672 0.003186
12 12 0.004401 0.003672 0.003186
12 13 0.004013 0.003672 0.003186
12 14 0.004401 0.003672 0.003186
12 15 0.004013 0.003672 0.003186
12 16 0.003107 0.003672 0.003186
12 17 0.001942 0.003672 0.003186
12 18 0.001812 0.003672 0.003186
12 19 0.001036 0.003672 0.003186
12 20 0.001812 0.003672 0.003186
13 0 0.003883 0.003672 0.003186
13 1 0.002718 0.003672 0.003186
13 2 0.003107 0.003672 0.003186
13 3 0.003625 0.003672 0.003186
13 4 0.005049 0.003672 0.003186
13 5 0.003883 0.003672 0.003186
13 6 0.004531 0.003672 0.003186
13 7 0.005049 0.003672 0.003186
13 8 0.005696 0.003672 0.003186
13 9 0.005696 0.003672 0.003186
13 10 0.004531 0.003672 0.003186
13 11 0.004790 0.003672 0.003186
13 12 0.004272 0.003672 0.003186
13 13 0.004660 0.003672 0.003186
13 14 0.004660 0.003672 0.003186
13 15 0.003754 0.003672 0.003186
13 16 0.002848 0.003672 0.003186
13 17 0.001424 0.003672 0.003186
13 18 0.001553 0.003672 0.003186
13 19 0.001294 0.003672 0.003186
13 20 0.001424 0.003672 0.003186
14 0 0.004401 0.003672 0.003186
14 1 0.003366 0.003672 0.003186
14 2 0.004272 0.003672 0.003186
14 3 0.004660 0.003672 0.003186
14 4 0.004531 0.003672 0.003186
14 5 0.004531 0.003672 0.003186
14 6 0.004531 0.003672 0.003186
14 7 0.005178 0.003672 0.003186
14 8 0.005437 0.003672 0.003186
14 9 0.006214 0.003672 0.003186
14 10 0.004790 0.003672 0.003186
14 11 0.004790 0.003672 0.003186
14 12 0.004531 0.003672 0.003186
14 13 0.004919 0.003672 0.003186
14 14 0.004013 0.003672 0.003186
14 15 0.002201 0.003672 0.003186
14 16 0.002071 0.003672 0.003186
14 17 0.001553 0.003672 0.003186
14 18 0.001165 0.003672 0.003186
14 19 0.001165 0.003672 0.003186
14 20 0.001812 0.003672 0.003186
15 0 0.005178 0.003672 0.003186
15 1 0.004660 0.003672 0.003186
15 2 0.006214 0.003672 0.003186
15 3 0.006731 0.003672 0.003186
15 4 0.005437 0.003672 0.003186
15 5 0.005049 0.003672 0.003186
15 6 0.006214 0.003672 0.003186
15 7 0.005307 0.003672 0.003186
15 8 0.004919 0.003672 0.003186
15 9 0.004013 0.003672 0.003186
15 10 0.004142 0.003672 0.003186
15 11 0.003754 0.003672 0.003186
15 12 0.002977 0.003672 0.003186
15 13 0.003625 0.003672 0.003186
15 14 0.002589 0.003672 0.003186
15 15 0.001424 0.003672 0.003186
15 16 0.000388 0.003672 0.003186
15 17 0.000906 0.003672 0.003186
15 18 0.000518 0.003672 0.003186
15 19 0.000388 0.003672 0.003186
15 20 0.001812 0.003672 0.003186
16 0 0.006084 0.003672 0.003186
16 1 0.005307 0.003672 0.003186
16 2 0.008026 0.003672 0.003186
16 3 0.008803 0.003672 0.003186
16 4 0.008155 0.003672 0.003186
16 5 0.005049 0.003672 0.003186
16 6 0.005825 0.003672 0.003186
16 7 0.005696 0.003672 0.003186
16 8 0.004013 0.003672 0.003186
16 9 0.003107 0.003672 0.003186
16 10 0.003883 0.003672 0.003186
16 11 0.003107 0.003672 0.003186
16 12 0.003236 0.003672 0.003186
16 13 0.003625 0.003672 0.003186
16 14 0.001812 0.003672 0.003186
16 15 0.001424 0.003672 0.003186
16 16 0.001036 0.003672 0.003186
16 17 0.000259 0.003672 0.003186
16 18 0.000259 0.003672 0.003186
16 19 0.000518 0.003672 0.003186
16 20 0.001942 0.003672 0.003186
17 0 0.006861 0.003672 0.003186
17 1 0.008932 0.003672 0.003186
17 2 0.013333 0.003672 0.003186
17 3 0.013204 0.003672 0.003186
17 4 0.010097 0.003672 0.003186
17 5 0.006602 0.003672 0.003186
17 6 0.005307 0.003672 0.003186
17 7 0.004142 0.003672 0.003186
17 8 0.002977 0.003672 0.003186
17 9 0.002330 0.003672 0.003186
17 10 0.001942 0.003672 0.003186
17 11 0.001553 0.003672 0.003186
17 12 0.001812 0.003672 0.003186
17 13 0.002848 0.003672 0.003186
17 14 0.002201 0.003672 0.003186
17 15 0.000777 0.003672 0.003186
17 16 0.000777 0.003672 0.003186
17 17 0.000777 0.003672 0.003186
17 18 0.000259 0.003672 0.003186
17 19 0.000259 0.003672 0.003186
17 20 0.000906 0.003672 0.003186
18 0 0.008673 0.003672 0.003186
18 1 0.011521 0.003672 0.003186
18 2 0.016181 0.003672 0.003186
18 3 0.018382 0.003672 0.003186
18 4 0.013204 0.003672 0.003186
18 5 0.005178 0.003672 0.003186
18 6 0.003236 0.003672 0.003186
18 7 0.001812 0.003672 0.003186
18 8 0.001812 0.003672 0.003186
18 9 0.001165 0.003672 0.003186
18 10 0.001294 0.003672 0.003186
18 11 0.001165 0.003672 0.003186
18 12 0.001683 0.003672 0.003186
18 13 0.001294 0.003672 0.003186
18 14 0.001553 0.003672 0.003186
18 15 0.001036 0.003672 0.003186
18 16 0.000518 0.003672 0.003186
18 17 0.000259 0.003672 0.003186
18 18 0.000000 0.003672 0.003186
18 19 0.000000 0.003672 0.003186
18 20 0.000388 0.003672 0.003186
19 0 0.005566 0.003672 0.003186
19 1 0.009320 0.003672 0.003186
19 2 0.016570 0.003672 0.003186
19 3 0.017476 0.003672 0.003186
19 4 0.012168 0.003672 0.003186
19 5 0.005825 0.003672 0.003186
19 6 0.002460 0.003672 0.003186
19 7 0.002589 0.003672 0.003186
19 8 0.001812 0.003672 0.003186
19 9 0.001036 0.003672 0.003186
19 10 0.000518 0.003672 0.003186
19 11 0.000777 0.003672 0.003186
19 12 0.001683 0.003672 0.003186
19 13 0.001683 0.003672 0.003186
19 14 0.001294 0.003672 0.003186
19 15 0.000647 0.003672 0.003186
19 16 0.000259 0.003672 0.003186
19 17 0.000129 0.003672 0.003186
19 18 0.000129 0.003672 0.003186
19 19 0.000129 0.003672 0.003186
19 20 0.000259 0.003672 0.003186
20 0 0.007249 0.003672 0.003186
20 1 0.010097 0.003672 0.003186
20 2 0.014110 0.003672 0.003186
20 3 0.013463 0.003672 0.003186
20 4 0.010615 0.003672 0.003186
20 5 0.007379 0.003672 0.003186
20 6 0.003107 0.003672 0.003186
20 7 0.003236 0.003672 0.003186
20 8 0.002718 0.003672 0.003186
20 9 0.001424 0.003672 0.003186
20 10 0.000906 0.003672 0.003186
20 11 0.000906 0.003672 0.003186
20 12 0.001812 0.003672 0.003186
20 13 0.001942 0.003672 0.003186
20 14 0.001553 0.003672 0.003186
20 15 0.000647 0.003672 0.003186
20 16 0.000518 0.003672 0.003186
20 17 0.000259 0.003672 0.003186
20 18 0.000000 0.003672 0.003186
20 19 0.000388 0.003672 0.003186
20 20 0.000777 0.003672 0.003186
