# contact distance = 8.0 Angstroms
# F = 0.4 kJ/mol

# i j contact_probability mean_contact_probability stddev_contact_probability
0 0 0.000587 0.004117 0.003996
0 1 0.000587 0.004117 0.003996
0 2 0.000821 0.004117 0.003996
0 3 0.000469 0.004117 0.003996
0 4 0.000587 0.004117 0.003996
0 5 0.001056 0.004117 0.003996
0 6 0.001290 0.004117 0.003996
0 7 0.002346 0.004117 0.003996
0 8 0.002698 0.004117 0.003996
0 9 0.002581 0.004117 0.003996
0 10 0.003050 0.004117 0.003996
0 11 0.002698 0.004117 0.003996
0 12 0.002346 0.004117 0.003996
0 13 0.003871 0.004117 0.003996
0 14 0.004575 0.004117 0.003996
0 15 0.005983 0.004117 0.003996
0 16 0.006804 0.004117 0.003996
0 17 0.010206 0.004117 0.003996
0 18 0.013374 0.004117 0.003996
0 19 0.014782 0.004117 0.003996
0 20 0.014547 0.004117 0.003996
1 0 0.000352 0.004117 0.003996
1 1 0.000235 0.004117 0.003996
1 2 0.000235 0.004117 0.003996
1 3 0.000000 0.004117 0.003996
1 4 0.000587 0.004117 0.003996
1 5 0.000469 0.004117 0.003996
1 6 0.000821 0.004117 0.003996
1 7 0.000821 0.004117 0.003996
1 8 0.001173 0.004117 0.003996
1 9 0.000704 0.004117 0.003996
1 10 0.002229 0.004117 0.003996
1 11 0.001760 0.004117 0.003996
1 12 0.002581 0.004117 0.003996
1 13 0.002346 0.004117 0.003996
1 14 0.003871 0.004117 0.003996
1 15 0.005397 0.004117 0.003996
1 16 0.007274 0.004117 0.003996
1 17 0.012318 0.004117 0.003996
1 18 0.015955 0.004117 0.003996
1 19 0.017480 0.004117 0.003996
1 20 0.015368 0.004117 0.003996
2 0 0.000587 0.004117 0.003996
2 1 0.000235 0.004117 0.003996
2 2 0.000352 0.004117 0.003996
2 3 0.000117 0.004117 0.003996
2 4 0.000469 0.004117 0.003996
2 5 0.000587 0.004117 0.003996
2 6 0.000587 0.004117 0.003996
2 7 0.000587 0.004117 0.003996
2 8 0.000939 0.004117 0.003996
2 9 0.001056 0.004117 0.003996
2 10 0.001642 0.004117 0.003996
2 11 0.001642 0.004117 0.003996
2 12 0.002346 0.004117 0.003996
2 13 0.003519 0.004117 0.003996
2 14 0.003754 0.004117 0.003996
2 15 0.005279 0.004117 0.003996
2 16 0.009268 0.004117 0.003996
2 17 0.014664 0.004117 0.003996
2 18 0.018771 0.004117 0.003996
2 19 0.020061 0.004117 0.003996
2 20 0.019005 0.004117 0.003996
3 0 0.000235 0.004117 0.003996
3 1 0.000235 0.004117 0.003996
3 2 0.000117 0.004117 0.003996
3 3 0.000117 0.004117 0.003996
3 4 0.000117 0.004117 0.003996
3 5 0.000469 0.004117 0.003996
3 6 0.000939 0.004117 0.003996
3 7 0.000939 0.004117 0.003996
3 8 0.000939 0.004117 0.003996
3 9 0.001408 0.004117 0.003996
3 10 0.002229 0.004117 0.003996
3 11 0.001994 0.004117 0.003996
3 12 0.002464 0.004117 0.003996
3 13 0.003402 0.004117 0.003996
3 14 0.004341 0.004117 0.003996
3 15 0.006335 0.004117 0.003996
3 16 0.009620 0.004117 0.003996
3 17 0.013257 0.004117 0.003996
3 18 0.016893 0.004117 0.003996
3 19 0.015134 0.004117 0.003996
3 20 0.014313 0.004117 0.003996
4 0 0.000704 0.004117 0.003996
4 1 0.000352 0.004117 0.003996
4 2 0.000117 0.004117 0.003996
4 3 0.000704 0.004117 0.003996
4 4 0.000469 0.004117 0.003996
4 5 0.001408 0.004117 0.003996
4 6 0.001056 0.004117 0.003996
4 7 0.002112 0.004117 0.003996
4 8 0.002816 0.004117 0.003996
4 9 0.002816 0.004117 0.003996
4 10 0.003402 0.004117 0.003996
4 11 0.003168 0.004117 0.003996
4 12 0.003050 0.004117 0.003996
4 13 0.003519 0.004117 0.003996
4 14 0.006100 0.004117 0.003996
4 15 0.007626 0.004117 0.003996
4 16 0.009151 0.004117 0.003996
4 17 0.010793 0.004117 0.003996
4 18 0.013257 0.004117 0.003996
4 19 0.012084 0.004117 0.003996
4 20 0.012435 0.004117 0.003996
5 0 0.001173 0.004117 0.003996
5 1 0.000939 0.004117 0.003996
5 2 0.000704 0.004117 0.003996
5 3 0.000821 0.004117 0.003996
5 4 0.000704 0.004117 0.003996
5 5 0.001173 0.004117 0.003996
5 6 0.001408 0.004117 0.003996
5 7 0.002698 0.004117 0.003996
5 8 0.003050 0.004117 0.003996
5 9 0.004106 0.004117 0.003996
5 10 0.003754 0.004117 0.003996
5 11 0.003285 0.004117 0.003996
5 12 0.003637 0.004117 0.003996
5 13 0.005162 0.004117 0.003996
5 14 0.005748 0.004117 0.003996
5 15 0.007860 0.004117 0.003996
5 16 0.008681 0.004117 0.003996
5 17 0.009151 0.004117 0.003996
5 18 0.008095 0.004117 0.003996
5 19 0.007860 0.004117 0.003996
5 20 0.007626 0.004117 0.003996
6 0 0.001760 0.004117 0.003996
6 1 0.000704 0.004117 0.003996
6 2 0.001173 0.004117 0.003996
6 3 0.000469 0.004117 0.003996
6 4 0.000821 0.004117 0.003996
6 5 0.001056 0.004117 0.003996
6 6 0.001994 0.004117 0.003996
6 7 0.002698 0.004117 0.003996
6 8 0.003050 0.004117 0.003996
6 9 0.003754 0.004117 0.003996
6 10 0.003989 0.004117 0.003996
6 11 0.003989 0.004117 0.003996
6 12 0.003989 0.004117 0.003996
6 13 0.005045 0.004117 0.003996
6 14 0.006335 0.004117 0.003996
6 15 0.005045 0.004117 0.003996
6 16 0.007274 0.004117 0.003996
6 17 0.005866 0.004117 0.003996
6 18 0.005162 0.004117 0.003996
6 19 0.004810 0.004117 0.003996
6 20 0.005045 0.004117 0.003996
7 0 0.002464 0.004117 0.003996
7 1 0.001408 0.004117 0.003996
7 2 0.001056 0.004117 0.003996
7 3 0.000939 0.004117 0.003996
7 4 0.001877 0.004117 0.003996
7 5 0.001994 0.004117 0.003996
7 6 0.002229 0.004117 0.003996
7 7 0.002346 0.004117 0.003996
7 8 0.003519 0.004117 0.003996
7 9 0.004341 0.004117 0.003996
7 10 0.004693 0.004117 0.003996
7 11 0.004693 0.004117 0.003996
7 12 0.003754 0.004117 0.003996
7 13 0.004810 0.004117 0.003996
7 14 0.005983 0.004117 0.003996
7 15 0.005514 0.004117 0.003996
7 16 0.005514 0.004117 0.003996
7 17 0.005397 0.004117 0.003996
7 18 0.004458 0.004117 0.003996
7 19 0.004106 0.004117 0.003996
7 20 0.003989 0.004117 0.003996
8 0 0.002112 0.004117 0.003996
8 1 0.001173 0.004117 0.003996
8 2 0.001408 0.004117 0.003996
8 3 0.001173 0.004117 0.003996
8 4 0.002346 0.004117 0.003996
8 5 0.002229 0.004117 0.003996
8 6 0.003519 0.004117 0.003996
8 7 0.004458 0.004117 0.003996
8 8 0.004927 0.004117 0.003996
8 9 0.006687 0.004117 0.003996
8 10 0.005279 0.004117 0.003996
8 11 0.005631 0.004117 0.003996
8 12 0.005983 0.004117 0.003996
8 13 0.007274 0.004117 0.003996
8 14 0.006218 0.004117 0.003996
8 15 0.005279 0.004117 0.003996
8 16 0.003637 0.004117 0.003996
8 17 0.003519 0.004117 0.003996
8 18 0.002464 0.004117 0.003996
8 19 0.003050 0.004117 0.003996
8 20 0.003989 0.004117 0.003996
9 0 0.002112 0.004117 0.003996
9 1 0.001642 0.004117 0.003996
9 2 0.000939 0.004117 0.003996
9 3 0.001408 0.004117 0.003996
9 4 0.002346 0.004117 0.003996
9 5 0.002581 0.004117 0.003996
9 6 0.003637 0.004117 0.003996
9 7 0.004810 0.004117 0.003996
9 8 0.005983 0.004117 0.003996
9 9 0.007156 0.004117 0.003996
9 10 0.005279 0.004117 0.003996
9 11 0.005514 0.004117 0.003996
9 12 0.005045 0.004117 0.003996
9 13 0.006922 0.004117 0.003996
9 14 0.005748 0.004117 0.003996
9 15 0.004693 0.004117 0.003996
9 16 0.004223 0.004117 0.003996
9 17 0.003050 0.004117 0.003996
9 18 0.001994 0.004117 0.003996
9 19 0.001642 0.004117 0.003996
9 20 0.002816 0.004117 0.003996
10 0 0.002112 0.004117 0.003996
10 1 0.000939 0.004117 0.003996
10 2 0.001173 0.004117 0.003996
10 3 0.001525 0.004117 0.003996
10 4 0.002112 0.004117 0.003996
10 5 0.003050 0.004117 0.003996
10 6 0.003871 0.004117 0.003996
10 7 0.004575 0.004117 0.003996
10 8 0.005397 0.004117 0.003996
10 9 0.006452 0.004117 0.003996
10 10 0.005397 0.004117 0.003996
10 11 0.005514 0.004117 0.003996
10 12 0.004693 0.004117 0.003996
10 13 0.004341 0.004117 0.003996
10 14 0.004458 0.004117 0.003996
10 15 0.003754 0.004117 0.003996
10 16 0.003050 0.004117 0.003996
10 17 0.002464 0.004117 0.003996
10 18 0.001760 0.004117 0.003996
10 19 0.002112 0.004117 0.003996
10 20 0.002112 0.004117 0.003996
11 0 0.002229 0.004117 0.003996
11 1 0.002112 0.004117 0.003996
11 2 0.001994 0.004117 0.003996
11 3 0.001290 0.004117 0.003996
11 4 0.002346 0.004117 0.003996
11 5 0.003285 0.004117 0.003996
11 6 0.003519 0.004117 0.003996
11 7 0.004341 0.004117 0.003996
11 8 0.006100 0.004117 0.003996
11 9 0.005983 0.004117 0.003996
11 10 0.005045 0.004117 0.003996
11 11 0.004341 0.004117 0.003996
11 12 0.004575 0.004117 0.003996
11 13 0.003871 0.004117 0.003996
11 14 0.004223 0.004117 0.003996
11 15 0.002464 0.004117 0.003996
11 16 0.002581 0.004117 0.003996
11 17 0.002112 0.004117 0.003996
11 18 0.001173 0.004117 0.003996
11 19 0.001525 0.004117 0.003996
11 20 0.002112 0.004117 0.003996
12 0 0.002581 0.004117 0.003996
12 1 0.002346 0.004117 0.003996
12 2 0.002581 0.004117 0.003996
12 3 0.001525 0.004117 0.003996
12 4 0.001408 0.004117 0.003996
12 5 0.003637 0.004117 0.003996
12 6 0.003285 0.004117 0.003996
12 7 0.004575 0.004117 0.003996
12 8 0.005397 0.004117 0.003996
12 9 0.003754 0.004117 0.003996
12 10 0.003285 0.004117 0.003996
12 11 0.003168 0.004117 0.003996
12 12 0.002581 0.004117 0.003996
12 13 0.003519 0.004117 0.003996
12 14 0.003754 0.004117 0.003996
12 15 0.003050 0.004117 0.003996
12 16 0.001760 0.004117 0.003996
12 17 0.002112 0.004117 0.003996
12 18 0.000939 0.004117 0.003996
12 19 0.001173 0.004117 0.003996
12 20 0.001642 0.004117 0.003996
13 0 0.002816 0.004117 0.003996
13 1 0.003637 0.004117 0.003996
13 2 0.003402 0.004117 0.003996
13 3 0.002229 0.004117 0.003996
13 4 0.003285 0.004117 0.003996
13 5 0.004223 0.004117 0.003996
13 6 0.004693 0.004117 0.003996
13 7 0.006218 0.004117 0.003996
13 8 0.004810 0.004117 0.003996
13 9 0.004575 0.004117 0.003996
13 10 0.003871 0.004117 0.003996
13 11 0.003519 0.004117 0.003996
13 12 0.003168 0.004117 0.003996
13 13 0.003050 0.004117 0.003996
13 14 0.004223 0.004117 0.003996
13 15 0.003168 0.004117 0.003996
13 16 0.001877 0.004117 0.003996
13 17 0.001525 0.004117 0.003996
13 18 0.001525 0.004117 0.003996
13 19 0.001760 0.004117 0.003996
13 20 0.001877 0.004117 0.003996
14 0 0.005397 0.004117 0.003996
14 1 0.004106 0.004117 0.003996
14 2 0.003168 0.004117 0.003996
14 3 0.004106 0.004117 0.003996
14 4 0.004106 0.004117 0.003996
14 5 0.005631 0.004117 0.003996
14 6 0.005748 0.004117 0.003996
14 7 0.005397 0.004117 0.003996
14 8 0.005162 0.004117 0.003996
14 9 0.005397 0.004117 0.003996
14 10 0.005045 0.004117 0.003996
14 11 0.004341 0.004117 0.003996
14 12 0.002346 0.004117 0.003996
14 13 0.001994 0.004117 0.003996
14 14 0.001642 0.004117 0.003996
14 15 0.002346 0.004117 0.003996
14 16 0.001760 0.004117 0.003996
14 17 0.001760 0.004117 0.003996
14 18 0.001642 0.004117 0.003996
14 19 0.001408 0.004117 0.003996
14 20 0.001877 0.004117 0.003996
15 0 0.004810 0.004117 0.003996
15 1 0.003402 0.004117 0.003996
15 2 0.004693 0.004117 0.003996
15 3 0.004341 0.004117 0.003996
15 4 0.006452 0.004117 0.003996
15 5 0.007274 0.004117 0.003996
15 6 0.005866 0.004117 0.003996
15 7 0.007156 0.004117 0.003996
15 8 0.004810 0.004117 0.003996
15 9 0.004341 0.004117 0.003996
15 10 0.003871 0.004117 0.003996
15 11 0.002464 0.004117 0.003996
15 12 0.002346 0.004117 0.003996
15 13 0.001408 0.004117 0.003996
15 14 0.001408 0.004117 0.003996
15 15 0.001642 0.004117 0.003996
15 16 0.000939 0.004117 0.003996
15 17 0.001173 0.004117 0.003996
15 18 0.001056 0.004117 0.003996
15 19 0.000704 0.004117 0.003996
15 20 0.001760 0.004117 0.003996
16 0 0.008447 0.004117 0.003996
16 1 0.008329 0.004117 0.003996
16 2 0.007156 0.004117 0.003996
16 3 0.009268 0.004117 0.003996
16 4 0.008447 0.004117 0.003996
16 5 0.008329 0.004117 0.003996
16 6 0.007508 0.004117 0.003996
16 7 0.005162 0.004117 0.003996
16 8 0.003754 0.004117 0.003996
16 9 0.002816 0.004117 0.003996
16 10 0.003050 0.004117 0.003996
16 11 0.002464 0.004117 0.003996
16 12 0.002464 0.004117 0.003996
16 13 0.001525 0.004117 0.003996
16 14 0.001408 0.004117 0.003996
16 15 0.001525 0.004117 0.003996
16 16 0.000939 0.004117 0.003996
16 17 0.000939 0.004117 0.003996
16 18 0.000587 0.004117 0.003996
16 19 0.000235 0.004117 0.003996
16 20 0.001408 0.004117 0.003996
17 0 0.010676 0.004117 0.003996
17 1 0.011497 0.004117 0.003996
17 2 0.013843 0.004117 0.003996
17 3 0.014313 0.004117 0.003996
17 4 0.012201 0.004117 0.003996
17 5 0.010206 0.004117 0.003996
17 6 0.006687 0.004117 0.003996
17 7 0.003989 0.004117 0.003996
17 8 0.003285 0.004117 0.003996
17 9 0.002581 0.004117 0.003996
17 10 0.002464 0.004117 0.003996
17 11 0.001642 0.004117 0.003996
17 12 0.001994 0.004117 0.003996
17 13 0.001525 0.004117 0.003996
17 14 0.000939 0.004117 0.003996
17 15 0.001525 0.004117 0.003996
17 16 0.000939 0.004117 0.003996
17 17 0.000587 0.004117 0.003996
17 18 0.000469 0.004117 0.003996
17 19 0.000235 0.004117 0.003996
17 20 0.000704 0.004117 0.003996
18 0 0.013374 0.004117 0.003996
18 1 0.015955 0.004117 0.003996
18 2 0.016659 0.004117 0.003996
18 3 0.017480 0.004117 0.003996
18 4 0.014899 0.004117 0.003996
18 5 0.010558 0.004117 0.003996
18 6 0.005279 0.004117 0.003996
18 7 0.003989 0.004117 0.003996
18 8 0.002581 0.004117 0.003996
18 9 0.001877 0.004117 0.003996
18 10 0.001408 0.004117 0.003996
18 11 0.001642 0.004117 0.003996
18 12 0.001760 0.004117 0.003996
18 13 0.001877 0.004117 0.003996
18 14 0.000704 0.004117 0.003996
18 15 0.000704 0.004117 0.003996
18 16 0.000469 0.004117 0.003996
18 17 0.000117 0.004117 0.003996
18 18 0.000117 0.004117 0.003996
18 19 0.000000 0.004117 0.003996
18 20 0.000469 0.004117 0.003996
19 0 0.013139 0.004117 0.003996
19 1 0.018067 0.004117 0.003996
19 2 0.018301 0.004117 0.003996
19 3 0.017245 0.004117 0.003996
19 4 0.013726 0.004117 0.003996
19 5 0.009972 0.004117 0.003996
19 6 0.003989 0.004117 0.003996
19 7 0.003050 0.004117 0.003996
19 8 0.002346 0.004117 0.003996
19 9 0.002112 0.004117 0.003996
19 10 0.002112 0.004117 0.003996
19 11 0.002112 0.004117 0.003996
19 12 0.001408 0.004117 0.003996
19 13 0.001642 0.004117 0.003996
19 14 0.000939 0.004117 0.003996
19 15 0.001290 0.004117 0.003996
19 16 0.000469 0.004117 0.003996
19 17 0.000000 0.004117 0.003996
19 18 0.000235 0.004117 0.003996
19 19 0.000000 0.004117 0.003996
19 20 0.000352 0.004117 0.003996
20 0 0.011732 0.004117 0.003996
20 1 0.013961 0.004117 0.003996
20 2 0.015368 0.004117 0.003996
20 3 0.014899 0.004117 0.003996
20 4 0.012318 0.004117 0.003996
20 5 0.008329 0.004117 0.003996
20 6 0.005162 0.004117 0.003996
20 7 0.003285 0.004117 0.003996
20 8 0.002816 0.004117 0.003996
20 9 0.003285 0.004117 0.003996
20 10 0.003285 0.004117 0.003996
20 11 0.002698 0.004117 0.003996
20 12 0.002229 0.004117 0.003996
20 13 0.001760 0.004117 0.003996
20 14 0.002346 0.004117 0.003996
20 15 0.001525 0.004117 0.003996
20 16 0.000939 0.004117 0.003996
20 17 0.000352 0.004117 0.003996
20 18 0.000469 0.004117 0.003996
20 19 0.000000 0.004117 0.003996
20 20 0.000587 0.004117 0.003996
