# contact distance = 8.0 Angstroms
# F = 0.4 kJ/mol

# i j contact_probability mean_contact_probability stddev_contact_probability
0 0 0.001060 0.002636 0.002653
0 1 0.000530 0.002636 0.002653
0 2 0.000265 0.002636 0.002653
0 3 0.000132 0.002636 0.002653
0 4 0.000530 0.002636 0.002653
0 5 0.000662 0.002636 0.002653
0 6 0.000397 0.002636 0.002653
0 7 0.000132 0.002636 0.002653
0 8 0.000530 0.002636 0.002653
0 9 0.001457 0.002636 0.002653
0 10 0.001722 0.002636 0.002653
0 11 0.001854 0.002636 0.002653
0 12 0.002781 0.002636 0.002653
0 13 0.003311 0.002636 0.002653
0 14 0.003311 0.002636 0.002653
0 15 0.004238 0.002636 0.002653
0 16 0.005298 0.002636 0.002653
0 17 0.007947 0.002636 0.002653
0 18 0.009007 0.002636 0.002653
0 19 0.009404 0.002636 0.002653
0 20 0.008477 0.002636 0.002653
1 0 0.000397 0.002636 0.002653
1 1 0.000132 0.002636 0.002653
1 2 0.000265 0.002636 0.002653
1 3 0.000132 0.002636 0.002653
1 4 0.000132 0.002636 0.002653
1 5 0.000530 0.002636 0.002653
1 6 0.000265 0.002636 0.002653
1 7 0.000000 0.002636 0.002653
1 8 0.000397 0.002636 0.002653
1 9 0.000530 0.002636 0.002653
1 10 0.000927 0.002636 0.002653
1 11 0.001987 0.002636 0.002653
1 12 0.002517 0.002636 0.002653
1 13 0.003576 0.002636 0.002653
1 14 0.004768 0.002636 0.002653
1 15 0.004106 0.002636 0.002653
1 16 0.005695 0.002636 0.002653
1 17 0.009801 0.002636 0.002653
1 18 0.009934 0.002636 0.002653
1 19 0.008212 0.002636 0.002653
1 20 0.008742 0.002636 0.002653
2 0 0.000927 0.002636 0.002653
2 1 0.000265 0.002636 0.002653
2 2 0.000132 0.002636 0.002653
2 3 0.000000 0.002636 0.002653
2 4 0.000530 0.002636 0.002653
2 5 0.000662 0.002636 0.002653
2 6 0.000397 0.002636 0.002653
2 7 0.000000 0.002636 0.002653
2 8 0.000530 0.002636 0.002653
2 9 0.001192 0.002636 0.002653
2 10 0.001325 0.002636 0.002653
2 11 0.002119 0.002636 0.002653
2 12 0.002781 0.002636 0.002653
2 13 0.004901 0.002636 0.002653
2 14 0.006225 0.002636 0.002653
2 15 0.007815 0.002636 0.002653
2 16 0.007152 0.002636 0.002653
2 17 0.009007 0.002636 0.002653
2 18 0.010331 0.002636 0.002653
2 19 0.010464 0.002636 0.002653
2 20 0.010066 0.002636 0.002653
3 0 0.000927 0.002636 0.002653
3 1 0.000132 0.002636 0.002653
3 2 0.000265 0.002636 0.002653
3 3 0.000265 0.002636 0.002653
3 4 0.000000 0.002636 0.002653
3 5 0.000265 0.002636 0.002653
3 6 0.000927 0.002636 0.002653
3 7 0.000397 0.002636 0.002653
3 8 0.000662 0.002636 0.002653
3 9 0.001060 0.002636 0.002653
3 10 0.001060 0.002636 0.002653
3 11 0.001192 0.002636 0.002653
3 12 0.001854 0.002636 0.002653
3 13 0.005033 0.002636 0.002653
3 14 0.005563 0.002636 0.002653
3 15 0.008212 0.002636 0.002653
3 16 0.007682 0.002636 0.002653
3 17 0.008609 0.002636 0.002653
3 18 0.009404 0.002636 0.002653
3 19 0.008609 0.002636 0.002653
3 20 0.008477 0.002636 0.002653
4 0 0.001060 0.002636 0.002653
4 1 0.000397 0.002636 0.002653
4 2 0.000795 0.002636 0.002653
4 3 0.000265 0.002636 0.002653
4 4 0.000530 0.002636 0.002653
4 5 0.001060 0.002636 0.002653
4 6 0.000662 0.002636 0.002653
4 7 0.000927 0.002636 0.002653
4 8 0.001457 0.002636 0.002653
4 9 0.001589 0.002636 0.002653
4 10 0.001192 0.002636 0.002653
4 11 0.002252 0.002636 0.002653
4 12 0.002914 0.002636 0.002653
4 13 0.005563 0.002636 0.002653
4 14 0.005695 0.002636 0.002653
4 15 0.007550 0.002636 0.002653
4 16 0.007152 0.002636 0.002653
4 17 0.008079 0.002636 0.002653
4 18 0.007947 0.002636 0.002653
4 19 0.006490 0.002636 0.002653
4 20 0.005695 0.002636 0.002653
5 0 0.001192 0.002636 0.002653
5 1 0.000795 0.002636 0.002653
5 2 0.000265 0.002636 0.002653
5 3 0.000662 0.002636 0.002653
5 4 0.000530 0.002636 0.002653
5 5 0.000927 0.002636 0.002653
5 6 0.001325 0.002636 0.002653
5 7 0.001060 0.002636 0.002653
5 8 0.001192 0.002636 0.002653
5 9 0.000927 0.002636 0.002653
5 10 0.001192 0.002636 0.002653
5 11 0.002252 0.002636 0.002653
5 12 0.004106 0.002636 0.002653
5 13 0.004371 0.002636 0.002653
5 14 0.004106 0.002636 0.002653
5 15 0.004901 0.002636 0.002653
5 16 0.005166 0.002636 0.002653
5 17 0.005563 0.002636 0.002653
5 18 0.005960 0.002636 0.002653
5 19 0.005298 0.002636 0.002653
5 20 0.004901 0.002636 0.002653
6 0 0.001457 0.002636 0.002653
6 1 0.000530 0.002636 0.002653
6 2 0.000530 0.002636 0.002653
6 3 0.001060 0.002636 0.002653
6 4 0.001325 0.002636 0.002653
6 5 0.001854 0.002636 0.002653
6 6 0.001589 0.002636 0.002653
6 7 0.001060 0.002636 0.002653
6 8 0.000927 0.002636 0.002653
6 9 0.001457 0.002636 0.002653
6 10 0.001589 0.002636 0.002653
6 11 0.003046 0.002636 0.002653
6 12 0.004106 0.002636 0.002653
6 13 0.004503 0.002636 0.002653
6 14 0.004503 0.002636 0.002653
6 15 0.003974 0.002636 0.002653
6 16 0.003311 0.002636 0.002653
6 17 0.004371 0.002636 0.002653
6 18 0.004106 0.002636 0.002653
6 19 0.005033 0.002636 0.002653
6 20 0.004503 0.002636 0.002653
7 0 0.000927 0.002636 0.002653
7 1 0.000265 0.002636 0.002653
7 2 0.000397 0.002636 0.002653
7 3 0.000397 0.002636 0.002653
7 4 0.000662 0.002636 0.002653
7 5 0.001060 0.002636 0.002653
7 6 0.001192 0.002636 0.002653
7 7 0.000397 0.002636 0.002653
7 8 0.001325 0.002636 0.002653
7 9 0.002914 0.002636 0.002653
7 10 0.002649 0.002636 0.002653
7 11 0.003974 0.002636 0.002653
7 12 0.003444 0.002636 0.002653
7 13 0.003709 0.002636 0.002653
7 14 0.002914 0.002636 0.002653
7 15 0.003311 0.002636 0.002653
7 16 0.001854 0.002636 0.002653
7 17 0.002781 0.002636 0.002653
7 18 0.002517 0.002636 0.002653
7 19 0.002384 0.002636 0.002653
7 20 0.003311 0.002636 0.002653
8 0 0.001192 0.002636 0.002653
8 1 0.001060 0.002636 0.002653
8 2 0.000662 0.002636 0.002653
8 3 0.000530 0.002636 0.002653
8 4 0.000662 0.002636 0.002653
8 5 0.001325 0.002636 0.002653
8 6 0.001192 0.002636 0.002653
8 7 0.001457 0.002636 0.002653
8 8 0.001457 0.002636 0.002653
8 9 0.002384 0.002636 0.002653
8 10 0.002517 0.002636 0.002653
8 11 0.003311 0.002636 0.002653
8 12 0.003709 0.002636 0.002653
8 13 0.002781 0.002636 0.002653
8 14 0.002252 0.002636 0.002653
8 15 0.001987 0.002636 0.002653
8 16 0.001589 0.002636 0.002653
8 17 0.001722 0.002636 0.002653
8 18 0.001589 0.002636 0.002653
8 19 0.001192 0.002636 0.002653
8 20 0.002384 0.002636 0.002653
9 0 0.001854 0.002636 0.002653
9 1 0.001722 0.002636 0.002653
9 2 0.001722 0.002636 0.002653
9 3 0.000795 0.002636 0.002653
9 4 0.000927 0.002636 0.002653
9 5 0.001854 0.002636 0.002653
9 6 0.001192 0.002636 0.002653
9 7 0.001722 0.002636 0.002653
9 8 0.001722 0.002636 0.002653
9 9 0.001987 0.002636 0.002653
9 10 0.003311 0.002636 0.002653
9 11 0.002914 0.002636 0.002653
9 12 0.002517 0.002636 0.002653
9 13 0.002384 0.002636 0.002653
9 14 0.002119 0.002636 0.002653
9 15 0.002517 0.002636 0.002653
9 16 0.001987 0.002636 0.002653
9 17 0.001192 0.002636 0.002653
9 18 0.000927 0.002636 0.002653
9 19 0.000530 0.002636 0.002653
9 20 0.001192 0.002636 0.002653
10 0 0.001854 0.002636 0.002653
10 1 0.001060 0.002636 0.002653
10 2 0.001722 0.002636 0.002653
10 3 0.001192 0.002636 0.002653
10 4 0.001325 0.002636 0.002653
10 5 0.002384 0.002636 0.002653
10 6 0.001722 0.002636 0.002653
10 7 0.002252 0.002636 0.002653
10 8 0.002119 0.002636 0.002653
10 9 0.001854 0.002636 0.002653
10 10 0.002781 0.002636 0.002653
10 11 0.002781 0.002636 0.002653
10 12 0.002914 0.002636 0.002653
10 13 0.002384 0.002636 0.002653
10 14 0.001589 0.002636 0.002653
10 15 0.001192 0.002636 0.002653
10 16 0.001854 0.002636 0.002653
10 17 0.001192 0.002636 0.002653
10 18 0.000662 0.002636 0.002653
10 19 0.000530 0.002636 0.002653
10 20 0.000927 0.002636 0.002653
11 0 0.002119 0.002636 0.002653
11 1 0.001060 0.002636 0.002653
11 2 0.001325 0.002636 0.002653
11 3 0.000795 0.002636 0.002653
11 4 0.001722 0.002636 0.002653
11 5 0.003444 0.002636 0.002653
11 6 0.002781 0.002636 0.002653
11 7 0.002649 0.002636 0.002653
11 8 0.001987 0.002636 0.002653
11 9 0.003179 0.002636 0.002653
11 10 0.003576 0.002636 0.002653
11 11 0.002517 0.002636 0.002653
11 12 0.002517 0.002636 0.002653
11 13 0.001987 0.002636 0.002653
11 14 0.001192 0.002636 0.002653
11 15 0.001192 0.002636 0.002653
11 16 0.001854 0.002636 0.002653
11 17 0.001192 0.002636 0.002653
11 18 0.000397 0.002636 0.002653
11 19 0.000795 0.002636 0.002653
11 20 0.001325 0.002636 0.002653
12 0 0.002914 0.002636 0.002653
12 1 0.002119 0.002636 0.002653
12 2 0.001325 0.002636 0.002653
12 3 0.002517 0.002636 0.002653
12 4 0.003576 0.002636 0.002653
12 5 0.004371 0.002636 0.002653
12 6 0.003311 0.002636 0.002653
12 7 0.003311 0.002636 0.002653
12 8 0.003709 0.002636 0.002653
12 9 0.003576 0.002636 0.002653
12 10 0.002781 0.002636 0.002653
12 11 0.002384 0.002636 0.002653
12 12 0.002119 0.002636 0.002653
12 13 0.002119 0.002636 0.002653
12 14 0.000530 0.002636 0.002653
12 15 0.000927 0.002636 0.002653
12 16 0.000397 0.002636 0.002653
12 17 0.000530 0.002636 0.002653
12 18 0.000000 0.002636 0.002653
12 19 0.000795 0.002636 0.002653
12 20 0.002252 0.002636 0.002653
13 0 0.002914 0.002636 0.002653
13 1 0.002517 0.002636 0.002653
13 2 0.002914 0.002636 0.002653
13 3 0.003974 0.002636 0.002653
13 4 0.003974 0.002636 0.002653
13 5 0.004106 0.002636 0.002653
13 6 0.003709 0.002636 0.002653
13 7 0.003444 0.002636 0.002653
13 8 0.004238 0.002636 0.002653
13 9 0.003576 0.002636 0.002653
13 10 0.002119 0.002636 0.002653
13 11 0.001987 0.002636 0.002653
13 12 0.000795 0.002636 0.002653
13 13 0.001325 0.002636 0.002653
13 14 0.000795 0.002636 0.002653
13 15 0.000530 0.002636 0.002653
13 16 0.000265 0.002636 0.002653
13 17 0.000927 0.002636 0.002653
13 18 0.000530 0.002636 0.002653
13 19 0.000530 0.002636 0.002653
13 20 0.001589 0.002636 0.002653
14 0 0.005828 0.002636 0.002653
14 1 0.005166 0.002636 0.002653
14 2 0.005828 0.002636 0.002653
14 3 0.006887 0.002636 0.002653
14 4 0.004768 0.002636 0.002653
14 5 0.005166 0.002636 0.002653
14 6 0.003576 0.002636 0.002653
14 7 0.003974 0.002636 0.002653
14 8 0.003709 0.002636 0.002653
14 9 0.002781 0.002636 0.002653
14 10 0.001192 0.002636 0.002653
14 11 0.001060 0.002636 0.002653
14 12 0.001060 0.002636 0.002653
14 13 0.000927 0.002636 0.002653
14 14 0.000662 0.002636 0.002653
14 15 0.000000 0.002636 0.002653
14 16 0.000132 0.002636 0.002653
14 17 0.000265 0.002636 0.002653
14 18 0.000132 0.002636 0.002653
14 19 0.000132 0.002636 0.002653
14 20 0.000397 0.002636 0.002653
15 0 0.005430 0.002636 0.002653
15 1 0.006755 0.002636 0.002653
15 2 0.007285 0.002636 0.002653
15 3 0.007815 0.002636 0.002653
15 4 0.006755 0.002636 0.002653
15 5 0.004636 0.002636 0.002653
15 6 0.004371 0.002636 0.002653
15 7 0.004106 0.002636 0.002653
15 8 0.002252 0.002636 0.002653
15 9 0.002649 0.002636 0.002653
15 10 0.001987 0.002636 0.002653
15 11 0.002119 0.002636 0.002653
15 12 0.001722 0.002636 0.002653
15 13 0.000927 0.002636 0.002653
15 14 0.000662 0.002636 0.002653
15 15 0.000132 0.002636 0.002653
15 16 0.000000 0.002636 0.002653
15 17 0.000000 0.002636 0.002653
15 18 0.000132 0.002636 0.002653
15 19 0.000132 0.002636 0.002653
15 20 0.000132 0.002636 0.002653
16 0 0.007417 0.002636 0.002653
16 1 0.006755 0.002636 0.002653
16 2 0.007682 0.002636 0.002653
16 3 0.008609 0.002636 0.002653
16 4 0.008874 0.002636 0.002653
16 5 0.005033 0.002636 0.002653
16 6 0.003974 0.002636 0.002653
16 7 0.004901 0.002636 0.002653
16 8 0.002517 0.002636 0.002653
16 9 0.001987 0.002636 0.002653
16 10 0.000927 0.002636 0.002653
16 11 0.001060 0.002636 0.002653
16 12 0.001192 0.002636 0.002653
16 13 0.000795 0.002636 0.002653
16 14 0.000662 0.002636 0.002653
16 15 0.000132 0.002636 0.002653
16 16 0.000000 0.002636 0.002653
16 17 0.000000 0.002636 0.002653
16 18 0.000265 0.002636 0.002653
16 19 0.000132 0.002636 0.002653
16 20 0.000265 0.002636 0.002653
17 0 0.009272 0.002636 0.002653
17 1 0.009139 0.002636 0.002653
17 2 0.011391 0.002636 0.002653
17 3 0.009801 0.002636 0.002653
17 4 0.007947 0.002636 0.002653
17 5 0.004371 0.002636 0.002653
17 6 0.004901 0.002636 0.002653
17 7 0.003444 0.002636 0.002653
17 8 0.002781 0.002636 0.002653
17 9 0.001589 0.002636 0.002653
17 10 0.001325 0.002636 0.002653
17 11 0.000927 0.002636 0.002653
17 12 0.000530 0.002636 0.002653
17 13 0.000927 0.002636 0.002653
17 14 0.000530 0.002636 0.002653
17 15 0.000132 0.002636 0.002653
17 16 0.000000 0.002636 0.002653
17 17 0.000132 0.002636 0.002653
17 18 0.000132 0.002636 0.002653
17 19 0.000132 0.002636 0.002653
17 20 0.000132 0.002636 0.002653
18 0 0.008344 0.002636 0.002653
18 1 0.009934 0.002636 0.002653
18 2 0.011921 0.002636 0.002653
18 3 0.009536 0.002636 0.002653
18 4 0.006755 0.002636 0.002653
18 5 0.003974 0.002636 0.002653
18 6 0.003444 0.002636 0.002653
18 7 0.003444 0.002636 0.002653
18 8 0.001854 0.002636 0.002653
18 9 0.001060 0.002636 0.002653
18 10 0.000265 0.002636 0.002653
18 11 0.001060 0.002636 0.002653
18 12 0.000927 0.002636 0.002653
18 13 0.000397 0.002636 0.002653
18 14 0.000265 0.002636 0.002653
18 15 0.000000 0.002636 0.002653
18 16 0.000132 0.002636 0.002653
18 17 0.000132 0.002636 0.002653
18 18 0.000000 0.002636 0.002653
18 19 0.000000 0.002636 0.002653
18 20 0.000000 0.002636 0.002653
19 0 0.008079 0.002636 0.002653
19 1 0.009404 0.002636 0.002653
19 2 0.009669 0.002636 0.002653
19 3 0.008477 0.002636 0.002653
19 4 0.006623 0.002636 0.002653
19 5 0.002649 0.002636 0.002653
19 6 0.003046 0.002636 0.002653
19 7 0.002517 0.002636 0.002653
19 8 0.000927 0.002636 0.002653
19 9 0.001457 0.002636 0.002653
19 10 0.000530 0.002636 0.002653
19 11 0.000530 0.002636 0.002653
19 12 0.000662 0.002636 0.002653
19 13 0.000662 0.002636 0.002653
19 14 0.000132 0.002636 0.002653
19 15 0.000132 0.002636 0.002653
19 16 0.000265 0.002636 0.002653
19 17 0.000000 0.002636 0.002653
19 18 0.000000 0.002636 0.002653
19 19 0.000132 0.002636 0.002653
19 20 0.000265 0.002636 0.002653
20 0 0.008609 0.002636 0.002653
20 1 0.007550 0.002636 0.002653
20 2 0.006755 0.002636 0.002653
20 3 0.008212 0.002636 0.002653
20 4 0.007417 0.002636 0.002653
20 5 0.003444 0.002636 0.002653
20 6 0.003311 0.002636 0.002653
20 7 0.002517 0.002636 0.002653
20 8 0.001987 0.002636 0.002653
20 9 0.001722 0.002636 0.002653
20 10 0.001457 0.002636 0.002653
20 11 0.000795 0.002636 0.002653
20 12 0.001192 0.002636 0.002653
20 13 0.000662 0.002636 0.002653
20 14 0.000265 0.002636 0.002653
20 15 0.000000 0.002636 0.002653
20 16 0.000397 0.002636 0.002653
20 17 0.000397 0.002636 0.002653
20 18 0.000132 0.002636 0.002653
20 19 0.000265 0.002636 0.002653
20 20 0.000530 0.002636 0.002653
