# contact distance = 8.0 Angstroms
# F = 0.4 kJ/mol

# i j contact_probability mean_contact_probability stddev_contact_probability
0 0 0.001091 0.003466 0.003180
0 1 0.001500 0.003466 0.003180
0 2 0.001227 0.003466 0.003180
0 3 0.000682 0.003466 0.003180
0 4 0.000545 0.003466 0.003180
0 5 0.001500 0.003466 0.003180
0 6 0.001227 0.003466 0.003180
0 7 0.001773 0.003466 0.003180
0 8 0.002591 0.003466 0.003180
0 9 0.001909 0.003466 0.003180
0 10 0.001364 0.003466 0.003180
0 11 0.003272 0.003466 0.003180
0 12 0.002727 0.003466 0.003180
0 13 0.004091 0.003466 0.003180
0 14 0.003954 0.003466 0.003180
0 15 0.006136 0.003466 0.003180
0 16 0.006818 0.003466 0.003180
0 17 0.006818 0.003466 0.003180
0 18 0.006954 0.003466 0.003180
0 19 0.006681 0.003466 0.003180
0 20 0.005590 0.003466 0.003180
1 0 0.000682 0.003466 0.003180
1 1 0.000136 0.003466 0.003180
1 2 0.000409 0.003466 0.003180
1 3 0.000409 0.003466 0.003180
1 4 0.000409 0.003466 0.003180
1 5 0.000273 0.003466 0.003180
1 6 0.000545 0.003466 0.003180
1 7 0.000818 0.003466 0.003180
1 8 0.001500 0.003466 0.003180
1 9 0.001091 0.003466 0.003180
1 10 0.000273 0.003466 0.003180
1 11 0.001364 0.003466 0.003180
1 12 0.002318 0.003466 0.003180
1 13 0.003545 0.003466 0.003180
1 14 0.005999 0.003466 0.003180
1 15 0.007363 0.003466 0.003180
1 16 0.006954 0.003466 0.003180
1 17 0.010363 0.003466 0.003180
1 18 0.012953 0.003466 0.003180
1 19 0.008454 0.003466 0.003180
1 20 0.005181 0.003466 0.003180
2 0 0.000954 0.003466 0.003180
2 1 0.000136 0.003466 0.003180
2 2 0.000136 0.003466 0.003180
2 3 0.000000 0.003466 0.003180
2 4 0.000136 0.003466 0.003180
2 5 0.000273 0.003466 0.003180
2 6 0.001227 0.003466 0.003180
2 7 0.000954 0.003466 0.003180
2 8 0.000954 0.003466 0.003180
2 9 0.000682 0.003466 0.003180
2 10 0.000682 0.003466 0.003180
2 11 0.001364 0.003466 0.003180
2 12 0.001773 0.003466 0.003180
2 13 0.003818 0.003466 0.003180
2 14 0.005999 0.003466 0.003180
2 15 0.009545 0.003466 0.003180
2 16 0.012681 0.003466 0.003180
2 17 0.016771 0.003466 0.003180
2 18 0.014999 0.003466 0.003180
2 19 0.008726 0.003466 0.003180
2 20 0.005590 0.003466 0.003180
3 0 0.001500 0.003466 0.003180
3 1 0.000273 0.003466 0.003180
3 2 0.000000 0.003466 0.003180
3 3 0.000136 0.003466 0.003180
3 4 0.000409 0.003466 0.003180
3 5 0.000273 0.003466 0.003180
3 6 0.000682 0.003466 0.003180
3 7 0.000818 0.003466 0.003180
3 8 0.000545 0.003466 0.003180
3 9 0.000545 0.003466 0.003180
3 10 0.000682 0.003466 0.003180
3 11 0.001636 0.003466 0.003180
3 12 0.001909 0.003466 0.003180
3 13 0.003272 0.003466 0.003180
3 14 0.006545 0.003466 0.003180
3 15 0.009408 0.003466 0.003180
3 16 0.013771 0.003466 0.003180
3 17 0.015544 0.003466 0.003180
3 18 0.014317 0.003466 0.003180
3 19 0.008590 0.003466 0.003180
3 20 0.005590 0.003466 0.003180
4 0 0.001909 0.003466 0.003180
4 1 0.000273 0.003466 0.003180
4 2 0.000136 0.003466 0.003180
4 3 0.000136 0.003466 0.003180
4 4 0.000409 0.003466 0.003180
4 5 0.000273 0.003466 0.003180
4 6 0.000545 0.003466 0.003180
4 7 0.000682 0.003466 0.003180
4 8 0.000818 0.003466 0.003180
4 9 0.000954 0.003466 0.003180
4 10 0.000273 0.003466 0.003180
4 11 0.001091 0.003466 0.003180
4 12 0.002318 0.003466 0.003180
4 13 0.003954 0.003466 0.003180
4 14 0.005999 0.003466 0.003180
4 15 0.008999 0.003466 0.003180
4 16 0.011454 0.003466 0.003180
4 17 0.013908 0.003466 0.003180
4 18 0.011317 0.003466 0.003180
4 19 0.008181 0.003466 0.003180
4 20 0.005181 0.003466 0.003180
5 0 0.001091 0.003466 0.003180
5 1 0.000954 0.003466 0.003180
5 2 0.000545 0.003466 0.003180
5 3 0.000682 0.003466 0.003180
5 4 0.000273 0.003466 0.003180
5 5 0.000273 0.003466 0.003180
5 6 0.001091 0.003466 0.003180
5 7 0.000954 0.003466 0.003180
5 8 0.001500 0.003466 0.003180
5 9 0.001636 0.003466 0.003180
5 10 0.002182 0.003466 0.003180
5 11 0.003272 0.003466 0.003180
5 12 0.003000 0.003466 0.003180
5 13 0.005999 0.003466 0.003180
5 14 0.005999 0.003466 0.003180
5 15 0.006545 0.003466 0.003180
5 16 0.005727 0.003466 0.003180
5 17 0.006136 0.003466 0.003180
5 18 0.005863 0.003466 0.003180
5 19 0.005181 0.003466 0.003180
5 20 0.005318 0.003466 0.003180
6 0 0.001364 0.003466 0.003180
6 1 0.000545 0.003466 0.003180
6 2 0.000818 0.003466 0.003180
6 3 0.000545 0.003466 0.003180
6 4 0.000409 0.003466 0.003180
6 5 0.000818 0.003466 0.003180
6 6 0.001636 0.003466 0.003180
6 7 0.002591 0.003466 0.003180
6 8 0.002318 0.003466 0.003180
6 9 0.002591 0.003466 0.003180
6 10 0.003954 0.003466 0.003180
6 11 0.004636 0.003466 0.003180
6 12 0.003545 0.003466 0.003180
6 13 0.004363 0.003466 0.003180
6 14 0.005590 0.003466 0.003180
6 15 0.005863 0.003466 0.003180
6 16 0.006681 0.003466 0.003180
6 17 0.005045 0.003466 0.003180
6 18 0.003954 0.003466 0.003180
6 19 0.003000 0.003466 0.003180
6 20 0.003954 0.003466 0.003180
7 0 0.001364 0.003466 0.003180
7 1 0.000409 0.003466 0.003180
7 2 0.000273 0.003466 0.003180
7 3 0.000409 0.003466 0.003180
7 4 0.000682 0.003466 0.003180
7 5 0.001091 0.003466 0.003180
7 6 0.002045 0.003466 0.003180
7 7 0.002045 0.003466 0.003180
7 8 0.001364 0.003466 0.003180
7 9 0.003000 0.003466 0.003180
7 10 0.003681 0.003466 0.003180
7 11 0.003818 0.003466 0.003180
7 12 0.003272 0.003466 0.003180
7 13 0.004091 0.003466 0.003180
7 14 0.005181 0.003466 0.003180
7 15 0.005454 0.003466 0.003180
7 16 0.004772 0.003466 0.003180
7 17 0.004227 0.003466 0.003180
7 18 0.003409 0.003466 0.003180
7 19 0.002863 0.003466 0.003180
7 20 0.003409 0.003466 0.003180
8 0 0.001227 0.003466 0.003180
8 1 0.000818 0.003466 0.003180
8 2 0.000954 0.003466 0.003180
8 3 0.000818 0.003466 0.003180
8 4 0.001227 0.003466 0.003180
8 5 0.000818 0.003466 0.003180
8 6 0.001773 0.003466 0.003180
8 7 0.002318 0.003466 0.003180
8 8 0.002182 0.003466 0.003180
8 9 0.002863 0.003466 0.003180
8 10 0.002727 0.003466 0.003180
8 11 0.003545 0.003466 0.003180
8 12 0.004909 0.003466 0.003180
8 13 0.003818 0.003466 0.003180
8 14 0.005045 0.003466 0.003180
8 15 0.004772 0.003466 0.003180
8 16 0.002318 0.003466 0.003180
8 17 0.003136 0.003466 0.003180
8 18 0.003136 0.003466 0.003180
8 19 0.003545 0.003466 0.003180
8 20 0.003000 0.003466 0.003180
9 0 0.001500 0.003466 0.003180
9 1 0.001091 0.003466 0.003180
9 2 0.001091 0.003466 0.003180
9 3 0.000954 0.003466 0.003180
9 4 0.001227 0.003466 0.003180
9 5 0.000818 0.003466 0.003180
9 6 0.002045 0.003466 0.003180
9 7 0.003000 0.003466 0.003180
9 8 0.002863 0.003466 0.003180
9 9 0.003409 0.003466 0.003180
9 10 0.003818 0.003466 0.003180
9 11 0.003954 0.003466 0.003180
9 12 0.005045 0.003466 0.003180
9 13 0.003954 0.003466 0.003180
9 14 0.003545 0.003466 0.003180
9 15 0.004636 0.003466 0.003180
9 16 0.003000 0.003466 0.003180
9 17 0.003272 0.003466 0.003180
9 18 0.003681 0.003466 0.003180
9 19 0.003272 0.003466 0.003180
9 20 0.003136 0.003466 0.003180
10 0 0.001227 0.003466 0.003180
10 1 0.001091 0.003466 0.003180
10 2 0.000682 0.003466 0.003180
10 3 0.000409 0.003466 0.003180
10 4 0.001364 0.003466 0.003180
10 5 0.001364 0.003466 0.003180
10 6 0.003000 0.003466 0.003180
10 7 0.003136 0.003466 0.003180
10 8 0.003136 0.003466 0.003180
10 9 0.002591 0.003466 0.003180
10 10 0.002182 0.003466 0.003180
10 11 0.003954 0.003466 0.003180
10 12 0.004772 0.003466 0.003180
10 13 0.005454 0.003466 0.003180
10 14 0.004227 0.003466 0.003180
10 15 0.004909 0.003466 0.003180
10 16 0.004363 0.003466 0.003180
10 17 0.003954 0.003466 0.003180
10 18 0.003818 0.003466 0.003180
10 19 0.003681 0.003466 0.003180
10 20 0.003272 0.003466 0.003180
11 0 0.002454 0.003466 0.003180
11 1 0.001773 0.003466 0.003180
11 2 0.000818 0.003466 0.003180
11 3 0.000954 0.003466 0.003180
11 4 0.002591 0.003466 0.003180
11 5 0.002591 0.003466 0.003180
11 6 0.003136 0.003466 0.003180
11 7 0.002727 0.003466 0.003180
11 8 0.004500 0.003466 0.003180
11 9 0.003136 0.003466 0.003180
11 10 0.003272 0.003466 0.003180
11 11 0.003818 0.003466 0.003180
11 12 0.004500 0.003466 0.003180
11 13 0.006272 0.003466 0.003180
11 14 0.003272 0.003466 0.003180
11 15 0.003545 0.003466 0.003180
11 16 0.003000 0.003466 0.003180
11 17 0.003409 0.003466 0.003180
11 18 0.002863 0.003466 0.003180
11 19 0.003136 0.003466 0.003180
11 20 0.003272 0.003466 0.003180
12 0 0.004091 0.003466 0.003180
12 1 0.003000 0.003466 0.003180
12 2 0.001909 0.003466 0.003180
12 3 0.001909 0.003466 0.003180
12 4 0.002182 0.003466 0.003180
12 5 0.003681 0.003466 0.003180
12 6 0.003409 0.003466 0.003180
12 7 0.003681 0.003466 0.003180
12 8 0.002863 0.003466 0.003180
12 9 0.003681 0.003466 0.003180
12 10 0.003954 0.003466 0.003180
12 11 0.005045 0.003466 0.003180
12 12 0.004909 0.003466 0.003180
12 13 0.005590 0.003466 0.003180
12 14 0.002863 0.003466 0.003180
12 15 0.002727 0.003466 0.003180
12 16 0.002318 0.003466 0.003180
12 17 0.002318 0.003466 0.003180
12 18 0.001227 0.003466 0.003180
12 19 0.001773 0.003466 0.003180
12 20 0.001636 0.003466 0.003180
13 0 0.003954 0.003466 0.003180
13 1 0.003409 0.003466 0.003180
13 2 0.003000 0.003466 0.003180
13 3 0.003681 0.003466 0.003180
13 4 0.004091 0.003466 0.003180
13 5 0.004772 0.003466 0.003180
13 6 0.004772 0.003466 0.003180
13 7 0.003136 0.003466 0.003180
13 8 0.003409 0.003466 0.003180
13 9 0.004363 0.003466 0.003180
13 10 0.004091 0.003466 0.003180
13 11 0.004909 0.003466 0.003180
13 12 0.004500 0.003466 0.003180
13 13 0.003272 0.003466 0.003180
13 14 0.002727 0.003466 0.003180
13 15 0.002318 0.003466 0.003180
13 16 0.001227 0.003466 0.003180
13 17 0.002045 0.003466 0.003180
13 18 0.002045 0.003466 0.003180
13 19 0.001636 0.003466 0.003180
13 20 0.002318 0.003466 0.003180
14 0 0.005590 0.003466 0.003180
14 1 0.004636 0.003466 0.003180
14 2 0.005863 0.003466 0.003180
14 3 0.005999 0.003466 0.003180
14 4 0.006136 0.003466 0.003180
14 5 0.007090 0.003466 0.003180
14 6 0.005318 0.003466 0.003180
14 7 0.003681 0.003466 0.003180
14 8 0.003954 0.003466 0.003180
14 9 0.004227 0.003466 0.003180
14 10 0.003545 0.003466 0.003180
14 11 0.005318 0.003466 0.003180
14 12 0.004363 0.003466 0.003180
14 13 0.002318 0.003466 0.003180
14 14 0.001364 0.003466 0.003180
14 15 0.001091 0.003466 0.003180
14 16 0.000682 0.003466 0.003180
14 17 0.000545 0.003466 0.003180
14 18 0.000818 0.003466 0.003180
14 19 0.000682 0.003466 0.003180
14 20 0.002318 0.003466 0.003180
15 0 0.007090 0.003466 0.003180
15 1 0.008454 0.003466 0.003180
15 2 0.010635 0.003466 0.003180
15 3 0.010772 0.003466 0.003180
15 4 0.008454 0.003466 0.003180
15 5 0.007908 0.003466 0.003180
15 6 0.006272 0.003466 0.003180
15 7 0.004363 0.003466 0.003180
15 8 0.003954 0.003466 0.003180
15 9 0.002863 0.003466 0.003180
15 10 0.003272 0.003466 0.003180
15 11 0.003272 0.003466 0.003180
15 12 0.003000 0.003466 0.003180
15 13 0.001636 0.003466 0.003180
15 14 0.000409 0.003466 0.003180
15 15 0.000409 0.003466 0.003180
15 16 0.000273 0.003466 0.003180
15 17 0.000136 0.003466 0.003180
15 18 0.000273 0.003466 0.003180
15 19 0.000136 0.003466 0.003180
15 20 0.001227 0.003466 0.003180
16 0 0.007227 0.003466 0.003180
16 1 0.012408 0.003466 0.003180
16 2 0.012953 0.003466 0.003180
16 3 0.012135 0.003466 0.003180
16 4 0.009272 0.003466 0.003180
16 5 0.006272 0.003466 0.003180
16 6 0.005727 0.003466 0.003180
16 7 0.004636 0.003466 0.003180
16 8 0.003272 0.003466 0.003180
16 9 0.004500 0.003466 0.003180
16 10 0.004363 0.003466 0.003180
16 11 0.002727 0.003466 0.003180
16 12 0.001773 0.003466 0.003180
16 13 0.001636 0.003466 0.003180
16 14 0.000409 0.003466 0.003180
16 15 0.000000 0.003466 0.003180
16 16 0.000000 0.003466 0.003180
16 17 0.000000 0.003466 0.003180
16 18 0.000136 0.003466 0.003180
16 19 0.000273 0.003466 0.003180
16 20 0.000409 0.003466 0.003180
17 0 0.005318 0.003466 0.003180
17 1 0.009681 0.003466 0.003180
17 2 0.014453 0.003466 0.003180
17 3 0.015408 0.003466 0.003180
17 4 0.012272 0.003466 0.003180
17 5 0.007499 0.003466 0.003180
17 6 0.006818 0.003466 0.003180
17 7 0.003954 0.003466 0.003180
17 8 0.003000 0.003466 0.003180
17 9 0.003818 0.003466 0.003180
17 10 0.003954 0.003466 0.003180
17 11 0.002318 0.003466 0.003180
17 12 0.002182 0.003466 0.003180
17 13 0.001636 0.003466 0.003180
17 14 0.000682 0.003466 0.003180
17 15 0.000000 0.003466 0.003180
17 16 0.000136 0.003466 0.003180
17 17 0.000000 0.003466 0.003180
17 18 0.000000 0.003466 0.003180
17 19 0.000136 0.003466 0.003180
17 20 0.001091 0.003466 0.003180
18 0 0.005999 0.003466 0.003180
18 1 0.009136 0.003466 0.003180
18 2 0.014453 0.003466 0.003180
18 3 0.014726 0.003466 0.003180
18 4 0.011181 0.003466 0.003180
18 5 0.007636 0.003466 0.003180
18 6 0.005181 0.003466 0.003180
18 7 0.004500 0.003466 0.003180
18 8 0.003954 0.003466 0.003180
18 9 0.004772 0.003466 0.003180
18 10 0.004909 0.003466 0.003180
18 11 0.002863 0.003466 0.003180
18 12 0.001909 0.003466 0.003180
18 13 0.001773 0.003466 0.003180
18 14 0.000273 0.003466 0.003180
18 15 0.000136 0.003466 0.003180
18 16 0.000000 0.003466 0.003180
18 17 0.000000 0.003466 0.003180
18 18 0.000000 0.003466 0.003180
18 19 0.000000 0.003466 0.003180
18 20 0.000545 0.003466 0.003180
19 0 0.005999 0.003466 0.003180
19 1 0.007908 0.003466 0.003180
19 2 0.010226 0.003466 0.003180
19 3 0.011454 0.003466 0.003180
19 4 0.009408 0.003466 0.003180
19 5 0.005590 0.003466 0.003180
19 6 0.003818 0.003466 0.003180
19 7 0.003545 0.003466 0.003180
19 8 0.003272 0.003466 0.003180
19 9 0.003272 0.003466 0.003180
19 10 0.003272 0.003466 0.003180
19 11 0.002318 0.003466 0.003180
19 12 0.001636 0.003466 0.003180
19 13 0.001091 0.003466 0.003180
19 14 0.000273 0.003466 0.003180
19 15 0.000136 0.003466 0.003180
19 16 0.000136 0.003466 0.003180
19 17 0.000000 0.003466 0.003180
19 18 0.000409 0.003466 0.003180
19 19 0.000409 0.003466 0.003180
19 20 0.000545 0.003466 0.003180
20 0 0.005590 0.003466 0.003180
20 1 0.005999 0.003466 0.003180
20 2 0.007090 0.003466 0.003180
20 3 0.005999 0.003466 0.003180
20 4 0.004636 0.003466 0.003180
20 5 0.004091 0.003466 0.003180
20 6 0.002727 0.003466 0.003180
20 7 0.003681 0.003466 0.003180
20 8 0.003681 0.003466 0.003180
20 9 0.003409 0.003466 0.003180
20 10 0.003954 0.003466 0.003180
20 11 0.003136 0.003466 0.003180
20 12 0.001500 0.003466 0.003180
20 13 0.001364 0.003466 0.003180
20 14 0.000682 0.003466 0.003180
20 15 0.000545 0.003466 0.003180
20 16 0.000682 0.003466 0.003180
20 17 0.000545 0.003466 0.003180
20 18 0.000682 0.003466 0.003180
20 19 0.000409 0.003466 0.003180
20 20 0.000954 0.003466 0.003180
