# contact distance = 8.0 Angstroms
# F = 0.4 kJ/mol

# i j contact_probability mean_contact_probability stddev_contact_probability
0 0 0.001087 0.003073 0.002410
0 1 0.000951 0.003073 0.002410
0 2 0.000544 0.003073 0.002410
0 3 0.001087 0.003073 0.002410
0 4 0.000951 0.003073 0.002410
0 5 0.000544 0.003073 0.002410
0 6 0.001495 0.003073 0.002410
0 7 0.001631 0.003073 0.002410
0 8 0.002039 0.003073 0.002410
0 9 0.001767 0.003073 0.002410
0 10 0.001767 0.003073 0.002410
0 11 0.002582 0.003073 0.002410
0 12 0.002039 0.003073 0.002410
0 13 0.003126 0.003073 0.002410
0 14 0.003534 0.003073 0.002410
0 15 0.004077 0.003073 0.002410
0 16 0.003262 0.003073 0.002410
0 17 0.004893 0.003073 0.002410
0 18 0.004621 0.003073 0.002410
0 19 0.005300 0.003073 0.002410
0 20 0.005029 0.003073 0.002410
1 0 0.001087 0.003073 0.002410
1 1 0.000272 0.003073 0.002410
1 2 0.000272 0.003073 0.002410
1 3 0.000136 0.003073 0.002410
1 4 0.000136 0.003073 0.002410
1 5 0.000000 0.003073 0.002410
1 6 0.000408 0.003073 0.002410
1 7 0.000680 0.003073 0.002410
1 8 0.000544 0.003073 0.002410
1 9 0.000680 0.003073 0.002410
1 10 0.001359 0.003073 0.002410
1 11 0.002854 0.003073 0.002410
1 12 0.002990 0.003073 0.002410
1 13 0.003126 0.003073 0.002410
1 14 0.002582 0.003073 0.002410
1 15 0.004893 0.003073 0.002410
1 16 0.003941 0.003073 0.002410
1 17 0.005980 0.003073 0.002410
1 18 0.006524 0.003073 0.002410
1 19 0.005844 0.003073 0.002410
1 20 0.005436 0.003073 0.002410
2 0 0.001359 0.003073 0.002410
2 1 0.000272 0.003073 0.002410
2 2 0.000136 0.003073 0.002410
2 3 0.000000 0.003073 0.002410
2 4 0.000000 0.003073 0.002410
2 5 0.000136 0.003073 0.002410
2 6 0.000272 0.003073 0.002410
2 7 0.000680 0.003073 0.002410
2 8 0.000680 0.003073 0.002410
2 9 0.001767 0.003073 0.002410
2 10 0.002310 0.003073 0.002410
2 11 0.002310 0.003073 0.002410
2 12 0.003669 0.003073 0.002410
2 13 0.004077 0.003073 0.002410
2 14 0.003126 0.003073 0.002410
2 15 0.005980 0.003073 0.002410
2 16 0.006659 0.003073 0.002410
2 17 0.008562 0.003073 0.002410
2 18 0.009513 0.003073 0.002410
2 19 0.008562 0.003073 0.002410
2 20 0.008290 0.003073 0.002410
3 0 0.001495 0.003073 0.002410
3 1 0.000544 0.003073 0.002410
3 2 0.000136 0.003073 0.002410
3 3 0.000000 0.003073 0.002410
3 4 0.000272 0.003073 0.002410
3 5 0.000815 0.003073 0.002410
3 6 0.001223 0.003073 0.002410
3 7 0.001495 0.003073 0.002410
3 8 0.002582 0.003073 0.002410
3 9 0.002039 0.003073 0.002410
3 10 0.002718 0.003073 0.002410
3 11 0.002854 0.003073 0.002410
3 12 0.002310 0.003073 0.002410
3 13 0.003941 0.003073 0.002410
3 14 0.004213 0.003073 0.002410
3 15 0.007339 0.003073 0.002410
3 16 0.008018 0.003073 0.002410
3 17 0.008426 0.003073 0.002410
3 18 0.010465 0.003073 0.002410
3 19 0.008834 0.003073 0.002410
3 20 0.009649 0.003073 0.002410
4 0 0.001903 0.003073 0.002410
4 1 0.000680 0.003073 0.002410
4 2 0.000408 0.003073 0.002410
4 3 0.000408 0.003073 0.002410
4 4 0.000272 0.003073 0.002410
4 5 0.000544 0.003073 0.002410
4 6 0.001223 0.003073 0.002410
4 7 0.001631 0.003073 0.002410
4 8 0.002854 0.003073 0.002410
4 9 0.003669 0.003073 0.002410
4 10 0.002990 0.003073 0.002410
4 11 0.003941 0.003073 0.002410
4 12 0.003398 0.003073 0.002410
4 13 0.004757 0.003073 0.002410
4 14 0.005300 0.003073 0.002410
4 15 0.007067 0.003073 0.002410
4 16 0.007203 0.003073 0.002410
4 17 0.006795 0.003073 0.002410
4 18 0.007339 0.003073 0.002410
4 19 0.008562 0.003073 0.002410
4 20 0.006931 0.003073 0.002410
5 0 0.001767 0.003073 0.002410
5 1 0.000815 0.003073 0.002410
5 2 0.000544 0.003073 0.002410
5 3 0.000272 0.003073 0.002410
5 4 0.000815 0.003073 0.002410
5 5 0.000136 0.003073 0.002410
5 6 0.001087 0.003073 0.002410
5 7 0.002039 0.003073 0.002410
5 8 0.002990 0.003073 0.002410
5 9 0.003534 0.003073 0.002410
5 10 0.003398 0.003073 0.002410
5 11 0.003126 0.003073 0.002410
5 12 0.002582 0.003073 0.002410
5 13 0.004757 0.003073 0.002410
5 14 0.005164 0.003073 0.002410
5 15 0.006388 0.003073 0.002410
5 16 0.007339 0.003073 0.002410
5 17 0.007883 0.003073 0.002410
5 18 0.006659 0.003073 0.002410
5 19 0.007339 0.003073 0.002410
5 20 0.006252 0.003073 0.002410
6 0 0.002310 0.003073 0.002410
6 1 0.001087 0.003073 0.002410
6 2 0.001223 0.003073 0.002410
6 3 0.001359 0.003073 0.002410
6 4 0.001631 0.003073 0.002410
6 5 0.000680 0.003073 0.002410
6 6 0.002039 0.003073 0.002410
6 7 0.002718 0.003073 0.002410
6 8 0.002582 0.003073 0.002410
6 9 0.003398 0.003073 0.002410
6 10 0.004893 0.003073 0.002410
6 11 0.004757 0.003073 0.002410
6 12 0.003669 0.003073 0.002410
6 13 0.003941 0.003073 0.002410
6 14 0.005300 0.003073 0.002410
6 15 0.005708 0.003073 0.002410
6 16 0.005572 0.003073 0.002410
6 17 0.003805 0.003073 0.002410
6 18 0.003941 0.003073 0.002410
6 19 0.004485 0.003073 0.002410
6 20 0.003941 0.003073 0.002410
7 0 0.002310 0.003073 0.002410
7 1 0.000951 0.003073 0.002410
7 2 0.001359 0.003073 0.002410
7 3 0.001903 0.003073 0.002410
7 4 0.002718 0.003073 0.002410
7 5 0.002990 0.003073 0.002410
7 6 0.003398 0.003073 0.002410
7 7 0.002990 0.003073 0.002410
7 8 0.003669 0.003073 0.002410
7 9 0.004349 0.003073 0.002410
7 10 0.004621 0.003073 0.002410
7 11 0.003534 0.003073 0.002410
7 12 0.004621 0.003073 0.002410
7 13 0.004757 0.003073 0.002410
7 14 0.004757 0.003073 0.002410
7 15 0.004621 0.003073 0.002410
7 16 0.003126 0.003073 0.002410
7 17 0.002854 0.003073 0.002410
7 18 0.002310 0.003073 0.002410
7 19 0.002310 0.003073 0.002410
7 20 0.003262 0.003073 0.002410
8 0 0.002990 0.003073 0.002410
8 1 0.001767 0.003073 0.002410
8 2 0.001495 0.003073 0.002410
8 3 0.001903 0.003073 0.002410
8 4 0.002446 0.003073 0.002410
8 5 0.002582 0.003073 0.002410
8 6 0.002718 0.003073 0.002410
8 7 0.004485 0.003073 0.002410
8 8 0.004621 0.003073 0.002410
8 9 0.004757 0.003073 0.002410
8 10 0.004213 0.003073 0.002410
8 11 0.003941 0.003073 0.002410
8 12 0.005980 0.003073 0.002410
8 13 0.004757 0.003073 0.002410
8 14 0.003398 0.003073 0.002410
8 15 0.003126 0.003073 0.002410
8 16 0.002310 0.003073 0.002410
8 17 0.001767 0.003073 0.002410
8 18 0.001359 0.003073 0.002410
8 19 0.002310 0.003073 0.002410
8 20 0.002718 0.003073 0.002410
9 0 0.002582 0.003073 0.002410
9 1 0.001223 0.003073 0.002410
9 2 0.002446 0.003073 0.002410
9 3 0.001631 0.003073 0.002410
9 4 0.002175 0.003073 0.002410
9 5 0.003262 0.003073 0.002410
9 6 0.003805 0.003073 0.002410
9 7 0.004485 0.003073 0.002410
9 8 0.005708 0.003073 0.002410
9 9 0.005572 0.003073 0.002410
9 10 0.003534 0.003073 0.002410
9 11 0.004621 0.003073 0.002410
9 12 0.004893 0.003073 0.002410
9 13 0.004077 0.003073 0.002410
9 14 0.003669 0.003073 0.002410
9 15 0.003398 0.003073 0.002410
9 16 0.002854 0.003073 0.002410
9 17 0.001767 0.003073 0.002410
9 18 0.001631 0.003073 0.002410
9 19 0.001359 0.003073 0.002410
9 20 0.002039 0.003073 0.002410
10 0 0.001767 0.003073 0.002410
10 1 0.002039 0.003073 0.002410
10 2 0.002990 0.003073 0.002410
10 3 0.002175 0.003073 0.002410
10 4 0.002990 0.003073 0.002410
10 5 0.005300 0.003073 0.002410
10 6 0.004893 0.003073 0.002410
10 7 0.004213 0.003073 0.002410
10 8 0.003805 0.003073 0.002410
10 9 0.004213 0.003073 0.002410
10 10 0.003669 0.003073 0.002410
10 11 0.004213 0.003073 0.002410
10 12 0.004485 0.003073 0.002410
10 13 0.003941 0.003073 0.002410
10 14 0.003398 0.003073 0.002410
10 15 0.002718 0.003073 0.002410
10 16 0.002039 0.003073 0.002410
10 17 0.002039 0.003073 0.002410
10 18 0.001495 0.003073 0.002410
10 19 0.000951 0.003073 0.002410
10 20 0.001631 0.003073 0.002410
11 0 0.002310 0.003073 0.002410
11 1 0.001631 0.003073 0.002410
11 2 0.002310 0.003073 0.002410
11 3 0.002310 0.003073 0.002410
11 4 0.002582 0.003073 0.002410
11 5 0.003669 0.003073 0.002410
11 6 0.004349 0.003073 0.002410
11 7 0.004077 0.003073 0.002410
11 8 0.003805 0.003073 0.002410
11 9 0.003941 0.003073 0.002410
11 10 0.003669 0.003073 0.002410
11 11 0.003669 0.003073 0.002410
11 12 0.003398 0.003073 0.002410
11 13 0.003805 0.003073 0.002410
11 14 0.003669 0.003073 0.002410
11 15 0.001767 0.003073 0.002410
11 16 0.001767 0.003073 0.002410
11 17 0.001359 0.003073 0.002410
11 18 0.000815 0.003073 0.002410
11 19 0.000680 0.003073 0.002410
11 20 0.001223 0.003073 0.002410
12 0 0.002854 0.003073 0.002410
12 1 0.002310 0.003073 0.002410
12 2 0.001767 0.003073 0.002410
12 3 0.002990 0.003073 0.002410
12 4 0.003669 0.003073 0.002410
12 5 0.003262 0.003073 0.002410
12 6 0.005029 0.003073 0.002410
12 7 0.004349 0.003073 0.002410
12 8 0.004213 0.003073 0.002410
12 9 0.004213 0.003073 0.002410
12 10 0.005300 0.003073 0.002410
12 11 0.002582 0.003073 0.002410
12 12 0.002582 0.003073 0.002410
12 13 0.003126 0.003073 0.002410
12 14 0.003398 0.003073 0.002410
12 15 0.002039 0.003073 0.002410
12 16 0.002039 0.003073 0.002410
12 17 0.000680 0.003073 0.002410
12 18 0.000408 0.003073 0.002410
12 19 0.000680 0.003073 0.002410
12 20 0.000951 0.003073 0.002410
13 0 0.003534 0.003073 0.002410
13 1 0.002582 0.003073 0.002410
13 2 0.002990 0.003073 0.002410
13 3 0.004349 0.003073 0.002410
13 4 0.003941 0.003073 0.002410
13 5 0.005436 0.003073 0.002410
13 6 0.004077 0.003073 0.002410
13 7 0.005708 0.003073 0.002410
13 8 0.004757 0.003073 0.002410
13 9 0.004893 0.003073 0.002410
13 10 0.005844 0.003073 0.002410
13 11 0.003262 0.003073 0.002410
13 12 0.003126 0.003073 0.002410
13 13 0.003126 0.003073 0.002410
13 14 0.002718 0.003073 0.002410
13 15 0.001495 0.003073 0.002410
13 16 0.000815 0.003073 0.002410
13 17 0.000408 0.003073 0.002410
13 18 0.000000 0.003073 0.002410
13 19 0.000136 0.003073 0.002410
13 20 0.000408 0.003073 0.002410
14 0 0.003941 0.003073 0.002410
14 1 0.002582 0.003073 0.002410
14 2 0.002854 0.003073 0.002410
14 3 0.005029 0.003073 0.002410
14 4 0.005572 0.003073 0.002410
14 5 0.006524 0.003073 0.002410
14 6 0.005572 0.003073 0.002410
14 7 0.006388 0.003073 0.002410
14 8 0.003941 0.003073 0.002410
14 9 0.003941 0.003073 0.002410
14 10 0.005164 0.003073 0.002410
14 11 0.002990 0.003073 0.002410
14 12 0.002582 0.003073 0.002410
14 13 0.002582 0.003073 0.002410
14 14 0.001495 0.003073 0.002410
14 15 0.001223 0.003073 0.002410
14 16 0.000136 0.003073 0.002410
14 17 0.000136 0.003073 0.002410
14 18 0.000408 0.003073 0.002410
14 19 0.000544 0.003073 0.002410
14 20 0.000272 0.003073 0.002410
15 0 0.004213 0.003073 0.002410
15 1 0.004621 0.003073 0.002410
15 2 0.005572 0.003073 0.002410
15 3 0.007203 0.003073 0.002410
15 4 0.006388 0.003073 0.002410
15 5 0.006388 0.003073 0.002410
15 6 0.005164 0.003073 0.002410
15 7 0.004757 0.003073 0.002410
15 8 0.004077 0.003073 0.002410
15 9 0.002990 0.003073 0.002410
15 10 0.003669 0.003073 0.002410
15 11 0.002175 0.003073 0.002410
15 12 0.002039 0.003073 0.002410
15 13 0.001767 0.003073 0.002410
15 14 0.000951 0.003073 0.002410
15 15 0.000272 0.003073 0.002410
15 16 0.000408 0.003073 0.002410
15 17 0.000000 0.003073 0.002410
15 18 0.000000 0.003073 0.002410
15 19 0.000136 0.003073 0.002410
15 20 0.000272 0.003073 0.002410
16 0 0.005029 0.003073 0.002410
16 1 0.006524 0.003073 0.002410
16 2 0.008290 0.003073 0.002410
16 3 0.008970 0.003073 0.002410
16 4 0.008290 0.003073 0.002410
16 5 0.006388 0.003073 0.002410
16 6 0.005300 0.003073 0.002410
16 7 0.003805 0.003073 0.002410
16 8 0.003126 0.003073 0.002410
16 9 0.002446 0.003073 0.002410
16 10 0.002175 0.003073 0.002410
16 11 0.001495 0.003073 0.002410
16 12 0.002039 0.003073 0.002410
16 13 0.001087 0.003073 0.002410
16 14 0.000680 0.003073 0.002410
16 15 0.000000 0.003073 0.002410
16 16 0.000000 0.003073 0.002410
16 17 0.000000 0.003073 0.002410
16 18 0.000136 0.003073 0.002410
16 19 0.000136 0.003073 0.002410
16 20 0.000000 0.003073 0.002410
17 0 0.006252 0.003073 0.002410
17 1 0.007883 0.003073 0.002410
17 2 0.010057 0.003073 0.002410
17 3 0.008834 0.003073 0.002410
17 4 0.009106 0.003073 0.002410
17 5 0.007747 0.003073 0.002410
17 6 0.003941 0.003073 0.002410
17 7 0.002990 0.003073 0.002410
17 8 0.001767 0.003073 0.002410
17 9 0.001495 0.003073 0.002410
17 10 0.002446 0.003073 0.002410
17 11 0.001223 0.003073 0.002410
17 12 0.001359 0.003073 0.002410
17 13 0.000680 0.003073 0.002410
17 14 0.000272 0.003073 0.002410
17 15 0.000000 0.003073 0.002410
17 16 0.000000 0.003073 0.002410
17 17 0.000000 0.003073 0.002410
17 18 0.000000 0.003073 0.002410
17 19 0.000000 0.003073 0.002410
17 20 0.000136 0.003073 0.002410
18 0 0.005572 0.003073 0.002410
18 1 0.007611 0.003073 0.002410
18 2 0.010329 0.003073 0.002410
18 3 0.011688 0.003073 0.002410
18 4 0.007747 0.003073 0.002410
18 5 0.005980 0.003073 0.002410
18 6 0.004349 0.003073 0.002410
18 7 0.002854 0.003073 0.002410
18 8 0.001903 0.003073 0.002410
18 9 0.002310 0.003073 0.002410
18 10 0.001223 0.003073 0.002410
18 11 0.001087 0.003073 0.002410
18 12 0.000544 0.003073 0.002410
18 13 0.001359 0.003073 0.002410
18 14 0.000544 0.003073 0.002410
18 15 0.000136 0.003073 0.002410
18 16 0.000000 0.003073 0.002410
18 17 0.000000 0.003073 0.002410
18 18 0.000000 0.003073 0.002410
18 19 0.000000 0.003073 0.002410
18 20 0.000136 0.003073 0.002410
19 0 0.005980 0.003073 0.002410
19 1 0.007203 0.003073 0.002410
19 2 0.008970 0.003073 0.002410
19 3 0.008426 0.003073 0.002410
19 4 0.006795 0.003073 0.002410
19 5 0.005164 0.003073 0.002410
19 6 0.003262 0.003073 0.002410
19 7 0.002039 0.003073 0.002410
19 8 0.002175 0.003073 0.002410
19 9 0.001631 0.003073 0.002410
19 10 0.001223 0.003073 0.002410
19 11 0.000544 0.003073 0.002410
19 12 0.000272 0.003073 0.002410
19 13 0.001087 0.003073 0.002410
19 14 0.000680 0.003073 0.002410
19 15 0.000000 0.003073 0.002410
19 16 0.000000 0.003073 0.002410
19 17 0.000000 0.003073 0.002410
19 18 0.000000 0.003073 0.002410
19 19 0.000000 0.003073 0.002410
19 20 0.000000 0.003073 0.002410
20 0 0.005572 0.003073 0.002410
20 1 0.007339 0.003073 0.002410
20 2 0.008970 0.003073 0.002410
20 3 0.008562 0.003073 0.002410
20 4 0.006524 0.003073 0.002410
20 5 0.005980 0.003073 0.002410
20 6 0.003669 0.003073 0.002410
20 7 0.003126 0.003073 0.002410
20 8 0.003126 0.003073 0.002410
20 9 0.001767 0.003073 0.002410
20 10 0.000680 0.003073 0.002410
20 11 0.000680 0.003073 0.002410
20 12 0.000680 0.003073 0.002410
20 13 0.001495 0.003073 0.002410
20 14 0.001087 0.003073 0.002410
20 15 0.000272 0.003073 0.002410
20 16 0.000272 0.003073 0.002410
20 17 0.000136 0.003073 0.002410
20 18 0.000136 0.003073 0.002410
20 19 0.000000 0.003073 0.002410
20 20 0.000136 0.003073 0.002410
