# contact distance = 8.0 Angstroms
# F = 0.4 kJ/mol

# i j contact_probability mean_contact_probability stddev_contact_probability
0 0 0.000797 0.003741 0.002345
0 1 0.000266 0.003741 0.002345
0 2 0.000133 0.003741 0.002345
0 3 0.000399 0.003741 0.002345
0 4 0.000664 0.003741 0.002345
0 5 0.000531 0.003741 0.002345
0 6 0.001328 0.003741 0.002345
0 7 0.001594 0.003741 0.002345
0 8 0.001594 0.003741 0.002345
0 9 0.002524 0.003741 0.002345
0 10 0.002657 0.003741 0.002345
0 11 0.002125 0.003741 0.002345
0 12 0.001196 0.003741 0.002345
0 13 0.002258 0.003741 0.002345
0 14 0.002790 0.003741 0.002345
0 15 0.004118 0.003741 0.002345
0 16 0.006642 0.003741 0.002345
0 17 0.008767 0.003741 0.002345
0 18 0.008634 0.003741 0.002345
0 19 0.007306 0.003741 0.002345
0 20 0.007705 0.003741 0.002345
1 0 0.000399 0.003741 0.002345
1 1 0.000000 0.003741 0.002345
1 2 0.000000 0.003741 0.002345
1 3 0.000133 0.003741 0.002345
1 4 0.000664 0.003741 0.002345
1 5 0.001328 0.003741 0.002345
1 6 0.000930 0.003741 0.002345
1 7 0.001328 0.003741 0.002345
1 8 0.001594 0.003741 0.002345
1 9 0.001594 0.003741 0.002345
1 10 0.001594 0.003741 0.002345
1 11 0.001594 0.003741 0.002345
1 12 0.001461 0.003741 0.002345
1 13 0.002524 0.003741 0.002345
1 14 0.004118 0.003741 0.002345
1 15 0.004251 0.003741 0.002345
1 16 0.006775 0.003741 0.002345
1 17 0.010361 0.003741 0.002345
1 18 0.010096 0.003741 0.002345
1 19 0.007173 0.003741 0.002345
1 20 0.007173 0.003741 0.002345
2 0 0.000133 0.003741 0.002345
2 1 0.000133 0.003741 0.002345
2 2 0.000133 0.003741 0.002345
2 3 0.000133 0.003741 0.002345
2 4 0.001196 0.003741 0.002345
2 5 0.001328 0.003741 0.002345
2 6 0.001461 0.003741 0.002345
2 7 0.001328 0.003741 0.002345
2 8 0.001328 0.003741 0.002345
2 9 0.001860 0.003741 0.002345
2 10 0.002258 0.003741 0.002345
2 11 0.002391 0.003741 0.002345
2 12 0.001727 0.003741 0.002345
2 13 0.003055 0.003741 0.002345
2 14 0.004782 0.003741 0.002345
2 15 0.005048 0.003741 0.002345
2 16 0.007705 0.003741 0.002345
2 17 0.010893 0.003741 0.002345
2 18 0.011026 0.003741 0.002345
2 19 0.009033 0.003741 0.002345
2 20 0.008900 0.003741 0.002345
3 0 0.000531 0.003741 0.002345
3 1 0.000399 0.003741 0.002345
3 2 0.000000 0.003741 0.002345
3 3 0.000000 0.003741 0.002345
3 4 0.000133 0.003741 0.002345
3 5 0.001063 0.003741 0.002345
3 6 0.001328 0.003741 0.002345
3 7 0.001993 0.003741 0.002345
3 8 0.001860 0.003741 0.002345
3 9 0.002391 0.003741 0.002345
3 10 0.003719 0.003741 0.002345
3 11 0.003321 0.003741 0.002345
3 12 0.003719 0.003741 0.002345
3 13 0.002922 0.003741 0.002345
3 14 0.004649 0.003741 0.002345
3 15 0.004782 0.003741 0.002345
3 16 0.006642 0.003741 0.002345
3 17 0.010361 0.003741 0.002345
3 18 0.009166 0.003741 0.002345
3 19 0.006243 0.003741 0.002345
3 20 0.007173 0.003741 0.002345
4 0 0.000930 0.003741 0.002345
4 1 0.000399 0.003741 0.002345
4 2 0.000531 0.003741 0.002345
4 3 0.000531 0.003741 0.002345
4 4 0.000531 0.003741 0.002345
4 5 0.001727 0.003741 0.002345
4 6 0.001727 0.003741 0.002345
4 7 0.001860 0.003741 0.002345
4 8 0.002524 0.003741 0.002345
4 9 0.002258 0.003741 0.002345
4 10 0.004251 0.003741 0.002345
4 11 0.003587 0.003741 0.002345
4 12 0.004384 0.003741 0.002345
4 13 0.002657 0.003741 0.002345
4 14 0.003985 0.003741 0.002345
4 15 0.005313 0.003741 0.002345
4 16 0.006908 0.003741 0.002345
4 17 0.008767 0.003741 0.002345
4 18 0.007439 0.003741 0.002345
4 19 0.005313 0.003741 0.002345
4 20 0.004915 0.003741 0.002345
5 0 0.000930 0.003741 0.002345
5 1 0.000399 0.003741 0.002345
5 2 0.001063 0.003741 0.002345
5 3 0.000930 0.003741 0.002345
5 4 0.000930 0.003741 0.002345
5 5 0.001328 0.003741 0.002345
5 6 0.001860 0.003741 0.002345
5 7 0.003321 0.003741 0.002345
5 8 0.003587 0.003741 0.002345
5 9 0.002524 0.003741 0.002345
5 10 0.003719 0.003741 0.002345
5 11 0.003852 0.003741 0.002345
5 12 0.003719 0.003741 0.002345
5 13 0.003985 0.003741 0.002345
5 14 0.005181 0.003741 0.002345
5 15 0.006376 0.003741 0.002345
5 16 0.005712 0.003741 0.002345
5 17 0.004915 0.003741 0.002345
5 18 0.003985 0.003741 0.002345
5 19 0.004118 0.003741 0.002345
5 20 0.002790 0.003741 0.002345
6 0 0.001328 0.003741 0.002345
6 1 0.001196 0.003741 0.002345
6 2 0.001461 0.003741 0.002345
6 3 0.001727 0.003741 0.002345
6 4 0.000930 0.003741 0.002345
6 5 0.000930 0.003741 0.002345
6 6 0.002258 0.003741 0.002345
6 7 0.003852 0.003741 0.002345
6 8 0.003454 0.003741 0.002345
6 9 0.003188 0.003741 0.002345
6 10 0.004915 0.003741 0.002345
6 11 0.005181 0.003741 0.002345
6 12 0.005446 0.003741 0.002345
6 13 0.005181 0.003741 0.002345
6 14 0.005446 0.003741 0.002345
6 15 0.007040 0.003741 0.002345
6 16 0.005845 0.003741 0.002345
6 17 0.005845 0.003741 0.002345
6 18 0.005048 0.003741 0.002345
6 19 0.003719 0.003741 0.002345
6 20 0.002391 0.003741 0.002345
7 0 0.002258 0.003741 0.002345
7 1 0.000930 0.003741 0.002345
7 2 0.001727 0.003741 0.002345
7 3 0.001860 0.003741 0.002345
7 4 0.002125 0.003741 0.002345
7 5 0.001328 0.003741 0.002345
7 6 0.002391 0.003741 0.002345
7 7 0.003188 0.003741 0.002345
7 8 0.004118 0.003741 0.002345
7 9 0.003852 0.003741 0.002345
7 10 0.004384 0.003741 0.002345
7 11 0.004915 0.003741 0.002345
7 12 0.005712 0.003741 0.002345
7 13 0.006111 0.003741 0.002345
7 14 0.006376 0.003741 0.002345
7 15 0.006111 0.003741 0.002345
7 16 0.005181 0.003741 0.002345
7 17 0.005579 0.003741 0.002345
7 18 0.005181 0.003741 0.002345
7 19 0.002524 0.003741 0.002345
7 20 0.002125 0.003741 0.002345
8 0 0.001461 0.003741 0.002345
8 1 0.000797 0.003741 0.002345
8 2 0.001594 0.003741 0.002345
8 3 0.001860 0.003741 0.002345
8 4 0.002125 0.003741 0.002345
8 5 0.002657 0.003741 0.002345
8 6 0.002391 0.003741 0.002345
8 7 0.002524 0.003741 0.002345
8 8 0.004384 0.003741 0.002345
8 9 0.004915 0.003741 0.002345
8 10 0.004649 0.003741 0.002345
8 11 0.004516 0.003741 0.002345
8 12 0.003985 0.003741 0.002345
8 13 0.004915 0.003741 0.002345
8 14 0.006775 0.003741 0.002345
8 15 0.007173 0.003741 0.002345
8 16 0.006111 0.003741 0.002345
8 17 0.005048 0.003741 0.002345
8 18 0.004649 0.003741 0.002345
8 19 0.002922 0.003741 0.002345
8 20 0.002258 0.003741 0.002345
9 0 0.001993 0.003741 0.002345
9 1 0.001594 0.003741 0.002345
9 2 0.001860 0.003741 0.002345
9 3 0.002258 0.003741 0.002345
9 4 0.002657 0.003741 0.002345
9 5 0.003985 0.003741 0.002345
9 6 0.003719 0.003741 0.002345
9 7 0.002657 0.003741 0.002345
9 8 0.004251 0.003741 0.002345
9 9 0.005313 0.003741 0.002345
9 10 0.004649 0.003741 0.002345
9 11 0.004649 0.003741 0.002345
9 12 0.004516 0.003741 0.002345
9 13 0.005446 0.003741 0.002345
9 14 0.006376 0.003741 0.002345
9 15 0.005845 0.003741 0.002345
9 16 0.004915 0.003741 0.002345
9 17 0.003985 0.003741 0.002345
9 18 0.003321 0.003741 0.002345
9 19 0.003454 0.003741 0.002345
9 20 0.003055 0.003741 0.002345
10 0 0.002657 0.003741 0.002345
10 1 0.001993 0.003741 0.002345
10 2 0.002125 0.003741 0.002345
10 3 0.002657 0.003741 0.002345
10 4 0.003055 0.003741 0.002345
10 5 0.003719 0.003741 0.002345
10 6 0.004118 0.003741 0.002345
10 7 0.003985 0.003741 0.002345
10 8 0.003587 0.003741 0.002345
10 9 0.004516 0.003741 0.002345
10 10 0.004782 0.003741 0.002345
10 11 0.004251 0.003741 0.002345
10 12 0.004251 0.003741 0.002345
10 13 0.005048 0.003741 0.002345
10 14 0.004516 0.003741 0.002345
10 15 0.003719 0.003741 0.002345
10 16 0.003055 0.003741 0.002345
10 17 0.002391 0.003741 0.002345
10 18 0.002657 0.003741 0.002345
10 19 0.003188 0.003741 0.002345
10 20 0.002391 0.003741 0.002345
11 0 0.002790 0.003741 0.002345
11 1 0.002125 0.003741 0.002345
11 2 0.002922 0.003741 0.002345
11 3 0.003587 0.003741 0.002345
11 4 0.004384 0.003741 0.002345
11 5 0.004251 0.003741 0.002345
11 6 0.004782 0.003741 0.002345
11 7 0.005446 0.003741 0.002345
11 8 0.004516 0.003741 0.002345
11 9 0.004782 0.003741 0.002345
11 10 0.003985 0.003741 0.002345
11 11 0.004118 0.003741 0.002345
11 12 0.003719 0.003741 0.002345
11 13 0.006642 0.003741 0.002345
11 14 0.006376 0.003741 0.002345
11 15 0.004516 0.003741 0.002345
11 16 0.003719 0.003741 0.002345
11 17 0.003188 0.003741 0.002345
11 18 0.003321 0.003741 0.002345
11 19 0.002258 0.003741 0.002345
11 20 0.001727 0.003741 0.002345
12 0 0.003055 0.003741 0.002345
12 1 0.002524 0.003741 0.002345
12 2 0.002391 0.003741 0.002345
12 3 0.003454 0.003741 0.002345
12 4 0.004118 0.003741 0.002345
12 5 0.005446 0.003741 0.002345
12 6 0.005579 0.003741 0.002345
12 7 0.005446 0.003741 0.002345
12 8 0.005313 0.003741 0.002345
12 9 0.004649 0.003741 0.002345
12 10 0.004516 0.003741 0.002345
12 11 0.004516 0.003741 0.002345
12 12 0.004384 0.003741 0.002345
12 13 0.004782 0.003741 0.002345
12 14 0.005313 0.003741 0.002345
12 15 0.005579 0.003741 0.002345
12 16 0.002790 0.003741 0.002345
12 17 0.002524 0.003741 0.002345
12 18 0.002922 0.003741 0.002345
12 19 0.002125 0.003741 0.002345
12 20 0.002125 0.003741 0.002345
13 0 0.003188 0.003741 0.002345
13 1 0.002790 0.003741 0.002345
13 2 0.003055 0.003741 0.002345
13 3 0.002922 0.003741 0.002345
13 4 0.003852 0.003741 0.002345
13 5 0.005313 0.003741 0.002345
13 6 0.004782 0.003741 0.002345
13 7 0.005181 0.003741 0.002345
13 8 0.004251 0.003741 0.002345
13 9 0.005712 0.003741 0.002345
13 10 0.005313 0.003741 0.002345
13 11 0.004915 0.003741 0.002345
13 12 0.005579 0.003741 0.002345
13 13 0.005712 0.003741 0.002345
13 14 0.005313 0.003741 0.002345
13 15 0.005313 0.003741 0.002345
13 16 0.002524 0.003741 0.002345
13 17 0.002391 0.003741 0.002345
13 18 0.001727 0.003741 0.002345
13 19 0.001860 0.003741 0.002345
13 20 0.001727 0.003741 0.002345
14 0 0.003719 0.003741 0.002345
14 1 0.003188 0.003741 0.002345
14 2 0.004516 0.003741 0.002345
14 3 0.004251 0.003741 0.002345
14 4 0.005579 0.003741 0.002345
14 5 0.006642 0.003741 0.002345
14 6 0.006509 0.003741 0.002345
14 7 0.005712 0.003741 0.002345
14 8 0.005313 0.003741 0.002345
14 9 0.006376 0.003741 0.002345
14 10 0.003454 0.003741 0.002345
14 11 0.006509 0.003741 0.002345
14 12 0.006111 0.003741 0.002345
14 13 0.006509 0.003741 0.002345
14 14 0.005313 0.003741 0.002345
14 15 0.004782 0.003741 0.002345
14 16 0.003985 0.003741 0.002345
14 17 0.003321 0.003741 0.002345
14 18 0.002258 0.003741 0.002345
14 19 0.001328 0.003741 0.002345
14 20 0.001727 0.003741 0.002345
15 0 0.003587 0.003741 0.002345
15 1 0.003587 0.003741 0.002345
15 2 0.005313 0.003741 0.002345
15 3 0.006243 0.003741 0.002345
15 4 0.006376 0.003741 0.002345
15 5 0.006376 0.003741 0.002345
15 6 0.005446 0.003741 0.002345
15 7 0.005579 0.003741 0.002345
15 8 0.004782 0.003741 0.002345
15 9 0.005579 0.003741 0.002345
15 10 0.006509 0.003741 0.002345
15 11 0.005048 0.003741 0.002345
15 12 0.005579 0.003741 0.002345
15 13 0.004915 0.003741 0.002345
15 14 0.004782 0.003741 0.002345
15 15 0.004118 0.003741 0.002345
15 16 0.003055 0.003741 0.002345
15 17 0.001993 0.003741 0.002345
15 18 0.001461 0.003741 0.002345
15 19 0.001196 0.003741 0.002345
15 20 0.001594 0.003741 0.002345
16 0 0.006908 0.003741 0.002345
16 1 0.006376 0.003741 0.002345
16 2 0.008236 0.003741 0.002345
16 3 0.007439 0.003741 0.002345
16 4 0.006642 0.003741 0.002345
16 5 0.006509 0.003741 0.002345
16 6 0.005712 0.003741 0.002345
16 7 0.005712 0.003741 0.002345
16 8 0.003852 0.003741 0.002345
16 9 0.004516 0.003741 0.002345
16 10 0.004118 0.003741 0.002345
16 11 0.004915 0.003741 0.002345
16 12 0.004251 0.003741 0.002345
16 13 0.003454 0.003741 0.002345
16 14 0.003055 0.003741 0.002345
16 15 0.003055 0.003741 0.002345
16 16 0.002922 0.003741 0.002345
16 17 0.001328 0.003741 0.002345
16 18 0.000797 0.003741 0.002345
16 19 0.001727 0.003741 0.002345
16 20 0.001727 0.003741 0.002345
17 0 0.008103 0.003741 0.002345
17 1 0.009830 0.003741 0.002345
17 2 0.010760 0.003741 0.002345
17 3 0.009830 0.003741 0.002345
17 4 0.005579 0.003741 0.002345
17 5 0.005181 0.003741 0.002345
17 6 0.006111 0.003741 0.002345
17 7 0.005579 0.003741 0.002345
17 8 0.003188 0.003741 0.002345
17 9 0.003321 0.003741 0.002345
17 10 0.002391 0.003741 0.002345
17 11 0.002657 0.003741 0.002345
17 12 0.001860 0.003741 0.002345
17 13 0.001727 0.003741 0.002345
17 14 0.002258 0.003741 0.002345
17 15 0.002258 0.003741 0.002345
17 16 0.001727 0.003741 0.002345
17 17 0.001461 0.003741 0.002345
17 18 0.001063 0.003741 0.002345
17 19 0.000664 0.003741 0.002345
17 20 0.000797 0.003741 0.002345
18 0 0.010228 0.003741 0.002345
18 1 0.009431 0.003741 0.002345
18 2 0.010096 0.003741 0.002345
18 3 0.007837 0.003741 0.002345
18 4 0.005579 0.003741 0.002345
18 5 0.003055 0.003741 0.002345
18 6 0.003587 0.003741 0.002345
18 7 0.002657 0.003741 0.002345
18 8 0.002391 0.003741 0.002345
18 9 0.002922 0.003741 0.002345
18 10 0.002524 0.003741 0.002345
18 11 0.002258 0.003741 0.002345
18 12 0.002125 0.003741 0.002345
18 13 0.002125 0.003741 0.002345
18 14 0.002524 0.003741 0.002345
18 15 0.001993 0.003741 0.002345
18 16 0.001063 0.003741 0.002345
18 17 0.000399 0.003741 0.002345
18 18 0.000399 0.003741 0.002345
18 19 0.000930 0.003741 0.002345
18 20 0.000531 0.003741 0.002345
19 0 0.009564 0.003741 0.002345
19 1 0.010096 0.003741 0.002345
19 2 0.008900 0.003741 0.002345
19 3 0.006243 0.003741 0.002345
19 4 0.004915 0.003741 0.002345
19 5 0.003852 0.003741 0.002345
19 6 0.003985 0.003741 0.002345
19 7 0.001993 0.003741 0.002345
19 8 0.003055 0.003741 0.002345
19 9 0.001993 0.003741 0.002345
19 10 0.002922 0.003741 0.002345
19 11 0.001993 0.003741 0.002345
19 12 0.002790 0.003741 0.002345
19 13 0.002790 0.003741 0.002345
19 14 0.002524 0.003741 0.002345
19 15 0.001993 0.003741 0.002345
19 16 0.001461 0.003741 0.002345
19 17 0.000797 0.003741 0.002345
19 18 0.000266 0.003741 0.002345
19 19 0.001063 0.003741 0.002345
19 20 0.000399 0.003741 0.002345
20 0 0.010228 0.003741 0.002345
20 1 0.009830 0.003741 0.002345
20 2 0.009166 0.003741 0.002345
20 3 0.008767 0.003741 0.002345
20 4 0.004649 0.003741 0.002345
20 5 0.004649 0.003741 0.002345
20 6 0.003719 0.003741 0.002345
20 7 0.003055 0.003741 0.002345
20 8 0.003852 0.003741 0.002345
20 9 0.002790 0.003741 0.002345
20 10 0.003188 0.003741 0.002345
20 11 0.002790 0.003741 0.002345
20 12 0.003321 0.003741 0.002345
20 13 0.002657 0.003741 0.002345
20 14 0.003321 0.003741 0.002345
20 15 0.003055 0.003741 0.002345
20 16 0.000930 0.003741 0.002345
20 17 0.000531 0.003741 0.002345
20 18 0.000266 0.003741 0.002345
20 19 0.001063 0.003741 0.002345
20 20 0.001196 0.003741 0.002345
