# contact distance = 8.0 Angstroms
# F = 0.4 kJ/mol

# i j contact_probability mean_contact_probability stddev_contact_probability
0 0 0.000183 0.003594 0.001982
0 1 0.000365 0.003594 0.001982
0 2 0.000183 0.003594 0.001982
0 3 0.000183 0.003594 0.001982
0 4 0.000000 0.003594 0.001982
0 5 0.001279 0.003594 0.001982
0 6 0.001644 0.003594 0.001982
0 7 0.001644 0.003594 0.001982
0 8 0.001096 0.003594 0.001982
0 9 0.002192 0.003594 0.001982
0 10 0.001461 0.003594 0.001982
0 11 0.001096 0.003594 0.001982
0 12 0.001644 0.003594 0.001982
0 13 0.003470 0.003594 0.001982
0 14 0.003105 0.003594 0.001982
0 15 0.002192 0.003594 0.001982
0 16 0.002557 0.003594 0.001982
0 17 0.002009 0.003594 0.001982
0 18 0.004018 0.003594 0.001982
0 19 0.006210 0.003594 0.001982
0 20 0.008950 0.003594 0.001982
1 0 0.000000 0.003594 0.001982
1 1 0.000548 0.003594 0.001982
1 2 0.000183 0.003594 0.001982
1 3 0.000000 0.003594 0.001982
1 4 0.000365 0.003594 0.001982
1 5 0.000913 0.003594 0.001982
1 6 0.001461 0.003594 0.001982
1 7 0.001644 0.003594 0.001982
1 8 0.002009 0.003594 0.001982
1 9 0.001279 0.003594 0.001982
1 10 0.001826 0.003594 0.001982
1 11 0.001279 0.003594 0.001982
1 12 0.001644 0.003594 0.001982
1 13 0.002374 0.003594 0.001982
1 14 0.002009 0.003594 0.001982
1 15 0.003105 0.003594 0.001982
1 16 0.002740 0.003594 0.001982
1 17 0.003470 0.003594 0.001982
1 18 0.003288 0.003594 0.001982
1 19 0.004566 0.003594 0.001982
1 20 0.008402 0.003594 0.001982
2 0 0.000000 0.003594 0.001982
2 1 0.000183 0.003594 0.001982
2 2 0.000000 0.003594 0.001982
2 3 0.000000 0.003594 0.001982
2 4 0.000365 0.003594 0.001982
2 5 0.000913 0.003594 0.001982
2 6 0.001826 0.003594 0.001982
2 7 0.002009 0.003594 0.001982
2 8 0.001826 0.003594 0.001982
2 9 0.001644 0.003594 0.001982
2 10 0.003105 0.003594 0.001982
2 11 0.002922 0.003594 0.001982
2 12 0.002009 0.003594 0.001982
2 13 0.003105 0.003594 0.001982
2 14 0.002740 0.003594 0.001982
2 15 0.003470 0.003594 0.001982
2 16 0.003836 0.003594 0.001982
2 17 0.003105 0.003594 0.001982
2 18 0.005479 0.003594 0.001982
2 19 0.005662 0.003594 0.001982
2 20 0.007854 0.003594 0.001982
3 0 0.000183 0.003594 0.001982
3 1 0.000000 0.003594 0.001982
3 2 0.000000 0.003594 0.001982
3 3 0.000365 0.003594 0.001982
3 4 0.000183 0.003594 0.001982
3 5 0.000913 0.003594 0.001982
3 6 0.002557 0.003594 0.001982
3 7 0.002374 0.003594 0.001982
3 8 0.000731 0.003594 0.001982
3 9 0.000913 0.003594 0.001982
3 10 0.001826 0.003594 0.001982
3 11 0.002374 0.003594 0.001982
3 12 0.003105 0.003594 0.001982
3 13 0.002557 0.003594 0.001982
3 14 0.002557 0.003594 0.001982
3 15 0.003105 0.003594 0.001982
3 16 0.004201 0.003594 0.001982
3 17 0.004201 0.003594 0.001982
3 18 0.004566 0.003594 0.001982
3 19 0.006393 0.003594 0.001982
3 20 0.008037 0.003594 0.001982
4 0 0.000548 0.003594 0.001982
4 1 0.000183 0.003594 0.001982
4 2 0.000000 0.003594 0.001982
4 3 0.000183 0.003594 0.001982
4 4 0.000365 0.003594 0.001982
4 5 0.000913 0.003594 0.001982
4 6 0.001461 0.003594 0.001982
4 7 0.001644 0.003594 0.001982
4 8 0.000913 0.003594 0.001982
4 9 0.000548 0.003594 0.001982
4 10 0.001826 0.003594 0.001982
4 11 0.001826 0.003594 0.001982
4 12 0.003105 0.003594 0.001982
4 13 0.003836 0.003594 0.001982
4 14 0.003105 0.003594 0.001982
4 15 0.004566 0.003594 0.001982
4 16 0.005297 0.003594 0.001982
4 17 0.004384 0.003594 0.001982
4 18 0.004749 0.003594 0.001982
4 19 0.006575 0.003594 0.001982
4 20 0.008584 0.003594 0.001982
5 0 0.000548 0.003594 0.001982
5 1 0.000548 0.003594 0.001982
5 2 0.000548 0.003594 0.001982
5 3 0.000548 0.003594 0.001982
5 4 0.000731 0.003594 0.001982
5 5 0.001461 0.003594 0.001982
5 6 0.001644 0.003594 0.001982
5 7 0.002557 0.003594 0.001982
5 8 0.002009 0.003594 0.001982
5 9 0.002374 0.003594 0.001982
5 10 0.003105 0.003594 0.001982
5 11 0.003653 0.003594 0.001982
5 12 0.004018 0.003594 0.001982
5 13 0.003836 0.003594 0.001982
5 14 0.004932 0.003594 0.001982
5 15 0.004384 0.003594 0.001982
5 16 0.005662 0.003594 0.001982
5 17 0.004566 0.003594 0.001982
5 18 0.005114 0.003594 0.001982
5 19 0.005662 0.003594 0.001982
5 20 0.007123 0.003594 0.001982
6 0 0.001279 0.003594 0.001982
6 1 0.001644 0.003594 0.001982
6 2 0.001461 0.003594 0.001982
6 3 0.000913 0.003594 0.001982
6 4 0.000731 0.003594 0.001982
6 5 0.001826 0.003594 0.001982
6 6 0.001644 0.003594 0.001982
6 7 0.002374 0.003594 0.001982
6 8 0.002557 0.003594 0.001982
6 9 0.003105 0.003594 0.001982
6 10 0.003470 0.003594 0.001982
6 11 0.005114 0.003594 0.001982
6 12 0.006027 0.003594 0.001982
6 13 0.005662 0.003594 0.001982
6 14 0.004932 0.003594 0.001982
6 15 0.004384 0.003594 0.001982
6 16 0.004749 0.003594 0.001982
6 17 0.004201 0.003594 0.001982
6 18 0.005114 0.003594 0.001982
6 19 0.005662 0.003594 0.001982
6 20 0.004384 0.003594 0.001982
7 0 0.002192 0.003594 0.001982
7 1 0.002557 0.003594 0.001982
7 2 0.001826 0.003594 0.001982
7 3 0.001826 0.003594 0.001982
7 4 0.002374 0.003594 0.001982
7 5 0.002192 0.003594 0.001982
7 6 0.002009 0.003594 0.001982
7 7 0.002740 0.003594 0.001982
7 8 0.003105 0.003594 0.001982
7 9 0.003105 0.003594 0.001982
7 10 0.003836 0.003594 0.001982
7 11 0.003105 0.003594 0.001982
7 12 0.004566 0.003594 0.001982
7 13 0.005297 0.003594 0.001982
7 14 0.005297 0.003594 0.001982
7 15 0.005479 0.003594 0.001982
7 16 0.004566 0.003594 0.001982
7 17 0.005114 0.003594 0.001982
7 18 0.004749 0.003594 0.001982
7 19 0.004201 0.003594 0.001982
7 20 0.005297 0.003594 0.001982
8 0 0.002374 0.003594 0.001982
8 1 0.001644 0.003594 0.001982
8 2 0.001644 0.003594 0.001982
8 3 0.002009 0.003594 0.001982
8 4 0.001461 0.003594 0.001982
8 5 0.002009 0.003594 0.001982
8 6 0.001826 0.003594 0.001982
8 7 0.004749 0.003594 0.001982
8 8 0.004201 0.003594 0.001982
8 9 0.003288 0.003594 0.001982
8 10 0.004566 0.003594 0.001982
8 11 0.004749 0.003594 0.001982
8 12 0.004566 0.003594 0.001982
8 13 0.005479 0.003594 0.001982
8 14 0.004201 0.003594 0.001982
8 15 0.004749 0.003594 0.001982
8 16 0.004566 0.003594 0.001982
8 17 0.002557 0.003594 0.001982
8 18 0.003653 0.003594 0.001982
8 19 0.002192 0.003594 0.001982
8 20 0.004018 0.003594 0.001982
9 0 0.002192 0.003594 0.001982
9 1 0.002192 0.003594 0.001982
9 2 0.002740 0.003594 0.001982
9 3 0.002009 0.003594 0.001982
9 4 0.001644 0.003594 0.001982
9 5 0.000913 0.003594 0.001982
9 6 0.002192 0.003594 0.001982
9 7 0.003288 0.003594 0.001982
9 8 0.004566 0.003594 0.001982
9 9 0.004384 0.003594 0.001982
9 10 0.004749 0.003594 0.001982
9 11 0.005845 0.003594 0.001982
9 12 0.006758 0.003594 0.001982
9 13 0.007854 0.003594 0.001982
9 14 0.005114 0.003594 0.001982
9 15 0.005114 0.003594 0.001982
9 16 0.005845 0.003594 0.001982
9 17 0.003836 0.003594 0.001982
9 18 0.002740 0.003594 0.001982
9 19 0.002557 0.003594 0.001982
9 20 0.003836 0.003594 0.001982
10 0 0.003105 0.003594 0.001982
10 1 0.001644 0.003594 0.001982
10 2 0.002009 0.003594 0.001982
10 3 0.002374 0.003594 0.001982
10 4 0.001461 0.003594 0.001982
10 5 0.001826 0.003594 0.001982
10 6 0.002557 0.003594 0.001982
10 7 0.003836 0.003594 0.001982
10 8 0.003836 0.003594 0.001982
10 9 0.005845 0.003594 0.001982
10 10 0.007306 0.003594 0.001982
10 11 0.006575 0.003594 0.001982
10 12 0.006575 0.003594 0.001982
10 13 0.007306 0.003594 0.001982
10 14 0.007306 0.003594 0.001982
10 15 0.006027 0.003594 0.001982
10 16 0.006393 0.003594 0.001982
10 17 0.006941 0.003594 0.001982
10 18 0.004018 0.003594 0.001982
10 19 0.003105 0.003594 0.001982
10 20 0.004201 0.003594 0.001982
11 0 0.003288 0.003594 0.001982
11 1 0.001644 0.003594 0.001982
11 2 0.002009 0.003594 0.001982
11 3 0.002740 0.003594 0.001982
11 4 0.003288 0.003594 0.001982
11 5 0.002557 0.003594 0.001982
11 6 0.004749 0.003594 0.001982
11 7 0.005479 0.003594 0.001982
11 8 0.004932 0.003594 0.001982
11 9 0.005662 0.003594 0.001982
11 10 0.007489 0.003594 0.001982
11 11 0.004566 0.003594 0.001982
11 12 0.005297 0.003594 0.001982
11 13 0.007306 0.003594 0.001982
11 14 0.009680 0.003594 0.001982
11 15 0.006210 0.003594 0.001982
11 16 0.005662 0.003594 0.001982
11 17 0.006393 0.003594 0.001982
11 18 0.004566 0.003594 0.001982
11 19 0.003288 0.003594 0.001982
11 20 0.003470 0.003594 0.001982
12 0 0.003470 0.003594 0.001982
12 1 0.002192 0.003594 0.001982
12 2 0.002922 0.003594 0.001982
12 3 0.002557 0.003594 0.001982
12 4 0.003288 0.003594 0.001982
12 5 0.002922 0.003594 0.001982
12 6 0.004018 0.003594 0.001982
12 7 0.003836 0.003594 0.001982
12 8 0.002922 0.003594 0.001982
12 9 0.007306 0.003594 0.001982
12 10 0.007489 0.003594 0.001982
12 11 0.006393 0.003594 0.001982
12 12 0.005845 0.003594 0.001982
12 13 0.007306 0.003594 0.001982
12 14 0.007854 0.003594 0.001982
12 15 0.005114 0.003594 0.001982
12 16 0.004749 0.003594 0.001982
12 17 0.004932 0.003594 0.001982
12 18 0.002374 0.003594 0.001982
12 19 0.003105 0.003594 0.001982
12 20 0.003470 0.003594 0.001982
13 0 0.003470 0.003594 0.001982
13 1 0.003470 0.003594 0.001982
13 2 0.002374 0.003594 0.001982
13 3 0.002192 0.003594 0.001982
13 4 0.004018 0.003594 0.001982
13 5 0.004749 0.003594 0.001982
13 6 0.004201 0.003594 0.001982
13 7 0.004384 0.003594 0.001982
13 8 0.003836 0.003594 0.001982
13 9 0.007671 0.003594 0.001982
13 10 0.008402 0.003594 0.001982
13 11 0.006393 0.003594 0.001982
13 12 0.006393 0.003594 0.001982
13 13 0.005662 0.003594 0.001982
13 14 0.006210 0.003594 0.001982
13 15 0.005845 0.003594 0.001982
13 16 0.005662 0.003594 0.001982
13 17 0.004384 0.003594 0.001982
13 18 0.005479 0.003594 0.001982
13 19 0.004201 0.003594 0.001982
13 20 0.003288 0.003594 0.001982
14 0 0.003653 0.003594 0.001982
14 1 0.003836 0.003594 0.001982
14 2 0.001279 0.003594 0.001982
14 3 0.002374 0.003594 0.001982
14 4 0.002740 0.003594 0.001982
14 5 0.003105 0.003594 0.001982
14 6 0.004018 0.003594 0.001982
14 7 0.005845 0.003594 0.001982
14 8 0.005114 0.003594 0.001982
14 9 0.004749 0.003594 0.001982
14 10 0.007123 0.003594 0.001982
14 11 0.007671 0.003594 0.001982
14 12 0.007671 0.003594 0.001982
14 13 0.006210 0.003594 0.001982
14 14 0.005297 0.003594 0.001982
14 15 0.005297 0.003594 0.001982
14 16 0.004566 0.003594 0.001982
14 17 0.004932 0.003594 0.001982
14 18 0.003653 0.003594 0.001982
14 19 0.002922 0.003594 0.001982
14 20 0.002557 0.003594 0.001982
15 0 0.003288 0.003594 0.001982
15 1 0.002557 0.003594 0.001982
15 2 0.002740 0.003594 0.001982
15 3 0.003653 0.003594 0.001982
15 4 0.003288 0.003594 0.001982
15 5 0.002740 0.003594 0.001982
15 6 0.003288 0.003594 0.001982
15 7 0.005297 0.003594 0.001982
15 8 0.003653 0.003594 0.001982
15 9 0.003470 0.003594 0.001982
15 10 0.005845 0.003594 0.001982
15 11 0.005845 0.003594 0.001982
15 12 0.005845 0.003594 0.001982
15 13 0.005479 0.003594 0.001982
15 14 0.006393 0.003594 0.001982
15 15 0.004749 0.003594 0.001982
15 16 0.005297 0.003594 0.001982
15 17 0.004018 0.003594 0.001982
15 18 0.002740 0.003594 0.001982
15 19 0.001826 0.003594 0.001982
15 20 0.003288 0.003594 0.001982
16 0 0.003653 0.003594 0.001982
16 1 0.003105 0.003594 0.001982
16 2 0.002740 0.003594 0.001982
16 3 0.004201 0.003594 0.001982
16 4 0.002922 0.003594 0.001982
16 5 0.002740 0.003594 0.001982
16 6 0.004932 0.003594 0.001982
16 7 0.004749 0.003594 0.001982
16 8 0.005479 0.003594 0.001982
16 9 0.005297 0.003594 0.001982
16 10 0.005662 0.003594 0.001982
16 11 0.005479 0.003594 0.001982
16 12 0.004018 0.003594 0.001982
16 13 0.005845 0.003594 0.001982
16 14 0.004201 0.003594 0.001982
16 15 0.004566 0.003594 0.001982
16 16 0.003470 0.003594 0.001982
16 17 0.003470 0.003594 0.001982
16 18 0.002374 0.003594 0.001982
16 19 0.002009 0.003594 0.001982
16 20 0.003105 0.003594 0.001982
17 0 0.003470 0.003594 0.001982
17 1 0.004201 0.003594 0.001982
17 2 0.004018 0.003594 0.001982
17 3 0.004201 0.003594 0.001982
17 4 0.004932 0.003594 0.001982
17 5 0.004749 0.003594 0.001982
17 6 0.006393 0.003594 0.001982
17 7 0.005845 0.003594 0.001982
17 8 0.004749 0.003594 0.001982
17 9 0.006027 0.003594 0.001982
17 10 0.005845 0.003594 0.001982
17 11 0.004932 0.003594 0.001982
17 12 0.004932 0.003594 0.001982
17 13 0.005297 0.003594 0.001982
17 14 0.004384 0.003594 0.001982
17 15 0.004201 0.003594 0.001982
17 16 0.002374 0.003594 0.001982
17 17 0.003105 0.003594 0.001982
17 18 0.002192 0.003594 0.001982
17 19 0.001461 0.003594 0.001982
17 20 0.002192 0.003594 0.001982
18 0 0.006027 0.003594 0.001982
18 1 0.004384 0.003594 0.001982
18 2 0.004749 0.003594 0.001982
18 3 0.004201 0.003594 0.001982
18 4 0.004384 0.003594 0.001982
18 5 0.004749 0.003594 0.001982
18 6 0.005479 0.003594 0.001982
18 7 0.005845 0.003594 0.001982
18 8 0.004384 0.003594 0.001982
18 9 0.004201 0.003594 0.001982
18 10 0.003836 0.003594 0.001982
18 11 0.003288 0.003594 0.001982
18 12 0.002557 0.003594 0.001982
18 13 0.004018 0.003594 0.001982
18 14 0.002557 0.003594 0.001982
18 15 0.001826 0.003594 0.001982
18 16 0.001826 0.003594 0.001982
18 17 0.000548 0.003594 0.001982
18 18 0.001826 0.003594 0.001982
18 19 0.000548 0.003594 0.001982
18 20 0.001461 0.003594 0.001982
19 0 0.005479 0.003594 0.001982
19 1 0.005479 0.003594 0.001982
19 2 0.006210 0.003594 0.001982
19 3 0.006393 0.003594 0.001982
19 4 0.006575 0.003594 0.001982
19 5 0.004384 0.003594 0.001982
19 6 0.004566 0.003594 0.001982
19 7 0.004566 0.003594 0.001982
19 8 0.003105 0.003594 0.001982
19 9 0.004018 0.003594 0.001982
19 10 0.003470 0.003594 0.001982
19 11 0.002740 0.003594 0.001982
19 12 0.002192 0.003594 0.001982
19 13 0.003470 0.003594 0.001982
19 14 0.002192 0.003594 0.001982
19 15 0.002557 0.003594 0.001982
19 16 0.001644 0.003594 0.001982
19 17 0.000913 0.003594 0.001982
19 18 0.000365 0.003594 0.001982
19 19 0.000183 0.003594 0.001982
19 20 0.001279 0.003594 0.001982
20 0 0.008037 0.003594 0.001982
20 1 0.007671 0.003594 0.001982
20 2 0.007671 0.003594 0.001982
20 3 0.006393 0.003594 0.001982
20 4 0.006393 0.003594 0.001982
20 5 0.005114 0.003594 0.001982
20 6 0.004018 0.003594 0.001982
20 7 0.004932 0.003594 0.001982
20 8 0.004566 0.003594 0.001982
20 9 0.003105 0.003594 0.001982
20 10 0.002922 0.003594 0.001982
20 11 0.003836 0.003594 0.001982
20 12 0.004018 0.003594 0.001982
20 13 0.004384 0.003594 0.001982
20 14 0.003470 0.003594 0.001982
20 15 0.003653 0.003594 0.001982
20 16 0.002922 0.003594 0.001982
20 17 0.001461 0.003594 0.001982
20 18 0.001096 0.003594 0.001982
20 19 0.000365 0.003594 0.001982
20 20 0.001279 0.003594 0.001982
