# contact distance = 8.0 Angstroms
# F = 0.4 kJ/mol

# i j contact_probability mean_contact_probability stddev_contact_probability
0 0 0.002424 0.002860 0.002485
0 1 0.001363 0.002860 0.002485
0 2 0.000757 0.002860 0.002485
0 3 0.000303 0.002860 0.002485
0 4 0.001818 0.002860 0.002485
0 5 0.001363 0.002860 0.002485
0 6 0.000909 0.002860 0.002485
0 7 0.001666 0.002860 0.002485
0 8 0.001818 0.002860 0.002485
0 9 0.001363 0.002860 0.002485
0 10 0.002121 0.002860 0.002485
0 11 0.001060 0.002860 0.002485
0 12 0.001212 0.002860 0.002485
0 13 0.002878 0.002860 0.002485
0 14 0.005301 0.002860 0.002485
0 15 0.005453 0.002860 0.002485
0 16 0.005756 0.002860 0.002485
0 17 0.007573 0.002860 0.002485
0 18 0.006665 0.002860 0.002485
0 19 0.005756 0.002860 0.002485
0 20 0.004090 0.002860 0.002485
1 0 0.001666 0.002860 0.002485
1 1 0.000151 0.002860 0.002485
1 2 0.000303 0.002860 0.002485
1 3 0.000000 0.002860 0.002485
1 4 0.000606 0.002860 0.002485
1 5 0.001212 0.002860 0.002485
1 6 0.000909 0.002860 0.002485
1 7 0.001060 0.002860 0.002485
1 8 0.001363 0.002860 0.002485
1 9 0.001666 0.002860 0.002485
1 10 0.001363 0.002860 0.002485
1 11 0.001969 0.002860 0.002485
1 12 0.002424 0.002860 0.002485
1 13 0.002726 0.002860 0.002485
1 14 0.004998 0.002860 0.002485
1 15 0.006362 0.002860 0.002485
1 16 0.007573 0.002860 0.002485
1 17 0.009543 0.002860 0.002485
1 18 0.006665 0.002860 0.002485
1 19 0.006059 0.002860 0.002485
1 20 0.003484 0.002860 0.002485
2 0 0.000757 0.002860 0.002485
2 1 0.000303 0.002860 0.002485
2 2 0.000151 0.002860 0.002485
2 3 0.000151 0.002860 0.002485
2 4 0.000151 0.002860 0.002485
2 5 0.000606 0.002860 0.002485
2 6 0.000909 0.002860 0.002485
2 7 0.000757 0.002860 0.002485
2 8 0.001515 0.002860 0.002485
2 9 0.001515 0.002860 0.002485
2 10 0.002121 0.002860 0.002485
2 11 0.002575 0.002860 0.002485
2 12 0.001818 0.002860 0.002485
2 13 0.003635 0.002860 0.002485
2 14 0.006513 0.002860 0.002485
2 15 0.008785 0.002860 0.002485
2 16 0.009694 0.002860 0.002485
2 17 0.009543 0.002860 0.002485
2 18 0.008482 0.002860 0.002485
2 19 0.007573 0.002860 0.002485
2 20 0.005756 0.002860 0.002485
3 0 0.001060 0.002860 0.002485
3 1 0.000303 0.002860 0.002485
3 2 0.000000 0.002860 0.002485
3 3 0.000151 0.002860 0.002485
3 4 0.000151 0.002860 0.002485
3 5 0.000000 0.002860 0.002485
3 6 0.000606 0.002860 0.002485
3 7 0.000606 0.002860 0.002485
3 8 0.001363 0.002860 0.002485
3 9 0.001060 0.002860 0.002485
3 10 0.001363 0.002860 0.002485
3 11 0.002272 0.002860 0.002485
3 12 0.002726 0.002860 0.002485
3 13 0.004393 0.002860 0.002485
3 14 0.006665 0.002860 0.002485
3 15 0.010451 0.002860 0.002485
3 16 0.012875 0.002860 0.002485
3 17 0.011663 0.002860 0.002485
3 18 0.010148 0.002860 0.002485
3 19 0.007119 0.002860 0.002485
3 20 0.004393 0.002860 0.002485
4 0 0.000606 0.002860 0.002485
4 1 0.000303 0.002860 0.002485
4 2 0.000454 0.002860 0.002485
4 3 0.000303 0.002860 0.002485
4 4 0.000606 0.002860 0.002485
4 5 0.000454 0.002860 0.002485
4 6 0.000757 0.002860 0.002485
4 7 0.001212 0.002860 0.002485
4 8 0.001212 0.002860 0.002485
4 9 0.001515 0.002860 0.002485
4 10 0.001363 0.002860 0.002485
4 11 0.001969 0.002860 0.002485
4 12 0.003484 0.002860 0.002485
4 13 0.005150 0.002860 0.002485
4 14 0.005604 0.002860 0.002485
4 15 0.006513 0.002860 0.002485
4 16 0.008028 0.002860 0.002485
4 17 0.006816 0.002860 0.002485
4 18 0.006816 0.002860 0.002485
4 19 0.005756 0.002860 0.002485
4 20 0.004241 0.002860 0.002485
5 0 0.001060 0.002860 0.002485
5 1 0.000454 0.002860 0.002485
5 2 0.000000 0.002860 0.002485
5 3 0.000151 0.002860 0.002485
5 4 0.001060 0.002860 0.002485
5 5 0.000454 0.002860 0.002485
5 6 0.000454 0.002860 0.002485
5 7 0.001363 0.002860 0.002485
5 8 0.001515 0.002860 0.002485
5 9 0.001363 0.002860 0.002485
5 10 0.002878 0.002860 0.002485
5 11 0.001969 0.002860 0.002485
5 12 0.002424 0.002860 0.002485
5 13 0.002726 0.002860 0.002485
5 14 0.003332 0.002860 0.002485
5 15 0.004090 0.002860 0.002485
5 16 0.006210 0.002860 0.002485
5 17 0.006059 0.002860 0.002485
5 18 0.006513 0.002860 0.002485
5 19 0.005453 0.002860 0.002485
5 20 0.004998 0.002860 0.002485
6 0 0.001666 0.002860 0.002485
6 1 0.000454 0.002860 0.002485
6 2 0.000909 0.002860 0.002485
6 3 0.000606 0.002860 0.002485
6 4 0.001515 0.002860 0.002485
6 5 0.001515 0.002860 0.002485
6 6 0.001060 0.002860 0.002485
6 7 0.001818 0.002860 0.002485
6 8 0.002272 0.002860 0.002485
6 9 0.003029 0.002860 0.002485
6 10 0.003029 0.002860 0.002485
6 11 0.002424 0.002860 0.002485
6 12 0.003181 0.002860 0.002485
6 13 0.002575 0.002860 0.002485
6 14 0.002272 0.002860 0.002485
6 15 0.003029 0.002860 0.002485
6 16 0.002575 0.002860 0.002485
6 17 0.003938 0.002860 0.002485
6 18 0.003787 0.002860 0.002485
6 19 0.003635 0.002860 0.002485
6 20 0.003635 0.002860 0.002485
7 0 0.001060 0.002860 0.002485
7 1 0.000151 0.002860 0.002485
7 2 0.000454 0.002860 0.002485
7 3 0.000606 0.002860 0.002485
7 4 0.000909 0.002860 0.002485
7 5 0.001666 0.002860 0.002485
7 6 0.001969 0.002860 0.002485
7 7 0.002272 0.002860 0.002485
7 8 0.002424 0.002860 0.002485
7 9 0.002272 0.002860 0.002485
7 10 0.004241 0.002860 0.002485
7 11 0.004241 0.002860 0.002485
7 12 0.004090 0.002860 0.002485
7 13 0.002878 0.002860 0.002485
7 14 0.002878 0.002860 0.002485
7 15 0.003787 0.002860 0.002485
7 16 0.002121 0.002860 0.002485
7 17 0.002121 0.002860 0.002485
7 18 0.002575 0.002860 0.002485
7 19 0.003029 0.002860 0.002485
7 20 0.002575 0.002860 0.002485
8 0 0.001363 0.002860 0.002485
8 1 0.000303 0.002860 0.002485
8 2 0.000151 0.002860 0.002485
8 3 0.000909 0.002860 0.002485
8 4 0.001363 0.002860 0.002485
8 5 0.001515 0.002860 0.002485
8 6 0.001363 0.002860 0.002485
8 7 0.002272 0.002860 0.002485
8 8 0.002121 0.002860 0.002485
8 9 0.002726 0.002860 0.002485
8 10 0.003787 0.002860 0.002485
8 11 0.004544 0.002860 0.002485
8 12 0.003635 0.002860 0.002485
8 13 0.003635 0.002860 0.002485
8 14 0.003484 0.002860 0.002485
8 15 0.002726 0.002860 0.002485
8 16 0.002272 0.002860 0.002485
8 17 0.003332 0.002860 0.002485
8 18 0.002575 0.002860 0.002485
8 19 0.002121 0.002860 0.002485
8 20 0.001969 0.002860 0.002485
9 0 0.001666 0.002860 0.002485
9 1 0.001060 0.002860 0.002485
9 2 0.001060 0.002860 0.002485
9 3 0.001515 0.002860 0.002485
9 4 0.001363 0.002860 0.002485
9 5 0.001515 0.002860 0.002485
9 6 0.001969 0.002860 0.002485
9 7 0.002424 0.002860 0.002485
9 8 0.001818 0.002860 0.002485
9 9 0.002726 0.002860 0.002485
9 10 0.002726 0.002860 0.002485
9 11 0.004393 0.002860 0.002485
9 12 0.003938 0.002860 0.002485
9 13 0.004393 0.002860 0.002485
9 14 0.004393 0.002860 0.002485
9 15 0.004393 0.002860 0.002485
9 16 0.002726 0.002860 0.002485
9 17 0.001969 0.002860 0.002485
9 18 0.002424 0.002860 0.002485
9 19 0.002121 0.002860 0.002485
9 20 0.002121 0.002860 0.002485
10 0 0.002272 0.002860 0.002485
10 1 0.002121 0.002860 0.002485
10 2 0.001515 0.002860 0.002485
10 3 0.000757 0.002860 0.002485
10 4 0.001818 0.002860 0.002485
10 5 0.002575 0.002860 0.002485
10 6 0.002575 0.002860 0.002485
10 7 0.002878 0.002860 0.002485
10 8 0.002726 0.002860 0.002485
10 9 0.003938 0.002860 0.002485
10 10 0.003787 0.002860 0.002485
10 11 0.004544 0.002860 0.002485
10 12 0.003484 0.002860 0.002485
10 13 0.003332 0.002860 0.002485
10 14 0.003332 0.002860 0.002485
10 15 0.002575 0.002860 0.002485
10 16 0.002575 0.002860 0.002485
10 17 0.002878 0.002860 0.002485
10 18 0.001969 0.002860 0.002485
10 19 0.002121 0.002860 0.002485
10 20 0.002121 0.002860 0.002485
11 0 0.003181 0.002860 0.002485
11 1 0.002726 0.002860 0.002485
11 2 0.002575 0.002860 0.002485
11 3 0.001818 0.002860 0.002485
11 4 0.001666 0.002860 0.002485
11 5 0.001818 0.002860 0.002485
11 6 0.005301 0.002860 0.002485
11 7 0.003635 0.002860 0.002485
11 8 0.003787 0.002860 0.002485
11 9 0.003787 0.002860 0.002485
11 10 0.004393 0.002860 0.002485
11 11 0.004696 0.002860 0.002485
11 12 0.004090 0.002860 0.002485
11 13 0.003332 0.002860 0.002485
11 14 0.003029 0.002860 0.002485
11 15 0.003181 0.002860 0.002485
11 16 0.001060 0.002860 0.002485
11 17 0.000757 0.002860 0.002485
11 18 0.001212 0.002860 0.002485
11 19 0.001060 0.002860 0.002485
11 20 0.002424 0.002860 0.002485
12 0 0.003181 0.002860 0.002485
12 1 0.002424 0.002860 0.002485
12 2 0.002878 0.002860 0.002485
12 3 0.002272 0.002860 0.002485
12 4 0.002878 0.002860 0.002485
12 5 0.002272 0.002860 0.002485
12 6 0.003029 0.002860 0.002485
12 7 0.003181 0.002860 0.002485
12 8 0.002726 0.002860 0.002485
12 9 0.001969 0.002860 0.002485
12 10 0.003635 0.002860 0.002485
12 11 0.003332 0.002860 0.002485
12 12 0.002726 0.002860 0.002485
12 13 0.003029 0.002860 0.002485
12 14 0.002575 0.002860 0.002485
12 15 0.001818 0.002860 0.002485
12 16 0.001818 0.002860 0.002485
12 17 0.001212 0.002860 0.002485
12 18 0.001212 0.002860 0.002485
12 19 0.001060 0.002860 0.002485
12 20 0.000909 0.002860 0.002485
13 0 0.003787 0.002860 0.002485
13 1 0.002272 0.002860 0.002485
13 2 0.003181 0.002860 0.002485
13 3 0.003484 0.002860 0.002485
13 4 0.003635 0.002860 0.002485
13 5 0.003029 0.002860 0.002485
13 6 0.003332 0.002860 0.002485
13 7 0.004393 0.002860 0.002485
13 8 0.003787 0.002860 0.002485
13 9 0.003787 0.002860 0.002485
13 10 0.003332 0.002860 0.002485
13 11 0.003635 0.002860 0.002485
13 12 0.003029 0.002860 0.002485
13 13 0.002121 0.002860 0.002485
13 14 0.001666 0.002860 0.002485
13 15 0.000909 0.002860 0.002485
13 16 0.000909 0.002860 0.002485
13 17 0.000909 0.002860 0.002485
13 18 0.000909 0.002860 0.002485
13 19 0.000303 0.002860 0.002485
13 20 0.001060 0.002860 0.002485
14 0 0.003635 0.002860 0.002485
14 1 0.004847 0.002860 0.002485
14 2 0.004241 0.002860 0.002485
14 3 0.005150 0.002860 0.002485
14 4 0.005907 0.002860 0.002485
14 5 0.003332 0.002860 0.002485
14 6 0.004696 0.002860 0.002485
14 7 0.003938 0.002860 0.002485
14 8 0.004696 0.002860 0.002485
14 9 0.004090 0.002860 0.002485
14 10 0.003787 0.002860 0.002485
14 11 0.003332 0.002860 0.002485
14 12 0.001818 0.002860 0.002485
14 13 0.002272 0.002860 0.002485
14 14 0.001363 0.002860 0.002485
14 15 0.000909 0.002860 0.002485
14 16 0.000454 0.002860 0.002485
14 17 0.000454 0.002860 0.002485
14 18 0.000606 0.002860 0.002485
14 19 0.000454 0.002860 0.002485
14 20 0.000757 0.002860 0.002485
15 0 0.004998 0.002860 0.002485
15 1 0.007422 0.002860 0.002485
15 2 0.007725 0.002860 0.002485
15 3 0.007422 0.002860 0.002485
15 4 0.006210 0.002860 0.002485
15 5 0.005453 0.002860 0.002485
15 6 0.006059 0.002860 0.002485
15 7 0.005453 0.002860 0.002485
15 8 0.004241 0.002860 0.002485
15 9 0.003787 0.002860 0.002485
15 10 0.002424 0.002860 0.002485
15 11 0.002121 0.002860 0.002485
15 12 0.001666 0.002860 0.002485
15 13 0.001212 0.002860 0.002485
15 14 0.001212 0.002860 0.002485
15 15 0.000757 0.002860 0.002485
15 16 0.000151 0.002860 0.002485
15 17 0.000151 0.002860 0.002485
15 18 0.000000 0.002860 0.002485
15 19 0.000000 0.002860 0.002485
15 20 0.000151 0.002860 0.002485
16 0 0.005301 0.002860 0.002485
16 1 0.009997 0.002860 0.002485
16 2 0.012118 0.002860 0.002485
16 3 0.011663 0.002860 0.002485
16 4 0.007725 0.002860 0.002485
16 5 0.005301 0.002860 0.002485
16 6 0.004241 0.002860 0.002485
16 7 0.002272 0.002860 0.002485
16 8 0.002575 0.002860 0.002485
16 9 0.002878 0.002860 0.002485
16 10 0.002575 0.002860 0.002485
16 11 0.001818 0.002860 0.002485
16 12 0.001969 0.002860 0.002485
16 13 0.000757 0.002860 0.002485
16 14 0.000757 0.002860 0.002485
16 15 0.000151 0.002860 0.002485
16 16 0.000151 0.002860 0.002485
16 17 0.000000 0.002860 0.002485
16 18 0.000000 0.002860 0.002485
16 19 0.000151 0.002860 0.002485
16 20 0.000000 0.002860 0.002485
17 0 0.005150 0.002860 0.002485
17 1 0.009694 0.002860 0.002485
17 2 0.012875 0.002860 0.002485
17 3 0.011057 0.002860 0.002485
17 4 0.008331 0.002860 0.002485
17 5 0.006059 0.002860 0.002485
17 6 0.002878 0.002860 0.002485
17 7 0.002121 0.002860 0.002485
17 8 0.001969 0.002860 0.002485
17 9 0.001818 0.002860 0.002485
17 10 0.001212 0.002860 0.002485
17 11 0.001060 0.002860 0.002485
17 12 0.001363 0.002860 0.002485
17 13 0.001212 0.002860 0.002485
17 14 0.000606 0.002860 0.002485
17 15 0.000606 0.002860 0.002485
17 16 0.000000 0.002860 0.002485
17 17 0.000000 0.002860 0.002485
17 18 0.000000 0.002860 0.002485
17 19 0.000000 0.002860 0.002485
17 20 0.000454 0.002860 0.002485
18 0 0.006513 0.002860 0.002485
18 1 0.008331 0.002860 0.002485
18 2 0.011209 0.002860 0.002485
18 3 0.008482 0.002860 0.002485
18 4 0.006665 0.002860 0.002485
18 5 0.005907 0.002860 0.002485
18 6 0.003635 0.002860 0.002485
18 7 0.002726 0.002860 0.002485
18 8 0.001969 0.002860 0.002485
18 9 0.001363 0.002860 0.002485
18 10 0.001060 0.002860 0.002485
18 11 0.000909 0.002860 0.002485
18 12 0.000757 0.002860 0.002485
18 13 0.001363 0.002860 0.002485
18 14 0.000757 0.002860 0.002485
18 15 0.000454 0.002860 0.002485
18 16 0.000151 0.002860 0.002485
18 17 0.000000 0.002860 0.002485
18 18 0.000151 0.002860 0.002485
18 19 0.000151 0.002860 0.002485
18 20 0.000454 0.002860 0.002485
19 0 0.005150 0.002860 0.002485
19 1 0.007422 0.002860 0.002485
19 2 0.009088 0.002860 0.002485
19 3 0.007271 0.002860 0.002485
19 4 0.005453 0.002860 0.002485
19 5 0.005150 0.002860 0.002485
19 6 0.002726 0.002860 0.002485
19 7 0.002878 0.002860 0.002485
19 8 0.002575 0.002860 0.002485
19 9 0.001363 0.002860 0.002485
19 10 0.001515 0.002860 0.002485
19 11 0.001363 0.002860 0.002485
19 12 0.001363 0.002860 0.002485
19 13 0.001818 0.002860 0.002485
19 14 0.001060 0.002860 0.002485
19 15 0.000606 0.002860 0.002485
19 16 0.000303 0.002860 0.002485
19 17 0.000000 0.002860 0.002485
19 18 0.000000 0.002860 0.002485
19 19 0.000909 0.002860 0.002485
19 20 0.000909 0.002860 0.002485
20 0 0.004998 0.002860 0.002485
20 1 0.006362 0.002860 0.002485
20 2 0.008331 0.002860 0.002485
20 3 0.007119 0.002860 0.002485
20 4 0.006513 0.002860 0.002485
20 5 0.004998 0.002860 0.002485
20 6 0.003484 0.002860 0.002485
20 7 0.002424 0.002860 0.002485
20 8 0.001969 0.002860 0.002485
20 9 0.002121 0.002860 0.002485
20 10 0.002121 0.002860 0.002485
20 11 0.001515 0.002860 0.002485
20 12 0.001515 0.002860 0.002485
20 13 0.001060 0.002860 0.002485
20 14 0.001060 0.002860 0.002485
20 15 0.000151 0.002860 0.002485
20 16 0.000151 0.002860 0.002485
20 17 0.000151 0.002860 0.002485
20 18 0.000606 0.002860 0.002485
20 19 0.000757 0.002860 0.002485
20 20 0.000606 0.002860 0.002485
