# contact distance = 8.0 Angstroms
# F = 0.4 kJ/mol

# i j contact_probability mean_contact_probability stddev_contact_probability
0 0 0.001371 0.003640 0.003167
0 1 0.000872 0.003640 0.003167
0 2 0.000249 0.003640 0.003167
0 3 0.000872 0.003640 0.003167
0 4 0.001121 0.003640 0.003167
0 5 0.002990 0.003640 0.003167
0 6 0.002990 0.003640 0.003167
0 7 0.002118 0.003640 0.003167
0 8 0.001869 0.003640 0.003167
0 9 0.001869 0.003640 0.003167
0 10 0.002243 0.003640 0.003167
0 11 0.002492 0.003640 0.003167
0 12 0.003987 0.003640 0.003167
0 13 0.004361 0.003640 0.003167
0 14 0.005607 0.003640 0.003167
0 15 0.006105 0.003640 0.003167
0 16 0.008472 0.003640 0.003167
0 17 0.010715 0.003640 0.003167
0 18 0.013456 0.003640 0.003167
0 19 0.012833 0.003640 0.003167
0 20 0.013332 0.003640 0.003167
1 0 0.000997 0.003640 0.003167
1 1 0.000374 0.003640 0.003167
1 2 0.000000 0.003640 0.003167
1 3 0.000374 0.003640 0.003167
1 4 0.000748 0.003640 0.003167
1 5 0.001121 0.003640 0.003167
1 6 0.001994 0.003640 0.003167
1 7 0.001371 0.003640 0.003167
1 8 0.001371 0.003640 0.003167
1 9 0.001994 0.003640 0.003167
1 10 0.001371 0.003640 0.003167
1 11 0.002616 0.003640 0.003167
1 12 0.002741 0.003640 0.003167
1 13 0.005233 0.003640 0.003167
1 14 0.004859 0.003640 0.003167
1 15 0.006354 0.003640 0.003167
1 16 0.009220 0.003640 0.003167
1 17 0.011961 0.003640 0.003167
1 18 0.015699 0.003640 0.003167
1 19 0.014328 0.003640 0.003167
1 20 0.012833 0.003640 0.003167
2 0 0.000249 0.003640 0.003167
2 1 0.000125 0.003640 0.003167
2 2 0.000125 0.003640 0.003167
2 3 0.000374 0.003640 0.003167
2 4 0.000623 0.003640 0.003167
2 5 0.000872 0.003640 0.003167
2 6 0.001744 0.003640 0.003167
2 7 0.000997 0.003640 0.003167
2 8 0.001246 0.003640 0.003167
2 9 0.001495 0.003640 0.003167
2 10 0.001994 0.003640 0.003167
2 11 0.002741 0.003640 0.003167
2 12 0.002990 0.003640 0.003167
2 13 0.004859 0.003640 0.003167
2 14 0.005482 0.003640 0.003167
2 15 0.007102 0.003640 0.003167
2 16 0.008846 0.003640 0.003167
2 17 0.013581 0.003640 0.003167
2 18 0.015699 0.003640 0.003167
2 19 0.014079 0.003640 0.003167
2 20 0.012709 0.003640 0.003167
3 0 0.000498 0.003640 0.003167
3 1 0.000498 0.003640 0.003167
3 2 0.000249 0.003640 0.003167
3 3 0.000374 0.003640 0.003167
3 4 0.000997 0.003640 0.003167
3 5 0.000623 0.003640 0.003167
3 6 0.001371 0.003640 0.003167
3 7 0.001246 0.003640 0.003167
3 8 0.001246 0.003640 0.003167
3 9 0.001495 0.003640 0.003167
3 10 0.002492 0.003640 0.003167
3 11 0.003613 0.003640 0.003167
3 12 0.003613 0.003640 0.003167
3 13 0.005607 0.003640 0.003167
3 14 0.005607 0.003640 0.003167
3 15 0.006728 0.003640 0.003167
3 16 0.009345 0.003640 0.003167
3 17 0.011712 0.003640 0.003167
3 18 0.011214 0.003640 0.003167
3 19 0.009968 0.003640 0.003167
3 20 0.009469 0.003640 0.003167
4 0 0.001620 0.003640 0.003167
4 1 0.000748 0.003640 0.003167
4 2 0.000623 0.003640 0.003167
4 3 0.000374 0.003640 0.003167
4 4 0.000997 0.003640 0.003167
4 5 0.000997 0.003640 0.003167
4 6 0.001371 0.003640 0.003167
4 7 0.001371 0.003640 0.003167
4 8 0.002118 0.003640 0.003167
4 9 0.003115 0.003640 0.003167
4 10 0.003489 0.003640 0.003167
4 11 0.003987 0.003640 0.003167
4 12 0.002990 0.003640 0.003167
4 13 0.004361 0.003640 0.003167
4 14 0.006728 0.003640 0.003167
4 15 0.005981 0.003640 0.003167
4 16 0.007351 0.003640 0.003167
4 17 0.008597 0.003640 0.003167
4 18 0.006853 0.003640 0.003167
4 19 0.006354 0.003640 0.003167
4 20 0.006230 0.003640 0.003167
5 0 0.001620 0.003640 0.003167
5 1 0.001121 0.003640 0.003167
5 2 0.000997 0.003640 0.003167
5 3 0.000623 0.003640 0.003167
5 4 0.001121 0.003640 0.003167
5 5 0.001495 0.003640 0.003167
5 6 0.001869 0.003640 0.003167
5 7 0.002367 0.003640 0.003167
5 8 0.002741 0.003640 0.003167
5 9 0.003115 0.003640 0.003167
5 10 0.004361 0.003640 0.003167
5 11 0.004859 0.003640 0.003167
5 12 0.004236 0.003640 0.003167
5 13 0.005731 0.003640 0.003167
5 14 0.006354 0.003640 0.003167
5 15 0.006977 0.003640 0.003167
5 16 0.005981 0.003640 0.003167
5 17 0.005607 0.003640 0.003167
5 18 0.005233 0.003640 0.003167
5 19 0.004236 0.003640 0.003167
5 20 0.004361 0.003640 0.003167
6 0 0.002367 0.003640 0.003167
6 1 0.000872 0.003640 0.003167
6 2 0.000997 0.003640 0.003167
6 3 0.001121 0.003640 0.003167
6 4 0.001495 0.003640 0.003167
6 5 0.002866 0.003640 0.003167
6 6 0.002118 0.003640 0.003167
6 7 0.002990 0.003640 0.003167
6 8 0.003364 0.003640 0.003167
6 9 0.003489 0.003640 0.003167
6 10 0.004485 0.003640 0.003167
6 11 0.004361 0.003640 0.003167
6 12 0.003115 0.003640 0.003167
6 13 0.004112 0.003640 0.003167
6 14 0.005607 0.003640 0.003167
6 15 0.007102 0.003640 0.003167
6 16 0.005856 0.003640 0.003167
6 17 0.004610 0.003640 0.003167
6 18 0.003613 0.003640 0.003167
6 19 0.002367 0.003640 0.003167
6 20 0.002741 0.003640 0.003167
7 0 0.002118 0.003640 0.003167
7 1 0.001620 0.003640 0.003167
7 2 0.001620 0.003640 0.003167
7 3 0.000872 0.003640 0.003167
7 4 0.002492 0.003640 0.003167
7 5 0.003115 0.003640 0.003167
7 6 0.002243 0.003640 0.003167
7 7 0.002741 0.003640 0.003167
7 8 0.001994 0.003640 0.003167
7 9 0.003489 0.003640 0.003167
7 10 0.004984 0.003640 0.003167
7 11 0.005981 0.003640 0.003167
7 12 0.004112 0.003640 0.003167
7 13 0.003239 0.003640 0.003167
7 14 0.004984 0.003640 0.003167
7 15 0.006354 0.003640 0.003167
7 16 0.004610 0.003640 0.003167
7 17 0.003613 0.003640 0.003167
7 18 0.002616 0.003640 0.003167
7 19 0.001246 0.003640 0.003167
7 20 0.002367 0.003640 0.003167
8 0 0.001744 0.003640 0.003167
8 1 0.001495 0.003640 0.003167
8 2 0.002118 0.003640 0.003167
8 3 0.001869 0.003640 0.003167
8 4 0.001869 0.003640 0.003167
8 5 0.002492 0.003640 0.003167
8 6 0.003115 0.003640 0.003167
8 7 0.001869 0.003640 0.003167
8 8 0.001620 0.003640 0.003167
8 9 0.004361 0.003640 0.003167
8 10 0.004610 0.003640 0.003167
8 11 0.005108 0.003640 0.003167
8 12 0.003364 0.003640 0.003167
8 13 0.003489 0.003640 0.003167
8 14 0.004610 0.003640 0.003167
8 15 0.005358 0.003640 0.003167
8 16 0.002616 0.003640 0.003167
8 17 0.003489 0.003640 0.003167
8 18 0.002367 0.003640 0.003167
8 19 0.001495 0.003640 0.003167
8 20 0.001994 0.003640 0.003167
9 0 0.002616 0.003640 0.003167
9 1 0.001744 0.003640 0.003167
9 2 0.002741 0.003640 0.003167
9 3 0.002741 0.003640 0.003167
9 4 0.002990 0.003640 0.003167
9 5 0.002616 0.003640 0.003167
9 6 0.002866 0.003640 0.003167
9 7 0.003239 0.003640 0.003167
9 8 0.003738 0.003640 0.003167
9 9 0.003613 0.003640 0.003167
9 10 0.004236 0.003640 0.003167
9 11 0.004735 0.003640 0.003167
9 12 0.003862 0.003640 0.003167
9 13 0.004485 0.003640 0.003167
9 14 0.004361 0.003640 0.003167
9 15 0.005233 0.003640 0.003167
9 16 0.003738 0.003640 0.003167
9 17 0.002243 0.003640 0.003167
9 18 0.002492 0.003640 0.003167
9 19 0.002492 0.003640 0.003167
9 20 0.001994 0.003640 0.003167
10 0 0.002741 0.003640 0.003167
10 1 0.002492 0.003640 0.003167
10 2 0.002866 0.003640 0.003167
10 3 0.002990 0.003640 0.003167
10 4 0.003613 0.003640 0.003167
10 5 0.002866 0.003640 0.003167
10 6 0.003489 0.003640 0.003167
10 7 0.003738 0.003640 0.003167
10 8 0.004236 0.003640 0.003167
10 9 0.004735 0.003640 0.003167
10 10 0.004859 0.003640 0.003167
10 11 0.005108 0.003640 0.003167
10 12 0.003987 0.003640 0.003167
10 13 0.004112 0.003640 0.003167
10 14 0.004859 0.003640 0.003167
10 15 0.003862 0.003640 0.003167
10 16 0.002990 0.003640 0.003167
10 17 0.002866 0.003640 0.003167
10 18 0.002741 0.003640 0.003167
10 19 0.002118 0.003640 0.003167
10 20 0.002367 0.003640 0.003167
11 0 0.003115 0.003640 0.003167
11 1 0.002243 0.003640 0.003167
11 2 0.002243 0.003640 0.003167
11 3 0.002492 0.003640 0.003167
11 4 0.003115 0.003640 0.003167
11 5 0.003738 0.003640 0.003167
11 6 0.004236 0.003640 0.003167
11 7 0.003738 0.003640 0.003167
11 8 0.003987 0.003640 0.003167
11 9 0.004859 0.003640 0.003167
11 10 0.005233 0.003640 0.003167
11 11 0.004735 0.003640 0.003167
11 12 0.003862 0.003640 0.003167
11 13 0.002616 0.003640 0.003167
11 14 0.003738 0.003640 0.003167
11 15 0.003489 0.003640 0.003167
11 16 0.002616 0.003640 0.003167
11 17 0.002990 0.003640 0.003167
11 18 0.001620 0.003640 0.003167
11 19 0.001994 0.003640 0.003167
11 20 0.001994 0.003640 0.003167
12 0 0.003613 0.003640 0.003167
12 1 0.003239 0.003640 0.003167
12 2 0.004112 0.003640 0.003167
12 3 0.003239 0.003640 0.003167
12 4 0.005108 0.003640 0.003167
12 5 0.003862 0.003640 0.003167
12 6 0.003613 0.003640 0.003167
12 7 0.002243 0.003640 0.003167
12 8 0.002616 0.003640 0.003167
12 9 0.003862 0.003640 0.003167
12 10 0.004361 0.003640 0.003167
12 11 0.005856 0.003640 0.003167
12 12 0.002866 0.003640 0.003167
12 13 0.002741 0.003640 0.003167
12 14 0.002492 0.003640 0.003167
12 15 0.001246 0.003640 0.003167
12 16 0.001121 0.003640 0.003167
12 17 0.002118 0.003640 0.003167
12 18 0.000498 0.003640 0.003167
12 19 0.000623 0.003640 0.003167
12 20 0.000748 0.003640 0.003167
13 0 0.005108 0.003640 0.003167
13 1 0.004112 0.003640 0.003167
13 2 0.005731 0.003640 0.003167
13 3 0.005358 0.003640 0.003167
13 4 0.004735 0.003640 0.003167
13 5 0.006479 0.003640 0.003167
13 6 0.004984 0.003640 0.003167
13 7 0.002866 0.003640 0.003167
13 8 0.001744 0.003640 0.003167
13 9 0.001744 0.003640 0.003167
13 10 0.002367 0.003640 0.003167
13 11 0.004361 0.003640 0.003167
13 12 0.003239 0.003640 0.003167
13 13 0.001869 0.003640 0.003167
13 14 0.002243 0.003640 0.003167
13 15 0.001620 0.003640 0.003167
13 16 0.001246 0.003640 0.003167
13 17 0.001246 0.003640 0.003167
13 18 0.000623 0.003640 0.003167
13 19 0.000249 0.003640 0.003167
13 20 0.001371 0.003640 0.003167
14 0 0.005856 0.003640 0.003167
14 1 0.004485 0.003640 0.003167
14 2 0.005856 0.003640 0.003167
14 3 0.005607 0.003640 0.003167
14 4 0.006105 0.003640 0.003167
14 5 0.006479 0.003640 0.003167
14 6 0.006230 0.003640 0.003167
14 7 0.003115 0.003640 0.003167
14 8 0.002741 0.003640 0.003167
14 9 0.001994 0.003640 0.003167
14 10 0.002866 0.003640 0.003167
14 11 0.002866 0.003640 0.003167
14 12 0.002492 0.003640 0.003167
14 13 0.002243 0.003640 0.003167
14 14 0.003364 0.003640 0.003167
14 15 0.002492 0.003640 0.003167
14 16 0.001620 0.003640 0.003167
14 17 0.000872 0.003640 0.003167
14 18 0.000748 0.003640 0.003167
14 19 0.000249 0.003640 0.003167
14 20 0.001371 0.003640 0.003167
15 0 0.006354 0.003640 0.003167
15 1 0.005981 0.003640 0.003167
15 2 0.007351 0.003640 0.003167
15 3 0.007227 0.003640 0.003167
15 4 0.007600 0.003640 0.003167
15 5 0.006728 0.003640 0.003167
15 6 0.005856 0.003640 0.003167
15 7 0.003613 0.003640 0.003167
15 8 0.003987 0.003640 0.003167
15 9 0.004361 0.003640 0.003167
15 10 0.003738 0.003640 0.003167
15 11 0.003239 0.003640 0.003167
15 12 0.003115 0.003640 0.003167
15 13 0.002492 0.003640 0.003167
15 14 0.003239 0.003640 0.003167
15 15 0.002492 0.003640 0.003167
15 16 0.001246 0.003640 0.003167
15 17 0.000748 0.003640 0.003167
15 18 0.000623 0.003640 0.003167
15 19 0.000498 0.003640 0.003167
15 20 0.001121 0.003640 0.003167
16 0 0.008348 0.003640 0.003167
16 1 0.009095 0.003640 0.003167
16 2 0.008472 0.003640 0.003167
16 3 0.008099 0.003640 0.003167
16 4 0.006728 0.003640 0.003167
16 5 0.005358 0.003640 0.003167
16 6 0.006479 0.003640 0.003167
16 7 0.003738 0.003640 0.003167
16 8 0.002990 0.003640 0.003167
16 9 0.004236 0.003640 0.003167
16 10 0.004112 0.003640 0.003167
16 11 0.002741 0.003640 0.003167
16 12 0.002866 0.003640 0.003167
16 13 0.001620 0.003640 0.003167
16 14 0.001246 0.003640 0.003167
16 15 0.001869 0.003640 0.003167
16 16 0.001246 0.003640 0.003167
16 17 0.000748 0.003640 0.003167
16 18 0.000498 0.003640 0.003167
16 19 0.000125 0.003640 0.003167
16 20 0.001121 0.003640 0.003167
17 0 0.010591 0.003640 0.003167
17 1 0.012958 0.003640 0.003167
17 2 0.012460 0.003640 0.003167
17 3 0.009220 0.003640 0.003167
17 4 0.006479 0.003640 0.003167
17 5 0.005607 0.003640 0.003167
17 6 0.003987 0.003640 0.003167
17 7 0.002741 0.003640 0.003167
17 8 0.003364 0.003640 0.003167
17 9 0.002243 0.003640 0.003167
17 10 0.001869 0.003640 0.003167
17 11 0.002118 0.003640 0.003167
17 12 0.001620 0.003640 0.003167
17 13 0.000748 0.003640 0.003167
17 14 0.000623 0.003640 0.003167
17 15 0.000748 0.003640 0.003167
17 16 0.000498 0.003640 0.003167
17 17 0.000498 0.003640 0.003167
17 18 0.000249 0.003640 0.003167
17 19 0.000498 0.003640 0.003167
17 20 0.000498 0.003640 0.003167
18 0 0.012460 0.003640 0.003167
18 1 0.013207 0.003640 0.003167
18 2 0.013332 0.003640 0.003167
18 3 0.011587 0.003640 0.003167
18 4 0.005856 0.003640 0.003167
18 5 0.004236 0.003640 0.003167
18 6 0.003115 0.003640 0.003167
18 7 0.002990 0.003640 0.003167
18 8 0.002367 0.003640 0.003167
18 9 0.001371 0.003640 0.003167
18 10 0.001744 0.003640 0.003167
18 11 0.001371 0.003640 0.003167
18 12 0.000997 0.003640 0.003167
18 13 0.000623 0.003640 0.003167
18 14 0.000498 0.003640 0.003167
18 15 0.000374 0.003640 0.003167
18 16 0.000374 0.003640 0.003167
18 17 0.000000 0.003640 0.003167
18 18 0.000000 0.003640 0.003167
18 19 0.000000 0.003640 0.003167
18 20 0.000125 0.003640 0.003167
19 0 0.013456 0.003640 0.003167
19 1 0.014204 0.003640 0.003167
19 2 0.015699 0.003640 0.003167
19 3 0.011463 0.003640 0.003167
19 4 0.005607 0.003640 0.003167
19 5 0.004610 0.003640 0.003167
19 6 0.002616 0.003640 0.003167
19 7 0.001744 0.003640 0.003167
19 8 0.001495 0.003640 0.003167
19 9 0.001371 0.003640 0.003167
19 10 0.002118 0.003640 0.003167
19 11 0.002118 0.003640 0.003167
19 12 0.000623 0.003640 0.003167
19 13 0.000374 0.003640 0.003167
19 14 0.000125 0.003640 0.003167
19 15 0.000000 0.003640 0.003167
19 16 0.000249 0.003640 0.003167
19 17 0.000374 0.003640 0.003167
19 18 0.000125 0.003640 0.003167
19 19 0.000125 0.003640 0.003167
19 20 0.000125 0.003640 0.003167
20 0 0.011463 0.003640 0.003167
20 1 0.011463 0.003640 0.003167
20 2 0.011587 0.003640 0.003167
20 3 0.009095 0.003640 0.003167
20 4 0.005482 0.003640 0.003167
20 5 0.003613 0.003640 0.003167
20 6 0.002866 0.003640 0.003167
20 7 0.002492 0.003640 0.003167
20 8 0.001869 0.003640 0.003167
20 9 0.002118 0.003640 0.003167
20 10 0.002118 0.003640 0.003167
20 11 0.001495 0.003640 0.003167
20 12 0.000623 0.003640 0.003167
20 13 0.000748 0.003640 0.003167
20 14 0.000872 0.003640 0.003167
20 15 0.000623 0.003640 0.003167
20 16 0.000498 0.003640 0.003167
20 17 0.000374 0.003640 0.003167
20 18 0.000249 0.003640 0.003167
20 19 0.000498 0.003640 0.003167
20 20 0.001121 0.003640 0.003167
