# contact distance = 8.0 Angstroms
# F = 0.4 kJ/mol

# i j contact_probability mean_contact_probability stddev_contact_probability
0 0 0.000958 0.002502 0.001998
0 1 0.000160 0.002502 0.001998
0 2 0.000639 0.002502 0.001998
0 3 0.000799 0.002502 0.001998
0 4 0.001278 0.002502 0.001998
0 5 0.001438 0.002502 0.001998
0 6 0.001917 0.002502 0.001998
0 7 0.002556 0.002502 0.001998
0 8 0.002396 0.002502 0.001998
0 9 0.002556 0.002502 0.001998
0 10 0.003355 0.002502 0.001998
0 11 0.003994 0.002502 0.001998
0 12 0.003514 0.002502 0.001998
0 13 0.005591 0.002502 0.001998
0 14 0.007668 0.002502 0.001998
0 15 0.008786 0.002502 0.001998
0 16 0.006070 0.002502 0.001998
0 17 0.005591 0.002502 0.001998
0 18 0.006390 0.002502 0.001998
0 19 0.006709 0.002502 0.001998
0 20 0.006869 0.002502 0.001998
1 0 0.000479 0.002502 0.001998
1 1 0.000319 0.002502 0.001998
1 2 0.000160 0.002502 0.001998
1 3 0.000000 0.002502 0.001998
1 4 0.000479 0.002502 0.001998
1 5 0.001597 0.002502 0.001998
1 6 0.001757 0.002502 0.001998
1 7 0.001438 0.002502 0.001998
1 8 0.001118 0.002502 0.001998
1 9 0.001757 0.002502 0.001998
1 10 0.002875 0.002502 0.001998
1 11 0.003514 0.002502 0.001998
1 12 0.003994 0.002502 0.001998
1 13 0.004952 0.002502 0.001998
1 14 0.007827 0.002502 0.001998
1 15 0.006869 0.002502 0.001998
1 16 0.005591 0.002502 0.001998
1 17 0.005272 0.002502 0.001998
1 18 0.007348 0.002502 0.001998
1 19 0.006869 0.002502 0.001998
1 20 0.007188 0.002502 0.001998
2 0 0.000799 0.002502 0.001998
2 1 0.000160 0.002502 0.001998
2 2 0.000000 0.002502 0.001998
2 3 0.000000 0.002502 0.001998
2 4 0.000479 0.002502 0.001998
2 5 0.001278 0.002502 0.001998
2 6 0.000958 0.002502 0.001998
2 7 0.001438 0.002502 0.001998
2 8 0.001438 0.002502 0.001998
2 9 0.001438 0.002502 0.001998
2 10 0.003035 0.002502 0.001998
2 11 0.003355 0.002502 0.001998
2 12 0.005272 0.002502 0.001998
2 13 0.005751 0.002502 0.001998
2 14 0.009105 0.002502 0.001998
2 15 0.007827 0.002502 0.001998
2 16 0.005751 0.002502 0.001998
2 17 0.005272 0.002502 0.001998
2 18 0.006230 0.002502 0.001998
2 19 0.006869 0.002502 0.001998
2 20 0.007188 0.002502 0.001998
3 0 0.001278 0.002502 0.001998
3 1 0.000479 0.002502 0.001998
3 2 0.000000 0.002502 0.001998
3 3 0.000160 0.002502 0.001998
3 4 0.001278 0.002502 0.001998
3 5 0.001917 0.002502 0.001998
3 6 0.002236 0.002502 0.001998
3 7 0.001278 0.002502 0.001998
3 8 0.000958 0.002502 0.001998
3 9 0.000958 0.002502 0.001998
3 10 0.002236 0.002502 0.001998
3 11 0.003834 0.002502 0.001998
3 12 0.004153 0.002502 0.001998
3 13 0.007987 0.002502 0.001998
3 14 0.007508 0.002502 0.001998
3 15 0.004313 0.002502 0.001998
3 16 0.005112 0.002502 0.001998
3 17 0.003514 0.002502 0.001998
3 18 0.005272 0.002502 0.001998
3 19 0.004792 0.002502 0.001998
3 20 0.005431 0.002502 0.001998
4 0 0.001438 0.002502 0.001998
4 1 0.000319 0.002502 0.001998
4 2 0.000160 0.002502 0.001998
4 3 0.000799 0.002502 0.001998
4 4 0.001438 0.002502 0.001998
4 5 0.002396 0.002502 0.001998
4 6 0.002875 0.002502 0.001998
4 7 0.002716 0.002502 0.001998
4 8 0.002236 0.002502 0.001998
4 9 0.002716 0.002502 0.001998
4 10 0.002875 0.002502 0.001998
4 11 0.004153 0.002502 0.001998
4 12 0.004633 0.002502 0.001998
4 13 0.005272 0.002502 0.001998
4 14 0.004633 0.002502 0.001998
4 15 0.003834 0.002502 0.001998
4 16 0.003514 0.002502 0.001998
4 17 0.003195 0.002502 0.001998
4 18 0.003834 0.002502 0.001998
4 19 0.002556 0.002502 0.001998
4 20 0.003674 0.002502 0.001998
5 0 0.001597 0.002502 0.001998
5 1 0.001118 0.002502 0.001998
5 2 0.000799 0.002502 0.001998
5 3 0.000799 0.002502 0.001998
5 4 0.001118 0.002502 0.001998
5 5 0.001438 0.002502 0.001998
5 6 0.002077 0.002502 0.001998
5 7 0.002875 0.002502 0.001998
5 8 0.002396 0.002502 0.001998
5 9 0.003994 0.002502 0.001998
5 10 0.003674 0.002502 0.001998
5 11 0.004633 0.002502 0.001998
5 12 0.004153 0.002502 0.001998
5 13 0.003514 0.002502 0.001998
5 14 0.004153 0.002502 0.001998
5 15 0.003514 0.002502 0.001998
5 16 0.003195 0.002502 0.001998
5 17 0.001917 0.002502 0.001998
5 18 0.002236 0.002502 0.001998
5 19 0.001597 0.002502 0.001998
5 20 0.002875 0.002502 0.001998
6 0 0.001757 0.002502 0.001998
6 1 0.001118 0.002502 0.001998
6 2 0.001278 0.002502 0.001998
6 3 0.001278 0.002502 0.001998
6 4 0.001438 0.002502 0.001998
6 5 0.002716 0.002502 0.001998
6 6 0.003195 0.002502 0.001998
6 7 0.002716 0.002502 0.001998
6 8 0.002236 0.002502 0.001998
6 9 0.003195 0.002502 0.001998
6 10 0.003355 0.002502 0.001998
6 11 0.003674 0.002502 0.001998
6 12 0.003994 0.002502 0.001998
6 13 0.003195 0.002502 0.001998
6 14 0.002396 0.002502 0.001998
6 15 0.003035 0.002502 0.001998
6 16 0.002875 0.002502 0.001998
6 17 0.001917 0.002502 0.001998
6 18 0.001757 0.002502 0.001998
6 19 0.001278 0.002502 0.001998
6 20 0.001278 0.002502 0.001998
7 0 0.001757 0.002502 0.001998
7 1 0.001278 0.002502 0.001998
7 2 0.001118 0.002502 0.001998
7 3 0.001278 0.002502 0.001998
7 4 0.001438 0.002502 0.001998
7 5 0.002875 0.002502 0.001998
7 6 0.003195 0.002502 0.001998
7 7 0.003514 0.002502 0.001998
7 8 0.002396 0.002502 0.001998
7 9 0.003355 0.002502 0.001998
7 10 0.003834 0.002502 0.001998
7 11 0.003994 0.002502 0.001998
7 12 0.003674 0.002502 0.001998
7 13 0.003035 0.002502 0.001998
7 14 0.002875 0.002502 0.001998
7 15 0.002556 0.002502 0.001998
7 16 0.001757 0.002502 0.001998
7 17 0.001597 0.002502 0.001998
7 18 0.001118 0.002502 0.001998
7 19 0.000799 0.002502 0.001998
7 20 0.001917 0.002502 0.001998
8 0 0.001917 0.002502 0.001998
8 1 0.001278 0.002502 0.001998
8 2 0.001438 0.002502 0.001998
8 3 0.001438 0.002502 0.001998
8 4 0.002556 0.002502 0.001998
8 5 0.002716 0.002502 0.001998
8 6 0.004633 0.002502 0.001998
8 7 0.003674 0.002502 0.001998
8 8 0.002556 0.002502 0.001998
8 9 0.003514 0.002502 0.001998
8 10 0.003994 0.002502 0.001998
8 11 0.004792 0.002502 0.001998
8 12 0.004633 0.002502 0.001998
8 13 0.002875 0.002502 0.001998
8 14 0.002077 0.002502 0.001998
8 15 0.001757 0.002502 0.001998
8 16 0.001917 0.002502 0.001998
8 17 0.001438 0.002502 0.001998
8 18 0.000639 0.002502 0.001998
8 19 0.000319 0.002502 0.001998
8 20 0.001757 0.002502 0.001998
9 0 0.001757 0.002502 0.001998
9 1 0.000958 0.002502 0.001998
9 2 0.001118 0.002502 0.001998
9 3 0.002077 0.002502 0.001998
9 4 0.002556 0.002502 0.001998
9 5 0.003355 0.002502 0.001998
9 6 0.003514 0.002502 0.001998
9 7 0.004153 0.002502 0.001998
9 8 0.003994 0.002502 0.001998
9 9 0.004153 0.002502 0.001998
9 10 0.003035 0.002502 0.001998
9 11 0.003834 0.002502 0.001998
9 12 0.003674 0.002502 0.001998
9 13 0.002556 0.002502 0.001998
9 14 0.001278 0.002502 0.001998
9 15 0.001438 0.002502 0.001998
9 16 0.002236 0.002502 0.001998
9 17 0.001118 0.002502 0.001998
9 18 0.000958 0.002502 0.001998
9 19 0.000639 0.002502 0.001998
9 20 0.001118 0.002502 0.001998
10 0 0.000958 0.002502 0.001998
10 1 0.001278 0.002502 0.001998
10 2 0.001917 0.002502 0.001998
10 3 0.002875 0.002502 0.001998
10 4 0.003035 0.002502 0.001998
10 5 0.003834 0.002502 0.001998
10 6 0.003035 0.002502 0.001998
10 7 0.003195 0.002502 0.001998
10 8 0.004633 0.002502 0.001998
10 9 0.004153 0.002502 0.001998
10 10 0.004153 0.002502 0.001998
10 11 0.004153 0.002502 0.001998
10 12 0.003994 0.002502 0.001998
10 13 0.002556 0.002502 0.001998
10 14 0.002077 0.002502 0.001998
10 15 0.001917 0.002502 0.001998
10 16 0.002396 0.002502 0.001998
10 17 0.001118 0.002502 0.001998
10 18 0.000958 0.002502 0.001998
10 19 0.000639 0.002502 0.001998
10 20 0.000958 0.002502 0.001998
11 0 0.002236 0.002502 0.001998
11 1 0.001118 0.002502 0.001998
11 2 0.002556 0.002502 0.001998
11 3 0.003195 0.002502 0.001998
11 4 0.002716 0.002502 0.001998
11 5 0.003514 0.002502 0.001998
11 6 0.002875 0.002502 0.001998
11 7 0.003834 0.002502 0.001998
11 8 0.003994 0.002502 0.001998
11 9 0.004313 0.002502 0.001998
11 10 0.004633 0.002502 0.001998
11 11 0.003674 0.002502 0.001998
11 12 0.003035 0.002502 0.001998
11 13 0.001597 0.002502 0.001998
11 14 0.001118 0.002502 0.001998
11 15 0.000958 0.002502 0.001998
11 16 0.001278 0.002502 0.001998
11 17 0.000958 0.002502 0.001998
11 18 0.000799 0.002502 0.001998
11 19 0.000479 0.002502 0.001998
11 20 0.000479 0.002502 0.001998
12 0 0.004473 0.002502 0.001998
12 1 0.002716 0.002502 0.001998
12 2 0.003994 0.002502 0.001998
12 3 0.003994 0.002502 0.001998
12 4 0.003514 0.002502 0.001998
12 5 0.004313 0.002502 0.001998
12 6 0.003674 0.002502 0.001998
12 7 0.003195 0.002502 0.001998
12 8 0.003834 0.002502 0.001998
12 9 0.003514 0.002502 0.001998
12 10 0.002716 0.002502 0.001998
12 11 0.002396 0.002502 0.001998
12 12 0.001597 0.002502 0.001998
12 13 0.001118 0.002502 0.001998
12 14 0.000799 0.002502 0.001998
12 15 0.000479 0.002502 0.001998
12 16 0.001118 0.002502 0.001998
12 17 0.000639 0.002502 0.001998
12 18 0.000799 0.002502 0.001998
12 19 0.000479 0.002502 0.001998
12 20 0.001118 0.002502 0.001998
13 0 0.005591 0.002502 0.001998
13 1 0.005591 0.002502 0.001998
13 2 0.006709 0.002502 0.001998
13 3 0.005272 0.002502 0.001998
13 4 0.003674 0.002502 0.001998
13 5 0.003834 0.002502 0.001998
13 6 0.004313 0.002502 0.001998
13 7 0.003994 0.002502 0.001998
13 8 0.003195 0.002502 0.001998
13 9 0.002236 0.002502 0.001998
13 10 0.001917 0.002502 0.001998
13 11 0.001757 0.002502 0.001998
13 12 0.000639 0.002502 0.001998
13 13 0.000319 0.002502 0.001998
13 14 0.000319 0.002502 0.001998
13 15 0.000000 0.002502 0.001998
13 16 0.000000 0.002502 0.001998
13 17 0.000160 0.002502 0.001998
13 18 0.000319 0.002502 0.001998
13 19 0.000160 0.002502 0.001998
13 20 0.000319 0.002502 0.001998
14 0 0.006230 0.002502 0.001998
14 1 0.005751 0.002502 0.001998
14 2 0.007987 0.002502 0.001998
14 3 0.006230 0.002502 0.001998
14 4 0.003514 0.002502 0.001998
14 5 0.003834 0.002502 0.001998
14 6 0.003355 0.002502 0.001998
14 7 0.002875 0.002502 0.001998
14 8 0.002556 0.002502 0.001998
14 9 0.001597 0.002502 0.001998
14 10 0.001597 0.002502 0.001998
14 11 0.001278 0.002502 0.001998
14 12 0.000479 0.002502 0.001998
14 13 0.000160 0.002502 0.001998
14 14 0.000000 0.002502 0.001998
14 15 0.000000 0.002502 0.001998
14 16 0.000319 0.002502 0.001998
14 17 0.000160 0.002502 0.001998
14 18 0.000319 0.002502 0.001998
14 19 0.000160 0.002502 0.001998
14 20 0.000000 0.002502 0.001998
15 0 0.006230 0.002502 0.001998
15 1 0.006390 0.002502 0.001998
15 2 0.007827 0.002502 0.001998
15 3 0.006070 0.002502 0.001998
15 4 0.005911 0.002502 0.001998
15 5 0.005431 0.002502 0.001998
15 6 0.004153 0.002502 0.001998
15 7 0.001917 0.002502 0.001998
15 8 0.002236 0.002502 0.001998
15 9 0.002077 0.002502 0.001998
15 10 0.001917 0.002502 0.001998
15 11 0.001278 0.002502 0.001998
15 12 0.000639 0.002502 0.001998
15 13 0.000160 0.002502 0.001998
15 14 0.000000 0.002502 0.001998
15 15 0.000160 0.002502 0.001998
15 16 0.000479 0.002502 0.001998
15 17 0.000160 0.002502 0.001998
15 18 0.000160 0.002502 0.001998
15 19 0.000000 0.002502 0.001998
15 20 0.000479 0.002502 0.001998
16 0 0.005591 0.002502 0.001998
16 1 0.005911 0.002502 0.001998
16 2 0.006070 0.002502 0.001998
16 3 0.004153 0.002502 0.001998
16 4 0.004473 0.002502 0.001998
16 5 0.005911 0.002502 0.001998
16 6 0.003834 0.002502 0.001998
16 7 0.002236 0.002502 0.001998
16 8 0.002716 0.002502 0.001998
16 9 0.001757 0.002502 0.001998
16 10 0.001278 0.002502 0.001998
16 11 0.000639 0.002502 0.001998
16 12 0.000799 0.002502 0.001998
16 13 0.000479 0.002502 0.001998
16 14 0.000319 0.002502 0.001998
16 15 0.000319 0.002502 0.001998
16 16 0.000000 0.002502 0.001998
16 17 0.000000 0.002502 0.001998
16 18 0.000319 0.002502 0.001998
16 19 0.000319 0.002502 0.001998
16 20 0.000639 0.002502 0.001998
17 0 0.004153 0.002502 0.001998
17 1 0.004473 0.002502 0.001998
17 2 0.005272 0.002502 0.001998
17 3 0.004633 0.002502 0.001998
17 4 0.002716 0.002502 0.001998
17 5 0.004153 0.002502 0.001998
17 6 0.002716 0.002502 0.001998
17 7 0.002556 0.002502 0.001998
17 8 0.002077 0.002502 0.001998
17 9 0.002716 0.002502 0.001998
17 10 0.001118 0.002502 0.001998
17 11 0.000958 0.002502 0.001998
17 12 0.000319 0.002502 0.001998
17 13 0.000000 0.002502 0.001998
17 14 0.000479 0.002502 0.001998
17 15 0.000319 0.002502 0.001998
17 16 0.000160 0.002502 0.001998
17 17 0.000160 0.002502 0.001998
17 18 0.000000 0.002502 0.001998
17 19 0.000160 0.002502 0.001998
17 20 0.000639 0.002502 0.001998
18 0 0.003035 0.002502 0.001998
18 1 0.004792 0.002502 0.001998
18 2 0.005591 0.002502 0.001998
18 3 0.005272 0.002502 0.001998
18 4 0.002077 0.002502 0.001998
18 5 0.002875 0.002502 0.001998
18 6 0.001917 0.002502 0.001998
18 7 0.002077 0.002502 0.001998
18 8 0.001118 0.002502 0.001998
18 9 0.001597 0.002502 0.001998
18 10 0.001438 0.002502 0.001998
18 11 0.000160 0.002502 0.001998
18 12 0.000479 0.002502 0.001998
18 13 0.000000 0.002502 0.001998
18 14 0.000000 0.002502 0.001998
18 15 0.000000 0.002502 0.001998
18 16 0.000160 0.002502 0.001998
18 17 0.000160 0.002502 0.001998
18 18 0.000160 0.002502 0.001998
18 19 0.000160 0.002502 0.001998
18 20 0.000160 0.002502 0.001998
19 0 0.005431 0.002502 0.001998
19 1 0.005272 0.002502 0.001998
19 2 0.005112 0.002502 0.001998
19 3 0.003834 0.002502 0.001998
19 4 0.003355 0.002502 0.001998
19 5 0.001597 0.002502 0.001998
19 6 0.001438 0.002502 0.001998
19 7 0.001917 0.002502 0.001998
19 8 0.001278 0.002502 0.001998
19 9 0.000958 0.002502 0.001998
19 10 0.001118 0.002502 0.001998
19 11 0.000479 0.002502 0.001998
19 12 0.000479 0.002502 0.001998
19 13 0.000160 0.002502 0.001998
19 14 0.000000 0.002502 0.001998
19 15 0.000160 0.002502 0.001998
19 16 0.000319 0.002502 0.001998
19 17 0.000000 0.002502 0.001998
19 18 0.000000 0.002502 0.001998
19 19 0.000160 0.002502 0.001998
19 20 0.000000 0.002502 0.001998
20 0 0.006869 0.002502 0.001998
20 1 0.005431 0.002502 0.001998
20 2 0.006070 0.002502 0.001998
20 3 0.005431 0.002502 0.001998
20 4 0.004153 0.002502 0.001998
20 5 0.002716 0.002502 0.001998
20 6 0.001917 0.002502 0.001998
20 7 0.001757 0.002502 0.001998
20 8 0.001278 0.002502 0.001998
20 9 0.001438 0.002502 0.001998
20 10 0.001597 0.002502 0.001998
20 11 0.001118 0.002502 0.001998
20 12 0.000639 0.002502 0.001998
20 13 0.000000 0.002502 0.001998
20 14 0.000000 0.002502 0.001998
20 15 0.000160 0.002502 0.001998
20 16 0.000000 0.002502 0.001998
20 17 0.000160 0.002502 0.001998
20 18 0.000160 0.002502 0.001998
20 19 0.000000 0.002502 0.001998
20 20 0.000000 0.002502 0.001998
