# contact distance = 8.0 Angstroms
# F = 0.4 kJ/mol

# i j contact_probability mean_contact_probability stddev_contact_probability
0 0 0.000328 0.004394 0.002848
0 1 0.000328 0.004394 0.002848
0 2 0.000437 0.004394 0.002848
0 3 0.000766 0.004394 0.002848
0 4 0.000875 0.004394 0.002848
0 5 0.000984 0.004394 0.002848
0 6 0.001203 0.004394 0.002848
0 7 0.001531 0.004394 0.002848
0 8 0.001640 0.004394 0.002848
0 9 0.003500 0.004394 0.002848
0 10 0.003500 0.004394 0.002848
0 11 0.002406 0.004394 0.002848
0 12 0.003828 0.004394 0.002848
0 13 0.003062 0.004394 0.002848
0 14 0.002187 0.004394 0.002848
0 15 0.004812 0.004394 0.002848
0 16 0.008749 0.004394 0.002848
0 17 0.008858 0.004394 0.002848
0 18 0.009077 0.004394 0.002848
0 19 0.010389 0.004394 0.002848
0 20 0.013998 0.004394 0.002848
1 0 0.000109 0.004394 0.002848
1 1 0.000000 0.004394 0.002848
1 2 0.000219 0.004394 0.002848
1 3 0.000219 0.004394 0.002848
1 4 0.000547 0.004394 0.002848
1 5 0.000656 0.004394 0.002848
1 6 0.000219 0.004394 0.002848
1 7 0.000656 0.004394 0.002848
1 8 0.001422 0.004394 0.002848
1 9 0.002734 0.004394 0.002848
1 10 0.003828 0.004394 0.002848
1 11 0.001859 0.004394 0.002848
1 12 0.002843 0.004394 0.002848
1 13 0.003937 0.004394 0.002848
1 14 0.003390 0.004394 0.002848
1 15 0.005796 0.004394 0.002848
1 16 0.007874 0.004394 0.002848
1 17 0.007983 0.004394 0.002848
1 18 0.009733 0.004394 0.002848
1 19 0.012139 0.004394 0.002848
1 20 0.014545 0.004394 0.002848
2 0 0.000219 0.004394 0.002848
2 1 0.000109 0.004394 0.002848
2 2 0.000000 0.004394 0.002848
2 3 0.000219 0.004394 0.002848
2 4 0.000109 0.004394 0.002848
2 5 0.000766 0.004394 0.002848
2 6 0.001094 0.004394 0.002848
2 7 0.002078 0.004394 0.002848
2 8 0.002406 0.004394 0.002848
2 9 0.002843 0.004394 0.002848
2 10 0.003062 0.004394 0.002848
2 11 0.002843 0.004394 0.002848
2 12 0.003500 0.004394 0.002848
2 13 0.003937 0.004394 0.002848
2 14 0.003828 0.004394 0.002848
2 15 0.006234 0.004394 0.002848
2 16 0.007108 0.004394 0.002848
2 17 0.007437 0.004394 0.002848
2 18 0.009077 0.004394 0.002848
2 19 0.012686 0.004394 0.002848
2 20 0.016623 0.004394 0.002848
3 0 0.000328 0.004394 0.002848
3 1 0.000547 0.004394 0.002848
3 2 0.000219 0.004394 0.002848
3 3 0.001094 0.004394 0.002848
3 4 0.001312 0.004394 0.002848
3 5 0.002406 0.004394 0.002848
3 6 0.002406 0.004394 0.002848
3 7 0.003500 0.004394 0.002848
3 8 0.003062 0.004394 0.002848
3 9 0.002406 0.004394 0.002848
3 10 0.002515 0.004394 0.002848
3 11 0.002734 0.004394 0.002848
3 12 0.003937 0.004394 0.002848
3 13 0.005577 0.004394 0.002848
3 14 0.005687 0.004394 0.002848
3 15 0.006890 0.004394 0.002848
3 16 0.009077 0.004394 0.002848
3 17 0.007983 0.004394 0.002848
3 18 0.009186 0.004394 0.002848
3 19 0.010717 0.004394 0.002848
3 20 0.010608 0.004394 0.002848
4 0 0.000766 0.004394 0.002848
4 1 0.000328 0.004394 0.002848
4 2 0.000547 0.004394 0.002848
4 3 0.001859 0.004394 0.002848
4 4 0.002406 0.004394 0.002848
4 5 0.003390 0.004394 0.002848
4 6 0.002734 0.004394 0.002848
4 7 0.003390 0.004394 0.002848
4 8 0.003500 0.004394 0.002848
4 9 0.003609 0.004394 0.002848
4 10 0.004812 0.004394 0.002848
4 11 0.004812 0.004394 0.002848
4 12 0.005468 0.004394 0.002848
4 13 0.006671 0.004394 0.002848
4 14 0.006343 0.004394 0.002848
4 15 0.007546 0.004394 0.002848
4 16 0.009186 0.004394 0.002848
4 17 0.007655 0.004394 0.002848
4 18 0.006452 0.004394 0.002848
4 19 0.007108 0.004394 0.002848
4 20 0.007108 0.004394 0.002848
5 0 0.001312 0.004394 0.002848
5 1 0.001203 0.004394 0.002848
5 2 0.001750 0.004394 0.002848
5 3 0.002406 0.004394 0.002848
5 4 0.003390 0.004394 0.002848
5 5 0.003281 0.004394 0.002848
5 6 0.003390 0.004394 0.002848
5 7 0.004921 0.004394 0.002848
5 8 0.005140 0.004394 0.002848
5 9 0.006780 0.004394 0.002848
5 10 0.007108 0.004394 0.002848
5 11 0.007437 0.004394 0.002848
5 12 0.007546 0.004394 0.002848
5 13 0.006452 0.004394 0.002848
5 14 0.006999 0.004394 0.002848
5 15 0.006890 0.004394 0.002848
5 16 0.007874 0.004394 0.002848
5 17 0.006780 0.004394 0.002848
5 18 0.005140 0.004394 0.002848
5 19 0.005249 0.004394 0.002848
5 20 0.005140 0.004394 0.002848
6 0 0.001531 0.004394 0.002848
6 1 0.000875 0.004394 0.002848
6 2 0.001750 0.004394 0.002848
6 3 0.002625 0.004394 0.002848
6 4 0.003937 0.004394 0.002848
6 5 0.003828 0.004394 0.002848
6 6 0.004484 0.004394 0.002848
6 7 0.006671 0.004394 0.002848
6 8 0.005140 0.004394 0.002848
6 9 0.006890 0.004394 0.002848
6 10 0.007108 0.004394 0.002848
6 11 0.006780 0.004394 0.002848
6 12 0.007327 0.004394 0.002848
6 13 0.006890 0.004394 0.002848
6 14 0.007218 0.004394 0.002848
6 15 0.005906 0.004394 0.002848
6 16 0.004812 0.004394 0.002848
6 17 0.004703 0.004394 0.002848
6 18 0.003609 0.004394 0.002848
6 19 0.003390 0.004394 0.002848
6 20 0.004156 0.004394 0.002848
7 0 0.002187 0.004394 0.002848
7 1 0.002078 0.004394 0.002848
7 2 0.002297 0.004394 0.002848
7 3 0.002625 0.004394 0.002848
7 4 0.004046 0.004394 0.002848
7 5 0.004921 0.004394 0.002848
7 6 0.005796 0.004394 0.002848
7 7 0.006562 0.004394 0.002848
7 8 0.005796 0.004394 0.002848
7 9 0.005796 0.004394 0.002848
7 10 0.006780 0.004394 0.002848
7 11 0.006452 0.004394 0.002848
7 12 0.006452 0.004394 0.002848
7 13 0.007218 0.004394 0.002848
7 14 0.006124 0.004394 0.002848
7 15 0.005906 0.004394 0.002848
7 16 0.004374 0.004394 0.002848
7 17 0.004703 0.004394 0.002848
7 18 0.003937 0.004394 0.002848
7 19 0.003171 0.004394 0.002848
7 20 0.003828 0.004394 0.002848
8 0 0.002734 0.004394 0.002848
8 1 0.002187 0.004394 0.002848
8 2 0.002406 0.004394 0.002848
8 3 0.003062 0.004394 0.002848
8 4 0.004484 0.004394 0.002848
8 5 0.005687 0.004394 0.002848
8 6 0.006452 0.004394 0.002848
8 7 0.004703 0.004394 0.002848
8 8 0.006015 0.004394 0.002848
8 9 0.005031 0.004394 0.002848
8 10 0.005577 0.004394 0.002848
8 11 0.006780 0.004394 0.002848
8 12 0.005796 0.004394 0.002848
8 13 0.006890 0.004394 0.002848
8 14 0.005359 0.004394 0.002848
8 15 0.005468 0.004394 0.002848
8 16 0.005140 0.004394 0.002848
8 17 0.005031 0.004394 0.002848
8 18 0.005687 0.004394 0.002848
8 19 0.003281 0.004394 0.002848
8 20 0.003390 0.004394 0.002848
9 0 0.002297 0.004394 0.002848
9 1 0.002515 0.004394 0.002848
9 2 0.002843 0.004394 0.002848
9 3 0.003937 0.004394 0.002848
9 4 0.005577 0.004394 0.002848
9 5 0.006343 0.004394 0.002848
9 6 0.005796 0.004394 0.002848
9 7 0.005249 0.004394 0.002848
9 8 0.006452 0.004394 0.002848
9 9 0.005687 0.004394 0.002848
9 10 0.005359 0.004394 0.002848
9 11 0.005468 0.004394 0.002848
9 12 0.005140 0.004394 0.002848
9 13 0.006015 0.004394 0.002848
9 14 0.006015 0.004394 0.002848
9 15 0.005906 0.004394 0.002848
9 16 0.004265 0.004394 0.002848
9 17 0.004703 0.004394 0.002848
9 18 0.004156 0.004394 0.002848
9 19 0.003390 0.004394 0.002848
9 20 0.003609 0.004394 0.002848
10 0 0.002843 0.004394 0.002848
10 1 0.002625 0.004394 0.002848
10 2 0.002297 0.004394 0.002848
10 3 0.002843 0.004394 0.002848
10 4 0.004046 0.004394 0.002848
10 5 0.004921 0.004394 0.002848
10 6 0.006780 0.004394 0.002848
10 7 0.006124 0.004394 0.002848
10 8 0.007437 0.004394 0.002848
10 9 0.007655 0.004394 0.002848
10 10 0.005906 0.004394 0.002848
10 11 0.005906 0.004394 0.002848
10 12 0.005249 0.004394 0.002848
10 13 0.004374 0.004394 0.002848
10 14 0.004265 0.004394 0.002848
10 15 0.004046 0.004394 0.002848
10 16 0.003390 0.004394 0.002848
10 17 0.003281 0.004394 0.002848
10 18 0.002515 0.004394 0.002848
10 19 0.002297 0.004394 0.002848
10 20 0.003937 0.004394 0.002848
11 0 0.002953 0.004394 0.002848
11 1 0.003171 0.004394 0.002848
11 2 0.003390 0.004394 0.002848
11 3 0.003828 0.004394 0.002848
11 4 0.005577 0.004394 0.002848
11 5 0.006890 0.004394 0.002848
11 6 0.006671 0.004394 0.002848
11 7 0.007437 0.004394 0.002848
11 8 0.007546 0.004394 0.002848
11 9 0.006999 0.004394 0.002848
11 10 0.005468 0.004394 0.002848
11 11 0.005687 0.004394 0.002848
11 12 0.005031 0.004394 0.002848
11 13 0.004593 0.004394 0.002848
11 14 0.003828 0.004394 0.002848
11 15 0.003718 0.004394 0.002848
11 16 0.003390 0.004394 0.002848
11 17 0.003500 0.004394 0.002848
11 18 0.002515 0.004394 0.002848
11 19 0.002297 0.004394 0.002848
11 20 0.003062 0.004394 0.002848
12 0 0.004265 0.004394 0.002848
12 1 0.003500 0.004394 0.002848
12 2 0.004374 0.004394 0.002848
12 3 0.004703 0.004394 0.002848
12 4 0.008093 0.004394 0.002848
12 5 0.008093 0.004394 0.002848
12 6 0.008093 0.004394 0.002848
12 7 0.006562 0.004394 0.002848
12 8 0.005577 0.004394 0.002848
12 9 0.005687 0.004394 0.002848
12 10 0.006562 0.004394 0.002848
12 11 0.006234 0.004394 0.002848
12 12 0.004593 0.004394 0.002848
12 13 0.004374 0.004394 0.002848
12 14 0.003062 0.004394 0.002848
12 15 0.003718 0.004394 0.002848
12 16 0.002515 0.004394 0.002848
12 17 0.003390 0.004394 0.002848
12 18 0.001969 0.004394 0.002848
12 19 0.001859 0.004394 0.002848
12 20 0.001859 0.004394 0.002848
13 0 0.004593 0.004394 0.002848
13 1 0.003937 0.004394 0.002848
13 2 0.003390 0.004394 0.002848
13 3 0.005577 0.004394 0.002848
13 4 0.008749 0.004394 0.002848
13 5 0.007874 0.004394 0.002848
13 6 0.005359 0.004394 0.002848
13 7 0.006343 0.004394 0.002848
13 8 0.006124 0.004394 0.002848
13 9 0.006671 0.004394 0.002848
13 10 0.006780 0.004394 0.002848
13 11 0.006343 0.004394 0.002848
13 12 0.004921 0.004394 0.002848
13 13 0.004156 0.004394 0.002848
13 14 0.002843 0.004394 0.002848
13 15 0.002515 0.004394 0.002848
13 16 0.002078 0.004394 0.002848
13 17 0.002187 0.004394 0.002848
13 18 0.002406 0.004394 0.002848
13 19 0.001750 0.004394 0.002848
13 20 0.001203 0.004394 0.002848
14 0 0.004156 0.004394 0.002848
14 1 0.003718 0.004394 0.002848
14 2 0.003937 0.004394 0.002848
14 3 0.005359 0.004394 0.002848
14 4 0.006999 0.004394 0.002848
14 5 0.008202 0.004394 0.002848
14 6 0.006671 0.004394 0.002848
14 7 0.005906 0.004394 0.002848
14 8 0.005359 0.004394 0.002848
14 9 0.005140 0.004394 0.002848
14 10 0.004703 0.004394 0.002848
14 11 0.005359 0.004394 0.002848
14 12 0.003390 0.004394 0.002848
14 13 0.003281 0.004394 0.002848
14 14 0.003062 0.004394 0.002848
14 15 0.002078 0.004394 0.002848
14 16 0.001859 0.004394 0.002848
14 17 0.001969 0.004394 0.002848
14 18 0.001531 0.004394 0.002848
14 19 0.001422 0.004394 0.002848
14 20 0.001859 0.004394 0.002848
15 0 0.005249 0.004394 0.002848
15 1 0.004812 0.004394 0.002848
15 2 0.006015 0.004394 0.002848
15 3 0.007108 0.004394 0.002848
15 4 0.007546 0.004394 0.002848
15 5 0.006780 0.004394 0.002848
15 6 0.006671 0.004394 0.002848
15 7 0.005687 0.004394 0.002848
15 8 0.005796 0.004394 0.002848
15 9 0.005249 0.004394 0.002848
15 10 0.004593 0.004394 0.002848
15 11 0.003828 0.004394 0.002848
15 12 0.002843 0.004394 0.002848
15 13 0.002515 0.004394 0.002848
15 14 0.001531 0.004394 0.002848
15 15 0.001094 0.004394 0.002848
15 16 0.001312 0.004394 0.002848
15 17 0.001312 0.004394 0.002848
15 18 0.001203 0.004394 0.002848
15 19 0.000984 0.004394 0.002848
15 20 0.000875 0.004394 0.002848
16 0 0.008749 0.004394 0.002848
16 1 0.008202 0.004394 0.002848
16 2 0.009405 0.004394 0.002848
16 3 0.008202 0.004394 0.002848
16 4 0.007655 0.004394 0.002848
16 5 0.006234 0.004394 0.002848
16 6 0.005031 0.004394 0.002848
16 7 0.004812 0.004394 0.002848
16 8 0.004812 0.004394 0.002848
16 9 0.004484 0.004394 0.002848
16 10 0.004046 0.004394 0.002848
16 11 0.003609 0.004394 0.002848
16 12 0.002297 0.004394 0.002848
16 13 0.001859 0.004394 0.002848
16 14 0.001422 0.004394 0.002848
16 15 0.001203 0.004394 0.002848
16 16 0.001640 0.004394 0.002848
16 17 0.001531 0.004394 0.002848
16 18 0.001203 0.004394 0.002848
16 19 0.000766 0.004394 0.002848
16 20 0.000656 0.004394 0.002848
17 0 0.006999 0.004394 0.002848
17 1 0.008202 0.004394 0.002848
17 2 0.007765 0.004394 0.002848
17 3 0.010499 0.004394 0.002848
17 4 0.007218 0.004394 0.002848
17 5 0.005577 0.004394 0.002848
17 6 0.004703 0.004394 0.002848
17 7 0.004484 0.004394 0.002848
17 8 0.004265 0.004394 0.002848
17 9 0.004265 0.004394 0.002848
17 10 0.003500 0.004394 0.002848
17 11 0.002843 0.004394 0.002848
17 12 0.002515 0.004394 0.002848
17 13 0.001859 0.004394 0.002848
17 14 0.001531 0.004394 0.002848
17 15 0.001422 0.004394 0.002848
17 16 0.001203 0.004394 0.002848
17 17 0.000984 0.004394 0.002848
17 18 0.000984 0.004394 0.002848
17 19 0.000656 0.004394 0.002848
17 20 0.000984 0.004394 0.002848
18 0 0.008640 0.004394 0.002848
18 1 0.010171 0.004394 0.002848
18 2 0.009624 0.004394 0.002848
18 3 0.009077 0.004394 0.002848
18 4 0.007874 0.004394 0.002848
18 5 0.004921 0.004394 0.002848
18 6 0.003828 0.004394 0.002848
18 7 0.002625 0.004394 0.002848
18 8 0.003937 0.004394 0.002848
18 9 0.003500 0.004394 0.002848
18 10 0.003500 0.004394 0.002848
18 11 0.002625 0.004394 0.002848
18 12 0.002734 0.004394 0.002848
18 13 0.001312 0.004394 0.002848
18 14 0.001531 0.004394 0.002848
18 15 0.002078 0.004394 0.002848
18 16 0.000547 0.004394 0.002848
18 17 0.000875 0.004394 0.002848
18 18 0.000656 0.004394 0.002848
18 19 0.000875 0.004394 0.002848
18 20 0.000656 0.004394 0.002848
19 0 0.012358 0.004394 0.002848
19 1 0.013014 0.004394 0.002848
19 2 0.011920 0.004394 0.002848
19 3 0.010499 0.004394 0.002848
19 4 0.007218 0.004394 0.002848
19 5 0.004593 0.004394 0.002848
19 6 0.004265 0.004394 0.002848
19 7 0.003062 0.004394 0.002848
19 8 0.003281 0.004394 0.002848
19 9 0.003390 0.004394 0.002848
19 10 0.001969 0.004394 0.002848
19 11 0.002625 0.004394 0.002848
19 12 0.002515 0.004394 0.002848
19 13 0.001312 0.004394 0.002848
19 14 0.000875 0.004394 0.002848
19 15 0.001203 0.004394 0.002848
19 16 0.000109 0.004394 0.002848
19 17 0.000656 0.004394 0.002848
19 18 0.000547 0.004394 0.002848
19 19 0.000547 0.004394 0.002848
19 20 0.000875 0.004394 0.002848
20 0 0.013123 0.004394 0.002848
20 1 0.013123 0.004394 0.002848
20 2 0.013451 0.004394 0.002848
20 3 0.011592 0.004394 0.002848
20 4 0.008202 0.004394 0.002848
20 5 0.005906 0.004394 0.002848
20 6 0.004156 0.004394 0.002848
20 7 0.004593 0.004394 0.002848
20 8 0.003828 0.004394 0.002848
20 9 0.003281 0.004394 0.002848
20 10 0.002406 0.004394 0.002848
20 11 0.002734 0.004394 0.002848
20 12 0.001969 0.004394 0.002848
20 13 0.002078 0.004394 0.002848
20 14 0.002078 0.004394 0.002848
20 15 0.001859 0.004394 0.002848
20 16 0.001312 0.004394 0.002848
20 17 0.000766 0.004394 0.002848
20 18 0.000766 0.004394 0.002848
20 19 0.000656 0.004394 0.002848
20 20 0.000875 0.004394 0.002848
