# contact distance = 8.0 Angstroms
# F = 0.4 kJ/mol

# i j contact_probability mean_contact_probability stddev_contact_probability
0 0 0.006704 0.006051 0.002067
0 1 0.005866 0.006051 0.002067
0 2 0.005363 0.006051 0.002067
0 3 0.005866 0.006051 0.002067
0 4 0.006368 0.006051 0.002067
0 5 0.006033 0.006051 0.002067
0 6 0.006536 0.006051 0.002067
0 7 0.006033 0.006051 0.002067
0 8 0.004022 0.006051 0.002067
0 9 0.004357 0.006051 0.002067
0 10 0.005530 0.006051 0.002067
0 11 0.005363 0.006051 0.002067
0 12 0.004190 0.006051 0.002067
0 13 0.004190 0.006051 0.002067
0 14 0.004022 0.006051 0.002067
0 15 0.003519 0.006051 0.002067
0 16 0.003687 0.006051 0.002067
0 17 0.003017 0.006051 0.002067
0 18 0.003184 0.006051 0.002067
0 19 0.003855 0.006051 0.002067
0 20 0.004525 0.006051 0.002067
1 0 0.005698 0.006051 0.002067
1 1 0.004692 0.006051 0.002067
1 2 0.003352 0.006051 0.002067
1 3 0.003855 0.006051 0.002067
1 4 0.005028 0.006051 0.002067
1 5 0.007374 0.006051 0.002067
1 6 0.005530 0.006051 0.002067
1 7 0.003687 0.006051 0.002067
1 8 0.003519 0.006051 0.002067
1 9 0.003855 0.006051 0.002067
1 10 0.004190 0.006051 0.002067
1 11 0.004022 0.006051 0.002067
1 12 0.004190 0.006051 0.002067
1 13 0.004525 0.006051 0.002067
1 14 0.003352 0.006051 0.002067
1 15 0.003519 0.006051 0.002067
1 16 0.003855 0.006051 0.002067
1 17 0.004190 0.006051 0.002067
1 18 0.003855 0.006051 0.002067
1 19 0.003855 0.006051 0.002067
1 20 0.003855 0.006051 0.002067
2 0 0.007541 0.006051 0.002067
2 1 0.004525 0.006051 0.002067
2 2 0.003687 0.006051 0.002067
2 3 0.004357 0.006051 0.002067
2 4 0.004860 0.006051 0.002067
2 5 0.005866 0.006051 0.002067
2 6 0.004692 0.006051 0.002067
2 7 0.004525 0.006051 0.002067
2 8 0.005363 0.006051 0.002067
2 9 0.004022 0.006051 0.002067
2 10 0.005530 0.006051 0.002067
2 11 0.004357 0.006051 0.002067
2 12 0.004525 0.006051 0.002067
2 13 0.004692 0.006051 0.002067
2 14 0.005866 0.006051 0.002067
2 15 0.003687 0.006051 0.002067
2 16 0.003017 0.006051 0.002067
2 17 0.003687 0.006051 0.002067
2 18 0.003352 0.006051 0.002067
2 19 0.003184 0.006051 0.002067
2 20 0.003184 0.006051 0.002067
3 0 0.005530 0.006051 0.002067
3 1 0.005363 0.006051 0.002067
3 2 0.005866 0.006051 0.002067
3 3 0.004525 0.006051 0.002067
3 4 0.005363 0.006051 0.002067
3 5 0.006871 0.006051 0.002067
3 6 0.005698 0.006051 0.002067
3 7 0.004692 0.006051 0.002067
3 8 0.006536 0.006051 0.002067
3 9 0.004692 0.006051 0.002067
3 10 0.006033 0.006051 0.002067
3 11 0.006033 0.006051 0.002067
3 12 0.005530 0.006051 0.002067
3 13 0.004692 0.006051 0.002067
3 14 0.003855 0.006051 0.002067
3 15 0.004357 0.006051 0.002067
3 16 0.004190 0.006051 0.002067
3 17 0.004190 0.006051 0.002067
3 18 0.003184 0.006051 0.002067
3 19 0.002849 0.006051 0.002067
3 20 0.004357 0.006051 0.002067
4 0 0.006368 0.006051 0.002067
4 1 0.005363 0.006051 0.002067
4 2 0.004860 0.006051 0.002067
4 3 0.005698 0.006051 0.002067
4 4 0.005866 0.006051 0.002067
4 5 0.006368 0.006051 0.002067
4 6 0.007877 0.006051 0.002067
4 7 0.007039 0.006051 0.002067
4 8 0.004860 0.006051 0.002067
4 9 0.005698 0.006051 0.002067
4 10 0.007541 0.006051 0.002067
4 11 0.007541 0.006051 0.002067
4 12 0.004357 0.006051 0.002067
4 13 0.003687 0.006051 0.002067
4 14 0.004525 0.006051 0.002067
4 15 0.006033 0.006051 0.002067
4 16 0.005530 0.006051 0.002067
4 17 0.004692 0.006051 0.002067
4 18 0.004357 0.006051 0.002067
4 19 0.002681 0.006051 0.002067
4 20 0.002849 0.006051 0.002067
5 0 0.006033 0.006051 0.002067
5 1 0.005530 0.006051 0.002067
5 2 0.005363 0.006051 0.002067
5 3 0.005195 0.006051 0.002067
5 4 0.005866 0.006051 0.002067
5 5 0.006704 0.006051 0.002067
5 6 0.006201 0.006051 0.002067
5 7 0.005698 0.006051 0.002067
5 8 0.006368 0.006051 0.002067
5 9 0.007206 0.006051 0.002067
5 10 0.006033 0.006051 0.002067
5 11 0.008882 0.006051 0.002067
5 12 0.006033 0.006051 0.002067
5 13 0.004860 0.006051 0.002067
5 14 0.005195 0.006051 0.002067
5 15 0.005363 0.006051 0.002067
5 16 0.004860 0.006051 0.002067
5 17 0.004357 0.006051 0.002067
5 18 0.003687 0.006051 0.002067
5 19 0.003352 0.006051 0.002067
5 20 0.004860 0.006051 0.002067
6 0 0.004692 0.006051 0.002067
6 1 0.004357 0.006051 0.002067
6 2 0.005028 0.006051 0.002067
6 3 0.003687 0.006051 0.002067
6 4 0.005363 0.006051 0.002067
6 5 0.007374 0.006051 0.002067
6 6 0.007374 0.006051 0.002067
6 7 0.006704 0.006051 0.002067
6 8 0.007709 0.006051 0.002067
6 9 0.008715 0.006051 0.002067
6 10 0.009050 0.006051 0.002067
6 11 0.010558 0.006051 0.002067
6 12 0.007206 0.006051 0.002067
6 13 0.005866 0.006051 0.002067
6 14 0.004692 0.006051 0.002067
6 15 0.006536 0.006051 0.002067
6 16 0.006368 0.006051 0.002067
6 17 0.006033 0.006051 0.002067
6 18 0.005866 0.006051 0.002067
6 19 0.003352 0.006051 0.002067
6 20 0.004357 0.006051 0.002067
7 0 0.005363 0.006051 0.002067
7 1 0.004357 0.006051 0.002067
7 2 0.005363 0.006051 0.002067
7 3 0.005866 0.006051 0.002067
7 4 0.006368 0.006051 0.002067
7 5 0.007039 0.006051 0.002067
7 6 0.007039 0.006051 0.002067
7 7 0.006536 0.006051 0.002067
7 8 0.008547 0.006051 0.002067
7 9 0.007541 0.006051 0.002067
7 10 0.009720 0.006051 0.002067
7 11 0.010055 0.006051 0.002067
7 12 0.008379 0.006051 0.002067
7 13 0.007877 0.006051 0.002067
7 14 0.006536 0.006051 0.002067
7 15 0.006033 0.006051 0.002067
7 16 0.005866 0.006051 0.002067
7 17 0.005363 0.006051 0.002067
7 18 0.005530 0.006051 0.002067
7 19 0.004860 0.006051 0.002067
7 20 0.005028 0.006051 0.002067
8 0 0.006033 0.006051 0.002067
8 1 0.004692 0.006051 0.002067
8 2 0.004860 0.006051 0.002067
8 3 0.006704 0.006051 0.002067
8 4 0.006536 0.006051 0.002067
8 5 0.007206 0.006051 0.002067
8 6 0.007709 0.006051 0.002067
8 7 0.008547 0.006051 0.002067
8 8 0.009553 0.006051 0.002067
8 9 0.008715 0.006051 0.002067
8 10 0.010893 0.006051 0.002067
8 11 0.011899 0.006051 0.002067
8 12 0.008715 0.006051 0.002067
8 13 0.009553 0.006051 0.002067
8 14 0.007541 0.006051 0.002067
8 15 0.006871 0.006051 0.002067
8 16 0.004860 0.006051 0.002067
8 17 0.005363 0.006051 0.002067
8 18 0.005530 0.006051 0.002067
8 19 0.004190 0.006051 0.002067
8 20 0.004692 0.006051 0.002067
9 0 0.005866 0.006051 0.002067
9 1 0.005698 0.006051 0.002067
9 2 0.006201 0.006051 0.002067
9 3 0.005363 0.006051 0.002067
9 4 0.005363 0.006051 0.002067
9 5 0.007877 0.006051 0.002067
9 6 0.008547 0.006051 0.002067
9 7 0.008044 0.006051 0.002067
9 8 0.009385 0.006051 0.002067
9 9 0.009553 0.006051 0.002067
9 10 0.011731 0.006051 0.002067
9 11 0.013072 0.006051 0.002067
9 12 0.008715 0.006051 0.002067
9 13 0.008715 0.006051 0.002067
9 14 0.007877 0.006051 0.002067
9 15 0.008547 0.006051 0.002067
9 16 0.007206 0.006051 0.002067
9 17 0.007206 0.006051 0.002067
9 18 0.006704 0.006051 0.002067
9 19 0.004022 0.006051 0.002067
9 20 0.005866 0.006051 0.002067
10 0 0.005028 0.006051 0.002067
10 1 0.005530 0.006051 0.002067
10 2 0.008547 0.006051 0.002067
10 3 0.006368 0.006051 0.002067
10 4 0.006368 0.006051 0.002067
10 5 0.006368 0.006051 0.002067
10 6 0.009553 0.006051 0.002067
10 7 0.010726 0.006051 0.002067
10 8 0.009217 0.006051 0.002067
10 9 0.010223 0.006051 0.002067
10 10 0.015083 0.006051 0.002067
10 11 0.012569 0.006051 0.002067
10 12 0.009888 0.006051 0.002067
10 13 0.010223 0.006051 0.002067
10 14 0.010390 0.006051 0.002067
10 15 0.010390 0.006051 0.002067
10 16 0.009720 0.006051 0.002067
10 17 0.009385 0.006051 0.002067
10 18 0.007709 0.006051 0.002067
10 19 0.005195 0.006051 0.002067
10 20 0.005530 0.006051 0.002067
11 0 0.005530 0.006051 0.002067
11 1 0.006368 0.006051 0.002067
11 2 0.005698 0.006051 0.002067
11 3 0.005866 0.006051 0.002067
11 4 0.006201 0.006051 0.002067
11 5 0.007206 0.006051 0.002067
11 6 0.008547 0.006051 0.002067
11 7 0.009050 0.006051 0.002067
11 8 0.009553 0.006051 0.002067
11 9 0.010390 0.006051 0.002067
11 10 0.011731 0.006051 0.002067
11 11 0.012569 0.006051 0.002067
11 12 0.008882 0.006051 0.002067
11 13 0.007709 0.006051 0.002067
11 14 0.008379 0.006051 0.002067
11 15 0.008547 0.006051 0.002067
11 16 0.009050 0.006051 0.002067
11 17 0.008547 0.006051 0.002067
11 18 0.007709 0.006051 0.002067
11 19 0.005866 0.006051 0.002067
11 20 0.006201 0.006051 0.002067
12 0 0.005363 0.006051 0.002067
12 1 0.003855 0.006051 0.002067
12 2 0.005866 0.006051 0.002067
12 3 0.004525 0.006051 0.002067
12 4 0.005028 0.006051 0.002067
12 5 0.006871 0.006051 0.002067
12 6 0.008212 0.006051 0.002067
12 7 0.008547 0.006051 0.002067
12 8 0.008547 0.006051 0.002067
12 9 0.007709 0.006051 0.002067
12 10 0.010390 0.006051 0.002067
12 11 0.010055 0.006051 0.002067
12 12 0.008212 0.006051 0.002067
12 13 0.007039 0.006051 0.002067
12 14 0.007206 0.006051 0.002067
12 15 0.007709 0.006051 0.002067
12 16 0.006871 0.006051 0.002067
12 17 0.006871 0.006051 0.002067
12 18 0.006368 0.006051 0.002067
12 19 0.004692 0.006051 0.002067
12 20 0.006033 0.006051 0.002067
13 0 0.004190 0.006051 0.002067
13 1 0.003017 0.006051 0.002067
13 2 0.004692 0.006051 0.002067
13 3 0.006201 0.006051 0.002067
13 4 0.006201 0.006051 0.002067
13 5 0.005866 0.006051 0.002067
13 6 0.006368 0.006051 0.002067
13 7 0.006368 0.006051 0.002067
13 8 0.007709 0.006051 0.002067
13 9 0.009050 0.006051 0.002067
13 10 0.009050 0.006051 0.002067
13 11 0.009217 0.006051 0.002067
13 12 0.007877 0.006051 0.002067
13 13 0.007877 0.006051 0.002067
13 14 0.006201 0.006051 0.002067
13 15 0.006871 0.006051 0.002067
13 16 0.007374 0.006051 0.002067
13 17 0.006201 0.006051 0.002067
13 18 0.006536 0.006051 0.002067
13 19 0.005028 0.006051 0.002067
13 20 0.006871 0.006051 0.002067
14 0 0.004525 0.006051 0.002067
14 1 0.002681 0.006051 0.002067
14 2 0.004357 0.006051 0.002067
14 3 0.004357 0.006051 0.002067
14 4 0.005530 0.006051 0.002067
14 5 0.006201 0.006051 0.002067
14 6 0.005363 0.006051 0.002067
14 7 0.005195 0.006051 0.002067
14 8 0.005866 0.006051 0.002067
14 9 0.007374 0.006051 0.002067
14 10 0.009217 0.006051 0.002067
14 11 0.011228 0.006051 0.002067
14 12 0.008882 0.006051 0.002067
14 13 0.008882 0.006051 0.002067
14 14 0.007877 0.006051 0.002067
14 15 0.007541 0.006051 0.002067
14 16 0.007039 0.006051 0.002067
14 17 0.006704 0.006051 0.002067
14 18 0.004860 0.006051 0.002067
14 19 0.004525 0.006051 0.002067
14 20 0.005698 0.006051 0.002067
15 0 0.004022 0.006051 0.002067
15 1 0.004022 0.006051 0.002067
15 2 0.004357 0.006051 0.002067
15 3 0.005698 0.006051 0.002067
15 4 0.004525 0.006051 0.002067
15 5 0.006368 0.006051 0.002067
15 6 0.006871 0.006051 0.002067
15 7 0.005028 0.006051 0.002067
15 8 0.006033 0.006051 0.002067
15 9 0.007206 0.006051 0.002067
15 10 0.009050 0.006051 0.002067
15 11 0.009217 0.006051 0.002067
15 12 0.007374 0.006051 0.002067
15 13 0.008212 0.006051 0.002067
15 14 0.008715 0.006051 0.002067
15 15 0.007374 0.006051 0.002067
15 16 0.008379 0.006051 0.002067
15 17 0.007877 0.006051 0.002067
15 18 0.005866 0.006051 0.002067
15 19 0.005363 0.006051 0.002067
15 20 0.005195 0.006051 0.002067
16 0 0.004860 0.006051 0.002067
16 1 0.003519 0.006051 0.002067
16 2 0.002179 0.006051 0.002067
16 3 0.003855 0.006051 0.002067
16 4 0.004022 0.006051 0.002067
16 5 0.005866 0.006051 0.002067
16 6 0.006536 0.006051 0.002067
16 7 0.005698 0.006051 0.002067
16 8 0.006033 0.006051 0.002067
16 9 0.006368 0.006051 0.002067
16 10 0.008882 0.006051 0.002067
16 11 0.008044 0.006051 0.002067
16 12 0.007541 0.006051 0.002067
16 13 0.007374 0.006051 0.002067
16 14 0.007877 0.006051 0.002067
16 15 0.008212 0.006051 0.002067
16 16 0.009050 0.006051 0.002067
16 17 0.008882 0.006051 0.002067
16 18 0.006704 0.006051 0.002067
16 19 0.004190 0.006051 0.002067
16 20 0.004357 0.006051 0.002067
17 0 0.004692 0.006051 0.002067
17 1 0.004022 0.006051 0.002067
17 2 0.003855 0.006051 0.002067
17 3 0.004692 0.006051 0.002067
17 4 0.003855 0.006051 0.002067
17 5 0.006368 0.006051 0.002067
17 6 0.006033 0.006051 0.002067
17 7 0.006871 0.006051 0.002067
17 8 0.006033 0.006051 0.002067
17 9 0.006536 0.006051 0.002067
17 10 0.008044 0.006051 0.002067
17 11 0.009050 0.006051 0.002067
17 12 0.008882 0.006051 0.002067
17 13 0.008882 0.006051 0.002067
17 14 0.008882 0.006051 0.002067
17 15 0.008547 0.006051 0.002067
17 16 0.008044 0.006051 0.002067
17 17 0.006368 0.006051 0.002067
17 18 0.004525 0.006051 0.002067
17 19 0.004190 0.006051 0.002067
17 20 0.006033 0.006051 0.002067
18 0 0.005195 0.006051 0.002067
18 1 0.002681 0.006051 0.002067
18 2 0.002514 0.006051 0.002067
18 3 0.003687 0.006051 0.002067
18 4 0.004190 0.006051 0.002067
18 5 0.005028 0.006051 0.002067
18 6 0.005363 0.006051 0.002067
18 7 0.006871 0.006051 0.002067
18 8 0.004860 0.006051 0.002067
18 9 0.006201 0.006051 0.002067
18 10 0.008379 0.006051 0.002067
18 11 0.008379 0.006051 0.002067
18 12 0.004692 0.006051 0.002067
18 13 0.005363 0.006051 0.002067
18 14 0.006536 0.006051 0.002067
18 15 0.007206 0.006051 0.002067
18 16 0.005866 0.006051 0.002067
18 17 0.005530 0.006051 0.002067
18 18 0.005530 0.006051 0.002067
18 19 0.003519 0.006051 0.002067
18 20 0.005530 0.006051 0.002067
19 0 0.003017 0.006051 0.002067
19 1 0.003184 0.006051 0.002067
19 2 0.002346 0.006051 0.002067
19 3 0.003352 0.006051 0.002067
19 4 0.003519 0.006051 0.002067
19 5 0.003855 0.006051 0.002067
19 6 0.004022 0.006051 0.002067
19 7 0.003519 0.006051 0.002067
19 8 0.003855 0.006051 0.002067
19 9 0.004357 0.006051 0.002067
19 10 0.005195 0.006051 0.002067
19 11 0.005028 0.006051 0.002067
19 12 0.005530 0.006051 0.002067
19 13 0.004860 0.006051 0.002067
19 14 0.004860 0.006051 0.002067
19 15 0.005195 0.006051 0.002067
19 16 0.005363 0.006051 0.002067
19 17 0.004190 0.006051 0.002067
19 18 0.004357 0.006051 0.002067
19 19 0.002514 0.006051 0.002067
19 20 0.004357 0.006051 0.002067
20 0 0.002346 0.006051 0.002067
20 1 0.001676 0.006051 0.002067
20 2 0.001173 0.006051 0.002067
20 3 0.003687 0.006051 0.002067
20 4 0.003352 0.006051 0.002067
20 5 0.003184 0.006051 0.002067
20 6 0.004525 0.006051 0.002067
20 7 0.004860 0.006051 0.002067
20 8 0.004190 0.006051 0.002067
20 9 0.005028 0.006051 0.002067
20 10 0.004692 0.006051 0.002067
20 11 0.005028 0.006051 0.002067
20 12 0.005363 0.006051 0.002067
20 13 0.006368 0.006051 0.002067
20 14 0.005866 0.006051 0.002067
20 15 0.004860 0.006051 0.002067
20 16 0.006033 0.006051 0.002067
20 17 0.005028 0.006051 0.002067
20 18 0.003855 0.006051 0.002067
20 19 0.004190 0.006051 0.002067
20 20 0.005028 0.006051 0.002067
