# contact distance = 8.0 Angstroms
# F = 0.4 kJ/mol

# i j contact_probability mean_contact_probability stddev_contact_probability
0 0 0.000366 0.003948 0.002853
0 1 0.000000 0.003948 0.002853
0 2 0.000244 0.003948 0.002853
0 3 0.001220 0.003948 0.002853
0 4 0.000732 0.003948 0.002853
0 5 0.001220 0.003948 0.002853
0 6 0.001951 0.003948 0.002853
0 7 0.001708 0.003948 0.002853
0 8 0.002805 0.003948 0.002853
0 9 0.001829 0.003948 0.002853
0 10 0.002195 0.003948 0.002853
0 11 0.002561 0.003948 0.002853
0 12 0.002439 0.003948 0.002853
0 13 0.004269 0.003948 0.002853
0 14 0.006708 0.003948 0.002853
0 15 0.008294 0.003948 0.002853
0 16 0.007806 0.003948 0.002853
0 17 0.009635 0.003948 0.002853
0 18 0.009147 0.003948 0.002853
0 19 0.007684 0.003948 0.002853
0 20 0.009269 0.003948 0.002853
1 0 0.000000 0.003948 0.002853
1 1 0.000000 0.003948 0.002853
1 2 0.000000 0.003948 0.002853
1 3 0.000244 0.003948 0.002853
1 4 0.000366 0.003948 0.002853
1 5 0.000976 0.003948 0.002853
1 6 0.001829 0.003948 0.002853
1 7 0.002073 0.003948 0.002853
1 8 0.002805 0.003948 0.002853
1 9 0.001829 0.003948 0.002853
1 10 0.002439 0.003948 0.002853
1 11 0.002561 0.003948 0.002853
1 12 0.002317 0.003948 0.002853
1 13 0.004513 0.003948 0.002853
1 14 0.005488 0.003948 0.002853
1 15 0.006952 0.003948 0.002853
1 16 0.008172 0.003948 0.002853
1 17 0.011465 0.003948 0.002853
1 18 0.010977 0.003948 0.002853
1 19 0.008050 0.003948 0.002853
1 20 0.008904 0.003948 0.002853
2 0 0.000366 0.003948 0.002853
2 1 0.000122 0.003948 0.002853
2 2 0.000000 0.003948 0.002853
2 3 0.000244 0.003948 0.002853
2 4 0.000854 0.003948 0.002853
2 5 0.001220 0.003948 0.002853
2 6 0.000854 0.003948 0.002853
2 7 0.001586 0.003948 0.002853
2 8 0.002927 0.003948 0.002853
2 9 0.002439 0.003948 0.002853
2 10 0.002805 0.003948 0.002853
2 11 0.003293 0.003948 0.002853
2 12 0.004391 0.003948 0.002853
2 13 0.005976 0.003948 0.002853
2 14 0.006464 0.003948 0.002853
2 15 0.007928 0.003948 0.002853
2 16 0.008538 0.003948 0.002853
2 17 0.012684 0.003948 0.002853
2 18 0.011221 0.003948 0.002853
2 19 0.008294 0.003948 0.002853
2 20 0.009879 0.003948 0.002853
3 0 0.000610 0.003948 0.002853
3 1 0.000122 0.003948 0.002853
3 2 0.000122 0.003948 0.002853
3 3 0.000610 0.003948 0.002853
3 4 0.000976 0.003948 0.002853
3 5 0.001708 0.003948 0.002853
3 6 0.001342 0.003948 0.002853
3 7 0.002195 0.003948 0.002853
3 8 0.002195 0.003948 0.002853
3 9 0.002683 0.003948 0.002853
3 10 0.003049 0.003948 0.002853
3 11 0.003659 0.003948 0.002853
3 12 0.004025 0.003948 0.002853
3 13 0.007196 0.003948 0.002853
3 14 0.009025 0.003948 0.002853
3 15 0.008172 0.003948 0.002853
3 16 0.008904 0.003948 0.002853
3 17 0.011831 0.003948 0.002853
3 18 0.011465 0.003948 0.002853
3 19 0.009269 0.003948 0.002853
3 20 0.008782 0.003948 0.002853
4 0 0.000854 0.003948 0.002853
4 1 0.000854 0.003948 0.002853
4 2 0.000610 0.003948 0.002853
4 3 0.001342 0.003948 0.002853
4 4 0.001342 0.003948 0.002853
4 5 0.002439 0.003948 0.002853
4 6 0.002195 0.003948 0.002853
4 7 0.002805 0.003948 0.002853
4 8 0.003659 0.003948 0.002853
4 9 0.003171 0.003948 0.002853
4 10 0.003415 0.003948 0.002853
4 11 0.004635 0.003948 0.002853
4 12 0.005245 0.003948 0.002853
4 13 0.007562 0.003948 0.002853
4 14 0.007318 0.003948 0.002853
4 15 0.006342 0.003948 0.002853
4 16 0.006952 0.003948 0.002853
4 17 0.006586 0.003948 0.002853
4 18 0.006708 0.003948 0.002853
4 19 0.007440 0.003948 0.002853
4 20 0.006098 0.003948 0.002853
5 0 0.001586 0.003948 0.002853
5 1 0.000976 0.003948 0.002853
5 2 0.001220 0.003948 0.002853
5 3 0.001464 0.003948 0.002853
5 4 0.002073 0.003948 0.002853
5 5 0.002561 0.003948 0.002853
5 6 0.002561 0.003948 0.002853
5 7 0.002561 0.003948 0.002853
5 8 0.004269 0.003948 0.002853
5 9 0.004147 0.003948 0.002853
5 10 0.003903 0.003948 0.002853
5 11 0.004025 0.003948 0.002853
5 12 0.004757 0.003948 0.002853
5 13 0.006830 0.003948 0.002853
5 14 0.006708 0.003948 0.002853
5 15 0.006098 0.003948 0.002853
5 16 0.006952 0.003948 0.002853
5 17 0.007318 0.003948 0.002853
5 18 0.004757 0.003948 0.002853
5 19 0.004269 0.003948 0.002853
5 20 0.003781 0.003948 0.002853
6 0 0.002195 0.003948 0.002853
6 1 0.000854 0.003948 0.002853
6 2 0.001220 0.003948 0.002853
6 3 0.001586 0.003948 0.002853
6 4 0.002073 0.003948 0.002853
6 5 0.002317 0.003948 0.002853
6 6 0.002927 0.003948 0.002853
6 7 0.004025 0.003948 0.002853
6 8 0.004879 0.003948 0.002853
6 9 0.004879 0.003948 0.002853
6 10 0.005488 0.003948 0.002853
6 11 0.005488 0.003948 0.002853
6 12 0.005854 0.003948 0.002853
6 13 0.006342 0.003948 0.002853
6 14 0.005245 0.003948 0.002853
6 15 0.004879 0.003948 0.002853
6 16 0.004513 0.003948 0.002853
6 17 0.004391 0.003948 0.002853
6 18 0.004147 0.003948 0.002853
6 19 0.003903 0.003948 0.002853
6 20 0.003659 0.003948 0.002853
7 0 0.001586 0.003948 0.002853
7 1 0.000732 0.003948 0.002853
7 2 0.001342 0.003948 0.002853
7 3 0.002195 0.003948 0.002853
7 4 0.003293 0.003948 0.002853
7 5 0.003293 0.003948 0.002853
7 6 0.003049 0.003948 0.002853
7 7 0.004147 0.003948 0.002853
7 8 0.004513 0.003948 0.002853
7 9 0.004757 0.003948 0.002853
7 10 0.005488 0.003948 0.002853
7 11 0.004635 0.003948 0.002853
7 12 0.005732 0.003948 0.002853
7 13 0.005976 0.003948 0.002853
7 14 0.003659 0.003948 0.002853
7 15 0.005367 0.003948 0.002853
7 16 0.003537 0.003948 0.002853
7 17 0.003781 0.003948 0.002853
7 18 0.003049 0.003948 0.002853
7 19 0.003171 0.003948 0.002853
7 20 0.002927 0.003948 0.002853
8 0 0.001951 0.003948 0.002853
8 1 0.001951 0.003948 0.002853
8 2 0.002561 0.003948 0.002853
8 3 0.003537 0.003948 0.002853
8 4 0.003171 0.003948 0.002853
8 5 0.004513 0.003948 0.002853
8 6 0.004269 0.003948 0.002853
8 7 0.004269 0.003948 0.002853
8 8 0.004025 0.003948 0.002853
8 9 0.005488 0.003948 0.002853
8 10 0.005610 0.003948 0.002853
8 11 0.005976 0.003948 0.002853
8 12 0.005732 0.003948 0.002853
8 13 0.003903 0.003948 0.002853
8 14 0.003415 0.003948 0.002853
8 15 0.003903 0.003948 0.002853
8 16 0.003781 0.003948 0.002853
8 17 0.003415 0.003948 0.002853
8 18 0.003293 0.003948 0.002853
8 19 0.002805 0.003948 0.002853
8 20 0.002927 0.003948 0.002853
9 0 0.002683 0.003948 0.002853
9 1 0.002317 0.003948 0.002853
9 2 0.001829 0.003948 0.002853
9 3 0.003049 0.003948 0.002853
9 4 0.003293 0.003948 0.002853
9 5 0.003781 0.003948 0.002853
9 6 0.004025 0.003948 0.002853
9 7 0.004513 0.003948 0.002853
9 8 0.006098 0.003948 0.002853
9 9 0.006708 0.003948 0.002853
9 10 0.007562 0.003948 0.002853
9 11 0.007562 0.003948 0.002853
9 12 0.006342 0.003948 0.002853
9 13 0.004391 0.003948 0.002853
9 14 0.003293 0.003948 0.002853
9 15 0.003537 0.003948 0.002853
9 16 0.003293 0.003948 0.002853
9 17 0.003171 0.003948 0.002853
9 18 0.002805 0.003948 0.002853
9 19 0.003293 0.003948 0.002853
9 20 0.002683 0.003948 0.002853
10 0 0.003537 0.003948 0.002853
10 1 0.001829 0.003948 0.002853
10 2 0.002073 0.003948 0.002853
10 3 0.002927 0.003948 0.002853
10 4 0.003415 0.003948 0.002853
10 5 0.003659 0.003948 0.002853
10 6 0.004757 0.003948 0.002853
10 7 0.003415 0.003948 0.002853
10 8 0.005367 0.003948 0.002853
10 9 0.006708 0.003948 0.002853
10 10 0.006830 0.003948 0.002853
10 11 0.006952 0.003948 0.002853
10 12 0.006586 0.003948 0.002853
10 13 0.005367 0.003948 0.002853
10 14 0.004391 0.003948 0.002853
10 15 0.004147 0.003948 0.002853
10 16 0.003171 0.003948 0.002853
10 17 0.002073 0.003948 0.002853
10 18 0.002683 0.003948 0.002853
10 19 0.002195 0.003948 0.002853
10 20 0.003049 0.003948 0.002853
11 0 0.003537 0.003948 0.002853
11 1 0.002805 0.003948 0.002853
11 2 0.002439 0.003948 0.002853
11 3 0.003537 0.003948 0.002853
11 4 0.004269 0.003948 0.002853
11 5 0.004879 0.003948 0.002853
11 6 0.005123 0.003948 0.002853
11 7 0.003171 0.003948 0.002853
11 8 0.005854 0.003948 0.002853
11 9 0.007074 0.003948 0.002853
11 10 0.006220 0.003948 0.002853
11 11 0.006098 0.003948 0.002853
11 12 0.005854 0.003948 0.002853
11 13 0.004879 0.003948 0.002853
11 14 0.003537 0.003948 0.002853
11 15 0.003781 0.003948 0.002853
11 16 0.002195 0.003948 0.002853
11 17 0.001829 0.003948 0.002853
11 18 0.002195 0.003948 0.002853
11 19 0.002073 0.003948 0.002853
11 20 0.002683 0.003948 0.002853
12 0 0.004147 0.003948 0.002853
12 1 0.002927 0.003948 0.002853
12 2 0.002805 0.003948 0.002853
12 3 0.004025 0.003948 0.002853
12 4 0.005367 0.003948 0.002853
12 5 0.004635 0.003948 0.002853
12 6 0.005610 0.003948 0.002853
12 7 0.005245 0.003948 0.002853
12 8 0.006342 0.003948 0.002853
12 9 0.006586 0.003948 0.002853
12 10 0.004635 0.003948 0.002853
12 11 0.005367 0.003948 0.002853
12 12 0.004879 0.003948 0.002853
12 13 0.003537 0.003948 0.002853
12 14 0.001708 0.003948 0.002853
12 15 0.002805 0.003948 0.002853
12 16 0.001951 0.003948 0.002853
12 17 0.001708 0.003948 0.002853
12 18 0.001342 0.003948 0.002853
12 19 0.001220 0.003948 0.002853
12 20 0.001829 0.003948 0.002853
13 0 0.004391 0.003948 0.002853
13 1 0.004269 0.003948 0.002853
13 2 0.006464 0.003948 0.002853
13 3 0.005732 0.003948 0.002853
13 4 0.005245 0.003948 0.002853
13 5 0.005123 0.003948 0.002853
13 6 0.005001 0.003948 0.002853
13 7 0.004513 0.003948 0.002853
13 8 0.004879 0.003948 0.002853
13 9 0.005123 0.003948 0.002853
13 10 0.004879 0.003948 0.002853
13 11 0.004513 0.003948 0.002853
13 12 0.004269 0.003948 0.002853
13 13 0.003171 0.003948 0.002853
13 14 0.001708 0.003948 0.002853
13 15 0.002195 0.003948 0.002853
13 16 0.001220 0.003948 0.002853
13 17 0.000488 0.003948 0.002853
13 18 0.001098 0.003948 0.002853
13 19 0.001220 0.003948 0.002853
13 20 0.001586 0.003948 0.002853
14 0 0.007562 0.003948 0.002853
14 1 0.006708 0.003948 0.002853
14 2 0.008660 0.003948 0.002853
14 3 0.008050 0.003948 0.002853
14 4 0.008172 0.003948 0.002853
14 5 0.005854 0.003948 0.002853
14 6 0.005854 0.003948 0.002853
14 7 0.004391 0.003948 0.002853
14 8 0.005001 0.003948 0.002853
14 9 0.005001 0.003948 0.002853
14 10 0.004391 0.003948 0.002853
14 11 0.002927 0.003948 0.002853
14 12 0.003293 0.003948 0.002853
14 13 0.002317 0.003948 0.002853
14 14 0.001098 0.003948 0.002853
14 15 0.001342 0.003948 0.002853
14 16 0.001464 0.003948 0.002853
14 17 0.000732 0.003948 0.002853
14 18 0.000732 0.003948 0.002853
14 19 0.000488 0.003948 0.002853
14 20 0.000610 0.003948 0.002853
15 0 0.007440 0.003948 0.002853
15 1 0.006708 0.003948 0.002853
15 2 0.007928 0.003948 0.002853
15 3 0.008538 0.003948 0.002853
15 4 0.007928 0.003948 0.002853
15 5 0.007318 0.003948 0.002853
15 6 0.005610 0.003948 0.002853
15 7 0.005367 0.003948 0.002853
15 8 0.004879 0.003948 0.002853
15 9 0.004391 0.003948 0.002853
15 10 0.005001 0.003948 0.002853
15 11 0.003171 0.003948 0.002853
15 12 0.003415 0.003948 0.002853
15 13 0.001951 0.003948 0.002853
15 14 0.000854 0.003948 0.002853
15 15 0.000854 0.003948 0.002853
15 16 0.000976 0.003948 0.002853
15 17 0.000732 0.003948 0.002853
15 18 0.000244 0.003948 0.002853
15 19 0.000976 0.003948 0.002853
15 20 0.000732 0.003948 0.002853
16 0 0.007562 0.003948 0.002853
16 1 0.008050 0.003948 0.002853
16 2 0.009513 0.003948 0.002853
16 3 0.008904 0.003948 0.002853
16 4 0.007440 0.003948 0.002853
16 5 0.006098 0.003948 0.002853
16 6 0.004879 0.003948 0.002853
16 7 0.005488 0.003948 0.002853
16 8 0.005367 0.003948 0.002853
16 9 0.004635 0.003948 0.002853
16 10 0.004513 0.003948 0.002853
16 11 0.003415 0.003948 0.002853
16 12 0.002439 0.003948 0.002853
16 13 0.000732 0.003948 0.002853
16 14 0.001220 0.003948 0.002853
16 15 0.000732 0.003948 0.002853
16 16 0.000732 0.003948 0.002853
16 17 0.000244 0.003948 0.002853
16 18 0.000000 0.003948 0.002853
16 19 0.000610 0.003948 0.002853
16 20 0.000854 0.003948 0.002853
17 0 0.009635 0.003948 0.002853
17 1 0.012075 0.003948 0.002853
17 2 0.013782 0.003948 0.002853
17 3 0.011221 0.003948 0.002853
17 4 0.007196 0.003948 0.002853
17 5 0.005367 0.003948 0.002853
17 6 0.004635 0.003948 0.002853
17 7 0.004147 0.003948 0.002853
17 8 0.003415 0.003948 0.002853
17 9 0.002927 0.003948 0.002853
17 10 0.002561 0.003948 0.002853
17 11 0.002073 0.003948 0.002853
17 12 0.001586 0.003948 0.002853
17 13 0.000732 0.003948 0.002853
17 14 0.000366 0.003948 0.002853
17 15 0.000366 0.003948 0.002853
17 16 0.000366 0.003948 0.002853
17 17 0.000122 0.003948 0.002853
17 18 0.000366 0.003948 0.002853
17 19 0.000366 0.003948 0.002853
17 20 0.000732 0.003948 0.002853
18 0 0.011343 0.003948 0.002853
18 1 0.013660 0.003948 0.002853
18 2 0.014270 0.003948 0.002853
18 3 0.011221 0.003948 0.002853
18 4 0.008538 0.003948 0.002853
18 5 0.003415 0.003948 0.002853
18 6 0.004269 0.003948 0.002853
18 7 0.003659 0.003948 0.002853
18 8 0.003049 0.003948 0.002853
18 9 0.003293 0.003948 0.002853
18 10 0.002683 0.003948 0.002853
18 11 0.001708 0.003948 0.002853
18 12 0.001220 0.003948 0.002853
18 13 0.000610 0.003948 0.002853
18 14 0.000732 0.003948 0.002853
18 15 0.000732 0.003948 0.002853
18 16 0.000366 0.003948 0.002853
18 17 0.000122 0.003948 0.002853
18 18 0.000488 0.003948 0.002853
18 19 0.000610 0.003948 0.002853
18 20 0.001098 0.003948 0.002853
19 0 0.008538 0.003948 0.002853
19 1 0.010001 0.003948 0.002853
19 2 0.011465 0.003948 0.002853
19 3 0.008782 0.003948 0.002853
19 4 0.006830 0.003948 0.002853
19 5 0.004147 0.003948 0.002853
19 6 0.002561 0.003948 0.002853
19 7 0.002805 0.003948 0.002853
19 8 0.003049 0.003948 0.002853
19 9 0.002439 0.003948 0.002853
19 10 0.002073 0.003948 0.002853
19 11 0.001708 0.003948 0.002853
19 12 0.001220 0.003948 0.002853
19 13 0.000732 0.003948 0.002853
19 14 0.000854 0.003948 0.002853
19 15 0.000610 0.003948 0.002853
19 16 0.000244 0.003948 0.002853
19 17 0.000244 0.003948 0.002853
19 18 0.000366 0.003948 0.002853
19 19 0.000366 0.003948 0.002853
19 20 0.000610 0.003948 0.002853
20 0 0.008416 0.003948 0.002853
20 1 0.008660 0.003948 0.002853
20 2 0.009757 0.003948 0.002853
20 3 0.009513 0.003948 0.002853
20 4 0.006952 0.003948 0.002853
20 5 0.005001 0.003948 0.002853
20 6 0.003903 0.003948 0.002853
20 7 0.003293 0.003948 0.002853
20 8 0.003415 0.003948 0.002853
20 9 0.002317 0.003948 0.002853
20 10 0.002439 0.003948 0.002853
20 11 0.001829 0.003948 0.002853
20 12 0.001220 0.003948 0.002853
20 13 0.000732 0.003948 0.002853
20 14 0.001098 0.003948 0.002853
20 15 0.000976 0.003948 0.002853
20 16 0.000976 0.003948 0.002853
20 17 0.000976 0.003948 0.002853
20 18 0.000854 0.003948 0.002853
20 19 0.000854 0.003948 0.002853
20 20 0.000732 0.003948 0.002853
