# contact distance = 8.0 Angstroms
# F = 0.4 kJ/mol

# i j contact_probability mean_contact_probability stddev_contact_probability
0 0 0.000396 0.003525 0.002159
0 1 0.000659 0.003525 0.002159
0 2 0.000527 0.003525 0.002159
0 3 0.000264 0.003525 0.002159
0 4 0.000396 0.003525 0.002159
0 5 0.000791 0.003525 0.002159
0 6 0.001318 0.003525 0.002159
0 7 0.001582 0.003525 0.002159
0 8 0.001714 0.003525 0.002159
0 9 0.001846 0.003525 0.002159
0 10 0.003032 0.003525 0.002159
0 11 0.002769 0.003525 0.002159
0 12 0.002900 0.003525 0.002159
0 13 0.003560 0.003525 0.002159
0 14 0.003955 0.003525 0.002159
0 15 0.005801 0.003525 0.002159
0 16 0.007251 0.003525 0.002159
0 17 0.007515 0.003525 0.002159
0 18 0.007383 0.003525 0.002159
0 19 0.007910 0.003525 0.002159
0 20 0.009624 0.003525 0.002159
1 0 0.000264 0.003525 0.002159
1 1 0.000000 0.003525 0.002159
1 2 0.000132 0.003525 0.002159
1 3 0.000132 0.003525 0.002159
1 4 0.000132 0.003525 0.002159
1 5 0.000396 0.003525 0.002159
1 6 0.001318 0.003525 0.002159
1 7 0.001318 0.003525 0.002159
1 8 0.001582 0.003525 0.002159
1 9 0.002373 0.003525 0.002159
1 10 0.001582 0.003525 0.002159
1 11 0.001978 0.003525 0.002159
1 12 0.001978 0.003525 0.002159
1 13 0.002637 0.003525 0.002159
1 14 0.003428 0.003525 0.002159
1 15 0.006065 0.003525 0.002159
1 16 0.007779 0.003525 0.002159
1 17 0.007119 0.003525 0.002159
1 18 0.007251 0.003525 0.002159
1 19 0.009361 0.003525 0.002159
1 20 0.010547 0.003525 0.002159
2 0 0.000132 0.003525 0.002159
2 1 0.000132 0.003525 0.002159
2 2 0.000132 0.003525 0.002159
2 3 0.000396 0.003525 0.002159
2 4 0.000132 0.003525 0.002159
2 5 0.000659 0.003525 0.002159
2 6 0.000527 0.003525 0.002159
2 7 0.000527 0.003525 0.002159
2 8 0.000923 0.003525 0.002159
2 9 0.002241 0.003525 0.002159
2 10 0.002637 0.003525 0.002159
2 11 0.002373 0.003525 0.002159
2 12 0.002505 0.003525 0.002159
2 13 0.002900 0.003525 0.002159
2 14 0.002900 0.003525 0.002159
2 15 0.004746 0.003525 0.002159
2 16 0.006460 0.003525 0.002159
2 17 0.006724 0.003525 0.002159
2 18 0.007515 0.003525 0.002159
2 19 0.009624 0.003525 0.002159
2 20 0.011734 0.003525 0.002159
3 0 0.000923 0.003525 0.002159
3 1 0.000396 0.003525 0.002159
3 2 0.000132 0.003525 0.002159
3 3 0.000132 0.003525 0.002159
3 4 0.000396 0.003525 0.002159
3 5 0.000527 0.003525 0.002159
3 6 0.000132 0.003525 0.002159
3 7 0.000791 0.003525 0.002159
3 8 0.001187 0.003525 0.002159
3 9 0.001187 0.003525 0.002159
3 10 0.002109 0.003525 0.002159
3 11 0.002769 0.003525 0.002159
3 12 0.003428 0.003525 0.002159
3 13 0.003428 0.003525 0.002159
3 14 0.002900 0.003525 0.002159
3 15 0.004746 0.003525 0.002159
3 16 0.006328 0.003525 0.002159
3 17 0.005537 0.003525 0.002159
3 18 0.005274 0.003525 0.002159
3 19 0.005010 0.003525 0.002159
3 20 0.007251 0.003525 0.002159
4 0 0.000791 0.003525 0.002159
4 1 0.000396 0.003525 0.002159
4 2 0.000132 0.003525 0.002159
4 3 0.000132 0.003525 0.002159
4 4 0.000132 0.003525 0.002159
4 5 0.000527 0.003525 0.002159
4 6 0.000659 0.003525 0.002159
4 7 0.000923 0.003525 0.002159
4 8 0.001450 0.003525 0.002159
4 9 0.002505 0.003525 0.002159
4 10 0.002769 0.003525 0.002159
4 11 0.003560 0.003525 0.002159
4 12 0.002900 0.003525 0.002159
4 13 0.003823 0.003525 0.002159
4 14 0.004878 0.003525 0.002159
4 15 0.006328 0.003525 0.002159
4 16 0.006065 0.003525 0.002159
4 17 0.004878 0.003525 0.002159
4 18 0.005669 0.003525 0.002159
4 19 0.005669 0.003525 0.002159
4 20 0.005933 0.003525 0.002159
5 0 0.001187 0.003525 0.002159
5 1 0.000659 0.003525 0.002159
5 2 0.000527 0.003525 0.002159
5 3 0.000659 0.003525 0.002159
5 4 0.000264 0.003525 0.002159
5 5 0.000527 0.003525 0.002159
5 6 0.001318 0.003525 0.002159
5 7 0.002109 0.003525 0.002159
5 8 0.001055 0.003525 0.002159
5 9 0.002900 0.003525 0.002159
5 10 0.002241 0.003525 0.002159
5 11 0.002637 0.003525 0.002159
5 12 0.002373 0.003525 0.002159
5 13 0.002637 0.003525 0.002159
5 14 0.003955 0.003525 0.002159
5 15 0.005537 0.003525 0.002159
5 16 0.005537 0.003525 0.002159
5 17 0.004878 0.003525 0.002159
5 18 0.004746 0.003525 0.002159
5 19 0.003823 0.003525 0.002159
5 20 0.003823 0.003525 0.002159
6 0 0.001450 0.003525 0.002159
6 1 0.000659 0.003525 0.002159
6 2 0.000264 0.003525 0.002159
6 3 0.000791 0.003525 0.002159
6 4 0.000791 0.003525 0.002159
6 5 0.001187 0.003525 0.002159
6 6 0.001187 0.003525 0.002159
6 7 0.002109 0.003525 0.002159
6 8 0.002109 0.003525 0.002159
6 9 0.002900 0.003525 0.002159
6 10 0.002373 0.003525 0.002159
6 11 0.001978 0.003525 0.002159
6 12 0.003428 0.003525 0.002159
6 13 0.004351 0.003525 0.002159
6 14 0.004351 0.003525 0.002159
6 15 0.004087 0.003525 0.002159
6 16 0.003428 0.003525 0.002159
6 17 0.003955 0.003525 0.002159
6 18 0.004219 0.003525 0.002159
6 19 0.003560 0.003525 0.002159
6 20 0.003428 0.003525 0.002159
7 0 0.001582 0.003525 0.002159
7 1 0.000659 0.003525 0.002159
7 2 0.000923 0.003525 0.002159
7 3 0.001187 0.003525 0.002159
7 4 0.000923 0.003525 0.002159
7 5 0.001582 0.003525 0.002159
7 6 0.001582 0.003525 0.002159
7 7 0.001714 0.003525 0.002159
7 8 0.002505 0.003525 0.002159
7 9 0.003691 0.003525 0.002159
7 10 0.003560 0.003525 0.002159
7 11 0.003560 0.003525 0.002159
7 12 0.003691 0.003525 0.002159
7 13 0.004483 0.003525 0.002159
7 14 0.004483 0.003525 0.002159
7 15 0.003823 0.003525 0.002159
7 16 0.004351 0.003525 0.002159
7 17 0.004746 0.003525 0.002159
7 18 0.003691 0.003525 0.002159
7 19 0.003032 0.003525 0.002159
7 20 0.002769 0.003525 0.002159
8 0 0.002109 0.003525 0.002159
8 1 0.001318 0.003525 0.002159
8 2 0.001187 0.003525 0.002159
8 3 0.001055 0.003525 0.002159
8 4 0.001582 0.003525 0.002159
8 5 0.001714 0.003525 0.002159
8 6 0.001846 0.003525 0.002159
8 7 0.001714 0.003525 0.002159
8 8 0.002373 0.003525 0.002159
8 9 0.003691 0.003525 0.002159
8 10 0.004351 0.003525 0.002159
8 11 0.004746 0.003525 0.002159
8 12 0.005142 0.003525 0.002159
8 13 0.005274 0.003525 0.002159
8 14 0.006196 0.003525 0.002159
8 15 0.005405 0.003525 0.002159
8 16 0.004483 0.003525 0.002159
8 17 0.004878 0.003525 0.002159
8 18 0.002505 0.003525 0.002159
8 19 0.002241 0.003525 0.002159
8 20 0.002637 0.003525 0.002159
9 0 0.002505 0.003525 0.002159
9 1 0.002109 0.003525 0.002159
9 2 0.001978 0.003525 0.002159
9 3 0.001450 0.003525 0.002159
9 4 0.001714 0.003525 0.002159
9 5 0.002637 0.003525 0.002159
9 6 0.003560 0.003525 0.002159
9 7 0.002769 0.003525 0.002159
9 8 0.003428 0.003525 0.002159
9 9 0.004746 0.003525 0.002159
9 10 0.005801 0.003525 0.002159
9 11 0.005537 0.003525 0.002159
9 12 0.006724 0.003525 0.002159
9 13 0.005274 0.003525 0.002159
9 14 0.006196 0.003525 0.002159
9 15 0.005537 0.003525 0.002159
9 16 0.006460 0.003525 0.002159
9 17 0.005801 0.003525 0.002159
9 18 0.004614 0.003525 0.002159
9 19 0.003164 0.003525 0.002159
9 20 0.003823 0.003525 0.002159
10 0 0.002373 0.003525 0.002159
10 1 0.002505 0.003525 0.002159
10 2 0.001582 0.003525 0.002159
10 3 0.001450 0.003525 0.002159
10 4 0.001978 0.003525 0.002159
10 5 0.003560 0.003525 0.002159
10 6 0.004087 0.003525 0.002159
10 7 0.002373 0.003525 0.002159
10 8 0.003560 0.003525 0.002159
10 9 0.004351 0.003525 0.002159
10 10 0.005669 0.003525 0.002159
10 11 0.005274 0.003525 0.002159
10 12 0.005010 0.003525 0.002159
10 13 0.004746 0.003525 0.002159
10 14 0.005801 0.003525 0.002159
10 15 0.005933 0.003525 0.002159
10 16 0.004746 0.003525 0.002159
10 17 0.004483 0.003525 0.002159
10 18 0.003823 0.003525 0.002159
10 19 0.002373 0.003525 0.002159
10 20 0.003032 0.003525 0.002159
11 0 0.003032 0.003525 0.002159
11 1 0.003164 0.003525 0.002159
11 2 0.002769 0.003525 0.002159
11 3 0.002109 0.003525 0.002159
11 4 0.001846 0.003525 0.002159
11 5 0.002373 0.003525 0.002159
11 6 0.002900 0.003525 0.002159
11 7 0.004219 0.003525 0.002159
11 8 0.006196 0.003525 0.002159
11 9 0.006856 0.003525 0.002159
11 10 0.006196 0.003525 0.002159
11 11 0.005274 0.003525 0.002159
11 12 0.005537 0.003525 0.002159
11 13 0.004087 0.003525 0.002159
11 14 0.005537 0.003525 0.002159
11 15 0.005933 0.003525 0.002159
11 16 0.003560 0.003525 0.002159
11 17 0.003955 0.003525 0.002159
11 18 0.002900 0.003525 0.002159
11 19 0.003164 0.003525 0.002159
11 20 0.002109 0.003525 0.002159
12 0 0.002900 0.003525 0.002159
12 1 0.002241 0.003525 0.002159
12 2 0.002900 0.003525 0.002159
12 3 0.002373 0.003525 0.002159
12 4 0.001714 0.003525 0.002159
12 5 0.003164 0.003525 0.002159
12 6 0.003823 0.003525 0.002159
12 7 0.005142 0.003525 0.002159
12 8 0.005933 0.003525 0.002159
12 9 0.006856 0.003525 0.002159
12 10 0.006328 0.003525 0.002159
12 11 0.005537 0.003525 0.002159
12 12 0.004878 0.003525 0.002159
12 13 0.006460 0.003525 0.002159
12 14 0.007119 0.003525 0.002159
12 15 0.006065 0.003525 0.002159
12 16 0.004351 0.003525 0.002159
12 17 0.003296 0.003525 0.002159
12 18 0.002769 0.003525 0.002159
12 19 0.003032 0.003525 0.002159
12 20 0.001714 0.003525 0.002159
13 0 0.002241 0.003525 0.002159
13 1 0.002637 0.003525 0.002159
13 2 0.003691 0.003525 0.002159
13 3 0.003164 0.003525 0.002159
13 4 0.002900 0.003525 0.002159
13 5 0.003823 0.003525 0.002159
13 6 0.005537 0.003525 0.002159
13 7 0.005537 0.003525 0.002159
13 8 0.005933 0.003525 0.002159
13 9 0.006065 0.003525 0.002159
13 10 0.007119 0.003525 0.002159
13 11 0.006328 0.003525 0.002159
13 12 0.006724 0.003525 0.002159
13 13 0.007779 0.003525 0.002159
13 14 0.006196 0.003525 0.002159
13 15 0.005274 0.003525 0.002159
13 16 0.003955 0.003525 0.002159
13 17 0.003823 0.003525 0.002159
13 18 0.002769 0.003525 0.002159
13 19 0.002769 0.003525 0.002159
13 20 0.002109 0.003525 0.002159
14 0 0.003032 0.003525 0.002159
14 1 0.003032 0.003525 0.002159
14 2 0.003164 0.003525 0.002159
14 3 0.004746 0.003525 0.002159
14 4 0.004087 0.003525 0.002159
14 5 0.004878 0.003525 0.002159
14 6 0.004351 0.003525 0.002159
14 7 0.004351 0.003525 0.002159
14 8 0.005274 0.003525 0.002159
14 9 0.006592 0.003525 0.002159
14 10 0.006196 0.003525 0.002159
14 11 0.006460 0.003525 0.002159
14 12 0.004483 0.003525 0.002159
14 13 0.006724 0.003525 0.002159
14 14 0.005801 0.003525 0.002159
14 15 0.005274 0.003525 0.002159
14 16 0.003823 0.003525 0.002159
14 17 0.003164 0.003525 0.002159
14 18 0.002637 0.003525 0.002159
14 19 0.001450 0.003525 0.002159
14 20 0.002637 0.003525 0.002159
15 0 0.005405 0.003525 0.002159
15 1 0.005405 0.003525 0.002159
15 2 0.005142 0.003525 0.002159
15 3 0.006724 0.003525 0.002159
15 4 0.005405 0.003525 0.002159
15 5 0.004087 0.003525 0.002159
15 6 0.005010 0.003525 0.002159
15 7 0.004483 0.003525 0.002159
15 8 0.003823 0.003525 0.002159
15 9 0.005274 0.003525 0.002159
15 10 0.005669 0.003525 0.002159
15 11 0.004614 0.003525 0.002159
15 12 0.004614 0.003525 0.002159
15 13 0.005933 0.003525 0.002159
15 14 0.005142 0.003525 0.002159
15 15 0.004219 0.003525 0.002159
15 16 0.003164 0.003525 0.002159
15 17 0.001846 0.003525 0.002159
15 18 0.002109 0.003525 0.002159
15 19 0.001187 0.003525 0.002159
15 20 0.001714 0.003525 0.002159
16 0 0.006987 0.003525 0.002159
16 1 0.007383 0.003525 0.002159
16 2 0.006987 0.003525 0.002159
16 3 0.007515 0.003525 0.002159
16 4 0.005669 0.003525 0.002159
16 5 0.004878 0.003525 0.002159
16 6 0.004219 0.003525 0.002159
16 7 0.004087 0.003525 0.002159
16 8 0.006065 0.003525 0.002159
16 9 0.007383 0.003525 0.002159
16 10 0.005142 0.003525 0.002159
16 11 0.004351 0.003525 0.002159
16 12 0.003691 0.003525 0.002159
16 13 0.004351 0.003525 0.002159
16 14 0.003691 0.003525 0.002159
16 15 0.003955 0.003525 0.002159
16 16 0.002241 0.003525 0.002159
16 17 0.001450 0.003525 0.002159
16 18 0.001714 0.003525 0.002159
16 19 0.000659 0.003525 0.002159
16 20 0.001318 0.003525 0.002159
17 0 0.006065 0.003525 0.002159
17 1 0.007251 0.003525 0.002159
17 2 0.005669 0.003525 0.002159
17 3 0.005274 0.003525 0.002159
17 4 0.005801 0.003525 0.002159
17 5 0.004483 0.003525 0.002159
17 6 0.005142 0.003525 0.002159
17 7 0.003164 0.003525 0.002159
17 8 0.004087 0.003525 0.002159
17 9 0.005405 0.003525 0.002159
17 10 0.005933 0.003525 0.002159
17 11 0.003560 0.003525 0.002159
17 12 0.003691 0.003525 0.002159
17 13 0.003428 0.003525 0.002159
17 14 0.002769 0.003525 0.002159
17 15 0.002241 0.003525 0.002159
17 16 0.001450 0.003525 0.002159
17 17 0.000923 0.003525 0.002159
17 18 0.001187 0.003525 0.002159
17 19 0.001055 0.003525 0.002159
17 20 0.001318 0.003525 0.002159
18 0 0.005933 0.003525 0.002159
18 1 0.006592 0.003525 0.002159
18 2 0.006856 0.003525 0.002159
18 3 0.007383 0.003525 0.002159
18 4 0.005669 0.003525 0.002159
18 5 0.004614 0.003525 0.002159
18 6 0.004351 0.003525 0.002159
18 7 0.003428 0.003525 0.002159
18 8 0.004087 0.003525 0.002159
18 9 0.004219 0.003525 0.002159
18 10 0.004614 0.003525 0.002159
18 11 0.002900 0.003525 0.002159
18 12 0.003032 0.003525 0.002159
18 13 0.002505 0.003525 0.002159
18 14 0.002241 0.003525 0.002159
18 15 0.001582 0.003525 0.002159
18 16 0.000791 0.003525 0.002159
18 17 0.001187 0.003525 0.002159
18 18 0.000659 0.003525 0.002159
18 19 0.000527 0.003525 0.002159
18 20 0.001450 0.003525 0.002159
19 0 0.006724 0.003525 0.002159
19 1 0.006460 0.003525 0.002159
19 2 0.007910 0.003525 0.002159
19 3 0.006065 0.003525 0.002159
19 4 0.005142 0.003525 0.002159
19 5 0.003955 0.003525 0.002159
19 6 0.004087 0.003525 0.002159
19 7 0.002373 0.003525 0.002159
19 8 0.001978 0.003525 0.002159
19 9 0.003560 0.003525 0.002159
19 10 0.002900 0.003525 0.002159
19 11 0.002373 0.003525 0.002159
19 12 0.003032 0.003525 0.002159
19 13 0.001450 0.003525 0.002159
19 14 0.001978 0.003525 0.002159
19 15 0.001714 0.003525 0.002159
19 16 0.001318 0.003525 0.002159
19 17 0.001978 0.003525 0.002159
19 18 0.000791 0.003525 0.002159
19 19 0.000659 0.003525 0.002159
19 20 0.001055 0.003525 0.002159
20 0 0.008570 0.003525 0.002159
20 1 0.007515 0.003525 0.002159
20 2 0.009097 0.003525 0.002159
20 3 0.005801 0.003525 0.002159
20 4 0.006065 0.003525 0.002159
20 5 0.004087 0.003525 0.002159
20 6 0.003428 0.003525 0.002159
20 7 0.003032 0.003525 0.002159
20 8 0.002241 0.003525 0.002159
20 9 0.002637 0.003525 0.002159
20 10 0.003032 0.003525 0.002159
20 11 0.003032 0.003525 0.002159
20 12 0.002241 0.003525 0.002159
20 13 0.001187 0.003525 0.002159
20 14 0.001846 0.003525 0.002159
20 15 0.001582 0.003525 0.002159
20 16 0.001450 0.003525 0.002159
20 17 0.001318 0.003525 0.002159
20 18 0.001582 0.003525 0.002159
20 19 0.000659 0.003525 0.002159
20 20 0.001714 0.003525 0.002159
