# contact distance = 8.0 Angstroms
# F = 0.4 kJ/mol

# i j contact_probability mean_contact_probability stddev_contact_probability
0 0 0.001712 0.003777 0.002892
0 1 0.001317 0.003777 0.002892
0 2 0.001053 0.003777 0.002892
0 3 0.000658 0.003777 0.002892
0 4 0.000922 0.003777 0.002892
0 5 0.000527 0.003777 0.002892
0 6 0.001053 0.003777 0.002892
0 7 0.001449 0.003777 0.002892
0 8 0.002107 0.003777 0.002892
0 9 0.002502 0.003777 0.002892
0 10 0.002239 0.003777 0.002892
0 11 0.003292 0.003777 0.002892
0 12 0.003160 0.003777 0.002892
0 13 0.003292 0.003777 0.002892
0 14 0.002370 0.003777 0.002892
0 15 0.003029 0.003777 0.002892
0 16 0.003819 0.003777 0.002892
0 17 0.006321 0.003777 0.002892
0 18 0.007638 0.003777 0.002892
0 19 0.007769 0.003777 0.002892
0 20 0.007769 0.003777 0.002892
1 0 0.001449 0.003777 0.002892
1 1 0.001317 0.003777 0.002892
1 2 0.000790 0.003777 0.002892
1 3 0.000790 0.003777 0.002892
1 4 0.001317 0.003777 0.002892
1 5 0.000922 0.003777 0.002892
1 6 0.001053 0.003777 0.002892
1 7 0.001449 0.003777 0.002892
1 8 0.001449 0.003777 0.002892
1 9 0.001185 0.003777 0.002892
1 10 0.001580 0.003777 0.002892
1 11 0.002370 0.003777 0.002892
1 12 0.002107 0.003777 0.002892
1 13 0.002239 0.003777 0.002892
1 14 0.002634 0.003777 0.002892
1 15 0.002765 0.003777 0.002892
1 16 0.004082 0.003777 0.002892
1 17 0.006584 0.003777 0.002892
1 18 0.007243 0.003777 0.002892
1 19 0.006452 0.003777 0.002892
1 20 0.007243 0.003777 0.002892
2 0 0.000527 0.003777 0.002892
2 1 0.000527 0.003777 0.002892
2 2 0.000395 0.003777 0.002892
2 3 0.000527 0.003777 0.002892
2 4 0.000790 0.003777 0.002892
2 5 0.000658 0.003777 0.002892
2 6 0.001053 0.003777 0.002892
2 7 0.001053 0.003777 0.002892
2 8 0.001844 0.003777 0.002892
2 9 0.001317 0.003777 0.002892
2 10 0.001185 0.003777 0.002892
2 11 0.001317 0.003777 0.002892
2 12 0.001844 0.003777 0.002892
2 13 0.002370 0.003777 0.002892
2 14 0.002897 0.003777 0.002892
2 15 0.003029 0.003777 0.002892
2 16 0.005794 0.003777 0.002892
2 17 0.007769 0.003777 0.002892
2 18 0.008428 0.003777 0.002892
2 19 0.006848 0.003777 0.002892
2 20 0.006979 0.003777 0.002892
3 0 0.000395 0.003777 0.002892
3 1 0.000527 0.003777 0.002892
3 2 0.000527 0.003777 0.002892
3 3 0.000922 0.003777 0.002892
3 4 0.000527 0.003777 0.002892
3 5 0.000395 0.003777 0.002892
3 6 0.001053 0.003777 0.002892
3 7 0.000790 0.003777 0.002892
3 8 0.001185 0.003777 0.002892
3 9 0.001975 0.003777 0.002892
3 10 0.001580 0.003777 0.002892
3 11 0.002370 0.003777 0.002892
3 12 0.002897 0.003777 0.002892
3 13 0.003424 0.003777 0.002892
3 14 0.002897 0.003777 0.002892
3 15 0.003819 0.003777 0.002892
3 16 0.006716 0.003777 0.002892
3 17 0.011193 0.003777 0.002892
3 18 0.013432 0.003777 0.002892
3 19 0.012115 0.003777 0.002892
3 20 0.011325 0.003777 0.002892
4 0 0.000395 0.003777 0.002892
4 1 0.000658 0.003777 0.002892
4 2 0.000527 0.003777 0.002892
4 3 0.000658 0.003777 0.002892
4 4 0.000527 0.003777 0.002892
4 5 0.000132 0.003777 0.002892
4 6 0.000790 0.003777 0.002892
4 7 0.000790 0.003777 0.002892
4 8 0.001185 0.003777 0.002892
4 9 0.001580 0.003777 0.002892
4 10 0.001712 0.003777 0.002892
4 11 0.002239 0.003777 0.002892
4 12 0.002370 0.003777 0.002892
4 13 0.003424 0.003777 0.002892
4 14 0.003687 0.003777 0.002892
4 15 0.004346 0.003777 0.002892
4 16 0.008164 0.003777 0.002892
4 17 0.012378 0.003777 0.002892
4 18 0.014090 0.003777 0.002892
4 19 0.012510 0.003777 0.002892
4 20 0.010930 0.003777 0.002892
5 0 0.001185 0.003777 0.002892
5 1 0.000790 0.003777 0.002892
5 2 0.001053 0.003777 0.002892
5 3 0.001317 0.003777 0.002892
5 4 0.000658 0.003777 0.002892
5 5 0.000395 0.003777 0.002892
5 6 0.000790 0.003777 0.002892
5 7 0.000790 0.003777 0.002892
5 8 0.001580 0.003777 0.002892
5 9 0.001580 0.003777 0.002892
5 10 0.002502 0.003777 0.002892
5 11 0.003160 0.003777 0.002892
5 12 0.002370 0.003777 0.002892
5 13 0.003292 0.003777 0.002892
5 14 0.003687 0.003777 0.002892
5 15 0.006057 0.003777 0.002892
5 16 0.008033 0.003777 0.002892
5 17 0.010140 0.003777 0.002892
5 18 0.010666 0.003777 0.002892
5 19 0.009086 0.003777 0.002892
5 20 0.009745 0.003777 0.002892
6 0 0.001580 0.003777 0.002892
6 1 0.000790 0.003777 0.002892
6 2 0.000658 0.003777 0.002892
6 3 0.000658 0.003777 0.002892
6 4 0.000527 0.003777 0.002892
6 5 0.000395 0.003777 0.002892
6 6 0.000790 0.003777 0.002892
6 7 0.000790 0.003777 0.002892
6 8 0.001053 0.003777 0.002892
6 9 0.000790 0.003777 0.002892
6 10 0.002897 0.003777 0.002892
6 11 0.002897 0.003777 0.002892
6 12 0.002634 0.003777 0.002892
6 13 0.003687 0.003777 0.002892
6 14 0.005004 0.003777 0.002892
6 15 0.005531 0.003777 0.002892
6 16 0.007111 0.003777 0.002892
6 17 0.011456 0.003777 0.002892
6 18 0.012115 0.003777 0.002892
6 19 0.009481 0.003777 0.002892
6 20 0.007506 0.003777 0.002892
7 0 0.001317 0.003777 0.002892
7 1 0.001053 0.003777 0.002892
7 2 0.000790 0.003777 0.002892
7 3 0.000790 0.003777 0.002892
7 4 0.000527 0.003777 0.002892
7 5 0.001053 0.003777 0.002892
7 6 0.001053 0.003777 0.002892
7 7 0.001449 0.003777 0.002892
7 8 0.002107 0.003777 0.002892
7 9 0.001975 0.003777 0.002892
7 10 0.002765 0.003777 0.002892
7 11 0.003687 0.003777 0.002892
7 12 0.003160 0.003777 0.002892
7 13 0.004477 0.003777 0.002892
7 14 0.004477 0.003777 0.002892
7 15 0.004872 0.003777 0.002892
7 16 0.006584 0.003777 0.002892
7 17 0.008954 0.003777 0.002892
7 18 0.008164 0.003777 0.002892
7 19 0.004082 0.003777 0.002892
7 20 0.006189 0.003777 0.002892
8 0 0.002634 0.003777 0.002892
8 1 0.001975 0.003777 0.002892
8 2 0.001580 0.003777 0.002892
8 3 0.001580 0.003777 0.002892
8 4 0.001449 0.003777 0.002892
8 5 0.001317 0.003777 0.002892
8 6 0.001844 0.003777 0.002892
8 7 0.002107 0.003777 0.002892
8 8 0.002634 0.003777 0.002892
8 9 0.002239 0.003777 0.002892
8 10 0.003555 0.003777 0.002892
8 11 0.004477 0.003777 0.002892
8 12 0.004609 0.003777 0.002892
8 13 0.004872 0.003777 0.002892
8 14 0.005267 0.003777 0.002892
8 15 0.006189 0.003777 0.002892
8 16 0.006452 0.003777 0.002892
8 17 0.006848 0.003777 0.002892
8 18 0.005136 0.003777 0.002892
8 19 0.004609 0.003777 0.002892
8 20 0.004214 0.003777 0.002892
9 0 0.002765 0.003777 0.002892
9 1 0.002107 0.003777 0.002892
9 2 0.001580 0.003777 0.002892
9 3 0.002239 0.003777 0.002892
9 4 0.002239 0.003777 0.002892
9 5 0.002370 0.003777 0.002892
9 6 0.001844 0.003777 0.002892
9 7 0.001844 0.003777 0.002892
9 8 0.004082 0.003777 0.002892
9 9 0.003029 0.003777 0.002892
9 10 0.003424 0.003777 0.002892
9 11 0.004346 0.003777 0.002892
9 12 0.004741 0.003777 0.002892
9 13 0.004609 0.003777 0.002892
9 14 0.005662 0.003777 0.002892
9 15 0.006584 0.003777 0.002892
9 16 0.005531 0.003777 0.002892
9 17 0.004872 0.003777 0.002892
9 18 0.004346 0.003777 0.002892
9 19 0.003555 0.003777 0.002892
9 20 0.002765 0.003777 0.002892
10 0 0.002239 0.003777 0.002892
10 1 0.001844 0.003777 0.002892
10 2 0.001975 0.003777 0.002892
10 3 0.002634 0.003777 0.002892
10 4 0.002634 0.003777 0.002892
10 5 0.002107 0.003777 0.002892
10 6 0.002897 0.003777 0.002892
10 7 0.003292 0.003777 0.002892
10 8 0.004082 0.003777 0.002892
10 9 0.003687 0.003777 0.002892
10 10 0.003424 0.003777 0.002892
10 11 0.004609 0.003777 0.002892
10 12 0.004741 0.003777 0.002892
10 13 0.005136 0.003777 0.002892
10 14 0.007111 0.003777 0.002892
10 15 0.006716 0.003777 0.002892
10 16 0.004346 0.003777 0.002892
10 17 0.004609 0.003777 0.002892
10 18 0.003160 0.003777 0.002892
10 19 0.001317 0.003777 0.002892
10 20 0.003424 0.003777 0.002892
11 0 0.002107 0.003777 0.002892
11 1 0.002239 0.003777 0.002892
11 2 0.002765 0.003777 0.002892
11 3 0.002765 0.003777 0.002892
11 4 0.002897 0.003777 0.002892
11 5 0.002370 0.003777 0.002892
11 6 0.002765 0.003777 0.002892
11 7 0.003687 0.003777 0.002892
11 8 0.003687 0.003777 0.002892
11 9 0.003687 0.003777 0.002892
11 10 0.004872 0.003777 0.002892
11 11 0.005794 0.003777 0.002892
11 12 0.005267 0.003777 0.002892
11 13 0.004741 0.003777 0.002892
11 14 0.006452 0.003777 0.002892
11 15 0.006321 0.003777 0.002892
11 16 0.006057 0.003777 0.002892
11 17 0.004477 0.003777 0.002892
11 18 0.002502 0.003777 0.002892
11 19 0.002502 0.003777 0.002892
11 20 0.002239 0.003777 0.002892
12 0 0.002634 0.003777 0.002892
12 1 0.002239 0.003777 0.002892
12 2 0.003029 0.003777 0.002892
12 3 0.003687 0.003777 0.002892
12 4 0.003292 0.003777 0.002892
12 5 0.003292 0.003777 0.002892
12 6 0.003029 0.003777 0.002892
12 7 0.003160 0.003777 0.002892
12 8 0.003160 0.003777 0.002892
12 9 0.004609 0.003777 0.002892
12 10 0.005267 0.003777 0.002892
12 11 0.005662 0.003777 0.002892
12 12 0.005926 0.003777 0.002892
12 13 0.004082 0.003777 0.002892
12 14 0.005136 0.003777 0.002892
12 15 0.005662 0.003777 0.002892
12 16 0.003950 0.003777 0.002892
12 17 0.003292 0.003777 0.002892
12 18 0.002502 0.003777 0.002892
12 19 0.002239 0.003777 0.002892
12 20 0.002239 0.003777 0.002892
13 0 0.003424 0.003777 0.002892
13 1 0.002634 0.003777 0.002892
13 2 0.002634 0.003777 0.002892
13 3 0.003819 0.003777 0.002892
13 4 0.003160 0.003777 0.002892
13 5 0.003292 0.003777 0.002892
13 6 0.003687 0.003777 0.002892
13 7 0.003160 0.003777 0.002892
13 8 0.004346 0.003777 0.002892
13 9 0.005662 0.003777 0.002892
13 10 0.004609 0.003777 0.002892
13 11 0.006189 0.003777 0.002892
13 12 0.004872 0.003777 0.002892
13 13 0.004082 0.003777 0.002892
13 14 0.003819 0.003777 0.002892
13 15 0.004082 0.003777 0.002892
13 16 0.003819 0.003777 0.002892
13 17 0.003160 0.003777 0.002892
13 18 0.001844 0.003777 0.002892
13 19 0.001317 0.003777 0.002892
13 20 0.001580 0.003777 0.002892
14 0 0.003424 0.003777 0.002892
14 1 0.002239 0.003777 0.002892
14 2 0.003292 0.003777 0.002892
14 3 0.004346 0.003777 0.002892
14 4 0.004346 0.003777 0.002892
14 5 0.003555 0.003777 0.002892
14 6 0.003029 0.003777 0.002892
14 7 0.003160 0.003777 0.002892
14 8 0.005004 0.003777 0.002892
14 9 0.005136 0.003777 0.002892
14 10 0.004609 0.003777 0.002892
14 11 0.004609 0.003777 0.002892
14 12 0.005794 0.003777 0.002892
14 13 0.002897 0.003777 0.002892
14 14 0.004872 0.003777 0.002892
14 15 0.003819 0.003777 0.002892
14 16 0.003424 0.003777 0.002892
14 17 0.003555 0.003777 0.002892
14 18 0.001975 0.003777 0.002892
14 19 0.001317 0.003777 0.002892
14 20 0.001449 0.003777 0.002892
15 0 0.003292 0.003777 0.002892
15 1 0.004609 0.003777 0.002892
15 2 0.003160 0.003777 0.002892
15 3 0.005531 0.003777 0.002892
15 4 0.005926 0.003777 0.002892
15 5 0.005267 0.003777 0.002892
15 6 0.004872 0.003777 0.002892
15 7 0.006057 0.003777 0.002892
15 8 0.004872 0.003777 0.002892
15 9 0.005004 0.003777 0.002892
15 10 0.004741 0.003777 0.002892
15 11 0.004082 0.003777 0.002892
15 12 0.005399 0.003777 0.002892
15 13 0.004082 0.003777 0.002892
15 14 0.005136 0.003777 0.002892
15 15 0.004741 0.003777 0.002892
15 16 0.002634 0.003777 0.002892
15 17 0.001844 0.003777 0.002892
15 18 0.001185 0.003777 0.002892
15 19 0.000527 0.003777 0.002892
15 20 0.001185 0.003777 0.002892
16 0 0.005531 0.003777 0.002892
16 1 0.003819 0.003777 0.002892
16 2 0.004609 0.003777 0.002892
16 3 0.007769 0.003777 0.002892
16 4 0.007638 0.003777 0.002892
16 5 0.005926 0.003777 0.002892
16 6 0.006452 0.003777 0.002892
16 7 0.007243 0.003777 0.002892
16 8 0.005531 0.003777 0.002892
16 9 0.005004 0.003777 0.002892
16 10 0.005399 0.003777 0.002892
16 11 0.004082 0.003777 0.002892
16 12 0.005136 0.003777 0.002892
16 13 0.003687 0.003777 0.002892
16 14 0.004872 0.003777 0.002892
16 15 0.003819 0.003777 0.002892
16 16 0.002502 0.003777 0.002892
16 17 0.001449 0.003777 0.002892
16 18 0.000527 0.003777 0.002892
16 19 0.000527 0.003777 0.002892
16 20 0.000395 0.003777 0.002892
17 0 0.007111 0.003777 0.002892
17 1 0.004346 0.003777 0.002892
17 2 0.005004 0.003777 0.002892
17 3 0.010271 0.003777 0.002892
17 4 0.011983 0.003777 0.002892
17 5 0.010271 0.003777 0.002892
17 6 0.010403 0.003777 0.002892
17 7 0.007638 0.003777 0.002892
17 8 0.006452 0.003777 0.002892
17 9 0.004609 0.003777 0.002892
17 10 0.004082 0.003777 0.002892
17 11 0.004346 0.003777 0.002892
17 12 0.005531 0.003777 0.002892
17 13 0.004082 0.003777 0.002892
17 14 0.003819 0.003777 0.002892
17 15 0.002897 0.003777 0.002892
17 16 0.000922 0.003777 0.002892
17 17 0.000527 0.003777 0.002892
17 18 0.000395 0.003777 0.002892
17 19 0.000132 0.003777 0.002892
17 20 0.000132 0.003777 0.002892
18 0 0.008691 0.003777 0.002892
18 1 0.006452 0.003777 0.002892
18 2 0.006584 0.003777 0.002892
18 3 0.014353 0.003777 0.002892
18 4 0.013432 0.003777 0.002892
18 5 0.011720 0.003777 0.002892
18 6 0.011061 0.003777 0.002892
18 7 0.006189 0.003777 0.002892
18 8 0.004741 0.003777 0.002892
18 9 0.004082 0.003777 0.002892
18 10 0.003555 0.003777 0.002892
18 11 0.003160 0.003777 0.002892
18 12 0.003424 0.003777 0.002892
18 13 0.002370 0.003777 0.002892
18 14 0.001844 0.003777 0.002892
18 15 0.001185 0.003777 0.002892
18 16 0.000790 0.003777 0.002892
18 17 0.000132 0.003777 0.002892
18 18 0.000132 0.003777 0.002892
18 19 0.000263 0.003777 0.002892
18 20 0.000000 0.003777 0.002892
19 0 0.006057 0.003777 0.002892
19 1 0.005399 0.003777 0.002892
19 2 0.006584 0.003777 0.002892
19 3 0.011456 0.003777 0.002892
19 4 0.012642 0.003777 0.002892
19 5 0.010798 0.003777 0.002892
19 6 0.010666 0.003777 0.002892
19 7 0.004082 0.003777 0.002892
19 8 0.003819 0.003777 0.002892
19 9 0.003029 0.003777 0.002892
19 10 0.002502 0.003777 0.002892
19 11 0.002239 0.003777 0.002892
19 12 0.002502 0.003777 0.002892
19 13 0.001975 0.003777 0.002892
19 14 0.001317 0.003777 0.002892
19 15 0.000790 0.003777 0.002892
19 16 0.000395 0.003777 0.002892
19 17 0.000000 0.003777 0.002892
19 18 0.000000 0.003777 0.002892
19 19 0.000000 0.003777 0.002892
19 20 0.000527 0.003777 0.002892
20 0 0.007506 0.003777 0.002892
20 1 0.005926 0.003777 0.002892
20 2 0.007506 0.003777 0.002892
20 3 0.010271 0.003777 0.002892
20 4 0.011325 0.003777 0.002892
20 5 0.009086 0.003777 0.002892
20 6 0.008428 0.003777 0.002892
20 7 0.005662 0.003777 0.002892
20 8 0.005136 0.003777 0.002892
20 9 0.004609 0.003777 0.002892
20 10 0.003424 0.003777 0.002892
20 11 0.002634 0.003777 0.002892
20 12 0.001712 0.003777 0.002892
20 13 0.002502 0.003777 0.002892
20 14 0.001712 0.003777 0.002892
20 15 0.001053 0.003777 0.002892
20 16 0.000922 0.003777 0.002892
20 17 0.000132 0.003777 0.002892
20 18 0.000000 0.003777 0.002892
20 19 0.000263 0.003777 0.002892
20 20 0.000263 0.003777 0.002892
