# contact distance = 8.0 Angstroms
# F = 0.4 kJ/mol

# i j contact_probability mean_contact_probability stddev_contact_probability
0 0 0.001298 0.002960 0.002895
0 1 0.001113 0.002960 0.002895
0 2 0.000556 0.002960 0.002895
0 3 0.000371 0.002960 0.002895
0 4 0.000742 0.002960 0.002895
0 5 0.000371 0.002960 0.002895
0 6 0.000927 0.002960 0.002895
0 7 0.000927 0.002960 0.002895
0 8 0.000742 0.002960 0.002895
0 9 0.001298 0.002960 0.002895
0 10 0.000927 0.002960 0.002895
0 11 0.001113 0.002960 0.002895
0 12 0.001855 0.002960 0.002895
0 13 0.002226 0.002960 0.002895
0 14 0.002782 0.002960 0.002895
0 15 0.004822 0.002960 0.002895
0 16 0.006306 0.002960 0.002895
0 17 0.005935 0.002960 0.002895
0 18 0.007233 0.002960 0.002895
0 19 0.006862 0.002960 0.002895
0 20 0.007047 0.002960 0.002895
1 0 0.001113 0.002960 0.002895
1 1 0.000927 0.002960 0.002895
1 2 0.000556 0.002960 0.002895
1 3 0.000371 0.002960 0.002895
1 4 0.000185 0.002960 0.002895
1 5 0.000185 0.002960 0.002895
1 6 0.000927 0.002960 0.002895
1 7 0.000742 0.002960 0.002895
1 8 0.000927 0.002960 0.002895
1 9 0.000556 0.002960 0.002895
1 10 0.000556 0.002960 0.002895
1 11 0.001484 0.002960 0.002895
1 12 0.002226 0.002960 0.002895
1 13 0.001669 0.002960 0.002895
1 14 0.003153 0.002960 0.002895
1 15 0.004080 0.002960 0.002895
1 16 0.005749 0.002960 0.002895
1 17 0.007233 0.002960 0.002895
1 18 0.009088 0.002960 0.002895
1 19 0.008717 0.002960 0.002895
1 20 0.006491 0.002960 0.002895
2 0 0.001298 0.002960 0.002895
2 1 0.000371 0.002960 0.002895
2 2 0.000742 0.002960 0.002895
2 3 0.000185 0.002960 0.002895
2 4 0.000000 0.002960 0.002895
2 5 0.000000 0.002960 0.002895
2 6 0.000556 0.002960 0.002895
2 7 0.000556 0.002960 0.002895
2 8 0.000556 0.002960 0.002895
2 9 0.000927 0.002960 0.002895
2 10 0.000556 0.002960 0.002895
2 11 0.000927 0.002960 0.002895
2 12 0.002040 0.002960 0.002895
2 13 0.002226 0.002960 0.002895
2 14 0.002040 0.002960 0.002895
2 15 0.004636 0.002960 0.002895
2 16 0.007789 0.002960 0.002895
2 17 0.010015 0.002960 0.002895
2 18 0.012797 0.002960 0.002895
2 19 0.010757 0.002960 0.002895
2 20 0.008346 0.002960 0.002895
3 0 0.000371 0.002960 0.002895
3 1 0.000185 0.002960 0.002895
3 2 0.000185 0.002960 0.002895
3 3 0.000000 0.002960 0.002895
3 4 0.000000 0.002960 0.002895
3 5 0.000000 0.002960 0.002895
3 6 0.000556 0.002960 0.002895
3 7 0.000556 0.002960 0.002895
3 8 0.001113 0.002960 0.002895
3 9 0.001298 0.002960 0.002895
3 10 0.001113 0.002960 0.002895
3 11 0.000927 0.002960 0.002895
3 12 0.001855 0.002960 0.002895
3 13 0.001669 0.002960 0.002895
3 14 0.002782 0.002960 0.002895
3 15 0.004080 0.002960 0.002895
3 16 0.008902 0.002960 0.002895
3 17 0.010571 0.002960 0.002895
3 18 0.013909 0.002960 0.002895
3 19 0.011128 0.002960 0.002895
3 20 0.008160 0.002960 0.002895
4 0 0.000742 0.002960 0.002895
4 1 0.000556 0.002960 0.002895
4 2 0.000185 0.002960 0.002895
4 3 0.000185 0.002960 0.002895
4 4 0.000000 0.002960 0.002895
4 5 0.000185 0.002960 0.002895
4 6 0.000556 0.002960 0.002895
4 7 0.000742 0.002960 0.002895
4 8 0.001669 0.002960 0.002895
4 9 0.001298 0.002960 0.002895
4 10 0.002040 0.002960 0.002895
4 11 0.001298 0.002960 0.002895
4 12 0.001113 0.002960 0.002895
4 13 0.002411 0.002960 0.002895
4 14 0.003153 0.002960 0.002895
4 15 0.004451 0.002960 0.002895
4 16 0.010015 0.002960 0.002895
4 17 0.011499 0.002960 0.002895
4 18 0.013909 0.002960 0.002895
4 19 0.009458 0.002960 0.002895
4 20 0.007418 0.002960 0.002895
5 0 0.001113 0.002960 0.002895
5 1 0.000742 0.002960 0.002895
5 2 0.000000 0.002960 0.002895
5 3 0.000371 0.002960 0.002895
5 4 0.000000 0.002960 0.002895
5 5 0.000185 0.002960 0.002895
5 6 0.000742 0.002960 0.002895
5 7 0.001113 0.002960 0.002895
5 8 0.002226 0.002960 0.002895
5 9 0.001484 0.002960 0.002895
5 10 0.002411 0.002960 0.002895
5 11 0.001298 0.002960 0.002895
5 12 0.002226 0.002960 0.002895
5 13 0.002411 0.002960 0.002895
5 14 0.004080 0.002960 0.002895
5 15 0.005378 0.002960 0.002895
5 16 0.008717 0.002960 0.002895
5 17 0.009458 0.002960 0.002895
5 18 0.010942 0.002960 0.002895
5 19 0.007233 0.002960 0.002895
5 20 0.006491 0.002960 0.002895
6 0 0.001484 0.002960 0.002895
6 1 0.001113 0.002960 0.002895
6 2 0.000742 0.002960 0.002895
6 3 0.000556 0.002960 0.002895
6 4 0.000371 0.002960 0.002895
6 5 0.000927 0.002960 0.002895
6 6 0.001855 0.002960 0.002895
6 7 0.001484 0.002960 0.002895
6 8 0.002411 0.002960 0.002895
6 9 0.001855 0.002960 0.002895
6 10 0.002596 0.002960 0.002895
6 11 0.003153 0.002960 0.002895
6 12 0.002226 0.002960 0.002895
6 13 0.003338 0.002960 0.002895
6 14 0.003153 0.002960 0.002895
6 15 0.005007 0.002960 0.002895
6 16 0.006491 0.002960 0.002895
6 17 0.006120 0.002960 0.002895
6 18 0.004636 0.002960 0.002895
6 19 0.003709 0.002960 0.002895
6 20 0.003895 0.002960 0.002895
7 0 0.001669 0.002960 0.002895
7 1 0.001113 0.002960 0.002895
7 2 0.000927 0.002960 0.002895
7 3 0.000742 0.002960 0.002895
7 4 0.000371 0.002960 0.002895
7 5 0.001298 0.002960 0.002895
7 6 0.002040 0.002960 0.002895
7 7 0.001855 0.002960 0.002895
7 8 0.002782 0.002960 0.002895
7 9 0.001855 0.002960 0.002895
7 10 0.001669 0.002960 0.002895
7 11 0.002596 0.002960 0.002895
7 12 0.002967 0.002960 0.002895
7 13 0.004636 0.002960 0.002895
7 14 0.004822 0.002960 0.002895
7 15 0.005007 0.002960 0.002895
7 16 0.004636 0.002960 0.002895
7 17 0.003709 0.002960 0.002895
7 18 0.003895 0.002960 0.002895
7 19 0.002967 0.002960 0.002895
7 20 0.002967 0.002960 0.002895
8 0 0.001298 0.002960 0.002895
8 1 0.000927 0.002960 0.002895
8 2 0.000927 0.002960 0.002895
8 3 0.000556 0.002960 0.002895
8 4 0.000742 0.002960 0.002895
8 5 0.000556 0.002960 0.002895
8 6 0.002040 0.002960 0.002895
8 7 0.002411 0.002960 0.002895
8 8 0.003895 0.002960 0.002895
8 9 0.004451 0.002960 0.002895
8 10 0.003338 0.002960 0.002895
8 11 0.002967 0.002960 0.002895
8 12 0.003338 0.002960 0.002895
8 13 0.003895 0.002960 0.002895
8 14 0.003709 0.002960 0.002895
8 15 0.002782 0.002960 0.002895
8 16 0.002596 0.002960 0.002895
8 17 0.002226 0.002960 0.002895
8 18 0.001298 0.002960 0.002895
8 19 0.001669 0.002960 0.002895
8 20 0.003895 0.002960 0.002895
9 0 0.001669 0.002960 0.002895
9 1 0.001855 0.002960 0.002895
9 2 0.001484 0.002960 0.002895
9 3 0.001298 0.002960 0.002895
9 4 0.000927 0.002960 0.002895
9 5 0.001298 0.002960 0.002895
9 6 0.001855 0.002960 0.002895
9 7 0.001298 0.002960 0.002895
9 8 0.003895 0.002960 0.002895
9 9 0.003524 0.002960 0.002895
9 10 0.003338 0.002960 0.002895
9 11 0.002411 0.002960 0.002895
9 12 0.002782 0.002960 0.002895
9 13 0.003895 0.002960 0.002895
9 14 0.004080 0.002960 0.002895
9 15 0.003709 0.002960 0.002895
9 16 0.002596 0.002960 0.002895
9 17 0.001484 0.002960 0.002895
9 18 0.001298 0.002960 0.002895
9 19 0.001298 0.002960 0.002895
9 20 0.002040 0.002960 0.002895
10 0 0.000556 0.002960 0.002895
10 1 0.001669 0.002960 0.002895
10 2 0.001298 0.002960 0.002895
10 3 0.001669 0.002960 0.002895
10 4 0.000742 0.002960 0.002895
10 5 0.001113 0.002960 0.002895
10 6 0.001484 0.002960 0.002895
10 7 0.002596 0.002960 0.002895
10 8 0.003153 0.002960 0.002895
10 9 0.004266 0.002960 0.002895
10 10 0.003709 0.002960 0.002895
10 11 0.002782 0.002960 0.002895
10 12 0.003338 0.002960 0.002895
10 13 0.003709 0.002960 0.002895
10 14 0.003338 0.002960 0.002895
10 15 0.002782 0.002960 0.002895
10 16 0.003153 0.002960 0.002895
10 17 0.002411 0.002960 0.002895
10 18 0.002226 0.002960 0.002895
10 19 0.002226 0.002960 0.002895
10 20 0.001484 0.002960 0.002895
11 0 0.001484 0.002960 0.002895
11 1 0.001113 0.002960 0.002895
11 2 0.001855 0.002960 0.002895
11 3 0.001669 0.002960 0.002895
11 4 0.001855 0.002960 0.002895
11 5 0.001484 0.002960 0.002895
11 6 0.002226 0.002960 0.002895
11 7 0.002411 0.002960 0.002895
11 8 0.002226 0.002960 0.002895
11 9 0.002411 0.002960 0.002895
11 10 0.003153 0.002960 0.002895
11 11 0.002411 0.002960 0.002895
11 12 0.003524 0.002960 0.002895
11 13 0.002967 0.002960 0.002895
11 14 0.003709 0.002960 0.002895
11 15 0.001855 0.002960 0.002895
11 16 0.001484 0.002960 0.002895
11 17 0.002226 0.002960 0.002895
11 18 0.001669 0.002960 0.002895
11 19 0.001298 0.002960 0.002895
11 20 0.001298 0.002960 0.002895
12 0 0.002040 0.002960 0.002895
12 1 0.002040 0.002960 0.002895
12 2 0.001484 0.002960 0.002895
12 3 0.001669 0.002960 0.002895
12 4 0.002040 0.002960 0.002895
12 5 0.001669 0.002960 0.002895
12 6 0.002226 0.002960 0.002895
12 7 0.001669 0.002960 0.002895
12 8 0.003338 0.002960 0.002895
12 9 0.002967 0.002960 0.002895
12 10 0.003153 0.002960 0.002895
12 11 0.002596 0.002960 0.002895
12 12 0.003338 0.002960 0.002895
12 13 0.003709 0.002960 0.002895
12 14 0.003338 0.002960 0.002895
12 15 0.002411 0.002960 0.002895
12 16 0.001298 0.002960 0.002895
12 17 0.000556 0.002960 0.002895
12 18 0.001113 0.002960 0.002895
12 19 0.001669 0.002960 0.002895
12 20 0.001298 0.002960 0.002895
13 0 0.002596 0.002960 0.002895
13 1 0.001855 0.002960 0.002895
13 2 0.001298 0.002960 0.002895
13 3 0.002226 0.002960 0.002895
13 4 0.002411 0.002960 0.002895
13 5 0.002040 0.002960 0.002895
13 6 0.002596 0.002960 0.002895
13 7 0.003153 0.002960 0.002895
13 8 0.002040 0.002960 0.002895
13 9 0.002411 0.002960 0.002895
13 10 0.002226 0.002960 0.002895
13 11 0.003153 0.002960 0.002895
13 12 0.004080 0.002960 0.002895
13 13 0.004451 0.002960 0.002895
13 14 0.002411 0.002960 0.002895
13 15 0.002596 0.002960 0.002895
13 16 0.000927 0.002960 0.002895
13 17 0.000742 0.002960 0.002895
13 18 0.000742 0.002960 0.002895
13 19 0.000927 0.002960 0.002895
13 20 0.000742 0.002960 0.002895
14 0 0.002782 0.002960 0.002895
14 1 0.002967 0.002960 0.002895
14 2 0.004080 0.002960 0.002895
14 3 0.003895 0.002960 0.002895
14 4 0.004080 0.002960 0.002895
14 5 0.003338 0.002960 0.002895
14 6 0.002411 0.002960 0.002895
14 7 0.003524 0.002960 0.002895
14 8 0.003709 0.002960 0.002895
14 9 0.003709 0.002960 0.002895
14 10 0.004266 0.002960 0.002895
14 11 0.003895 0.002960 0.002895
14 12 0.004636 0.002960 0.002895
14 13 0.004080 0.002960 0.002895
14 14 0.003153 0.002960 0.002895
14 15 0.001484 0.002960 0.002895
14 16 0.001484 0.002960 0.002895
14 17 0.001113 0.002960 0.002895
14 18 0.000556 0.002960 0.002895
14 19 0.000742 0.002960 0.002895
14 20 0.001298 0.002960 0.002895
15 0 0.003895 0.002960 0.002895
15 1 0.004822 0.002960 0.002895
15 2 0.004822 0.002960 0.002895
15 3 0.005564 0.002960 0.002895
15 4 0.004636 0.002960 0.002895
15 5 0.005378 0.002960 0.002895
15 6 0.005749 0.002960 0.002895
15 7 0.004451 0.002960 0.002895
15 8 0.004080 0.002960 0.002895
15 9 0.003524 0.002960 0.002895
15 10 0.004636 0.002960 0.002895
15 11 0.002596 0.002960 0.002895
15 12 0.002226 0.002960 0.002895
15 13 0.002967 0.002960 0.002895
15 14 0.002782 0.002960 0.002895
15 15 0.001669 0.002960 0.002895
15 16 0.000927 0.002960 0.002895
15 17 0.000927 0.002960 0.002895
15 18 0.000742 0.002960 0.002895
15 19 0.000556 0.002960 0.002895
15 20 0.001113 0.002960 0.002895
16 0 0.005193 0.002960 0.002895
16 1 0.007047 0.002960 0.002895
16 2 0.009458 0.002960 0.002895
16 3 0.010571 0.002960 0.002895
16 4 0.010757 0.002960 0.002895
16 5 0.009088 0.002960 0.002895
16 6 0.007233 0.002960 0.002895
16 7 0.004822 0.002960 0.002895
16 8 0.003338 0.002960 0.002895
16 9 0.003709 0.002960 0.002895
16 10 0.002967 0.002960 0.002895
16 11 0.001669 0.002960 0.002895
16 12 0.001113 0.002960 0.002895
16 13 0.002040 0.002960 0.002895
16 14 0.001855 0.002960 0.002895
16 15 0.001669 0.002960 0.002895
16 16 0.001113 0.002960 0.002895
16 17 0.000371 0.002960 0.002895
16 18 0.000000 0.002960 0.002895
16 19 0.000000 0.002960 0.002895
16 20 0.000371 0.002960 0.002895
17 0 0.005007 0.002960 0.002895
17 1 0.006491 0.002960 0.002895
17 2 0.012426 0.002960 0.002895
17 3 0.012240 0.002960 0.002895
17 4 0.012797 0.002960 0.002895
17 5 0.010571 0.002960 0.002895
17 6 0.005749 0.002960 0.002895
17 7 0.003709 0.002960 0.002895
17 8 0.002782 0.002960 0.002895
17 9 0.002411 0.002960 0.002895
17 10 0.001669 0.002960 0.002895
17 11 0.001484 0.002960 0.002895
17 12 0.001298 0.002960 0.002895
17 13 0.001855 0.002960 0.002895
17 14 0.001855 0.002960 0.002895
17 15 0.001113 0.002960 0.002895
17 16 0.000742 0.002960 0.002895
17 17 0.000371 0.002960 0.002895
17 18 0.000185 0.002960 0.002895
17 19 0.000000 0.002960 0.002895
17 20 0.000000 0.002960 0.002895
18 0 0.006677 0.002960 0.002895
18 1 0.005935 0.002960 0.002895
18 2 0.010942 0.002960 0.002895
18 3 0.012240 0.002960 0.002895
18 4 0.014095 0.002960 0.002895
18 5 0.010571 0.002960 0.002895
18 6 0.005007 0.002960 0.002895
18 7 0.002226 0.002960 0.002895
18 8 0.001855 0.002960 0.002895
18 9 0.001669 0.002960 0.002895
18 10 0.001298 0.002960 0.002895
18 11 0.000927 0.002960 0.002895
18 12 0.000556 0.002960 0.002895
18 13 0.000927 0.002960 0.002895
18 14 0.001855 0.002960 0.002895
18 15 0.000742 0.002960 0.002895
18 16 0.000556 0.002960 0.002895
18 17 0.000000 0.002960 0.002895
18 18 0.000000 0.002960 0.002895
18 19 0.000000 0.002960 0.002895
18 20 0.000185 0.002960 0.002895
19 0 0.005378 0.002960 0.002895
19 1 0.006862 0.002960 0.002895
19 2 0.009458 0.002960 0.002895
19 3 0.012611 0.002960 0.002895
19 4 0.012426 0.002960 0.002895
19 5 0.007604 0.002960 0.002895
19 6 0.004451 0.002960 0.002895
19 7 0.002967 0.002960 0.002895
19 8 0.002040 0.002960 0.002895
19 9 0.002226 0.002960 0.002895
19 10 0.001855 0.002960 0.002895
19 11 0.001113 0.002960 0.002895
19 12 0.000556 0.002960 0.002895
19 13 0.000371 0.002960 0.002895
19 14 0.000742 0.002960 0.002895
19 15 0.000742 0.002960 0.002895
19 16 0.000185 0.002960 0.002895
19 17 0.000000 0.002960 0.002895
19 18 0.000000 0.002960 0.002895
19 19 0.000185 0.002960 0.002895
19 20 0.000742 0.002960 0.002895
20 0 0.007047 0.002960 0.002895
20 1 0.008902 0.002960 0.002895
20 2 0.009088 0.002960 0.002895
20 3 0.008531 0.002960 0.002895
20 4 0.008531 0.002960 0.002895
20 5 0.006677 0.002960 0.002895
20 6 0.005749 0.002960 0.002895
20 7 0.002596 0.002960 0.002895
20 8 0.001669 0.002960 0.002895
20 9 0.001669 0.002960 0.002895
20 10 0.002040 0.002960 0.002895
20 11 0.001298 0.002960 0.002895
20 12 0.001298 0.002960 0.002895
20 13 0.001484 0.002960 0.002895
20 14 0.001669 0.002960 0.002895
20 15 0.000742 0.002960 0.002895
20 16 0.000371 0.002960 0.002895
20 17 0.000185 0.002960 0.002895
20 18 0.000556 0.002960 0.002895
20 19 0.000371 0.002960 0.002895
20 20 0.000556 0.002960 0.002895
