# contact distance = 8.0 Angstroms
# F = 0.4 kJ/mol

# i j contact_probability mean_contact_probability stddev_contact_probability
0 0 0.000303 0.002911 0.002766
0 1 0.000152 0.002911 0.002766
0 2 0.000000 0.002911 0.002766
0 3 0.000152 0.002911 0.002766
0 4 0.000152 0.002911 0.002766
0 5 0.000909 0.002911 0.002766
0 6 0.001061 0.002911 0.002766
0 7 0.000909 0.002911 0.002766
0 8 0.001515 0.002911 0.002766
0 9 0.001818 0.002911 0.002766
0 10 0.001515 0.002911 0.002766
0 11 0.001970 0.002911 0.002766
0 12 0.002576 0.002911 0.002766
0 13 0.003637 0.002911 0.002766
0 14 0.002576 0.002911 0.002766
0 15 0.005152 0.002911 0.002766
0 16 0.005758 0.002911 0.002766
0 17 0.008486 0.002911 0.002766
0 18 0.008486 0.002911 0.002766
0 19 0.006062 0.002911 0.002766
0 20 0.007122 0.002911 0.002766
1 0 0.000152 0.002911 0.002766
1 1 0.000455 0.002911 0.002766
1 2 0.000152 0.002911 0.002766
1 3 0.000000 0.002911 0.002766
1 4 0.000000 0.002911 0.002766
1 5 0.001061 0.002911 0.002766
1 6 0.000758 0.002911 0.002766
1 7 0.001061 0.002911 0.002766
1 8 0.001364 0.002911 0.002766
1 9 0.000606 0.002911 0.002766
1 10 0.001667 0.002911 0.002766
1 11 0.001364 0.002911 0.002766
1 12 0.002273 0.002911 0.002766
1 13 0.002879 0.002911 0.002766
1 14 0.003182 0.002911 0.002766
1 15 0.004698 0.002911 0.002766
1 16 0.005455 0.002911 0.002766
1 17 0.010759 0.002911 0.002766
1 18 0.011820 0.002911 0.002766
1 19 0.009698 0.002911 0.002766
1 20 0.009092 0.002911 0.002766
2 0 0.000152 0.002911 0.002766
2 1 0.000152 0.002911 0.002766
2 2 0.000303 0.002911 0.002766
2 3 0.000152 0.002911 0.002766
2 4 0.000000 0.002911 0.002766
2 5 0.000455 0.002911 0.002766
2 6 0.000909 0.002911 0.002766
2 7 0.000758 0.002911 0.002766
2 8 0.000455 0.002911 0.002766
2 9 0.000606 0.002911 0.002766
2 10 0.001515 0.002911 0.002766
2 11 0.001061 0.002911 0.002766
2 12 0.001970 0.002911 0.002766
2 13 0.002273 0.002911 0.002766
2 14 0.004243 0.002911 0.002766
2 15 0.006819 0.002911 0.002766
2 16 0.009092 0.002911 0.002766
2 17 0.011517 0.002911 0.002766
2 18 0.012426 0.002911 0.002766
2 19 0.011214 0.002911 0.002766
2 20 0.008638 0.002911 0.002766
3 0 0.000758 0.002911 0.002766
3 1 0.000152 0.002911 0.002766
3 2 0.000152 0.002911 0.002766
3 3 0.000152 0.002911 0.002766
3 4 0.000152 0.002911 0.002766
3 5 0.000455 0.002911 0.002766
3 6 0.001364 0.002911 0.002766
3 7 0.001061 0.002911 0.002766
3 8 0.001364 0.002911 0.002766
3 9 0.001061 0.002911 0.002766
3 10 0.001364 0.002911 0.002766
3 11 0.001364 0.002911 0.002766
3 12 0.001970 0.002911 0.002766
3 13 0.003485 0.002911 0.002766
3 14 0.004243 0.002911 0.002766
3 15 0.007122 0.002911 0.002766
3 16 0.008183 0.002911 0.002766
3 17 0.010305 0.002911 0.002766
3 18 0.011214 0.002911 0.002766
3 19 0.008183 0.002911 0.002766
3 20 0.006668 0.002911 0.002766
4 0 0.000455 0.002911 0.002766
4 1 0.000303 0.002911 0.002766
4 2 0.000000 0.002911 0.002766
4 3 0.000000 0.002911 0.002766
4 4 0.000000 0.002911 0.002766
4 5 0.000606 0.002911 0.002766
4 6 0.001212 0.002911 0.002766
4 7 0.000909 0.002911 0.002766
4 8 0.001212 0.002911 0.002766
4 9 0.001364 0.002911 0.002766
4 10 0.002122 0.002911 0.002766
4 11 0.002728 0.002911 0.002766
4 12 0.002728 0.002911 0.002766
4 13 0.004243 0.002911 0.002766
4 14 0.003940 0.002911 0.002766
4 15 0.005455 0.002911 0.002766
4 16 0.008335 0.002911 0.002766
4 17 0.007577 0.002911 0.002766
4 18 0.010456 0.002911 0.002766
4 19 0.006668 0.002911 0.002766
4 20 0.006668 0.002911 0.002766
5 0 0.001061 0.002911 0.002766
5 1 0.000758 0.002911 0.002766
5 2 0.000455 0.002911 0.002766
5 3 0.000152 0.002911 0.002766
5 4 0.000303 0.002911 0.002766
5 5 0.000909 0.002911 0.002766
5 6 0.001515 0.002911 0.002766
5 7 0.001061 0.002911 0.002766
5 8 0.001818 0.002911 0.002766
5 9 0.002879 0.002911 0.002766
5 10 0.002425 0.002911 0.002766
5 11 0.003637 0.002911 0.002766
5 12 0.003182 0.002911 0.002766
5 13 0.003031 0.002911 0.002766
5 14 0.003334 0.002911 0.002766
5 15 0.004546 0.002911 0.002766
5 16 0.005001 0.002911 0.002766
5 17 0.005455 0.002911 0.002766
5 18 0.006365 0.002911 0.002766
5 19 0.004395 0.002911 0.002766
5 20 0.005001 0.002911 0.002766
6 0 0.001364 0.002911 0.002766
6 1 0.001061 0.002911 0.002766
6 2 0.000606 0.002911 0.002766
6 3 0.000455 0.002911 0.002766
6 4 0.000909 0.002911 0.002766
6 5 0.001212 0.002911 0.002766
6 6 0.001515 0.002911 0.002766
6 7 0.001818 0.002911 0.002766
6 8 0.001970 0.002911 0.002766
6 9 0.003031 0.002911 0.002766
6 10 0.002122 0.002911 0.002766
6 11 0.003485 0.002911 0.002766
6 12 0.003637 0.002911 0.002766
6 13 0.003334 0.002911 0.002766
6 14 0.004243 0.002911 0.002766
6 15 0.002728 0.002911 0.002766
6 16 0.003940 0.002911 0.002766
6 17 0.003485 0.002911 0.002766
6 18 0.003182 0.002911 0.002766
6 19 0.002122 0.002911 0.002766
6 20 0.002122 0.002911 0.002766
7 0 0.001818 0.002911 0.002766
7 1 0.001061 0.002911 0.002766
7 2 0.000455 0.002911 0.002766
7 3 0.000606 0.002911 0.002766
7 4 0.001212 0.002911 0.002766
7 5 0.001515 0.002911 0.002766
7 6 0.000758 0.002911 0.002766
7 7 0.001667 0.002911 0.002766
7 8 0.002273 0.002911 0.002766
7 9 0.002728 0.002911 0.002766
7 10 0.001818 0.002911 0.002766
7 11 0.002273 0.002911 0.002766
7 12 0.003485 0.002911 0.002766
7 13 0.002728 0.002911 0.002766
7 14 0.002879 0.002911 0.002766
7 15 0.002879 0.002911 0.002766
7 16 0.003637 0.002911 0.002766
7 17 0.002273 0.002911 0.002766
7 18 0.001818 0.002911 0.002766
7 19 0.001364 0.002911 0.002766
7 20 0.001364 0.002911 0.002766
8 0 0.002273 0.002911 0.002766
8 1 0.001212 0.002911 0.002766
8 2 0.000758 0.002911 0.002766
8 3 0.000455 0.002911 0.002766
8 4 0.001667 0.002911 0.002766
8 5 0.001667 0.002911 0.002766
8 6 0.001364 0.002911 0.002766
8 7 0.001364 0.002911 0.002766
8 8 0.001818 0.002911 0.002766
8 9 0.002728 0.002911 0.002766
8 10 0.003031 0.002911 0.002766
8 11 0.002879 0.002911 0.002766
8 12 0.003031 0.002911 0.002766
8 13 0.003485 0.002911 0.002766
8 14 0.002879 0.002911 0.002766
8 15 0.002122 0.002911 0.002766
8 16 0.003182 0.002911 0.002766
8 17 0.001515 0.002911 0.002766
8 18 0.001667 0.002911 0.002766
8 19 0.001212 0.002911 0.002766
8 20 0.001970 0.002911 0.002766
9 0 0.002122 0.002911 0.002766
9 1 0.000909 0.002911 0.002766
9 2 0.000909 0.002911 0.002766
9 3 0.001212 0.002911 0.002766
9 4 0.001970 0.002911 0.002766
9 5 0.002576 0.002911 0.002766
9 6 0.001515 0.002911 0.002766
9 7 0.002273 0.002911 0.002766
9 8 0.002425 0.002911 0.002766
9 9 0.002879 0.002911 0.002766
9 10 0.004092 0.002911 0.002766
9 11 0.002879 0.002911 0.002766
9 12 0.003637 0.002911 0.002766
9 13 0.004243 0.002911 0.002766
9 14 0.002728 0.002911 0.002766
9 15 0.003637 0.002911 0.002766
9 16 0.002122 0.002911 0.002766
9 17 0.001667 0.002911 0.002766
9 18 0.001515 0.002911 0.002766
9 19 0.001061 0.002911 0.002766
9 20 0.001061 0.002911 0.002766
10 0 0.002273 0.002911 0.002766
10 1 0.001818 0.002911 0.002766
10 2 0.000455 0.002911 0.002766
10 3 0.000758 0.002911 0.002766
10 4 0.001212 0.002911 0.002766
10 5 0.002122 0.002911 0.002766
10 6 0.002728 0.002911 0.002766
10 7 0.002879 0.002911 0.002766
10 8 0.003031 0.002911 0.002766
10 9 0.004243 0.002911 0.002766
10 10 0.003485 0.002911 0.002766
10 11 0.003637 0.002911 0.002766
10 12 0.003031 0.002911 0.002766
10 13 0.004395 0.002911 0.002766
10 14 0.003940 0.002911 0.002766
10 15 0.004546 0.002911 0.002766
10 16 0.003031 0.002911 0.002766
10 17 0.001667 0.002911 0.002766
10 18 0.001515 0.002911 0.002766
10 19 0.000606 0.002911 0.002766
10 20 0.001364 0.002911 0.002766
11 0 0.001818 0.002911 0.002766
11 1 0.001061 0.002911 0.002766
11 2 0.000455 0.002911 0.002766
11 3 0.001212 0.002911 0.002766
11 4 0.002425 0.002911 0.002766
11 5 0.001212 0.002911 0.002766
11 6 0.002728 0.002911 0.002766
11 7 0.002425 0.002911 0.002766
11 8 0.004395 0.002911 0.002766
11 9 0.004092 0.002911 0.002766
11 10 0.005455 0.002911 0.002766
11 11 0.005304 0.002911 0.002766
11 12 0.004092 0.002911 0.002766
11 13 0.003637 0.002911 0.002766
11 14 0.003485 0.002911 0.002766
11 15 0.003334 0.002911 0.002766
11 16 0.002728 0.002911 0.002766
11 17 0.001364 0.002911 0.002766
11 18 0.001667 0.002911 0.002766
11 19 0.000758 0.002911 0.002766
11 20 0.000758 0.002911 0.002766
12 0 0.001667 0.002911 0.002766
12 1 0.001212 0.002911 0.002766
12 2 0.001364 0.002911 0.002766
12 3 0.001818 0.002911 0.002766
12 4 0.002425 0.002911 0.002766
12 5 0.001970 0.002911 0.002766
12 6 0.003334 0.002911 0.002766
12 7 0.002879 0.002911 0.002766
12 8 0.004395 0.002911 0.002766
12 9 0.004092 0.002911 0.002766
12 10 0.004698 0.002911 0.002766
12 11 0.005304 0.002911 0.002766
12 12 0.006516 0.002911 0.002766
12 13 0.005304 0.002911 0.002766
12 14 0.003182 0.002911 0.002766
12 15 0.002425 0.002911 0.002766
12 16 0.001970 0.002911 0.002766
12 17 0.001061 0.002911 0.002766
12 18 0.001212 0.002911 0.002766
12 19 0.001212 0.002911 0.002766
12 20 0.001364 0.002911 0.002766
13 0 0.002273 0.002911 0.002766
13 1 0.001364 0.002911 0.002766
13 2 0.001515 0.002911 0.002766
13 3 0.002122 0.002911 0.002766
13 4 0.002728 0.002911 0.002766
13 5 0.003940 0.002911 0.002766
13 6 0.004849 0.002911 0.002766
13 7 0.004092 0.002911 0.002766
13 8 0.004395 0.002911 0.002766
13 9 0.003485 0.002911 0.002766
13 10 0.002879 0.002911 0.002766
13 11 0.003637 0.002911 0.002766
13 12 0.003940 0.002911 0.002766
13 13 0.003334 0.002911 0.002766
13 14 0.002425 0.002911 0.002766
13 15 0.001515 0.002911 0.002766
13 16 0.001667 0.002911 0.002766
13 17 0.001515 0.002911 0.002766
13 18 0.001061 0.002911 0.002766
13 19 0.001061 0.002911 0.002766
13 20 0.001212 0.002911 0.002766
14 0 0.004092 0.002911 0.002766
14 1 0.002879 0.002911 0.002766
14 2 0.002122 0.002911 0.002766
14 3 0.003940 0.002911 0.002766
14 4 0.003485 0.002911 0.002766
14 5 0.004243 0.002911 0.002766
14 6 0.005607 0.002911 0.002766
14 7 0.005455 0.002911 0.002766
14 8 0.004092 0.002911 0.002766
14 9 0.003334 0.002911 0.002766
14 10 0.002576 0.002911 0.002766
14 11 0.003031 0.002911 0.002766
14 12 0.003334 0.002911 0.002766
14 13 0.003182 0.002911 0.002766
14 14 0.001515 0.002911 0.002766
14 15 0.001364 0.002911 0.002766
14 16 0.001364 0.002911 0.002766
14 17 0.001364 0.002911 0.002766
14 18 0.000606 0.002911 0.002766
14 19 0.000455 0.002911 0.002766
14 20 0.001515 0.002911 0.002766
15 0 0.006516 0.002911 0.002766
15 1 0.007425 0.002911 0.002766
15 2 0.005001 0.002911 0.002766
15 3 0.007122 0.002911 0.002766
15 4 0.006062 0.002911 0.002766
15 5 0.005152 0.002911 0.002766
15 6 0.005758 0.002911 0.002766
15 7 0.004546 0.002911 0.002766
15 8 0.003788 0.002911 0.002766
15 9 0.003182 0.002911 0.002766
15 10 0.003940 0.002911 0.002766
15 11 0.002879 0.002911 0.002766
15 12 0.002576 0.002911 0.002766
15 13 0.002122 0.002911 0.002766
15 14 0.001818 0.002911 0.002766
15 15 0.000455 0.002911 0.002766
15 16 0.001212 0.002911 0.002766
15 17 0.000606 0.002911 0.002766
15 18 0.000606 0.002911 0.002766
15 19 0.000152 0.002911 0.002766
15 20 0.001061 0.002911 0.002766
16 0 0.006971 0.002911 0.002766
16 1 0.007122 0.002911 0.002766
16 2 0.007728 0.002911 0.002766
16 3 0.008032 0.002911 0.002766
16 4 0.007728 0.002911 0.002766
16 5 0.005455 0.002911 0.002766
16 6 0.005910 0.002911 0.002766
16 7 0.004698 0.002911 0.002766
16 8 0.003485 0.002911 0.002766
16 9 0.003334 0.002911 0.002766
16 10 0.003182 0.002911 0.002766
16 11 0.002576 0.002911 0.002766
16 12 0.002122 0.002911 0.002766
16 13 0.001515 0.002911 0.002766
16 14 0.001364 0.002911 0.002766
16 15 0.000909 0.002911 0.002766
16 16 0.001667 0.002911 0.002766
16 17 0.001061 0.002911 0.002766
16 18 0.000303 0.002911 0.002766
16 19 0.000000 0.002911 0.002766
16 20 0.000303 0.002911 0.002766
17 0 0.009092 0.002911 0.002766
17 1 0.013184 0.002911 0.002766
17 2 0.012123 0.002911 0.002766
17 3 0.011517 0.002911 0.002766
17 4 0.009092 0.002911 0.002766
17 5 0.005758 0.002911 0.002766
17 6 0.004546 0.002911 0.002766
17 7 0.002273 0.002911 0.002766
17 8 0.001515 0.002911 0.002766
17 9 0.002576 0.002911 0.002766
17 10 0.002273 0.002911 0.002766
17 11 0.001970 0.002911 0.002766
17 12 0.001515 0.002911 0.002766
17 13 0.001515 0.002911 0.002766
17 14 0.001061 0.002911 0.002766
17 15 0.000303 0.002911 0.002766
17 16 0.000758 0.002911 0.002766
17 17 0.000303 0.002911 0.002766
17 18 0.000000 0.002911 0.002766
17 19 0.000000 0.002911 0.002766
17 20 0.000303 0.002911 0.002766
18 0 0.010759 0.002911 0.002766
18 1 0.013032 0.002911 0.002766
18 2 0.012426 0.002911 0.002766
18 3 0.012275 0.002911 0.002766
18 4 0.008183 0.002911 0.002766
18 5 0.004698 0.002911 0.002766
18 6 0.002879 0.002911 0.002766
18 7 0.002273 0.002911 0.002766
18 8 0.000758 0.002911 0.002766
18 9 0.002122 0.002911 0.002766
18 10 0.001667 0.002911 0.002766
18 11 0.001515 0.002911 0.002766
18 12 0.000758 0.002911 0.002766
18 13 0.001061 0.002911 0.002766
18 14 0.000909 0.002911 0.002766
18 15 0.000606 0.002911 0.002766
18 16 0.000606 0.002911 0.002766
18 17 0.000455 0.002911 0.002766
18 18 0.000000 0.002911 0.002766
18 19 0.000000 0.002911 0.002766
18 20 0.000303 0.002911 0.002766
19 0 0.010608 0.002911 0.002766
19 1 0.011365 0.002911 0.002766
19 2 0.009547 0.002911 0.002766
19 3 0.009547 0.002911 0.002766
19 4 0.006516 0.002911 0.002766
19 5 0.003637 0.002911 0.002766
19 6 0.001667 0.002911 0.002766
19 7 0.001667 0.002911 0.002766
19 8 0.000606 0.002911 0.002766
19 9 0.000606 0.002911 0.002766
19 10 0.000455 0.002911 0.002766
19 11 0.000303 0.002911 0.002766
19 12 0.000455 0.002911 0.002766
19 13 0.000455 0.002911 0.002766
19 14 0.000455 0.002911 0.002766
19 15 0.000152 0.002911 0.002766
19 16 0.000455 0.002911 0.002766
19 17 0.000606 0.002911 0.002766
19 18 0.000152 0.002911 0.002766
19 19 0.000152 0.002911 0.002766
19 20 0.000455 0.002911 0.002766
20 0 0.008789 0.002911 0.002766
20 1 0.009547 0.002911 0.002766
20 2 0.008638 0.002911 0.002766
20 3 0.008032 0.002911 0.002766
20 4 0.005152 0.002911 0.002766
20 5 0.003334 0.002911 0.002766
20 6 0.003031 0.002911 0.002766
20 7 0.001818 0.002911 0.002766
20 8 0.000758 0.002911 0.002766
20 9 0.001061 0.002911 0.002766
20 10 0.001212 0.002911 0.002766
20 11 0.001061 0.002911 0.002766
20 12 0.001061 0.002911 0.002766
20 13 0.001061 0.002911 0.002766
20 14 0.000758 0.002911 0.002766
20 15 0.000606 0.002911 0.002766
20 16 0.000758 0.002911 0.002766
20 17 0.000909 0.002911 0.002766
20 18 0.000758 0.002911 0.002766
20 19 0.000455 0.002911 0.002766
20 20 0.000455 0.002911 0.002766
