# contact distance = 8.0 Angstroms
# F = 0.4 kJ/mol

# i j contact_probability mean_contact_probability stddev_contact_probability
0 0 0.000886 0.003811 0.002863
0 1 0.000221 0.003811 0.002863
0 2 0.000332 0.003811 0.002863
0 3 0.000332 0.003811 0.002863
0 4 0.000332 0.003811 0.002863
0 5 0.000886 0.003811 0.002863
0 6 0.001772 0.003811 0.002863
0 7 0.001882 0.003811 0.002863
0 8 0.001218 0.003811 0.002863
0 9 0.001661 0.003811 0.002863
0 10 0.001218 0.003811 0.002863
0 11 0.001661 0.003811 0.002863
0 12 0.002436 0.003811 0.002863
0 13 0.002879 0.003811 0.002863
0 14 0.002768 0.003811 0.002863
0 15 0.003433 0.003811 0.002863
0 16 0.005315 0.003811 0.002863
0 17 0.007087 0.003811 0.002863
0 18 0.010409 0.003811 0.002863
0 19 0.010519 0.003811 0.002863
0 20 0.010187 0.003811 0.002863
1 0 0.000332 0.003811 0.002863
1 1 0.000111 0.003811 0.002863
1 2 0.000111 0.003811 0.002863
1 3 0.000221 0.003811 0.002863
1 4 0.000111 0.003811 0.002863
1 5 0.000443 0.003811 0.002863
1 6 0.000997 0.003811 0.002863
1 7 0.001107 0.003811 0.002863
1 8 0.000554 0.003811 0.002863
1 9 0.000997 0.003811 0.002863
1 10 0.000886 0.003811 0.002863
1 11 0.000997 0.003811 0.002863
1 12 0.001882 0.003811 0.002863
1 13 0.001550 0.003811 0.002863
1 14 0.002436 0.003811 0.002863
1 15 0.003876 0.003811 0.002863
1 16 0.005979 0.003811 0.002863
1 17 0.007530 0.003811 0.002863
1 18 0.011737 0.003811 0.002863
1 19 0.011848 0.003811 0.002863
1 20 0.011294 0.003811 0.002863
2 0 0.000111 0.003811 0.002863
2 1 0.000111 0.003811 0.002863
2 2 0.000332 0.003811 0.002863
2 3 0.000000 0.003811 0.002863
2 4 0.000111 0.003811 0.002863
2 5 0.000332 0.003811 0.002863
2 6 0.000664 0.003811 0.002863
2 7 0.001107 0.003811 0.002863
2 8 0.000997 0.003811 0.002863
2 9 0.001882 0.003811 0.002863
2 10 0.001993 0.003811 0.002863
2 11 0.001882 0.003811 0.002863
2 12 0.002325 0.003811 0.002863
2 13 0.001993 0.003811 0.002863
2 14 0.002658 0.003811 0.002863
2 15 0.004651 0.003811 0.002863
2 16 0.006644 0.003811 0.002863
2 17 0.008526 0.003811 0.002863
2 18 0.010630 0.003811 0.002863
2 19 0.010187 0.003811 0.002863
2 20 0.010962 0.003811 0.002863
3 0 0.000111 0.003811 0.002863
3 1 0.000111 0.003811 0.002863
3 2 0.000332 0.003811 0.002863
3 3 0.000221 0.003811 0.002863
3 4 0.000000 0.003811 0.002863
3 5 0.000775 0.003811 0.002863
3 6 0.001661 0.003811 0.002863
3 7 0.002436 0.003811 0.002863
3 8 0.001439 0.003811 0.002863
3 9 0.001772 0.003811 0.002863
3 10 0.002990 0.003811 0.002863
3 11 0.003322 0.003811 0.002863
3 12 0.004097 0.003811 0.002863
3 13 0.003765 0.003811 0.002863
3 14 0.004097 0.003811 0.002863
3 15 0.006312 0.003811 0.002863
3 16 0.008858 0.003811 0.002863
3 17 0.009855 0.003811 0.002863
3 18 0.009744 0.003811 0.002863
3 19 0.008415 0.003811 0.002863
3 20 0.008748 0.003811 0.002863
4 0 0.000332 0.003811 0.002863
4 1 0.000332 0.003811 0.002863
4 2 0.000221 0.003811 0.002863
4 3 0.000554 0.003811 0.002863
4 4 0.000443 0.003811 0.002863
4 5 0.000997 0.003811 0.002863
4 6 0.001882 0.003811 0.002863
4 7 0.002436 0.003811 0.002863
4 8 0.001993 0.003811 0.002863
4 9 0.002547 0.003811 0.002863
4 10 0.003100 0.003811 0.002863
4 11 0.003876 0.003811 0.002863
4 12 0.003876 0.003811 0.002863
4 13 0.005094 0.003811 0.002863
4 14 0.005094 0.003811 0.002863
4 15 0.007751 0.003811 0.002863
4 16 0.009744 0.003811 0.002863
4 17 0.009191 0.003811 0.002863
4 18 0.009855 0.003811 0.002863
4 19 0.007751 0.003811 0.002863
4 20 0.007308 0.003811 0.002863
5 0 0.000997 0.003811 0.002863
5 1 0.000332 0.003811 0.002863
5 2 0.000443 0.003811 0.002863
5 3 0.000997 0.003811 0.002863
5 4 0.000886 0.003811 0.002863
5 5 0.002215 0.003811 0.002863
5 6 0.001993 0.003811 0.002863
5 7 0.002547 0.003811 0.002863
5 8 0.003543 0.003811 0.002863
5 9 0.003765 0.003811 0.002863
5 10 0.003986 0.003811 0.002863
5 11 0.004651 0.003811 0.002863
5 12 0.004429 0.003811 0.002863
5 13 0.005315 0.003811 0.002863
5 14 0.006755 0.003811 0.002863
5 15 0.007197 0.003811 0.002863
5 16 0.008305 0.003811 0.002863
5 17 0.008194 0.003811 0.002863
5 18 0.006533 0.003811 0.002863
5 19 0.005094 0.003811 0.002863
5 20 0.005204 0.003811 0.002863
6 0 0.000775 0.003811 0.002863
6 1 0.000886 0.003811 0.002863
6 2 0.001550 0.003811 0.002863
6 3 0.001550 0.003811 0.002863
6 4 0.001993 0.003811 0.002863
6 5 0.002547 0.003811 0.002863
6 6 0.002990 0.003811 0.002863
6 7 0.002768 0.003811 0.002863
6 8 0.003211 0.003811 0.002863
6 9 0.003543 0.003811 0.002863
6 10 0.004651 0.003811 0.002863
6 11 0.004429 0.003811 0.002863
6 12 0.003765 0.003811 0.002863
6 13 0.005315 0.003811 0.002863
6 14 0.006865 0.003811 0.002863
6 15 0.007862 0.003811 0.002863
6 16 0.006422 0.003811 0.002863
6 17 0.005758 0.003811 0.002863
6 18 0.003986 0.003811 0.002863
6 19 0.002658 0.003811 0.002863
6 20 0.004651 0.003811 0.002863
7 0 0.001218 0.003811 0.002863
7 1 0.001107 0.003811 0.002863
7 2 0.001772 0.003811 0.002863
7 3 0.001329 0.003811 0.002863
7 4 0.002325 0.003811 0.002863
7 5 0.002768 0.003811 0.002863
7 6 0.002879 0.003811 0.002863
7 7 0.002879 0.003811 0.002863
7 8 0.003765 0.003811 0.002863
7 9 0.005094 0.003811 0.002863
7 10 0.005094 0.003811 0.002863
7 11 0.004651 0.003811 0.002863
7 12 0.004540 0.003811 0.002863
7 13 0.005979 0.003811 0.002863
7 14 0.006865 0.003811 0.002863
7 15 0.008083 0.003811 0.002863
7 16 0.005869 0.003811 0.002863
7 17 0.004540 0.003811 0.002863
7 18 0.003211 0.003811 0.002863
7 19 0.002104 0.003811 0.002863
7 20 0.003986 0.003811 0.002863
8 0 0.001661 0.003811 0.002863
8 1 0.001329 0.003811 0.002863
8 2 0.001218 0.003811 0.002863
8 3 0.001661 0.003811 0.002863
8 4 0.001439 0.003811 0.002863
8 5 0.001661 0.003811 0.002863
8 6 0.002547 0.003811 0.002863
8 7 0.005536 0.003811 0.002863
8 8 0.004872 0.003811 0.002863
8 9 0.004983 0.003811 0.002863
8 10 0.004429 0.003811 0.002863
8 11 0.004429 0.003811 0.002863
8 12 0.004429 0.003811 0.002863
8 13 0.004872 0.003811 0.002863
8 14 0.004872 0.003811 0.002863
8 15 0.006422 0.003811 0.002863
8 16 0.005204 0.003811 0.002863
8 17 0.004429 0.003811 0.002863
8 18 0.002879 0.003811 0.002863
8 19 0.002325 0.003811 0.002863
8 20 0.003543 0.003811 0.002863
9 0 0.001993 0.003811 0.002863
9 1 0.001107 0.003811 0.002863
9 2 0.001439 0.003811 0.002863
9 3 0.001882 0.003811 0.002863
9 4 0.002768 0.003811 0.002863
9 5 0.003654 0.003811 0.002863
9 6 0.004651 0.003811 0.002863
9 7 0.005979 0.003811 0.002863
9 8 0.004872 0.003811 0.002863
9 9 0.005869 0.003811 0.002863
9 10 0.004429 0.003811 0.002863
9 11 0.005426 0.003811 0.002863
9 12 0.005426 0.003811 0.002863
9 13 0.005426 0.003811 0.002863
9 14 0.005204 0.003811 0.002863
9 15 0.004872 0.003811 0.002863
9 16 0.003322 0.003811 0.002863
9 17 0.003986 0.003811 0.002863
9 18 0.002436 0.003811 0.002863
9 19 0.002658 0.003811 0.002863
9 20 0.003322 0.003811 0.002863
10 0 0.002436 0.003811 0.002863
10 1 0.001550 0.003811 0.002863
10 2 0.001439 0.003811 0.002863
10 3 0.002879 0.003811 0.002863
10 4 0.003322 0.003811 0.002863
10 5 0.003986 0.003811 0.002863
10 6 0.004429 0.003811 0.002863
10 7 0.005315 0.003811 0.002863
10 8 0.005426 0.003811 0.002863
10 9 0.004540 0.003811 0.002863
10 10 0.004983 0.003811 0.002863
10 11 0.005094 0.003811 0.002863
10 12 0.004429 0.003811 0.002863
10 13 0.004097 0.003811 0.002863
10 14 0.004983 0.003811 0.002863
10 15 0.004761 0.003811 0.002863
10 16 0.003654 0.003811 0.002863
10 17 0.003765 0.003811 0.002863
10 18 0.002547 0.003811 0.002863
10 19 0.002768 0.003811 0.002863
10 20 0.002658 0.003811 0.002863
11 0 0.002325 0.003811 0.002863
11 1 0.002104 0.003811 0.002863
11 2 0.001882 0.003811 0.002863
11 3 0.003433 0.003811 0.002863
11 4 0.004208 0.003811 0.002863
11 5 0.004318 0.003811 0.002863
11 6 0.004429 0.003811 0.002863
11 7 0.004318 0.003811 0.002863
11 8 0.004318 0.003811 0.002863
11 9 0.004983 0.003811 0.002863
11 10 0.005315 0.003811 0.002863
11 11 0.004429 0.003811 0.002863
11 12 0.004983 0.003811 0.002863
11 13 0.004429 0.003811 0.002863
11 14 0.004540 0.003811 0.002863
11 15 0.005094 0.003811 0.002863
11 16 0.004761 0.003811 0.002863
11 17 0.003986 0.003811 0.002863
11 18 0.002436 0.003811 0.002863
11 19 0.002436 0.003811 0.002863
11 20 0.001550 0.003811 0.002863
12 0 0.001993 0.003811 0.002863
12 1 0.002658 0.003811 0.002863
12 2 0.001772 0.003811 0.002863
12 3 0.003876 0.003811 0.002863
12 4 0.004318 0.003811 0.002863
12 5 0.005758 0.003811 0.002863
12 6 0.004651 0.003811 0.002863
12 7 0.004872 0.003811 0.002863
12 8 0.005094 0.003811 0.002863
12 9 0.004872 0.003811 0.002863
12 10 0.005647 0.003811 0.002863
12 11 0.005758 0.003811 0.002863
12 12 0.006422 0.003811 0.002863
12 13 0.004983 0.003811 0.002863
12 14 0.004983 0.003811 0.002863
12 15 0.004761 0.003811 0.002863
12 16 0.004208 0.003811 0.002863
12 17 0.004208 0.003811 0.002863
12 18 0.001993 0.003811 0.002863
12 19 0.001550 0.003811 0.002863
12 20 0.000775 0.003811 0.002863
13 0 0.002547 0.003811 0.002863
13 1 0.001439 0.003811 0.002863
13 2 0.002325 0.003811 0.002863
13 3 0.003765 0.003811 0.002863
13 4 0.004872 0.003811 0.002863
13 5 0.005758 0.003811 0.002863
13 6 0.005979 0.003811 0.002863
13 7 0.006865 0.003811 0.002863
13 8 0.006644 0.003811 0.002863
13 9 0.006090 0.003811 0.002863
13 10 0.005426 0.003811 0.002863
13 11 0.006533 0.003811 0.002863
13 12 0.006865 0.003811 0.002863
13 13 0.005094 0.003811 0.002863
13 14 0.004540 0.003811 0.002863
13 15 0.003986 0.003811 0.002863
13 16 0.003211 0.003811 0.002863
13 17 0.002547 0.003811 0.002863
13 18 0.001329 0.003811 0.002863
13 19 0.001882 0.003811 0.002863
13 20 0.001107 0.003811 0.002863
14 0 0.003322 0.003811 0.002863
14 1 0.002325 0.003811 0.002863
14 2 0.004761 0.003811 0.002863
14 3 0.004651 0.003811 0.002863
14 4 0.005647 0.003811 0.002863
14 5 0.005869 0.003811 0.002863
14 6 0.005979 0.003811 0.002863
14 7 0.007197 0.003811 0.002863
14 8 0.006533 0.003811 0.002863
14 9 0.005758 0.003811 0.002863
14 10 0.003322 0.003811 0.002863
14 11 0.005204 0.003811 0.002863
14 12 0.004651 0.003811 0.002863
14 13 0.003876 0.003811 0.002863
14 14 0.003322 0.003811 0.002863
14 15 0.002547 0.003811 0.002863
14 16 0.001550 0.003811 0.002863
14 17 0.001439 0.003811 0.002863
14 18 0.001107 0.003811 0.002863
14 19 0.000554 0.003811 0.002863
14 20 0.001218 0.003811 0.002863
15 0 0.003765 0.003811 0.002863
15 1 0.003100 0.003811 0.002863
15 2 0.005647 0.003811 0.002863
15 3 0.005315 0.003811 0.002863
15 4 0.007530 0.003811 0.002863
15 5 0.006865 0.003811 0.002863
15 6 0.007419 0.003811 0.002863
15 7 0.006865 0.003811 0.002863
15 8 0.005869 0.003811 0.002863
15 9 0.005094 0.003811 0.002863
15 10 0.004429 0.003811 0.002863
15 11 0.003654 0.003811 0.002863
15 12 0.003433 0.003811 0.002863
15 13 0.002768 0.003811 0.002863
15 14 0.002768 0.003811 0.002863
15 15 0.001993 0.003811 0.002863
15 16 0.001218 0.003811 0.002863
15 17 0.000775 0.003811 0.002863
15 18 0.000332 0.003811 0.002863
15 19 0.000443 0.003811 0.002863
15 20 0.000886 0.003811 0.002863
16 0 0.005647 0.003811 0.002863
16 1 0.006755 0.003811 0.002863
16 2 0.008526 0.003811 0.002863
16 3 0.008526 0.003811 0.002863
16 4 0.010298 0.003811 0.002863
16 5 0.008083 0.003811 0.002863
16 6 0.006422 0.003811 0.002863
16 7 0.004540 0.003811 0.002863
16 8 0.004983 0.003811 0.002863
16 9 0.004318 0.003811 0.002863
16 10 0.003100 0.003811 0.002863
16 11 0.002879 0.003811 0.002863
16 12 0.002547 0.003811 0.002863
16 13 0.001993 0.003811 0.002863
16 14 0.002215 0.003811 0.002863
16 15 0.001329 0.003811 0.002863
16 16 0.000443 0.003811 0.002863
16 17 0.000775 0.003811 0.002863
16 18 0.000886 0.003811 0.002863
16 19 0.000554 0.003811 0.002863
16 20 0.000775 0.003811 0.002863
17 0 0.007308 0.003811 0.002863
17 1 0.009080 0.003811 0.002863
17 2 0.009080 0.003811 0.002863
17 3 0.010298 0.003811 0.002863
17 4 0.012291 0.003811 0.002863
17 5 0.009523 0.003811 0.002863
17 6 0.006755 0.003811 0.002863
17 7 0.004761 0.003811 0.002863
17 8 0.003765 0.003811 0.002863
17 9 0.003654 0.003811 0.002863
17 10 0.002658 0.003811 0.002863
17 11 0.002215 0.003811 0.002863
17 12 0.002104 0.003811 0.002863
17 13 0.001661 0.003811 0.002863
17 14 0.001661 0.003811 0.002863
17 15 0.000886 0.003811 0.002863
17 16 0.000443 0.003811 0.002863
17 17 0.000886 0.003811 0.002863
17 18 0.000221 0.003811 0.002863
17 19 0.000221 0.003811 0.002863
17 20 0.000664 0.003811 0.002863
18 0 0.010076 0.003811 0.002863
18 1 0.011184 0.003811 0.002863
18 2 0.012512 0.003811 0.002863
18 3 0.010962 0.003811 0.002863
18 4 0.011184 0.003811 0.002863
18 5 0.006865 0.003811 0.002863
18 6 0.006090 0.003811 0.002863
18 7 0.004097 0.003811 0.002863
18 8 0.003433 0.003811 0.002863
18 9 0.002325 0.003811 0.002863
18 10 0.002325 0.003811 0.002863
18 11 0.001993 0.003811 0.002863
18 12 0.001882 0.003811 0.002863
18 13 0.001107 0.003811 0.002863
18 14 0.000997 0.003811 0.002863
18 15 0.000775 0.003811 0.002863
18 16 0.000443 0.003811 0.002863
18 17 0.000332 0.003811 0.002863
18 18 0.000221 0.003811 0.002863
18 19 0.000111 0.003811 0.002863
18 20 0.000443 0.003811 0.002863
19 0 0.009966 0.003811 0.002863
19 1 0.013288 0.003811 0.002863
19 2 0.012291 0.003811 0.002863
19 3 0.009191 0.003811 0.002863
19 4 0.008415 0.003811 0.002863
19 5 0.005979 0.003811 0.002863
19 6 0.005426 0.003811 0.002863
19 7 0.003765 0.003811 0.002863
19 8 0.002436 0.003811 0.002863
19 9 0.001993 0.003811 0.002863
19 10 0.001882 0.003811 0.002863
19 11 0.001329 0.003811 0.002863
19 12 0.001218 0.003811 0.002863
19 13 0.001439 0.003811 0.002863
19 14 0.000443 0.003811 0.002863
19 15 0.000554 0.003811 0.002863
19 16 0.000111 0.003811 0.002863
19 17 0.000443 0.003811 0.002863
19 18 0.000000 0.003811 0.002863
19 19 0.000111 0.003811 0.002863
19 20 0.000554 0.003811 0.002863
20 0 0.011073 0.003811 0.002863
20 1 0.011516 0.003811 0.002863
20 2 0.009523 0.003811 0.002863
20 3 0.007751 0.003811 0.002863
20 4 0.006976 0.003811 0.002863
20 5 0.004651 0.003811 0.002863
20 6 0.004651 0.003811 0.002863
20 7 0.003986 0.003811 0.002863
20 8 0.002990 0.003811 0.002863
20 9 0.002768 0.003811 0.002863
20 10 0.002658 0.003811 0.002863
20 11 0.002325 0.003811 0.002863
20 12 0.001882 0.003811 0.002863
20 13 0.001218 0.003811 0.002863
20 14 0.001661 0.003811 0.002863
20 15 0.001439 0.003811 0.002863
20 16 0.000997 0.003811 0.002863
20 17 0.000664 0.003811 0.002863
20 18 0.000221 0.003811 0.002863
20 19 0.000111 0.003811 0.002863
20 20 0.000332 0.003811 0.002863
