# contact distance = 8.0 Angstroms
# F = 0.4 kJ/mol

# i j contact_probability mean_contact_probability stddev_contact_probability
0 0 0.002042 0.003582 0.002207
0 1 0.002042 0.003582 0.002207
0 2 0.002212 0.003582 0.002207
0 3 0.001702 0.003582 0.002207
0 4 0.002042 0.003582 0.002207
0 5 0.001702 0.003582 0.002207
0 6 0.001702 0.003582 0.002207
0 7 0.002042 0.003582 0.002207
0 8 0.001361 0.003582 0.002207
0 9 0.001191 0.003582 0.002207
0 10 0.002722 0.003582 0.002207
0 11 0.003403 0.003582 0.002207
0 12 0.003914 0.003582 0.002207
0 13 0.003403 0.003582 0.002207
0 14 0.003573 0.003582 0.002207
0 15 0.004934 0.003582 0.002207
0 16 0.007147 0.003582 0.002207
0 17 0.009188 0.003582 0.002207
0 18 0.010379 0.003582 0.002207
0 19 0.011230 0.003582 0.002207
0 20 0.010550 0.003582 0.002207
1 0 0.001872 0.003582 0.002207
1 1 0.000681 0.003582 0.002207
1 2 0.001021 0.003582 0.002207
1 3 0.001021 0.003582 0.002207
1 4 0.001191 0.003582 0.002207
1 5 0.001361 0.003582 0.002207
1 6 0.001191 0.003582 0.002207
1 7 0.002722 0.003582 0.002207
1 8 0.001702 0.003582 0.002207
1 9 0.001702 0.003582 0.002207
1 10 0.002382 0.003582 0.002207
1 11 0.002722 0.003582 0.002207
1 12 0.002382 0.003582 0.002207
1 13 0.001872 0.003582 0.002207
1 14 0.003403 0.003582 0.002207
1 15 0.002382 0.003582 0.002207
1 16 0.005445 0.003582 0.002207
1 17 0.007657 0.003582 0.002207
1 18 0.009869 0.003582 0.002207
1 19 0.009188 0.003582 0.002207
1 20 0.008338 0.003582 0.002207
2 0 0.002212 0.003582 0.002207
2 1 0.000510 0.003582 0.002207
2 2 0.001531 0.003582 0.002207
2 3 0.001191 0.003582 0.002207
2 4 0.001191 0.003582 0.002207
2 5 0.001191 0.003582 0.002207
2 6 0.002042 0.003582 0.002207
2 7 0.002893 0.003582 0.002207
2 8 0.002042 0.003582 0.002207
2 9 0.002042 0.003582 0.002207
2 10 0.002042 0.003582 0.002207
2 11 0.003914 0.003582 0.002207
2 12 0.005275 0.003582 0.002207
2 13 0.002722 0.003582 0.002207
2 14 0.003743 0.003582 0.002207
2 15 0.003063 0.003582 0.002207
2 16 0.005105 0.003582 0.002207
2 17 0.005785 0.003582 0.002207
2 18 0.006296 0.003582 0.002207
2 19 0.006296 0.003582 0.002207
2 20 0.006296 0.003582 0.002207
3 0 0.002042 0.003582 0.002207
3 1 0.001872 0.003582 0.002207
3 2 0.001702 0.003582 0.002207
3 3 0.002212 0.003582 0.002207
3 4 0.001872 0.003582 0.002207
3 5 0.001361 0.003582 0.002207
3 6 0.002552 0.003582 0.002207
3 7 0.002722 0.003582 0.002207
3 8 0.002212 0.003582 0.002207
3 9 0.002212 0.003582 0.002207
3 10 0.004424 0.003582 0.002207
3 11 0.004764 0.003582 0.002207
3 12 0.005105 0.003582 0.002207
3 13 0.004424 0.003582 0.002207
3 14 0.006296 0.003582 0.002207
3 15 0.005445 0.003582 0.002207
3 16 0.004934 0.003582 0.002207
3 17 0.005105 0.003582 0.002207
3 18 0.004764 0.003582 0.002207
3 19 0.005955 0.003582 0.002207
3 20 0.005105 0.003582 0.002207
4 0 0.002552 0.003582 0.002207
4 1 0.002042 0.003582 0.002207
4 2 0.002893 0.003582 0.002207
4 3 0.003063 0.003582 0.002207
4 4 0.002042 0.003582 0.002207
4 5 0.003063 0.003582 0.002207
4 6 0.002893 0.003582 0.002207
4 7 0.003233 0.003582 0.002207
4 8 0.002212 0.003582 0.002207
4 9 0.003743 0.003582 0.002207
4 10 0.004424 0.003582 0.002207
4 11 0.003914 0.003582 0.002207
4 12 0.005105 0.003582 0.002207
4 13 0.003743 0.003582 0.002207
4 14 0.005105 0.003582 0.002207
4 15 0.003914 0.003582 0.002207
4 16 0.003914 0.003582 0.002207
4 17 0.003573 0.003582 0.002207
4 18 0.003914 0.003582 0.002207
4 19 0.004934 0.003582 0.002207
4 20 0.003743 0.003582 0.002207
5 0 0.001531 0.003582 0.002207
5 1 0.001702 0.003582 0.002207
5 2 0.002212 0.003582 0.002207
5 3 0.002722 0.003582 0.002207
5 4 0.002893 0.003582 0.002207
5 5 0.002893 0.003582 0.002207
5 6 0.002722 0.003582 0.002207
5 7 0.002722 0.003582 0.002207
5 8 0.002382 0.003582 0.002207
5 9 0.003743 0.003582 0.002207
5 10 0.003403 0.003582 0.002207
5 11 0.003063 0.003582 0.002207
5 12 0.003914 0.003582 0.002207
5 13 0.003573 0.003582 0.002207
5 14 0.004424 0.003582 0.002207
5 15 0.005615 0.003582 0.002207
5 16 0.006126 0.003582 0.002207
5 17 0.005105 0.003582 0.002207
5 18 0.004424 0.003582 0.002207
5 19 0.004764 0.003582 0.002207
5 20 0.003914 0.003582 0.002207
6 0 0.001531 0.003582 0.002207
6 1 0.001361 0.003582 0.002207
6 2 0.002382 0.003582 0.002207
6 3 0.003233 0.003582 0.002207
6 4 0.003403 0.003582 0.002207
6 5 0.002382 0.003582 0.002207
6 6 0.002722 0.003582 0.002207
6 7 0.002552 0.003582 0.002207
6 8 0.003063 0.003582 0.002207
6 9 0.002552 0.003582 0.002207
6 10 0.004424 0.003582 0.002207
6 11 0.003233 0.003582 0.002207
6 12 0.005275 0.003582 0.002207
6 13 0.004764 0.003582 0.002207
6 14 0.004934 0.003582 0.002207
6 15 0.005955 0.003582 0.002207
6 16 0.006806 0.003582 0.002207
6 17 0.006126 0.003582 0.002207
6 18 0.005955 0.003582 0.002207
6 19 0.006806 0.003582 0.002207
6 20 0.004424 0.003582 0.002207
7 0 0.002382 0.003582 0.002207
7 1 0.002042 0.003582 0.002207
7 2 0.002722 0.003582 0.002207
7 3 0.002042 0.003582 0.002207
7 4 0.002893 0.003582 0.002207
7 5 0.002552 0.003582 0.002207
7 6 0.002552 0.003582 0.002207
7 7 0.003233 0.003582 0.002207
7 8 0.004424 0.003582 0.002207
7 9 0.003403 0.003582 0.002207
7 10 0.003914 0.003582 0.002207
7 11 0.007487 0.003582 0.002207
7 12 0.005445 0.003582 0.002207
7 13 0.005615 0.003582 0.002207
7 14 0.006636 0.003582 0.002207
7 15 0.007487 0.003582 0.002207
7 16 0.005785 0.003582 0.002207
7 17 0.006126 0.003582 0.002207
7 18 0.004934 0.003582 0.002207
7 19 0.005275 0.003582 0.002207
7 20 0.004594 0.003582 0.002207
8 0 0.002722 0.003582 0.002207
8 1 0.002552 0.003582 0.002207
8 2 0.001702 0.003582 0.002207
8 3 0.001702 0.003582 0.002207
8 4 0.002382 0.003582 0.002207
8 5 0.002722 0.003582 0.002207
8 6 0.002552 0.003582 0.002207
8 7 0.002212 0.003582 0.002207
8 8 0.004254 0.003582 0.002207
8 9 0.004254 0.003582 0.002207
8 10 0.004934 0.003582 0.002207
8 11 0.006976 0.003582 0.002207
8 12 0.006126 0.003582 0.002207
8 13 0.004934 0.003582 0.002207
8 14 0.005615 0.003582 0.002207
8 15 0.004594 0.003582 0.002207
8 16 0.003063 0.003582 0.002207
8 17 0.004084 0.003582 0.002207
8 18 0.004084 0.003582 0.002207
8 19 0.003573 0.003582 0.002207
8 20 0.003573 0.003582 0.002207
9 0 0.001021 0.003582 0.002207
9 1 0.002042 0.003582 0.002207
9 2 0.002722 0.003582 0.002207
9 3 0.001702 0.003582 0.002207
9 4 0.001702 0.003582 0.002207
9 5 0.002212 0.003582 0.002207
9 6 0.002042 0.003582 0.002207
9 7 0.003063 0.003582 0.002207
9 8 0.004764 0.003582 0.002207
9 9 0.004764 0.003582 0.002207
9 10 0.005955 0.003582 0.002207
9 11 0.006466 0.003582 0.002207
9 12 0.006126 0.003582 0.002207
9 13 0.004934 0.003582 0.002207
9 14 0.005445 0.003582 0.002207
9 15 0.003914 0.003582 0.002207
9 16 0.003403 0.003582 0.002207
9 17 0.003063 0.003582 0.002207
9 18 0.002552 0.003582 0.002207
9 19 0.002893 0.003582 0.002207
9 20 0.003063 0.003582 0.002207
10 0 0.002212 0.003582 0.002207
10 1 0.001361 0.003582 0.002207
10 2 0.003063 0.003582 0.002207
10 3 0.004084 0.003582 0.002207
10 4 0.004424 0.003582 0.002207
10 5 0.003914 0.003582 0.002207
10 6 0.003573 0.003582 0.002207
10 7 0.004594 0.003582 0.002207
10 8 0.005785 0.003582 0.002207
10 9 0.006636 0.003582 0.002207
10 10 0.005955 0.003582 0.002207
10 11 0.007827 0.003582 0.002207
10 12 0.008508 0.003582 0.002207
10 13 0.004594 0.003582 0.002207
10 14 0.005785 0.003582 0.002207
10 15 0.005105 0.003582 0.002207
10 16 0.003233 0.003582 0.002207
10 17 0.002382 0.003582 0.002207
10 18 0.003403 0.003582 0.002207
10 19 0.002722 0.003582 0.002207
10 20 0.002382 0.003582 0.002207
11 0 0.002042 0.003582 0.002207
11 1 0.001872 0.003582 0.002207
11 2 0.002722 0.003582 0.002207
11 3 0.004424 0.003582 0.002207
11 4 0.003403 0.003582 0.002207
11 5 0.003743 0.003582 0.002207
11 6 0.004084 0.003582 0.002207
11 7 0.006636 0.003582 0.002207
11 8 0.007147 0.003582 0.002207
11 9 0.006296 0.003582 0.002207
11 10 0.006296 0.003582 0.002207
11 11 0.006466 0.003582 0.002207
11 12 0.007317 0.003582 0.002207
11 13 0.004764 0.003582 0.002207
11 14 0.004594 0.003582 0.002207
11 15 0.005105 0.003582 0.002207
11 16 0.002893 0.003582 0.002207
11 17 0.003233 0.003582 0.002207
11 18 0.003233 0.003582 0.002207
11 19 0.003063 0.003582 0.002207
11 20 0.002552 0.003582 0.002207
12 0 0.003063 0.003582 0.002207
12 1 0.002722 0.003582 0.002207
12 2 0.003063 0.003582 0.002207
12 3 0.003914 0.003582 0.002207
12 4 0.003573 0.003582 0.002207
12 5 0.003914 0.003582 0.002207
12 6 0.003743 0.003582 0.002207
12 7 0.005955 0.003582 0.002207
12 8 0.007657 0.003582 0.002207
12 9 0.005785 0.003582 0.002207
12 10 0.005955 0.003582 0.002207
12 11 0.006976 0.003582 0.002207
12 12 0.005785 0.003582 0.002207
12 13 0.005275 0.003582 0.002207
12 14 0.003063 0.003582 0.002207
12 15 0.004424 0.003582 0.002207
12 16 0.002893 0.003582 0.002207
12 17 0.002382 0.003582 0.002207
12 18 0.002042 0.003582 0.002207
12 19 0.001531 0.003582 0.002207
12 20 0.001702 0.003582 0.002207
13 0 0.003914 0.003582 0.002207
13 1 0.003233 0.003582 0.002207
13 2 0.003403 0.003582 0.002207
13 3 0.002893 0.003582 0.002207
13 4 0.003743 0.003582 0.002207
13 5 0.003914 0.003582 0.002207
13 6 0.004084 0.003582 0.002207
13 7 0.005105 0.003582 0.002207
13 8 0.006126 0.003582 0.002207
13 9 0.006296 0.003582 0.002207
13 10 0.006466 0.003582 0.002207
13 11 0.006466 0.003582 0.002207
13 12 0.004764 0.003582 0.002207
13 13 0.004934 0.003582 0.002207
13 14 0.002552 0.003582 0.002207
13 15 0.002382 0.003582 0.002207
13 16 0.001702 0.003582 0.002207
13 17 0.001702 0.003582 0.002207
13 18 0.001191 0.003582 0.002207
13 19 0.000681 0.003582 0.002207
13 20 0.000681 0.003582 0.002207
14 0 0.004254 0.003582 0.002207
14 1 0.003573 0.003582 0.002207
14 2 0.002893 0.003582 0.002207
14 3 0.003914 0.003582 0.002207
14 4 0.005105 0.003582 0.002207
14 5 0.005105 0.003582 0.002207
14 6 0.005445 0.003582 0.002207
14 7 0.005445 0.003582 0.002207
14 8 0.005785 0.003582 0.002207
14 9 0.003743 0.003582 0.002207
14 10 0.006126 0.003582 0.002207
14 11 0.004764 0.003582 0.002207
14 12 0.003914 0.003582 0.002207
14 13 0.003063 0.003582 0.002207
14 14 0.003233 0.003582 0.002207
14 15 0.002212 0.003582 0.002207
14 16 0.001702 0.003582 0.002207
14 17 0.000851 0.003582 0.002207
14 18 0.000681 0.003582 0.002207
14 19 0.000340 0.003582 0.002207
14 20 0.000170 0.003582 0.002207
15 0 0.003914 0.003582 0.002207
15 1 0.003233 0.003582 0.002207
15 2 0.003914 0.003582 0.002207
15 3 0.004254 0.003582 0.002207
15 4 0.002893 0.003582 0.002207
15 5 0.004594 0.003582 0.002207
15 6 0.006976 0.003582 0.002207
15 7 0.005615 0.003582 0.002207
15 8 0.007147 0.003582 0.002207
15 9 0.005785 0.003582 0.002207
15 10 0.004424 0.003582 0.002207
15 11 0.003743 0.003582 0.002207
15 12 0.003403 0.003582 0.002207
15 13 0.003573 0.003582 0.002207
15 14 0.002552 0.003582 0.002207
15 15 0.000851 0.003582 0.002207
15 16 0.000851 0.003582 0.002207
15 17 0.000170 0.003582 0.002207
15 18 0.000170 0.003582 0.002207
15 19 0.000340 0.003582 0.002207
15 20 0.000681 0.003582 0.002207
16 0 0.006636 0.003582 0.002207
16 1 0.007147 0.003582 0.002207
16 2 0.004594 0.003582 0.002207
16 3 0.003403 0.003582 0.002207
16 4 0.004254 0.003582 0.002207
16 5 0.004594 0.003582 0.002207
16 6 0.005785 0.003582 0.002207
16 7 0.006296 0.003582 0.002207
16 8 0.004764 0.003582 0.002207
16 9 0.005275 0.003582 0.002207
16 10 0.003573 0.003582 0.002207
16 11 0.003063 0.003582 0.002207
16 12 0.001872 0.003582 0.002207
16 13 0.001531 0.003582 0.002207
16 14 0.000681 0.003582 0.002207
16 15 0.000170 0.003582 0.002207
16 16 0.000170 0.003582 0.002207
16 17 0.000000 0.003582 0.002207
16 18 0.000000 0.003582 0.002207
16 19 0.000000 0.003582 0.002207
16 20 0.000170 0.003582 0.002207
17 0 0.009869 0.003582 0.002207
17 1 0.007997 0.003582 0.002207
17 2 0.005445 0.003582 0.002207
17 3 0.005105 0.003582 0.002207
17 4 0.004254 0.003582 0.002207
17 5 0.005615 0.003582 0.002207
17 6 0.006126 0.003582 0.002207
17 7 0.005275 0.003582 0.002207
17 8 0.005275 0.003582 0.002207
17 9 0.004424 0.003582 0.002207
17 10 0.003403 0.003582 0.002207
17 11 0.002722 0.003582 0.002207
17 12 0.002552 0.003582 0.002207
17 13 0.000510 0.003582 0.002207
17 14 0.000681 0.003582 0.002207
17 15 0.000170 0.003582 0.002207
17 16 0.000170 0.003582 0.002207
17 17 0.000000 0.003582 0.002207
17 18 0.000000 0.003582 0.002207
17 19 0.000000 0.003582 0.002207
17 20 0.000000 0.003582 0.002207
18 0 0.012591 0.003582 0.002207
18 1 0.010209 0.003582 0.002207
18 2 0.007147 0.003582 0.002207
18 3 0.003743 0.003582 0.002207
18 4 0.003743 0.003582 0.002207
18 5 0.003743 0.003582 0.002207
18 6 0.006466 0.003582 0.002207
18 7 0.003743 0.003582 0.002207
18 8 0.003063 0.003582 0.002207
18 9 0.002552 0.003582 0.002207
18 10 0.002893 0.003582 0.002207
18 11 0.002722 0.003582 0.002207
18 12 0.001191 0.003582 0.002207
18 13 0.001191 0.003582 0.002207
18 14 0.001021 0.003582 0.002207
18 15 0.000340 0.003582 0.002207
18 16 0.000000 0.003582 0.002207
18 17 0.000000 0.003582 0.002207
18 18 0.000000 0.003582 0.002207
18 19 0.000000 0.003582 0.002207
18 20 0.000000 0.003582 0.002207
19 0 0.011230 0.003582 0.002207
19 1 0.008338 0.003582 0.002207
19 2 0.006296 0.003582 0.002207
19 3 0.003914 0.003582 0.002207
19 4 0.003914 0.003582 0.002207
19 5 0.003403 0.003582 0.002207
19 6 0.004934 0.003582 0.002207
19 7 0.004084 0.003582 0.002207
19 8 0.002893 0.003582 0.002207
19 9 0.002552 0.003582 0.002207
19 10 0.001702 0.003582 0.002207
19 11 0.001872 0.003582 0.002207
19 12 0.001361 0.003582 0.002207
19 13 0.001191 0.003582 0.002207
19 14 0.000681 0.003582 0.002207
19 15 0.000170 0.003582 0.002207
19 16 0.000170 0.003582 0.002207
19 17 0.000000 0.003582 0.002207
19 18 0.000000 0.003582 0.002207
19 19 0.000000 0.003582 0.002207
19 20 0.000170 0.003582 0.002207
20 0 0.007147 0.003582 0.002207
20 1 0.007487 0.003582 0.002207
20 2 0.006126 0.003582 0.002207
20 3 0.003914 0.003582 0.002207
20 4 0.004424 0.003582 0.002207
20 5 0.004594 0.003582 0.002207
20 6 0.005445 0.003582 0.002207
20 7 0.003743 0.003582 0.002207
20 8 0.002893 0.003582 0.002207
20 9 0.002552 0.003582 0.002207
20 10 0.002382 0.003582 0.002207
20 11 0.001531 0.003582 0.002207
20 12 0.001702 0.003582 0.002207
20 13 0.001021 0.003582 0.002207
20 14 0.000510 0.003582 0.002207
20 15 0.000170 0.003582 0.002207
20 16 0.000000 0.003582 0.002207
20 17 0.000000 0.003582 0.002207
20 18 0.000000 0.003582 0.002207
20 19 0.000000 0.003582 0.002207
20 20 0.000000 0.003582 0.002207
