# contact distance = 8.0 Angstroms
# F = 0.4 kJ/mol

# i j contact_probability mean_contact_probability stddev_contact_probability
0 0 0.000401 0.003581 0.001986
0 1 0.000267 0.003581 0.001986
0 2 0.000401 0.003581 0.001986
0 3 0.000668 0.003581 0.001986
0 4 0.001069 0.003581 0.001986
0 5 0.000668 0.003581 0.001986
0 6 0.002004 0.003581 0.001986
0 7 0.002138 0.003581 0.001986
0 8 0.002806 0.003581 0.001986
0 9 0.001871 0.003581 0.001986
0 10 0.001737 0.003581 0.001986
0 11 0.002138 0.003581 0.001986
0 12 0.001871 0.003581 0.001986
0 13 0.002672 0.003581 0.001986
0 14 0.002806 0.003581 0.001986
0 15 0.004009 0.003581 0.001986
0 16 0.005478 0.003581 0.001986
0 17 0.007483 0.003581 0.001986
0 18 0.005746 0.003581 0.001986
0 19 0.006815 0.003581 0.001986
0 20 0.007215 0.003581 0.001986
1 0 0.000267 0.003581 0.001986
1 1 0.000000 0.003581 0.001986
1 2 0.000134 0.003581 0.001986
1 3 0.000134 0.003581 0.001986
1 4 0.000668 0.003581 0.001986
1 5 0.000668 0.003581 0.001986
1 6 0.001470 0.003581 0.001986
1 7 0.001871 0.003581 0.001986
1 8 0.001737 0.003581 0.001986
1 9 0.001871 0.003581 0.001986
1 10 0.001336 0.003581 0.001986
1 11 0.001871 0.003581 0.001986
1 12 0.002138 0.003581 0.001986
1 13 0.002806 0.003581 0.001986
1 14 0.002539 0.003581 0.001986
1 15 0.003741 0.003581 0.001986
1 16 0.004944 0.003581 0.001986
1 17 0.007215 0.003581 0.001986
1 18 0.006280 0.003581 0.001986
1 19 0.007349 0.003581 0.001986
1 20 0.006948 0.003581 0.001986
2 0 0.000935 0.003581 0.001986
2 1 0.000134 0.003581 0.001986
2 2 0.000401 0.003581 0.001986
2 3 0.000802 0.003581 0.001986
2 4 0.001336 0.003581 0.001986
2 5 0.000668 0.003581 0.001986
2 6 0.002539 0.003581 0.001986
2 7 0.002138 0.003581 0.001986
2 8 0.001737 0.003581 0.001986
2 9 0.001470 0.003581 0.001986
2 10 0.001737 0.003581 0.001986
2 11 0.002940 0.003581 0.001986
2 12 0.002806 0.003581 0.001986
2 13 0.002672 0.003581 0.001986
2 14 0.003474 0.003581 0.001986
2 15 0.004009 0.003581 0.001986
2 16 0.005746 0.003581 0.001986
2 17 0.007483 0.003581 0.001986
2 18 0.005211 0.003581 0.001986
2 19 0.008017 0.003581 0.001986
2 20 0.006815 0.003581 0.001986
3 0 0.000802 0.003581 0.001986
3 1 0.000401 0.003581 0.001986
3 2 0.000802 0.003581 0.001986
3 3 0.001069 0.003581 0.001986
3 4 0.001871 0.003581 0.001986
3 5 0.002940 0.003581 0.001986
3 6 0.002806 0.003581 0.001986
3 7 0.002272 0.003581 0.001986
3 8 0.001871 0.003581 0.001986
3 9 0.002806 0.003581 0.001986
3 10 0.003474 0.003581 0.001986
3 11 0.004142 0.003581 0.001986
3 12 0.004677 0.003581 0.001986
3 13 0.003875 0.003581 0.001986
3 14 0.004409 0.003581 0.001986
3 15 0.005211 0.003581 0.001986
3 16 0.005612 0.003581 0.001986
3 17 0.005879 0.003581 0.001986
3 18 0.006280 0.003581 0.001986
3 19 0.005746 0.003581 0.001986
3 20 0.005077 0.003581 0.001986
4 0 0.001603 0.003581 0.001986
4 1 0.001203 0.003581 0.001986
4 2 0.001069 0.003581 0.001986
4 3 0.001871 0.003581 0.001986
4 4 0.002138 0.003581 0.001986
4 5 0.002272 0.003581 0.001986
4 6 0.002539 0.003581 0.001986
4 7 0.003875 0.003581 0.001986
4 8 0.004944 0.003581 0.001986
4 9 0.004276 0.003581 0.001986
4 10 0.004543 0.003581 0.001986
4 11 0.003875 0.003581 0.001986
4 12 0.004142 0.003581 0.001986
4 13 0.005879 0.003581 0.001986
4 14 0.004810 0.003581 0.001986
4 15 0.003741 0.003581 0.001986
4 16 0.003741 0.003581 0.001986
4 17 0.004009 0.003581 0.001986
4 18 0.005478 0.003581 0.001986
4 19 0.005345 0.003581 0.001986
4 20 0.004409 0.003581 0.001986
5 0 0.001603 0.003581 0.001986
5 1 0.001203 0.003581 0.001986
5 2 0.001470 0.003581 0.001986
5 3 0.001603 0.003581 0.001986
5 4 0.002672 0.003581 0.001986
5 5 0.002672 0.003581 0.001986
5 6 0.003073 0.003581 0.001986
5 7 0.004009 0.003581 0.001986
5 8 0.003875 0.003581 0.001986
5 9 0.004142 0.003581 0.001986
5 10 0.004944 0.003581 0.001986
5 11 0.004677 0.003581 0.001986
5 12 0.003474 0.003581 0.001986
5 13 0.004810 0.003581 0.001986
5 14 0.005612 0.003581 0.001986
5 15 0.004142 0.003581 0.001986
5 16 0.003741 0.003581 0.001986
5 17 0.004543 0.003581 0.001986
5 18 0.004944 0.003581 0.001986
5 19 0.004677 0.003581 0.001986
5 20 0.003474 0.003581 0.001986
6 0 0.002405 0.003581 0.001986
6 1 0.001737 0.003581 0.001986
6 2 0.001871 0.003581 0.001986
6 3 0.002004 0.003581 0.001986
6 4 0.002004 0.003581 0.001986
6 5 0.002672 0.003581 0.001986
6 6 0.003073 0.003581 0.001986
6 7 0.004543 0.003581 0.001986
6 8 0.004543 0.003581 0.001986
6 9 0.006146 0.003581 0.001986
6 10 0.006815 0.003581 0.001986
6 11 0.006815 0.003581 0.001986
6 12 0.005612 0.003581 0.001986
6 13 0.004677 0.003581 0.001986
6 14 0.005478 0.003581 0.001986
6 15 0.004009 0.003581 0.001986
6 16 0.002940 0.003581 0.001986
6 17 0.004009 0.003581 0.001986
6 18 0.003875 0.003581 0.001986
6 19 0.002940 0.003581 0.001986
6 20 0.003340 0.003581 0.001986
7 0 0.002539 0.003581 0.001986
7 1 0.002272 0.003581 0.001986
7 2 0.002806 0.003581 0.001986
7 3 0.003073 0.003581 0.001986
7 4 0.003207 0.003581 0.001986
7 5 0.004409 0.003581 0.001986
7 6 0.005345 0.003581 0.001986
7 7 0.003875 0.003581 0.001986
7 8 0.004944 0.003581 0.001986
7 9 0.004810 0.003581 0.001986
7 10 0.005345 0.003581 0.001986
7 11 0.006013 0.003581 0.001986
7 12 0.006013 0.003581 0.001986
7 13 0.005478 0.003581 0.001986
7 14 0.005077 0.003581 0.001986
7 15 0.004276 0.003581 0.001986
7 16 0.004810 0.003581 0.001986
7 17 0.004543 0.003581 0.001986
7 18 0.003474 0.003581 0.001986
7 19 0.001871 0.003581 0.001986
7 20 0.003073 0.003581 0.001986
8 0 0.002940 0.003581 0.001986
8 1 0.002405 0.003581 0.001986
8 2 0.003474 0.003581 0.001986
8 3 0.002940 0.003581 0.001986
8 4 0.003207 0.003581 0.001986
8 5 0.004142 0.003581 0.001986
8 6 0.006013 0.003581 0.001986
8 7 0.004543 0.003581 0.001986
8 8 0.004810 0.003581 0.001986
8 9 0.003875 0.003581 0.001986
8 10 0.004009 0.003581 0.001986
8 11 0.004944 0.003581 0.001986
8 12 0.004944 0.003581 0.001986
8 13 0.004677 0.003581 0.001986
8 14 0.005077 0.003581 0.001986
8 15 0.005077 0.003581 0.001986
8 16 0.003608 0.003581 0.001986
8 17 0.004142 0.003581 0.001986
8 18 0.004009 0.003581 0.001986
8 19 0.002272 0.003581 0.001986
8 20 0.002940 0.003581 0.001986
9 0 0.002272 0.003581 0.001986
9 1 0.002405 0.003581 0.001986
9 2 0.003340 0.003581 0.001986
9 3 0.004009 0.003581 0.001986
9 4 0.003741 0.003581 0.001986
9 5 0.004009 0.003581 0.001986
9 6 0.005478 0.003581 0.001986
9 7 0.005478 0.003581 0.001986
9 8 0.005211 0.003581 0.001986
9 9 0.005612 0.003581 0.001986
9 10 0.005612 0.003581 0.001986
9 11 0.006280 0.003581 0.001986
9 12 0.004810 0.003581 0.001986
9 13 0.004009 0.003581 0.001986
9 14 0.005345 0.003581 0.001986
9 15 0.004009 0.003581 0.001986
9 16 0.003608 0.003581 0.001986
9 17 0.002806 0.003581 0.001986
9 18 0.002004 0.003581 0.001986
9 19 0.001203 0.003581 0.001986
9 20 0.001737 0.003581 0.001986
10 0 0.001336 0.003581 0.001986
10 1 0.002138 0.003581 0.001986
10 2 0.002806 0.003581 0.001986
10 3 0.004276 0.003581 0.001986
10 4 0.003875 0.003581 0.001986
10 5 0.005077 0.003581 0.001986
10 6 0.005612 0.003581 0.001986
10 7 0.006280 0.003581 0.001986
10 8 0.004944 0.003581 0.001986
10 9 0.005345 0.003581 0.001986
10 10 0.007616 0.003581 0.001986
10 11 0.006414 0.003581 0.001986
10 12 0.006948 0.003581 0.001986
10 13 0.005612 0.003581 0.001986
10 14 0.004677 0.003581 0.001986
10 15 0.004543 0.003581 0.001986
10 16 0.005345 0.003581 0.001986
10 17 0.002940 0.003581 0.001986
10 18 0.001737 0.003581 0.001986
10 19 0.001069 0.003581 0.001986
10 20 0.001603 0.003581 0.001986
11 0 0.002138 0.003581 0.001986
11 1 0.001871 0.003581 0.001986
11 2 0.002806 0.003581 0.001986
11 3 0.004276 0.003581 0.001986
11 4 0.004409 0.003581 0.001986
11 5 0.004810 0.003581 0.001986
11 6 0.004944 0.003581 0.001986
11 7 0.006146 0.003581 0.001986
11 8 0.007616 0.003581 0.001986
11 9 0.005879 0.003581 0.001986
11 10 0.006815 0.003581 0.001986
11 11 0.006547 0.003581 0.001986
11 12 0.006547 0.003581 0.001986
11 13 0.006013 0.003581 0.001986
11 14 0.005478 0.003581 0.001986
11 15 0.005746 0.003581 0.001986
11 16 0.004276 0.003581 0.001986
11 17 0.002539 0.003581 0.001986
11 18 0.001871 0.003581 0.001986
11 19 0.001737 0.003581 0.001986
11 20 0.001603 0.003581 0.001986
12 0 0.002004 0.003581 0.001986
12 1 0.001871 0.003581 0.001986
12 2 0.003741 0.003581 0.001986
12 3 0.003207 0.003581 0.001986
12 4 0.004009 0.003581 0.001986
12 5 0.005879 0.003581 0.001986
12 6 0.004810 0.003581 0.001986
12 7 0.005211 0.003581 0.001986
12 8 0.008151 0.003581 0.001986
12 9 0.007082 0.003581 0.001986
12 10 0.007082 0.003581 0.001986
12 11 0.006013 0.003581 0.001986
12 12 0.006414 0.003581 0.001986
12 13 0.004810 0.003581 0.001986
12 14 0.005211 0.003581 0.001986
12 15 0.004944 0.003581 0.001986
12 16 0.003073 0.003581 0.001986
12 17 0.002940 0.003581 0.001986
12 18 0.001470 0.003581 0.001986
12 19 0.001737 0.003581 0.001986
12 20 0.002004 0.003581 0.001986
13 0 0.002272 0.003581 0.001986
13 1 0.002806 0.003581 0.001986
13 2 0.002806 0.003581 0.001986
13 3 0.004543 0.003581 0.001986
13 4 0.005746 0.003581 0.001986
13 5 0.005077 0.003581 0.001986
13 6 0.004009 0.003581 0.001986
13 7 0.006146 0.003581 0.001986
13 8 0.007349 0.003581 0.001986
13 9 0.006013 0.003581 0.001986
13 10 0.006414 0.003581 0.001986
13 11 0.007349 0.003581 0.001986
13 12 0.006146 0.003581 0.001986
13 13 0.004142 0.003581 0.001986
13 14 0.004142 0.003581 0.001986
13 15 0.003207 0.003581 0.001986
13 16 0.002672 0.003581 0.001986
13 17 0.001603 0.003581 0.001986
13 18 0.001871 0.003581 0.001986
13 19 0.001470 0.003581 0.001986
13 20 0.001737 0.003581 0.001986
14 0 0.003608 0.003581 0.001986
14 1 0.001737 0.003581 0.001986
14 2 0.003741 0.003581 0.001986
14 3 0.005077 0.003581 0.001986
14 4 0.004944 0.003581 0.001986
14 5 0.005345 0.003581 0.001986
14 6 0.005879 0.003581 0.001986
14 7 0.005879 0.003581 0.001986
14 8 0.005612 0.003581 0.001986
14 9 0.004677 0.003581 0.001986
14 10 0.004810 0.003581 0.001986
14 11 0.005478 0.003581 0.001986
14 12 0.004810 0.003581 0.001986
14 13 0.004009 0.003581 0.001986
14 14 0.004677 0.003581 0.001986
14 15 0.004009 0.003581 0.001986
14 16 0.002940 0.003581 0.001986
14 17 0.002004 0.003581 0.001986
14 18 0.001069 0.003581 0.001986
14 19 0.000802 0.003581 0.001986
14 20 0.001603 0.003581 0.001986
15 0 0.003474 0.003581 0.001986
15 1 0.002672 0.003581 0.001986
15 2 0.004543 0.003581 0.001986
15 3 0.005077 0.003581 0.001986
15 4 0.006280 0.003581 0.001986
15 5 0.006013 0.003581 0.001986
15 6 0.005077 0.003581 0.001986
15 7 0.006013 0.003581 0.001986
15 8 0.004409 0.003581 0.001986
15 9 0.004677 0.003581 0.001986
15 10 0.004276 0.003581 0.001986
15 11 0.003608 0.003581 0.001986
15 12 0.003207 0.003581 0.001986
15 13 0.002806 0.003581 0.001986
15 14 0.004409 0.003581 0.001986
15 15 0.004276 0.003581 0.001986
15 16 0.003073 0.003581 0.001986
15 17 0.001470 0.003581 0.001986
15 18 0.001470 0.003581 0.001986
15 19 0.000802 0.003581 0.001986
15 20 0.001737 0.003581 0.001986
16 0 0.004810 0.003581 0.001986
16 1 0.004142 0.003581 0.001986
16 2 0.005077 0.003581 0.001986
16 3 0.007082 0.003581 0.001986
16 4 0.006547 0.003581 0.001986
16 5 0.006013 0.003581 0.001986
16 6 0.005077 0.003581 0.001986
16 7 0.004944 0.003581 0.001986
16 8 0.003741 0.003581 0.001986
16 9 0.003608 0.003581 0.001986
16 10 0.003207 0.003581 0.001986
16 11 0.003073 0.003581 0.001986
16 12 0.002272 0.003581 0.001986
16 13 0.003608 0.003581 0.001986
16 14 0.003073 0.003581 0.001986
16 15 0.001871 0.003581 0.001986
16 16 0.001336 0.003581 0.001986
16 17 0.000935 0.003581 0.001986
16 18 0.000802 0.003581 0.001986
16 19 0.000534 0.003581 0.001986
16 20 0.001069 0.003581 0.001986
17 0 0.006681 0.003581 0.001986
17 1 0.006815 0.003581 0.001986
17 2 0.007483 0.003581 0.001986
17 3 0.006948 0.003581 0.001986
17 4 0.005612 0.003581 0.001986
17 5 0.004944 0.003581 0.001986
17 6 0.004276 0.003581 0.001986
17 7 0.003207 0.003581 0.001986
17 8 0.002940 0.003581 0.001986
17 9 0.003741 0.003581 0.001986
17 10 0.003207 0.003581 0.001986
17 11 0.003340 0.003581 0.001986
17 12 0.003207 0.003581 0.001986
17 13 0.003073 0.003581 0.001986
17 14 0.002672 0.003581 0.001986
17 15 0.001871 0.003581 0.001986
17 16 0.000534 0.003581 0.001986
17 17 0.000267 0.003581 0.001986
17 18 0.000134 0.003581 0.001986
17 19 0.000134 0.003581 0.001986
17 20 0.000534 0.003581 0.001986
18 0 0.008418 0.003581 0.001986
18 1 0.007082 0.003581 0.001986
18 2 0.007215 0.003581 0.001986
18 3 0.006547 0.003581 0.001986
18 4 0.004276 0.003581 0.001986
18 5 0.004142 0.003581 0.001986
18 6 0.003073 0.003581 0.001986
18 7 0.003073 0.003581 0.001986
18 8 0.002004 0.003581 0.001986
18 9 0.002539 0.003581 0.001986
18 10 0.002539 0.003581 0.001986
18 11 0.002272 0.003581 0.001986
18 12 0.002672 0.003581 0.001986
18 13 0.002138 0.003581 0.001986
18 14 0.002004 0.003581 0.001986
18 15 0.000935 0.003581 0.001986
18 16 0.000401 0.003581 0.001986
18 17 0.000401 0.003581 0.001986
18 18 0.000000 0.003581 0.001986
18 19 0.000134 0.003581 0.001986
18 20 0.000534 0.003581 0.001986
19 0 0.009220 0.003581 0.001986
19 1 0.008151 0.003581 0.001986
19 2 0.006547 0.003581 0.001986
19 3 0.006013 0.003581 0.001986
19 4 0.002672 0.003581 0.001986
19 5 0.002272 0.003581 0.001986
19 6 0.001737 0.003581 0.001986
19 7 0.002405 0.003581 0.001986
19 8 0.002004 0.003581 0.001986
19 9 0.002272 0.003581 0.001986
19 10 0.002539 0.003581 0.001986
19 11 0.002806 0.003581 0.001986
19 12 0.002405 0.003581 0.001986
19 13 0.001737 0.003581 0.001986
19 14 0.001603 0.003581 0.001986
19 15 0.000935 0.003581 0.001986
19 16 0.000401 0.003581 0.001986
19 17 0.000134 0.003581 0.001986
19 18 0.000134 0.003581 0.001986
19 19 0.000000 0.003581 0.001986
19 20 0.000134 0.003581 0.001986
20 0 0.007349 0.003581 0.001986
20 1 0.006815 0.003581 0.001986
20 2 0.006815 0.003581 0.001986
20 3 0.005478 0.003581 0.001986
20 4 0.003741 0.003581 0.001986
20 5 0.002004 0.003581 0.001986
20 6 0.002138 0.003581 0.001986
20 7 0.002138 0.003581 0.001986
20 8 0.002539 0.003581 0.001986
20 9 0.001871 0.003581 0.001986
20 10 0.001871 0.003581 0.001986
20 11 0.002405 0.003581 0.001986
20 12 0.001603 0.003581 0.001986
20 13 0.001470 0.003581 0.001986
20 14 0.001470 0.003581 0.001986
20 15 0.001069 0.003581 0.001986
20 16 0.000534 0.003581 0.001986
20 17 0.000534 0.003581 0.001986
20 18 0.000267 0.003581 0.001986
20 19 0.000267 0.003581 0.001986
20 20 0.000134 0.003581 0.001986
