# contact distance = 8.0 Angstroms
# F = 0.4 kJ/mol

# i j contact_probability mean_contact_probability stddev_contact_probability
0 0 0.001498 0.003517 0.002074
0 1 0.001089 0.003517 0.002074
0 2 0.000681 0.003517 0.002074
0 3 0.000681 0.003517 0.002074
0 4 0.001498 0.003517 0.002074
0 5 0.001907 0.003517 0.002074
0 6 0.002179 0.003517 0.002074
0 7 0.003132 0.003517 0.002074
0 8 0.002451 0.003517 0.002074
0 9 0.002451 0.003517 0.002074
0 10 0.003132 0.003517 0.002074
0 11 0.004358 0.003517 0.002074
0 12 0.004358 0.003517 0.002074
0 13 0.004222 0.003517 0.002074
0 14 0.004766 0.003517 0.002074
0 15 0.006537 0.003517 0.002074
0 16 0.008035 0.003517 0.002074
0 17 0.006809 0.003517 0.002074
0 18 0.006537 0.003517 0.002074
0 19 0.006401 0.003517 0.002074
0 20 0.005992 0.003517 0.002074
1 0 0.000681 0.003517 0.002074
1 1 0.000409 0.003517 0.002074
1 2 0.000409 0.003517 0.002074
1 3 0.000681 0.003517 0.002074
1 4 0.001362 0.003517 0.002074
1 5 0.001226 0.003517 0.002074
1 6 0.001089 0.003517 0.002074
1 7 0.002179 0.003517 0.002074
1 8 0.002587 0.003517 0.002074
1 9 0.002315 0.003517 0.002074
1 10 0.002043 0.003517 0.002074
1 11 0.003132 0.003517 0.002074
1 12 0.003541 0.003517 0.002074
1 13 0.003813 0.003517 0.002074
1 14 0.003949 0.003517 0.002074
1 15 0.004903 0.003517 0.002074
1 16 0.004903 0.003517 0.002074
1 17 0.005175 0.003517 0.002074
1 18 0.005175 0.003517 0.002074
1 19 0.004358 0.003517 0.002074
1 20 0.005992 0.003517 0.002074
2 0 0.000272 0.003517 0.002074
2 1 0.000681 0.003517 0.002074
2 2 0.000681 0.003517 0.002074
2 3 0.001089 0.003517 0.002074
2 4 0.001089 0.003517 0.002074
2 5 0.001362 0.003517 0.002074
2 6 0.001089 0.003517 0.002074
2 7 0.001089 0.003517 0.002074
2 8 0.002043 0.003517 0.002074
2 9 0.002043 0.003517 0.002074
2 10 0.002179 0.003517 0.002074
2 11 0.002724 0.003517 0.002074
2 12 0.003405 0.003517 0.002074
2 13 0.004222 0.003517 0.002074
2 14 0.004766 0.003517 0.002074
2 15 0.006401 0.003517 0.002074
2 16 0.005175 0.003517 0.002074
2 17 0.006809 0.003517 0.002074
2 18 0.006673 0.003517 0.002074
2 19 0.006673 0.003517 0.002074
2 20 0.008307 0.003517 0.002074
3 0 0.000681 0.003517 0.002074
3 1 0.000681 0.003517 0.002074
3 2 0.000817 0.003517 0.002074
3 3 0.001089 0.003517 0.002074
3 4 0.000953 0.003517 0.002074
3 5 0.001634 0.003517 0.002074
3 6 0.001634 0.003517 0.002074
3 7 0.002043 0.003517 0.002074
3 8 0.002179 0.003517 0.002074
3 9 0.002315 0.003517 0.002074
3 10 0.002724 0.003517 0.002074
3 11 0.002043 0.003517 0.002074
3 12 0.003541 0.003517 0.002074
3 13 0.003949 0.003517 0.002074
3 14 0.005720 0.003517 0.002074
3 15 0.007762 0.003517 0.002074
3 16 0.007082 0.003517 0.002074
3 17 0.007626 0.003517 0.002074
3 18 0.008035 0.003517 0.002074
3 19 0.007082 0.003517 0.002074
3 20 0.008580 0.003517 0.002074
4 0 0.001226 0.003517 0.002074
4 1 0.001089 0.003517 0.002074
4 2 0.001226 0.003517 0.002074
4 3 0.001226 0.003517 0.002074
4 4 0.001498 0.003517 0.002074
4 5 0.001634 0.003517 0.002074
4 6 0.001907 0.003517 0.002074
4 7 0.002315 0.003517 0.002074
4 8 0.002587 0.003517 0.002074
4 9 0.002724 0.003517 0.002074
4 10 0.003132 0.003517 0.002074
4 11 0.003813 0.003517 0.002074
4 12 0.003813 0.003517 0.002074
4 13 0.004766 0.003517 0.002074
4 14 0.005447 0.003517 0.002074
4 15 0.005992 0.003517 0.002074
4 16 0.005992 0.003517 0.002074
4 17 0.006128 0.003517 0.002074
4 18 0.007490 0.003517 0.002074
4 19 0.005447 0.003517 0.002074
4 20 0.005039 0.003517 0.002074
5 0 0.002587 0.003517 0.002074
5 1 0.001634 0.003517 0.002074
5 2 0.001226 0.003517 0.002074
5 3 0.000817 0.003517 0.002074
5 4 0.000953 0.003517 0.002074
5 5 0.001362 0.003517 0.002074
5 6 0.001362 0.003517 0.002074
5 7 0.001634 0.003517 0.002074
5 8 0.002179 0.003517 0.002074
5 9 0.002451 0.003517 0.002074
5 10 0.003268 0.003517 0.002074
5 11 0.002996 0.003517 0.002074
5 12 0.002860 0.003517 0.002074
5 13 0.003677 0.003517 0.002074
5 14 0.003813 0.003517 0.002074
5 15 0.004494 0.003517 0.002074
5 16 0.004903 0.003517 0.002074
5 17 0.005311 0.003517 0.002074
5 18 0.004766 0.003517 0.002074
5 19 0.005447 0.003517 0.002074
5 20 0.004630 0.003517 0.002074
6 0 0.001498 0.003517 0.002074
6 1 0.001498 0.003517 0.002074
6 2 0.001226 0.003517 0.002074
6 3 0.001226 0.003517 0.002074
6 4 0.001362 0.003517 0.002074
6 5 0.000545 0.003517 0.002074
6 6 0.001226 0.003517 0.002074
6 7 0.002315 0.003517 0.002074
6 8 0.001634 0.003517 0.002074
6 9 0.002996 0.003517 0.002074
6 10 0.003405 0.003517 0.002074
6 11 0.003677 0.003517 0.002074
6 12 0.002996 0.003517 0.002074
6 13 0.001907 0.003517 0.002074
6 14 0.001226 0.003517 0.002074
6 15 0.003405 0.003517 0.002074
6 16 0.005311 0.003517 0.002074
6 17 0.004766 0.003517 0.002074
6 18 0.004222 0.003517 0.002074
6 19 0.003268 0.003517 0.002074
6 20 0.003813 0.003517 0.002074
7 0 0.001770 0.003517 0.002074
7 1 0.001498 0.003517 0.002074
7 2 0.000817 0.003517 0.002074
7 3 0.001498 0.003517 0.002074
7 4 0.001498 0.003517 0.002074
7 5 0.002179 0.003517 0.002074
7 6 0.002996 0.003517 0.002074
7 7 0.002996 0.003517 0.002074
7 8 0.003268 0.003517 0.002074
7 9 0.004222 0.003517 0.002074
7 10 0.003132 0.003517 0.002074
7 11 0.004494 0.003517 0.002074
7 12 0.003813 0.003517 0.002074
7 13 0.005175 0.003517 0.002074
7 14 0.003541 0.003517 0.002074
7 15 0.003949 0.003517 0.002074
7 16 0.004903 0.003517 0.002074
7 17 0.004494 0.003517 0.002074
7 18 0.002724 0.003517 0.002074
7 19 0.002451 0.003517 0.002074
7 20 0.003541 0.003517 0.002074
8 0 0.002179 0.003517 0.002074
8 1 0.002315 0.003517 0.002074
8 2 0.001770 0.003517 0.002074
8 3 0.002179 0.003517 0.002074
8 4 0.001089 0.003517 0.002074
8 5 0.002451 0.003517 0.002074
8 6 0.002451 0.003517 0.002074
8 7 0.002043 0.003517 0.002074
8 8 0.001770 0.003517 0.002074
8 9 0.003949 0.003517 0.002074
8 10 0.004630 0.003517 0.002074
8 11 0.006401 0.003517 0.002074
8 12 0.006264 0.003517 0.002074
8 13 0.005584 0.003517 0.002074
8 14 0.004630 0.003517 0.002074
8 15 0.005720 0.003517 0.002074
8 16 0.005039 0.003517 0.002074
8 17 0.003949 0.003517 0.002074
8 18 0.003677 0.003517 0.002074
8 19 0.002179 0.003517 0.002074
8 20 0.003405 0.003517 0.002074
9 0 0.001907 0.003517 0.002074
9 1 0.002451 0.003517 0.002074
9 2 0.002724 0.003517 0.002074
9 3 0.003132 0.003517 0.002074
9 4 0.002587 0.003517 0.002074
9 5 0.002451 0.003517 0.002074
9 6 0.002724 0.003517 0.002074
9 7 0.002315 0.003517 0.002074
9 8 0.003268 0.003517 0.002074
9 9 0.004358 0.003517 0.002074
9 10 0.004494 0.003517 0.002074
9 11 0.005856 0.003517 0.002074
9 12 0.005311 0.003517 0.002074
9 13 0.004494 0.003517 0.002074
9 14 0.004630 0.003517 0.002074
9 15 0.004222 0.003517 0.002074
9 16 0.003949 0.003517 0.002074
9 17 0.005039 0.003517 0.002074
9 18 0.004086 0.003517 0.002074
9 19 0.002724 0.003517 0.002074
9 20 0.003268 0.003517 0.002074
10 0 0.002179 0.003517 0.002074
10 1 0.002451 0.003517 0.002074
10 2 0.002451 0.003517 0.002074
10 3 0.002315 0.003517 0.002074
10 4 0.002179 0.003517 0.002074
10 5 0.001907 0.003517 0.002074
10 6 0.003132 0.003517 0.002074
10 7 0.003677 0.003517 0.002074
10 8 0.004358 0.003517 0.002074
10 9 0.004222 0.003517 0.002074
10 10 0.003541 0.003517 0.002074
10 11 0.005175 0.003517 0.002074
10 12 0.005720 0.003517 0.002074
10 13 0.006809 0.003517 0.002074
10 14 0.005584 0.003517 0.002074
10 15 0.003677 0.003517 0.002074
10 16 0.004086 0.003517 0.002074
10 17 0.003132 0.003517 0.002074
10 18 0.003268 0.003517 0.002074
10 19 0.002860 0.003517 0.002074
10 20 0.002451 0.003517 0.002074
11 0 0.002315 0.003517 0.002074
11 1 0.002179 0.003517 0.002074
11 2 0.002043 0.003517 0.002074
11 3 0.002587 0.003517 0.002074
11 4 0.002724 0.003517 0.002074
11 5 0.003813 0.003517 0.002074
11 6 0.004222 0.003517 0.002074
11 7 0.004222 0.003517 0.002074
11 8 0.005175 0.003517 0.002074
11 9 0.004766 0.003517 0.002074
11 10 0.004358 0.003517 0.002074
11 11 0.006401 0.003517 0.002074
11 12 0.008580 0.003517 0.002074
11 13 0.008171 0.003517 0.002074
11 14 0.006673 0.003517 0.002074
11 15 0.005311 0.003517 0.002074
11 16 0.005039 0.003517 0.002074
11 17 0.003949 0.003517 0.002074
11 18 0.002860 0.003517 0.002074
11 19 0.002587 0.003517 0.002074
11 20 0.002451 0.003517 0.002074
12 0 0.002451 0.003517 0.002074
12 1 0.002451 0.003517 0.002074
12 2 0.002451 0.003517 0.002074
12 3 0.004630 0.003517 0.002074
12 4 0.004766 0.003517 0.002074
12 5 0.005447 0.003517 0.002074
12 6 0.005584 0.003517 0.002074
12 7 0.005992 0.003517 0.002074
12 8 0.005992 0.003517 0.002074
12 9 0.005175 0.003517 0.002074
12 10 0.004222 0.003517 0.002074
12 11 0.006809 0.003517 0.002074
12 12 0.007218 0.003517 0.002074
12 13 0.007082 0.003517 0.002074
12 14 0.007218 0.003517 0.002074
12 15 0.005856 0.003517 0.002074
12 16 0.005447 0.003517 0.002074
12 17 0.003268 0.003517 0.002074
12 18 0.001907 0.003517 0.002074
12 19 0.001226 0.003517 0.002074
12 20 0.001634 0.003517 0.002074
13 0 0.003541 0.003517 0.002074
13 1 0.002996 0.003517 0.002074
13 2 0.004086 0.003517 0.002074
13 3 0.005175 0.003517 0.002074
13 4 0.004903 0.003517 0.002074
13 5 0.004494 0.003517 0.002074
13 6 0.004358 0.003517 0.002074
13 7 0.005447 0.003517 0.002074
13 8 0.005584 0.003517 0.002074
13 9 0.004630 0.003517 0.002074
13 10 0.004086 0.003517 0.002074
13 11 0.005720 0.003517 0.002074
13 12 0.006264 0.003517 0.002074
13 13 0.005447 0.003517 0.002074
13 14 0.004630 0.003517 0.002074
13 15 0.003677 0.003517 0.002074
13 16 0.002724 0.003517 0.002074
13 17 0.001907 0.003517 0.002074
13 18 0.001498 0.003517 0.002074
13 19 0.001089 0.003517 0.002074
13 20 0.001634 0.003517 0.002074
14 0 0.005175 0.003517 0.002074
14 1 0.004630 0.003517 0.002074
14 2 0.004903 0.003517 0.002074
14 3 0.006264 0.003517 0.002074
14 4 0.006537 0.003517 0.002074
14 5 0.005447 0.003517 0.002074
14 6 0.003677 0.003517 0.002074
14 7 0.004630 0.003517 0.002074
14 8 0.004903 0.003517 0.002074
14 9 0.005175 0.003517 0.002074
14 10 0.005311 0.003517 0.002074
14 11 0.004358 0.003517 0.002074
14 12 0.005175 0.003517 0.002074
14 13 0.004086 0.003517 0.002074
14 14 0.003949 0.003517 0.002074
14 15 0.001907 0.003517 0.002074
14 16 0.001907 0.003517 0.002074
14 17 0.002315 0.003517 0.002074
14 18 0.001634 0.003517 0.002074
14 19 0.000545 0.003517 0.002074
14 20 0.000953 0.003517 0.002074
15 0 0.006128 0.003517 0.002074
15 1 0.004494 0.003517 0.002074
15 2 0.005039 0.003517 0.002074
15 3 0.007626 0.003517 0.002074
15 4 0.006945 0.003517 0.002074
15 5 0.005447 0.003517 0.002074
15 6 0.004630 0.003517 0.002074
15 7 0.004222 0.003517 0.002074
15 8 0.004494 0.003517 0.002074
15 9 0.005311 0.003517 0.002074
15 10 0.003949 0.003517 0.002074
15 11 0.003677 0.003517 0.002074
15 12 0.003132 0.003517 0.002074
15 13 0.003949 0.003517 0.002074
15 14 0.002587 0.003517 0.002074
15 15 0.001907 0.003517 0.002074
15 16 0.001498 0.003517 0.002074
15 17 0.000817 0.003517 0.002074
15 18 0.000545 0.003517 0.002074
15 19 0.000409 0.003517 0.002074
15 20 0.000817 0.003517 0.002074
16 0 0.006945 0.003517 0.002074
16 1 0.004766 0.003517 0.002074
16 2 0.005992 0.003517 0.002074
16 3 0.008307 0.003517 0.002074
16 4 0.006809 0.003517 0.002074
16 5 0.004222 0.003517 0.002074
16 6 0.005856 0.003517 0.002074
16 7 0.005039 0.003517 0.002074
16 8 0.005447 0.003517 0.002074
16 9 0.004222 0.003517 0.002074
16 10 0.003949 0.003517 0.002074
16 11 0.003268 0.003517 0.002074
16 12 0.002860 0.003517 0.002074
16 13 0.003405 0.003517 0.002074
16 14 0.002724 0.003517 0.002074
16 15 0.001362 0.003517 0.002074
16 16 0.000953 0.003517 0.002074
16 17 0.000545 0.003517 0.002074
16 18 0.000545 0.003517 0.002074
16 19 0.000681 0.003517 0.002074
16 20 0.000681 0.003517 0.002074
17 0 0.006945 0.003517 0.002074
17 1 0.005447 0.003517 0.002074
17 2 0.007490 0.003517 0.002074
17 3 0.008443 0.003517 0.002074
17 4 0.007218 0.003517 0.002074
17 5 0.004630 0.003517 0.002074
17 6 0.004766 0.003517 0.002074
17 7 0.004086 0.003517 0.002074
17 8 0.003813 0.003517 0.002074
17 9 0.003268 0.003517 0.002074
17 10 0.004086 0.003517 0.002074
17 11 0.003268 0.003517 0.002074
17 12 0.002451 0.003517 0.002074
17 13 0.002724 0.003517 0.002074
17 14 0.002315 0.003517 0.002074
17 15 0.001226 0.003517 0.002074
17 16 0.000272 0.003517 0.002074
17 17 0.000409 0.003517 0.002074
17 18 0.000409 0.003517 0.002074
17 19 0.000409 0.003517 0.002074
17 20 0.000272 0.003517 0.002074
18 0 0.007218 0.003517 0.002074
18 1 0.005039 0.003517 0.002074
18 2 0.008716 0.003517 0.002074
18 3 0.008580 0.003517 0.002074
18 4 0.005856 0.003517 0.002074
18 5 0.003949 0.003517 0.002074
18 6 0.003132 0.003517 0.002074
18 7 0.002587 0.003517 0.002074
18 8 0.002860 0.003517 0.002074
18 9 0.003268 0.003517 0.002074
18 10 0.002315 0.003517 0.002074
18 11 0.002996 0.003517 0.002074
18 12 0.002996 0.003517 0.002074
18 13 0.002179 0.003517 0.002074
18 14 0.001770 0.003517 0.002074
18 15 0.000409 0.003517 0.002074
18 16 0.000409 0.003517 0.002074
18 17 0.000272 0.003517 0.002074
18 18 0.000409 0.003517 0.002074
18 19 0.000272 0.003517 0.002074
18 20 0.000409 0.003517 0.002074
19 0 0.008171 0.003517 0.002074
19 1 0.006673 0.003517 0.002074
19 2 0.008443 0.003517 0.002074
19 3 0.007762 0.003517 0.002074
19 4 0.005856 0.003517 0.002074
19 5 0.004494 0.003517 0.002074
19 6 0.002043 0.003517 0.002074
19 7 0.002587 0.003517 0.002074
19 8 0.003268 0.003517 0.002074
19 9 0.003541 0.003517 0.002074
19 10 0.002996 0.003517 0.002074
19 11 0.002451 0.003517 0.002074
19 12 0.002179 0.003517 0.002074
19 13 0.002179 0.003517 0.002074
19 14 0.000817 0.003517 0.002074
19 15 0.000136 0.003517 0.002074
19 16 0.000545 0.003517 0.002074
19 17 0.000136 0.003517 0.002074
19 18 0.000136 0.003517 0.002074
19 19 0.000409 0.003517 0.002074
19 20 0.000545 0.003517 0.002074
20 0 0.007082 0.003517 0.002074
20 1 0.006401 0.003517 0.002074
20 2 0.008852 0.003517 0.002074
20 3 0.008988 0.003517 0.002074
20 4 0.004766 0.003517 0.002074
20 5 0.003541 0.003517 0.002074
20 6 0.003132 0.003517 0.002074
20 7 0.002996 0.003517 0.002074
20 8 0.004903 0.003517 0.002074
20 9 0.004494 0.003517 0.002074
20 10 0.003405 0.003517 0.002074
20 11 0.003132 0.003517 0.002074
20 12 0.002315 0.003517 0.002074
20 13 0.001770 0.003517 0.002074
20 14 0.001226 0.003517 0.002074
20 15 0.000953 0.003517 0.002074
20 16 0.000272 0.003517 0.002074
20 17 0.000409 0.003517 0.002074
20 18 0.000272 0.003517 0.002074
20 19 0.000272 0.003517 0.002074
20 20 0.000272 0.003517 0.002074
