# contact distance = 24.0 Angstroms
# F = 0.4 kJ/mol

# i j contact_probability mean_contact_probability stddev_contact_probability
0 0 0.115558 0.131499 0.010376
0 1 0.116939 0.131499 0.010376
0 2 0.118695 0.131499 0.010376
0 3 0.114680 0.131499 0.010376
0 4 0.112547 0.131499 0.010376
0 5 0.110289 0.131499 0.010376
0 6 0.109912 0.131499 0.010376
0 7 0.110665 0.131499 0.010376
0 8 0.112045 0.131499 0.010376
0 9 0.115433 0.131499 0.010376
0 10 0.120954 0.131499 0.010376
0 11 0.121330 0.131499 0.010376
0 12 0.125345 0.131499 0.010376
0 13 0.131493 0.131499 0.010376
0 14 0.136386 0.131499 0.010376
0 15 0.138896 0.131499 0.010376
0 16 0.139523 0.131499 0.010376
0 17 0.139147 0.131499 0.010376
0 18 0.138770 0.131499 0.010376
0 19 0.133752 0.131499 0.010376
0 20 0.129987 0.131499 0.010376
1 0 0.118444 0.131499 0.010376
1 1 0.120326 0.131499 0.010376
1 2 0.122585 0.131499 0.010376
1 3 0.120075 0.131499 0.010376
1 4 0.116939 0.131499 0.010376
1 5 0.112296 0.131499 0.010376
1 6 0.113425 0.131499 0.010376
1 7 0.115307 0.131499 0.010376
1 8 0.118319 0.131499 0.010376
1 9 0.119448 0.131499 0.010376
1 10 0.123839 0.131499 0.010376
1 11 0.125471 0.131499 0.010376
1 12 0.133501 0.131499 0.010376
1 13 0.136763 0.131499 0.010376
1 14 0.139272 0.131499 0.010376
1 15 0.142785 0.131499 0.010376
1 16 0.142284 0.131499 0.010376
1 17 0.142785 0.131499 0.010376
1 18 0.141154 0.131499 0.010376
1 19 0.139523 0.131499 0.010376
1 20 0.133877 0.131499 0.010376
2 0 0.118570 0.131499 0.010376
2 1 0.121455 0.131499 0.010376
2 2 0.120326 0.131499 0.010376
2 3 0.119824 0.131499 0.010376
2 4 0.118444 0.131499 0.010376
2 5 0.115935 0.131499 0.010376
2 6 0.117189 0.131499 0.010376
2 7 0.118319 0.131499 0.010376
2 8 0.119448 0.131499 0.010376
2 9 0.121957 0.131499 0.010376
2 10 0.128733 0.131499 0.010376
2 11 0.130991 0.131499 0.010376
2 12 0.134755 0.131499 0.010376
2 13 0.140903 0.131499 0.010376
2 14 0.141405 0.131499 0.010376
2 15 0.143162 0.131499 0.010376
2 16 0.143162 0.131499 0.010376
2 17 0.142284 0.131499 0.010376
2 18 0.143413 0.131499 0.010376
2 19 0.140527 0.131499 0.010376
2 20 0.136261 0.131499 0.010376
3 0 0.118570 0.131499 0.010376
3 1 0.121330 0.131499 0.010376
3 2 0.121455 0.131499 0.010376
3 3 0.119950 0.131499 0.010376
3 4 0.118068 0.131499 0.010376
3 5 0.115307 0.131499 0.010376
3 6 0.117064 0.131499 0.010376
3 7 0.119699 0.131499 0.010376
3 8 0.120452 0.131499 0.010376
3 9 0.125847 0.131499 0.010376
3 10 0.126725 0.131499 0.010376
3 11 0.131744 0.131499 0.010376
3 12 0.136637 0.131499 0.010376
3 13 0.140025 0.131499 0.010376
3 14 0.143538 0.131499 0.010376
3 15 0.142535 0.131499 0.010376
3 16 0.144668 0.131499 0.010376
3 17 0.143413 0.131499 0.010376
3 18 0.144291 0.131499 0.010376
3 19 0.138896 0.131499 0.010376
3 20 0.134630 0.131499 0.010376
4 0 0.115056 0.131499 0.010376
4 1 0.118319 0.131499 0.010376
4 2 0.119448 0.131499 0.010376
4 3 0.117817 0.131499 0.010376
4 4 0.118068 0.131499 0.010376
4 5 0.117942 0.131499 0.010376
4 6 0.119197 0.131499 0.010376
4 7 0.120828 0.131499 0.010376
4 8 0.124341 0.131499 0.010376
4 9 0.125847 0.131499 0.010376
4 10 0.130489 0.131499 0.010376
4 11 0.130113 0.131499 0.010376
4 12 0.137641 0.131499 0.010376
4 13 0.140527 0.131499 0.010376
4 14 0.142535 0.131499 0.010376
4 15 0.143413 0.131499 0.010376
4 16 0.142535 0.131499 0.010376
4 17 0.145546 0.131499 0.010376
4 18 0.143789 0.131499 0.010376
4 19 0.138770 0.131499 0.010376
4 20 0.134379 0.131499 0.010376
5 0 0.110289 0.131499 0.010376
5 1 0.115809 0.131499 0.010376
5 2 0.117942 0.131499 0.010376
5 3 0.120075 0.131499 0.010376
5 4 0.117566 0.131499 0.010376
5 5 0.119950 0.131499 0.010376
5 6 0.120954 0.131499 0.010376
5 7 0.120201 0.131499 0.010376
5 8 0.122459 0.131499 0.010376
5 9 0.129987 0.131499 0.010376
5 10 0.131619 0.131499 0.010376
5 11 0.134253 0.131499 0.010376
5 12 0.136888 0.131499 0.010376
5 13 0.140276 0.131499 0.010376
5 14 0.142911 0.131499 0.010376
5 15 0.142911 0.131499 0.010376
5 16 0.143664 0.131499 0.010376
5 17 0.143664 0.131499 0.010376
5 18 0.142409 0.131499 0.010376
5 19 0.139649 0.131499 0.010376
5 20 0.134755 0.131499 0.010376
6 0 0.112045 0.131499 0.010376
6 1 0.116437 0.131499 0.010376
6 2 0.120828 0.131499 0.010376
6 3 0.121706 0.131499 0.010376
6 4 0.120703 0.131499 0.010376
6 5 0.121330 0.131499 0.010376
6 6 0.123588 0.131499 0.010376
6 7 0.122961 0.131499 0.010376
6 8 0.126474 0.131499 0.010376
6 9 0.131117 0.131499 0.010376
6 10 0.132999 0.131499 0.010376
6 11 0.134128 0.131499 0.010376
6 12 0.137265 0.131499 0.010376
6 13 0.139774 0.131499 0.010376
6 14 0.142911 0.131499 0.010376
6 15 0.142911 0.131499 0.010376
6 16 0.143162 0.131499 0.010376
6 17 0.143287 0.131499 0.010376
6 18 0.143915 0.131499 0.010376
6 19 0.140778 0.131499 0.010376
6 20 0.134630 0.131499 0.010376
7 0 0.111167 0.131499 0.010376
7 1 0.118570 0.131499 0.010376
7 2 0.120954 0.131499 0.010376
7 3 0.123839 0.131499 0.010376
7 4 0.122710 0.131499 0.010376
7 5 0.124216 0.131499 0.010376
7 6 0.123714 0.131499 0.010376
7 7 0.124718 0.131499 0.010376
7 8 0.127353 0.131499 0.010376
7 9 0.131870 0.131499 0.010376
7 10 0.134253 0.131499 0.010376
7 11 0.135634 0.131499 0.010376
7 12 0.135508 0.131499 0.010376
7 13 0.137892 0.131499 0.010376
7 14 0.140276 0.131499 0.010376
7 15 0.142535 0.131499 0.010376
7 16 0.140778 0.131499 0.010376
7 17 0.143413 0.131499 0.010376
7 18 0.143789 0.131499 0.010376
7 19 0.139523 0.131499 0.010376
7 20 0.133501 0.131499 0.010376
8 0 0.112422 0.131499 0.010376
8 1 0.117942 0.131499 0.010376
8 2 0.120828 0.131499 0.010376
8 3 0.121957 0.131499 0.010376
8 4 0.122083 0.131499 0.010376
8 5 0.123839 0.131499 0.010376
8 6 0.123965 0.131499 0.010376
8 7 0.125972 0.131499 0.010376
8 8 0.130740 0.131499 0.010376
8 9 0.133501 0.131499 0.010376
8 10 0.133375 0.131499 0.010376
8 11 0.133626 0.131499 0.010376
8 12 0.133626 0.131499 0.010376
8 13 0.136512 0.131499 0.010376
8 14 0.137014 0.131499 0.010376
8 15 0.137767 0.131499 0.010376
8 16 0.138896 0.131499 0.010376
8 17 0.137390 0.131499 0.010376
8 18 0.139021 0.131499 0.010376
8 19 0.133752 0.131499 0.010376
8 20 0.128356 0.131499 0.010376
9 0 0.113049 0.131499 0.010376
9 1 0.118946 0.131499 0.010376
9 2 0.120326 0.131499 0.010376
9 3 0.124090 0.131499 0.010376
9 4 0.124969 0.131499 0.010376
9 5 0.125345 0.131499 0.010376
9 6 0.127604 0.131499 0.010376
9 7 0.128482 0.131499 0.010376
9 8 0.131117 0.131499 0.010376
9 9 0.131493 0.131499 0.010376
9 10 0.132748 0.131499 0.010376
9 11 0.133626 0.131499 0.010376
9 12 0.132748 0.131499 0.010376
9 13 0.137767 0.131499 0.010376
9 14 0.135508 0.131499 0.010376
9 15 0.136386 0.131499 0.010376
9 16 0.135759 0.131499 0.010376
9 17 0.135383 0.131499 0.010376
9 18 0.134379 0.131499 0.010376
9 19 0.127729 0.131499 0.010376
9 20 0.120954 0.131499 0.010376
10 0 0.116186 0.131499 0.010376
10 1 0.121455 0.131499 0.010376
10 2 0.124718 0.131499 0.010376
10 3 0.126851 0.131499 0.010376
10 4 0.127353 0.131499 0.010376
10 5 0.128482 0.131499 0.010376
10 6 0.131619 0.131499 0.010376
10 7 0.132246 0.131499 0.010376
10 8 0.134881 0.131499 0.010376
10 9 0.133877 0.131499 0.010376
10 10 0.133124 0.131499 0.010376
10 11 0.133375 0.131499 0.010376
10 12 0.135006 0.131499 0.010376
10 13 0.135759 0.131499 0.010376
10 14 0.133752 0.131499 0.010376
10 15 0.136136 0.131499 0.010376
10 16 0.137516 0.131499 0.010376
10 17 0.133501 0.131499 0.010376
10 18 0.134379 0.131499 0.010376
10 19 0.128984 0.131499 0.010376
10 20 0.121957 0.131499 0.010376
11 0 0.119573 0.131499 0.010376
11 1 0.126098 0.131499 0.010376
11 2 0.131744 0.131499 0.010376
11 3 0.131744 0.131499 0.010376
11 4 0.133752 0.131499 0.010376
11 5 0.132622 0.131499 0.010376
11 6 0.133501 0.131499 0.010376
11 7 0.135759 0.131499 0.010376
11 8 0.137014 0.131499 0.010376
11 9 0.134881 0.131499 0.010376
11 10 0.132120 0.131499 0.010376
11 11 0.134128 0.131499 0.010376
11 12 0.135885 0.131499 0.010376
11 13 0.136763 0.131499 0.010376
11 14 0.135634 0.131499 0.010376
11 15 0.136888 0.131499 0.010376
11 16 0.134755 0.131499 0.010376
11 17 0.132622 0.131499 0.010376
11 18 0.131870 0.131499 0.010376
11 19 0.126223 0.131499 0.010376
11 20 0.122836 0.131499 0.010376
12 0 0.128607 0.131499 0.010376
12 1 0.131744 0.131499 0.010376
12 2 0.137892 0.131499 0.010376
12 3 0.138394 0.131499 0.010376
12 4 0.138143 0.131499 0.010376
12 5 0.136512 0.131499 0.010376
12 6 0.136637 0.131499 0.010376
12 7 0.137516 0.131499 0.010376
12 8 0.138143 0.131499 0.010376
12 9 0.136888 0.131499 0.010376
12 10 0.136386 0.131499 0.010376
12 11 0.134881 0.131499 0.010376
12 12 0.135759 0.131499 0.010376
12 13 0.135885 0.131499 0.010376
12 14 0.136888 0.131499 0.010376
12 15 0.136010 0.131499 0.010376
12 16 0.135508 0.131499 0.010376
12 17 0.131242 0.131499 0.010376
12 18 0.131493 0.131499 0.010376
12 19 0.125220 0.131499 0.010376
12 20 0.122208 0.131499 0.010376
13 0 0.130238 0.131499 0.010376
13 1 0.136763 0.131499 0.010376
13 2 0.139649 0.131499 0.010376
13 3 0.143287 0.131499 0.010376
13 4 0.140276 0.131499 0.010376
13 5 0.140402 0.131499 0.010376
13 6 0.140652 0.131499 0.010376
13 7 0.139900 0.131499 0.010376
13 8 0.140276 0.131499 0.010376
13 9 0.138770 0.131499 0.010376
13 10 0.137014 0.131499 0.010376
13 11 0.136637 0.131499 0.010376
13 12 0.135759 0.131499 0.010376
13 13 0.135508 0.131499 0.010376
13 14 0.134379 0.131499 0.010376
13 15 0.136637 0.131499 0.010376
13 16 0.135383 0.131499 0.010376
13 17 0.131995 0.131499 0.010376
13 18 0.130615 0.131499 0.010376
13 19 0.126600 0.131499 0.010376
13 20 0.120577 0.131499 0.010376
14 0 0.135885 0.131499 0.010376
14 1 0.139398 0.131499 0.010376
14 2 0.143789 0.131499 0.010376
14 3 0.141029 0.131499 0.010376
14 4 0.142284 0.131499 0.010376
14 5 0.143036 0.131499 0.010376
14 6 0.140402 0.131499 0.010376
14 7 0.141154 0.131499 0.010376
14 8 0.141531 0.131499 0.010376
14 9 0.140527 0.131499 0.010376
14 10 0.139649 0.131499 0.010376
14 11 0.138770 0.131499 0.010376
14 12 0.133375 0.131499 0.010376
14 13 0.133501 0.131499 0.010376
14 14 0.132999 0.131499 0.010376
14 15 0.136261 0.131499 0.010376
14 16 0.133501 0.131499 0.010376
14 17 0.130489 0.131499 0.010376
14 18 0.130238 0.131499 0.010376
14 19 0.123965 0.131499 0.010376
14 20 0.118695 0.131499 0.010376
15 0 0.138519 0.131499 0.010376
15 1 0.142535 0.131499 0.010376
15 2 0.145671 0.131499 0.010376
15 3 0.144918 0.131499 0.010376
15 4 0.145546 0.131499 0.010376
15 5 0.145295 0.131499 0.010376
15 6 0.146801 0.131499 0.010376
15 7 0.142284 0.131499 0.010376
15 8 0.143036 0.131499 0.010376
15 9 0.141154 0.131499 0.010376
15 10 0.141405 0.131499 0.010376
15 11 0.138770 0.131499 0.010376
15 12 0.136763 0.131499 0.010376
15 13 0.135759 0.131499 0.010376
15 14 0.135006 0.131499 0.010376
15 15 0.137641 0.131499 0.010376
15 16 0.137014 0.131499 0.010376
15 17 0.132622 0.131499 0.010376
15 18 0.131493 0.131499 0.010376
15 19 0.124090 0.131499 0.010376
15 20 0.117691 0.131499 0.010376
16 0 0.139649 0.131499 0.010376
16 1 0.142911 0.131499 0.010376
16 2 0.145420 0.131499 0.010376
16 3 0.145797 0.131499 0.010376
16 4 0.149059 0.131499 0.010376
16 5 0.146926 0.131499 0.010376
16 6 0.149812 0.131499 0.010376
16 7 0.145044 0.131499 0.010376
16 8 0.145169 0.131499 0.010376
16 9 0.142785 0.131499 0.010376
16 10 0.140903 0.131499 0.010376
16 11 0.139649 0.131499 0.010376
16 12 0.139398 0.131499 0.010376
16 13 0.137139 0.131499 0.010376
16 14 0.134755 0.131499 0.010376
16 15 0.137139 0.131499 0.010376
16 16 0.137139 0.131499 0.010376
16 17 0.132999 0.131499 0.010376
16 18 0.129360 0.131499 0.010376
16 19 0.122334 0.131499 0.010376
16 20 0.115307 0.131499 0.010376
17 0 0.141531 0.131499 0.010376
17 1 0.145671 0.131499 0.010376
17 2 0.145797 0.131499 0.010376
17 3 0.148306 0.131499 0.010376
17 4 0.149435 0.131499 0.010376
17 5 0.146926 0.131499 0.010376
17 6 0.148934 0.131499 0.010376
17 7 0.145922 0.131499 0.010376
17 8 0.144918 0.131499 0.010376
17 9 0.143036 0.131499 0.010376
17 10 0.140276 0.131499 0.010376
17 11 0.139398 0.131499 0.010376
17 12 0.138394 0.131499 0.010376
17 13 0.136637 0.131499 0.010376
17 14 0.135383 0.131499 0.010376
17 15 0.135508 0.131499 0.010376
17 16 0.131619 0.131499 0.010376
17 17 0.128733 0.131499 0.010376
17 18 0.122334 0.131499 0.010376
17 19 0.116562 0.131499 0.010376
17 20 0.112923 0.131499 0.010376
18 0 0.140903 0.131499 0.010376
18 1 0.144040 0.131499 0.010376
18 2 0.145671 0.131499 0.010376
18 3 0.146675 0.131499 0.010376
18 4 0.148181 0.131499 0.010376
18 5 0.147679 0.131499 0.010376
18 6 0.146801 0.131499 0.010376
18 7 0.142785 0.131499 0.010376
18 8 0.141154 0.131499 0.010376
18 9 0.138394 0.131499 0.010376
18 10 0.135508 0.131499 0.010376
18 11 0.134504 0.131499 0.010376
18 12 0.135132 0.131499 0.010376
18 13 0.133375 0.131499 0.010376
18 14 0.130740 0.131499 0.010376
18 15 0.130113 0.131499 0.010376
18 16 0.126725 0.131499 0.010376
18 17 0.122208 0.131499 0.010376
18 18 0.117566 0.131499 0.010376
18 19 0.111167 0.131499 0.010376
18 20 0.104391 0.131499 0.010376
19 0 0.139523 0.131499 0.010376
19 1 0.141029 0.131499 0.010376
19 2 0.141656 0.131499 0.010376
19 3 0.143287 0.131499 0.010376
19 4 0.145044 0.131499 0.010376
19 5 0.143915 0.131499 0.010376
19 6 0.142785 0.131499 0.010376
19 7 0.139774 0.131499 0.010376
19 8 0.137767 0.131499 0.010376
19 9 0.131242 0.131499 0.010376
19 10 0.126725 0.131499 0.010376
19 11 0.126600 0.131499 0.010376
19 12 0.126223 0.131499 0.010376
19 13 0.124467 0.131499 0.010376
19 14 0.124090 0.131499 0.010376
19 15 0.123087 0.131499 0.010376
19 16 0.120201 0.131499 0.010376
19 17 0.115935 0.131499 0.010376
19 18 0.111041 0.131499 0.010376
19 19 0.103011 0.131499 0.010376
19 20 0.096361 0.131499 0.010376
20 0 0.134128 0.131499 0.010376
20 1 0.138394 0.131499 0.010376
20 2 0.138018 0.131499 0.010376
20 3 0.139649 0.131499 0.010376
20 4 0.139774 0.131499 0.010376
20 5 0.139774 0.131499 0.010376
20 6 0.137014 0.131499 0.010376
20 7 0.136261 0.131499 0.010376
20 8 0.132622 0.131499 0.010376
20 9 0.126725 0.131499 0.010376
20 10 0.124467 0.131499 0.010376
20 11 0.122585 0.131499 0.010376
20 12 0.120452 0.131499 0.010376
20 13 0.118695 0.131499 0.010376
20 14 0.115935 0.131499 0.010376
20 15 0.112171 0.131499 0.010376
20 16 0.112045 0.131499 0.010376
20 17 0.104893 0.131499 0.010376
20 18 0.102133 0.131499 0.010376
20 19 0.096361 0.131499 0.010376
20 20 0.091719 0.131499 0.010376
