# contact distance = 24.0 Angstroms
# F = 0.4 kJ/mol

# i j contact_probability mean_contact_probability stddev_contact_probability
0 0 0.117364 0.130755 0.012803
0 1 0.119881 0.130755 0.012803
0 2 0.121025 0.130755 0.012803
0 3 0.123313 0.130755 0.012803
0 4 0.120796 0.130755 0.012803
0 5 0.116792 0.130755 0.012803
0 6 0.111416 0.130755 0.012803
0 7 0.107756 0.130755 0.012803
0 8 0.106726 0.130755 0.012803
0 9 0.111187 0.130755 0.012803
0 10 0.114390 0.130755 0.012803
0 11 0.118280 0.130755 0.012803
0 12 0.124457 0.130755 0.012803
0 13 0.128232 0.130755 0.012803
0 14 0.134981 0.130755 0.012803
0 15 0.136010 0.130755 0.012803
0 16 0.138641 0.130755 0.012803
0 17 0.137497 0.130755 0.012803
0 18 0.138755 0.130755 0.012803
0 19 0.134981 0.130755 0.012803
0 20 0.130977 0.130755 0.012803
1 0 0.119538 0.130755 0.012803
1 1 0.126401 0.130755 0.012803
1 2 0.127888 0.130755 0.012803
1 3 0.127888 0.130755 0.012803
1 4 0.127774 0.130755 0.012803
1 5 0.124113 0.130755 0.012803
1 6 0.119309 0.130755 0.012803
1 7 0.116335 0.130755 0.012803
1 8 0.116106 0.130755 0.012803
1 9 0.120224 0.130755 0.012803
1 10 0.122626 0.130755 0.012803
1 11 0.128460 0.130755 0.012803
1 12 0.131206 0.130755 0.012803
1 13 0.135324 0.130755 0.012803
1 14 0.137840 0.130755 0.012803
1 15 0.140586 0.130755 0.012803
1 16 0.142873 0.130755 0.012803
1 17 0.142759 0.130755 0.012803
1 18 0.142645 0.130755 0.012803
1 19 0.138412 0.130755 0.012803
1 20 0.134294 0.130755 0.012803
2 0 0.121139 0.130755 0.012803
2 1 0.128460 0.130755 0.012803
2 2 0.130634 0.130755 0.012803
2 3 0.132006 0.130755 0.012803
2 4 0.132578 0.130755 0.012803
2 5 0.128460 0.130755 0.012803
2 6 0.126859 0.130755 0.012803
2 7 0.123542 0.130755 0.012803
2 8 0.122970 0.130755 0.012803
2 9 0.126516 0.130755 0.012803
2 10 0.130748 0.130755 0.012803
2 11 0.133036 0.130755 0.012803
2 12 0.138527 0.130755 0.012803
2 13 0.141615 0.130755 0.012803
2 14 0.144475 0.130755 0.012803
2 15 0.143560 0.130755 0.012803
2 16 0.145276 0.130755 0.012803
2 17 0.145390 0.130755 0.012803
2 18 0.145047 0.130755 0.012803
2 19 0.142187 0.130755 0.012803
2 20 0.136582 0.130755 0.012803
3 0 0.123313 0.130755 0.012803
3 1 0.130291 0.130755 0.012803
3 2 0.132693 0.130755 0.012803
3 3 0.136811 0.130755 0.012803
3 4 0.134637 0.130755 0.012803
3 5 0.131778 0.130755 0.012803
3 6 0.126630 0.130755 0.012803
3 7 0.128346 0.130755 0.012803
3 8 0.127316 0.130755 0.012803
3 9 0.132235 0.130755 0.012803
3 10 0.134752 0.130755 0.012803
3 11 0.137497 0.130755 0.012803
3 12 0.141844 0.130755 0.012803
3 13 0.145733 0.130755 0.012803
3 14 0.145962 0.130755 0.012803
3 15 0.147335 0.130755 0.012803
3 16 0.146534 0.130755 0.012803
3 17 0.148707 0.130755 0.012803
3 18 0.147792 0.130755 0.012803
3 19 0.143217 0.130755 0.012803
3 20 0.138183 0.130755 0.012803
4 0 0.124342 0.130755 0.012803
4 1 0.129375 0.130755 0.012803
4 2 0.133265 0.130755 0.012803
4 3 0.136353 0.130755 0.012803
4 4 0.134294 0.130755 0.012803
4 5 0.132578 0.130755 0.012803
4 6 0.129032 0.130755 0.012803
4 7 0.132235 0.130755 0.012803
4 8 0.129261 0.130755 0.012803
4 9 0.134065 0.130755 0.012803
4 10 0.136468 0.130755 0.012803
4 11 0.138984 0.130755 0.012803
4 12 0.143560 0.130755 0.012803
4 13 0.145619 0.130755 0.012803
4 14 0.146534 0.130755 0.012803
4 15 0.148250 0.130755 0.012803
4 16 0.148479 0.130755 0.012803
4 17 0.148250 0.130755 0.012803
4 18 0.148135 0.130755 0.012803
4 19 0.143789 0.130755 0.012803
4 20 0.137726 0.130755 0.012803
5 0 0.121597 0.130755 0.012803
5 1 0.126287 0.130755 0.012803
5 2 0.130863 0.130755 0.012803
5 3 0.132464 0.130755 0.012803
5 4 0.132006 0.130755 0.012803
5 5 0.131778 0.130755 0.012803
5 6 0.130405 0.130755 0.012803
5 7 0.129147 0.130755 0.012803
5 8 0.129490 0.130755 0.012803
5 9 0.132807 0.130755 0.012803
5 10 0.136925 0.130755 0.012803
5 11 0.138641 0.130755 0.012803
5 12 0.144246 0.130755 0.012803
5 13 0.144475 0.130755 0.012803
5 14 0.147792 0.130755 0.012803
5 15 0.147220 0.130755 0.012803
5 16 0.148021 0.130755 0.012803
5 17 0.148135 0.130755 0.012803
5 18 0.145848 0.130755 0.012803
5 19 0.141730 0.130755 0.012803
5 20 0.138412 0.130755 0.012803
6 0 0.118051 0.130755 0.012803
6 1 0.122855 0.130755 0.012803
6 2 0.125944 0.130755 0.012803
6 3 0.130405 0.130755 0.012803
6 4 0.131206 0.130755 0.012803
6 5 0.131206 0.130755 0.012803
6 6 0.130062 0.130755 0.012803
6 7 0.130291 0.130755 0.012803
6 8 0.128346 0.130755 0.012803
6 9 0.131663 0.130755 0.012803
6 10 0.135438 0.130755 0.012803
6 11 0.135324 0.130755 0.012803
6 12 0.139442 0.130755 0.012803
6 13 0.140586 0.130755 0.012803
6 14 0.142530 0.130755 0.012803
6 15 0.144818 0.130755 0.012803
6 16 0.145848 0.130755 0.012803
6 17 0.144933 0.130755 0.012803
6 18 0.144818 0.130755 0.012803
6 19 0.141386 0.130755 0.012803
6 20 0.134523 0.130755 0.012803
7 0 0.116221 0.130755 0.012803
7 1 0.123084 0.130755 0.012803
7 2 0.128689 0.130755 0.012803
7 3 0.132693 0.130755 0.012803
7 4 0.133150 0.130755 0.012803
7 5 0.131663 0.130755 0.012803
7 6 0.130291 0.130755 0.012803
7 7 0.130634 0.130755 0.012803
7 8 0.127431 0.130755 0.012803
7 9 0.129833 0.130755 0.012803
7 10 0.131091 0.130755 0.012803
7 11 0.134752 0.130755 0.012803
7 12 0.135667 0.130755 0.012803
7 13 0.138870 0.130755 0.012803
7 14 0.138755 0.130755 0.012803
7 15 0.143102 0.130755 0.012803
7 16 0.142873 0.130755 0.012803
7 17 0.142873 0.130755 0.012803
7 18 0.141272 0.130755 0.012803
7 19 0.137612 0.130755 0.012803
7 20 0.131320 0.130755 0.012803
8 0 0.114047 0.130755 0.012803
8 1 0.121826 0.130755 0.012803
8 2 0.127202 0.130755 0.012803
8 3 0.131320 0.130755 0.012803
8 4 0.131320 0.130755 0.012803
8 5 0.132006 0.130755 0.012803
8 6 0.131778 0.130755 0.012803
8 7 0.130062 0.130755 0.012803
8 8 0.128689 0.130755 0.012803
8 9 0.129833 0.130755 0.012803
8 10 0.131892 0.130755 0.012803
8 11 0.131434 0.130755 0.012803
8 12 0.134294 0.130755 0.012803
8 13 0.133379 0.130755 0.012803
8 14 0.135896 0.130755 0.012803
8 15 0.136353 0.130755 0.012803
8 16 0.137612 0.130755 0.012803
8 17 0.138183 0.130755 0.012803
8 18 0.135896 0.130755 0.012803
8 19 0.132235 0.130755 0.012803
8 20 0.124800 0.130755 0.012803
9 0 0.119309 0.130755 0.012803
9 1 0.124571 0.130755 0.012803
9 2 0.128689 0.130755 0.012803
9 3 0.131663 0.130755 0.012803
9 4 0.134752 0.130755 0.012803
9 5 0.134752 0.130755 0.012803
9 6 0.134065 0.130755 0.012803
9 7 0.131892 0.130755 0.012803
9 8 0.128575 0.130755 0.012803
9 9 0.129375 0.130755 0.012803
9 10 0.132350 0.130755 0.012803
9 11 0.130519 0.130755 0.012803
9 12 0.131663 0.130755 0.012803
9 13 0.131434 0.130755 0.012803
9 14 0.132464 0.130755 0.012803
9 15 0.135095 0.130755 0.012803
9 16 0.134981 0.130755 0.012803
9 17 0.137383 0.130755 0.012803
9 18 0.134752 0.130755 0.012803
9 19 0.128803 0.130755 0.012803
9 20 0.120567 0.130755 0.012803
10 0 0.121254 0.130755 0.012803
10 1 0.129147 0.130755 0.012803
10 2 0.131091 0.130755 0.012803
10 3 0.135667 0.130755 0.012803
10 4 0.136925 0.130755 0.012803
10 5 0.138527 0.130755 0.012803
10 6 0.135667 0.130755 0.012803
10 7 0.134981 0.130755 0.012803
10 8 0.130176 0.130755 0.012803
10 9 0.131434 0.130755 0.012803
10 10 0.130634 0.130755 0.012803
10 11 0.129947 0.130755 0.012803
10 12 0.128918 0.130755 0.012803
10 13 0.130291 0.130755 0.012803
10 14 0.131892 0.130755 0.012803
10 15 0.129147 0.130755 0.012803
10 16 0.132121 0.130755 0.012803
10 17 0.129261 0.130755 0.012803
10 18 0.126744 0.130755 0.012803
10 19 0.122970 0.130755 0.012803
10 20 0.113590 0.130755 0.012803
11 0 0.129375 0.130755 0.012803
11 1 0.133493 0.130755 0.012803
11 2 0.135209 0.130755 0.012803
11 3 0.139785 0.130755 0.012803
11 4 0.141615 0.130755 0.012803
11 5 0.138527 0.130755 0.012803
11 6 0.135324 0.130755 0.012803
11 7 0.131549 0.130755 0.012803
11 8 0.131206 0.130755 0.012803
11 9 0.129947 0.130755 0.012803
11 10 0.129147 0.130755 0.012803
11 11 0.129147 0.130755 0.012803
11 12 0.128803 0.130755 0.012803
11 13 0.129032 0.130755 0.012803
11 14 0.129375 0.130755 0.012803
11 15 0.129147 0.130755 0.012803
11 16 0.128689 0.130755 0.012803
11 17 0.128003 0.130755 0.012803
11 18 0.122283 0.130755 0.012803
11 19 0.116792 0.130755 0.012803
11 20 0.110043 0.130755 0.012803
12 0 0.132121 0.130755 0.012803
12 1 0.135553 0.130755 0.012803
12 2 0.141844 0.130755 0.012803
12 3 0.142302 0.130755 0.012803
12 4 0.143560 0.130755 0.012803
12 5 0.141844 0.130755 0.012803
12 6 0.135324 0.130755 0.012803
12 7 0.133265 0.130755 0.012803
12 8 0.132121 0.130755 0.012803
12 9 0.131892 0.130755 0.012803
12 10 0.131091 0.130755 0.012803
12 11 0.129375 0.130755 0.012803
12 12 0.128003 0.130755 0.012803
12 13 0.127202 0.130755 0.012803
12 14 0.129719 0.130755 0.012803
12 15 0.128918 0.130755 0.012803
12 16 0.129261 0.130755 0.012803
12 17 0.128575 0.130755 0.012803
12 18 0.121254 0.130755 0.012803
12 19 0.115763 0.130755 0.012803
12 20 0.107870 0.130755 0.012803
13 0 0.138183 0.130755 0.012803
13 1 0.142416 0.130755 0.012803
13 2 0.145161 0.130755 0.012803
13 3 0.146076 0.130755 0.012803
13 4 0.145047 0.130755 0.012803
13 5 0.146076 0.130755 0.012803
13 6 0.140929 0.130755 0.012803
13 7 0.136468 0.130755 0.012803
13 8 0.134294 0.130755 0.012803
13 9 0.134752 0.130755 0.012803
13 10 0.132006 0.130755 0.012803
13 11 0.129947 0.130755 0.012803
13 12 0.128232 0.130755 0.012803
13 13 0.126973 0.130755 0.012803
13 14 0.129375 0.130755 0.012803
13 15 0.127545 0.130755 0.012803
13 16 0.126287 0.130755 0.012803
13 17 0.126401 0.130755 0.012803
13 18 0.120911 0.130755 0.012803
13 19 0.113018 0.130755 0.012803
13 20 0.105239 0.130755 0.012803
14 0 0.143102 0.130755 0.012803
14 1 0.146534 0.130755 0.012803
14 2 0.150080 0.130755 0.012803
14 3 0.149737 0.130755 0.012803
14 4 0.148936 0.130755 0.012803
14 5 0.148021 0.130755 0.012803
14 6 0.144017 0.130755 0.012803
14 7 0.140586 0.130755 0.012803
14 8 0.136124 0.130755 0.012803
14 9 0.135553 0.130755 0.012803
14 10 0.132578 0.130755 0.012803
14 11 0.130977 0.130755 0.012803
14 12 0.129490 0.130755 0.012803
14 13 0.128117 0.130755 0.012803
14 14 0.127660 0.130755 0.012803
14 15 0.126287 0.130755 0.012803
14 16 0.124914 0.130755 0.012803
14 17 0.124457 0.130755 0.012803
14 18 0.118623 0.130755 0.012803
14 19 0.111531 0.130755 0.012803
14 20 0.103638 0.130755 0.012803
15 0 0.145161 0.130755 0.012803
15 1 0.147563 0.130755 0.012803
15 2 0.148936 0.130755 0.012803
15 3 0.150194 0.130755 0.012803
15 4 0.150995 0.130755 0.012803
15 5 0.148479 0.130755 0.012803
15 6 0.146076 0.130755 0.012803
15 7 0.143445 0.130755 0.012803
15 8 0.138527 0.130755 0.012803
15 9 0.137840 0.130755 0.012803
15 10 0.135781 0.130755 0.012803
15 11 0.131892 0.130755 0.012803
15 12 0.132235 0.130755 0.012803
15 13 0.128803 0.130755 0.012803
15 14 0.126859 0.130755 0.012803
15 15 0.126058 0.130755 0.012803
15 16 0.121940 0.130755 0.012803
15 17 0.119195 0.130755 0.012803
15 18 0.114619 0.130755 0.012803
15 19 0.109929 0.130755 0.012803
15 20 0.099520 0.130755 0.012803
16 0 0.143331 0.130755 0.012803
16 1 0.147449 0.130755 0.012803
16 2 0.150652 0.130755 0.012803
16 3 0.150423 0.130755 0.012803
16 4 0.150538 0.130755 0.012803
16 5 0.146877 0.130755 0.012803
16 6 0.147220 0.130755 0.012803
16 7 0.143331 0.130755 0.012803
16 8 0.138641 0.130755 0.012803
16 9 0.137268 0.130755 0.012803
16 10 0.136010 0.130755 0.012803
16 11 0.132121 0.130755 0.012803
16 12 0.132006 0.130755 0.012803
16 13 0.127545 0.130755 0.012803
16 14 0.125372 0.130755 0.012803
16 15 0.124228 0.130755 0.012803
16 16 0.120796 0.130755 0.012803
16 17 0.116564 0.130755 0.012803
16 18 0.111874 0.130755 0.012803
16 19 0.102951 0.130755 0.012803
16 20 0.095058 0.130755 0.012803
17 0 0.142873 0.130755 0.012803
17 1 0.147792 0.130755 0.012803
17 2 0.149051 0.130755 0.012803
17 3 0.151338 0.130755 0.012803
17 4 0.148479 0.130755 0.012803
17 5 0.145619 0.130755 0.012803
17 6 0.146305 0.130755 0.012803
17 7 0.144589 0.130755 0.012803
17 8 0.140357 0.130755 0.012803
17 9 0.136925 0.130755 0.012803
17 10 0.131663 0.130755 0.012803
17 11 0.130405 0.130755 0.012803
17 12 0.127316 0.130755 0.012803
17 13 0.124914 0.130755 0.012803
17 14 0.121025 0.130755 0.012803
17 15 0.119080 0.130755 0.012803
17 16 0.116678 0.130755 0.012803
17 17 0.110730 0.130755 0.012803
17 18 0.103409 0.130755 0.012803
17 19 0.096317 0.130755 0.012803
17 20 0.091627 0.130755 0.012803
18 0 0.139899 0.130755 0.012803
18 1 0.145619 0.130755 0.012803
18 2 0.147220 0.130755 0.012803
18 3 0.147449 0.130755 0.012803
18 4 0.146648 0.130755 0.012803
18 5 0.147106 0.130755 0.012803
18 6 0.144361 0.130755 0.012803
18 7 0.140128 0.130755 0.012803
18 8 0.136010 0.130755 0.012803
18 9 0.134752 0.130755 0.012803
18 10 0.129261 0.130755 0.012803
18 11 0.125486 0.130755 0.012803
18 12 0.124113 0.130755 0.012803
18 13 0.118737 0.130755 0.012803
18 14 0.119309 0.130755 0.012803
18 15 0.115992 0.130755 0.012803
18 16 0.110844 0.130755 0.012803
18 17 0.104896 0.130755 0.012803
18 18 0.099634 0.130755 0.012803
18 19 0.094944 0.130755 0.012803
18 20 0.086937 0.130755 0.012803
19 0 0.138412 0.130755 0.012803
19 1 0.142073 0.130755 0.012803
19 2 0.142645 0.130755 0.012803
19 3 0.144017 0.130755 0.012803
19 4 0.143560 0.130755 0.012803
19 5 0.142530 0.130755 0.012803
19 6 0.141958 0.130755 0.012803
19 7 0.137497 0.130755 0.012803
19 8 0.130863 0.130755 0.012803
19 9 0.128575 0.130755 0.012803
19 10 0.124914 0.130755 0.012803
19 11 0.121025 0.130755 0.012803
19 12 0.116221 0.130755 0.012803
19 13 0.113590 0.130755 0.012803
19 14 0.113590 0.130755 0.012803
19 15 0.109357 0.130755 0.012803
19 16 0.102951 0.130755 0.012803
19 17 0.100778 0.130755 0.012803
19 18 0.094830 0.130755 0.012803
19 19 0.088767 0.130755 0.012803
19 20 0.081217 0.130755 0.012803
20 0 0.133951 0.130755 0.012803
20 1 0.136696 0.130755 0.012803
20 2 0.138298 0.130755 0.012803
20 3 0.140243 0.130755 0.012803
20 4 0.138870 0.130755 0.012803
20 5 0.139556 0.130755 0.012803
20 6 0.137955 0.130755 0.012803
20 7 0.131892 0.130755 0.012803
20 8 0.124457 0.130755 0.012803
20 9 0.120453 0.130755 0.012803
20 10 0.116335 0.130755 0.012803
20 11 0.112217 0.130755 0.012803
20 12 0.108785 0.130755 0.012803
20 13 0.104324 0.130755 0.012803
20 14 0.103294 0.130755 0.012803
20 15 0.098147 0.130755 0.012803
20 16 0.097918 0.130755 0.012803
20 17 0.092313 0.130755 0.012803
20 18 0.088081 0.130755 0.012803
20 19 0.084992 0.130755 0.012803
20 20 0.079044 0.130755 0.012803
