# contact distance = 24.0 Angstroms
# F = 0.4 kJ/mol

# i j contact_probability mean_contact_probability stddev_contact_probability
0 0 0.103642 0.104189 0.011561
0 1 0.104704 0.104189 0.011561
0 2 0.103338 0.104189 0.011561
0 3 0.103187 0.104189 0.011561
0 4 0.099393 0.104189 0.011561
0 5 0.097876 0.104189 0.011561
0 6 0.097724 0.104189 0.011561
0 7 0.097876 0.104189 0.011561
0 8 0.100152 0.104189 0.011561
0 9 0.099697 0.104189 0.011561
0 10 0.101214 0.104189 0.011561
0 11 0.102580 0.104189 0.011561
0 12 0.106677 0.104189 0.011561
0 13 0.108194 0.104189 0.011561
0 14 0.107284 0.104189 0.011561
0 15 0.106525 0.104189 0.011561
0 16 0.108953 0.104189 0.011561
0 17 0.105311 0.104189 0.011561
0 18 0.104097 0.104189 0.011561
0 19 0.103187 0.104189 0.011561
0 20 0.099241 0.104189 0.011561
1 0 0.105159 0.104189 0.011561
1 1 0.105918 0.104189 0.011561
1 2 0.106980 0.104189 0.011561
1 3 0.105008 0.104189 0.011561
1 4 0.104401 0.104189 0.011561
1 5 0.103490 0.104189 0.011561
1 6 0.101973 0.104189 0.011561
1 7 0.101669 0.104189 0.011561
1 8 0.102428 0.104189 0.011561
1 9 0.103035 0.104189 0.011561
1 10 0.105918 0.104189 0.011561
1 11 0.107891 0.104189 0.011561
1 12 0.110167 0.104189 0.011561
1 13 0.111229 0.104189 0.011561
1 14 0.111229 0.104189 0.011561
1 15 0.112443 0.104189 0.011561
1 16 0.110319 0.104189 0.011561
1 17 0.110167 0.104189 0.011561
1 18 0.108801 0.104189 0.011561
1 19 0.104704 0.104189 0.011561
1 20 0.101821 0.104189 0.011561
2 0 0.102731 0.104189 0.011561
2 1 0.105463 0.104189 0.011561
2 2 0.107284 0.104189 0.011561
2 3 0.106525 0.104189 0.011561
2 4 0.105008 0.104189 0.011561
2 5 0.104552 0.104189 0.011561
2 6 0.103945 0.104189 0.011561
2 7 0.105008 0.104189 0.011561
2 8 0.106677 0.104189 0.011561
2 9 0.106070 0.104189 0.011561
2 10 0.109560 0.104189 0.011561
2 11 0.110319 0.104189 0.011561
2 12 0.113657 0.104189 0.011561
2 13 0.113809 0.104189 0.011561
2 14 0.113354 0.104189 0.011561
2 15 0.113354 0.104189 0.011561
2 16 0.113505 0.104189 0.011561
2 17 0.112291 0.104189 0.011561
2 18 0.109256 0.104189 0.011561
2 19 0.106070 0.104189 0.011561
2 20 0.101517 0.104189 0.011561
3 0 0.099090 0.104189 0.011561
3 1 0.101821 0.104189 0.011561
3 2 0.104552 0.104189 0.011561
3 3 0.105463 0.104189 0.011561
3 4 0.101669 0.104189 0.011561
3 5 0.103035 0.104189 0.011561
3 6 0.105766 0.104189 0.011561
3 7 0.106677 0.104189 0.011561
3 8 0.107436 0.104189 0.011561
3 9 0.110926 0.104189 0.011561
3 10 0.109863 0.104189 0.011561
3 11 0.112140 0.104189 0.011561
3 12 0.114871 0.104189 0.011561
3 13 0.115478 0.104189 0.011561
3 14 0.113961 0.104189 0.011561
3 15 0.114719 0.104189 0.011561
3 16 0.113961 0.104189 0.011561
3 17 0.114416 0.104189 0.011561
3 18 0.111077 0.104189 0.011561
3 19 0.106222 0.104189 0.011561
3 20 0.102731 0.104189 0.011561
4 0 0.097572 0.104189 0.011561
4 1 0.099241 0.104189 0.011561
4 2 0.101669 0.104189 0.011561
4 3 0.102883 0.104189 0.011561
4 4 0.103338 0.104189 0.011561
4 5 0.101821 0.104189 0.011561
4 6 0.104249 0.104189 0.011561
4 7 0.104552 0.104189 0.011561
4 8 0.105918 0.104189 0.011561
4 9 0.108953 0.104189 0.011561
4 10 0.110774 0.104189 0.011561
4 11 0.112140 0.104189 0.011561
4 12 0.113354 0.104189 0.011561
4 13 0.115781 0.104189 0.011561
4 14 0.114568 0.104189 0.011561
4 15 0.112747 0.104189 0.011561
4 16 0.115478 0.104189 0.011561
4 17 0.116844 0.104189 0.011561
4 18 0.113202 0.104189 0.011561
4 19 0.107436 0.104189 0.011561
4 20 0.100910 0.104189 0.011561
5 0 0.097876 0.104189 0.011561
5 1 0.098786 0.104189 0.011561
5 2 0.103642 0.104189 0.011561
5 3 0.104401 0.104189 0.011561
5 4 0.106070 0.104189 0.011561
5 5 0.106525 0.104189 0.011561
5 6 0.105159 0.104189 0.011561
5 7 0.106677 0.104189 0.011561
5 8 0.108649 0.104189 0.011561
5 9 0.110167 0.104189 0.011561
5 10 0.111684 0.104189 0.011561
5 11 0.110470 0.104189 0.011561
5 12 0.114719 0.104189 0.011561
5 13 0.115933 0.104189 0.011561
5 14 0.113505 0.104189 0.011561
5 15 0.114568 0.104189 0.011561
5 16 0.115781 0.104189 0.011561
5 17 0.118513 0.104189 0.011561
5 18 0.114416 0.104189 0.011561
5 19 0.107891 0.104189 0.011561
5 20 0.102124 0.104189 0.011561
6 0 0.097572 0.104189 0.011561
6 1 0.099697 0.104189 0.011561
6 2 0.103794 0.104189 0.011561
6 3 0.104249 0.104189 0.011561
6 4 0.105159 0.104189 0.011561
6 5 0.109408 0.104189 0.011561
6 6 0.109105 0.104189 0.011561
6 7 0.109256 0.104189 0.011561
6 8 0.111077 0.104189 0.011561
6 9 0.111988 0.104189 0.011561
6 10 0.112140 0.104189 0.011561
6 11 0.113505 0.104189 0.011561
6 12 0.114264 0.104189 0.011561
6 13 0.115478 0.104189 0.011561
6 14 0.113657 0.104189 0.011561
6 15 0.114719 0.104189 0.011561
6 16 0.115023 0.104189 0.011561
6 17 0.113354 0.104189 0.011561
6 18 0.111533 0.104189 0.011561
6 19 0.104552 0.104189 0.011561
6 20 0.099545 0.104189 0.011561
7 0 0.098483 0.104189 0.011561
7 1 0.101973 0.104189 0.011561
7 2 0.104249 0.104189 0.011561
7 3 0.105311 0.104189 0.011561
7 4 0.106829 0.104189 0.011561
7 5 0.107284 0.104189 0.011561
7 6 0.110319 0.104189 0.011561
7 7 0.111836 0.104189 0.011561
7 8 0.113202 0.104189 0.011561
7 9 0.113202 0.104189 0.011561
7 10 0.114719 0.104189 0.011561
7 11 0.115630 0.104189 0.011561
7 12 0.116844 0.104189 0.011561
7 13 0.114871 0.104189 0.011561
7 14 0.113505 0.104189 0.011561
7 15 0.114871 0.104189 0.011561
7 16 0.112898 0.104189 0.011561
7 17 0.112898 0.104189 0.011561
7 18 0.109256 0.104189 0.011561
7 19 0.104097 0.104189 0.011561
7 20 0.098179 0.104189 0.011561
8 0 0.098027 0.104189 0.011561
8 1 0.099545 0.104189 0.011561
8 2 0.101821 0.104189 0.011561
8 3 0.108194 0.104189 0.011561
8 4 0.108649 0.104189 0.011561
8 5 0.107284 0.104189 0.011561
8 6 0.110319 0.104189 0.011561
8 7 0.111229 0.104189 0.011561
8 8 0.112140 0.104189 0.011561
8 9 0.114264 0.104189 0.011561
8 10 0.116692 0.104189 0.011561
8 11 0.115933 0.104189 0.011561
8 12 0.113657 0.104189 0.011561
8 13 0.111988 0.104189 0.011561
8 14 0.112443 0.104189 0.011561
8 15 0.113657 0.104189 0.011561
8 16 0.110774 0.104189 0.011561
8 17 0.109256 0.104189 0.011561
8 18 0.106373 0.104189 0.011561
8 19 0.100455 0.104189 0.011561
8 20 0.093475 0.104189 0.011561
9 0 0.100303 0.104189 0.011561
9 1 0.101366 0.104189 0.011561
9 2 0.103035 0.104189 0.011561
9 3 0.108498 0.104189 0.011561
9 4 0.108042 0.104189 0.011561
9 5 0.109256 0.104189 0.011561
9 6 0.108498 0.104189 0.011561
9 7 0.111077 0.104189 0.011561
9 8 0.111533 0.104189 0.011561
9 9 0.111229 0.104189 0.011561
9 10 0.114112 0.104189 0.011561
9 11 0.112747 0.104189 0.011561
9 12 0.112747 0.104189 0.011561
9 13 0.109863 0.104189 0.011561
9 14 0.108801 0.104189 0.011561
9 15 0.107284 0.104189 0.011561
9 16 0.105615 0.104189 0.011561
9 17 0.103794 0.104189 0.011561
9 18 0.103035 0.104189 0.011561
9 19 0.098331 0.104189 0.011561
9 20 0.091047 0.104189 0.011561
10 0 0.104401 0.104189 0.011561
10 1 0.106980 0.104189 0.011561
10 2 0.109408 0.104189 0.011561
10 3 0.109408 0.104189 0.011561
10 4 0.108649 0.104189 0.011561
10 5 0.110774 0.104189 0.011561
10 6 0.110470 0.104189 0.011561
10 7 0.111381 0.104189 0.011561
10 8 0.112443 0.104189 0.011561
10 9 0.112291 0.104189 0.011561
10 10 0.112443 0.104189 0.011561
10 11 0.114264 0.104189 0.011561
10 12 0.112140 0.104189 0.011561
10 13 0.110167 0.104189 0.011561
10 14 0.106525 0.104189 0.011561
10 15 0.106677 0.104189 0.011561
10 16 0.105311 0.104189 0.011561
10 17 0.102580 0.104189 0.011561
10 18 0.102276 0.104189 0.011561
10 19 0.097269 0.104189 0.011561
10 20 0.090288 0.104189 0.011561
11 0 0.108649 0.104189 0.011561
11 1 0.109863 0.104189 0.011561
11 2 0.111077 0.104189 0.011561
11 3 0.110470 0.104189 0.011561
11 4 0.110470 0.104189 0.011561
11 5 0.113354 0.104189 0.011561
11 6 0.113657 0.104189 0.011561
11 7 0.112595 0.104189 0.011561
11 8 0.115326 0.104189 0.011561
11 9 0.112595 0.104189 0.011561
11 10 0.113657 0.104189 0.011561
11 11 0.114112 0.104189 0.011561
11 12 0.113050 0.104189 0.011561
11 13 0.110167 0.104189 0.011561
11 14 0.107587 0.104189 0.011561
11 15 0.107284 0.104189 0.011561
11 16 0.101821 0.104189 0.011561
11 17 0.100303 0.104189 0.011561
11 18 0.098786 0.104189 0.011561
11 19 0.094992 0.104189 0.011561
11 20 0.090440 0.104189 0.011561
12 0 0.109560 0.104189 0.011561
12 1 0.111077 0.104189 0.011561
12 2 0.115023 0.104189 0.011561
12 3 0.116844 0.104189 0.011561
12 4 0.115023 0.104189 0.011561
12 5 0.114568 0.104189 0.011561
12 6 0.113202 0.104189 0.011561
12 7 0.113961 0.104189 0.011561
12 8 0.113961 0.104189 0.011561
12 9 0.111381 0.104189 0.011561
12 10 0.113505 0.104189 0.011561
12 11 0.113809 0.104189 0.011561
12 12 0.112291 0.104189 0.011561
12 13 0.111533 0.104189 0.011561
12 14 0.108649 0.104189 0.011561
12 15 0.104704 0.104189 0.011561
12 16 0.098786 0.104189 0.011561
12 17 0.094537 0.104189 0.011561
12 18 0.094234 0.104189 0.011561
12 19 0.090440 0.104189 0.011561
12 20 0.085432 0.104189 0.011561
13 0 0.109863 0.104189 0.011561
13 1 0.111381 0.104189 0.011561
13 2 0.118513 0.104189 0.011561
13 3 0.120941 0.104189 0.011561
13 4 0.116085 0.104189 0.011561
13 5 0.116085 0.104189 0.011561
13 6 0.113961 0.104189 0.011561
13 7 0.113809 0.104189 0.011561
13 8 0.111988 0.104189 0.011561
13 9 0.113657 0.104189 0.011561
13 10 0.111684 0.104189 0.011561
13 11 0.112291 0.104189 0.011561
13 12 0.110774 0.104189 0.011561
13 13 0.108194 0.104189 0.011561
13 14 0.106222 0.104189 0.011561
13 15 0.101973 0.104189 0.011561
13 16 0.097117 0.104189 0.011561
13 17 0.095296 0.104189 0.011561
13 18 0.092413 0.104189 0.011561
13 19 0.089074 0.104189 0.011561
13 20 0.082549 0.104189 0.011561
14 0 0.110167 0.104189 0.011561
14 1 0.110622 0.104189 0.011561
14 2 0.115630 0.104189 0.011561
14 3 0.118513 0.104189 0.011561
14 4 0.117299 0.104189 0.011561
14 5 0.117602 0.104189 0.011561
14 6 0.115478 0.104189 0.011561
14 7 0.112595 0.104189 0.011561
14 8 0.111533 0.104189 0.011561
14 9 0.110926 0.104189 0.011561
14 10 0.110015 0.104189 0.011561
14 11 0.108498 0.104189 0.011561
14 12 0.107739 0.104189 0.011561
14 13 0.105463 0.104189 0.011561
14 14 0.101366 0.104189 0.011561
14 15 0.098634 0.104189 0.011561
14 16 0.095448 0.104189 0.011561
14 17 0.091958 0.104189 0.011561
14 18 0.089226 0.104189 0.011561
14 19 0.086343 0.104189 0.011561
14 20 0.082094 0.104189 0.011561
15 0 0.112595 0.104189 0.011561
15 1 0.113657 0.104189 0.011561
15 2 0.116540 0.104189 0.011561
15 3 0.116085 0.104189 0.011561
15 4 0.116692 0.104189 0.011561
15 5 0.116692 0.104189 0.011561
15 6 0.114568 0.104189 0.011561
15 7 0.112898 0.104189 0.011561
15 8 0.112595 0.104189 0.011561
15 9 0.108498 0.104189 0.011561
15 10 0.107587 0.104189 0.011561
15 11 0.105918 0.104189 0.011561
15 12 0.103338 0.104189 0.011561
15 13 0.103035 0.104189 0.011561
15 14 0.097269 0.104189 0.011561
15 15 0.094234 0.104189 0.011561
15 16 0.091199 0.104189 0.011561
15 17 0.085584 0.104189 0.011561
15 18 0.084522 0.104189 0.011561
15 19 0.084219 0.104189 0.011561
15 20 0.078756 0.104189 0.011561
16 0 0.114112 0.104189 0.011561
16 1 0.117906 0.104189 0.011561
16 2 0.116388 0.104189 0.011561
16 3 0.116085 0.104189 0.011561
16 4 0.117602 0.104189 0.011561
16 5 0.116540 0.104189 0.011561
16 6 0.114719 0.104189 0.011561
16 7 0.112747 0.104189 0.011561
16 8 0.112291 0.104189 0.011561
16 9 0.108042 0.104189 0.011561
16 10 0.107587 0.104189 0.011561
16 11 0.102883 0.104189 0.011561
16 12 0.099090 0.104189 0.011561
16 13 0.096813 0.104189 0.011561
16 14 0.091958 0.104189 0.011561
16 15 0.090592 0.104189 0.011561
16 16 0.085888 0.104189 0.011561
16 17 0.080425 0.104189 0.011561
16 18 0.079666 0.104189 0.011561
16 19 0.076783 0.104189 0.011561
16 20 0.075721 0.104189 0.011561
17 0 0.113505 0.104189 0.011561
17 1 0.114871 0.104189 0.011561
17 2 0.114871 0.104189 0.011561
17 3 0.114568 0.104189 0.011561
17 4 0.116540 0.104189 0.011561
17 5 0.112898 0.104189 0.011561
17 6 0.111988 0.104189 0.011561
17 7 0.110774 0.104189 0.011561
17 8 0.108194 0.104189 0.011561
17 9 0.105159 0.104189 0.011561
17 10 0.102276 0.104189 0.011561
17 11 0.102276 0.104189 0.011561
17 12 0.098027 0.104189 0.011561
17 13 0.093930 0.104189 0.011561
17 14 0.090592 0.104189 0.011561
17 15 0.085281 0.104189 0.011561
17 16 0.080273 0.104189 0.011561
17 17 0.076328 0.104189 0.011561
17 18 0.076480 0.104189 0.011561
17 19 0.072231 0.104189 0.011561
17 20 0.069651 0.104189 0.011561
18 0 0.109408 0.104189 0.011561
18 1 0.111684 0.104189 0.011561
18 2 0.113809 0.104189 0.011561
18 3 0.112747 0.104189 0.011561
18 4 0.109408 0.104189 0.011561
18 5 0.109408 0.104189 0.011561
18 6 0.108953 0.104189 0.011561
18 7 0.106677 0.104189 0.011561
18 8 0.105766 0.104189 0.011561
18 9 0.099848 0.104189 0.011561
18 10 0.098786 0.104189 0.011561
18 11 0.094537 0.104189 0.011561
18 12 0.091958 0.104189 0.011561
18 13 0.086191 0.104189 0.011561
18 14 0.084977 0.104189 0.011561
18 15 0.082853 0.104189 0.011561
18 16 0.077238 0.104189 0.011561
18 17 0.074052 0.104189 0.011561
18 18 0.072534 0.104189 0.011561
18 19 0.070713 0.104189 0.011561
18 20 0.065554 0.104189 0.011561
19 0 0.107587 0.104189 0.011561
19 1 0.110015 0.104189 0.011561
19 2 0.109105 0.104189 0.011561
19 3 0.110774 0.104189 0.011561
19 4 0.109105 0.104189 0.011561
19 5 0.105463 0.104189 0.011561
19 6 0.105311 0.104189 0.011561
19 7 0.104097 0.104189 0.011561
19 8 0.099697 0.104189 0.011561
19 9 0.096055 0.104189 0.011561
19 10 0.094385 0.104189 0.011561
19 11 0.089681 0.104189 0.011561
19 12 0.085432 0.104189 0.011561
19 13 0.081184 0.104189 0.011561
19 14 0.080577 0.104189 0.011561
19 15 0.076480 0.104189 0.011561
19 16 0.072838 0.104189 0.011561
19 17 0.070713 0.104189 0.011561
19 18 0.068437 0.104189 0.011561
19 19 0.067223 0.104189 0.011561
19 20 0.063581 0.104189 0.011561
20 0 0.103490 0.104189 0.011561
20 1 0.103490 0.104189 0.011561
20 2 0.105159 0.104189 0.011561
20 3 0.106070 0.104189 0.011561
20 4 0.104249 0.104189 0.011561
20 5 0.101366 0.104189 0.011561
20 6 0.103338 0.104189 0.011561
20 7 0.097420 0.104189 0.011561
20 8 0.093171 0.104189 0.011561
20 9 0.089681 0.104189 0.011561
20 10 0.086950 0.104189 0.011561
20 11 0.084825 0.104189 0.011561
20 12 0.080577 0.104189 0.011561
20 13 0.077542 0.104189 0.011561
20 14 0.074203 0.104189 0.011561
20 15 0.072838 0.104189 0.011561
20 16 0.070865 0.104189 0.011561
20 17 0.067375 0.104189 0.011561
20 18 0.066161 0.104189 0.011561
20 19 0.064795 0.104189 0.011561
20 20 0.059636 0.104189 0.011561
