# contact distance = 24.0 Angstroms
# F = 0.4 kJ/mol

# i j contact_probability mean_contact_probability stddev_contact_probability
0 0 0.083490 0.119039 0.016317
0 1 0.085885 0.119039 0.016317
0 2 0.084346 0.119039 0.016317
0 3 0.085714 0.119039 0.016317
0 4 0.083148 0.119039 0.016317
0 5 0.081779 0.119039 0.016317
0 6 0.083832 0.119039 0.016317
0 7 0.084175 0.119039 0.016317
0 8 0.090334 0.119039 0.016317
0 9 0.092044 0.119039 0.016317
0 10 0.091873 0.119039 0.016317
0 11 0.097861 0.119039 0.016317
0 12 0.106416 0.119039 0.016317
0 13 0.111206 0.119039 0.016317
0 14 0.116510 0.119039 0.016317
0 15 0.116852 0.119039 0.016317
0 16 0.119418 0.119039 0.016317
0 17 0.122669 0.119039 0.016317
0 18 0.119932 0.119039 0.016317
0 19 0.119760 0.119039 0.016317
0 20 0.114628 0.119039 0.016317
1 0 0.085714 0.119039 0.016317
1 1 0.084688 0.119039 0.016317
1 2 0.083490 0.119039 0.016317
1 3 0.083319 0.119039 0.016317
1 4 0.084175 0.119039 0.016317
1 5 0.083319 0.119039 0.016317
1 6 0.089991 0.119039 0.016317
1 7 0.092558 0.119039 0.016317
1 8 0.096664 0.119039 0.016317
1 9 0.097006 0.119039 0.016317
1 10 0.097690 0.119039 0.016317
1 11 0.101625 0.119039 0.016317
1 12 0.107956 0.119039 0.016317
1 13 0.112233 0.119039 0.016317
1 14 0.119589 0.119039 0.016317
1 15 0.122327 0.119039 0.016317
1 16 0.122669 0.119039 0.016317
1 17 0.125064 0.119039 0.016317
1 18 0.124551 0.119039 0.016317
1 19 0.123695 0.119039 0.016317
1 20 0.119247 0.119039 0.016317
2 0 0.084003 0.119039 0.016317
2 1 0.087254 0.119039 0.016317
2 2 0.084517 0.119039 0.016317
2 3 0.082806 0.119039 0.016317
2 4 0.083661 0.119039 0.016317
2 5 0.085201 0.119039 0.016317
2 6 0.089136 0.119039 0.016317
2 7 0.094098 0.119039 0.016317
2 8 0.098546 0.119039 0.016317
2 9 0.101454 0.119039 0.016317
2 10 0.103849 0.119039 0.016317
2 11 0.108469 0.119039 0.016317
2 12 0.115483 0.119039 0.016317
2 13 0.119418 0.119039 0.016317
2 14 0.126433 0.119039 0.016317
2 15 0.128144 0.119039 0.016317
2 16 0.125406 0.119039 0.016317
2 17 0.128486 0.119039 0.016317
2 18 0.129341 0.119039 0.016317
2 19 0.127117 0.119039 0.016317
2 20 0.126433 0.119039 0.016317
3 0 0.084688 0.119039 0.016317
3 1 0.088109 0.119039 0.016317
3 2 0.086056 0.119039 0.016317
3 3 0.087083 0.119039 0.016317
3 4 0.086399 0.119039 0.016317
3 5 0.088794 0.119039 0.016317
3 6 0.089649 0.119039 0.016317
3 7 0.095295 0.119039 0.016317
3 8 0.100599 0.119039 0.016317
3 9 0.105731 0.119039 0.016317
3 10 0.110009 0.119039 0.016317
3 11 0.113944 0.119039 0.016317
3 12 0.117707 0.119039 0.016317
3 13 0.123867 0.119039 0.016317
3 14 0.130881 0.119039 0.016317
3 15 0.133790 0.119039 0.016317
3 16 0.129512 0.119039 0.016317
3 17 0.133790 0.119039 0.016317
3 18 0.133447 0.119039 0.016317
3 19 0.130710 0.119039 0.016317
3 20 0.126433 0.119039 0.016317
4 0 0.083832 0.119039 0.016317
4 1 0.085885 0.119039 0.016317
4 2 0.085885 0.119039 0.016317
4 3 0.089307 0.119039 0.016317
4 4 0.092216 0.119039 0.016317
4 5 0.091531 0.119039 0.016317
4 6 0.095637 0.119039 0.016317
4 7 0.098546 0.119039 0.016317
4 8 0.104534 0.119039 0.016317
4 9 0.110522 0.119039 0.016317
4 10 0.110522 0.119039 0.016317
4 11 0.115483 0.119039 0.016317
4 12 0.121985 0.119039 0.016317
4 13 0.126091 0.119039 0.016317
4 14 0.130026 0.119039 0.016317
4 15 0.134474 0.119039 0.016317
4 16 0.133961 0.119039 0.016317
4 17 0.134816 0.119039 0.016317
4 18 0.133618 0.119039 0.016317
4 19 0.131223 0.119039 0.016317
4 20 0.129512 0.119039 0.016317
5 0 0.082121 0.119039 0.016317
5 1 0.083832 0.119039 0.016317
5 2 0.088965 0.119039 0.016317
5 3 0.090676 0.119039 0.016317
5 4 0.093584 0.119039 0.016317
5 5 0.092900 0.119039 0.016317
5 6 0.096322 0.119039 0.016317
5 7 0.100257 0.119039 0.016317
5 8 0.105047 0.119039 0.016317
5 9 0.110180 0.119039 0.016317
5 10 0.114286 0.119039 0.016317
5 11 0.115654 0.119039 0.016317
5 12 0.123524 0.119039 0.016317
5 13 0.128657 0.119039 0.016317
5 14 0.131394 0.119039 0.016317
5 15 0.134303 0.119039 0.016317
5 16 0.134474 0.119039 0.016317
5 17 0.132079 0.119039 0.016317
5 18 0.133447 0.119039 0.016317
5 19 0.130368 0.119039 0.016317
5 20 0.130026 0.119039 0.016317
6 0 0.080582 0.119039 0.016317
6 1 0.085201 0.119039 0.016317
6 2 0.088623 0.119039 0.016317
6 3 0.094611 0.119039 0.016317
6 4 0.097177 0.119039 0.016317
6 5 0.098033 0.119039 0.016317
6 6 0.101283 0.119039 0.016317
6 7 0.103507 0.119039 0.016317
6 8 0.108982 0.119039 0.016317
6 9 0.112062 0.119039 0.016317
6 10 0.113944 0.119039 0.016317
6 11 0.117023 0.119039 0.016317
6 12 0.126604 0.119039 0.016317
6 13 0.128657 0.119039 0.016317
6 14 0.132592 0.119039 0.016317
6 15 0.136698 0.119039 0.016317
6 16 0.136356 0.119039 0.016317
6 17 0.135329 0.119039 0.016317
6 18 0.135672 0.119039 0.016317
6 19 0.134474 0.119039 0.016317
6 20 0.131394 0.119039 0.016317
7 0 0.082121 0.119039 0.016317
7 1 0.088794 0.119039 0.016317
7 2 0.089649 0.119039 0.016317
7 3 0.095466 0.119039 0.016317
7 4 0.098717 0.119039 0.016317
7 5 0.101454 0.119039 0.016317
7 6 0.104534 0.119039 0.016317
7 7 0.108811 0.119039 0.016317
7 8 0.111548 0.119039 0.016317
7 9 0.114628 0.119039 0.016317
7 10 0.117707 0.119039 0.016317
7 11 0.121471 0.119039 0.016317
7 12 0.123353 0.119039 0.016317
7 13 0.128486 0.119039 0.016317
7 14 0.132421 0.119039 0.016317
7 15 0.137211 0.119039 0.016317
7 16 0.139093 0.119039 0.016317
7 17 0.137040 0.119039 0.016317
7 18 0.137896 0.119039 0.016317
7 19 0.137896 0.119039 0.016317
7 20 0.133447 0.119039 0.016317
8 0 0.086912 0.119039 0.016317
8 1 0.091531 0.119039 0.016317
8 2 0.094440 0.119039 0.016317
8 3 0.098717 0.119039 0.016317
8 4 0.101283 0.119039 0.016317
8 5 0.102652 0.119039 0.016317
8 6 0.107613 0.119039 0.016317
8 7 0.113601 0.119039 0.016317
8 8 0.116168 0.119039 0.016317
8 9 0.118221 0.119039 0.016317
8 10 0.120274 0.119039 0.016317
8 11 0.123182 0.119039 0.016317
8 12 0.125577 0.119039 0.016317
8 13 0.129855 0.119039 0.016317
8 14 0.133790 0.119039 0.016317
8 15 0.134474 0.119039 0.016317
8 16 0.135843 0.119039 0.016317
8 17 0.137211 0.119039 0.016317
8 18 0.137553 0.119039 0.016317
8 19 0.137382 0.119039 0.016317
8 20 0.134645 0.119039 0.016317
9 0 0.089136 0.119039 0.016317
9 1 0.094782 0.119039 0.016317
9 2 0.097006 0.119039 0.016317
9 3 0.101625 0.119039 0.016317
9 4 0.105047 0.119039 0.016317
9 5 0.108982 0.119039 0.016317
9 6 0.111891 0.119039 0.016317
9 7 0.113259 0.119039 0.016317
9 8 0.117536 0.119039 0.016317
9 9 0.119076 0.119039 0.016317
9 10 0.120274 0.119039 0.016317
9 11 0.119932 0.119039 0.016317
9 12 0.125749 0.119039 0.016317
9 13 0.131565 0.119039 0.016317
9 14 0.134474 0.119039 0.016317
9 15 0.133790 0.119039 0.016317
9 16 0.132421 0.119039 0.016317
9 17 0.131565 0.119039 0.016317
9 18 0.133790 0.119039 0.016317
9 19 0.131052 0.119039 0.016317
9 20 0.129341 0.119039 0.016317
10 0 0.091360 0.119039 0.016317
10 1 0.097006 0.119039 0.016317
10 2 0.102823 0.119039 0.016317
10 3 0.106587 0.119039 0.016317
10 4 0.106074 0.119039 0.016317
10 5 0.109837 0.119039 0.016317
10 6 0.112746 0.119039 0.016317
10 7 0.116168 0.119039 0.016317
10 8 0.117879 0.119039 0.016317
10 9 0.122498 0.119039 0.016317
10 10 0.123182 0.119039 0.016317
10 11 0.124380 0.119039 0.016317
10 12 0.128486 0.119039 0.016317
10 13 0.131052 0.119039 0.016317
10 14 0.132250 0.119039 0.016317
10 15 0.132592 0.119039 0.016317
10 16 0.131565 0.119039 0.016317
10 17 0.129683 0.119039 0.016317
10 18 0.130026 0.119039 0.016317
10 19 0.125064 0.119039 0.016317
10 20 0.121471 0.119039 0.016317
11 0 0.094269 0.119039 0.016317
11 1 0.099230 0.119039 0.016317
11 2 0.106758 0.119039 0.016317
11 3 0.108469 0.119039 0.016317
11 4 0.111719 0.119039 0.016317
11 5 0.113944 0.119039 0.016317
11 6 0.117194 0.119039 0.016317
11 7 0.117194 0.119039 0.016317
11 8 0.121300 0.119039 0.016317
11 9 0.124893 0.119039 0.016317
11 10 0.125064 0.119039 0.016317
11 11 0.127117 0.119039 0.016317
11 12 0.126604 0.119039 0.016317
11 13 0.128657 0.119039 0.016317
11 14 0.133276 0.119039 0.016317
11 15 0.133961 0.119039 0.016317
11 16 0.134474 0.119039 0.016317
11 17 0.130368 0.119039 0.016317
11 18 0.126775 0.119039 0.016317
11 19 0.121471 0.119039 0.016317
11 20 0.117536 0.119039 0.016317
12 0 0.098375 0.119039 0.016317
12 1 0.103849 0.119039 0.016317
12 2 0.111719 0.119039 0.016317
12 3 0.114799 0.119039 0.016317
12 4 0.116681 0.119039 0.016317
12 5 0.116852 0.119039 0.016317
12 6 0.117879 0.119039 0.016317
12 7 0.120274 0.119039 0.016317
12 8 0.123182 0.119039 0.016317
12 9 0.125577 0.119039 0.016317
12 10 0.126775 0.119039 0.016317
12 11 0.127288 0.119039 0.016317
12 12 0.126091 0.119039 0.016317
12 13 0.128315 0.119039 0.016317
12 14 0.132592 0.119039 0.016317
12 15 0.131737 0.119039 0.016317
12 16 0.132421 0.119039 0.016317
12 17 0.127973 0.119039 0.016317
12 18 0.125235 0.119039 0.016317
12 19 0.122156 0.119039 0.016317
12 20 0.117023 0.119039 0.016317
13 0 0.102994 0.119039 0.016317
13 1 0.111206 0.119039 0.016317
13 2 0.113772 0.119039 0.016317
13 3 0.115141 0.119039 0.016317
13 4 0.121129 0.119039 0.016317
13 5 0.123524 0.119039 0.016317
13 6 0.121642 0.119039 0.016317
13 7 0.123867 0.119039 0.016317
13 8 0.127973 0.119039 0.016317
13 9 0.128999 0.119039 0.016317
13 10 0.130881 0.119039 0.016317
13 11 0.131394 0.119039 0.016317
13 12 0.130026 0.119039 0.016317
13 13 0.130368 0.119039 0.016317
13 14 0.131908 0.119039 0.016317
13 15 0.133447 0.119039 0.016317
13 16 0.131737 0.119039 0.016317
13 17 0.132250 0.119039 0.016317
13 18 0.128828 0.119039 0.016317
13 19 0.124038 0.119039 0.016317
13 20 0.117879 0.119039 0.016317
14 0 0.108640 0.119039 0.016317
14 1 0.113259 0.119039 0.016317
14 2 0.117707 0.119039 0.016317
14 3 0.121129 0.119039 0.016317
14 4 0.124551 0.119039 0.016317
14 5 0.128144 0.119039 0.016317
14 6 0.128828 0.119039 0.016317
14 7 0.129512 0.119039 0.016317
14 8 0.131908 0.119039 0.016317
14 9 0.130539 0.119039 0.016317
14 10 0.132250 0.119039 0.016317
14 11 0.131908 0.119039 0.016317
14 12 0.132763 0.119039 0.016317
14 13 0.134303 0.119039 0.016317
14 14 0.133105 0.119039 0.016317
14 15 0.136014 0.119039 0.016317
14 16 0.138409 0.119039 0.016317
14 17 0.136014 0.119039 0.016317
14 18 0.131223 0.119039 0.016317
14 19 0.125577 0.119039 0.016317
14 20 0.118050 0.119039 0.016317
15 0 0.113430 0.119039 0.016317
15 1 0.118392 0.119039 0.016317
15 2 0.123867 0.119039 0.016317
15 3 0.125749 0.119039 0.016317
15 4 0.128144 0.119039 0.016317
15 5 0.132250 0.119039 0.016317
15 6 0.135158 0.119039 0.016317
15 7 0.133961 0.119039 0.016317
15 8 0.133447 0.119039 0.016317
15 9 0.133276 0.119039 0.016317
15 10 0.133961 0.119039 0.016317
15 11 0.132763 0.119039 0.016317
15 12 0.134132 0.119039 0.016317
15 13 0.134474 0.119039 0.016317
15 14 0.136698 0.119039 0.016317
15 15 0.138067 0.119039 0.016317
15 16 0.140462 0.119039 0.016317
15 17 0.136527 0.119039 0.016317
15 18 0.135500 0.119039 0.016317
15 19 0.128657 0.119039 0.016317
15 20 0.122498 0.119039 0.016317
16 0 0.115825 0.119039 0.016317
16 1 0.122498 0.119039 0.016317
16 2 0.126091 0.119039 0.016317
16 3 0.132250 0.119039 0.016317
16 4 0.134645 0.119039 0.016317
16 5 0.137382 0.119039 0.016317
16 6 0.135158 0.119039 0.016317
16 7 0.133447 0.119039 0.016317
16 8 0.135672 0.119039 0.016317
16 9 0.135329 0.119039 0.016317
16 10 0.134132 0.119039 0.016317
16 11 0.134303 0.119039 0.016317
16 12 0.136527 0.119039 0.016317
16 13 0.136356 0.119039 0.016317
16 14 0.139778 0.119039 0.016317
16 15 0.140120 0.119039 0.016317
16 16 0.136527 0.119039 0.016317
16 17 0.132079 0.119039 0.016317
16 18 0.132934 0.119039 0.016317
16 19 0.127117 0.119039 0.016317
16 20 0.121814 0.119039 0.016317
17 0 0.119076 0.119039 0.016317
17 1 0.125064 0.119039 0.016317
17 2 0.128657 0.119039 0.016317
17 3 0.131394 0.119039 0.016317
17 4 0.134816 0.119039 0.016317
17 5 0.137382 0.119039 0.016317
17 6 0.135500 0.119039 0.016317
17 7 0.135158 0.119039 0.016317
17 8 0.135329 0.119039 0.016317
17 9 0.134303 0.119039 0.016317
17 10 0.132763 0.119039 0.016317
17 11 0.133276 0.119039 0.016317
17 12 0.136014 0.119039 0.016317
17 13 0.137553 0.119039 0.016317
17 14 0.138409 0.119039 0.016317
17 15 0.137896 0.119039 0.016317
17 16 0.137211 0.119039 0.016317
17 17 0.131223 0.119039 0.016317
17 18 0.131394 0.119039 0.016317
17 19 0.127630 0.119039 0.016317
17 20 0.121471 0.119039 0.016317
18 0 0.117365 0.119039 0.016317
18 1 0.124722 0.119039 0.016317
18 2 0.129341 0.119039 0.016317
18 3 0.133276 0.119039 0.016317
18 4 0.134816 0.119039 0.016317
18 5 0.135672 0.119039 0.016317
18 6 0.137725 0.119039 0.016317
18 7 0.136869 0.119039 0.016317
18 8 0.133790 0.119039 0.016317
18 9 0.131223 0.119039 0.016317
18 10 0.133790 0.119039 0.016317
18 11 0.131908 0.119039 0.016317
18 12 0.133447 0.119039 0.016317
18 13 0.134816 0.119039 0.016317
18 14 0.137040 0.119039 0.016317
18 15 0.138751 0.119039 0.016317
18 16 0.136698 0.119039 0.016317
18 17 0.134816 0.119039 0.016317
18 18 0.130710 0.119039 0.016317
18 19 0.125920 0.119039 0.016317
18 20 0.119076 0.119039 0.016317
19 0 0.116510 0.119039 0.016317
19 1 0.122669 0.119039 0.016317
19 2 0.126091 0.119039 0.016317
19 3 0.130197 0.119039 0.016317
19 4 0.134816 0.119039 0.016317
19 5 0.137040 0.119039 0.016317
19 6 0.136185 0.119039 0.016317
19 7 0.133105 0.119039 0.016317
19 8 0.132421 0.119039 0.016317
19 9 0.129341 0.119039 0.016317
19 10 0.129683 0.119039 0.016317
19 11 0.127973 0.119039 0.016317
19 12 0.128999 0.119039 0.016317
19 13 0.126604 0.119039 0.016317
19 14 0.133105 0.119039 0.016317
19 15 0.133276 0.119039 0.016317
19 16 0.131052 0.119039 0.016317
19 17 0.126946 0.119039 0.016317
19 18 0.124551 0.119039 0.016317
19 19 0.120958 0.119039 0.016317
19 20 0.114628 0.119039 0.016317
20 0 0.113601 0.119039 0.016317
20 1 0.119076 0.119039 0.016317
20 2 0.122669 0.119039 0.016317
20 3 0.126433 0.119039 0.016317
20 4 0.129683 0.119039 0.016317
20 5 0.132250 0.119039 0.016317
20 6 0.132592 0.119039 0.016317
20 7 0.130368 0.119039 0.016317
20 8 0.127802 0.119039 0.016317
20 9 0.126262 0.119039 0.016317
20 10 0.124551 0.119039 0.016317
20 11 0.120787 0.119039 0.016317
20 12 0.123695 0.119039 0.016317
20 13 0.124038 0.119039 0.016317
20 14 0.123182 0.119039 0.016317
20 15 0.125235 0.119039 0.016317
20 16 0.122840 0.119039 0.016317
20 17 0.121814 0.119039 0.016317
20 18 0.118050 0.119039 0.016317
20 19 0.114799 0.119039 0.016317
20 20 0.108298 0.119039 0.016317
