# contact distance = 24.0 Angstroms
# F = 0.4 kJ/mol

# i j contact_probability mean_contact_probability stddev_contact_probability
0 0 0.159454 0.172644 0.022869
0 1 0.162284 0.172644 0.022869
0 2 0.162117 0.172644 0.022869
0 3 0.164947 0.172644 0.022869
0 4 0.164447 0.172644 0.022869
0 5 0.163782 0.172644 0.022869
0 6 0.163116 0.172644 0.022869
0 7 0.163282 0.172644 0.022869
0 8 0.159953 0.172644 0.022869
0 9 0.156625 0.172644 0.022869
0 10 0.153795 0.172644 0.022869
0 11 0.147636 0.172644 0.022869
0 12 0.145140 0.172644 0.022869
0 13 0.144308 0.172644 0.022869
0 14 0.138648 0.172644 0.022869
0 15 0.135486 0.172644 0.022869
0 16 0.125999 0.172644 0.022869
0 17 0.118342 0.172644 0.022869
0 18 0.112683 0.172644 0.022869
0 19 0.108356 0.172644 0.022869
0 20 0.104694 0.172644 0.022869
1 0 0.164780 0.172644 0.022869
1 1 0.167277 0.172644 0.022869
1 2 0.168442 0.172644 0.022869
1 3 0.168775 0.172644 0.022869
1 4 0.168609 0.172644 0.022869
1 5 0.166944 0.172644 0.022869
1 6 0.166944 0.172644 0.022869
1 7 0.165613 0.172644 0.022869
1 8 0.164115 0.172644 0.022869
1 9 0.164447 0.172644 0.022869
1 10 0.159621 0.172644 0.022869
1 11 0.157290 0.172644 0.022869
1 12 0.155959 0.172644 0.022869
1 13 0.153961 0.172644 0.022869
1 14 0.148635 0.172644 0.022869
1 15 0.140313 0.172644 0.022869
1 16 0.132656 0.172644 0.022869
1 17 0.123003 0.172644 0.022869
1 18 0.116844 0.172644 0.022869
1 19 0.113515 0.172644 0.022869
1 20 0.106691 0.172644 0.022869
2 0 0.168609 0.172644 0.022869
2 1 0.171605 0.172644 0.022869
2 2 0.172770 0.172644 0.022869
2 3 0.171272 0.172644 0.022869
2 4 0.171771 0.172644 0.022869
2 5 0.173103 0.172644 0.022869
2 6 0.169274 0.172644 0.022869
2 7 0.171272 0.172644 0.022869
2 8 0.170439 0.172644 0.022869
2 9 0.170107 0.172644 0.022869
2 10 0.167277 0.172644 0.022869
2 11 0.164614 0.172644 0.022869
2 12 0.164281 0.172644 0.022869
2 13 0.160952 0.172644 0.022869
2 14 0.158123 0.172644 0.022869
2 15 0.151631 0.172644 0.022869
2 16 0.142976 0.172644 0.022869
2 17 0.135985 0.172644 0.022869
2 18 0.125000 0.172644 0.022869
2 19 0.119840 0.172644 0.022869
2 20 0.112350 0.172644 0.022869
3 0 0.167277 0.172644 0.022869
3 1 0.171438 0.172644 0.022869
3 2 0.170606 0.172644 0.022869
3 3 0.170439 0.172644 0.022869
3 4 0.177097 0.172644 0.022869
3 5 0.174434 0.172644 0.022869
3 6 0.171272 0.172644 0.022869
3 7 0.174601 0.172644 0.022869
3 8 0.176598 0.172644 0.022869
3 9 0.176931 0.172644 0.022869
3 10 0.176099 0.172644 0.022869
3 11 0.171937 0.172644 0.022869
3 12 0.169940 0.172644 0.022869
3 13 0.171272 0.172644 0.022869
3 14 0.169774 0.172644 0.022869
3 15 0.163782 0.172644 0.022869
3 16 0.152796 0.172644 0.022869
3 17 0.145806 0.172644 0.022869
3 18 0.134820 0.172644 0.022869
3 19 0.124667 0.172644 0.022869
3 20 0.114348 0.172644 0.022869
4 0 0.166278 0.172644 0.022869
4 1 0.171605 0.172644 0.022869
4 2 0.174933 0.172644 0.022869
4 3 0.174767 0.172644 0.022869
4 4 0.177264 0.172644 0.022869
4 5 0.177430 0.172644 0.022869
4 6 0.177264 0.172644 0.022869
4 7 0.179594 0.172644 0.022869
4 8 0.183089 0.172644 0.022869
4 9 0.186252 0.172644 0.022869
4 10 0.184920 0.172644 0.022869
4 11 0.181758 0.172644 0.022869
4 12 0.177430 0.172644 0.022869
4 13 0.178595 0.172644 0.022869
4 14 0.176598 0.172644 0.022869
4 15 0.168775 0.172644 0.022869
4 16 0.162949 0.172644 0.022869
4 17 0.152630 0.172644 0.022869
4 18 0.142477 0.172644 0.022869
4 19 0.132989 0.172644 0.022869
4 20 0.125333 0.172644 0.022869
5 0 0.165613 0.172644 0.022869
5 1 0.168941 0.172644 0.022869
5 2 0.174933 0.172644 0.022869
5 3 0.175266 0.172644 0.022869
5 4 0.177097 0.172644 0.022869
5 5 0.181425 0.172644 0.022869
5 6 0.183256 0.172644 0.022869
5 7 0.184254 0.172644 0.022869
5 8 0.187750 0.172644 0.022869
5 9 0.190080 0.172644 0.022869
5 10 0.190912 0.172644 0.022869
5 11 0.189414 0.172644 0.022869
5 12 0.187250 0.172644 0.022869
5 13 0.184587 0.172644 0.022869
5 14 0.183589 0.172644 0.022869
5 15 0.176099 0.172644 0.022869
5 16 0.170939 0.172644 0.022869
5 17 0.160286 0.172644 0.022869
5 18 0.148802 0.172644 0.022869
5 19 0.143475 0.172644 0.022869
5 20 0.133489 0.172644 0.022869
6 0 0.159787 0.172644 0.022869
6 1 0.166944 0.172644 0.022869
6 2 0.173103 0.172644 0.022869
6 3 0.174434 0.172644 0.022869
6 4 0.179760 0.172644 0.022869
6 5 0.182091 0.172644 0.022869
6 6 0.186585 0.172644 0.022869
6 7 0.190912 0.172644 0.022869
6 8 0.191079 0.172644 0.022869
6 9 0.194907 0.172644 0.022869
6 10 0.193575 0.172644 0.022869
6 11 0.195240 0.172644 0.022869
6 12 0.191079 0.172644 0.022869
6 13 0.189913 0.172644 0.022869
6 14 0.189581 0.172644 0.022869
6 15 0.185253 0.172644 0.022869
6 16 0.179095 0.172644 0.022869
6 17 0.169441 0.172644 0.022869
6 18 0.156292 0.172644 0.022869
6 19 0.150799 0.172644 0.022869
6 20 0.142310 0.172644 0.022869
7 0 0.160286 0.172644 0.022869
7 1 0.165113 0.172644 0.022869
7 2 0.170107 0.172644 0.022869
7 3 0.173435 0.172644 0.022869
7 4 0.180759 0.172644 0.022869
7 5 0.183589 0.172644 0.022869
7 6 0.189581 0.172644 0.022869
7 7 0.193908 0.172644 0.022869
7 8 0.196238 0.172644 0.022869
7 9 0.196571 0.172644 0.022869
7 10 0.197903 0.172644 0.022869
7 11 0.199900 0.172644 0.022869
7 12 0.198569 0.172644 0.022869
7 13 0.194241 0.172644 0.022869
7 14 0.194907 0.172644 0.022869
7 15 0.192410 0.172644 0.022869
7 16 0.185253 0.172644 0.022869
7 17 0.175599 0.172644 0.022869
7 18 0.165613 0.172644 0.022869
7 19 0.159454 0.172644 0.022869
7 20 0.148635 0.172644 0.022869
8 0 0.155459 0.172644 0.022869
8 1 0.163116 0.172644 0.022869
8 2 0.169607 0.172644 0.022869
8 3 0.172770 0.172644 0.022869
8 4 0.182590 0.172644 0.022869
8 5 0.186917 0.172644 0.022869
8 6 0.189081 0.172644 0.022869
8 7 0.193908 0.172644 0.022869
8 8 0.194740 0.172644 0.022869
8 9 0.200067 0.172644 0.022869
8 10 0.201565 0.172644 0.022869
8 11 0.204561 0.172644 0.022869
8 12 0.201565 0.172644 0.022869
8 13 0.197903 0.172644 0.022869
8 14 0.199401 0.172644 0.022869
8 15 0.195573 0.172644 0.022869
8 16 0.192577 0.172644 0.022869
8 17 0.182423 0.172644 0.022869
8 18 0.172770 0.172644 0.022869
8 19 0.167111 0.172644 0.022869
8 20 0.154960 0.172644 0.022869
9 0 0.154794 0.172644 0.022869
9 1 0.163116 0.172644 0.022869
9 2 0.170107 0.172644 0.022869
9 3 0.175100 0.172644 0.022869
9 4 0.183422 0.172644 0.022869
9 5 0.188249 0.172644 0.022869
9 6 0.190413 0.172644 0.022869
9 7 0.193076 0.172644 0.022869
9 8 0.196738 0.172644 0.022869
9 9 0.204228 0.172644 0.022869
9 10 0.205892 0.172644 0.022869
9 11 0.205892 0.172644 0.022869
9 12 0.205226 0.172644 0.022869
9 13 0.204394 0.172644 0.022869
9 14 0.202064 0.172644 0.022869
9 15 0.199068 0.172644 0.022869
9 16 0.194241 0.172644 0.022869
9 17 0.188582 0.172644 0.022869
9 18 0.177929 0.172644 0.022869
9 19 0.173269 0.172644 0.022869
9 20 0.159454 0.172644 0.022869
10 0 0.151798 0.172644 0.022869
10 1 0.157623 0.172644 0.022869
10 2 0.166778 0.172644 0.022869
10 3 0.174101 0.172644 0.022869
10 4 0.183422 0.172644 0.022869
10 5 0.187417 0.172644 0.022869
10 6 0.192077 0.172644 0.022869
10 7 0.194907 0.172644 0.022869
10 8 0.198569 0.172644 0.022869
10 9 0.206391 0.172644 0.022869
10 10 0.208722 0.172644 0.022869
10 11 0.208222 0.172644 0.022869
10 12 0.205226 0.172644 0.022869
10 13 0.205726 0.172644 0.022869
10 14 0.204394 0.172644 0.022869
10 15 0.199734 0.172644 0.022869
10 16 0.196405 0.172644 0.022869
10 17 0.188415 0.172644 0.022869
10 18 0.184254 0.172644 0.022869
10 19 0.174434 0.172644 0.022869
10 20 0.162949 0.172644 0.022869
11 0 0.149301 0.172644 0.022869
11 1 0.154294 0.172644 0.022869
11 2 0.164281 0.172644 0.022869
11 3 0.172603 0.172644 0.022869
11 4 0.180925 0.172644 0.022869
11 5 0.185253 0.172644 0.022869
11 6 0.190912 0.172644 0.022869
11 7 0.195240 0.172644 0.022869
11 8 0.199068 0.172644 0.022869
11 9 0.207557 0.172644 0.022869
11 10 0.207889 0.172644 0.022869
11 11 0.207224 0.172644 0.022869
11 12 0.207723 0.172644 0.022869
11 13 0.203395 0.172644 0.022869
11 14 0.201565 0.172644 0.022869
11 15 0.198901 0.172644 0.022869
11 16 0.195573 0.172644 0.022869
11 17 0.191911 0.172644 0.022869
11 18 0.183256 0.172644 0.022869
11 19 0.175266 0.172644 0.022869
11 20 0.163282 0.172644 0.022869
12 0 0.146305 0.172644 0.022869
12 1 0.155126 0.172644 0.022869
12 2 0.164115 0.172644 0.022869
12 3 0.169774 0.172644 0.022869
12 4 0.177430 0.172644 0.022869
12 5 0.182756 0.172644 0.022869
12 6 0.189581 0.172644 0.022869
12 7 0.194241 0.172644 0.022869
12 8 0.199734 0.172644 0.022869
12 9 0.205892 0.172644 0.022869
12 10 0.206391 0.172644 0.022869
12 11 0.208555 0.172644 0.022869
12 12 0.206558 0.172644 0.022869
12 13 0.202563 0.172644 0.022869
12 14 0.200566 0.172644 0.022869
12 15 0.200399 0.172644 0.022869
12 16 0.195406 0.172644 0.022869
12 17 0.191578 0.172644 0.022869
12 18 0.183589 0.172644 0.022869
12 19 0.175932 0.172644 0.022869
12 20 0.164614 0.172644 0.022869
13 0 0.142477 0.172644 0.022869
13 1 0.149634 0.172644 0.022869
13 2 0.161618 0.172644 0.022869
13 3 0.167943 0.172644 0.022869
13 4 0.173269 0.172644 0.022869
13 5 0.180759 0.172644 0.022869
13 6 0.186917 0.172644 0.022869
13 7 0.192410 0.172644 0.022869
13 8 0.198569 0.172644 0.022869
13 9 0.204228 0.172644 0.022869
13 10 0.203395 0.172644 0.022869
13 11 0.205726 0.172644 0.022869
13 12 0.207057 0.172644 0.022869
13 13 0.203728 0.172644 0.022869
13 14 0.202230 0.172644 0.022869
13 15 0.198069 0.172644 0.022869
13 16 0.194574 0.172644 0.022869
13 17 0.191744 0.172644 0.022869
13 18 0.186085 0.172644 0.022869
13 19 0.176764 0.172644 0.022869
13 20 0.165613 0.172644 0.022869
14 0 0.138981 0.172644 0.022869
14 1 0.148302 0.172644 0.022869
14 2 0.155293 0.172644 0.022869
14 3 0.166112 0.172644 0.022869
14 4 0.171771 0.172644 0.022869
14 5 0.177929 0.172644 0.022869
14 6 0.186085 0.172644 0.022869
14 7 0.191911 0.172644 0.022869
14 8 0.196238 0.172644 0.022869
14 9 0.201065 0.172644 0.022869
14 10 0.203895 0.172644 0.022869
14 11 0.206225 0.172644 0.022869
14 12 0.206059 0.172644 0.022869
14 13 0.204394 0.172644 0.022869
14 14 0.199900 0.172644 0.022869
14 15 0.197237 0.172644 0.022869
14 16 0.192577 0.172644 0.022869
14 17 0.188415 0.172644 0.022869
14 18 0.180260 0.172644 0.022869
14 19 0.175100 0.172644 0.022869
14 20 0.165945 0.172644 0.022869
15 0 0.136485 0.172644 0.022869
15 1 0.145306 0.172644 0.022869
15 2 0.151465 0.172644 0.022869
15 3 0.162450 0.172644 0.022869
15 4 0.170273 0.172644 0.022869
15 5 0.177929 0.172644 0.022869
15 6 0.183256 0.172644 0.022869
15 7 0.191578 0.172644 0.022869
15 8 0.196238 0.172644 0.022869
15 9 0.199567 0.172644 0.022869
15 10 0.202896 0.172644 0.022869
15 11 0.205393 0.172644 0.022869
15 12 0.202896 0.172644 0.022869
15 13 0.200732 0.172644 0.022869
15 14 0.198569 0.172644 0.022869
15 15 0.193409 0.172644 0.022869
15 16 0.192244 0.172644 0.022869
15 17 0.187084 0.172644 0.022869
15 18 0.176099 0.172644 0.022869
15 19 0.169774 0.172644 0.022869
15 20 0.159787 0.172644 0.022869
16 0 0.135652 0.172644 0.022869
16 1 0.140479 0.172644 0.022869
16 2 0.148469 0.172644 0.022869
16 3 0.156125 0.172644 0.022869
16 4 0.165779 0.172644 0.022869
16 5 0.172270 0.172644 0.022869
16 6 0.179095 0.172644 0.022869
16 7 0.188249 0.172644 0.022869
16 8 0.195073 0.172644 0.022869
16 9 0.196072 0.172644 0.022869
16 10 0.198901 0.172644 0.022869
16 11 0.199401 0.172644 0.022869
16 12 0.200899 0.172644 0.022869
16 13 0.196904 0.172644 0.022869
16 14 0.196072 0.172644 0.022869
16 15 0.193076 0.172644 0.022869
16 16 0.190080 0.172644 0.022869
16 17 0.185087 0.172644 0.022869
16 18 0.175266 0.172644 0.022869
16 19 0.168109 0.172644 0.022869
16 20 0.156625 0.172644 0.022869
17 0 0.130493 0.172644 0.022869
17 1 0.133822 0.172644 0.022869
17 2 0.143142 0.172644 0.022869
17 3 0.150632 0.172644 0.022869
17 4 0.160786 0.172644 0.022869
17 5 0.167943 0.172644 0.022869
17 6 0.175100 0.172644 0.022869
17 7 0.183256 0.172644 0.022869
17 8 0.188415 0.172644 0.022869
17 9 0.191578 0.172644 0.022869
17 10 0.193076 0.172644 0.022869
17 11 0.195240 0.172644 0.022869
17 12 0.194740 0.172644 0.022869
17 13 0.193409 0.172644 0.022869
17 14 0.195406 0.172644 0.022869
17 15 0.190246 0.172644 0.022869
17 16 0.184754 0.172644 0.022869
17 17 0.178429 0.172644 0.022869
17 18 0.170606 0.172644 0.022869
17 19 0.162450 0.172644 0.022869
17 20 0.154960 0.172644 0.022869
18 0 0.122836 0.172644 0.022869
18 1 0.126498 0.172644 0.022869
18 2 0.135320 0.172644 0.022869
18 3 0.140979 0.172644 0.022869
18 4 0.153129 0.172644 0.022869
18 5 0.160120 0.172644 0.022869
18 6 0.166611 0.172644 0.022869
18 7 0.173935 0.172644 0.022869
18 8 0.181092 0.172644 0.022869
18 9 0.183089 0.172644 0.022869
18 10 0.188582 0.172644 0.022869
18 11 0.187916 0.172644 0.022869
18 12 0.186751 0.172644 0.022869
18 13 0.184754 0.172644 0.022869
18 14 0.186585 0.172644 0.022869
18 15 0.182923 0.172644 0.022869
18 16 0.175433 0.172644 0.022869
18 17 0.171438 0.172644 0.022869
18 18 0.163282 0.172644 0.022869
18 19 0.154960 0.172644 0.022869
18 20 0.145306 0.172644 0.022869
19 0 0.117843 0.172644 0.022869
19 1 0.122836 0.172644 0.022869
19 2 0.129328 0.172644 0.022869
19 3 0.133988 0.172644 0.022869
19 4 0.142144 0.172644 0.022869
19 5 0.148136 0.172644 0.022869
19 6 0.155126 0.172644 0.022869
19 7 0.162117 0.172644 0.022869
19 8 0.169774 0.172644 0.022869
19 9 0.175766 0.172644 0.022869
19 10 0.178762 0.172644 0.022869
19 11 0.177597 0.172644 0.022869
19 12 0.179760 0.172644 0.022869
19 13 0.178928 0.172644 0.022869
19 14 0.178595 0.172644 0.022869
19 15 0.171105 0.172644 0.022869
19 16 0.167111 0.172644 0.022869
19 17 0.165945 0.172644 0.022869
19 18 0.154128 0.172644 0.022869
19 19 0.143475 0.172644 0.022869
19 20 0.139647 0.172644 0.022869
20 0 0.109021 0.172644 0.022869
20 1 0.113349 0.172644 0.022869
20 2 0.122170 0.172644 0.022869
20 3 0.125333 0.172644 0.022869
20 4 0.130326 0.172644 0.022869
20 5 0.135486 0.172644 0.022869
20 6 0.142810 0.172644 0.022869
20 7 0.150300 0.172644 0.022869
20 8 0.159454 0.172644 0.022869
20 9 0.162450 0.172644 0.022869
20 10 0.167776 0.172644 0.022869
20 11 0.166944 0.172644 0.022869
20 12 0.166778 0.172644 0.022869
20 13 0.169774 0.172644 0.022869
20 14 0.166445 0.172644 0.022869
20 15 0.163948 0.172644 0.022869
20 16 0.159621 0.172644 0.022869
20 17 0.153795 0.172644 0.022869
20 18 0.146804 0.172644 0.022869
20 19 0.136485 0.172644 0.022869
20 20 0.131824 0.172644 0.022869
