# contact distance = 24.0 Angstroms
# F = 0.4 kJ/mol

# i j contact_probability mean_contact_probability stddev_contact_probability
0 0 0.108928 0.130987 0.012085
0 1 0.114654 0.130987 0.012085
0 2 0.115695 0.130987 0.012085
0 3 0.115565 0.130987 0.012085
0 4 0.119599 0.130987 0.012085
0 5 0.119990 0.130987 0.012085
0 6 0.117257 0.130987 0.012085
0 7 0.120380 0.130987 0.012085
0 8 0.119990 0.130987 0.012085
0 9 0.125065 0.130987 0.012085
0 10 0.129620 0.130987 0.012085
0 11 0.131832 0.130987 0.012085
0 12 0.133915 0.130987 0.012085
0 13 0.134565 0.130987 0.012085
0 14 0.134695 0.130987 0.012085
0 15 0.134045 0.130987 0.012085
0 16 0.138209 0.130987 0.012085
0 17 0.133784 0.130987 0.012085
0 18 0.132223 0.130987 0.012085
0 19 0.128709 0.130987 0.012085
0 20 0.125065 0.130987 0.012085
1 0 0.112181 0.130987 0.012085
1 1 0.116606 0.130987 0.012085
1 2 0.117517 0.130987 0.012085
1 3 0.119339 0.130987 0.012085
1 4 0.122202 0.130987 0.012085
1 5 0.124545 0.130987 0.012085
1 6 0.123113 0.130987 0.012085
1 7 0.123113 0.130987 0.012085
1 8 0.122723 0.130987 0.012085
1 9 0.125325 0.130987 0.012085
1 10 0.134045 0.130987 0.012085
1 11 0.137038 0.130987 0.012085
1 12 0.138990 0.130987 0.012085
1 13 0.140422 0.130987 0.012085
1 14 0.140682 0.130987 0.012085
1 15 0.140682 0.130987 0.012085
1 16 0.140942 0.130987 0.012085
1 17 0.139120 0.130987 0.012085
1 18 0.136127 0.130987 0.012085
1 19 0.131052 0.130987 0.012085
1 20 0.128058 0.130987 0.012085
2 0 0.112572 0.130987 0.012085
2 1 0.116346 0.130987 0.012085
2 2 0.119990 0.130987 0.012085
2 3 0.119339 0.130987 0.012085
2 4 0.123113 0.130987 0.012085
2 5 0.125065 0.130987 0.012085
2 6 0.127538 0.130987 0.012085
2 7 0.125195 0.130987 0.012085
2 8 0.128188 0.130987 0.012085
2 9 0.130271 0.130987 0.012085
2 10 0.135997 0.130987 0.012085
2 11 0.140682 0.130987 0.012085
2 12 0.141983 0.130987 0.012085
2 13 0.144196 0.130987 0.012085
2 14 0.142374 0.130987 0.012085
2 15 0.143155 0.130987 0.012085
2 16 0.140812 0.130987 0.012085
2 17 0.142113 0.130987 0.012085
2 18 0.139120 0.130987 0.012085
2 19 0.133394 0.130987 0.012085
2 20 0.128709 0.130987 0.012085
3 0 0.112962 0.130987 0.012085
3 1 0.118037 0.130987 0.012085
3 2 0.121551 0.130987 0.012085
3 3 0.122202 0.130987 0.012085
3 4 0.124024 0.130987 0.012085
3 5 0.127017 0.130987 0.012085
3 6 0.127277 0.130987 0.012085
3 7 0.127147 0.130987 0.012085
3 8 0.130531 0.130987 0.012085
3 9 0.135476 0.130987 0.012085
3 10 0.137689 0.130987 0.012085
3 11 0.140292 0.130987 0.012085
3 12 0.142634 0.130987 0.012085
3 13 0.146018 0.130987 0.012085
3 14 0.146799 0.130987 0.012085
3 15 0.145237 0.130987 0.012085
3 16 0.146538 0.130987 0.012085
3 17 0.143675 0.130987 0.012085
3 18 0.138990 0.130987 0.012085
3 19 0.133524 0.130987 0.012085
3 20 0.130661 0.130987 0.012085
4 0 0.109839 0.130987 0.012085
4 1 0.117647 0.130987 0.012085
4 2 0.120901 0.130987 0.012085
4 3 0.123243 0.130987 0.012085
4 4 0.126106 0.130987 0.012085
4 5 0.128188 0.130987 0.012085
4 6 0.126366 0.130987 0.012085
4 7 0.127538 0.130987 0.012085
4 8 0.131182 0.130987 0.012085
4 9 0.136127 0.130987 0.012085
4 10 0.136127 0.130987 0.012085
4 11 0.141072 0.130987 0.012085
4 12 0.143155 0.130987 0.012085
4 13 0.145888 0.130987 0.012085
4 14 0.145497 0.130987 0.012085
4 15 0.145367 0.130987 0.012085
4 16 0.147579 0.130987 0.012085
4 17 0.145757 0.130987 0.012085
4 18 0.140682 0.130987 0.012085
4 19 0.135997 0.130987 0.012085
4 20 0.128449 0.130987 0.012085
5 0 0.112832 0.130987 0.012085
5 1 0.114524 0.130987 0.012085
5 2 0.120640 0.130987 0.012085
5 3 0.121942 0.130987 0.012085
5 4 0.124545 0.130987 0.012085
5 5 0.128188 0.130987 0.012085
5 6 0.129230 0.130987 0.012085
5 7 0.130271 0.130987 0.012085
5 8 0.134435 0.130987 0.012085
5 9 0.137559 0.130987 0.012085
5 10 0.138079 0.130987 0.012085
5 11 0.141072 0.130987 0.012085
5 12 0.145367 0.130987 0.012085
5 13 0.148881 0.130987 0.012085
5 14 0.144326 0.130987 0.012085
5 15 0.146538 0.130987 0.012085
5 16 0.149011 0.130987 0.012085
5 17 0.145757 0.130987 0.012085
5 18 0.140552 0.130987 0.012085
5 19 0.133004 0.130987 0.012085
5 20 0.127017 0.130987 0.012085
6 0 0.113352 0.130987 0.012085
6 1 0.116736 0.130987 0.012085
6 2 0.122723 0.130987 0.012085
6 3 0.122332 0.130987 0.012085
6 4 0.125586 0.130987 0.012085
6 5 0.128709 0.130987 0.012085
6 6 0.130010 0.130987 0.012085
6 7 0.133134 0.130987 0.012085
6 8 0.136648 0.130987 0.012085
6 9 0.138600 0.130987 0.012085
6 10 0.141333 0.130987 0.012085
6 11 0.142374 0.130987 0.012085
6 12 0.143675 0.130987 0.012085
6 13 0.144456 0.130987 0.012085
6 14 0.146668 0.130987 0.012085
6 15 0.145757 0.130987 0.012085
6 16 0.146668 0.130987 0.012085
6 17 0.143805 0.130987 0.012085
6 18 0.138990 0.130987 0.012085
6 19 0.131182 0.130987 0.012085
6 20 0.126497 0.130987 0.012085
7 0 0.113613 0.130987 0.012085
7 1 0.119990 0.130987 0.012085
7 2 0.125065 0.130987 0.012085
7 3 0.128449 0.130987 0.012085
7 4 0.129880 0.130987 0.012085
7 5 0.130661 0.130987 0.012085
7 6 0.134565 0.130987 0.012085
7 7 0.134565 0.130987 0.012085
7 8 0.138470 0.130987 0.012085
7 9 0.138730 0.130987 0.012085
7 10 0.140161 0.130987 0.012085
7 11 0.143285 0.130987 0.012085
7 12 0.145497 0.130987 0.012085
7 13 0.143935 0.130987 0.012085
7 14 0.144066 0.130987 0.012085
7 15 0.144066 0.130987 0.012085
7 16 0.143545 0.130987 0.012085
7 17 0.140292 0.130987 0.012085
7 18 0.135867 0.130987 0.012085
7 19 0.131052 0.130987 0.012085
7 20 0.122332 0.130987 0.012085
8 0 0.116476 0.130987 0.012085
8 1 0.122462 0.130987 0.012085
8 2 0.128709 0.130987 0.012085
8 3 0.132874 0.130987 0.012085
8 4 0.131832 0.130987 0.012085
8 5 0.134175 0.130987 0.012085
8 6 0.136648 0.130987 0.012085
8 7 0.136387 0.130987 0.012085
8 8 0.140812 0.130987 0.012085
8 9 0.139381 0.130987 0.012085
8 10 0.140031 0.130987 0.012085
8 11 0.144716 0.130987 0.012085
8 12 0.144716 0.130987 0.012085
8 13 0.145757 0.130987 0.012085
8 14 0.144977 0.130987 0.012085
8 15 0.140942 0.130987 0.012085
8 16 0.140682 0.130987 0.012085
8 17 0.138339 0.130987 0.012085
8 18 0.135737 0.130987 0.012085
8 19 0.127668 0.130987 0.012085
8 20 0.119859 0.130987 0.012085
9 0 0.120770 0.130987 0.012085
9 1 0.123764 0.130987 0.012085
9 2 0.131312 0.130987 0.012085
9 3 0.133264 0.130987 0.012085
9 4 0.136648 0.130987 0.012085
9 5 0.138209 0.130987 0.012085
9 6 0.140422 0.130987 0.012085
9 7 0.138600 0.130987 0.012085
9 8 0.139641 0.130987 0.012085
9 9 0.142113 0.130987 0.012085
9 10 0.142504 0.130987 0.012085
9 11 0.141853 0.130987 0.012085
9 12 0.143805 0.130987 0.012085
9 13 0.144846 0.130987 0.012085
9 14 0.143805 0.130987 0.012085
9 15 0.139641 0.130987 0.012085
9 16 0.141333 0.130987 0.012085
9 17 0.137819 0.130987 0.012085
9 18 0.131312 0.130987 0.012085
9 19 0.124675 0.130987 0.012085
9 20 0.116996 0.130987 0.012085
10 0 0.123113 0.130987 0.012085
10 1 0.128579 0.130987 0.012085
10 2 0.131442 0.130987 0.012085
10 3 0.134956 0.130987 0.012085
10 4 0.140422 0.130987 0.012085
10 5 0.141723 0.130987 0.012085
10 6 0.143285 0.130987 0.012085
10 7 0.142374 0.130987 0.012085
10 8 0.142634 0.130987 0.012085
10 9 0.143155 0.130987 0.012085
10 10 0.144846 0.130987 0.012085
10 11 0.141202 0.130987 0.012085
10 12 0.142764 0.130987 0.012085
10 13 0.143805 0.130987 0.012085
10 14 0.143415 0.130987 0.012085
10 15 0.142374 0.130987 0.012085
10 16 0.140031 0.130987 0.012085
10 17 0.136908 0.130987 0.012085
10 18 0.131052 0.130987 0.012085
10 19 0.124805 0.130987 0.012085
10 20 0.113873 0.130987 0.012085
11 0 0.123113 0.130987 0.012085
11 1 0.128058 0.130987 0.012085
11 2 0.134045 0.130987 0.012085
11 3 0.138209 0.130987 0.012085
11 4 0.140422 0.130987 0.012085
11 5 0.144326 0.130987 0.012085
11 6 0.144716 0.130987 0.012085
11 7 0.143285 0.130987 0.012085
11 8 0.144066 0.130987 0.012085
11 9 0.145107 0.130987 0.012085
11 10 0.146278 0.130987 0.012085
11 11 0.144716 0.130987 0.012085
11 12 0.142244 0.130987 0.012085
11 13 0.143545 0.130987 0.012085
11 14 0.140812 0.130987 0.012085
11 15 0.139641 0.130987 0.012085
11 16 0.139381 0.130987 0.012085
11 17 0.133784 0.130987 0.012085
11 18 0.128709 0.130987 0.012085
11 19 0.124545 0.130987 0.012085
11 20 0.115695 0.130987 0.012085
12 0 0.125846 0.130987 0.012085
12 1 0.132093 0.130987 0.012085
12 2 0.134956 0.130987 0.012085
12 3 0.138470 0.130987 0.012085
12 4 0.141463 0.130987 0.012085
12 5 0.145107 0.130987 0.012085
12 6 0.144326 0.130987 0.012085
12 7 0.142894 0.130987 0.012085
12 8 0.145107 0.130987 0.012085
12 9 0.141333 0.130987 0.012085
12 10 0.143024 0.130987 0.012085
12 11 0.143024 0.130987 0.012085
12 12 0.143935 0.130987 0.012085
12 13 0.144066 0.130987 0.012085
12 14 0.140161 0.130987 0.012085
12 15 0.141333 0.130987 0.012085
12 16 0.138079 0.130987 0.012085
12 17 0.133394 0.130987 0.012085
12 18 0.129750 0.130987 0.012085
12 19 0.121421 0.130987 0.012085
12 20 0.114133 0.130987 0.012085
13 0 0.126497 0.130987 0.012085
13 1 0.132874 0.130987 0.012085
13 2 0.133915 0.130987 0.012085
13 3 0.137038 0.130987 0.012085
13 4 0.139250 0.130987 0.012085
13 5 0.144326 0.130987 0.012085
13 6 0.144326 0.130987 0.012085
13 7 0.141983 0.130987 0.012085
13 8 0.143155 0.130987 0.012085
13 9 0.140161 0.130987 0.012085
13 10 0.141333 0.130987 0.012085
13 11 0.141463 0.130987 0.012085
13 12 0.141983 0.130987 0.012085
13 13 0.140552 0.130987 0.012085
13 14 0.135086 0.130987 0.012085
13 15 0.133004 0.130987 0.012085
13 16 0.133264 0.130987 0.012085
13 17 0.128058 0.130987 0.012085
13 18 0.123243 0.130987 0.012085
13 19 0.117126 0.130987 0.012085
13 20 0.109708 0.130987 0.012085
14 0 0.128058 0.130987 0.012085
14 1 0.132743 0.130987 0.012085
14 2 0.137038 0.130987 0.012085
14 3 0.139381 0.130987 0.012085
14 4 0.140942 0.130987 0.012085
14 5 0.143415 0.130987 0.012085
14 6 0.144196 0.130987 0.012085
14 7 0.143024 0.130987 0.012085
14 8 0.141593 0.130987 0.012085
14 9 0.140161 0.130987 0.012085
14 10 0.140422 0.130987 0.012085
14 11 0.139901 0.130987 0.012085
14 12 0.140031 0.130987 0.012085
14 13 0.137949 0.130987 0.012085
14 14 0.133004 0.130987 0.012085
14 15 0.132353 0.130987 0.012085
14 16 0.130531 0.130987 0.012085
14 17 0.125976 0.130987 0.012085
14 18 0.119209 0.130987 0.012085
14 19 0.112572 0.130987 0.012085
14 20 0.107106 0.130987 0.012085
15 0 0.126757 0.130987 0.012085
15 1 0.131963 0.130987 0.012085
15 2 0.135867 0.130987 0.012085
15 3 0.141463 0.130987 0.012085
15 4 0.141983 0.130987 0.012085
15 5 0.144066 0.130987 0.012085
15 6 0.143285 0.130987 0.012085
15 7 0.141463 0.130987 0.012085
15 8 0.140292 0.130987 0.012085
15 9 0.138470 0.130987 0.012085
15 10 0.138600 0.130987 0.012085
15 11 0.137168 0.130987 0.012085
15 12 0.137038 0.130987 0.012085
15 13 0.135346 0.130987 0.012085
15 14 0.132613 0.130987 0.012085
15 15 0.128839 0.130987 0.012085
15 16 0.126887 0.130987 0.012085
15 17 0.121291 0.130987 0.012085
15 18 0.115565 0.130987 0.012085
15 19 0.110359 0.130987 0.012085
15 20 0.104373 0.130987 0.012085
16 0 0.127538 0.130987 0.012085
16 1 0.132223 0.130987 0.012085
16 2 0.135867 0.130987 0.012085
16 3 0.139511 0.130987 0.012085
16 4 0.142634 0.130987 0.012085
16 5 0.144456 0.130987 0.012085
16 6 0.142504 0.130987 0.012085
16 7 0.139381 0.130987 0.012085
16 8 0.138990 0.130987 0.012085
16 9 0.139120 0.130987 0.012085
16 10 0.139250 0.130987 0.012085
16 11 0.137298 0.130987 0.012085
16 12 0.135737 0.130987 0.012085
16 13 0.132353 0.130987 0.012085
16 14 0.130531 0.130987 0.012085
16 15 0.129360 0.130987 0.012085
16 16 0.126106 0.130987 0.012085
16 17 0.117517 0.130987 0.012085
16 18 0.110750 0.130987 0.012085
16 19 0.105414 0.130987 0.012085
16 20 0.098907 0.130987 0.012085
17 0 0.125976 0.130987 0.012085
17 1 0.130401 0.130987 0.012085
17 2 0.135476 0.130987 0.012085
17 3 0.138600 0.130987 0.012085
17 4 0.139901 0.130987 0.012085
17 5 0.143024 0.130987 0.012085
17 6 0.141853 0.130987 0.012085
17 7 0.137689 0.130987 0.012085
17 8 0.139641 0.130987 0.012085
17 9 0.136127 0.130987 0.012085
17 10 0.135606 0.130987 0.012085
17 11 0.134045 0.130987 0.012085
17 12 0.131832 0.130987 0.012085
17 13 0.130921 0.130987 0.012085
17 14 0.127928 0.130987 0.012085
17 15 0.124545 0.130987 0.012085
17 16 0.122592 0.130987 0.012085
17 17 0.113222 0.130987 0.012085
17 18 0.107236 0.130987 0.012085
17 19 0.100859 0.130987 0.012085
17 20 0.094092 0.130987 0.012085
18 0 0.122983 0.130987 0.012085
18 1 0.128319 0.130987 0.012085
18 2 0.133654 0.130987 0.012085
18 3 0.137168 0.130987 0.012085
18 4 0.137559 0.130987 0.012085
18 5 0.137298 0.130987 0.012085
18 6 0.137038 0.130987 0.012085
18 7 0.135867 0.130987 0.012085
18 8 0.133524 0.130987 0.012085
18 9 0.128969 0.130987 0.012085
18 10 0.129230 0.130987 0.012085
18 11 0.126236 0.130987 0.012085
18 12 0.125325 0.130987 0.012085
18 13 0.122592 0.130987 0.012085
18 14 0.120250 0.130987 0.012085
18 15 0.116476 0.130987 0.012085
18 16 0.113092 0.130987 0.012085
18 17 0.109318 0.130987 0.012085
18 18 0.103982 0.130987 0.012085
18 19 0.098907 0.130987 0.012085
18 20 0.093050 0.130987 0.012085
19 0 0.120120 0.130987 0.012085
19 1 0.125716 0.130987 0.012085
19 2 0.129750 0.130987 0.012085
19 3 0.132223 0.130987 0.012085
19 4 0.132353 0.130987 0.012085
19 5 0.132353 0.130987 0.012085
19 6 0.131182 0.130987 0.012085
19 7 0.129490 0.130987 0.012085
19 8 0.127017 0.130987 0.012085
19 9 0.121551 0.130987 0.012085
19 10 0.119859 0.130987 0.012085
19 11 0.118818 0.130987 0.012085
19 12 0.116736 0.130987 0.012085
19 13 0.114003 0.130987 0.012085
19 14 0.111661 0.130987 0.012085
19 15 0.108928 0.130987 0.012085
19 16 0.108407 0.130987 0.012085
19 17 0.104893 0.130987 0.012085
19 18 0.100338 0.130987 0.012085
19 19 0.093050 0.130987 0.012085
19 20 0.090187 0.130987 0.012085
20 0 0.116866 0.130987 0.012085
20 1 0.121551 0.130987 0.012085
20 2 0.124545 0.130987 0.012085
20 3 0.125455 0.130987 0.012085
20 4 0.126236 0.130987 0.012085
20 5 0.127928 0.130987 0.012085
20 6 0.126757 0.130987 0.012085
20 7 0.119339 0.130987 0.012085
20 8 0.121031 0.130987 0.012085
20 9 0.118037 0.130987 0.012085
20 10 0.112702 0.130987 0.012085
20 11 0.111530 0.130987 0.012085
20 12 0.109188 0.130987 0.012085
20 13 0.106195 0.130987 0.012085
20 14 0.103332 0.130987 0.012085
20 15 0.100729 0.130987 0.012085
20 16 0.100859 0.130987 0.012085
20 17 0.098907 0.130987 0.012085
20 18 0.094222 0.130987 0.012085
20 19 0.092009 0.130987 0.012085
20 20 0.088105 0.130987 0.012085
