# contact distance = 24.0 Angstroms
# F = 0.4 kJ/mol

# i j contact_probability mean_contact_probability stddev_contact_probability
0 0 0.113196 0.128190 0.009530
0 1 0.119365 0.128190 0.009530
0 2 0.117477 0.128190 0.009530
0 3 0.113322 0.128190 0.009530
0 4 0.115966 0.128190 0.009530
0 5 0.111181 0.128190 0.009530
0 6 0.110551 0.128190 0.009530
0 7 0.110929 0.128190 0.009530
0 8 0.114707 0.128190 0.009530
0 9 0.115462 0.128190 0.009530
0 10 0.118988 0.128190 0.009530
0 11 0.121380 0.128190 0.009530
0 12 0.125157 0.128190 0.009530
0 13 0.127927 0.128190 0.009530
0 14 0.130698 0.128190 0.009530
0 15 0.133971 0.128190 0.009530
0 16 0.134475 0.128190 0.009530
0 17 0.133971 0.128190 0.009530
0 18 0.132964 0.128190 0.009530
0 19 0.130068 0.128190 0.009530
0 20 0.128053 0.128190 0.009530
1 0 0.114455 0.128190 0.009530
1 1 0.122639 0.128190 0.009530
1 2 0.120876 0.128190 0.009530
1 3 0.118862 0.128190 0.009530
1 4 0.119365 0.128190 0.009530
1 5 0.115210 0.128190 0.009530
1 6 0.116847 0.128190 0.009530
1 7 0.117729 0.128190 0.009530
1 8 0.121128 0.128190 0.009530
1 9 0.123269 0.128190 0.009530
1 10 0.127298 0.128190 0.009530
1 11 0.130194 0.128190 0.009530
1 12 0.131201 0.128190 0.009530
1 13 0.134349 0.128190 0.009530
1 14 0.136238 0.128190 0.009530
1 15 0.137623 0.128190 0.009530
1 16 0.138756 0.128190 0.009530
1 17 0.137875 0.128190 0.009530
1 18 0.135734 0.128190 0.009530
1 19 0.135230 0.128190 0.009530
1 20 0.130446 0.128190 0.009530
2 0 0.115336 0.128190 0.009530
2 1 0.119617 0.128190 0.009530
2 2 0.124654 0.128190 0.009530
2 3 0.121884 0.128190 0.009530
2 4 0.121506 0.128190 0.009530
2 5 0.119491 0.128190 0.009530
2 6 0.120121 0.128190 0.009530
2 7 0.121884 0.128190 0.009530
2 8 0.124150 0.128190 0.009530
2 9 0.127424 0.128190 0.009530
2 10 0.132586 0.128190 0.009530
2 11 0.135482 0.128190 0.009530
2 12 0.135482 0.128190 0.009530
2 13 0.139511 0.128190 0.009530
2 14 0.139889 0.128190 0.009530
2 15 0.141022 0.128190 0.009530
2 16 0.143037 0.128190 0.009530
2 17 0.141652 0.128190 0.009530
2 18 0.139008 0.128190 0.009530
2 19 0.135230 0.128190 0.009530
2 20 0.134097 0.128190 0.009530
3 0 0.114958 0.128190 0.009530
3 1 0.120876 0.128190 0.009530
3 2 0.123898 0.128190 0.009530
3 3 0.122765 0.128190 0.009530
3 4 0.122639 0.128190 0.009530
3 5 0.121632 0.128190 0.009530
3 6 0.123017 0.128190 0.009530
3 7 0.125409 0.128190 0.009530
3 8 0.127802 0.128190 0.009530
3 9 0.130068 0.128190 0.009530
3 10 0.133719 0.128190 0.009530
3 11 0.136490 0.128190 0.009530
3 12 0.138126 0.128190 0.009530
3 13 0.140519 0.128190 0.009530
3 14 0.142156 0.128190 0.009530
3 15 0.143792 0.128190 0.009530
3 16 0.144800 0.128190 0.009530
3 17 0.142785 0.128190 0.009530
3 18 0.138882 0.128190 0.009530
3 19 0.138504 0.128190 0.009530
3 20 0.136867 0.128190 0.009530
4 0 0.112062 0.128190 0.009530
4 1 0.118232 0.128190 0.009530
4 2 0.117351 0.128190 0.009530
4 3 0.122513 0.128190 0.009530
4 4 0.123646 0.128190 0.009530
4 5 0.123898 0.128190 0.009530
4 6 0.124780 0.128190 0.009530
4 7 0.125787 0.128190 0.009530
4 8 0.130823 0.128190 0.009530
4 9 0.129942 0.128190 0.009530
4 10 0.133719 0.128190 0.009530
4 11 0.135860 0.128190 0.009530
4 12 0.137371 0.128190 0.009530
4 13 0.141022 0.128190 0.009530
4 14 0.143037 0.128190 0.009530
4 15 0.146563 0.128190 0.009530
4 16 0.145807 0.128190 0.009530
4 17 0.142785 0.128190 0.009530
4 18 0.140393 0.128190 0.009530
4 19 0.138252 0.128190 0.009530
4 20 0.137245 0.128190 0.009530
5 0 0.110300 0.128190 0.009530
5 1 0.114329 0.128190 0.009530
5 2 0.117729 0.128190 0.009530
5 3 0.120499 0.128190 0.009530
5 4 0.123017 0.128190 0.009530
5 5 0.124402 0.128190 0.009530
5 6 0.127927 0.128190 0.009530
5 7 0.130823 0.128190 0.009530
5 8 0.130698 0.128190 0.009530
5 9 0.131327 0.128190 0.009530
5 10 0.132838 0.128190 0.009530
5 11 0.134601 0.128190 0.009530
5 12 0.136741 0.128190 0.009530
5 13 0.139889 0.128190 0.009530
5 14 0.141148 0.128190 0.009530
5 15 0.144422 0.128190 0.009530
5 16 0.144548 0.128190 0.009530
5 17 0.143918 0.128190 0.009530
5 18 0.139134 0.128190 0.009530
5 19 0.137245 0.128190 0.009530
5 20 0.134853 0.128190 0.009530
6 0 0.110551 0.128190 0.009530
6 1 0.113699 0.128190 0.009530
6 2 0.117099 0.128190 0.009530
6 3 0.120876 0.128190 0.009530
6 4 0.125031 0.128190 0.009530
6 5 0.125157 0.128190 0.009530
6 6 0.128305 0.128190 0.009530
6 7 0.129816 0.128190 0.009530
6 8 0.132334 0.128190 0.009530
6 9 0.133719 0.128190 0.009530
6 10 0.133845 0.128190 0.009530
6 11 0.132460 0.128190 0.009530
6 12 0.135482 0.128190 0.009530
6 13 0.138001 0.128190 0.009530
6 14 0.139511 0.128190 0.009530
6 15 0.142156 0.128190 0.009530
6 16 0.143792 0.128190 0.009530
6 17 0.139763 0.128190 0.009530
6 18 0.138630 0.128190 0.009530
6 19 0.136615 0.128190 0.009530
6 20 0.132964 0.128190 0.009530
7 0 0.113196 0.128190 0.009530
7 1 0.116343 0.128190 0.009530
7 2 0.117854 0.128190 0.009530
7 3 0.122891 0.128190 0.009530
7 4 0.124528 0.128190 0.009530
7 5 0.124780 0.128190 0.009530
7 6 0.127676 0.128190 0.009530
7 7 0.130194 0.128190 0.009530
7 8 0.131957 0.128190 0.009530
7 9 0.133468 0.128190 0.009530
7 10 0.134727 0.128190 0.009530
7 11 0.132838 0.128190 0.009530
7 12 0.136112 0.128190 0.009530
7 13 0.138882 0.128190 0.009530
7 14 0.138252 0.128190 0.009530
7 15 0.139260 0.128190 0.009530
7 16 0.138756 0.128190 0.009530
7 17 0.136993 0.128190 0.009530
7 18 0.135860 0.128190 0.009530
7 19 0.134475 0.128190 0.009530
7 20 0.129564 0.128190 0.009530
8 0 0.114707 0.128190 0.009530
8 1 0.119995 0.128190 0.009530
8 2 0.119491 0.128190 0.009530
8 3 0.123521 0.128190 0.009530
8 4 0.124906 0.128190 0.009530
8 5 0.126542 0.128190 0.009530
8 6 0.129061 0.128190 0.009530
8 7 0.130823 0.128190 0.009530
8 8 0.132209 0.128190 0.009530
8 9 0.130446 0.128190 0.009530
8 10 0.131201 0.128190 0.009530
8 11 0.132334 0.128190 0.009530
8 12 0.134349 0.128190 0.009530
8 13 0.136993 0.128190 0.009530
8 14 0.136741 0.128190 0.009530
8 15 0.138126 0.128190 0.009530
8 16 0.137497 0.128190 0.009530
8 17 0.136490 0.128190 0.009530
8 18 0.134475 0.128190 0.009530
8 19 0.130949 0.128190 0.009530
8 20 0.127550 0.128190 0.009530
9 0 0.115588 0.128190 0.009530
9 1 0.121254 0.128190 0.009530
9 2 0.123772 0.128190 0.009530
9 3 0.127298 0.128190 0.009530
9 4 0.127424 0.128190 0.009530
9 5 0.128431 0.128190 0.009530
9 6 0.132838 0.128190 0.009530
9 7 0.134349 0.128190 0.009530
9 8 0.133594 0.128190 0.009530
9 9 0.131579 0.128190 0.009530
9 10 0.133468 0.128190 0.009530
9 11 0.133971 0.128190 0.009530
9 12 0.133719 0.128190 0.009530
9 13 0.134979 0.128190 0.009530
9 14 0.137749 0.128190 0.009530
9 15 0.136615 0.128190 0.009530
9 16 0.137245 0.128190 0.009530
9 17 0.135105 0.128190 0.009530
9 18 0.131579 0.128190 0.009530
9 19 0.129564 0.128190 0.009530
9 20 0.125913 0.128190 0.009530
10 0 0.121884 0.128190 0.009530
10 1 0.125157 0.128190 0.009530
10 2 0.129313 0.128190 0.009530
10 3 0.132083 0.128190 0.009530
10 4 0.129564 0.128190 0.009530
10 5 0.130446 0.128190 0.009530
10 6 0.134349 0.128190 0.009530
10 7 0.135230 0.128190 0.009530
10 8 0.132838 0.128190 0.009530
10 9 0.134223 0.128190 0.009530
10 10 0.133342 0.128190 0.009530
10 11 0.134097 0.128190 0.009530
10 12 0.134223 0.128190 0.009530
10 13 0.136364 0.128190 0.009530
10 14 0.135986 0.128190 0.009530
10 15 0.135608 0.128190 0.009530
10 16 0.134853 0.128190 0.009530
10 17 0.131201 0.128190 0.009530
10 18 0.127802 0.128190 0.009530
10 19 0.126668 0.128190 0.009530
10 20 0.121884 0.128190 0.009530
11 0 0.123143 0.128190 0.009530
11 1 0.127676 0.128190 0.009530
11 2 0.129313 0.128190 0.009530
11 3 0.131075 0.128190 0.009530
11 4 0.130823 0.128190 0.009530
11 5 0.133090 0.128190 0.009530
11 6 0.133468 0.128190 0.009530
11 7 0.134727 0.128190 0.009530
11 8 0.135608 0.128190 0.009530
11 9 0.135105 0.128190 0.009530
11 10 0.133468 0.128190 0.009530
11 11 0.133594 0.128190 0.009530
11 12 0.133719 0.128190 0.009530
11 13 0.135105 0.128190 0.009530
11 14 0.134349 0.128190 0.009530
11 15 0.130823 0.128190 0.009530
11 16 0.131327 0.128190 0.009530
11 17 0.128305 0.128190 0.009530
11 18 0.125409 0.128190 0.009530
11 19 0.123898 0.128190 0.009530
11 20 0.118988 0.128190 0.009530
12 0 0.125157 0.128190 0.009530
12 1 0.131201 0.128190 0.009530
12 2 0.133594 0.128190 0.009530
12 3 0.133594 0.128190 0.009530
12 4 0.133594 0.128190 0.009530
12 5 0.134853 0.128190 0.009530
12 6 0.133342 0.128190 0.009530
12 7 0.134979 0.128190 0.009530
12 8 0.134853 0.128190 0.009530
12 9 0.133468 0.128190 0.009530
12 10 0.132209 0.128190 0.009530
12 11 0.133468 0.128190 0.009530
12 12 0.133719 0.128190 0.009530
12 13 0.135986 0.128190 0.009530
12 14 0.134349 0.128190 0.009530
12 15 0.130446 0.128190 0.009530
12 16 0.127802 0.128190 0.009530
12 17 0.126417 0.128190 0.009530
12 18 0.122765 0.128190 0.009530
12 19 0.118232 0.128190 0.009530
12 20 0.116847 0.128190 0.009530
13 0 0.128683 0.128190 0.009530
13 1 0.135482 0.128190 0.009530
13 2 0.135356 0.128190 0.009530
13 3 0.134853 0.128190 0.009530
13 4 0.135608 0.128190 0.009530
13 5 0.134097 0.128190 0.009530
13 6 0.135105 0.128190 0.009530
13 7 0.133594 0.128190 0.009530
13 8 0.135230 0.128190 0.009530
13 9 0.134097 0.128190 0.009530
13 10 0.131957 0.128190 0.009530
13 11 0.131453 0.128190 0.009530
13 12 0.132838 0.128190 0.009530
13 13 0.133719 0.128190 0.009530
13 14 0.131705 0.128190 0.009530
13 15 0.130698 0.128190 0.009530
13 16 0.128431 0.128190 0.009530
13 17 0.124654 0.128190 0.009530
13 18 0.122387 0.128190 0.009530
13 19 0.118862 0.128190 0.009530
13 20 0.115714 0.128190 0.009530
14 0 0.132964 0.128190 0.009530
14 1 0.136238 0.128190 0.009530
14 2 0.136867 0.128190 0.009530
14 3 0.136993 0.128190 0.009530
14 4 0.135734 0.128190 0.009530
14 5 0.136112 0.128190 0.009530
14 6 0.135986 0.128190 0.009530
14 7 0.134727 0.128190 0.009530
14 8 0.133845 0.128190 0.009530
14 9 0.132964 0.128190 0.009530
14 10 0.131579 0.128190 0.009530
14 11 0.130068 0.128190 0.009530
14 12 0.133342 0.128190 0.009530
14 13 0.132964 0.128190 0.009530
14 14 0.131201 0.128190 0.009530
14 15 0.129438 0.128190 0.009530
14 16 0.126291 0.128190 0.009530
14 17 0.126165 0.128190 0.009530
14 18 0.120499 0.128190 0.009530
14 19 0.115714 0.128190 0.009530
14 20 0.113447 0.128190 0.009530
15 0 0.133594 0.128190 0.009530
15 1 0.136615 0.128190 0.009530
15 2 0.138378 0.128190 0.009530
15 3 0.138882 0.128190 0.009530
15 4 0.139008 0.128190 0.009530
15 5 0.137875 0.128190 0.009530
15 6 0.137875 0.128190 0.009530
15 7 0.135230 0.128190 0.009530
15 8 0.132838 0.128190 0.009530
15 9 0.133216 0.128190 0.009530
15 10 0.131579 0.128190 0.009530
15 11 0.132586 0.128190 0.009530
15 12 0.131327 0.128190 0.009530
15 13 0.129816 0.128190 0.009530
15 14 0.128809 0.128190 0.009530
15 15 0.127046 0.128190 0.009530
15 16 0.123017 0.128190 0.009530
15 17 0.120625 0.128190 0.009530
15 18 0.116721 0.128190 0.009530
15 19 0.113447 0.128190 0.009530
15 20 0.105641 0.128190 0.009530
16 0 0.131201 0.128190 0.009530
16 1 0.137623 0.128190 0.009530
16 2 0.138504 0.128190 0.009530
16 3 0.137623 0.128190 0.009530
16 4 0.140015 0.128190 0.009530
16 5 0.137749 0.128190 0.009530
16 6 0.137119 0.128190 0.009530
16 7 0.134097 0.128190 0.009530
16 8 0.133845 0.128190 0.009530
16 9 0.130068 0.128190 0.009530
16 10 0.128809 0.128190 0.009530
16 11 0.129187 0.128190 0.009530
16 12 0.130823 0.128190 0.009530
16 13 0.128053 0.128190 0.009530
16 14 0.126794 0.128190 0.009530
16 15 0.125409 0.128190 0.009530
16 16 0.121506 0.128190 0.009530
16 17 0.118232 0.128190 0.009530
16 18 0.115084 0.128190 0.009530
16 19 0.109544 0.128190 0.009530
16 20 0.105893 0.128190 0.009530
17 0 0.127676 0.128190 0.009530
17 1 0.133719 0.128190 0.009530
17 2 0.135986 0.128190 0.009530
17 3 0.137371 0.128190 0.009530
17 4 0.139008 0.128190 0.009530
17 5 0.137749 0.128190 0.009530
17 6 0.137749 0.128190 0.009530
17 7 0.132083 0.128190 0.009530
17 8 0.132460 0.128190 0.009530
17 9 0.129690 0.128190 0.009530
17 10 0.127046 0.128190 0.009530
17 11 0.126794 0.128190 0.009530
17 12 0.128431 0.128190 0.009530
17 13 0.128809 0.128190 0.009530
17 14 0.124906 0.128190 0.009530
17 15 0.121254 0.128190 0.009530
17 16 0.119491 0.128190 0.009530
17 17 0.114077 0.128190 0.009530
17 18 0.112062 0.128190 0.009530
17 19 0.106145 0.128190 0.009530
17 20 0.102745 0.128190 0.009530
18 0 0.124780 0.128190 0.009530
18 1 0.130949 0.128190 0.009530
18 2 0.134097 0.128190 0.009530
18 3 0.133216 0.128190 0.009530
18 4 0.134601 0.128190 0.009530
18 5 0.134727 0.128190 0.009530
18 6 0.133971 0.128190 0.009530
18 7 0.129942 0.128190 0.009530
18 8 0.129187 0.128190 0.009530
18 9 0.126542 0.128190 0.009530
18 10 0.123521 0.128190 0.009530
18 11 0.121380 0.128190 0.009530
18 12 0.123772 0.128190 0.009530
18 13 0.126794 0.128190 0.009530
18 14 0.123395 0.128190 0.009530
18 15 0.118232 0.128190 0.009530
18 16 0.113951 0.128190 0.009530
18 17 0.111307 0.128190 0.009530
18 18 0.107907 0.128190 0.009530
18 19 0.101360 0.128190 0.009530
18 20 0.099345 0.128190 0.009530
19 0 0.123269 0.128190 0.009530
19 1 0.127802 0.128190 0.009530
19 2 0.129313 0.128190 0.009530
19 3 0.131327 0.128190 0.009530
19 4 0.131831 0.128190 0.009530
19 5 0.131579 0.128190 0.009530
19 6 0.130698 0.128190 0.009530
19 7 0.129438 0.128190 0.009530
19 8 0.128935 0.128190 0.009530
19 9 0.125535 0.128190 0.009530
19 10 0.121884 0.128190 0.009530
19 11 0.119995 0.128190 0.009530
19 12 0.119869 0.128190 0.009530
19 13 0.118736 0.128190 0.009530
19 14 0.117099 0.128190 0.009530
19 15 0.116092 0.128190 0.009530
19 16 0.109922 0.128190 0.009530
19 17 0.105389 0.128190 0.009530
19 18 0.101864 0.128190 0.009530
19 19 0.096953 0.128190 0.009530
19 20 0.094057 0.128190 0.009530
20 0 0.120625 0.128190 0.009530
20 1 0.124528 0.128190 0.009530
20 2 0.126417 0.128190 0.009530
20 3 0.127046 0.128190 0.009530
20 4 0.129187 0.128190 0.009530
20 5 0.128053 0.128190 0.009530
20 6 0.127172 0.128190 0.009530
20 7 0.124780 0.128190 0.009530
20 8 0.122010 0.128190 0.009530
20 9 0.118736 0.128190 0.009530
20 10 0.117603 0.128190 0.009530
20 11 0.113322 0.128190 0.009530
20 12 0.111181 0.128190 0.009530
20 13 0.111307 0.128190 0.009530
20 14 0.110803 0.128190 0.009530
20 15 0.107152 0.128190 0.009530
20 16 0.106019 0.128190 0.009530
20 17 0.101108 0.128190 0.009530
20 18 0.099219 0.128190 0.009530
20 19 0.093301 0.128190 0.009530
20 20 0.090405 0.128190 0.009530
