# contact distance = 24.0 Angstroms
# F = 0.4 kJ/mol

# i j contact_probability mean_contact_probability stddev_contact_probability
0 0 0.116157 0.148032 0.016963
0 1 0.119256 0.148032 0.016963
0 2 0.123317 0.148032 0.016963
0 3 0.124492 0.148032 0.016963
0 4 0.126416 0.148032 0.016963
0 5 0.125134 0.148032 0.016963
0 6 0.124706 0.148032 0.016963
0 7 0.124492 0.148032 0.016963
0 8 0.128981 0.148032 0.016963
0 9 0.133576 0.148032 0.016963
0 10 0.138812 0.148032 0.016963
0 11 0.141163 0.148032 0.016963
0 12 0.148002 0.148032 0.016963
0 13 0.155268 0.148032 0.016963
0 14 0.153986 0.148032 0.016963
0 15 0.157192 0.148032 0.016963
0 16 0.157619 0.148032 0.016963
0 17 0.156978 0.148032 0.016963
0 18 0.154948 0.148032 0.016963
0 19 0.148643 0.148032 0.016963
0 20 0.143727 0.148032 0.016963
1 0 0.119791 0.148032 0.016963
1 1 0.123958 0.148032 0.016963
1 2 0.127164 0.148032 0.016963
1 3 0.131866 0.148032 0.016963
1 4 0.133041 0.148032 0.016963
1 5 0.130690 0.148032 0.016963
1 6 0.132828 0.148032 0.016963
1 7 0.133041 0.148032 0.016963
1 8 0.135285 0.148032 0.016963
1 9 0.140201 0.148032 0.016963
1 10 0.145223 0.148032 0.016963
1 11 0.151956 0.148032 0.016963
1 12 0.153986 0.148032 0.016963
1 13 0.160398 0.148032 0.016963
1 14 0.162428 0.148032 0.016963
1 15 0.161466 0.148032 0.016963
1 16 0.160291 0.148032 0.016963
1 17 0.160184 0.148032 0.016963
1 18 0.156871 0.148032 0.016963
1 19 0.152062 0.148032 0.016963
1 20 0.147040 0.148032 0.016963
2 0 0.125668 0.148032 0.016963
2 1 0.129729 0.148032 0.016963
2 2 0.133469 0.148032 0.016963
2 3 0.134537 0.148032 0.016963
2 4 0.135499 0.148032 0.016963
2 5 0.134537 0.148032 0.016963
2 6 0.138064 0.148032 0.016963
2 7 0.140201 0.148032 0.016963
2 8 0.140415 0.148032 0.016963
2 9 0.144796 0.148032 0.016963
2 10 0.151849 0.148032 0.016963
2 11 0.155803 0.148032 0.016963
2 12 0.160184 0.148032 0.016963
2 13 0.164672 0.148032 0.016963
2 14 0.166489 0.148032 0.016963
2 15 0.165847 0.148032 0.016963
2 16 0.164351 0.148032 0.016963
2 17 0.163817 0.148032 0.016963
2 18 0.161146 0.148032 0.016963
2 19 0.157085 0.148032 0.016963
2 20 0.150139 0.148032 0.016963
3 0 0.123744 0.148032 0.016963
3 1 0.132507 0.148032 0.016963
3 2 0.134110 0.148032 0.016963
3 3 0.137636 0.148032 0.016963
3 4 0.137209 0.148032 0.016963
3 5 0.138171 0.148032 0.016963
3 6 0.141270 0.148032 0.016963
3 7 0.142659 0.148032 0.016963
3 8 0.146399 0.148032 0.016963
3 9 0.150459 0.148032 0.016963
3 10 0.152383 0.148032 0.016963
3 11 0.157940 0.148032 0.016963
3 12 0.164672 0.148032 0.016963
3 13 0.167771 0.148032 0.016963
3 14 0.169908 0.148032 0.016963
3 15 0.168519 0.148032 0.016963
3 16 0.166489 0.148032 0.016963
3 17 0.165847 0.148032 0.016963
3 18 0.164672 0.148032 0.016963
3 19 0.158047 0.148032 0.016963
3 20 0.154734 0.148032 0.016963
4 0 0.124172 0.148032 0.016963
4 1 0.131652 0.148032 0.016963
4 2 0.138064 0.148032 0.016963
4 3 0.141376 0.148032 0.016963
4 4 0.142231 0.148032 0.016963
4 5 0.141804 0.148032 0.016963
4 6 0.145758 0.148032 0.016963
4 7 0.145758 0.148032 0.016963
4 8 0.148109 0.148032 0.016963
4 9 0.151742 0.148032 0.016963
4 10 0.154093 0.148032 0.016963
4 11 0.157619 0.148032 0.016963
4 12 0.164565 0.148032 0.016963
4 13 0.168412 0.148032 0.016963
4 14 0.170656 0.148032 0.016963
4 15 0.168733 0.148032 0.016963
4 16 0.166916 0.148032 0.016963
4 17 0.166382 0.148032 0.016963
4 18 0.164458 0.148032 0.016963
4 19 0.160077 0.148032 0.016963
4 20 0.153238 0.148032 0.016963
5 0 0.124813 0.148032 0.016963
5 1 0.130263 0.148032 0.016963
5 2 0.134537 0.148032 0.016963
5 3 0.140094 0.148032 0.016963
5 4 0.143193 0.148032 0.016963
5 5 0.145010 0.148032 0.016963
5 6 0.147361 0.148032 0.016963
5 7 0.147361 0.148032 0.016963
5 8 0.148750 0.148032 0.016963
5 9 0.152169 0.148032 0.016963
5 10 0.156230 0.148032 0.016963
5 11 0.157512 0.148032 0.016963
5 12 0.160077 0.148032 0.016963
5 13 0.165313 0.148032 0.016963
5 14 0.168198 0.148032 0.016963
5 15 0.168091 0.148032 0.016963
5 16 0.166168 0.148032 0.016963
5 17 0.163924 0.148032 0.016963
5 18 0.161787 0.148032 0.016963
5 19 0.157726 0.148032 0.016963
5 20 0.150994 0.148032 0.016963
6 0 0.124706 0.148032 0.016963
6 1 0.130583 0.148032 0.016963
6 2 0.134751 0.148032 0.016963
6 3 0.142552 0.148032 0.016963
6 4 0.146292 0.148032 0.016963
6 5 0.148857 0.148032 0.016963
6 6 0.150032 0.148032 0.016963
6 7 0.147254 0.148032 0.016963
6 8 0.151208 0.148032 0.016963
6 9 0.153986 0.148032 0.016963
6 10 0.156657 0.148032 0.016963
6 11 0.157405 0.148032 0.016963
6 12 0.160291 0.148032 0.016963
6 13 0.162962 0.148032 0.016963
6 14 0.164993 0.148032 0.016963
6 15 0.166916 0.148032 0.016963
6 16 0.165634 0.148032 0.016963
6 17 0.164565 0.148032 0.016963
6 18 0.163603 0.148032 0.016963
6 19 0.158901 0.148032 0.016963
6 20 0.152597 0.148032 0.016963
7 0 0.124599 0.148032 0.016963
7 1 0.132186 0.148032 0.016963
7 2 0.137423 0.148032 0.016963
7 3 0.142872 0.148032 0.016963
7 4 0.146613 0.148032 0.016963
7 5 0.149711 0.148032 0.016963
7 6 0.149711 0.148032 0.016963
7 7 0.147788 0.148032 0.016963
7 8 0.151421 0.148032 0.016963
7 9 0.153665 0.148032 0.016963
7 10 0.154734 0.148032 0.016963
7 11 0.156657 0.148032 0.016963
7 12 0.158367 0.148032 0.016963
7 13 0.161359 0.148032 0.016963
7 14 0.161146 0.148032 0.016963
7 15 0.160932 0.148032 0.016963
7 16 0.160077 0.148032 0.016963
7 17 0.159329 0.148032 0.016963
7 18 0.157512 0.148032 0.016963
7 19 0.154841 0.148032 0.016963
7 20 0.149925 0.148032 0.016963
8 0 0.127698 0.148032 0.016963
8 1 0.135820 0.148032 0.016963
8 2 0.141270 0.148032 0.016963
8 3 0.147895 0.148032 0.016963
8 4 0.150566 0.148032 0.016963
8 5 0.154413 0.148032 0.016963
8 6 0.152276 0.148032 0.016963
8 7 0.152276 0.148032 0.016963
8 8 0.151314 0.148032 0.016963
8 9 0.154093 0.148032 0.016963
8 10 0.154734 0.148032 0.016963
8 11 0.158367 0.148032 0.016963
8 12 0.158153 0.148032 0.016963
8 13 0.162000 0.148032 0.016963
8 14 0.159970 0.148032 0.016963
8 15 0.159649 0.148032 0.016963
8 16 0.157940 0.148032 0.016963
8 17 0.158474 0.148032 0.016963
8 18 0.156444 0.148032 0.016963
8 19 0.150566 0.148032 0.016963
8 20 0.142979 0.148032 0.016963
9 0 0.130583 0.148032 0.016963
9 1 0.140735 0.148032 0.016963
9 2 0.145758 0.148032 0.016963
9 3 0.152704 0.148032 0.016963
9 4 0.154841 0.148032 0.016963
9 5 0.157512 0.148032 0.016963
9 6 0.157726 0.148032 0.016963
9 7 0.155161 0.148032 0.016963
9 8 0.154841 0.148032 0.016963
9 9 0.155375 0.148032 0.016963
9 10 0.159436 0.148032 0.016963
9 11 0.160077 0.148032 0.016963
9 12 0.159970 0.148032 0.016963
9 13 0.161252 0.148032 0.016963
9 14 0.157833 0.148032 0.016963
9 15 0.158581 0.148032 0.016963
9 16 0.155589 0.148032 0.016963
9 17 0.154948 0.148032 0.016963
9 18 0.152597 0.148032 0.016963
9 19 0.145865 0.148032 0.016963
9 20 0.140094 0.148032 0.016963
10 0 0.137316 0.148032 0.016963
10 1 0.144048 0.148032 0.016963
10 2 0.148857 0.148032 0.016963
10 3 0.153879 0.148032 0.016963
10 4 0.157085 0.148032 0.016963
10 5 0.158474 0.148032 0.016963
10 6 0.157192 0.148032 0.016963
10 7 0.155482 0.148032 0.016963
10 8 0.155696 0.148032 0.016963
10 9 0.156337 0.148032 0.016963
10 10 0.157940 0.148032 0.016963
10 11 0.159649 0.148032 0.016963
10 12 0.159970 0.148032 0.016963
10 13 0.160184 0.148032 0.016963
10 14 0.159543 0.148032 0.016963
10 15 0.156230 0.148032 0.016963
10 16 0.154520 0.148032 0.016963
10 17 0.152490 0.148032 0.016963
10 18 0.150032 0.148032 0.016963
10 19 0.142445 0.148032 0.016963
10 20 0.132828 0.148032 0.016963
11 0 0.141697 0.148032 0.016963
11 1 0.147147 0.148032 0.016963
11 2 0.153452 0.148032 0.016963
11 3 0.156444 0.148032 0.016963
11 4 0.158153 0.148032 0.016963
11 5 0.159970 0.148032 0.016963
11 6 0.158047 0.148032 0.016963
11 7 0.156337 0.148032 0.016963
11 8 0.156016 0.148032 0.016963
11 9 0.158795 0.148032 0.016963
11 10 0.158367 0.148032 0.016963
11 11 0.160611 0.148032 0.016963
11 12 0.159008 0.148032 0.016963
11 13 0.159436 0.148032 0.016963
11 14 0.158047 0.148032 0.016963
11 15 0.155909 0.148032 0.016963
11 16 0.153131 0.148032 0.016963
11 17 0.150887 0.148032 0.016963
11 18 0.147040 0.148032 0.016963
11 19 0.139025 0.148032 0.016963
11 20 0.129194 0.148032 0.016963
12 0 0.144689 0.148032 0.016963
12 1 0.152810 0.148032 0.016963
12 2 0.157512 0.148032 0.016963
12 3 0.159436 0.148032 0.016963
12 4 0.161894 0.148032 0.016963
12 5 0.161680 0.148032 0.016963
12 6 0.162107 0.148032 0.016963
12 7 0.158260 0.148032 0.016963
12 8 0.158474 0.148032 0.016963
12 9 0.157726 0.148032 0.016963
12 10 0.157192 0.148032 0.016963
12 11 0.155803 0.148032 0.016963
12 12 0.157726 0.148032 0.016963
12 13 0.158581 0.148032 0.016963
12 14 0.155803 0.148032 0.016963
12 15 0.153986 0.148032 0.016963
12 16 0.150459 0.148032 0.016963
12 17 0.145010 0.148032 0.016963
12 18 0.142659 0.148032 0.016963
12 19 0.135926 0.148032 0.016963
12 20 0.122996 0.148032 0.016963
13 0 0.149711 0.148032 0.016963
13 1 0.156871 0.148032 0.016963
13 2 0.162000 0.148032 0.016963
13 3 0.165527 0.148032 0.016963
13 4 0.165634 0.148032 0.016963
13 5 0.165206 0.148032 0.016963
13 6 0.165313 0.148032 0.016963
13 7 0.162535 0.148032 0.016963
13 8 0.160291 0.148032 0.016963
13 9 0.158688 0.148032 0.016963
13 10 0.157726 0.148032 0.016963
13 11 0.154520 0.148032 0.016963
13 12 0.155161 0.148032 0.016963
13 13 0.154200 0.148032 0.016963
13 14 0.152810 0.148032 0.016963
13 15 0.150032 0.148032 0.016963
13 16 0.144262 0.148032 0.016963
13 17 0.139346 0.148032 0.016963
13 18 0.137102 0.148032 0.016963
13 19 0.130690 0.148032 0.016963
13 20 0.116798 0.148032 0.016963
14 0 0.154093 0.148032 0.016963
14 1 0.160825 0.148032 0.016963
14 2 0.165634 0.148032 0.016963
14 3 0.168519 0.148032 0.016963
14 4 0.167664 0.148032 0.016963
14 5 0.166061 0.148032 0.016963
14 6 0.165741 0.148032 0.016963
14 7 0.162642 0.148032 0.016963
14 8 0.159222 0.148032 0.016963
14 9 0.158260 0.148032 0.016963
14 10 0.156230 0.148032 0.016963
14 11 0.154734 0.148032 0.016963
14 12 0.153452 0.148032 0.016963
14 13 0.152062 0.148032 0.016963
14 14 0.149070 0.148032 0.016963
14 15 0.145544 0.148032 0.016963
14 16 0.142018 0.148032 0.016963
14 17 0.134110 0.148032 0.016963
14 18 0.128767 0.148032 0.016963
14 19 0.121180 0.148032 0.016963
14 20 0.111776 0.148032 0.016963
15 0 0.157085 0.148032 0.016963
15 1 0.163390 0.148032 0.016963
15 2 0.168091 0.148032 0.016963
15 3 0.170549 0.148032 0.016963
15 4 0.169481 0.148032 0.016963
15 5 0.167450 0.148032 0.016963
15 6 0.167343 0.148032 0.016963
15 7 0.165313 0.148032 0.016963
15 8 0.162748 0.148032 0.016963
15 9 0.160398 0.148032 0.016963
15 10 0.158047 0.148032 0.016963
15 11 0.155375 0.148032 0.016963
15 12 0.153665 0.148032 0.016963
15 13 0.148536 0.148032 0.016963
15 14 0.146078 0.148032 0.016963
15 15 0.142872 0.148032 0.016963
15 16 0.136568 0.148032 0.016963
15 17 0.129835 0.148032 0.016963
15 18 0.122569 0.148032 0.016963
15 19 0.116798 0.148032 0.016963
15 20 0.106540 0.148032 0.016963
16 0 0.156871 0.148032 0.016963
16 1 0.164138 0.148032 0.016963
16 2 0.167023 0.148032 0.016963
16 3 0.170656 0.148032 0.016963
16 4 0.169481 0.148032 0.016963
16 5 0.168626 0.148032 0.016963
16 6 0.167878 0.148032 0.016963
16 7 0.165954 0.148032 0.016963
16 8 0.164779 0.148032 0.016963
16 9 0.162855 0.148032 0.016963
16 10 0.159543 0.148032 0.016963
16 11 0.151742 0.148032 0.016963
16 12 0.151208 0.148032 0.016963
16 13 0.147254 0.148032 0.016963
16 14 0.143941 0.148032 0.016963
16 15 0.138171 0.148032 0.016963
16 16 0.129835 0.148032 0.016963
16 17 0.122783 0.148032 0.016963
16 18 0.118615 0.148032 0.016963
16 19 0.107502 0.148032 0.016963
16 20 0.102159 0.148032 0.016963
17 0 0.157940 0.148032 0.016963
17 1 0.163283 0.148032 0.016963
17 2 0.165634 0.148032 0.016963
17 3 0.170870 0.148032 0.016963
17 4 0.170122 0.148032 0.016963
17 5 0.168626 0.148032 0.016963
17 6 0.165420 0.148032 0.016963
17 7 0.163710 0.148032 0.016963
17 8 0.161894 0.148032 0.016963
17 9 0.160718 0.148032 0.016963
17 10 0.155803 0.148032 0.016963
17 11 0.151849 0.148032 0.016963
17 12 0.147574 0.148032 0.016963
17 13 0.145223 0.148032 0.016963
17 14 0.137636 0.148032 0.016963
17 15 0.132934 0.148032 0.016963
17 16 0.126095 0.148032 0.016963
17 17 0.116478 0.148032 0.016963
17 18 0.111562 0.148032 0.016963
17 19 0.103334 0.148032 0.016963
17 20 0.096816 0.148032 0.016963
18 0 0.154200 0.148032 0.016963
18 1 0.160932 0.148032 0.016963
18 2 0.163924 0.148032 0.016963
18 3 0.166595 0.148032 0.016963
18 4 0.167343 0.148032 0.016963
18 5 0.165099 0.148032 0.016963
18 6 0.161573 0.148032 0.016963
18 7 0.160398 0.148032 0.016963
18 8 0.157405 0.148032 0.016963
18 9 0.156337 0.148032 0.016963
18 10 0.150566 0.148032 0.016963
18 11 0.146719 0.148032 0.016963
18 12 0.142766 0.148032 0.016963
18 13 0.137316 0.148032 0.016963
18 14 0.130156 0.148032 0.016963
18 15 0.126630 0.148032 0.016963
18 16 0.119256 0.148032 0.016963
18 17 0.111028 0.148032 0.016963
18 18 0.103441 0.148032 0.016963
18 19 0.098098 0.148032 0.016963
18 20 0.090297 0.148032 0.016963
19 0 0.150673 0.148032 0.016963
19 1 0.157192 0.148032 0.016963
19 2 0.160932 0.148032 0.016963
19 3 0.161894 0.148032 0.016963
19 4 0.163603 0.148032 0.016963
19 5 0.160611 0.148032 0.016963
19 6 0.158474 0.148032 0.016963
19 7 0.155482 0.148032 0.016963
19 8 0.151849 0.148032 0.016963
19 9 0.145758 0.148032 0.016963
19 10 0.142552 0.148032 0.016963
19 11 0.139453 0.148032 0.016963
19 12 0.134965 0.148032 0.016963
19 13 0.129515 0.148032 0.016963
19 14 0.122890 0.148032 0.016963
19 15 0.119470 0.148032 0.016963
19 16 0.112524 0.148032 0.016963
19 17 0.104189 0.148032 0.016963
19 18 0.097670 0.148032 0.016963
19 19 0.092007 0.148032 0.016963
19 20 0.086236 0.148032 0.016963
20 0 0.146933 0.148032 0.016963
20 1 0.153131 0.148032 0.016963
20 2 0.155268 0.148032 0.016963
20 3 0.155696 0.148032 0.016963
20 4 0.156871 0.148032 0.016963
20 5 0.154734 0.148032 0.016963
20 6 0.151528 0.148032 0.016963
20 7 0.147895 0.148032 0.016963
20 8 0.143193 0.148032 0.016963
20 9 0.137209 0.148032 0.016963
20 10 0.132507 0.148032 0.016963
20 11 0.126843 0.148032 0.016963
20 12 0.122783 0.148032 0.016963
20 13 0.121180 0.148032 0.016963
20 14 0.115196 0.148032 0.016963
20 15 0.109318 0.148032 0.016963
20 16 0.101838 0.148032 0.016963
20 17 0.095640 0.148032 0.016963
20 18 0.089870 0.148032 0.016963
20 19 0.086023 0.148032 0.016963
20 20 0.082069 0.148032 0.016963
