# contact distance = 24.0 Angstroms
# F = 0.4 kJ/mol

# i j contact_probability mean_contact_probability stddev_contact_probability
0 0 0.104103 0.101819 0.007970
0 1 0.110171 0.101819 0.007970
0 2 0.110011 0.101819 0.007970
0 3 0.106339 0.101819 0.007970
0 4 0.101708 0.101819 0.007970
0 5 0.098994 0.101819 0.007970
0 6 0.095002 0.101819 0.007970
0 7 0.095162 0.101819 0.007970
0 8 0.093406 0.101819 0.007970
0 9 0.096439 0.101819 0.007970
0 10 0.101708 0.101819 0.007970
0 11 0.104582 0.101819 0.007970
0 12 0.104582 0.101819 0.007970
0 13 0.107297 0.101819 0.007970
0 14 0.109213 0.101819 0.007970
0 15 0.110969 0.101819 0.007970
0 16 0.109852 0.101819 0.007970
0 17 0.105540 0.101819 0.007970
0 18 0.106179 0.101819 0.007970
0 19 0.101070 0.101819 0.007970
0 20 0.096599 0.101819 0.007970
1 0 0.106498 0.101819 0.007970
1 1 0.110969 0.101819 0.007970
1 2 0.111129 0.101819 0.007970
1 3 0.109692 0.101819 0.007970
1 4 0.104423 0.101819 0.007970
1 5 0.102028 0.101819 0.007970
1 6 0.100271 0.101819 0.007970
1 7 0.102347 0.101819 0.007970
1 8 0.098355 0.101819 0.007970
1 9 0.098515 0.101819 0.007970
1 10 0.102986 0.101819 0.007970
1 11 0.107137 0.101819 0.007970
1 12 0.108414 0.101819 0.007970
1 13 0.113045 0.101819 0.007970
1 14 0.113843 0.101819 0.007970
1 15 0.114801 0.101819 0.007970
1 16 0.112247 0.101819 0.007970
1 17 0.109053 0.101819 0.007970
1 18 0.107137 0.101819 0.007970
1 19 0.105221 0.101819 0.007970
1 20 0.099952 0.101819 0.007970
2 0 0.104582 0.101819 0.007970
2 1 0.111927 0.101819 0.007970
2 2 0.109692 0.101819 0.007970
2 3 0.109213 0.101819 0.007970
2 4 0.103624 0.101819 0.007970
2 5 0.099473 0.101819 0.007970
2 6 0.099473 0.101819 0.007970
2 7 0.101229 0.101819 0.007970
2 8 0.100431 0.101819 0.007970
2 9 0.102028 0.101819 0.007970
2 10 0.102986 0.101819 0.007970
2 11 0.108095 0.101819 0.007970
2 12 0.110011 0.101819 0.007970
2 13 0.112726 0.101819 0.007970
2 14 0.114642 0.101819 0.007970
2 15 0.114482 0.101819 0.007970
2 16 0.111927 0.101819 0.007970
2 17 0.112087 0.101819 0.007970
2 18 0.110810 0.101819 0.007970
2 19 0.106977 0.101819 0.007970
2 20 0.101229 0.101819 0.007970
3 0 0.101549 0.101819 0.007970
3 1 0.106977 0.101819 0.007970
3 2 0.106658 0.101819 0.007970
3 3 0.102666 0.101819 0.007970
3 4 0.100112 0.101819 0.007970
3 5 0.097557 0.101819 0.007970
3 6 0.096280 0.101819 0.007970
3 7 0.100431 0.101819 0.007970
3 8 0.101070 0.101819 0.007970
3 9 0.104902 0.101819 0.007970
3 10 0.106339 0.101819 0.007970
3 11 0.110969 0.101819 0.007970
3 12 0.112566 0.101819 0.007970
3 13 0.114801 0.101819 0.007970
3 14 0.114163 0.101819 0.007970
3 15 0.113205 0.101819 0.007970
3 16 0.111289 0.101819 0.007970
3 17 0.110171 0.101819 0.007970
3 18 0.109852 0.101819 0.007970
3 19 0.106179 0.101819 0.007970
3 20 0.102347 0.101819 0.007970
4 0 0.096439 0.101819 0.007970
4 1 0.100271 0.101819 0.007970
4 2 0.102187 0.101819 0.007970
4 3 0.099154 0.101819 0.007970
4 4 0.095162 0.101819 0.007970
4 5 0.095641 0.101819 0.007970
4 6 0.095002 0.101819 0.007970
4 7 0.097717 0.101819 0.007970
4 8 0.101229 0.101819 0.007970
4 9 0.107456 0.101819 0.007970
4 10 0.108894 0.101819 0.007970
4 11 0.109692 0.101819 0.007970
4 12 0.111927 0.101819 0.007970
4 13 0.113684 0.101819 0.007970
4 14 0.115919 0.101819 0.007970
4 15 0.113843 0.101819 0.007970
4 16 0.110810 0.101819 0.007970
4 17 0.110171 0.101819 0.007970
4 18 0.107776 0.101819 0.007970
4 19 0.106818 0.101819 0.007970
4 20 0.102187 0.101819 0.007970
5 0 0.090851 0.101819 0.007970
5 1 0.095801 0.101819 0.007970
5 2 0.097238 0.101819 0.007970
5 3 0.096759 0.101819 0.007970
5 4 0.092927 0.101819 0.007970
5 5 0.092288 0.101819 0.007970
5 6 0.092128 0.101819 0.007970
5 7 0.095322 0.101819 0.007970
5 8 0.100112 0.101819 0.007970
5 9 0.103465 0.101819 0.007970
5 10 0.105221 0.101819 0.007970
5 11 0.109532 0.101819 0.007970
5 12 0.110650 0.101819 0.007970
5 13 0.115280 0.101819 0.007970
5 14 0.114003 0.101819 0.007970
5 15 0.112885 0.101819 0.007970
5 16 0.112885 0.101819 0.007970
5 17 0.107776 0.101819 0.007970
5 18 0.107297 0.101819 0.007970
5 19 0.105381 0.101819 0.007970
5 20 0.100591 0.101819 0.007970
6 0 0.088775 0.101819 0.007970
6 1 0.092927 0.101819 0.007970
6 2 0.096759 0.101819 0.007970
6 3 0.094044 0.101819 0.007970
6 4 0.094364 0.101819 0.007970
6 5 0.093725 0.101819 0.007970
6 6 0.093885 0.101819 0.007970
6 7 0.095002 0.101819 0.007970
6 8 0.098355 0.101819 0.007970
6 9 0.102347 0.101819 0.007970
6 10 0.102986 0.101819 0.007970
6 11 0.106977 0.101819 0.007970
6 12 0.108574 0.101819 0.007970
6 13 0.112247 0.101819 0.007970
6 14 0.112406 0.101819 0.007970
6 15 0.111289 0.101819 0.007970
6 16 0.109373 0.101819 0.007970
6 17 0.108734 0.101819 0.007970
6 18 0.104103 0.101819 0.007970
6 19 0.102666 0.101819 0.007970
6 20 0.099154 0.101819 0.007970
7 0 0.087498 0.101819 0.007970
7 1 0.091809 0.101819 0.007970
7 2 0.097238 0.101819 0.007970
7 3 0.095801 0.101819 0.007970
7 4 0.093565 0.101819 0.007970
7 5 0.092927 0.101819 0.007970
7 6 0.094044 0.101819 0.007970
7 7 0.098036 0.101819 0.007970
7 8 0.098196 0.101819 0.007970
7 9 0.100431 0.101819 0.007970
7 10 0.104103 0.101819 0.007970
7 11 0.106019 0.101819 0.007970
7 12 0.109692 0.101819 0.007970
7 13 0.109692 0.101819 0.007970
7 14 0.110490 0.101819 0.007970
7 15 0.107616 0.101819 0.007970
7 16 0.105700 0.101819 0.007970
7 17 0.106977 0.101819 0.007970
7 18 0.101549 0.101819 0.007970
7 19 0.100271 0.101819 0.007970
7 20 0.095002 0.101819 0.007970
8 0 0.087338 0.101819 0.007970
8 1 0.093406 0.101819 0.007970
8 2 0.096280 0.101819 0.007970
8 3 0.096918 0.101819 0.007970
8 4 0.092767 0.101819 0.007970
8 5 0.091969 0.101819 0.007970
8 6 0.091330 0.101819 0.007970
8 7 0.093885 0.101819 0.007970
8 8 0.095481 0.101819 0.007970
8 9 0.098355 0.101819 0.007970
8 10 0.101389 0.101819 0.007970
8 11 0.105540 0.101819 0.007970
8 12 0.105540 0.101819 0.007970
8 13 0.108255 0.101819 0.007970
8 14 0.108414 0.101819 0.007970
8 15 0.109373 0.101819 0.007970
8 16 0.104742 0.101819 0.007970
8 17 0.102187 0.101819 0.007970
8 18 0.097397 0.101819 0.007970
8 19 0.092128 0.101819 0.007970
8 20 0.089733 0.101819 0.007970
9 0 0.089414 0.101819 0.007970
9 1 0.092927 0.101819 0.007970
9 2 0.096599 0.101819 0.007970
9 3 0.099154 0.101819 0.007970
9 4 0.096280 0.101819 0.007970
9 5 0.095162 0.101819 0.007970
9 6 0.094523 0.101819 0.007970
9 7 0.095162 0.101819 0.007970
9 8 0.096759 0.101819 0.007970
9 9 0.098196 0.101819 0.007970
9 10 0.101549 0.101819 0.007970
9 11 0.104902 0.101819 0.007970
9 12 0.106498 0.101819 0.007970
9 13 0.106658 0.101819 0.007970
9 14 0.109532 0.101819 0.007970
9 15 0.105860 0.101819 0.007970
9 16 0.103624 0.101819 0.007970
9 17 0.098196 0.101819 0.007970
9 18 0.095162 0.101819 0.007970
9 19 0.091011 0.101819 0.007970
9 20 0.086540 0.101819 0.007970
10 0 0.090851 0.101819 0.007970
10 1 0.096120 0.101819 0.007970
10 2 0.098036 0.101819 0.007970
10 3 0.096759 0.101819 0.007970
10 4 0.098355 0.101819 0.007970
10 5 0.096759 0.101819 0.007970
10 6 0.097238 0.101819 0.007970
10 7 0.098994 0.101819 0.007970
10 8 0.099154 0.101819 0.007970
10 9 0.099633 0.101819 0.007970
10 10 0.102507 0.101819 0.007970
10 11 0.102986 0.101819 0.007970
10 12 0.102986 0.101819 0.007970
10 13 0.107616 0.101819 0.007970
10 14 0.106498 0.101819 0.007970
10 15 0.105381 0.101819 0.007970
10 16 0.101070 0.101819 0.007970
10 17 0.094843 0.101819 0.007970
10 18 0.092767 0.101819 0.007970
10 19 0.089254 0.101819 0.007970
10 20 0.084784 0.101819 0.007970
11 0 0.095481 0.101819 0.007970
11 1 0.098036 0.101819 0.007970
11 2 0.102507 0.101819 0.007970
11 3 0.101070 0.101819 0.007970
11 4 0.101229 0.101819 0.007970
11 5 0.101229 0.101819 0.007970
11 6 0.102187 0.101819 0.007970
11 7 0.102826 0.101819 0.007970
11 8 0.102826 0.101819 0.007970
11 9 0.101708 0.101819 0.007970
11 10 0.102666 0.101819 0.007970
11 11 0.104582 0.101819 0.007970
11 12 0.105381 0.101819 0.007970
11 13 0.108734 0.101819 0.007970
11 14 0.107456 0.101819 0.007970
11 15 0.106179 0.101819 0.007970
11 16 0.102347 0.101819 0.007970
11 17 0.101549 0.101819 0.007970
11 18 0.093565 0.101819 0.007970
11 19 0.092607 0.101819 0.007970
11 20 0.086540 0.101819 0.007970
12 0 0.098515 0.101819 0.007970
12 1 0.105860 0.101819 0.007970
12 2 0.106658 0.101819 0.007970
12 3 0.107935 0.101819 0.007970
12 4 0.106019 0.101819 0.007970
12 5 0.104263 0.101819 0.007970
12 6 0.104902 0.101819 0.007970
12 7 0.107616 0.101819 0.007970
12 8 0.105061 0.101819 0.007970
12 9 0.103624 0.101819 0.007970
12 10 0.105221 0.101819 0.007970
12 11 0.106339 0.101819 0.007970
12 12 0.109053 0.101819 0.007970
12 13 0.108574 0.101819 0.007970
12 14 0.109213 0.101819 0.007970
12 15 0.107456 0.101819 0.007970
12 16 0.103624 0.101819 0.007970
12 17 0.100591 0.101819 0.007970
12 18 0.097397 0.101819 0.007970
12 19 0.091330 0.101819 0.007970
12 20 0.088456 0.101819 0.007970
13 0 0.102826 0.101819 0.007970
13 1 0.108414 0.101819 0.007970
13 2 0.108894 0.101819 0.007970
13 3 0.111927 0.101819 0.007970
13 4 0.110171 0.101819 0.007970
13 5 0.109373 0.101819 0.007970
13 6 0.106818 0.101819 0.007970
13 7 0.107137 0.101819 0.007970
13 8 0.105860 0.101819 0.007970
13 9 0.104582 0.101819 0.007970
13 10 0.103305 0.101819 0.007970
13 11 0.109213 0.101819 0.007970
13 12 0.108095 0.101819 0.007970
13 13 0.109852 0.101819 0.007970
13 14 0.110650 0.101819 0.007970
13 15 0.107616 0.101819 0.007970
13 16 0.104423 0.101819 0.007970
13 17 0.101868 0.101819 0.007970
13 18 0.097717 0.101819 0.007970
13 19 0.091809 0.101819 0.007970
13 20 0.087498 0.101819 0.007970
14 0 0.106339 0.101819 0.007970
14 1 0.109692 0.101819 0.007970
14 2 0.110810 0.101819 0.007970
14 3 0.112247 0.101819 0.007970
14 4 0.111927 0.101819 0.007970
14 5 0.111448 0.101819 0.007970
14 6 0.110011 0.101819 0.007970
14 7 0.106818 0.101819 0.007970
14 8 0.107137 0.101819 0.007970
14 9 0.105061 0.101819 0.007970
14 10 0.105700 0.101819 0.007970
14 11 0.109532 0.101819 0.007970
14 12 0.109532 0.101819 0.007970
14 13 0.109852 0.101819 0.007970
14 14 0.109692 0.101819 0.007970
14 15 0.108255 0.101819 0.007970
14 16 0.104582 0.101819 0.007970
14 17 0.099313 0.101819 0.007970
14 18 0.097078 0.101819 0.007970
14 19 0.091490 0.101819 0.007970
14 20 0.087019 0.101819 0.007970
15 0 0.106658 0.101819 0.007970
15 1 0.110490 0.101819 0.007970
15 2 0.110969 0.101819 0.007970
15 3 0.111289 0.101819 0.007970
15 4 0.111448 0.101819 0.007970
15 5 0.111608 0.101819 0.007970
15 6 0.107137 0.101819 0.007970
15 7 0.105860 0.101819 0.007970
15 8 0.104263 0.101819 0.007970
15 9 0.102507 0.101819 0.007970
15 10 0.103944 0.101819 0.007970
15 11 0.107456 0.101819 0.007970
15 12 0.107456 0.101819 0.007970
15 13 0.108255 0.101819 0.007970
15 14 0.105860 0.101819 0.007970
15 15 0.105381 0.101819 0.007970
15 16 0.102028 0.101819 0.007970
15 17 0.098036 0.101819 0.007970
15 18 0.093246 0.101819 0.007970
15 19 0.087817 0.101819 0.007970
15 20 0.084305 0.101819 0.007970
16 0 0.105860 0.101819 0.007970
16 1 0.109852 0.101819 0.007970
16 2 0.111927 0.101819 0.007970
16 3 0.112406 0.101819 0.007970
16 4 0.110650 0.101819 0.007970
16 5 0.109053 0.101819 0.007970
16 6 0.106019 0.101819 0.007970
16 7 0.107137 0.101819 0.007970
16 8 0.104423 0.101819 0.007970
16 9 0.101389 0.101819 0.007970
16 10 0.102187 0.101819 0.007970
16 11 0.102187 0.101819 0.007970
16 12 0.103465 0.101819 0.007970
16 13 0.105540 0.101819 0.007970
16 14 0.103624 0.101819 0.007970
16 15 0.102187 0.101819 0.007970
16 16 0.098355 0.101819 0.007970
16 17 0.093246 0.101819 0.007970
16 18 0.088137 0.101819 0.007970
16 19 0.082868 0.101819 0.007970
16 20 0.079036 0.101819 0.007970
17 0 0.106658 0.101819 0.007970
17 1 0.109213 0.101819 0.007970
17 2 0.108894 0.101819 0.007970
17 3 0.112087 0.101819 0.007970
17 4 0.109692 0.101819 0.007970
17 5 0.111129 0.101819 0.007970
17 6 0.105860 0.101819 0.007970
17 7 0.106019 0.101819 0.007970
17 8 0.102187 0.101819 0.007970
17 9 0.100431 0.101819 0.007970
17 10 0.100271 0.101819 0.007970
17 11 0.102826 0.101819 0.007970
17 12 0.100750 0.101819 0.007970
17 13 0.103145 0.101819 0.007970
17 14 0.103944 0.101819 0.007970
17 15 0.102028 0.101819 0.007970
17 16 0.094843 0.101819 0.007970
17 17 0.091170 0.101819 0.007970
17 18 0.087179 0.101819 0.007970
17 19 0.083187 0.101819 0.007970
17 20 0.078716 0.101819 0.007970
18 0 0.103145 0.101819 0.007970
18 1 0.109213 0.101819 0.007970
18 2 0.109053 0.101819 0.007970
18 3 0.111927 0.101819 0.007970
18 4 0.109692 0.101819 0.007970
18 5 0.108414 0.101819 0.007970
18 6 0.105381 0.101819 0.007970
18 7 0.102826 0.101819 0.007970
18 8 0.099633 0.101819 0.007970
18 9 0.096280 0.101819 0.007970
18 10 0.095481 0.101819 0.007970
18 11 0.098675 0.101819 0.007970
18 12 0.098515 0.101819 0.007970
18 13 0.099792 0.101819 0.007970
18 14 0.100591 0.101819 0.007970
18 15 0.100271 0.101819 0.007970
18 16 0.093086 0.101819 0.007970
18 17 0.089733 0.101819 0.007970
18 18 0.085742 0.101819 0.007970
18 19 0.080792 0.101819 0.007970
18 20 0.077120 0.101819 0.007970
19 0 0.102826 0.101819 0.007970
19 1 0.105540 0.101819 0.007970
19 2 0.109373 0.101819 0.007970
19 3 0.110011 0.101819 0.007970
19 4 0.107137 0.101819 0.007970
19 5 0.107137 0.101819 0.007970
19 6 0.103465 0.101819 0.007970
19 7 0.102347 0.101819 0.007970
19 8 0.098994 0.101819 0.007970
19 9 0.096599 0.101819 0.007970
19 10 0.095481 0.101819 0.007970
19 11 0.095162 0.101819 0.007970
19 12 0.094204 0.101819 0.007970
19 13 0.098196 0.101819 0.007970
19 14 0.095641 0.101819 0.007970
19 15 0.094204 0.101819 0.007970
19 16 0.090372 0.101819 0.007970
19 17 0.084624 0.101819 0.007970
19 18 0.079355 0.101819 0.007970
19 19 0.079994 0.101819 0.007970
19 20 0.076002 0.101819 0.007970
20 0 0.100431 0.101819 0.007970
20 1 0.106179 0.101819 0.007970
20 2 0.106339 0.101819 0.007970
20 3 0.106818 0.101819 0.007970
20 4 0.105221 0.101819 0.007970
20 5 0.103145 0.101819 0.007970
20 6 0.103465 0.101819 0.007970
20 7 0.100271 0.101819 0.007970
20 8 0.097717 0.101819 0.007970
20 9 0.090372 0.101819 0.007970
20 10 0.092128 0.101819 0.007970
20 11 0.093406 0.101819 0.007970
20 12 0.091011 0.101819 0.007970
20 13 0.089095 0.101819 0.007970
20 14 0.091011 0.101819 0.007970
20 15 0.089893 0.101819 0.007970
20 16 0.085742 0.101819 0.007970
20 17 0.081111 0.101819 0.007970
20 18 0.077599 0.101819 0.007970
20 19 0.073128 0.101819 0.007970
20 20 0.071052 0.101819 0.007970
