# contact distance = 24.0 Angstroms
# F = 0.4 kJ/mol

# i j contact_probability mean_contact_probability stddev_contact_probability
0 0 0.135500 0.146153 0.016793
0 1 0.140519 0.146153 0.016793
0 2 0.142908 0.146153 0.016793
0 3 0.139204 0.146153 0.016793
0 4 0.138846 0.146153 0.016793
0 5 0.137770 0.146153 0.016793
0 6 0.136336 0.146153 0.016793
0 7 0.138487 0.146153 0.016793
0 8 0.138965 0.146153 0.016793
0 9 0.137292 0.146153 0.016793
0 10 0.141355 0.146153 0.016793
0 11 0.143386 0.146153 0.016793
0 12 0.147090 0.146153 0.016793
0 13 0.148644 0.146153 0.016793
0 14 0.153184 0.146153 0.016793
0 15 0.153543 0.146153 0.016793
0 16 0.151273 0.146153 0.016793
0 17 0.147807 0.146153 0.016793
0 18 0.144342 0.146153 0.016793
0 19 0.138009 0.146153 0.016793
0 20 0.134305 0.146153 0.016793
1 0 0.142430 0.146153 0.016793
1 1 0.148285 0.146153 0.016793
1 2 0.149719 0.146153 0.016793
1 3 0.147210 0.146153 0.016793
1 4 0.148285 0.146153 0.016793
1 5 0.147688 0.146153 0.016793
1 6 0.147090 0.146153 0.016793
1 7 0.146015 0.146153 0.016793
1 8 0.144701 0.146153 0.016793
1 9 0.143267 0.146153 0.016793
1 10 0.148285 0.146153 0.016793
1 11 0.151034 0.146153 0.016793
1 12 0.154379 0.146153 0.016793
1 13 0.156291 0.146153 0.016793
1 14 0.158681 0.146153 0.016793
1 15 0.159517 0.146153 0.016793
1 16 0.157725 0.146153 0.016793
1 17 0.152228 0.146153 0.016793
1 18 0.149122 0.146153 0.016793
1 19 0.145059 0.146153 0.016793
1 20 0.140877 0.146153 0.016793
2 0 0.143267 0.146153 0.016793
2 1 0.150436 0.146153 0.016793
2 2 0.154021 0.146153 0.016793
2 3 0.152587 0.146153 0.016793
2 4 0.150914 0.146153 0.016793
2 5 0.151034 0.146153 0.016793
2 6 0.150675 0.146153 0.016793
2 7 0.149122 0.146153 0.016793
2 8 0.148883 0.146153 0.016793
2 9 0.147449 0.146153 0.016793
2 10 0.150914 0.146153 0.016793
2 11 0.151989 0.146153 0.016793
2 12 0.158681 0.146153 0.016793
2 13 0.158322 0.146153 0.016793
2 14 0.159995 0.146153 0.016793
2 15 0.162027 0.146153 0.016793
2 16 0.161310 0.146153 0.016793
2 17 0.154857 0.146153 0.016793
2 18 0.152706 0.146153 0.016793
2 19 0.149122 0.146153 0.016793
2 20 0.143625 0.146153 0.016793
3 0 0.144940 0.146153 0.016793
3 1 0.150914 0.146153 0.016793
3 2 0.155574 0.146153 0.016793
3 3 0.155455 0.146153 0.016793
3 4 0.153662 0.146153 0.016793
3 5 0.153065 0.146153 0.016793
3 6 0.152587 0.146153 0.016793
3 7 0.152706 0.146153 0.016793
3 8 0.153782 0.146153 0.016793
3 9 0.151273 0.146153 0.016793
3 10 0.153901 0.146153 0.016793
3 11 0.154021 0.146153 0.016793
3 12 0.159637 0.146153 0.016793
3 13 0.160832 0.146153 0.016793
3 14 0.160712 0.146153 0.016793
3 15 0.163341 0.146153 0.016793
3 16 0.161190 0.146153 0.016793
3 17 0.157964 0.146153 0.016793
3 18 0.155216 0.146153 0.016793
3 19 0.151034 0.146153 0.016793
3 20 0.144820 0.146153 0.016793
4 0 0.144462 0.146153 0.016793
4 1 0.150795 0.146153 0.016793
4 2 0.155096 0.146153 0.016793
4 3 0.156530 0.146153 0.016793
4 4 0.157247 0.146153 0.016793
4 5 0.156052 0.146153 0.016793
4 6 0.153662 0.146153 0.016793
4 7 0.155813 0.146153 0.016793
4 8 0.155813 0.146153 0.016793
4 9 0.156650 0.146153 0.016793
4 10 0.156769 0.146153 0.016793
4 11 0.158442 0.146153 0.016793
4 12 0.161190 0.146153 0.016793
4 13 0.162027 0.146153 0.016793
4 14 0.163102 0.146153 0.016793
4 15 0.163341 0.146153 0.016793
4 16 0.162504 0.146153 0.016793
4 17 0.157844 0.146153 0.016793
4 18 0.155694 0.146153 0.016793
4 19 0.149839 0.146153 0.016793
4 20 0.144462 0.146153 0.016793
5 0 0.141116 0.146153 0.016793
5 1 0.149241 0.146153 0.016793
5 2 0.152228 0.146153 0.016793
5 3 0.155694 0.146153 0.016793
5 4 0.157008 0.146153 0.016793
5 5 0.155455 0.146153 0.016793
5 6 0.154857 0.146153 0.016793
5 7 0.155574 0.146153 0.016793
5 8 0.157605 0.146153 0.016793
5 9 0.157844 0.146153 0.016793
5 10 0.159637 0.146153 0.016793
5 11 0.160712 0.146153 0.016793
5 12 0.163460 0.146153 0.016793
5 13 0.162863 0.146153 0.016793
5 14 0.160115 0.146153 0.016793
5 15 0.162266 0.146153 0.016793
5 16 0.160832 0.146153 0.016793
5 17 0.157127 0.146153 0.016793
5 18 0.153304 0.146153 0.016793
5 19 0.147449 0.146153 0.016793
5 20 0.141594 0.146153 0.016793
6 0 0.142311 0.146153 0.016793
6 1 0.148405 0.146153 0.016793
6 2 0.153065 0.146153 0.016793
6 3 0.153543 0.146153 0.016793
6 4 0.154738 0.146153 0.016793
6 5 0.154379 0.146153 0.016793
6 6 0.153782 0.146153 0.016793
6 7 0.156411 0.146153 0.016793
6 8 0.157366 0.146153 0.016793
6 9 0.155813 0.146153 0.016793
6 10 0.155216 0.146153 0.016793
6 11 0.158083 0.146153 0.016793
6 12 0.158442 0.146153 0.016793
6 13 0.159159 0.146153 0.016793
6 14 0.160832 0.146153 0.016793
6 15 0.158920 0.146153 0.016793
6 16 0.157844 0.146153 0.016793
6 17 0.155813 0.146153 0.016793
6 18 0.150317 0.146153 0.016793
6 19 0.145537 0.146153 0.016793
6 20 0.138846 0.146153 0.016793
7 0 0.141116 0.146153 0.016793
7 1 0.147329 0.146153 0.016793
7 2 0.149361 0.146153 0.016793
7 3 0.153304 0.146153 0.016793
7 4 0.154140 0.146153 0.016793
7 5 0.152228 0.146153 0.016793
7 6 0.154379 0.146153 0.016793
7 7 0.152706 0.146153 0.016793
7 8 0.153304 0.146153 0.016793
7 9 0.154021 0.146153 0.016793
7 10 0.154738 0.146153 0.016793
7 11 0.155216 0.146153 0.016793
7 12 0.159278 0.146153 0.016793
7 13 0.159517 0.146153 0.016793
7 14 0.160115 0.146153 0.016793
7 15 0.160234 0.146153 0.016793
7 16 0.157127 0.146153 0.016793
7 17 0.152587 0.146153 0.016793
7 18 0.147807 0.146153 0.016793
7 19 0.141116 0.146153 0.016793
7 20 0.135500 0.146153 0.016793
8 0 0.141116 0.146153 0.016793
8 1 0.147807 0.146153 0.016793
8 2 0.149361 0.146153 0.016793
8 3 0.155335 0.146153 0.016793
8 4 0.156530 0.146153 0.016793
8 5 0.157247 0.146153 0.016793
8 6 0.158083 0.146153 0.016793
8 7 0.154021 0.146153 0.016793
8 8 0.154977 0.146153 0.016793
8 9 0.155096 0.146153 0.016793
8 10 0.154260 0.146153 0.016793
8 11 0.154977 0.146153 0.016793
8 12 0.159278 0.146153 0.016793
8 13 0.158681 0.146153 0.016793
8 14 0.159637 0.146153 0.016793
8 15 0.158083 0.146153 0.016793
8 16 0.155455 0.146153 0.016793
8 17 0.152228 0.146153 0.016793
8 18 0.147688 0.146153 0.016793
8 19 0.139682 0.146153 0.016793
8 20 0.132035 0.146153 0.016793
9 0 0.140280 0.146153 0.016793
9 1 0.145537 0.146153 0.016793
9 2 0.153304 0.146153 0.016793
9 3 0.156052 0.146153 0.016793
9 4 0.157486 0.146153 0.016793
9 5 0.156052 0.146153 0.016793
9 6 0.154140 0.146153 0.016793
9 7 0.153901 0.146153 0.016793
9 8 0.152706 0.146153 0.016793
9 9 0.154499 0.146153 0.016793
9 10 0.153662 0.146153 0.016793
9 11 0.153184 0.146153 0.016793
9 12 0.157247 0.146153 0.016793
9 13 0.155933 0.146153 0.016793
9 14 0.156530 0.146153 0.016793
9 15 0.154140 0.146153 0.016793
9 16 0.152228 0.146153 0.016793
9 17 0.147329 0.146153 0.016793
9 18 0.142072 0.146153 0.016793
9 19 0.136814 0.146153 0.016793
9 20 0.129167 0.146153 0.016793
10 0 0.145298 0.146153 0.016793
10 1 0.151870 0.146153 0.016793
10 2 0.157366 0.146153 0.016793
10 3 0.159637 0.146153 0.016793
10 4 0.159756 0.146153 0.016793
10 5 0.159995 0.146153 0.016793
10 6 0.157725 0.146153 0.016793
10 7 0.155694 0.146153 0.016793
10 8 0.154618 0.146153 0.016793
10 9 0.154021 0.146153 0.016793
10 10 0.157844 0.146153 0.016793
10 11 0.157725 0.146153 0.016793
10 12 0.160354 0.146153 0.016793
10 13 0.156291 0.146153 0.016793
10 14 0.155694 0.146153 0.016793
10 15 0.152587 0.146153 0.016793
10 16 0.150078 0.146153 0.016793
10 17 0.147688 0.146153 0.016793
10 18 0.141474 0.146153 0.016793
10 19 0.135022 0.146153 0.016793
10 20 0.128809 0.146153 0.016793
11 0 0.146135 0.146153 0.016793
11 1 0.153662 0.146153 0.016793
11 2 0.156889 0.146153 0.016793
11 3 0.158083 0.146153 0.016793
11 4 0.157844 0.146153 0.016793
11 5 0.157366 0.146153 0.016793
11 6 0.156530 0.146153 0.016793
11 7 0.155335 0.146153 0.016793
11 8 0.152826 0.146153 0.016793
11 9 0.153543 0.146153 0.016793
11 10 0.156650 0.146153 0.016793
11 11 0.157605 0.146153 0.016793
11 12 0.158920 0.146153 0.016793
11 13 0.157008 0.146153 0.016793
11 14 0.154499 0.146153 0.016793
11 15 0.153065 0.146153 0.016793
11 16 0.147210 0.146153 0.016793
11 17 0.143028 0.146153 0.016793
11 18 0.140280 0.146153 0.016793
11 19 0.131676 0.146153 0.016793
11 20 0.125941 0.146153 0.016793
12 0 0.149122 0.146153 0.016793
12 1 0.157008 0.146153 0.016793
12 2 0.159517 0.146153 0.016793
12 3 0.160593 0.146153 0.016793
12 4 0.159756 0.146153 0.016793
12 5 0.157127 0.146153 0.016793
12 6 0.157844 0.146153 0.016793
12 7 0.157366 0.146153 0.016793
12 8 0.155933 0.146153 0.016793
12 9 0.156650 0.146153 0.016793
12 10 0.156411 0.146153 0.016793
12 11 0.157008 0.146153 0.016793
12 12 0.159278 0.146153 0.016793
12 13 0.157127 0.146153 0.016793
12 14 0.154857 0.146153 0.016793
12 15 0.150795 0.146153 0.016793
12 16 0.147807 0.146153 0.016793
12 17 0.143625 0.146153 0.016793
12 18 0.138368 0.146153 0.016793
12 19 0.132513 0.146153 0.016793
12 20 0.124029 0.146153 0.016793
13 0 0.149839 0.146153 0.016793
13 1 0.158442 0.146153 0.016793
13 2 0.160234 0.146153 0.016793
13 3 0.160832 0.146153 0.016793
13 4 0.162385 0.146153 0.016793
13 5 0.159398 0.146153 0.016793
13 6 0.158681 0.146153 0.016793
13 7 0.158322 0.146153 0.016793
13 8 0.158322 0.146153 0.016793
13 9 0.155813 0.146153 0.016793
13 10 0.157247 0.146153 0.016793
13 11 0.155574 0.146153 0.016793
13 12 0.155694 0.146153 0.016793
13 13 0.154379 0.146153 0.016793
13 14 0.153782 0.146153 0.016793
13 15 0.148524 0.146153 0.016793
13 16 0.144581 0.146153 0.016793
13 17 0.137890 0.146153 0.016793
13 18 0.132393 0.146153 0.016793
13 19 0.125583 0.146153 0.016793
13 20 0.117696 0.146153 0.016793
14 0 0.151034 0.146153 0.016793
14 1 0.157725 0.146153 0.016793
14 2 0.162027 0.146153 0.016793
14 3 0.162385 0.146153 0.016793
14 4 0.164416 0.146153 0.016793
14 5 0.162624 0.146153 0.016793
14 6 0.158800 0.146153 0.016793
14 7 0.156769 0.146153 0.016793
14 8 0.156052 0.146153 0.016793
14 9 0.157486 0.146153 0.016793
14 10 0.155813 0.146153 0.016793
14 11 0.153423 0.146153 0.016793
14 12 0.154977 0.146153 0.016793
14 13 0.152348 0.146153 0.016793
14 14 0.148046 0.146153 0.016793
14 15 0.143864 0.146153 0.016793
14 16 0.140997 0.146153 0.016793
14 17 0.134186 0.146153 0.016793
14 18 0.125702 0.146153 0.016793
14 19 0.117696 0.146153 0.016793
14 20 0.111124 0.146153 0.016793
15 0 0.148763 0.146153 0.016793
15 1 0.156052 0.146153 0.016793
15 2 0.160951 0.146153 0.016793
15 3 0.163102 0.146153 0.016793
15 4 0.162504 0.146153 0.016793
15 5 0.162266 0.146153 0.016793
15 6 0.161190 0.146153 0.016793
15 7 0.155813 0.146153 0.016793
15 8 0.153901 0.146153 0.016793
15 9 0.153543 0.146153 0.016793
15 10 0.150675 0.146153 0.016793
15 11 0.151631 0.146153 0.016793
15 12 0.152348 0.146153 0.016793
15 13 0.150556 0.146153 0.016793
15 14 0.147449 0.146153 0.016793
15 15 0.141952 0.146153 0.016793
15 16 0.135500 0.146153 0.016793
15 17 0.127255 0.146153 0.016793
15 18 0.118413 0.146153 0.016793
15 19 0.110049 0.146153 0.016793
15 20 0.103597 0.146153 0.016793
16 0 0.145059 0.146153 0.016793
16 1 0.153304 0.146153 0.016793
16 2 0.157844 0.146153 0.016793
16 3 0.160354 0.146153 0.016793
16 4 0.161549 0.146153 0.016793
16 5 0.159995 0.146153 0.016793
16 6 0.156530 0.146153 0.016793
16 7 0.153662 0.146153 0.016793
16 8 0.149958 0.146153 0.016793
16 9 0.147568 0.146153 0.016793
16 10 0.147927 0.146153 0.016793
16 11 0.149002 0.146153 0.016793
16 12 0.148644 0.146153 0.016793
16 13 0.145657 0.146153 0.016793
16 14 0.141713 0.146153 0.016793
16 15 0.136336 0.146153 0.016793
16 16 0.129167 0.146153 0.016793
16 17 0.119608 0.146153 0.016793
16 18 0.111124 0.146153 0.016793
16 19 0.102760 0.146153 0.016793
16 20 0.095830 0.146153 0.016793
17 0 0.142430 0.146153 0.016793
17 1 0.150675 0.146153 0.016793
17 2 0.154499 0.146153 0.016793
17 3 0.155574 0.146153 0.016793
17 4 0.159039 0.146153 0.016793
17 5 0.155694 0.146153 0.016793
17 6 0.154021 0.146153 0.016793
17 7 0.148763 0.146153 0.016793
17 8 0.145418 0.146153 0.016793
17 9 0.143386 0.146153 0.016793
17 10 0.142550 0.146153 0.016793
17 11 0.143386 0.146153 0.016793
17 12 0.143745 0.146153 0.016793
17 13 0.138965 0.146153 0.016793
17 14 0.134186 0.146153 0.016793
17 15 0.129884 0.146153 0.016793
17 16 0.119967 0.146153 0.016793
17 17 0.110885 0.146153 0.016793
17 18 0.102402 0.146153 0.016793
17 19 0.091409 0.146153 0.016793
17 20 0.084598 0.146153 0.016793
18 0 0.139802 0.146153 0.016793
18 1 0.147688 0.146153 0.016793
18 2 0.150795 0.146153 0.016793
18 3 0.151512 0.146153 0.016793
18 4 0.152587 0.146153 0.016793
18 5 0.152228 0.146153 0.016793
18 6 0.151392 0.146153 0.016793
18 7 0.146374 0.146153 0.016793
18 8 0.144701 0.146153 0.016793
18 9 0.139802 0.146153 0.016793
18 10 0.139563 0.146153 0.016793
18 11 0.138487 0.146153 0.016793
18 12 0.136695 0.146153 0.016793
18 13 0.131318 0.146153 0.016793
18 14 0.126538 0.146153 0.016793
18 15 0.120086 0.146153 0.016793
18 16 0.112200 0.146153 0.016793
18 17 0.103955 0.146153 0.016793
18 18 0.090214 0.146153 0.016793
18 19 0.084359 0.146153 0.016793
18 20 0.077907 0.146153 0.016793
19 0 0.138368 0.146153 0.016793
19 1 0.142311 0.146153 0.016793
19 2 0.145059 0.146153 0.016793
19 3 0.143984 0.146153 0.016793
19 4 0.146612 0.146153 0.016793
19 5 0.147090 0.146153 0.016793
19 6 0.141236 0.146153 0.016793
19 7 0.140519 0.146153 0.016793
19 8 0.138368 0.146153 0.016793
19 9 0.133827 0.146153 0.016793
19 10 0.133827 0.146153 0.016793
19 11 0.132035 0.146153 0.016793
19 12 0.130004 0.146153 0.016793
19 13 0.124268 0.146153 0.016793
19 14 0.119130 0.146153 0.016793
19 15 0.111961 0.146153 0.016793
19 16 0.103238 0.146153 0.016793
19 17 0.095113 0.146153 0.016793
19 18 0.085673 0.146153 0.016793
19 19 0.077907 0.146153 0.016793
19 20 0.072769 0.146153 0.016793
20 0 0.130362 0.146153 0.016793
20 1 0.136575 0.146153 0.016793
20 2 0.137770 0.146153 0.016793
20 3 0.138965 0.146153 0.016793
20 4 0.140997 0.146153 0.016793
20 5 0.138965 0.146153 0.016793
20 6 0.134305 0.146153 0.016793
20 7 0.132393 0.146153 0.016793
20 8 0.132513 0.146153 0.016793
20 9 0.127136 0.146153 0.016793
20 10 0.126299 0.146153 0.016793
20 11 0.121878 0.146153 0.016793
20 12 0.120325 0.146153 0.016793
20 13 0.115187 0.146153 0.016793
20 14 0.109213 0.146153 0.016793
20 15 0.101207 0.146153 0.016793
20 16 0.097861 0.146153 0.016793
20 17 0.088661 0.146153 0.016793
20 18 0.080894 0.146153 0.016793
20 19 0.073127 0.146153 0.016793
20 20 0.069064 0.146153 0.016793
