# contact distance = 24.0 Angstroms
# F = 0.4 kJ/mol

# i j contact_probability mean_contact_probability stddev_contact_probability
0 0 0.088920 0.116110 0.010960
0 1 0.086454 0.116110 0.010960
0 2 0.086146 0.116110 0.010960
0 3 0.088920 0.116110 0.010960
0 4 0.088149 0.116110 0.010960
0 5 0.087225 0.116110 0.010960
0 6 0.089690 0.116110 0.010960
0 7 0.093697 0.116110 0.010960
0 8 0.095855 0.116110 0.010960
0 9 0.097550 0.116110 0.010960
0 10 0.099245 0.116110 0.010960
0 11 0.101248 0.116110 0.010960
0 12 0.110186 0.116110 0.010960
0 13 0.111419 0.116110 0.010960
0 14 0.115888 0.116110 0.010960
0 15 0.118971 0.116110 0.010960
0 16 0.117429 0.116110 0.010960
0 17 0.116967 0.116110 0.010960
0 18 0.117429 0.116110 0.010960
0 19 0.119433 0.116110 0.010960
0 20 0.116505 0.116110 0.010960
1 0 0.088303 0.116110 0.010960
1 1 0.088920 0.116110 0.010960
1 2 0.090153 0.116110 0.010960
1 3 0.088920 0.116110 0.010960
1 4 0.088920 0.116110 0.010960
1 5 0.092772 0.116110 0.010960
1 6 0.096317 0.116110 0.010960
1 7 0.097704 0.116110 0.010960
1 8 0.102173 0.116110 0.010960
1 9 0.103560 0.116110 0.010960
1 10 0.104485 0.116110 0.010960
1 11 0.106950 0.116110 0.010960
1 12 0.112960 0.116110 0.010960
1 13 0.118200 0.116110 0.010960
1 14 0.118816 0.116110 0.010960
1 15 0.120974 0.116110 0.010960
1 16 0.120203 0.116110 0.010960
1 17 0.119433 0.116110 0.010960
1 18 0.118046 0.116110 0.010960
1 19 0.120974 0.116110 0.010960
1 20 0.117584 0.116110 0.010960
2 0 0.088303 0.116110 0.010960
2 1 0.089844 0.116110 0.010960
2 2 0.090923 0.116110 0.010960
2 3 0.089382 0.116110 0.010960
2 4 0.093081 0.116110 0.010960
2 5 0.096317 0.116110 0.010960
2 6 0.098320 0.116110 0.010960
2 7 0.100786 0.116110 0.010960
2 8 0.104330 0.116110 0.010960
2 9 0.106026 0.116110 0.010960
2 10 0.110495 0.116110 0.010960
2 11 0.113577 0.116110 0.010960
2 12 0.115734 0.116110 0.010960
2 13 0.118662 0.116110 0.010960
2 14 0.119895 0.116110 0.010960
2 15 0.121128 0.116110 0.010960
2 16 0.123902 0.116110 0.010960
2 17 0.122823 0.116110 0.010960
2 18 0.121282 0.116110 0.010960
2 19 0.121899 0.116110 0.010960
2 20 0.119433 0.116110 0.010960
3 0 0.087225 0.116110 0.010960
3 1 0.091540 0.116110 0.010960
3 2 0.090769 0.116110 0.010960
3 3 0.092926 0.116110 0.010960
3 4 0.096317 0.116110 0.010960
3 5 0.101711 0.116110 0.010960
3 6 0.103098 0.116110 0.010960
3 7 0.103714 0.116110 0.010960
3 8 0.107875 0.116110 0.010960
3 9 0.107413 0.116110 0.010960
3 10 0.115118 0.116110 0.010960
3 11 0.116505 0.116110 0.010960
3 12 0.116197 0.116110 0.010960
3 13 0.119279 0.116110 0.010960
3 14 0.122823 0.116110 0.010960
3 15 0.123131 0.116110 0.010960
3 16 0.124673 0.116110 0.010960
3 17 0.124673 0.116110 0.010960
3 18 0.122207 0.116110 0.010960
3 19 0.123131 0.116110 0.010960
3 20 0.119279 0.116110 0.010960
4 0 0.088303 0.116110 0.010960
4 1 0.091540 0.116110 0.010960
4 2 0.091694 0.116110 0.010960
4 3 0.096163 0.116110 0.010960
4 4 0.099707 0.116110 0.010960
4 5 0.102327 0.116110 0.010960
4 6 0.104947 0.116110 0.010960
4 7 0.106026 0.116110 0.010960
4 8 0.111573 0.116110 0.010960
4 9 0.112036 0.116110 0.010960
4 10 0.116197 0.116110 0.010960
4 11 0.117738 0.116110 0.010960
4 12 0.119279 0.116110 0.010960
4 13 0.121744 0.116110 0.010960
4 14 0.125135 0.116110 0.010960
4 15 0.124981 0.116110 0.010960
4 16 0.127292 0.116110 0.010960
4 17 0.127601 0.116110 0.010960
4 18 0.125289 0.116110 0.010960
4 19 0.123594 0.116110 0.010960
4 20 0.120666 0.116110 0.010960
5 0 0.091540 0.116110 0.010960
5 1 0.092002 0.116110 0.010960
5 2 0.094468 0.116110 0.010960
5 3 0.098320 0.116110 0.010960
5 4 0.101865 0.116110 0.010960
5 5 0.106642 0.116110 0.010960
5 6 0.107721 0.116110 0.010960
5 7 0.110186 0.116110 0.010960
5 8 0.115426 0.116110 0.010960
5 9 0.114347 0.116110 0.010960
5 10 0.116967 0.116110 0.010960
5 11 0.118354 0.116110 0.010960
5 12 0.120974 0.116110 0.010960
5 13 0.124827 0.116110 0.010960
5 14 0.127909 0.116110 0.010960
5 15 0.127909 0.116110 0.010960
5 16 0.129604 0.116110 0.010960
5 17 0.127138 0.116110 0.010960
5 18 0.126368 0.116110 0.010960
5 19 0.125135 0.116110 0.010960
5 20 0.119125 0.116110 0.010960
6 0 0.089690 0.116110 0.010960
6 1 0.094468 0.116110 0.010960
6 2 0.096933 0.116110 0.010960
6 3 0.102173 0.116110 0.010960
6 4 0.105255 0.116110 0.010960
6 5 0.108029 0.116110 0.010960
6 6 0.108645 0.116110 0.010960
6 7 0.112190 0.116110 0.010960
6 8 0.119741 0.116110 0.010960
6 9 0.118971 0.116110 0.010960
6 10 0.120203 0.116110 0.010960
6 11 0.122515 0.116110 0.010960
6 12 0.124364 0.116110 0.010960
6 13 0.124518 0.116110 0.010960
6 14 0.126984 0.116110 0.010960
6 15 0.129450 0.116110 0.010960
6 16 0.128063 0.116110 0.010960
6 17 0.127292 0.116110 0.010960
6 18 0.123748 0.116110 0.010960
6 19 0.124981 0.116110 0.010960
6 20 0.122053 0.116110 0.010960
7 0 0.090153 0.116110 0.010960
7 1 0.095546 0.116110 0.010960
7 2 0.099707 0.116110 0.010960
7 3 0.104022 0.116110 0.010960
7 4 0.108183 0.116110 0.010960
7 5 0.112498 0.116110 0.010960
7 6 0.114347 0.116110 0.010960
7 7 0.115888 0.116110 0.010960
7 8 0.118046 0.116110 0.010960
7 9 0.120049 0.116110 0.010960
7 10 0.121282 0.116110 0.010960
7 11 0.120666 0.116110 0.010960
7 12 0.123440 0.116110 0.010960
7 13 0.123594 0.116110 0.010960
7 14 0.125905 0.116110 0.010960
7 15 0.130529 0.116110 0.010960
7 16 0.132224 0.116110 0.010960
7 17 0.129296 0.116110 0.010960
7 18 0.124364 0.116110 0.010960
7 19 0.122977 0.116110 0.010960
7 20 0.119125 0.116110 0.010960
8 0 0.092926 0.116110 0.010960
8 1 0.097396 0.116110 0.010960
8 2 0.103252 0.116110 0.010960
8 3 0.105871 0.116110 0.010960
8 4 0.110649 0.116110 0.010960
8 5 0.112652 0.116110 0.010960
8 6 0.113423 0.116110 0.010960
8 7 0.114656 0.116110 0.010960
8 8 0.116197 0.116110 0.010960
8 9 0.119895 0.116110 0.010960
8 10 0.120666 0.116110 0.010960
8 11 0.121128 0.116110 0.010960
8 12 0.123286 0.116110 0.010960
8 13 0.123902 0.116110 0.010960
8 14 0.125289 0.116110 0.010960
8 15 0.129912 0.116110 0.010960
8 16 0.129450 0.116110 0.010960
8 17 0.126984 0.116110 0.010960
8 18 0.124518 0.116110 0.010960
8 19 0.121590 0.116110 0.010960
8 20 0.116505 0.116110 0.010960
9 0 0.091077 0.116110 0.010960
9 1 0.099553 0.116110 0.010960
9 2 0.106334 0.116110 0.010960
9 3 0.109108 0.116110 0.010960
9 4 0.113885 0.116110 0.010960
9 5 0.115118 0.116110 0.010960
9 6 0.113577 0.116110 0.010960
9 7 0.115118 0.116110 0.010960
9 8 0.116813 0.116110 0.010960
9 9 0.117892 0.116110 0.010960
9 10 0.120203 0.116110 0.010960
9 11 0.121590 0.116110 0.010960
9 12 0.125135 0.116110 0.010960
9 13 0.124518 0.116110 0.010960
9 14 0.125289 0.116110 0.010960
9 15 0.128833 0.116110 0.010960
9 16 0.129142 0.116110 0.010960
9 17 0.127292 0.116110 0.010960
9 18 0.125905 0.116110 0.010960
9 19 0.119895 0.116110 0.010960
9 20 0.114964 0.116110 0.010960
10 0 0.095855 0.116110 0.010960
10 1 0.101865 0.116110 0.010960
10 2 0.110341 0.116110 0.010960
10 3 0.114501 0.116110 0.010960
10 4 0.117892 0.116110 0.010960
10 5 0.117121 0.116110 0.010960
10 6 0.117892 0.116110 0.010960
10 7 0.118200 0.116110 0.010960
10 8 0.121282 0.116110 0.010960
10 9 0.122669 0.116110 0.010960
10 10 0.121128 0.116110 0.010960
10 11 0.123286 0.116110 0.010960
10 12 0.126984 0.116110 0.010960
10 13 0.125443 0.116110 0.010960
10 14 0.125597 0.116110 0.010960
10 15 0.127138 0.116110 0.010960
10 16 0.125597 0.116110 0.010960
10 17 0.125905 0.116110 0.010960
10 18 0.123594 0.116110 0.010960
10 19 0.120512 0.116110 0.010960
10 20 0.114347 0.116110 0.010960
11 0 0.100786 0.116110 0.010960
11 1 0.103098 0.116110 0.010960
11 2 0.109570 0.116110 0.010960
11 3 0.114810 0.116110 0.010960
11 4 0.119279 0.116110 0.010960
11 5 0.120512 0.116110 0.010960
11 6 0.118816 0.116110 0.010960
11 7 0.119741 0.116110 0.010960
11 8 0.122823 0.116110 0.010960
11 9 0.121899 0.116110 0.010960
11 10 0.123440 0.116110 0.010960
11 11 0.122515 0.116110 0.010960
11 12 0.123131 0.116110 0.010960
11 13 0.125905 0.116110 0.010960
11 14 0.125135 0.116110 0.010960
11 15 0.125905 0.116110 0.010960
11 16 0.123748 0.116110 0.010960
11 17 0.124210 0.116110 0.010960
11 18 0.118354 0.116110 0.010960
11 19 0.118662 0.116110 0.010960
11 20 0.112190 0.116110 0.010960
12 0 0.104793 0.116110 0.010960
12 1 0.108800 0.116110 0.010960
12 2 0.115580 0.116110 0.010960
12 3 0.119895 0.116110 0.010960
12 4 0.121744 0.116110 0.010960
12 5 0.123440 0.116110 0.010960
12 6 0.121744 0.116110 0.010960
12 7 0.120666 0.116110 0.010960
12 8 0.124673 0.116110 0.010960
12 9 0.123902 0.116110 0.010960
12 10 0.123286 0.116110 0.010960
12 11 0.122207 0.116110 0.010960
12 12 0.122977 0.116110 0.010960
12 13 0.124210 0.116110 0.010960
12 14 0.125443 0.116110 0.010960
12 15 0.128525 0.116110 0.010960
12 16 0.126059 0.116110 0.010960
12 17 0.123440 0.116110 0.010960
12 18 0.118200 0.116110 0.010960
12 19 0.114964 0.116110 0.010960
12 20 0.110957 0.116110 0.010960
13 0 0.109262 0.116110 0.010960
13 1 0.114039 0.116110 0.010960
13 2 0.120203 0.116110 0.010960
13 3 0.124518 0.116110 0.010960
13 4 0.124981 0.116110 0.010960
13 5 0.124518 0.116110 0.010960
13 6 0.124827 0.116110 0.010960
13 7 0.124364 0.116110 0.010960
13 8 0.123902 0.116110 0.010960
13 9 0.123594 0.116110 0.010960
13 10 0.124056 0.116110 0.010960
13 11 0.122361 0.116110 0.010960
13 12 0.124210 0.116110 0.010960
13 13 0.123131 0.116110 0.010960
13 14 0.124518 0.116110 0.010960
13 15 0.126984 0.116110 0.010960
13 16 0.124518 0.116110 0.010960
13 17 0.121899 0.116110 0.010960
13 18 0.115272 0.116110 0.010960
13 19 0.112190 0.116110 0.010960
13 20 0.107258 0.116110 0.010960
14 0 0.113423 0.116110 0.010960
14 1 0.116967 0.116110 0.010960
14 2 0.122823 0.116110 0.010960
14 3 0.128063 0.116110 0.010960
14 4 0.128988 0.116110 0.010960
14 5 0.126984 0.116110 0.010960
14 6 0.128063 0.116110 0.010960
14 7 0.126676 0.116110 0.010960
14 8 0.122977 0.116110 0.010960
14 9 0.121282 0.116110 0.010960
14 10 0.122669 0.116110 0.010960
14 11 0.122361 0.116110 0.010960
14 12 0.122669 0.116110 0.010960
14 13 0.124827 0.116110 0.010960
14 14 0.126059 0.116110 0.010960
14 15 0.127138 0.116110 0.010960
14 16 0.123131 0.116110 0.010960
14 17 0.121744 0.116110 0.010960
14 18 0.116505 0.116110 0.010960
14 19 0.112036 0.116110 0.010960
14 20 0.108029 0.116110 0.010960
15 0 0.114964 0.116110 0.010960
15 1 0.117892 0.116110 0.010960
15 2 0.122669 0.116110 0.010960
15 3 0.127909 0.116110 0.010960
15 4 0.128063 0.116110 0.010960
15 5 0.127909 0.116110 0.010960
15 6 0.127909 0.116110 0.010960
15 7 0.126676 0.116110 0.010960
15 8 0.125135 0.116110 0.010960
15 9 0.120974 0.116110 0.010960
15 10 0.119279 0.116110 0.010960
15 11 0.120203 0.116110 0.010960
15 12 0.123440 0.116110 0.010960
15 13 0.122361 0.116110 0.010960
15 14 0.123286 0.116110 0.010960
15 15 0.126676 0.116110 0.010960
15 16 0.123131 0.116110 0.010960
15 17 0.121436 0.116110 0.010960
15 18 0.117275 0.116110 0.010960
15 19 0.113577 0.116110 0.010960
15 20 0.108183 0.116110 0.010960
16 0 0.115888 0.116110 0.010960
16 1 0.121744 0.116110 0.010960
16 2 0.126522 0.116110 0.010960
16 3 0.128988 0.116110 0.010960
16 4 0.129912 0.116110 0.010960
16 5 0.129604 0.116110 0.010960
16 6 0.129912 0.116110 0.010960
16 7 0.127755 0.116110 0.010960
16 8 0.125905 0.116110 0.010960
16 9 0.123594 0.116110 0.010960
16 10 0.120974 0.116110 0.010960
16 11 0.120512 0.116110 0.010960
16 12 0.122207 0.116110 0.010960
16 13 0.122361 0.116110 0.010960
16 14 0.123286 0.116110 0.010960
16 15 0.124056 0.116110 0.010960
16 16 0.121744 0.116110 0.010960
16 17 0.121282 0.116110 0.010960
16 18 0.119587 0.116110 0.010960
16 19 0.115888 0.116110 0.010960
16 20 0.109108 0.116110 0.010960
17 0 0.117121 0.116110 0.010960
17 1 0.122823 0.116110 0.010960
17 2 0.127601 0.116110 0.010960
17 3 0.132070 0.116110 0.010960
17 4 0.132378 0.116110 0.010960
17 5 0.131916 0.116110 0.010960
17 6 0.130683 0.116110 0.010960
17 7 0.129142 0.116110 0.010960
17 8 0.127601 0.116110 0.010960
17 9 0.123286 0.116110 0.010960
17 10 0.120820 0.116110 0.010960
17 11 0.121128 0.116110 0.010960
17 12 0.121436 0.116110 0.010960
17 13 0.122823 0.116110 0.010960
17 14 0.123748 0.116110 0.010960
17 15 0.124673 0.116110 0.010960
17 16 0.121282 0.116110 0.010960
17 17 0.120974 0.116110 0.010960
17 18 0.120203 0.116110 0.010960
17 19 0.113577 0.116110 0.010960
17 20 0.107258 0.116110 0.010960
18 0 0.117121 0.116110 0.010960
18 1 0.119741 0.116110 0.010960
18 2 0.124364 0.116110 0.010960
18 3 0.130374 0.116110 0.010960
18 4 0.129604 0.116110 0.010960
18 5 0.129450 0.116110 0.010960
18 6 0.129142 0.116110 0.010960
18 7 0.127755 0.116110 0.010960
18 8 0.126059 0.116110 0.010960
18 9 0.119433 0.116110 0.010960
18 10 0.117121 0.116110 0.010960
18 11 0.115272 0.116110 0.010960
18 12 0.117584 0.116110 0.010960
18 13 0.116043 0.116110 0.010960
18 14 0.119433 0.116110 0.010960
18 15 0.120820 0.116110 0.010960
18 16 0.118816 0.116110 0.010960
18 17 0.117275 0.116110 0.010960
18 18 0.116505 0.116110 0.010960
18 19 0.111573 0.116110 0.010960
18 20 0.104485 0.116110 0.010960
19 0 0.115118 0.116110 0.010960
19 1 0.118200 0.116110 0.010960
19 2 0.122515 0.116110 0.010960
19 3 0.126522 0.116110 0.010960
19 4 0.128217 0.116110 0.010960
19 5 0.128988 0.116110 0.010960
19 6 0.125905 0.116110 0.010960
19 7 0.125443 0.116110 0.010960
19 8 0.123594 0.116110 0.010960
19 9 0.118354 0.116110 0.010960
19 10 0.114039 0.116110 0.010960
19 11 0.113115 0.116110 0.010960
19 12 0.115118 0.116110 0.010960
19 13 0.114039 0.116110 0.010960
19 14 0.116813 0.116110 0.010960
19 15 0.117121 0.116110 0.010960
19 16 0.116197 0.116110 0.010960
19 17 0.115118 0.116110 0.010960
19 18 0.110803 0.116110 0.010960
19 19 0.109416 0.116110 0.010960
19 20 0.101402 0.116110 0.010960
20 0 0.113423 0.116110 0.010960
20 1 0.113269 0.116110 0.010960
20 2 0.118816 0.116110 0.010960
20 3 0.120974 0.116110 0.010960
20 4 0.123131 0.116110 0.010960
20 5 0.124210 0.116110 0.010960
20 6 0.122977 0.116110 0.010960
20 7 0.119279 0.116110 0.010960
20 8 0.118200 0.116110 0.010960
20 9 0.113885 0.116110 0.010960
20 10 0.109724 0.116110 0.010960
20 11 0.106796 0.116110 0.010960
20 12 0.108183 0.116110 0.010960
20 13 0.109108 0.116110 0.010960
20 14 0.112036 0.116110 0.010960
20 15 0.109724 0.116110 0.010960
20 16 0.109262 0.116110 0.010960
20 17 0.107413 0.116110 0.010960
20 18 0.104947 0.116110 0.010960
20 19 0.102943 0.116110 0.010960
20 20 0.095238 0.116110 0.010960
