# contact distance = 24.0 Angstroms
# F = 0.4 kJ/mol

# i j contact_probability mean_contact_probability stddev_contact_probability
0 0 0.110746 0.139178 0.015021
0 1 0.113670 0.139178 0.015021
0 2 0.118665 0.139178 0.015021
0 3 0.116837 0.139178 0.015021
0 4 0.113548 0.139178 0.015021
0 5 0.113426 0.139178 0.015021
0 6 0.115984 0.139178 0.015021
0 7 0.116472 0.139178 0.015021
0 8 0.118299 0.139178 0.015021
0 9 0.123660 0.139178 0.015021
0 10 0.126096 0.139178 0.015021
0 11 0.129386 0.139178 0.015021
0 12 0.133772 0.139178 0.015021
0 13 0.137061 0.139178 0.015021
0 14 0.141447 0.139178 0.015021
0 15 0.144128 0.139178 0.015021
0 16 0.145468 0.139178 0.015021
0 17 0.144981 0.139178 0.015021
0 18 0.143884 0.139178 0.015021
0 19 0.140107 0.139178 0.015021
0 20 0.135234 0.139178 0.015021
1 0 0.116594 0.139178 0.015021
1 1 0.118421 0.139178 0.015021
1 2 0.123660 0.139178 0.015021
1 3 0.120249 0.139178 0.015021
1 4 0.119761 0.139178 0.015021
1 5 0.117203 0.139178 0.015021
1 6 0.116837 0.139178 0.015021
1 7 0.121467 0.139178 0.015021
1 8 0.122442 0.139178 0.015021
1 9 0.126462 0.139178 0.015021
1 10 0.130117 0.139178 0.015021
1 11 0.133163 0.139178 0.015021
1 12 0.139376 0.139178 0.015021
1 13 0.143762 0.139178 0.015021
1 14 0.145833 0.139178 0.015021
1 15 0.148270 0.139178 0.015021
1 16 0.150219 0.139178 0.015021
1 17 0.150707 0.139178 0.015021
1 18 0.148879 0.139178 0.015021
1 19 0.142544 0.139178 0.015021
1 20 0.136574 0.139178 0.015021
2 0 0.117081 0.139178 0.015021
2 1 0.120370 0.139178 0.015021
2 2 0.120980 0.139178 0.015021
2 3 0.119274 0.139178 0.015021
2 4 0.120858 0.139178 0.015021
2 5 0.120249 0.139178 0.015021
2 6 0.119518 0.139178 0.015021
2 7 0.123416 0.139178 0.015021
2 8 0.127924 0.139178 0.015021
2 9 0.129995 0.139178 0.015021
2 10 0.133285 0.139178 0.015021
2 11 0.137305 0.139178 0.015021
2 12 0.143762 0.139178 0.015021
2 13 0.146442 0.139178 0.015021
2 14 0.147904 0.139178 0.015021
2 15 0.151803 0.139178 0.015021
2 16 0.151316 0.139178 0.015021
2 17 0.152534 0.139178 0.015021
2 18 0.148270 0.139178 0.015021
2 19 0.144250 0.139178 0.015021
2 20 0.140351 0.139178 0.015021
3 0 0.118299 0.139178 0.015021
3 1 0.120370 0.139178 0.015021
3 2 0.122807 0.139178 0.015021
3 3 0.122807 0.139178 0.015021
3 4 0.122807 0.139178 0.015021
3 5 0.124635 0.139178 0.015021
3 6 0.124391 0.139178 0.015021
3 7 0.128046 0.139178 0.015021
3 8 0.132675 0.139178 0.015021
3 9 0.136818 0.139178 0.015021
3 10 0.140351 0.139178 0.015021
3 11 0.142057 0.139178 0.015021
3 12 0.149123 0.139178 0.015021
3 13 0.150219 0.139178 0.015021
3 14 0.150097 0.139178 0.015021
3 15 0.153752 0.139178 0.015021
3 16 0.153387 0.139178 0.015021
3 17 0.153631 0.139178 0.015021
3 18 0.151559 0.139178 0.015021
3 19 0.144859 0.139178 0.015021
3 20 0.140838 0.139178 0.015021
4 0 0.115863 0.139178 0.015021
4 1 0.118299 0.139178 0.015021
4 2 0.122685 0.139178 0.015021
4 3 0.124269 0.139178 0.015021
4 4 0.125975 0.139178 0.015021
4 5 0.124756 0.139178 0.015021
4 6 0.125244 0.139178 0.015021
4 7 0.129508 0.139178 0.015021
4 8 0.130239 0.139178 0.015021
4 9 0.135843 0.139178 0.015021
4 10 0.141082 0.139178 0.015021
4 11 0.144981 0.139178 0.015021
4 12 0.148514 0.139178 0.015021
4 13 0.150341 0.139178 0.015021
4 14 0.151681 0.139178 0.015021
4 15 0.152412 0.139178 0.015021
4 16 0.154240 0.139178 0.015021
4 17 0.153752 0.139178 0.015021
4 18 0.151316 0.139178 0.015021
4 19 0.146808 0.139178 0.015021
4 20 0.143640 0.139178 0.015021
5 0 0.115619 0.139178 0.015021
5 1 0.122320 0.139178 0.015021
5 2 0.125000 0.139178 0.015021
5 3 0.125365 0.139178 0.015021
5 4 0.128046 0.139178 0.015021
5 5 0.129995 0.139178 0.015021
5 6 0.131944 0.139178 0.015021
5 7 0.132797 0.139178 0.015021
5 8 0.132797 0.139178 0.015021
5 9 0.138645 0.139178 0.015021
5 10 0.142057 0.139178 0.015021
5 11 0.146564 0.139178 0.015021
5 12 0.149854 0.139178 0.015021
5 13 0.152534 0.139178 0.015021
5 14 0.154849 0.139178 0.015021
5 15 0.156067 0.139178 0.015021
5 16 0.155214 0.139178 0.015021
5 17 0.155458 0.139178 0.015021
5 18 0.152290 0.139178 0.015021
5 19 0.146686 0.139178 0.015021
5 20 0.142422 0.139178 0.015021
6 0 0.116350 0.139178 0.015021
6 1 0.121711 0.139178 0.015021
6 2 0.125853 0.139178 0.015021
6 3 0.128655 0.139178 0.015021
6 4 0.129751 0.139178 0.015021
6 5 0.132188 0.139178 0.015021
6 6 0.134625 0.139178 0.015021
6 7 0.136574 0.139178 0.015021
6 8 0.138402 0.139178 0.015021
6 9 0.142178 0.139178 0.015021
6 10 0.144250 0.139178 0.015021
6 11 0.144615 0.139178 0.015021
6 12 0.149123 0.139178 0.015021
6 13 0.156676 0.139178 0.015021
6 14 0.157042 0.139178 0.015021
6 15 0.157529 0.139178 0.015021
6 16 0.157407 0.139178 0.015021
6 17 0.155945 0.139178 0.015021
6 18 0.151559 0.139178 0.015021
6 19 0.147417 0.139178 0.015021
6 20 0.140595 0.139178 0.015021
7 0 0.116837 0.139178 0.015021
7 1 0.120370 0.139178 0.015021
7 2 0.126584 0.139178 0.015021
7 3 0.129873 0.139178 0.015021
7 4 0.133041 0.139178 0.015021
7 5 0.134990 0.139178 0.015021
7 6 0.138402 0.139178 0.015021
7 7 0.140229 0.139178 0.015021
7 8 0.140107 0.139178 0.015021
7 9 0.139985 0.139178 0.015021
7 10 0.143640 0.139178 0.015021
7 11 0.145833 0.139178 0.015021
7 12 0.149976 0.139178 0.015021
7 13 0.153996 0.139178 0.015021
7 14 0.154849 0.139178 0.015021
7 15 0.155945 0.139178 0.015021
7 16 0.156555 0.139178 0.015021
7 17 0.153021 0.139178 0.015021
7 18 0.148514 0.139178 0.015021
7 19 0.143519 0.139178 0.015021
7 20 0.139133 0.139178 0.015021
8 0 0.120980 0.139178 0.015021
8 1 0.122685 0.139178 0.015021
8 2 0.128289 0.139178 0.015021
8 3 0.131335 0.139178 0.015021
8 4 0.134259 0.139178 0.015021
8 5 0.135234 0.139178 0.015021
8 6 0.137914 0.139178 0.015021
8 7 0.141082 0.139178 0.015021
8 8 0.141204 0.139178 0.015021
8 9 0.142300 0.139178 0.015021
8 10 0.145224 0.139178 0.015021
8 11 0.146077 0.139178 0.015021
8 12 0.149854 0.139178 0.015021
8 13 0.153874 0.139178 0.015021
8 14 0.153509 0.139178 0.015021
8 15 0.153874 0.139178 0.015021
8 16 0.154240 0.139178 0.015021
8 17 0.149976 0.139178 0.015021
8 18 0.144737 0.139178 0.015021
8 19 0.140229 0.139178 0.015021
8 20 0.134381 0.139178 0.015021
9 0 0.121345 0.139178 0.015021
9 1 0.126096 0.139178 0.015021
9 2 0.132919 0.139178 0.015021
9 3 0.134625 0.139178 0.015021
9 4 0.138158 0.139178 0.015021
9 5 0.139864 0.139178 0.015021
9 6 0.141082 0.139178 0.015021
9 7 0.140595 0.139178 0.015021
9 8 0.141204 0.139178 0.015021
9 9 0.144859 0.139178 0.015021
9 10 0.147539 0.139178 0.015021
9 11 0.146808 0.139178 0.015021
9 12 0.149732 0.139178 0.015021
9 13 0.154118 0.139178 0.015021
9 14 0.155702 0.139178 0.015021
9 15 0.155458 0.139178 0.015021
9 16 0.154118 0.139178 0.015021
9 17 0.150463 0.139178 0.015021
9 18 0.142788 0.139178 0.015021
9 19 0.136574 0.139178 0.015021
9 20 0.130726 0.139178 0.015021
10 0 0.122929 0.139178 0.015021
10 1 0.130239 0.139178 0.015021
10 2 0.135234 0.139178 0.015021
10 3 0.138523 0.139178 0.015021
10 4 0.141326 0.139178 0.015021
10 5 0.142909 0.139178 0.015021
10 6 0.142788 0.139178 0.015021
10 7 0.144859 0.139178 0.015021
10 8 0.144493 0.139178 0.015021
10 9 0.146686 0.139178 0.015021
10 10 0.147295 0.139178 0.015021
10 11 0.149366 0.139178 0.015021
10 12 0.153021 0.139178 0.015021
10 13 0.153996 0.139178 0.015021
10 14 0.153752 0.139178 0.015021
10 15 0.154240 0.139178 0.015021
10 16 0.152047 0.139178 0.015021
10 17 0.147904 0.139178 0.015021
10 18 0.140960 0.139178 0.015021
10 19 0.132797 0.139178 0.015021
10 20 0.127558 0.139178 0.015021
11 0 0.126340 0.139178 0.015021
11 1 0.135234 0.139178 0.015021
11 2 0.141082 0.139178 0.015021
11 3 0.142178 0.139178 0.015021
11 4 0.143031 0.139178 0.015021
11 5 0.144250 0.139178 0.015021
11 6 0.145102 0.139178 0.015021
11 7 0.146321 0.139178 0.015021
11 8 0.147783 0.139178 0.015021
11 9 0.147783 0.139178 0.015021
11 10 0.151438 0.139178 0.015021
11 11 0.150828 0.139178 0.015021
11 12 0.152047 0.139178 0.015021
11 13 0.155093 0.139178 0.015021
11 14 0.151803 0.139178 0.015021
11 15 0.154605 0.139178 0.015021
11 16 0.151681 0.139178 0.015021
11 17 0.148270 0.139178 0.015021
11 18 0.141569 0.139178 0.015021
11 19 0.133528 0.139178 0.015021
11 20 0.125365 0.139178 0.015021
12 0 0.134990 0.139178 0.015021
12 1 0.141569 0.139178 0.015021
12 2 0.145955 0.139178 0.015021
12 3 0.146077 0.139178 0.015021
12 4 0.149245 0.139178 0.015021
12 5 0.146686 0.139178 0.015021
12 6 0.149488 0.139178 0.015021
12 7 0.150219 0.139178 0.015021
12 8 0.150097 0.139178 0.015021
12 9 0.152656 0.139178 0.015021
12 10 0.152900 0.139178 0.015021
12 11 0.152534 0.139178 0.015021
12 12 0.154118 0.139178 0.015021
12 13 0.152778 0.139178 0.015021
12 14 0.152290 0.139178 0.015021
12 15 0.153387 0.139178 0.015021
12 16 0.150707 0.139178 0.015021
12 17 0.146442 0.139178 0.015021
12 18 0.138889 0.139178 0.015021
12 19 0.131701 0.139178 0.015021
12 20 0.124878 0.139178 0.015021
13 0 0.139864 0.139178 0.015021
13 1 0.145955 0.139178 0.015021
13 2 0.149732 0.139178 0.015021
13 3 0.152534 0.139178 0.015021
13 4 0.154240 0.139178 0.015021
13 5 0.152534 0.139178 0.015021
13 6 0.150828 0.139178 0.015021
13 7 0.151072 0.139178 0.015021
13 8 0.149854 0.139178 0.015021
13 9 0.153387 0.139178 0.015021
13 10 0.153509 0.139178 0.015021
13 11 0.150950 0.139178 0.015021
13 12 0.153387 0.139178 0.015021
13 13 0.153387 0.139178 0.015021
13 14 0.152169 0.139178 0.015021
13 15 0.152412 0.139178 0.015021
13 16 0.148757 0.139178 0.015021
13 17 0.142422 0.139178 0.015021
13 18 0.134625 0.139178 0.015021
13 19 0.128899 0.139178 0.015021
13 20 0.122198 0.139178 0.015021
14 0 0.144981 0.139178 0.015021
14 1 0.150828 0.139178 0.015021
14 2 0.156067 0.139178 0.015021
14 3 0.156920 0.139178 0.015021
14 4 0.158504 0.139178 0.015021
14 5 0.157773 0.139178 0.015021
14 6 0.154483 0.139178 0.015021
14 7 0.152169 0.139178 0.015021
14 8 0.152656 0.139178 0.015021
14 9 0.154362 0.139178 0.015021
14 10 0.153143 0.139178 0.015021
14 11 0.151803 0.139178 0.015021
14 12 0.154240 0.139178 0.015021
14 13 0.152900 0.139178 0.015021
14 14 0.150950 0.139178 0.015021
14 15 0.149976 0.139178 0.015021
14 16 0.144006 0.139178 0.015021
14 17 0.140473 0.139178 0.015021
14 18 0.133285 0.139178 0.015021
14 19 0.125731 0.139178 0.015021
14 20 0.114888 0.139178 0.015021
15 0 0.146199 0.139178 0.015021
15 1 0.149854 0.139178 0.015021
15 2 0.153996 0.139178 0.015021
15 3 0.156920 0.139178 0.015021
15 4 0.158017 0.139178 0.015021
15 5 0.157529 0.139178 0.015021
15 6 0.157286 0.139178 0.015021
15 7 0.157286 0.139178 0.015021
15 8 0.153021 0.139178 0.015021
15 9 0.153631 0.139178 0.015021
15 10 0.153874 0.139178 0.015021
15 11 0.151438 0.139178 0.015021
15 12 0.153021 0.139178 0.015021
15 13 0.147904 0.139178 0.015021
15 14 0.145346 0.139178 0.015021
15 15 0.143031 0.139178 0.015021
15 16 0.139864 0.139178 0.015021
15 17 0.134259 0.139178 0.015021
15 18 0.125487 0.139178 0.015021
15 19 0.118665 0.139178 0.015021
15 20 0.108918 0.139178 0.015021
16 0 0.147052 0.139178 0.015021
16 1 0.150585 0.139178 0.015021
16 2 0.155214 0.139178 0.015021
16 3 0.155458 0.139178 0.015021
16 4 0.156920 0.139178 0.015021
16 5 0.158504 0.139178 0.015021
16 6 0.157164 0.139178 0.015021
16 7 0.156676 0.139178 0.015021
16 8 0.153509 0.139178 0.015021
16 9 0.153631 0.139178 0.015021
16 10 0.151803 0.139178 0.015021
16 11 0.148148 0.139178 0.015021
16 12 0.148148 0.139178 0.015021
16 13 0.143884 0.139178 0.015021
16 14 0.139498 0.139178 0.015021
16 15 0.136087 0.139178 0.015021
16 16 0.131701 0.139178 0.015021
16 17 0.127802 0.139178 0.015021
16 18 0.118299 0.139178 0.015021
16 19 0.111111 0.139178 0.015021
16 20 0.100634 0.139178 0.015021
17 0 0.145224 0.139178 0.015021
17 1 0.149245 0.139178 0.015021
17 2 0.153021 0.139178 0.015021
17 3 0.156189 0.139178 0.015021
17 4 0.158260 0.139178 0.015021
17 5 0.158260 0.139178 0.015021
17 6 0.157651 0.139178 0.015021
17 7 0.156311 0.139178 0.015021
17 8 0.153631 0.139178 0.015021
17 9 0.152656 0.139178 0.015021
17 10 0.150707 0.139178 0.015021
17 11 0.148879 0.139178 0.015021
17 12 0.147295 0.139178 0.015021
17 13 0.142057 0.139178 0.015021
17 14 0.137549 0.139178 0.015021
17 15 0.130604 0.139178 0.015021
17 16 0.124391 0.139178 0.015021
17 17 0.120980 0.139178 0.015021
17 18 0.113182 0.139178 0.015021
17 19 0.101852 0.139178 0.015021
17 20 0.093933 0.139178 0.015021
18 0 0.143884 0.139178 0.015021
18 1 0.145224 0.139178 0.015021
18 2 0.148392 0.139178 0.015021
18 3 0.152778 0.139178 0.015021
18 4 0.155945 0.139178 0.015021
18 5 0.154240 0.139178 0.015021
18 6 0.156798 0.139178 0.015021
18 7 0.155093 0.139178 0.015021
18 8 0.149610 0.139178 0.015021
18 9 0.149245 0.139178 0.015021
18 10 0.149001 0.139178 0.015021
18 11 0.144128 0.139178 0.015021
18 12 0.143397 0.139178 0.015021
18 13 0.138523 0.139178 0.015021
18 14 0.131457 0.139178 0.015021
18 15 0.125487 0.139178 0.015021
18 16 0.120492 0.139178 0.015021
18 17 0.114279 0.139178 0.015021
18 18 0.103436 0.139178 0.015021
18 19 0.094907 0.139178 0.015021
18 20 0.091009 0.139178 0.015021
19 0 0.137792 0.139178 0.015021
19 1 0.140107 0.139178 0.015021
19 2 0.144859 0.139178 0.015021
19 3 0.146077 0.139178 0.015021
19 4 0.148392 0.139178 0.015021
19 5 0.149123 0.139178 0.015021
19 6 0.150097 0.139178 0.015021
19 7 0.149732 0.139178 0.015021
19 8 0.144250 0.139178 0.015021
19 9 0.145468 0.139178 0.015021
19 10 0.141204 0.139178 0.015021
19 11 0.137914 0.139178 0.015021
19 12 0.134625 0.139178 0.015021
19 13 0.129508 0.139178 0.015021
19 14 0.122320 0.139178 0.015021
19 15 0.118787 0.139178 0.015021
19 16 0.112208 0.139178 0.015021
19 17 0.105019 0.139178 0.015021
19 18 0.095760 0.139178 0.015021
19 19 0.089425 0.139178 0.015021
19 20 0.083577 0.139178 0.015021
20 0 0.132188 0.139178 0.015021
20 1 0.134868 0.139178 0.015021
20 2 0.141935 0.139178 0.015021
20 3 0.141691 0.139178 0.015021
20 4 0.140960 0.139178 0.015021
20 5 0.144737 0.139178 0.015021
20 6 0.142909 0.139178 0.015021
20 7 0.142544 0.139178 0.015021
20 8 0.138036 0.139178 0.015021
20 9 0.137914 0.139178 0.015021
20 10 0.132797 0.139178 0.015021
20 11 0.127680 0.139178 0.015021
20 12 0.126462 0.139178 0.015021
20 13 0.123782 0.139178 0.015021
20 14 0.116350 0.139178 0.015021
20 15 0.108431 0.139178 0.015021
20 16 0.104167 0.139178 0.015021
20 17 0.096369 0.139178 0.015021
20 18 0.087963 0.139178 0.015021
20 19 0.083455 0.139178 0.015021
20 20 0.076998 0.139178 0.015021
