# contact distance = 24.0 Angstroms
# F = 0.4 kJ/mol

# i j contact_probability mean_contact_probability stddev_contact_probability
0 0 0.114098 0.115860 0.008605
0 1 0.117318 0.115860 0.008605
0 2 0.114658 0.115860 0.008605
0 3 0.110458 0.115860 0.008605
0 4 0.110038 0.115860 0.008605
0 5 0.104578 0.115860 0.008605
0 6 0.099538 0.115860 0.008605
0 7 0.095758 0.115860 0.008605
0 8 0.090018 0.115860 0.008605
0 9 0.092118 0.115860 0.008605
0 10 0.098838 0.115860 0.008605
0 11 0.103458 0.115860 0.008605
0 12 0.110318 0.115860 0.008605
0 13 0.113398 0.115860 0.008605
0 14 0.117878 0.115860 0.008605
0 15 0.120678 0.115860 0.008605
0 16 0.122218 0.115860 0.008605
0 17 0.124318 0.115860 0.008605
0 18 0.119978 0.115860 0.008605
0 19 0.119418 0.115860 0.008605
0 20 0.115218 0.115860 0.008605
1 0 0.118438 0.115860 0.008605
1 1 0.119418 0.115860 0.008605
1 2 0.120958 0.115860 0.008605
1 3 0.119138 0.115860 0.008605
1 4 0.116198 0.115860 0.008605
1 5 0.110738 0.115860 0.008605
1 6 0.105278 0.115860 0.008605
1 7 0.099398 0.115860 0.008605
1 8 0.096598 0.115860 0.008605
1 9 0.100098 0.115860 0.008605
1 10 0.104718 0.115860 0.008605
1 11 0.109618 0.115860 0.008605
1 12 0.117458 0.115860 0.008605
1 13 0.118858 0.115860 0.008605
1 14 0.121238 0.115860 0.008605
1 15 0.124178 0.115860 0.008605
1 16 0.128237 0.115860 0.008605
1 17 0.128517 0.115860 0.008605
1 18 0.125857 0.115860 0.008605
1 19 0.123898 0.115860 0.008605
1 20 0.121378 0.115860 0.008605
2 0 0.119418 0.115860 0.008605
2 1 0.122638 0.115860 0.008605
2 2 0.121098 0.115860 0.008605
2 3 0.120678 0.115860 0.008605
2 4 0.118718 0.115860 0.008605
2 5 0.111298 0.115860 0.008605
2 6 0.104718 0.115860 0.008605
2 7 0.104718 0.115860 0.008605
2 8 0.102338 0.115860 0.008605
2 9 0.103598 0.115860 0.008605
2 10 0.105418 0.115860 0.008605
2 11 0.113258 0.115860 0.008605
2 12 0.120958 0.115860 0.008605
2 13 0.123058 0.115860 0.008605
2 14 0.127957 0.115860 0.008605
2 15 0.130477 0.115860 0.008605
2 16 0.132437 0.115860 0.008605
2 17 0.131457 0.115860 0.008605
2 18 0.129497 0.115860 0.008605
2 19 0.127397 0.115860 0.008605
2 20 0.122078 0.115860 0.008605
3 0 0.115918 0.115860 0.008605
3 1 0.119278 0.115860 0.008605
3 2 0.119838 0.115860 0.008605
3 3 0.117318 0.115860 0.008605
3 4 0.116478 0.115860 0.008605
3 5 0.111858 0.115860 0.008605
3 6 0.103738 0.115860 0.008605
3 7 0.103458 0.115860 0.008605
3 8 0.104438 0.115860 0.008605
3 9 0.106538 0.115860 0.008605
3 10 0.109758 0.115860 0.008605
3 11 0.114518 0.115860 0.008605
3 12 0.119838 0.115860 0.008605
3 13 0.124038 0.115860 0.008605
3 14 0.129217 0.115860 0.008605
3 15 0.131737 0.115860 0.008605
3 16 0.131457 0.115860 0.008605
3 17 0.130197 0.115860 0.008605
3 18 0.129637 0.115860 0.008605
3 19 0.125857 0.115860 0.008605
3 20 0.122358 0.115860 0.008605
4 0 0.111018 0.115860 0.008605
4 1 0.115078 0.115860 0.008605
4 2 0.115358 0.115860 0.008605
4 3 0.116198 0.115860 0.008605
4 4 0.111718 0.115860 0.008605
4 5 0.108358 0.115860 0.008605
4 6 0.106398 0.115860 0.008605
4 7 0.104298 0.115860 0.008605
4 8 0.103318 0.115860 0.008605
4 9 0.106538 0.115860 0.008605
4 10 0.113118 0.115860 0.008605
4 11 0.115498 0.115860 0.008605
4 12 0.120538 0.115860 0.008605
4 13 0.124878 0.115860 0.008605
4 14 0.128377 0.115860 0.008605
4 15 0.129917 0.115860 0.008605
4 16 0.132437 0.115860 0.008605
4 17 0.132157 0.115860 0.008605
4 18 0.129077 0.115860 0.008605
4 19 0.129497 0.115860 0.008605
4 20 0.125577 0.115860 0.008605
5 0 0.106398 0.115860 0.008605
5 1 0.111858 0.115860 0.008605
5 2 0.114938 0.115860 0.008605
5 3 0.111438 0.115860 0.008605
5 4 0.109198 0.115860 0.008605
5 5 0.108078 0.115860 0.008605
5 6 0.107238 0.115860 0.008605
5 7 0.104298 0.115860 0.008605
5 8 0.105418 0.115860 0.008605
5 9 0.108638 0.115860 0.008605
5 10 0.110878 0.115860 0.008605
5 11 0.115358 0.115860 0.008605
5 12 0.121098 0.115860 0.008605
5 13 0.122778 0.115860 0.008605
5 14 0.125297 0.115860 0.008605
5 15 0.128797 0.115860 0.008605
5 16 0.131457 0.115860 0.008605
5 17 0.131737 0.115860 0.008605
5 18 0.130617 0.115860 0.008605
5 19 0.129637 0.115860 0.008605
5 20 0.123898 0.115860 0.008605
6 0 0.100798 0.115860 0.008605
6 1 0.106258 0.115860 0.008605
6 2 0.107658 0.115860 0.008605
6 3 0.108778 0.115860 0.008605
6 4 0.109618 0.115860 0.008605
6 5 0.107378 0.115860 0.008605
6 6 0.103878 0.115860 0.008605
6 7 0.103878 0.115860 0.008605
6 8 0.103598 0.115860 0.008605
6 9 0.105978 0.115860 0.008605
6 10 0.111158 0.115860 0.008605
6 11 0.113678 0.115860 0.008605
6 12 0.116898 0.115860 0.008605
6 13 0.120818 0.115860 0.008605
6 14 0.125297 0.115860 0.008605
6 15 0.127817 0.115860 0.008605
6 16 0.131597 0.115860 0.008605
6 17 0.128657 0.115860 0.008605
6 18 0.128937 0.115860 0.008605
6 19 0.124178 0.115860 0.008605
6 20 0.120538 0.115860 0.008605
7 0 0.102058 0.115860 0.008605
7 1 0.103878 0.115860 0.008605
7 2 0.103178 0.115860 0.008605
7 3 0.107518 0.115860 0.008605
7 4 0.107798 0.115860 0.008605
7 5 0.106398 0.115860 0.008605
7 6 0.104158 0.115860 0.008605
7 7 0.101918 0.115860 0.008605
7 8 0.103458 0.115860 0.008605
7 9 0.104298 0.115860 0.008605
7 10 0.108218 0.115860 0.008605
7 11 0.109058 0.115860 0.008605
7 12 0.115358 0.115860 0.008605
7 13 0.119698 0.115860 0.008605
7 14 0.124178 0.115860 0.008605
7 15 0.128377 0.115860 0.008605
7 16 0.129497 0.115860 0.008605
7 17 0.124458 0.115860 0.008605
7 18 0.125437 0.115860 0.008605
7 19 0.121518 0.115860 0.008605
7 20 0.114378 0.115860 0.008605
8 0 0.099818 0.115860 0.008605
8 1 0.102758 0.115860 0.008605
8 2 0.105978 0.115860 0.008605
8 3 0.109198 0.115860 0.008605
8 4 0.107938 0.115860 0.008605
8 5 0.107938 0.115860 0.008605
8 6 0.102898 0.115860 0.008605
8 7 0.100938 0.115860 0.008605
8 8 0.103038 0.115860 0.008605
8 9 0.104158 0.115860 0.008605
8 10 0.104998 0.115860 0.008605
8 11 0.107798 0.115860 0.008605
8 12 0.113958 0.115860 0.008605
8 13 0.118018 0.115860 0.008605
8 14 0.121238 0.115860 0.008605
8 15 0.121098 0.115860 0.008605
8 16 0.125437 0.115860 0.008605
8 17 0.125577 0.115860 0.008605
8 18 0.121518 0.115860 0.008605
8 19 0.116198 0.115860 0.008605
8 20 0.110038 0.115860 0.008605
9 0 0.097858 0.115860 0.008605
9 1 0.104858 0.115860 0.008605
9 2 0.108918 0.115860 0.008605
9 3 0.113678 0.115860 0.008605
9 4 0.111858 0.115860 0.008605
9 5 0.112418 0.115860 0.008605
9 6 0.106258 0.115860 0.008605
9 7 0.102198 0.115860 0.008605
9 8 0.103458 0.115860 0.008605
9 9 0.103738 0.115860 0.008605
9 10 0.107098 0.115860 0.008605
9 11 0.108218 0.115860 0.008605
9 12 0.112138 0.115860 0.008605
9 13 0.113678 0.115860 0.008605
9 14 0.120398 0.115860 0.008605
9 15 0.120818 0.115860 0.008605
9 16 0.120398 0.115860 0.008605
9 17 0.121378 0.115860 0.008605
9 18 0.117178 0.115860 0.008605
9 19 0.112558 0.115860 0.008605
9 20 0.107238 0.115860 0.008605
10 0 0.102758 0.115860 0.008605
10 1 0.107378 0.115860 0.008605
10 2 0.113258 0.115860 0.008605
10 3 0.114798 0.115860 0.008605
10 4 0.114938 0.115860 0.008605
10 5 0.114798 0.115860 0.008605
10 6 0.106958 0.115860 0.008605
10 7 0.104298 0.115860 0.008605
10 8 0.104158 0.115860 0.008605
10 9 0.104718 0.115860 0.008605
10 10 0.107518 0.115860 0.008605
10 11 0.107238 0.115860 0.008605
10 12 0.110458 0.115860 0.008605
10 13 0.113818 0.115860 0.008605
10 14 0.120258 0.115860 0.008605
10 15 0.118718 0.115860 0.008605
10 16 0.122638 0.115860 0.008605
10 17 0.118158 0.115860 0.008605
10 18 0.117458 0.115860 0.008605
10 19 0.111578 0.115860 0.008605
10 20 0.107798 0.115860 0.008605
11 0 0.107798 0.115860 0.008605
11 1 0.113958 0.115860 0.008605
11 2 0.116758 0.115860 0.008605
11 3 0.117738 0.115860 0.008605
11 4 0.117598 0.115860 0.008605
11 5 0.115638 0.115860 0.008605
11 6 0.109198 0.115860 0.008605
11 7 0.106818 0.115860 0.008605
11 8 0.104018 0.115860 0.008605
11 9 0.104298 0.115860 0.008605
11 10 0.106538 0.115860 0.008605
11 11 0.106818 0.115860 0.008605
11 12 0.111298 0.115860 0.008605
11 13 0.115078 0.115860 0.008605
11 14 0.118998 0.115860 0.008605
11 15 0.118578 0.115860 0.008605
11 16 0.120118 0.115860 0.008605
11 17 0.119698 0.115860 0.008605
11 18 0.116198 0.115860 0.008605
11 19 0.110598 0.115860 0.008605
11 20 0.104718 0.115860 0.008605
12 0 0.111718 0.115860 0.008605
12 1 0.118998 0.115860 0.008605
12 2 0.120538 0.115860 0.008605
12 3 0.122498 0.115860 0.008605
12 4 0.124318 0.115860 0.008605
12 5 0.120118 0.115860 0.008605
12 6 0.114098 0.115860 0.008605
12 7 0.110878 0.115860 0.008605
12 8 0.108218 0.115860 0.008605
12 9 0.106538 0.115860 0.008605
12 10 0.109338 0.115860 0.008605
12 11 0.113118 0.115860 0.008605
12 12 0.115638 0.115860 0.008605
12 13 0.118018 0.115860 0.008605
12 14 0.120258 0.115860 0.008605
12 15 0.120538 0.115860 0.008605
12 16 0.124878 0.115860 0.008605
12 17 0.121378 0.115860 0.008605
12 18 0.119698 0.115860 0.008605
12 19 0.111018 0.115860 0.008605
12 20 0.104438 0.115860 0.008605
13 0 0.118018 0.115860 0.008605
13 1 0.122218 0.115860 0.008605
13 2 0.122918 0.115860 0.008605
13 3 0.124878 0.115860 0.008605
13 4 0.124038 0.115860 0.008605
13 5 0.119838 0.115860 0.008605
13 6 0.115498 0.115860 0.008605
13 7 0.113538 0.115860 0.008605
13 8 0.111718 0.115860 0.008605
13 9 0.109758 0.115860 0.008605
13 10 0.111298 0.115860 0.008605
13 11 0.112138 0.115860 0.008605
13 12 0.116058 0.115860 0.008605
13 13 0.120398 0.115860 0.008605
13 14 0.121098 0.115860 0.008605
13 15 0.122918 0.115860 0.008605
13 16 0.126837 0.115860 0.008605
13 17 0.123898 0.115860 0.008605
13 18 0.122918 0.115860 0.008605
13 19 0.115778 0.115860 0.008605
13 20 0.107378 0.115860 0.008605
14 0 0.122078 0.115860 0.008605
14 1 0.123618 0.115860 0.008605
14 2 0.124738 0.115860 0.008605
14 3 0.124458 0.115860 0.008605
14 4 0.125017 0.115860 0.008605
14 5 0.123618 0.115860 0.008605
14 6 0.119978 0.115860 0.008605
14 7 0.117038 0.115860 0.008605
14 8 0.114938 0.115860 0.008605
14 9 0.112138 0.115860 0.008605
14 10 0.113398 0.115860 0.008605
14 11 0.115498 0.115860 0.008605
14 12 0.117598 0.115860 0.008605
14 13 0.119838 0.115860 0.008605
14 14 0.124878 0.115860 0.008605
14 15 0.125717 0.115860 0.008605
14 16 0.126277 0.115860 0.008605
14 17 0.124878 0.115860 0.008605
14 18 0.121938 0.115860 0.008605
14 19 0.116058 0.115860 0.008605
14 20 0.108638 0.115860 0.008605
15 0 0.122638 0.115860 0.008605
15 1 0.125017 0.115860 0.008605
15 2 0.126977 0.115860 0.008605
15 3 0.127677 0.115860 0.008605
15 4 0.127257 0.115860 0.008605
15 5 0.125717 0.115860 0.008605
15 6 0.122218 0.115860 0.008605
15 7 0.119278 0.115860 0.008605
15 8 0.117318 0.115860 0.008605
15 9 0.114518 0.115860 0.008605
15 10 0.116338 0.115860 0.008605
15 11 0.114798 0.115860 0.008605
15 12 0.117458 0.115860 0.008605
15 13 0.119698 0.115860 0.008605
15 14 0.125717 0.115860 0.008605
15 15 0.128097 0.115860 0.008605
15 16 0.127397 0.115860 0.008605
15 17 0.124178 0.115860 0.008605
15 18 0.120818 0.115860 0.008605
15 19 0.116198 0.115860 0.008605
15 20 0.109758 0.115860 0.008605
16 0 0.122498 0.115860 0.008605
16 1 0.124598 0.115860 0.008605
16 2 0.127817 0.115860 0.008605
16 3 0.129357 0.115860 0.008605
16 4 0.128797 0.115860 0.008605
16 5 0.127257 0.115860 0.008605
16 6 0.121378 0.115860 0.008605
16 7 0.119278 0.115860 0.008605
16 8 0.118298 0.115860 0.008605
16 9 0.118018 0.115860 0.008605
16 10 0.116198 0.115860 0.008605
16 11 0.117318 0.115860 0.008605
16 12 0.117318 0.115860 0.008605
16 13 0.119558 0.115860 0.008605
16 14 0.122078 0.115860 0.008605
16 15 0.125157 0.115860 0.008605
16 16 0.126977 0.115860 0.008605
16 17 0.125437 0.115860 0.008605
16 18 0.120678 0.115860 0.008605
16 19 0.115218 0.115860 0.008605
16 20 0.106538 0.115860 0.008605
17 0 0.123898 0.115860 0.008605
17 1 0.126977 0.115860 0.008605
17 2 0.129217 0.115860 0.008605
17 3 0.127817 0.115860 0.008605
17 4 0.127957 0.115860 0.008605
17 5 0.126277 0.115860 0.008605
17 6 0.123478 0.115860 0.008605
17 7 0.120958 0.115860 0.008605
17 8 0.118998 0.115860 0.008605
17 9 0.115498 0.115860 0.008605
17 10 0.116198 0.115860 0.008605
17 11 0.113958 0.115860 0.008605
17 12 0.117598 0.115860 0.008605
17 13 0.120818 0.115860 0.008605
17 14 0.125157 0.115860 0.008605
17 15 0.125437 0.115860 0.008605
17 16 0.125297 0.115860 0.008605
17 17 0.120818 0.115860 0.008605
17 18 0.118298 0.115860 0.008605
17 19 0.110178 0.115860 0.008605
17 20 0.101918 0.115860 0.008605
18 0 0.122778 0.115860 0.008605
18 1 0.124598 0.115860 0.008605
18 2 0.126417 0.115860 0.008605
18 3 0.125297 0.115860 0.008605
18 4 0.125577 0.115860 0.008605
18 5 0.123198 0.115860 0.008605
18 6 0.120818 0.115860 0.008605
18 7 0.118858 0.115860 0.008605
18 8 0.116758 0.115860 0.008605
18 9 0.115358 0.115860 0.008605
18 10 0.115358 0.115860 0.008605
18 11 0.114518 0.115860 0.008605
18 12 0.118158 0.115860 0.008605
18 13 0.120678 0.115860 0.008605
18 14 0.122918 0.115860 0.008605
18 15 0.122218 0.115860 0.008605
18 16 0.122638 0.115860 0.008605
18 17 0.120398 0.115860 0.008605
18 18 0.114098 0.115860 0.008605
18 19 0.107658 0.115860 0.008605
18 20 0.101638 0.115860 0.008605
19 0 0.120258 0.115860 0.008605
19 1 0.121098 0.115860 0.008605
19 2 0.125437 0.115860 0.008605
19 3 0.125577 0.115860 0.008605
19 4 0.125577 0.115860 0.008605
19 5 0.122778 0.115860 0.008605
19 6 0.118298 0.115860 0.008605
19 7 0.114238 0.115860 0.008605
19 8 0.112978 0.115860 0.008605
19 9 0.110178 0.115860 0.008605
19 10 0.111018 0.115860 0.008605
19 11 0.109758 0.115860 0.008605
19 12 0.111438 0.115860 0.008605
19 13 0.112838 0.115860 0.008605
19 14 0.117738 0.115860 0.008605
19 15 0.118158 0.115860 0.008605
19 16 0.116338 0.115860 0.008605
19 17 0.112838 0.115860 0.008605
19 18 0.109198 0.115860 0.008605
19 19 0.103458 0.115860 0.008605
19 20 0.097578 0.115860 0.008605
20 0 0.119278 0.115860 0.008605
20 1 0.122638 0.115860 0.008605
20 2 0.121378 0.115860 0.008605
20 3 0.121378 0.115860 0.008605
20 4 0.122498 0.115860 0.008605
20 5 0.118298 0.115860 0.008605
20 6 0.114378 0.115860 0.008605
20 7 0.109058 0.115860 0.008605
20 8 0.105278 0.115860 0.008605
20 9 0.106398 0.115860 0.008605
20 10 0.106818 0.115860 0.008605
20 11 0.104718 0.115860 0.008605
20 12 0.104998 0.115860 0.008605
20 13 0.106678 0.115860 0.008605
20 14 0.107518 0.115860 0.008605
20 15 0.109058 0.115860 0.008605
20 16 0.106678 0.115860 0.008605
20 17 0.104998 0.115860 0.008605
20 18 0.102338 0.115860 0.008605
20 19 0.097018 0.115860 0.008605
20 20 0.090158 0.115860 0.008605
