# contact distance = 24.0 Angstroms
# F = 0.4 kJ/mol

# i j contact_probability mean_contact_probability stddev_contact_probability
0 0 0.085564 0.105366 0.010468
0 1 0.087206 0.105366 0.010468
0 2 0.086385 0.105366 0.010468
0 3 0.083593 0.105366 0.010468
0 4 0.082115 0.105366 0.010468
0 5 0.080966 0.105366 0.010468
0 6 0.083429 0.105366 0.010468
0 7 0.082280 0.105366 0.010468
0 8 0.084579 0.105366 0.010468
0 9 0.085236 0.105366 0.010468
0 10 0.085236 0.105366 0.010468
0 11 0.090820 0.105366 0.010468
0 12 0.098046 0.105366 0.010468
0 13 0.099360 0.105366 0.010468
0 14 0.104122 0.105366 0.010468
0 15 0.106586 0.105366 0.010468
0 16 0.108064 0.105366 0.010468
0 17 0.109378 0.105366 0.010468
0 18 0.107899 0.105366 0.010468
0 19 0.105764 0.105366 0.010468
0 20 0.102973 0.105366 0.010468
1 0 0.091312 0.105366 0.010468
1 1 0.089341 0.105366 0.010468
1 2 0.087535 0.105366 0.010468
1 3 0.089013 0.105366 0.010468
1 4 0.085236 0.105366 0.010468
1 5 0.084250 0.105366 0.010468
1 6 0.085728 0.105366 0.010468
1 7 0.087206 0.105366 0.010468
1 8 0.088356 0.105366 0.010468
1 9 0.086550 0.105366 0.010468
1 10 0.089013 0.105366 0.010468
1 11 0.097225 0.105366 0.010468
1 12 0.100345 0.105366 0.010468
1 13 0.105600 0.105366 0.010468
1 14 0.109049 0.105366 0.010468
1 15 0.110034 0.105366 0.010468
1 16 0.110527 0.105366 0.010468
1 17 0.109542 0.105366 0.010468
1 18 0.109049 0.105366 0.010468
1 19 0.108392 0.105366 0.010468
1 20 0.105436 0.105366 0.010468
2 0 0.086714 0.105366 0.010468
2 1 0.088849 0.105366 0.010468
2 2 0.088356 0.105366 0.010468
2 3 0.086878 0.105366 0.010468
2 4 0.085893 0.105366 0.010468
2 5 0.087371 0.105366 0.010468
2 6 0.086550 0.105366 0.010468
2 7 0.088028 0.105366 0.010468
2 8 0.091805 0.105366 0.010468
2 9 0.090984 0.105366 0.010468
2 10 0.094104 0.105366 0.010468
2 11 0.098867 0.105366 0.010468
2 12 0.100345 0.105366 0.010468
2 13 0.104615 0.105366 0.010468
2 14 0.110363 0.105366 0.010468
2 15 0.113648 0.105366 0.010468
2 16 0.112662 0.105366 0.010468
2 17 0.112169 0.105366 0.010468
2 18 0.111348 0.105366 0.010468
2 19 0.109378 0.105366 0.010468
2 20 0.108556 0.105366 0.010468
3 0 0.088520 0.105366 0.010468
3 1 0.090491 0.105366 0.010468
3 2 0.087863 0.105366 0.010468
3 3 0.088028 0.105366 0.010468
3 4 0.085564 0.105366 0.010468
3 5 0.085564 0.105366 0.010468
3 6 0.088685 0.105366 0.010468
3 7 0.091312 0.105366 0.010468
3 8 0.094925 0.105366 0.010468
3 9 0.094433 0.105366 0.010468
3 10 0.093447 0.105366 0.010468
3 11 0.100181 0.105366 0.010468
3 12 0.101987 0.105366 0.010468
3 13 0.107899 0.105366 0.010468
3 14 0.109706 0.105366 0.010468
3 15 0.113155 0.105366 0.010468
3 16 0.116604 0.105366 0.010468
3 17 0.115454 0.105366 0.010468
3 18 0.114633 0.105366 0.010468
3 19 0.109706 0.105366 0.010468
3 20 0.109870 0.105366 0.010468
4 0 0.087042 0.105366 0.010468
4 1 0.087699 0.105366 0.010468
4 2 0.087535 0.105366 0.010468
4 3 0.086878 0.105366 0.010468
4 4 0.087371 0.105366 0.010468
4 5 0.087699 0.105366 0.010468
4 6 0.090163 0.105366 0.010468
4 7 0.091641 0.105366 0.010468
4 8 0.095254 0.105366 0.010468
4 9 0.096732 0.105366 0.010468
4 10 0.096732 0.105366 0.010468
4 11 0.101494 0.105366 0.010468
4 12 0.101494 0.105366 0.010468
4 13 0.106914 0.105366 0.010468
4 14 0.112498 0.105366 0.010468
4 15 0.114961 0.105366 0.010468
4 16 0.117096 0.105366 0.010468
4 17 0.115290 0.105366 0.010468
4 18 0.113155 0.105366 0.010468
4 19 0.109049 0.105366 0.010468
4 20 0.110034 0.105366 0.010468
5 0 0.087371 0.105366 0.010468
5 1 0.088849 0.105366 0.010468
5 2 0.083593 0.105366 0.010468
5 3 0.086714 0.105366 0.010468
5 4 0.087863 0.105366 0.010468
5 5 0.090655 0.105366 0.010468
5 6 0.090491 0.105366 0.010468
5 7 0.093119 0.105366 0.010468
5 8 0.096239 0.105366 0.010468
5 9 0.098210 0.105366 0.010468
5 10 0.098210 0.105366 0.010468
5 11 0.103629 0.105366 0.010468
5 12 0.106421 0.105366 0.010468
5 13 0.109870 0.105366 0.010468
5 14 0.111677 0.105366 0.010468
5 15 0.113976 0.105366 0.010468
5 16 0.116439 0.105366 0.010468
5 17 0.112991 0.105366 0.010468
5 18 0.111513 0.105366 0.010468
5 19 0.108556 0.105366 0.010468
5 20 0.106257 0.105366 0.010468
6 0 0.086221 0.105366 0.010468
6 1 0.086714 0.105366 0.010468
6 2 0.087535 0.105366 0.010468
6 3 0.091312 0.105366 0.010468
6 4 0.091312 0.105366 0.010468
6 5 0.093611 0.105366 0.010468
6 6 0.093611 0.105366 0.010468
6 7 0.096239 0.105366 0.010468
6 8 0.099852 0.105366 0.010468
6 9 0.099360 0.105366 0.010468
6 10 0.099524 0.105366 0.010468
6 11 0.102151 0.105366 0.010468
6 12 0.107078 0.105366 0.010468
6 13 0.110034 0.105366 0.010468
6 14 0.112991 0.105366 0.010468
6 15 0.114140 0.105366 0.010468
6 16 0.116604 0.105366 0.010468
6 17 0.115126 0.105366 0.010468
6 18 0.113976 0.105366 0.010468
6 19 0.109049 0.105366 0.010468
6 20 0.104451 0.105366 0.010468
7 0 0.082444 0.105366 0.010468
7 1 0.087535 0.105366 0.010468
7 2 0.088192 0.105366 0.010468
7 3 0.090327 0.105366 0.010468
7 4 0.093283 0.105366 0.010468
7 5 0.094433 0.105366 0.010468
7 6 0.096239 0.105366 0.010468
7 7 0.099360 0.105366 0.010468
7 8 0.101659 0.105366 0.010468
7 9 0.100181 0.105366 0.010468
7 10 0.101494 0.105366 0.010468
7 11 0.103137 0.105366 0.010468
7 12 0.105436 0.105366 0.010468
7 13 0.109542 0.105366 0.010468
7 14 0.113812 0.105366 0.010468
7 15 0.114304 0.105366 0.010468
7 16 0.116768 0.105366 0.010468
7 17 0.115783 0.105366 0.010468
7 18 0.112991 0.105366 0.010468
7 19 0.109213 0.105366 0.010468
7 20 0.104122 0.105366 0.010468
8 0 0.085893 0.105366 0.010468
8 1 0.088028 0.105366 0.010468
8 2 0.090163 0.105366 0.010468
8 3 0.093611 0.105366 0.010468
8 4 0.096732 0.105366 0.010468
8 5 0.098703 0.105366 0.010468
8 6 0.100509 0.105366 0.010468
8 7 0.102316 0.105366 0.010468
8 8 0.104451 0.105366 0.010468
8 9 0.103629 0.105366 0.010468
8 10 0.105436 0.105366 0.010468
8 11 0.105929 0.105366 0.010468
8 12 0.108392 0.105366 0.010468
8 13 0.108064 0.105366 0.010468
8 14 0.110034 0.105366 0.010468
8 15 0.114633 0.105366 0.010468
8 16 0.115783 0.105366 0.010468
8 17 0.114140 0.105366 0.010468
8 18 0.112005 0.105366 0.010468
8 19 0.107571 0.105366 0.010468
8 20 0.100345 0.105366 0.010468
9 0 0.088356 0.105366 0.010468
9 1 0.091805 0.105366 0.010468
9 2 0.096075 0.105366 0.010468
9 3 0.097717 0.105366 0.010468
9 4 0.102151 0.105366 0.010468
9 5 0.103137 0.105366 0.010468
9 6 0.103794 0.105366 0.010468
9 7 0.106093 0.105366 0.010468
9 8 0.105272 0.105366 0.010468
9 9 0.105272 0.105366 0.010468
9 10 0.107243 0.105366 0.010468
9 11 0.110034 0.105366 0.010468
9 12 0.107735 0.105366 0.010468
9 13 0.109213 0.105366 0.010468
9 14 0.110856 0.105366 0.010468
9 15 0.115290 0.105366 0.010468
9 16 0.114304 0.105366 0.010468
9 17 0.113976 0.105366 0.010468
9 18 0.110199 0.105366 0.010468
9 19 0.104943 0.105366 0.010468
9 20 0.099688 0.105366 0.010468
10 0 0.090327 0.105366 0.010468
10 1 0.092626 0.105366 0.010468
10 2 0.095254 0.105366 0.010468
10 3 0.099852 0.105366 0.010468
10 4 0.105108 0.105366 0.010468
10 5 0.104779 0.105366 0.010468
10 6 0.106586 0.105366 0.010468
10 7 0.107735 0.105366 0.010468
10 8 0.108721 0.105366 0.010468
10 9 0.107899 0.105366 0.010468
10 10 0.109049 0.105366 0.010468
10 11 0.109870 0.105366 0.010468
10 12 0.108392 0.105366 0.010468
10 13 0.109378 0.105366 0.010468
10 14 0.111020 0.105366 0.010468
10 15 0.113155 0.105366 0.010468
10 16 0.113155 0.105366 0.010468
10 17 0.109706 0.105366 0.010468
10 18 0.108392 0.105366 0.010468
10 19 0.100838 0.105366 0.010468
10 20 0.098046 0.105366 0.010468
11 0 0.092790 0.105366 0.010468
11 1 0.098538 0.105366 0.010468
11 2 0.101823 0.105366 0.010468
11 3 0.107078 0.105366 0.010468
11 4 0.107735 0.105366 0.010468
11 5 0.105929 0.105366 0.010468
11 6 0.110527 0.105366 0.010468
11 7 0.108721 0.105366 0.010468
11 8 0.111513 0.105366 0.010468
11 9 0.110199 0.105366 0.010468
11 10 0.112005 0.105366 0.010468
11 11 0.112662 0.105366 0.010468
11 12 0.110691 0.105366 0.010468
11 13 0.111020 0.105366 0.010468
11 14 0.113155 0.105366 0.010468
11 15 0.113976 0.105366 0.010468
11 16 0.114469 0.105366 0.010468
11 17 0.110691 0.105366 0.010468
11 18 0.107078 0.105366 0.010468
11 19 0.100838 0.105366 0.010468
11 20 0.097225 0.105366 0.010468
12 0 0.098538 0.105366 0.010468
12 1 0.104451 0.105366 0.010468
12 2 0.108064 0.105366 0.010468
12 3 0.109870 0.105366 0.010468
12 4 0.112169 0.105366 0.010468
12 5 0.110363 0.105366 0.010468
12 6 0.110199 0.105366 0.010468
12 7 0.108885 0.105366 0.010468
12 8 0.112334 0.105366 0.010468
12 9 0.112662 0.105366 0.010468
12 10 0.110034 0.105366 0.010468
12 11 0.112005 0.105366 0.010468
12 12 0.112826 0.105366 0.010468
12 13 0.110034 0.105366 0.010468
12 14 0.112662 0.105366 0.010468
12 15 0.113483 0.105366 0.010468
12 16 0.115454 0.105366 0.010468
12 17 0.111513 0.105366 0.010468
12 18 0.106586 0.105366 0.010468
12 19 0.102151 0.105366 0.010468
12 20 0.097060 0.105366 0.010468
13 0 0.103137 0.105366 0.010468
13 1 0.109049 0.105366 0.010468
13 2 0.113976 0.105366 0.010468
13 3 0.115454 0.105366 0.010468
13 4 0.116439 0.105366 0.010468
13 5 0.115290 0.105366 0.010468
13 6 0.113648 0.105366 0.010468
13 7 0.112169 0.105366 0.010468
13 8 0.114469 0.105366 0.010468
13 9 0.114140 0.105366 0.010468
13 10 0.113319 0.105366 0.010468
13 11 0.113976 0.105366 0.010468
13 12 0.114304 0.105366 0.010468
13 13 0.111513 0.105366 0.010468
13 14 0.111677 0.105366 0.010468
13 15 0.114304 0.105366 0.010468
13 16 0.116604 0.105366 0.010468
13 17 0.114304 0.105366 0.010468
13 18 0.110527 0.105366 0.010468
13 19 0.103465 0.105366 0.010468
13 20 0.096075 0.105366 0.010468
14 0 0.110363 0.105366 0.010468
14 1 0.112005 0.105366 0.010468
14 2 0.115618 0.105366 0.010468
14 3 0.120545 0.105366 0.010468
14 4 0.119888 0.105366 0.010468
14 5 0.117918 0.105366 0.010468
14 6 0.116275 0.105366 0.010468
14 7 0.114961 0.105366 0.010468
14 8 0.116768 0.105366 0.010468
14 9 0.115290 0.105366 0.010468
14 10 0.117261 0.105366 0.010468
14 11 0.113648 0.105366 0.010468
14 12 0.112498 0.105366 0.010468
14 13 0.112991 0.105366 0.010468
14 14 0.112991 0.105366 0.010468
14 15 0.117096 0.105366 0.010468
14 16 0.118903 0.105366 0.010468
14 17 0.116111 0.105366 0.010468
14 18 0.112005 0.105366 0.010468
14 19 0.105929 0.105366 0.010468
14 20 0.096403 0.105366 0.010468
15 0 0.111020 0.105366 0.010468
15 1 0.114797 0.105366 0.010468
15 2 0.117918 0.105366 0.010468
15 3 0.121202 0.105366 0.010468
15 4 0.122188 0.105366 0.010468
15 5 0.117918 0.105366 0.010468
15 6 0.117589 0.105366 0.010468
15 7 0.118574 0.105366 0.010468
15 8 0.116439 0.105366 0.010468
15 9 0.117425 0.105366 0.010468
15 10 0.114797 0.105366 0.010468
15 11 0.115783 0.105366 0.010468
15 12 0.114140 0.105366 0.010468
15 13 0.113483 0.105366 0.010468
15 14 0.115783 0.105366 0.010468
15 15 0.120381 0.105366 0.010468
15 16 0.119560 0.105366 0.010468
15 17 0.115783 0.105366 0.010468
15 18 0.111348 0.105366 0.010468
15 19 0.104451 0.105366 0.010468
15 20 0.099360 0.105366 0.010468
16 0 0.112169 0.105366 0.010468
16 1 0.113648 0.105366 0.010468
16 2 0.116768 0.105366 0.010468
16 3 0.119560 0.105366 0.010468
16 4 0.120381 0.105366 0.010468
16 5 0.119888 0.105366 0.010468
16 6 0.120709 0.105366 0.010468
16 7 0.121366 0.105366 0.010468
16 8 0.119888 0.105366 0.010468
16 9 0.118246 0.105366 0.010468
16 10 0.115290 0.105366 0.010468
16 11 0.114961 0.105366 0.010468
16 12 0.114633 0.105366 0.010468
16 13 0.114633 0.105366 0.010468
16 14 0.117261 0.105366 0.010468
16 15 0.117096 0.105366 0.010468
16 16 0.118574 0.105366 0.010468
16 17 0.117261 0.105366 0.010468
16 18 0.110691 0.105366 0.010468
16 19 0.102973 0.105366 0.010468
16 20 0.099360 0.105366 0.010468
17 0 0.110034 0.105366 0.010468
17 1 0.114469 0.105366 0.010468
17 2 0.117753 0.105366 0.010468
17 3 0.120217 0.105366 0.010468
17 4 0.119724 0.105366 0.010468
17 5 0.117753 0.105366 0.010468
17 6 0.120053 0.105366 0.010468
17 7 0.118903 0.105366 0.010468
17 8 0.118246 0.105366 0.010468
17 9 0.116768 0.105366 0.010468
17 10 0.116604 0.105366 0.010468
17 11 0.113648 0.105366 0.010468
17 12 0.113319 0.105366 0.010468
17 13 0.113483 0.105366 0.010468
17 14 0.115618 0.105366 0.010468
17 15 0.116768 0.105366 0.010468
17 16 0.117261 0.105366 0.010468
17 17 0.113812 0.105366 0.010468
17 18 0.111677 0.105366 0.010468
17 19 0.102316 0.105366 0.010468
17 20 0.096732 0.105366 0.010468
18 0 0.110527 0.105366 0.010468
18 1 0.113812 0.105366 0.010468
18 2 0.117918 0.105366 0.010468
18 3 0.120381 0.105366 0.010468
18 4 0.119231 0.105366 0.010468
18 5 0.120053 0.105366 0.010468
18 6 0.118410 0.105366 0.010468
18 7 0.116439 0.105366 0.010468
18 8 0.115290 0.105366 0.010468
18 9 0.111677 0.105366 0.010468
18 10 0.111348 0.105366 0.010468
18 11 0.110691 0.105366 0.010468
18 12 0.110363 0.105366 0.010468
18 13 0.110034 0.105366 0.010468
18 14 0.111841 0.105366 0.010468
18 15 0.111841 0.105366 0.010468
18 16 0.112169 0.105366 0.010468
18 17 0.108392 0.105366 0.010468
18 18 0.109378 0.105366 0.010468
18 19 0.099524 0.105366 0.010468
18 20 0.091148 0.105366 0.010468
19 0 0.110363 0.105366 0.010468
19 1 0.114469 0.105366 0.010468
19 2 0.115947 0.105366 0.010468
19 3 0.118082 0.105366 0.010468
19 4 0.118903 0.105366 0.010468
19 5 0.119067 0.105366 0.010468
19 6 0.115454 0.105366 0.010468
19 7 0.114633 0.105366 0.010468
19 8 0.111513 0.105366 0.010468
19 9 0.106093 0.105366 0.010468
19 10 0.103137 0.105366 0.010468
19 11 0.102151 0.105366 0.010468
19 12 0.102316 0.105366 0.010468
19 13 0.101823 0.105366 0.010468
19 14 0.105108 0.105366 0.010468
19 15 0.105436 0.105366 0.010468
19 16 0.103629 0.105366 0.010468
19 17 0.104943 0.105366 0.010468
19 18 0.100016 0.105366 0.010468
19 19 0.094268 0.105366 0.010468
19 20 0.085400 0.105366 0.010468
20 0 0.106914 0.105366 0.010468
20 1 0.111184 0.105366 0.010468
20 2 0.114304 0.105366 0.010468
20 3 0.114797 0.105366 0.010468
20 4 0.115783 0.105366 0.010468
20 5 0.114797 0.105366 0.010468
20 6 0.111348 0.105366 0.010468
20 7 0.109213 0.105366 0.010468
20 8 0.103465 0.105366 0.010468
20 9 0.099360 0.105366 0.010468
20 10 0.097881 0.105366 0.010468
20 11 0.092626 0.105366 0.010468
20 12 0.096075 0.105366 0.010468
20 13 0.096239 0.105366 0.010468
20 14 0.098538 0.105366 0.010468
20 15 0.097553 0.105366 0.010468
20 16 0.097225 0.105366 0.010468
20 17 0.096239 0.105366 0.010468
20 18 0.093447 0.105366 0.010468
20 19 0.087371 0.105366 0.010468
20 20 0.081130 0.105366 0.010468
