# contact distance = 24.0 Angstroms
# F = 0.4 kJ/mol

# i j contact_probability mean_contact_probability stddev_contact_probability
0 0 0.119493 0.119542 0.010955
0 1 0.120411 0.119542 0.010955
0 2 0.118576 0.119542 0.010955
0 3 0.116557 0.119542 0.010955
0 4 0.111968 0.119542 0.010955
0 5 0.109214 0.119542 0.010955
0 6 0.111233 0.119542 0.010955
0 7 0.108480 0.119542 0.010955
0 8 0.109765 0.119542 0.010955
0 9 0.109581 0.119542 0.010955
0 10 0.109949 0.119542 0.010955
0 11 0.113620 0.119542 0.010955
0 12 0.116189 0.119542 0.010955
0 13 0.121880 0.119542 0.010955
0 14 0.121512 0.119542 0.010955
0 15 0.121880 0.119542 0.010955
0 16 0.125367 0.119542 0.010955
0 17 0.122981 0.119542 0.010955
0 18 0.125367 0.119542 0.010955
0 19 0.124816 0.119542 0.010955
0 20 0.121329 0.119542 0.010955
1 0 0.118209 0.119542 0.010955
1 1 0.116740 0.119542 0.010955
1 2 0.120044 0.119542 0.010955
1 3 0.119677 0.119542 0.010955
1 4 0.111968 0.119542 0.010955
1 5 0.114721 0.119542 0.010955
1 6 0.112335 0.119542 0.010955
1 7 0.111417 0.119542 0.010955
1 8 0.112518 0.119542 0.010955
1 9 0.112518 0.119542 0.010955
1 10 0.113620 0.119542 0.010955
1 11 0.117474 0.119542 0.010955
1 12 0.118943 0.119542 0.010955
1 13 0.123715 0.119542 0.010955
1 14 0.126101 0.119542 0.010955
1 15 0.128488 0.119542 0.010955
1 16 0.127937 0.119542 0.010955
1 17 0.126652 0.119542 0.010955
1 18 0.127019 0.119542 0.010955
1 19 0.125551 0.119542 0.010955
1 20 0.124266 0.119542 0.010955
2 0 0.116373 0.119542 0.010955
2 1 0.117658 0.119542 0.010955
2 2 0.121145 0.119542 0.010955
2 3 0.119310 0.119542 0.010955
2 4 0.117841 0.119542 0.010955
2 5 0.117474 0.119542 0.010955
2 6 0.114721 0.119542 0.010955
2 7 0.113436 0.119542 0.010955
2 8 0.113803 0.119542 0.010955
2 9 0.116373 0.119542 0.010955
2 10 0.118209 0.119542 0.010955
2 11 0.120044 0.119542 0.010955
2 12 0.119493 0.119542 0.010955
2 13 0.125918 0.119542 0.010955
2 14 0.128855 0.119542 0.010955
2 15 0.127937 0.119542 0.010955
2 16 0.129772 0.119542 0.010955
2 17 0.127203 0.119542 0.010955
2 18 0.125367 0.119542 0.010955
2 19 0.125184 0.119542 0.010955
2 20 0.121145 0.119542 0.010955
3 0 0.115822 0.119542 0.010955
3 1 0.118576 0.119542 0.010955
3 2 0.120228 0.119542 0.010955
3 3 0.117841 0.119542 0.010955
3 4 0.116740 0.119542 0.010955
3 5 0.115822 0.119542 0.010955
3 6 0.118025 0.119542 0.010955
3 7 0.118025 0.119542 0.010955
3 8 0.119310 0.119542 0.010955
3 9 0.120962 0.119542 0.010955
3 10 0.120411 0.119542 0.010955
3 11 0.122614 0.119542 0.010955
3 12 0.125367 0.119542 0.010955
3 13 0.128855 0.119542 0.010955
3 14 0.129038 0.119542 0.010955
3 15 0.129038 0.119542 0.010955
3 16 0.130874 0.119542 0.010955
3 17 0.129405 0.119542 0.010955
3 18 0.126836 0.119542 0.010955
3 19 0.123715 0.119542 0.010955
3 20 0.118943 0.119542 0.010955
4 0 0.113987 0.119542 0.010955
4 1 0.115639 0.119542 0.010955
4 2 0.118759 0.119542 0.010955
4 3 0.116924 0.119542 0.010955
4 4 0.117291 0.119542 0.010955
4 5 0.117658 0.119542 0.010955
4 6 0.118392 0.119542 0.010955
4 7 0.116740 0.119542 0.010955
4 8 0.119493 0.119542 0.010955
4 9 0.121512 0.119542 0.010955
4 10 0.123348 0.119542 0.010955
4 11 0.125184 0.119542 0.010955
4 12 0.122614 0.119542 0.010955
4 13 0.126836 0.119542 0.010955
4 14 0.128671 0.119542 0.010955
4 15 0.129405 0.119542 0.010955
4 16 0.132159 0.119542 0.010955
4 17 0.128855 0.119542 0.010955
4 18 0.125551 0.119542 0.010955
4 19 0.120228 0.119542 0.010955
4 20 0.117291 0.119542 0.010955
5 0 0.110316 0.119542 0.010955
5 1 0.110499 0.119542 0.010955
5 2 0.115822 0.119542 0.010955
5 3 0.116740 0.119542 0.010955
5 4 0.117841 0.119542 0.010955
5 5 0.116924 0.119542 0.010955
5 6 0.120228 0.119542 0.010955
5 7 0.120044 0.119542 0.010955
5 8 0.122063 0.119542 0.010955
5 9 0.125184 0.119542 0.010955
5 10 0.125000 0.119542 0.010955
5 11 0.125918 0.119542 0.010955
5 12 0.124449 0.119542 0.010955
5 13 0.127570 0.119542 0.010955
5 14 0.128671 0.119542 0.010955
5 15 0.129772 0.119542 0.010955
5 16 0.131608 0.119542 0.010955
5 17 0.129772 0.119542 0.010955
5 18 0.125551 0.119542 0.010955
5 19 0.122247 0.119542 0.010955
5 20 0.116924 0.119542 0.010955
6 0 0.108113 0.119542 0.010955
6 1 0.108297 0.119542 0.010955
6 2 0.113253 0.119542 0.010955
6 3 0.116373 0.119542 0.010955
6 4 0.117658 0.119542 0.010955
6 5 0.117474 0.119542 0.010955
6 6 0.119310 0.119542 0.010955
6 7 0.122981 0.119542 0.010955
6 8 0.124816 0.119542 0.010955
6 9 0.126468 0.119542 0.010955
6 10 0.125734 0.119542 0.010955
6 11 0.127753 0.119542 0.010955
6 12 0.124816 0.119542 0.010955
6 13 0.127386 0.119542 0.010955
6 14 0.130690 0.119542 0.010955
6 15 0.132342 0.119542 0.010955
6 16 0.130874 0.119542 0.010955
6 17 0.128304 0.119542 0.010955
6 18 0.126101 0.119542 0.010955
6 19 0.119860 0.119542 0.010955
6 20 0.113620 0.119542 0.010955
7 0 0.105910 0.119542 0.010955
7 1 0.106645 0.119542 0.010955
7 2 0.114354 0.119542 0.010955
7 3 0.113069 0.119542 0.010955
7 4 0.118759 0.119542 0.010955
7 5 0.120411 0.119542 0.010955
7 6 0.120962 0.119542 0.010955
7 7 0.123899 0.119542 0.010955
7 8 0.123899 0.119542 0.010955
7 9 0.127570 0.119542 0.010955
7 10 0.128120 0.119542 0.010955
7 11 0.127570 0.119542 0.010955
7 12 0.128488 0.119542 0.010955
7 13 0.127753 0.119542 0.010955
7 14 0.130874 0.119542 0.010955
7 15 0.131424 0.119542 0.010955
7 16 0.129956 0.119542 0.010955
7 17 0.127019 0.119542 0.010955
7 18 0.122981 0.119542 0.010955
7 19 0.119310 0.119542 0.010955
7 20 0.111050 0.119542 0.010955
8 0 0.105910 0.119542 0.010955
8 1 0.109214 0.119542 0.010955
8 2 0.113803 0.119542 0.010955
8 3 0.116740 0.119542 0.010955
8 4 0.118209 0.119542 0.010955
8 5 0.120962 0.119542 0.010955
8 6 0.123715 0.119542 0.010955
8 7 0.124816 0.119542 0.010955
8 8 0.127019 0.119542 0.010955
8 9 0.128855 0.119542 0.010955
8 10 0.129772 0.119542 0.010955
8 11 0.127386 0.119542 0.010955
8 12 0.129589 0.119542 0.010955
8 13 0.130323 0.119542 0.010955
8 14 0.130140 0.119542 0.010955
8 15 0.131975 0.119542 0.010955
8 16 0.129038 0.119542 0.010955
8 17 0.127753 0.119542 0.010955
8 18 0.123164 0.119542 0.010955
8 19 0.116924 0.119542 0.010955
8 20 0.113620 0.119542 0.010955
9 0 0.105543 0.119542 0.010955
9 1 0.109765 0.119542 0.010955
9 2 0.114905 0.119542 0.010955
9 3 0.117474 0.119542 0.010955
9 4 0.119310 0.119542 0.010955
9 5 0.123164 0.119542 0.010955
9 6 0.127203 0.119542 0.010955
9 7 0.126652 0.119542 0.010955
9 8 0.127386 0.119542 0.010955
9 9 0.131057 0.119542 0.010955
9 10 0.126652 0.119542 0.010955
9 11 0.126836 0.119542 0.010955
9 12 0.129589 0.119542 0.010955
9 13 0.127937 0.119542 0.010955
9 14 0.129405 0.119542 0.010955
9 15 0.130507 0.119542 0.010955
9 16 0.130507 0.119542 0.010955
9 17 0.125184 0.119542 0.010955
9 18 0.121512 0.119542 0.010955
9 19 0.112702 0.119542 0.010955
9 20 0.106461 0.119542 0.010955
10 0 0.104809 0.119542 0.010955
10 1 0.108480 0.119542 0.010955
10 2 0.116006 0.119542 0.010955
10 3 0.119860 0.119542 0.010955
10 4 0.121696 0.119542 0.010955
10 5 0.124266 0.119542 0.010955
10 6 0.129772 0.119542 0.010955
10 7 0.128855 0.119542 0.010955
10 8 0.127753 0.119542 0.010955
10 9 0.128304 0.119542 0.010955
10 10 0.126285 0.119542 0.010955
10 11 0.127019 0.119542 0.010955
10 12 0.126652 0.119542 0.010955
10 13 0.127753 0.119542 0.010955
10 14 0.128855 0.119542 0.010955
10 15 0.129772 0.119542 0.010955
10 16 0.129222 0.119542 0.010955
10 17 0.123532 0.119542 0.010955
10 18 0.117291 0.119542 0.010955
10 19 0.109765 0.119542 0.010955
10 20 0.104442 0.119542 0.010955
11 0 0.109581 0.119542 0.010955
11 1 0.114537 0.119542 0.010955
11 2 0.119677 0.119542 0.010955
11 3 0.121145 0.119542 0.010955
11 4 0.125367 0.119542 0.010955
11 5 0.124082 0.119542 0.010955
11 6 0.126836 0.119542 0.010955
11 7 0.127570 0.119542 0.010955
11 8 0.128855 0.119542 0.010955
11 9 0.129589 0.119542 0.010955
11 10 0.127386 0.119542 0.010955
11 11 0.127203 0.119542 0.010955
11 12 0.129772 0.119542 0.010955
11 13 0.129956 0.119542 0.010955
11 14 0.128855 0.119542 0.010955
11 15 0.128855 0.119542 0.010955
11 16 0.127753 0.119542 0.010955
11 17 0.124082 0.119542 0.010955
11 18 0.118759 0.119542 0.010955
11 19 0.112518 0.119542 0.010955
11 20 0.104442 0.119542 0.010955
12 0 0.113803 0.119542 0.010955
12 1 0.115272 0.119542 0.010955
12 2 0.123715 0.119542 0.010955
12 3 0.125551 0.119542 0.010955
12 4 0.126652 0.119542 0.010955
12 5 0.127386 0.119542 0.010955
12 6 0.129956 0.119542 0.010955
12 7 0.130507 0.119542 0.010955
12 8 0.128671 0.119542 0.010955
12 9 0.126836 0.119542 0.010955
12 10 0.126652 0.119542 0.010955
12 11 0.131608 0.119542 0.010955
12 12 0.130507 0.119542 0.010955
12 13 0.131057 0.119542 0.010955
12 14 0.130874 0.119542 0.010955
12 15 0.129772 0.119542 0.010955
12 16 0.128304 0.119542 0.010955
12 17 0.123532 0.119542 0.010955
12 18 0.115088 0.119542 0.010955
12 19 0.110316 0.119542 0.010955
12 20 0.103341 0.119542 0.010955
13 0 0.116557 0.119542 0.010955
13 1 0.119126 0.119542 0.010955
13 2 0.125184 0.119542 0.010955
13 3 0.126101 0.119542 0.010955
13 4 0.129772 0.119542 0.010955
13 5 0.131608 0.119542 0.010955
13 6 0.131791 0.119542 0.010955
13 7 0.128488 0.119542 0.010955
13 8 0.131975 0.119542 0.010955
13 9 0.129405 0.119542 0.010955
13 10 0.130323 0.119542 0.010955
13 11 0.133994 0.119542 0.010955
13 12 0.130690 0.119542 0.010955
13 13 0.131057 0.119542 0.010955
13 14 0.130140 0.119542 0.010955
13 15 0.127203 0.119542 0.010955
13 16 0.124816 0.119542 0.010955
13 17 0.121145 0.119542 0.010955
13 18 0.114721 0.119542 0.010955
13 19 0.108297 0.119542 0.010955
13 20 0.099302 0.119542 0.010955
14 0 0.118759 0.119542 0.010955
14 1 0.123348 0.119542 0.010955
14 2 0.125918 0.119542 0.010955
14 3 0.129589 0.119542 0.010955
14 4 0.133076 0.119542 0.010955
14 5 0.131608 0.119542 0.010955
14 6 0.130874 0.119542 0.010955
14 7 0.131057 0.119542 0.010955
14 8 0.134728 0.119542 0.010955
14 9 0.133260 0.119542 0.010955
14 10 0.133994 0.119542 0.010955
14 11 0.131424 0.119542 0.010955
14 12 0.129772 0.119542 0.010955
14 13 0.129038 0.119542 0.010955
14 14 0.126468 0.119542 0.010955
14 15 0.124816 0.119542 0.010955
14 16 0.119493 0.119542 0.010955
14 17 0.117474 0.119542 0.010955
14 18 0.110132 0.119542 0.010955
14 19 0.104258 0.119542 0.010955
14 20 0.096549 0.119542 0.010955
15 0 0.120411 0.119542 0.010955
15 1 0.124633 0.119542 0.010955
15 2 0.127386 0.119542 0.010955
15 3 0.129405 0.119542 0.010955
15 4 0.129772 0.119542 0.010955
15 5 0.130140 0.119542 0.010955
15 6 0.131791 0.119542 0.010955
15 7 0.133443 0.119542 0.010955
15 8 0.131791 0.119542 0.010955
15 9 0.131241 0.119542 0.010955
15 10 0.133627 0.119542 0.010955
15 11 0.133811 0.119542 0.010955
15 12 0.130507 0.119542 0.010955
15 13 0.128304 0.119542 0.010955
15 14 0.126101 0.119542 0.010955
15 15 0.119493 0.119542 0.010955
15 16 0.116189 0.119542 0.010955
15 17 0.112518 0.119542 0.010955
15 18 0.107195 0.119542 0.010955
15 19 0.101322 0.119542 0.010955
15 20 0.094347 0.119542 0.010955
16 0 0.119310 0.119542 0.010955
16 1 0.124082 0.119542 0.010955
16 2 0.124633 0.119542 0.010955
16 3 0.128671 0.119542 0.010955
16 4 0.129038 0.119542 0.010955
16 5 0.130690 0.119542 0.010955
16 6 0.131241 0.119542 0.010955
16 7 0.132526 0.119542 0.010955
16 8 0.134728 0.119542 0.010955
16 9 0.129956 0.119542 0.010955
16 10 0.129405 0.119542 0.010955
16 11 0.129772 0.119542 0.010955
16 12 0.124816 0.119542 0.010955
16 13 0.125734 0.119542 0.010955
16 14 0.121145 0.119542 0.010955
16 15 0.118943 0.119542 0.010955
16 16 0.111601 0.119542 0.010955
16 17 0.107562 0.119542 0.010955
16 18 0.099486 0.119542 0.010955
16 19 0.097283 0.119542 0.010955
16 20 0.092327 0.119542 0.010955
17 0 0.118943 0.119542 0.010955
17 1 0.120962 0.119542 0.010955
17 2 0.125000 0.119542 0.010955
17 3 0.127386 0.119542 0.010955
17 4 0.128120 0.119542 0.010955
17 5 0.129589 0.119542 0.010955
17 6 0.129772 0.119542 0.010955
17 7 0.127937 0.119542 0.010955
17 8 0.128120 0.119542 0.010955
17 9 0.125918 0.119542 0.010955
17 10 0.122797 0.119542 0.010955
17 11 0.122063 0.119542 0.010955
17 12 0.118576 0.119542 0.010955
17 13 0.116924 0.119542 0.010955
17 14 0.114721 0.119542 0.010955
17 15 0.114170 0.119542 0.010955
17 16 0.105543 0.119542 0.010955
17 17 0.099486 0.119542 0.010955
17 18 0.095631 0.119542 0.010955
17 19 0.087922 0.119542 0.010955
17 20 0.085720 0.119542 0.010955
18 0 0.115088 0.119542 0.010955
18 1 0.118576 0.119542 0.010955
18 2 0.121329 0.119542 0.010955
18 3 0.123899 0.119542 0.010955
18 4 0.124082 0.119542 0.010955
18 5 0.127019 0.119542 0.010955
18 6 0.126652 0.119542 0.010955
18 7 0.124082 0.119542 0.010955
18 8 0.122247 0.119542 0.010955
18 9 0.117658 0.119542 0.010955
18 10 0.117107 0.119542 0.010955
18 11 0.112702 0.119542 0.010955
18 12 0.110499 0.119542 0.010955
18 13 0.111784 0.119542 0.010955
18 14 0.104809 0.119542 0.010955
18 15 0.105543 0.119542 0.010955
18 16 0.099670 0.119542 0.010955
18 17 0.095815 0.119542 0.010955
18 18 0.091593 0.119542 0.010955
18 19 0.084618 0.119542 0.010955
18 20 0.082783 0.119542 0.010955
19 0 0.112335 0.119542 0.010955
19 1 0.113253 0.119542 0.010955
19 2 0.117474 0.119542 0.010955
19 3 0.121145 0.119542 0.010955
19 4 0.121145 0.119542 0.010955
19 5 0.121880 0.119542 0.010955
19 6 0.122981 0.119542 0.010955
19 7 0.119860 0.119542 0.010955
19 8 0.116006 0.119542 0.010955
19 9 0.110866 0.119542 0.010955
19 10 0.110316 0.119542 0.010955
19 11 0.105543 0.119542 0.010955
19 12 0.105176 0.119542 0.010955
19 13 0.104258 0.119542 0.010955
19 14 0.100220 0.119542 0.010955
19 15 0.099119 0.119542 0.010955
19 16 0.092695 0.119542 0.010955
19 17 0.090859 0.119542 0.010955
19 18 0.088289 0.119542 0.010955
19 19 0.083333 0.119542 0.010955
19 20 0.077643 0.119542 0.010955
20 0 0.106094 0.119542 0.010955
20 1 0.110316 0.119542 0.010955
20 2 0.113620 0.119542 0.010955
20 3 0.117291 0.119542 0.010955
20 4 0.116373 0.119542 0.010955
20 5 0.118576 0.119542 0.010955
20 6 0.115822 0.119542 0.010955
20 7 0.111050 0.119542 0.010955
20 8 0.107930 0.119542 0.010955
20 9 0.104809 0.119542 0.010955
20 10 0.100037 0.119542 0.010955
20 11 0.097283 0.119542 0.010955
20 12 0.096733 0.119542 0.010955
20 13 0.095631 0.119542 0.010955
20 14 0.094530 0.119542 0.010955
20 15 0.091593 0.119542 0.010955
20 16 0.088106 0.119542 0.010955
20 17 0.087922 0.119542 0.010955
20 18 0.081498 0.119542 0.010955
20 19 0.076725 0.119542 0.010955
20 20 0.074156 0.119542 0.010955
