# contact distance = 24.0 Angstroms
# F = 0.4 kJ/mol

# i j contact_probability mean_contact_probability stddev_contact_probability
0 0 0.108806 0.111085 0.007278
0 1 0.110837 0.111085 0.007278
0 2 0.112723 0.111085 0.007278
0 3 0.110692 0.111085 0.007278
0 4 0.106485 0.111085 0.007278
0 5 0.102423 0.111085 0.007278
0 6 0.098216 0.111085 0.007278
0 7 0.093428 0.111085 0.007278
0 8 0.091687 0.111085 0.007278
0 9 0.093863 0.111085 0.007278
0 10 0.093428 0.111085 0.007278
0 11 0.098941 0.111085 0.007278
0 12 0.105614 0.111085 0.007278
0 13 0.110837 0.111085 0.007278
0 14 0.113594 0.111085 0.007278
0 15 0.116350 0.111085 0.007278
0 16 0.115334 0.111085 0.007278
0 17 0.115625 0.111085 0.007278
0 18 0.115044 0.111085 0.007278
0 19 0.113158 0.111085 0.007278
0 20 0.110692 0.111085 0.007278
1 0 0.113013 0.111085 0.007278
1 1 0.115915 0.111085 0.007278
1 2 0.115479 0.111085 0.007278
1 3 0.115189 0.111085 0.007278
1 4 0.109386 0.111085 0.007278
1 5 0.104019 0.111085 0.007278
1 6 0.103148 0.111085 0.007278
1 7 0.098506 0.111085 0.007278
1 8 0.099521 0.111085 0.007278
1 9 0.098216 0.111085 0.007278
1 10 0.100827 0.111085 0.007278
1 11 0.104019 0.111085 0.007278
1 12 0.110982 0.111085 0.007278
1 13 0.113884 0.111085 0.007278
1 14 0.116495 0.111085 0.007278
1 15 0.120267 0.111085 0.007278
1 16 0.118816 0.111085 0.007278
1 17 0.116785 0.111085 0.007278
1 18 0.117220 0.111085 0.007278
1 19 0.114899 0.111085 0.007278
1 20 0.112433 0.111085 0.007278
2 0 0.114319 0.111085 0.007278
2 1 0.116060 0.111085 0.007278
2 2 0.118091 0.111085 0.007278
2 3 0.114609 0.111085 0.007278
2 4 0.109096 0.111085 0.007278
2 5 0.107791 0.111085 0.007278
2 6 0.107500 0.111085 0.007278
2 7 0.105759 0.111085 0.007278
2 8 0.103438 0.111085 0.007278
2 9 0.103583 0.111085 0.007278
2 10 0.104744 0.111085 0.007278
2 11 0.111562 0.111085 0.007278
2 12 0.115625 0.111085 0.007278
2 13 0.118961 0.111085 0.007278
2 14 0.120702 0.111085 0.007278
2 15 0.122443 0.111085 0.007278
2 16 0.122153 0.111085 0.007278
2 17 0.120122 0.111085 0.007278
2 18 0.119106 0.111085 0.007278
2 19 0.116930 0.111085 0.007278
2 20 0.112288 0.111085 0.007278
3 0 0.112433 0.111085 0.007278
3 1 0.115189 0.111085 0.007278
3 2 0.117075 0.111085 0.007278
3 3 0.114899 0.111085 0.007278
3 4 0.110547 0.111085 0.007278
3 5 0.107936 0.111085 0.007278
3 6 0.106340 0.111085 0.007278
3 7 0.106195 0.111085 0.007278
3 8 0.103293 0.111085 0.007278
3 9 0.105034 0.111085 0.007278
3 10 0.106340 0.111085 0.007278
3 11 0.110112 0.111085 0.007278
3 12 0.115334 0.111085 0.007278
3 13 0.117801 0.111085 0.007278
3 14 0.118816 0.111085 0.007278
3 15 0.121863 0.111085 0.007278
3 16 0.125490 0.111085 0.007278
3 17 0.125054 0.111085 0.007278
3 18 0.120847 0.111085 0.007278
3 19 0.116785 0.111085 0.007278
3 20 0.112288 0.111085 0.007278
4 0 0.109822 0.111085 0.007278
4 1 0.114319 0.111085 0.007278
4 2 0.115044 0.111085 0.007278
4 3 0.113158 0.111085 0.007278
4 4 0.108806 0.111085 0.007278
4 5 0.106775 0.111085 0.007278
4 6 0.107936 0.111085 0.007278
4 7 0.105179 0.111085 0.007278
4 8 0.103873 0.111085 0.007278
4 9 0.104599 0.111085 0.007278
4 10 0.105179 0.111085 0.007278
4 11 0.111853 0.111085 0.007278
4 12 0.115625 0.111085 0.007278
4 13 0.118091 0.111085 0.007278
4 14 0.118236 0.111085 0.007278
4 15 0.122588 0.111085 0.007278
4 16 0.127666 0.111085 0.007278
4 17 0.126360 0.111085 0.007278
4 18 0.122298 0.111085 0.007278
4 19 0.119542 0.111085 0.007278
4 20 0.114609 0.111085 0.007278
5 0 0.106775 0.111085 0.007278
5 1 0.109531 0.111085 0.007278
5 2 0.109822 0.111085 0.007278
5 3 0.109241 0.111085 0.007278
5 4 0.108226 0.111085 0.007278
5 5 0.105034 0.111085 0.007278
5 6 0.105759 0.111085 0.007278
5 7 0.106340 0.111085 0.007278
5 8 0.104454 0.111085 0.007278
5 9 0.104889 0.111085 0.007278
5 10 0.106775 0.111085 0.007278
5 11 0.111562 0.111085 0.007278
5 12 0.116930 0.111085 0.007278
5 13 0.118381 0.111085 0.007278
5 14 0.118961 0.111085 0.007278
5 15 0.123459 0.111085 0.007278
5 16 0.125635 0.111085 0.007278
5 17 0.125925 0.111085 0.007278
5 18 0.123023 0.111085 0.007278
5 19 0.118091 0.111085 0.007278
5 20 0.113448 0.111085 0.007278
6 0 0.104599 0.111085 0.007278
6 1 0.106050 0.111085 0.007278
6 2 0.106340 0.111085 0.007278
6 3 0.110547 0.111085 0.007278
6 4 0.104599 0.111085 0.007278
6 5 0.104744 0.111085 0.007278
6 6 0.105759 0.111085 0.007278
6 7 0.105469 0.111085 0.007278
6 8 0.105324 0.111085 0.007278
6 9 0.103583 0.111085 0.007278
6 10 0.107065 0.111085 0.007278
6 11 0.109822 0.111085 0.007278
6 12 0.115479 0.111085 0.007278
6 13 0.118381 0.111085 0.007278
6 14 0.119251 0.111085 0.007278
6 15 0.121863 0.111085 0.007278
6 16 0.125780 0.111085 0.007278
6 17 0.123894 0.111085 0.007278
6 18 0.122008 0.111085 0.007278
6 19 0.118961 0.111085 0.007278
6 20 0.111998 0.111085 0.007278
7 0 0.102278 0.111085 0.007278
7 1 0.104164 0.111085 0.007278
7 2 0.105759 0.111085 0.007278
7 3 0.105469 0.111085 0.007278
7 4 0.104454 0.111085 0.007278
7 5 0.105034 0.111085 0.007278
7 6 0.105905 0.111085 0.007278
7 7 0.105469 0.111085 0.007278
7 8 0.105179 0.111085 0.007278
7 9 0.105324 0.111085 0.007278
7 10 0.106775 0.111085 0.007278
7 11 0.111708 0.111085 0.007278
7 12 0.116060 0.111085 0.007278
7 13 0.115334 0.111085 0.007278
7 14 0.119106 0.111085 0.007278
7 15 0.120702 0.111085 0.007278
7 16 0.123459 0.111085 0.007278
7 17 0.121282 0.111085 0.007278
7 18 0.119542 0.111085 0.007278
7 19 0.116205 0.111085 0.007278
7 20 0.108661 0.111085 0.007278
8 0 0.101842 0.111085 0.007278
8 1 0.101407 0.111085 0.007278
8 2 0.100827 0.111085 0.007278
8 3 0.103873 0.111085 0.007278
8 4 0.105759 0.111085 0.007278
8 5 0.106920 0.111085 0.007278
8 6 0.107500 0.111085 0.007278
8 7 0.105759 0.111085 0.007278
8 8 0.103728 0.111085 0.007278
8 9 0.106195 0.111085 0.007278
8 10 0.107500 0.111085 0.007278
8 11 0.110692 0.111085 0.007278
8 12 0.114609 0.111085 0.007278
8 13 0.112868 0.111085 0.007278
8 14 0.113739 0.111085 0.007278
8 15 0.117511 0.111085 0.007278
8 16 0.119396 0.111085 0.007278
8 17 0.117511 0.111085 0.007278
8 18 0.116495 0.111085 0.007278
8 19 0.113013 0.111085 0.007278
8 20 0.105324 0.111085 0.007278
9 0 0.100972 0.111085 0.007278
9 1 0.103148 0.111085 0.007278
9 2 0.103003 0.111085 0.007278
9 3 0.107210 0.111085 0.007278
9 4 0.108661 0.111085 0.007278
9 5 0.106485 0.111085 0.007278
9 6 0.107500 0.111085 0.007278
9 7 0.107500 0.111085 0.007278
9 8 0.105759 0.111085 0.007278
9 9 0.106195 0.111085 0.007278
9 10 0.107065 0.111085 0.007278
9 11 0.110982 0.111085 0.007278
9 12 0.110257 0.111085 0.007278
9 13 0.110982 0.111085 0.007278
9 14 0.114029 0.111085 0.007278
9 15 0.114464 0.111085 0.007278
9 16 0.114899 0.111085 0.007278
9 17 0.112723 0.111085 0.007278
9 18 0.112288 0.111085 0.007278
9 19 0.107936 0.111085 0.007278
9 20 0.103438 0.111085 0.007278
10 0 0.102278 0.111085 0.007278
10 1 0.107500 0.111085 0.007278
10 2 0.109822 0.111085 0.007278
10 3 0.113013 0.111085 0.007278
10 4 0.113448 0.111085 0.007278
10 5 0.113594 0.111085 0.007278
10 6 0.113739 0.111085 0.007278
10 7 0.111272 0.111085 0.007278
10 8 0.109676 0.111085 0.007278
10 9 0.109822 0.111085 0.007278
10 10 0.107791 0.111085 0.007278
10 11 0.111708 0.111085 0.007278
10 12 0.111272 0.111085 0.007278
10 13 0.112578 0.111085 0.007278
10 14 0.113594 0.111085 0.007278
10 15 0.114464 0.111085 0.007278
10 16 0.113448 0.111085 0.007278
10 17 0.110837 0.111085 0.007278
10 18 0.109531 0.111085 0.007278
10 19 0.107355 0.111085 0.007278
10 20 0.102713 0.111085 0.007278
11 0 0.108516 0.111085 0.007278
11 1 0.112143 0.111085 0.007278
11 2 0.113739 0.111085 0.007278
11 3 0.115770 0.111085 0.007278
11 4 0.115915 0.111085 0.007278
11 5 0.115625 0.111085 0.007278
11 6 0.115479 0.111085 0.007278
11 7 0.113884 0.111085 0.007278
11 8 0.112578 0.111085 0.007278
11 9 0.111998 0.111085 0.007278
11 10 0.111562 0.111085 0.007278
11 11 0.112578 0.111085 0.007278
11 12 0.114029 0.111085 0.007278
11 13 0.113013 0.111085 0.007278
11 14 0.113739 0.111085 0.007278
11 15 0.111708 0.111085 0.007278
11 16 0.109676 0.111085 0.007278
11 17 0.109531 0.111085 0.007278
11 18 0.109531 0.111085 0.007278
11 19 0.104889 0.111085 0.007278
11 20 0.095749 0.111085 0.007278
12 0 0.112143 0.111085 0.007278
12 1 0.115479 0.111085 0.007278
12 2 0.116060 0.111085 0.007278
12 3 0.118526 0.111085 0.007278
12 4 0.118526 0.111085 0.007278
12 5 0.119687 0.111085 0.007278
12 6 0.117656 0.111085 0.007278
12 7 0.114319 0.111085 0.007278
12 8 0.113448 0.111085 0.007278
12 9 0.112723 0.111085 0.007278
12 10 0.113594 0.111085 0.007278
12 11 0.112433 0.111085 0.007278
12 12 0.112723 0.111085 0.007278
12 13 0.115479 0.111085 0.007278
12 14 0.114174 0.111085 0.007278
12 15 0.114609 0.111085 0.007278
12 16 0.111562 0.111085 0.007278
12 17 0.109967 0.111085 0.007278
12 18 0.109241 0.111085 0.007278
12 19 0.104454 0.111085 0.007278
12 20 0.099956 0.111085 0.007278
13 0 0.114029 0.111085 0.007278
13 1 0.115625 0.111085 0.007278
13 2 0.119832 0.111085 0.007278
13 3 0.121863 0.111085 0.007278
13 4 0.120267 0.111085 0.007278
13 5 0.120412 0.111085 0.007278
13 6 0.119396 0.111085 0.007278
13 7 0.114319 0.111085 0.007278
13 8 0.112723 0.111085 0.007278
13 9 0.111853 0.111085 0.007278
13 10 0.111998 0.111085 0.007278
13 11 0.112723 0.111085 0.007278
13 12 0.115915 0.111085 0.007278
13 13 0.113594 0.111085 0.007278
13 14 0.114029 0.111085 0.007278
13 15 0.113884 0.111085 0.007278
13 16 0.114464 0.111085 0.007278
13 17 0.113158 0.111085 0.007278
13 18 0.110837 0.111085 0.007278
13 19 0.104454 0.111085 0.007278
13 20 0.098796 0.111085 0.007278
14 0 0.116060 0.111085 0.007278
14 1 0.118091 0.111085 0.007278
14 2 0.121428 0.111085 0.007278
14 3 0.122588 0.111085 0.007278
14 4 0.122298 0.111085 0.007278
14 5 0.121573 0.111085 0.007278
14 6 0.118091 0.111085 0.007278
14 7 0.115770 0.111085 0.007278
14 8 0.114319 0.111085 0.007278
14 9 0.111272 0.111085 0.007278
14 10 0.110837 0.111085 0.007278
14 11 0.113303 0.111085 0.007278
14 12 0.113013 0.111085 0.007278
14 13 0.112288 0.111085 0.007278
14 14 0.111272 0.111085 0.007278
14 15 0.111127 0.111085 0.007278
14 16 0.112288 0.111085 0.007278
14 17 0.111272 0.111085 0.007278
14 18 0.111853 0.111085 0.007278
14 19 0.108371 0.111085 0.007278
14 20 0.099811 0.111085 0.007278
15 0 0.118091 0.111085 0.007278
15 1 0.119542 0.111085 0.007278
15 2 0.122153 0.111085 0.007278
15 3 0.122588 0.111085 0.007278
15 4 0.120122 0.111085 0.007278
15 5 0.120702 0.111085 0.007278
15 6 0.118961 0.111085 0.007278
15 7 0.114174 0.111085 0.007278
15 8 0.113739 0.111085 0.007278
15 9 0.111998 0.111085 0.007278
15 10 0.111417 0.111085 0.007278
15 11 0.112288 0.111085 0.007278
15 12 0.110112 0.111085 0.007278
15 13 0.110692 0.111085 0.007278
15 14 0.113013 0.111085 0.007278
15 15 0.111998 0.111085 0.007278
15 16 0.112723 0.111085 0.007278
15 17 0.113013 0.111085 0.007278
15 18 0.110547 0.111085 0.007278
15 19 0.108081 0.111085 0.007278
15 20 0.100682 0.111085 0.007278
16 0 0.117220 0.111085 0.007278
16 1 0.118961 0.111085 0.007278
16 2 0.123023 0.111085 0.007278
16 3 0.124619 0.111085 0.007278
16 4 0.121573 0.111085 0.007278
16 5 0.120122 0.111085 0.007278
16 6 0.119832 0.111085 0.007278
16 7 0.114029 0.111085 0.007278
16 8 0.114174 0.111085 0.007278
16 9 0.110837 0.111085 0.007278
16 10 0.110982 0.111085 0.007278
16 11 0.109096 0.111085 0.007278
16 12 0.110692 0.111085 0.007278
16 13 0.109822 0.111085 0.007278
16 14 0.112723 0.111085 0.007278
16 15 0.113448 0.111085 0.007278
16 16 0.113884 0.111085 0.007278
16 17 0.115044 0.111085 0.007278
16 18 0.113013 0.111085 0.007278
16 19 0.108081 0.111085 0.007278
16 20 0.100102 0.111085 0.007278
17 0 0.118236 0.111085 0.007278
17 1 0.118091 0.111085 0.007278
17 2 0.122443 0.111085 0.007278
17 3 0.126070 0.111085 0.007278
17 4 0.122443 0.111085 0.007278
17 5 0.120557 0.111085 0.007278
17 6 0.119687 0.111085 0.007278
17 7 0.115625 0.111085 0.007278
17 8 0.113594 0.111085 0.007278
17 9 0.110257 0.111085 0.007278
17 10 0.108371 0.111085 0.007278
17 11 0.108951 0.111085 0.007278
17 12 0.107791 0.111085 0.007278
17 13 0.109822 0.111085 0.007278
17 14 0.110257 0.111085 0.007278
17 15 0.111272 0.111085 0.007278
17 16 0.110692 0.111085 0.007278
17 17 0.111272 0.111085 0.007278
17 18 0.110257 0.111085 0.007278
17 19 0.103148 0.111085 0.007278
17 20 0.095024 0.111085 0.007278
18 0 0.116930 0.111085 0.007278
18 1 0.119832 0.111085 0.007278
18 2 0.120412 0.111085 0.007278
18 3 0.123749 0.111085 0.007278
18 4 0.119396 0.111085 0.007278
18 5 0.119106 0.111085 0.007278
18 6 0.116930 0.111085 0.007278
18 7 0.113158 0.111085 0.007278
18 8 0.109386 0.111085 0.007278
18 9 0.106050 0.111085 0.007278
18 10 0.105469 0.111085 0.007278
18 11 0.103003 0.111085 0.007278
18 12 0.104164 0.111085 0.007278
18 13 0.105759 0.111085 0.007278
18 14 0.108516 0.111085 0.007278
18 15 0.107936 0.111085 0.007278
18 16 0.108516 0.111085 0.007278
18 17 0.107645 0.111085 0.007278
18 18 0.104019 0.111085 0.007278
18 19 0.098941 0.111085 0.007278
18 20 0.092703 0.111085 0.007278
19 0 0.114319 0.111085 0.007278
19 1 0.116785 0.111085 0.007278
19 2 0.117365 0.111085 0.007278
19 3 0.117220 0.111085 0.007278
19 4 0.118236 0.111085 0.007278
19 5 0.115625 0.111085 0.007278
19 6 0.112868 0.111085 0.007278
19 7 0.109967 0.111085 0.007278
19 8 0.106050 0.111085 0.007278
19 9 0.102278 0.111085 0.007278
19 10 0.099666 0.111085 0.007278
19 11 0.098071 0.111085 0.007278
19 12 0.099521 0.111085 0.007278
19 13 0.101988 0.111085 0.007278
19 14 0.104744 0.111085 0.007278
19 15 0.105179 0.111085 0.007278
19 16 0.103003 0.111085 0.007278
19 17 0.102568 0.111085 0.007278
19 18 0.100102 0.111085 0.007278
19 19 0.094299 0.111085 0.007278
19 20 0.086610 0.111085 0.007278
20 0 0.110547 0.111085 0.007278
20 1 0.112433 0.111085 0.007278
20 2 0.113884 0.111085 0.007278
20 3 0.111708 0.111085 0.007278
20 4 0.111562 0.111085 0.007278
20 5 0.110402 0.111085 0.007278
20 6 0.108516 0.111085 0.007278
20 7 0.103003 0.111085 0.007278
20 8 0.100392 0.111085 0.007278
20 9 0.097345 0.111085 0.007278
20 10 0.094589 0.111085 0.007278
20 11 0.093573 0.111085 0.007278
20 12 0.093573 0.111085 0.007278
20 13 0.095314 0.111085 0.007278
20 14 0.096330 0.111085 0.007278
20 15 0.098071 0.111085 0.007278
20 16 0.097200 0.111085 0.007278
20 17 0.096330 0.111085 0.007278
20 18 0.091687 0.111085 0.007278
20 19 0.087480 0.111085 0.007278
20 20 0.083128 0.111085 0.007278
