# contact distance = 24.0 Angstroms
# F = 0.4 kJ/mol

# i j contact_probability mean_contact_probability stddev_contact_probability
0 0 0.128871 0.129024 0.011141
0 1 0.128015 0.129024 0.011141
0 2 0.125874 0.129024 0.011141
0 3 0.124304 0.129024 0.011141
0 4 0.122877 0.129024 0.011141
0 5 0.120308 0.129024 0.011141
0 6 0.119452 0.129024 0.011141
0 7 0.119737 0.129024 0.011141
0 8 0.120023 0.129024 0.011141
0 9 0.120594 0.129024 0.011141
0 10 0.122877 0.129024 0.011141
0 11 0.121165 0.129024 0.011141
0 12 0.124590 0.129024 0.011141
0 13 0.129585 0.129024 0.011141
0 14 0.134294 0.129024 0.011141
0 15 0.134152 0.129024 0.011141
0 16 0.134722 0.129024 0.011141
0 17 0.132154 0.129024 0.011141
0 18 0.131583 0.129024 0.011141
0 19 0.125874 0.129024 0.011141
0 20 0.121878 0.129024 0.011141
1 0 0.132011 0.129024 0.011141
1 1 0.130441 0.129024 0.011141
1 2 0.131012 0.129024 0.011141
1 3 0.126873 0.129024 0.011141
1 4 0.126588 0.129024 0.011141
1 5 0.125874 0.129024 0.011141
1 6 0.125731 0.129024 0.011141
1 7 0.128300 0.129024 0.011141
1 8 0.126730 0.129024 0.011141
1 9 0.124304 0.129024 0.011141
1 10 0.127872 0.129024 0.011141
1 11 0.129870 0.129024 0.011141
1 12 0.131725 0.129024 0.011141
1 13 0.133438 0.129024 0.011141
1 14 0.139147 0.129024 0.011141
1 15 0.138861 0.129024 0.011141
1 16 0.136720 0.129024 0.011141
1 17 0.135864 0.129024 0.011141
1 18 0.132154 0.129024 0.011141
1 19 0.128158 0.129024 0.011141
1 20 0.123876 0.129024 0.011141
2 0 0.130869 0.129024 0.011141
2 1 0.131725 0.129024 0.011141
2 2 0.130013 0.129024 0.011141
2 3 0.129870 0.129024 0.011141
2 4 0.129727 0.129024 0.011141
2 5 0.130156 0.129024 0.011141
2 6 0.132154 0.129024 0.011141
2 7 0.131868 0.129024 0.011141
2 8 0.132011 0.129024 0.011141
2 9 0.132582 0.129024 0.011141
2 10 0.134294 0.129024 0.011141
2 11 0.136720 0.129024 0.011141
2 12 0.136292 0.129024 0.011141
2 13 0.139717 0.129024 0.011141
2 14 0.142429 0.129024 0.011141
2 15 0.141858 0.129024 0.011141
2 16 0.140716 0.129024 0.011141
2 17 0.139004 0.129024 0.011141
2 18 0.135151 0.129024 0.011141
2 19 0.132582 0.129024 0.011141
2 20 0.129014 0.129024 0.011141
3 0 0.126302 0.129024 0.011141
3 1 0.128586 0.129024 0.011141
3 2 0.129299 0.129024 0.011141
3 3 0.129157 0.129024 0.011141
3 4 0.128728 0.129024 0.011141
3 5 0.132154 0.129024 0.011141
3 6 0.131440 0.129024 0.011141
3 7 0.132867 0.129024 0.011141
3 8 0.133153 0.129024 0.011141
3 9 0.134865 0.129024 0.011141
3 10 0.133438 0.129024 0.011141
3 11 0.136578 0.129024 0.011141
3 12 0.137434 0.129024 0.011141
3 13 0.143571 0.129024 0.011141
3 14 0.143285 0.129024 0.011141
3 15 0.144570 0.129024 0.011141
3 16 0.145426 0.129024 0.011141
3 17 0.143428 0.129024 0.011141
3 18 0.138005 0.129024 0.011141
3 19 0.135293 0.129024 0.011141
3 20 0.131012 0.129024 0.011141
4 0 0.124875 0.129024 0.011141
4 1 0.125874 0.129024 0.011141
4 2 0.125018 0.129024 0.011141
4 3 0.127159 0.129024 0.011141
4 4 0.129157 0.129024 0.011141
4 5 0.130013 0.129024 0.011141
4 6 0.129727 0.129024 0.011141
4 7 0.130869 0.129024 0.011141
4 8 0.135151 0.129024 0.011141
4 9 0.136007 0.129024 0.011141
4 10 0.137577 0.129024 0.011141
4 11 0.135864 0.129024 0.011141
4 12 0.139147 0.129024 0.011141
4 13 0.139717 0.129024 0.011141
4 14 0.140288 0.129024 0.011141
4 15 0.142857 0.129024 0.011141
4 16 0.144142 0.129024 0.011141
4 17 0.143000 0.129024 0.011141
4 18 0.141002 0.129024 0.011141
4 19 0.132724 0.129024 0.011141
4 20 0.128443 0.129024 0.011141
5 0 0.122306 0.129024 0.011141
5 1 0.125731 0.129024 0.011141
5 2 0.124875 0.129024 0.011141
5 3 0.127587 0.129024 0.011141
5 4 0.129727 0.129024 0.011141
5 5 0.130156 0.129024 0.011141
5 6 0.131012 0.129024 0.011141
5 7 0.132867 0.129024 0.011141
5 8 0.134722 0.129024 0.011141
5 9 0.136150 0.129024 0.011141
5 10 0.135436 0.129024 0.011141
5 11 0.135436 0.129024 0.011141
5 12 0.137577 0.129024 0.011141
5 13 0.137577 0.129024 0.011141
5 14 0.139575 0.129024 0.011141
5 15 0.138718 0.129024 0.011141
5 16 0.142429 0.129024 0.011141
5 17 0.142572 0.129024 0.011141
5 18 0.137006 0.129024 0.011141
5 19 0.131868 0.129024 0.011141
5 20 0.126588 0.129024 0.011141
6 0 0.119167 0.129024 0.011141
6 1 0.122734 0.129024 0.011141
6 2 0.125589 0.129024 0.011141
6 3 0.130441 0.129024 0.011141
6 4 0.131440 0.129024 0.011141
6 5 0.131297 0.129024 0.011141
6 6 0.131725 0.129024 0.011141
6 7 0.134580 0.129024 0.011141
6 8 0.134152 0.129024 0.011141
6 9 0.134009 0.129024 0.011141
6 10 0.134437 0.129024 0.011141
6 11 0.135436 0.129024 0.011141
6 12 0.137149 0.129024 0.011141
6 13 0.137434 0.129024 0.011141
6 14 0.138290 0.129024 0.011141
6 15 0.138290 0.129024 0.011141
6 16 0.141002 0.129024 0.011141
6 17 0.140859 0.129024 0.011141
6 18 0.136578 0.129024 0.011141
6 19 0.129014 0.129024 0.011141
6 20 0.124590 0.129024 0.011141
7 0 0.117169 0.129024 0.011141
7 1 0.122449 0.129024 0.011141
7 2 0.125731 0.129024 0.011141
7 3 0.128728 0.129024 0.011141
7 4 0.130441 0.129024 0.011141
7 5 0.130584 0.129024 0.011141
7 6 0.134722 0.129024 0.011141
7 7 0.133723 0.129024 0.011141
7 8 0.136007 0.129024 0.011141
7 9 0.137149 0.129024 0.011141
7 10 0.135436 0.129024 0.011141
7 11 0.135151 0.129024 0.011141
7 12 0.136863 0.129024 0.011141
7 13 0.136435 0.129024 0.011141
7 14 0.138290 0.129024 0.011141
7 15 0.136863 0.129024 0.011141
7 16 0.135579 0.129024 0.011141
7 17 0.137006 0.129024 0.011141
7 18 0.130869 0.129024 0.011141
7 19 0.126730 0.129024 0.011141
7 20 0.120023 0.129024 0.011141
8 0 0.114457 0.129024 0.011141
8 1 0.122592 0.129024 0.011141
8 2 0.128300 0.129024 0.011141
8 3 0.128871 0.129024 0.011141
8 4 0.130298 0.129024 0.011141
8 5 0.129442 0.129024 0.011141
8 6 0.133866 0.129024 0.011141
8 7 0.136292 0.129024 0.011141
8 8 0.135008 0.129024 0.011141
8 9 0.137006 0.129024 0.011141
8 10 0.135721 0.129024 0.011141
8 11 0.136292 0.129024 0.011141
8 12 0.137149 0.129024 0.011141
8 13 0.136578 0.129024 0.011141
8 14 0.136007 0.129024 0.011141
8 15 0.136578 0.129024 0.011141
8 16 0.133866 0.129024 0.011141
8 17 0.132724 0.129024 0.011141
8 18 0.128300 0.129024 0.011141
8 19 0.123591 0.129024 0.011141
8 20 0.119167 0.129024 0.011141
9 0 0.115028 0.129024 0.011141
9 1 0.122021 0.129024 0.011141
9 2 0.127587 0.129024 0.011141
9 3 0.129727 0.129024 0.011141
9 4 0.129585 0.129024 0.011141
9 5 0.129727 0.129024 0.011141
9 6 0.133295 0.129024 0.011141
9 7 0.135436 0.129024 0.011141
9 8 0.136435 0.129024 0.011141
9 9 0.135151 0.129024 0.011141
9 10 0.135293 0.129024 0.011141
9 11 0.134437 0.129024 0.011141
9 12 0.133866 0.129024 0.011141
9 13 0.132439 0.129024 0.011141
9 14 0.133438 0.129024 0.011141
9 15 0.131583 0.129024 0.011141
9 16 0.130726 0.129024 0.011141
9 17 0.128158 0.129024 0.011141
9 18 0.126588 0.129024 0.011141
9 19 0.120308 0.129024 0.011141
9 20 0.112887 0.129024 0.011141
10 0 0.117311 0.129024 0.011141
10 1 0.123163 0.129024 0.011141
10 2 0.124162 0.129024 0.011141
10 3 0.126302 0.129024 0.011141
10 4 0.129014 0.129024 0.011141
10 5 0.128300 0.129024 0.011141
10 6 0.131868 0.129024 0.011141
10 7 0.133866 0.129024 0.011141
10 8 0.136007 0.129024 0.011141
10 9 0.133581 0.129024 0.011141
10 10 0.133438 0.129024 0.011141
10 11 0.133438 0.129024 0.011141
10 12 0.133010 0.129024 0.011141
10 13 0.130298 0.129024 0.011141
10 14 0.129727 0.129024 0.011141
10 15 0.130726 0.129024 0.011141
10 16 0.128158 0.129024 0.011141
10 17 0.125589 0.129024 0.011141
10 18 0.123305 0.129024 0.011141
10 19 0.114457 0.129024 0.011141
10 20 0.109890 0.129024 0.011141
11 0 0.122306 0.129024 0.011141
11 1 0.128300 0.129024 0.011141
11 2 0.131155 0.129024 0.011141
11 3 0.131725 0.129024 0.011141
11 4 0.132154 0.129024 0.011141
11 5 0.133723 0.129024 0.011141
11 6 0.133866 0.129024 0.011141
11 7 0.134722 0.129024 0.011141
11 8 0.137006 0.129024 0.011141
11 9 0.136292 0.129024 0.011141
11 10 0.133295 0.129024 0.011141
11 11 0.134009 0.129024 0.011141
11 12 0.132724 0.129024 0.011141
11 13 0.130156 0.129024 0.011141
11 14 0.130441 0.129024 0.011141
11 15 0.128871 0.129024 0.011141
11 16 0.125731 0.129024 0.011141
11 17 0.123448 0.129024 0.011141
11 18 0.118881 0.129024 0.011141
11 19 0.111745 0.129024 0.011141
11 20 0.108178 0.129024 0.011141
12 0 0.125018 0.129024 0.011141
12 1 0.133010 0.129024 0.011141
12 2 0.135721 0.129024 0.011141
12 3 0.135864 0.129024 0.011141
12 4 0.137291 0.129024 0.011141
12 5 0.134580 0.129024 0.011141
12 6 0.136863 0.129024 0.011141
12 7 0.137577 0.129024 0.011141
12 8 0.137291 0.129024 0.011141
12 9 0.137291 0.129024 0.011141
12 10 0.134722 0.129024 0.011141
12 11 0.136007 0.129024 0.011141
12 12 0.133581 0.129024 0.011141
12 13 0.130298 0.129024 0.011141
12 14 0.129585 0.129024 0.011141
12 15 0.127587 0.129024 0.011141
12 16 0.125731 0.129024 0.011141
12 17 0.122306 0.129024 0.011141
12 18 0.116883 0.129024 0.011141
12 19 0.110033 0.129024 0.011141
12 20 0.103753 0.129024 0.011141
13 0 0.128443 0.129024 0.011141
13 1 0.136863 0.129024 0.011141
13 2 0.138148 0.129024 0.011141
13 3 0.139717 0.129024 0.011141
13 4 0.136578 0.129024 0.011141
13 5 0.135008 0.129024 0.011141
13 6 0.136435 0.129024 0.011141
13 7 0.135008 0.129024 0.011141
13 8 0.139147 0.129024 0.011141
13 9 0.139004 0.129024 0.011141
13 10 0.136007 0.129024 0.011141
13 11 0.136007 0.129024 0.011141
13 12 0.135864 0.129024 0.011141
13 13 0.132582 0.129024 0.011141
13 14 0.129014 0.129024 0.011141
13 15 0.123591 0.129024 0.011141
13 16 0.124590 0.129024 0.011141
13 17 0.120594 0.129024 0.011141
13 18 0.115599 0.129024 0.011141
13 19 0.106322 0.129024 0.011141
13 20 0.099900 0.129024 0.011141
14 0 0.132154 0.129024 0.011141
14 1 0.137862 0.129024 0.011141
14 2 0.139004 0.129024 0.011141
14 3 0.140574 0.129024 0.011141
14 4 0.138718 0.129024 0.011141
14 5 0.138861 0.129024 0.011141
14 6 0.138576 0.129024 0.011141
14 7 0.138861 0.129024 0.011141
14 8 0.140288 0.129024 0.011141
14 9 0.139717 0.129024 0.011141
14 10 0.139004 0.129024 0.011141
14 11 0.136863 0.129024 0.011141
14 12 0.132582 0.129024 0.011141
14 13 0.130013 0.129024 0.011141
14 14 0.128158 0.129024 0.011141
14 15 0.124875 0.129024 0.011141
14 16 0.122592 0.129024 0.011141
14 17 0.117454 0.129024 0.011141
14 18 0.112031 0.129024 0.011141
14 19 0.106180 0.129024 0.011141
14 20 0.100614 0.129024 0.011141
15 0 0.132582 0.129024 0.011141
15 1 0.137577 0.129024 0.011141
15 2 0.140288 0.129024 0.011141
15 3 0.140288 0.129024 0.011141
15 4 0.139575 0.129024 0.011141
15 5 0.139289 0.129024 0.011141
15 6 0.141002 0.129024 0.011141
15 7 0.140716 0.129024 0.011141
15 8 0.139147 0.129024 0.011141
15 9 0.139147 0.129024 0.011141
15 10 0.138005 0.129024 0.011141
15 11 0.137006 0.129024 0.011141
15 12 0.133010 0.129024 0.011141
15 13 0.127444 0.129024 0.011141
15 14 0.127301 0.129024 0.011141
15 15 0.124019 0.129024 0.011141
15 16 0.122306 0.129024 0.011141
15 17 0.115028 0.129024 0.011141
15 18 0.109034 0.129024 0.011141
15 19 0.103468 0.129024 0.011141
15 20 0.096332 0.129024 0.011141
16 0 0.136292 0.129024 0.011141
16 1 0.140288 0.129024 0.011141
16 2 0.141715 0.129024 0.011141
16 3 0.141715 0.129024 0.011141
16 4 0.141145 0.129024 0.011141
16 5 0.141858 0.129024 0.011141
16 6 0.141715 0.129024 0.011141
16 7 0.141573 0.129024 0.011141
16 8 0.138861 0.129024 0.011141
16 9 0.136150 0.129024 0.011141
16 10 0.138148 0.129024 0.011141
16 11 0.136578 0.129024 0.011141
16 12 0.131297 0.129024 0.011141
16 13 0.128728 0.129024 0.011141
16 14 0.126588 0.129024 0.011141
16 15 0.122592 0.129024 0.011141
16 16 0.119737 0.129024 0.011141
16 17 0.111745 0.129024 0.011141
16 18 0.108606 0.129024 0.011141
16 19 0.101613 0.129024 0.011141
16 20 0.096760 0.129024 0.011141
17 0 0.135293 0.129024 0.011141
17 1 0.139432 0.129024 0.011141
17 2 0.141287 0.129024 0.011141
17 3 0.141430 0.129024 0.011141
17 4 0.143571 0.129024 0.011141
17 5 0.142144 0.129024 0.011141
17 6 0.141858 0.129024 0.011141
17 7 0.141145 0.129024 0.011141
17 8 0.139004 0.129024 0.011141
17 9 0.137719 0.129024 0.011141
17 10 0.135008 0.129024 0.011141
17 11 0.132296 0.129024 0.011141
17 12 0.126302 0.129024 0.011141
17 13 0.125731 0.129024 0.011141
17 14 0.124162 0.129024 0.011141
17 15 0.120594 0.129024 0.011141
17 16 0.117169 0.129024 0.011141
17 17 0.108748 0.129024 0.011141
17 18 0.104039 0.129024 0.011141
17 19 0.099900 0.129024 0.011141
17 20 0.095191 0.129024 0.011141
18 0 0.135579 0.129024 0.011141
18 1 0.137434 0.129024 0.011141
18 2 0.140716 0.129024 0.011141
18 3 0.142286 0.129024 0.011141
18 4 0.138290 0.129024 0.011141
18 5 0.138861 0.129024 0.011141
18 6 0.140716 0.129024 0.011141
18 7 0.138433 0.129024 0.011141
18 8 0.137006 0.129024 0.011141
18 9 0.131583 0.129024 0.011141
18 10 0.130013 0.129024 0.011141
18 11 0.127587 0.129024 0.011141
18 12 0.124019 0.129024 0.011141
18 13 0.119880 0.129024 0.011141
18 14 0.118453 0.129024 0.011141
18 15 0.114314 0.129024 0.011141
18 16 0.112602 0.129024 0.011141
18 17 0.105323 0.129024 0.011141
18 18 0.099757 0.129024 0.011141
18 19 0.097046 0.129024 0.011141
18 20 0.090766 0.129024 0.011141
19 0 0.130584 0.129024 0.011141
19 1 0.133010 0.129024 0.011141
19 2 0.134865 0.129024 0.011141
19 3 0.138433 0.129024 0.011141
19 4 0.139289 0.129024 0.011141
19 5 0.134152 0.129024 0.011141
19 6 0.136720 0.129024 0.011141
19 7 0.133866 0.129024 0.011141
19 8 0.129870 0.129024 0.011141
19 9 0.128586 0.129024 0.011141
19 10 0.126730 0.129024 0.011141
19 11 0.123591 0.129024 0.011141
19 12 0.118738 0.129024 0.011141
19 13 0.114885 0.129024 0.011141
19 14 0.113601 0.129024 0.011141
19 15 0.110176 0.129024 0.011141
19 16 0.105466 0.129024 0.011141
19 17 0.096760 0.129024 0.011141
19 18 0.094334 0.129024 0.011141
19 19 0.090053 0.129024 0.011141
19 20 0.085914 0.129024 0.011141
20 0 0.124590 0.129024 0.011141
20 1 0.127159 0.129024 0.011141
20 2 0.130441 0.129024 0.011141
20 3 0.132296 0.129024 0.011141
20 4 0.131868 0.129024 0.011141
20 5 0.130013 0.129024 0.011141
20 6 0.127729 0.129024 0.011141
20 7 0.125303 0.129024 0.011141
20 8 0.124304 0.129024 0.011141
20 9 0.123448 0.129024 0.011141
20 10 0.119024 0.129024 0.011141
20 11 0.115884 0.129024 0.011141
20 12 0.113173 0.129024 0.011141
20 13 0.110604 0.129024 0.011141
20 14 0.107464 0.129024 0.011141
20 15 0.104752 0.129024 0.011141
20 16 0.098616 0.129024 0.011141
20 17 0.091623 0.129024 0.011141
20 18 0.087484 0.129024 0.011141
20 19 0.083773 0.129024 0.011141
20 20 0.082489 0.129024 0.011141
