# contact distance = 24.0 Angstroms
# F = 0.4 kJ/mol

# i j contact_probability mean_contact_probability stddev_contact_probability
0 0 0.097862 0.141205 0.014777
0 1 0.101034 0.141205 0.014777
0 2 0.101974 0.141205 0.014777
0 3 0.103853 0.141205 0.014777
0 4 0.105028 0.141205 0.014777
0 5 0.110080 0.141205 0.014777
0 6 0.109610 0.141205 0.014777
0 7 0.113252 0.141205 0.014777
0 8 0.115249 0.141205 0.014777
0 9 0.115719 0.141205 0.014777
0 10 0.122885 0.141205 0.014777
0 11 0.124178 0.141205 0.014777
0 12 0.130874 0.141205 0.014777
0 13 0.136161 0.141205 0.014777
0 14 0.140742 0.141205 0.014777
0 15 0.143797 0.141205 0.014777
0 16 0.146969 0.141205 0.014777
0 17 0.148261 0.141205 0.014777
0 18 0.145089 0.141205 0.014777
0 19 0.142622 0.141205 0.014777
0 20 0.138393 0.141205 0.014777
1 0 0.102561 0.141205 0.014777
1 1 0.105381 0.141205 0.014777
1 2 0.106673 0.141205 0.014777
1 3 0.108318 0.141205 0.014777
1 4 0.110315 0.141205 0.014777
1 5 0.116189 0.141205 0.014777
1 6 0.117834 0.141205 0.014777
1 7 0.120888 0.141205 0.014777
1 8 0.119713 0.141205 0.014777
1 9 0.121241 0.141205 0.014777
1 10 0.125940 0.141205 0.014777
1 11 0.132871 0.141205 0.014777
1 12 0.135573 0.141205 0.014777
1 13 0.141447 0.141205 0.014777
1 14 0.145089 0.141205 0.014777
1 15 0.149201 0.141205 0.014777
1 16 0.151316 0.141205 0.014777
1 17 0.150611 0.141205 0.014777
1 18 0.148731 0.141205 0.014777
1 19 0.145912 0.141205 0.014777
1 20 0.141800 0.141205 0.014777
2 0 0.103501 0.141205 0.014777
2 1 0.107965 0.141205 0.014777
2 2 0.108083 0.141205 0.014777
2 3 0.112547 0.141205 0.014777
2 4 0.115484 0.141205 0.014777
2 5 0.119243 0.141205 0.014777
2 6 0.121123 0.141205 0.014777
2 7 0.122298 0.141205 0.014777
2 8 0.124530 0.141205 0.014777
2 9 0.125587 0.141205 0.014777
2 10 0.128289 0.141205 0.014777
2 11 0.134164 0.141205 0.014777
2 12 0.140038 0.141205 0.014777
2 13 0.145089 0.141205 0.014777
2 14 0.148144 0.141205 0.014777
2 15 0.152373 0.141205 0.014777
2 16 0.154253 0.141205 0.014777
2 17 0.154958 0.141205 0.014777
2 18 0.151081 0.141205 0.014777
2 19 0.149906 0.141205 0.014777
2 20 0.146852 0.141205 0.014777
3 0 0.104676 0.141205 0.014777
3 1 0.109258 0.141205 0.014777
3 2 0.113487 0.141205 0.014777
3 3 0.113839 0.141205 0.014777
3 4 0.116659 0.141205 0.014777
3 5 0.121123 0.141205 0.014777
3 6 0.121123 0.141205 0.014777
3 7 0.126410 0.141205 0.014777
3 8 0.129347 0.141205 0.014777
3 9 0.130757 0.141205 0.014777
3 10 0.132636 0.141205 0.014777
3 11 0.136513 0.141205 0.014777
3 12 0.143680 0.141205 0.014777
3 13 0.145794 0.141205 0.014777
3 14 0.152373 0.141205 0.014777
3 15 0.155428 0.141205 0.014777
3 16 0.156955 0.141205 0.014777
3 17 0.156837 0.141205 0.014777
3 18 0.156133 0.141205 0.014777
3 19 0.151316 0.141205 0.014777
3 20 0.145207 0.141205 0.014777
4 0 0.108083 0.141205 0.014777
4 1 0.111020 0.141205 0.014777
4 2 0.115132 0.141205 0.014777
4 3 0.119243 0.141205 0.014777
4 4 0.120301 0.141205 0.014777
4 5 0.121241 0.141205 0.014777
4 6 0.125940 0.141205 0.014777
4 7 0.130757 0.141205 0.014777
4 8 0.135221 0.141205 0.014777
4 9 0.134398 0.141205 0.014777
4 10 0.136278 0.141205 0.014777
4 11 0.138510 0.141205 0.014777
4 12 0.144384 0.141205 0.014777
4 13 0.148144 0.141205 0.014777
4 14 0.151786 0.141205 0.014777
4 15 0.155898 0.141205 0.014777
4 16 0.158717 0.141205 0.014777
4 17 0.160832 0.141205 0.014777
4 18 0.157777 0.141205 0.014777
4 19 0.151786 0.141205 0.014777
4 20 0.146617 0.141205 0.014777
5 0 0.110667 0.141205 0.014777
5 1 0.112547 0.141205 0.014777
5 2 0.115484 0.141205 0.014777
5 3 0.119831 0.141205 0.014777
5 4 0.123355 0.141205 0.014777
5 5 0.122650 0.141205 0.014777
5 6 0.128759 0.141205 0.014777
5 7 0.133341 0.141205 0.014777
5 8 0.136396 0.141205 0.014777
5 9 0.137805 0.141205 0.014777
5 10 0.138158 0.141205 0.014777
5 11 0.140977 0.141205 0.014777
5 12 0.144972 0.141205 0.014777
5 13 0.148261 0.141205 0.014777
5 14 0.153195 0.141205 0.014777
5 15 0.155310 0.141205 0.014777
5 16 0.158130 0.141205 0.014777
5 17 0.157425 0.141205 0.014777
5 18 0.156250 0.141205 0.014777
5 19 0.151668 0.141205 0.014777
5 20 0.146264 0.141205 0.014777
6 0 0.110080 0.141205 0.014777
6 1 0.113487 0.141205 0.014777
6 2 0.116424 0.141205 0.014777
6 3 0.121123 0.141205 0.014777
6 4 0.123943 0.141205 0.014777
6 5 0.127702 0.141205 0.014777
6 6 0.132166 0.141205 0.014777
6 7 0.134633 0.141205 0.014777
6 8 0.138745 0.141205 0.014777
6 9 0.138628 0.141205 0.014777
6 10 0.141330 0.141205 0.014777
6 11 0.142622 0.141205 0.014777
6 12 0.146852 0.141205 0.014777
6 13 0.148026 0.141205 0.014777
6 14 0.151903 0.141205 0.014777
6 15 0.153430 0.141205 0.014777
6 16 0.157190 0.141205 0.014777
6 17 0.157895 0.141205 0.014777
6 18 0.155428 0.141205 0.014777
6 19 0.152608 0.141205 0.014777
6 20 0.145677 0.141205 0.014777
7 0 0.110902 0.141205 0.014777
7 1 0.114662 0.141205 0.014777
7 2 0.117716 0.141205 0.014777
7 3 0.121006 0.141205 0.014777
7 4 0.123708 0.141205 0.014777
7 5 0.128759 0.141205 0.014777
7 6 0.131931 0.141205 0.014777
7 7 0.136513 0.141205 0.014777
7 8 0.139685 0.141205 0.014777
7 9 0.139920 0.141205 0.014777
7 10 0.142270 0.141205 0.014777
7 11 0.145794 0.141205 0.014777
7 12 0.144972 0.141205 0.014777
7 13 0.146969 0.141205 0.014777
7 14 0.149906 0.141205 0.014777
7 15 0.148379 0.141205 0.014777
7 16 0.156485 0.141205 0.014777
7 17 0.157895 0.141205 0.014777
7 18 0.155780 0.141205 0.014777
7 19 0.150846 0.141205 0.014777
7 20 0.143914 0.141205 0.014777
8 0 0.111960 0.141205 0.014777
8 1 0.115954 0.141205 0.014777
8 2 0.118891 0.141205 0.014777
8 3 0.121711 0.141205 0.014777
8 4 0.126292 0.141205 0.014777
8 5 0.132871 0.141205 0.014777
8 6 0.133811 0.141205 0.014777
8 7 0.137570 0.141205 0.014777
8 8 0.140390 0.141205 0.014777
8 9 0.140038 0.141205 0.014777
8 10 0.143445 0.141205 0.014777
8 11 0.144972 0.141205 0.014777
8 12 0.145677 0.141205 0.014777
8 13 0.144737 0.141205 0.014777
8 14 0.148261 0.141205 0.014777
8 15 0.149201 0.141205 0.014777
8 16 0.152373 0.141205 0.014777
8 17 0.154723 0.141205 0.014777
8 18 0.152843 0.141205 0.014777
8 19 0.148731 0.141205 0.014777
8 20 0.138863 0.141205 0.014777
9 0 0.113839 0.141205 0.014777
9 1 0.117246 0.141205 0.014777
9 2 0.121593 0.141205 0.014777
9 3 0.126410 0.141205 0.014777
9 4 0.130404 0.141205 0.014777
9 5 0.136043 0.141205 0.014777
9 6 0.138628 0.141205 0.014777
9 7 0.141565 0.141205 0.014777
9 8 0.143092 0.141205 0.014777
9 9 0.142975 0.141205 0.014777
9 10 0.142270 0.141205 0.014777
9 11 0.142622 0.141205 0.014777
9 12 0.144384 0.141205 0.014777
9 13 0.145207 0.141205 0.014777
9 14 0.148144 0.141205 0.014777
9 15 0.150728 0.141205 0.014777
9 16 0.152373 0.141205 0.014777
9 17 0.152608 0.141205 0.014777
9 18 0.149671 0.141205 0.014777
9 19 0.149084 0.141205 0.014777
9 20 0.140742 0.141205 0.014777
10 0 0.114427 0.141205 0.014777
10 1 0.121123 0.141205 0.014777
10 2 0.125235 0.141205 0.014777
10 3 0.130757 0.141205 0.014777
10 4 0.133694 0.141205 0.014777
10 5 0.137805 0.141205 0.014777
10 6 0.139215 0.141205 0.014777
10 7 0.141800 0.141205 0.014777
10 8 0.140742 0.141205 0.014777
10 9 0.141917 0.141205 0.014777
10 10 0.142622 0.141205 0.014777
10 11 0.143092 0.141205 0.014777
10 12 0.145794 0.141205 0.014777
10 13 0.148026 0.141205 0.014777
10 14 0.149554 0.141205 0.014777
10 15 0.150023 0.141205 0.014777
10 16 0.150728 0.141205 0.014777
10 17 0.150846 0.141205 0.014777
10 18 0.147909 0.141205 0.014777
10 19 0.145677 0.141205 0.014777
10 20 0.138863 0.141205 0.014777
11 0 0.120771 0.141205 0.014777
11 1 0.126645 0.141205 0.014777
11 2 0.132636 0.141205 0.014777
11 3 0.135808 0.141205 0.014777
11 4 0.136043 0.141205 0.014777
11 5 0.137218 0.141205 0.014777
11 6 0.139920 0.141205 0.014777
11 7 0.142975 0.141205 0.014777
11 8 0.143914 0.141205 0.014777
11 9 0.143562 0.141205 0.014777
11 10 0.145794 0.141205 0.014777
11 11 0.146147 0.141205 0.014777
11 12 0.147321 0.141205 0.014777
11 13 0.148614 0.141205 0.014777
11 14 0.148144 0.141205 0.014777
11 15 0.148849 0.141205 0.014777
11 16 0.148966 0.141205 0.014777
11 17 0.148966 0.141205 0.014777
11 18 0.145912 0.141205 0.014777
11 19 0.143562 0.141205 0.014777
11 20 0.135456 0.141205 0.014777
12 0 0.125235 0.141205 0.014777
12 1 0.135691 0.141205 0.014777
12 2 0.137688 0.141205 0.014777
12 3 0.140390 0.141205 0.014777
12 4 0.141565 0.141205 0.014777
12 5 0.142740 0.141205 0.014777
12 6 0.145324 0.141205 0.014777
12 7 0.147086 0.141205 0.014777
12 8 0.146852 0.141205 0.014777
12 9 0.147321 0.141205 0.014777
12 10 0.152608 0.141205 0.014777
12 11 0.151316 0.141205 0.014777
12 12 0.149554 0.141205 0.014777
12 13 0.152021 0.141205 0.014777
12 14 0.152373 0.141205 0.014777
12 15 0.151316 0.141205 0.014777
12 16 0.150846 0.141205 0.014777
12 17 0.150023 0.141205 0.014777
12 18 0.146264 0.141205 0.014777
12 19 0.142505 0.141205 0.014777
12 20 0.132989 0.141205 0.014777
13 0 0.133811 0.141205 0.014777
13 1 0.139568 0.141205 0.014777
13 2 0.142035 0.141205 0.014777
13 3 0.147674 0.141205 0.014777
13 4 0.148614 0.141205 0.014777
13 5 0.150141 0.141205 0.014777
13 6 0.149554 0.141205 0.014777
13 7 0.150141 0.141205 0.014777
13 8 0.150258 0.141205 0.014777
13 9 0.151081 0.141205 0.014777
13 10 0.152843 0.141205 0.014777
13 11 0.153313 0.141205 0.014777
13 12 0.151081 0.141205 0.014777
13 13 0.152491 0.141205 0.014777
13 14 0.153430 0.141205 0.014777
13 15 0.152373 0.141205 0.014777
13 16 0.150493 0.141205 0.014777
13 17 0.148261 0.141205 0.014777
13 18 0.143210 0.141205 0.014777
13 19 0.139685 0.141205 0.014777
13 20 0.131227 0.141205 0.014777
14 0 0.140273 0.141205 0.014777
14 1 0.146969 0.141205 0.014777
14 2 0.150611 0.141205 0.014777
14 3 0.154370 0.141205 0.014777
14 4 0.156015 0.141205 0.014777
14 5 0.155310 0.141205 0.014777
14 6 0.154135 0.141205 0.014777
14 7 0.154018 0.141205 0.014777
14 8 0.153783 0.141205 0.014777
14 9 0.152256 0.141205 0.014777
14 10 0.153430 0.141205 0.014777
14 11 0.153313 0.141205 0.014777
14 12 0.152961 0.141205 0.014777
14 13 0.150611 0.141205 0.014777
14 14 0.152608 0.141205 0.014777
14 15 0.152726 0.141205 0.014777
14 16 0.151786 0.141205 0.014777
14 17 0.147086 0.141205 0.014777
14 18 0.145324 0.141205 0.014777
14 19 0.141330 0.141205 0.014777
14 20 0.128759 0.141205 0.014777
15 0 0.145559 0.141205 0.014777
15 1 0.151433 0.141205 0.014777
15 2 0.155193 0.141205 0.014777
15 3 0.159657 0.141205 0.014777
15 4 0.160949 0.141205 0.014777
15 5 0.160127 0.141205 0.014777
15 6 0.158012 0.141205 0.014777
15 7 0.158482 0.141205 0.014777
15 8 0.155898 0.141205 0.014777
15 9 0.153195 0.141205 0.014777
15 10 0.152843 0.141205 0.014777
15 11 0.154840 0.141205 0.014777
15 12 0.154018 0.141205 0.014777
15 13 0.154018 0.141205 0.014777
15 14 0.155075 0.141205 0.014777
15 15 0.152843 0.141205 0.014777
15 16 0.149671 0.141205 0.014777
15 17 0.147439 0.141205 0.014777
15 18 0.143914 0.141205 0.014777
15 19 0.139098 0.141205 0.014777
15 20 0.126997 0.141205 0.014777
16 0 0.147204 0.141205 0.014777
16 1 0.153548 0.141205 0.014777
16 2 0.158717 0.141205 0.014777
16 3 0.160244 0.141205 0.014777
16 4 0.162242 0.141205 0.014777
16 5 0.163886 0.141205 0.014777
16 6 0.159187 0.141205 0.014777
16 7 0.158835 0.141205 0.014777
16 8 0.157777 0.141205 0.014777
16 9 0.154958 0.141205 0.014777
16 10 0.155663 0.141205 0.014777
16 11 0.154840 0.141205 0.014777
16 12 0.155310 0.141205 0.014777
16 13 0.152843 0.141205 0.014777
16 14 0.150963 0.141205 0.014777
16 15 0.150141 0.141205 0.014777
16 16 0.150258 0.141205 0.014777
16 17 0.149436 0.141205 0.014777
16 18 0.143797 0.141205 0.014777
16 19 0.138863 0.141205 0.014777
16 20 0.127820 0.141205 0.014777
17 0 0.150258 0.141205 0.014777
17 1 0.153665 0.141205 0.014777
17 2 0.158012 0.141205 0.014777
17 3 0.160362 0.141205 0.014777
17 4 0.163651 0.141205 0.014777
17 5 0.163651 0.141205 0.014777
17 6 0.161184 0.141205 0.014777
17 7 0.161419 0.141205 0.014777
17 8 0.158600 0.141205 0.014777
17 9 0.157307 0.141205 0.014777
17 10 0.158952 0.141205 0.014777
17 11 0.155310 0.141205 0.014777
17 12 0.153430 0.141205 0.014777
17 13 0.151316 0.141205 0.014777
17 14 0.150493 0.141205 0.014777
17 15 0.149201 0.141205 0.014777
17 16 0.149319 0.141205 0.014777
17 17 0.145559 0.141205 0.014777
17 18 0.141095 0.141205 0.014777
17 19 0.135808 0.141205 0.014777
17 20 0.125000 0.141205 0.014777
18 0 0.147439 0.141205 0.014777
18 1 0.152961 0.141205 0.014777
18 2 0.156837 0.141205 0.014777
18 3 0.159539 0.141205 0.014777
18 4 0.162946 0.141205 0.014777
18 5 0.162242 0.141205 0.014777
18 6 0.162946 0.141205 0.014777
18 7 0.161302 0.141205 0.014777
18 8 0.158247 0.141205 0.014777
18 9 0.157072 0.141205 0.014777
18 10 0.158365 0.141205 0.014777
18 11 0.154958 0.141205 0.014777
18 12 0.153195 0.141205 0.014777
18 13 0.148144 0.141205 0.014777
18 14 0.146969 0.141205 0.014777
18 15 0.146382 0.141205 0.014777
18 16 0.144972 0.141205 0.014777
18 17 0.140155 0.141205 0.014777
18 18 0.135221 0.141205 0.014777
18 19 0.130404 0.141205 0.014777
18 20 0.119478 0.141205 0.014777
19 0 0.147204 0.141205 0.014777
19 1 0.148966 0.141205 0.014777
19 2 0.153783 0.141205 0.014777
19 3 0.157190 0.141205 0.014777
19 4 0.161654 0.141205 0.014777
19 5 0.162594 0.141205 0.014777
19 6 0.161537 0.141205 0.014777
19 7 0.161067 0.141205 0.014777
19 8 0.155898 0.141205 0.014777
19 9 0.153900 0.141205 0.014777
19 10 0.151786 0.141205 0.014777
19 11 0.149906 0.141205 0.014777
19 12 0.148144 0.141205 0.014777
19 13 0.144972 0.141205 0.014777
19 14 0.141682 0.141205 0.014777
19 15 0.139450 0.141205 0.014777
19 16 0.137101 0.141205 0.014777
19 17 0.135691 0.141205 0.014777
19 18 0.130874 0.141205 0.014777
19 19 0.123003 0.141205 0.014777
19 20 0.114544 0.141205 0.014777
20 0 0.144502 0.141205 0.014777
20 1 0.148261 0.141205 0.014777
20 2 0.150376 0.141205 0.014777
20 3 0.154488 0.141205 0.014777
20 4 0.156133 0.141205 0.014777
20 5 0.159657 0.141205 0.014777
20 6 0.157307 0.141205 0.014777
20 7 0.155780 0.141205 0.014777
20 8 0.151433 0.141205 0.014777
20 9 0.144854 0.141205 0.014777
20 10 0.143797 0.141205 0.014777
20 11 0.141330 0.141205 0.014777
20 12 0.140508 0.141205 0.014777
20 13 0.136866 0.141205 0.014777
20 14 0.134164 0.141205 0.014777
20 15 0.132871 0.141205 0.014777
20 16 0.129817 0.141205 0.014777
20 17 0.128524 0.141205 0.014777
20 18 0.121945 0.141205 0.014777
20 19 0.115014 0.141205 0.014777
20 20 0.105146 0.141205 0.014777
