# contact distance = 24.0 Angstroms
# F = 0.4 kJ/mol

# i j contact_probability mean_contact_probability stddev_contact_probability
0 0 0.119249 0.128718 0.011729
0 1 0.119785 0.128718 0.011729
0 2 0.114956 0.128718 0.011729
0 3 0.112676 0.128718 0.011729
0 4 0.111201 0.128718 0.011729
0 5 0.110530 0.128718 0.011729
0 6 0.109457 0.128718 0.011729
0 7 0.110127 0.128718 0.011729
0 8 0.112944 0.128718 0.011729
0 9 0.113883 0.128718 0.011729
0 10 0.119249 0.128718 0.011729
0 11 0.124346 0.128718 0.011729
0 12 0.130785 0.128718 0.011729
0 13 0.132529 0.128718 0.011729
0 14 0.135882 0.128718 0.011729
0 15 0.136016 0.128718 0.011729
0 16 0.135077 0.128718 0.011729
0 17 0.134138 0.128718 0.011729
0 18 0.132663 0.128718 0.011729
0 19 0.127431 0.128718 0.011729
0 20 0.126090 0.128718 0.011729
1 0 0.120724 0.128718 0.011729
1 1 0.121797 0.128718 0.011729
1 2 0.117639 0.128718 0.011729
1 3 0.115895 0.128718 0.011729
1 4 0.113749 0.128718 0.011729
1 5 0.110664 0.128718 0.011729
1 6 0.110798 0.128718 0.011729
1 7 0.112944 0.128718 0.011729
1 8 0.115493 0.128718 0.011729
1 9 0.117773 0.128718 0.011729
1 10 0.123139 0.128718 0.011729
1 11 0.126626 0.128718 0.011729
1 12 0.132663 0.128718 0.011729
1 13 0.135882 0.128718 0.011729
1 14 0.138028 0.128718 0.011729
1 15 0.138565 0.128718 0.011729
1 16 0.136419 0.128718 0.011729
1 17 0.136955 0.128718 0.011729
1 18 0.134272 0.128718 0.011729
1 19 0.131858 0.128718 0.011729
1 20 0.125822 0.128718 0.011729
2 0 0.119115 0.128718 0.011729
2 1 0.121127 0.128718 0.011729
2 2 0.120993 0.128718 0.011729
2 3 0.119651 0.128718 0.011729
2 4 0.116164 0.128718 0.011729
2 5 0.116566 0.128718 0.011729
2 6 0.114286 0.128718 0.011729
2 7 0.115761 0.128718 0.011729
2 8 0.118176 0.128718 0.011729
2 9 0.121529 0.128718 0.011729
2 10 0.127834 0.128718 0.011729
2 11 0.128236 0.128718 0.011729
2 12 0.134272 0.128718 0.011729
2 13 0.138833 0.128718 0.011729
2 14 0.139370 0.128718 0.011729
2 15 0.139772 0.128718 0.011729
2 16 0.138833 0.128718 0.011729
2 17 0.138565 0.128718 0.011729
2 18 0.136284 0.128718 0.011729
2 19 0.133065 0.128718 0.011729
2 20 0.126761 0.128718 0.011729
3 0 0.115761 0.128718 0.011729
3 1 0.120054 0.128718 0.011729
3 2 0.118310 0.128718 0.011729
3 3 0.118578 0.128718 0.011729
3 4 0.117371 0.128718 0.011729
3 5 0.118310 0.128718 0.011729
3 6 0.115895 0.128718 0.011729
3 7 0.114554 0.128718 0.011729
3 8 0.121127 0.128718 0.011729
3 9 0.123541 0.128718 0.011729
3 10 0.127565 0.128718 0.011729
3 11 0.131321 0.128718 0.011729
3 12 0.135882 0.128718 0.011729
3 13 0.138565 0.128718 0.011729
3 14 0.140040 0.128718 0.011729
3 15 0.138431 0.128718 0.011729
3 16 0.139101 0.128718 0.011729
3 17 0.139504 0.128718 0.011729
3 18 0.137760 0.128718 0.011729
3 19 0.132797 0.128718 0.011729
3 20 0.126626 0.128718 0.011729
4 0 0.114554 0.128718 0.011729
4 1 0.117103 0.128718 0.011729
4 2 0.116432 0.128718 0.011729
4 3 0.116298 0.128718 0.011729
4 4 0.117103 0.128718 0.011729
4 5 0.117639 0.128718 0.011729
4 6 0.117371 0.128718 0.011729
4 7 0.117505 0.128718 0.011729
4 8 0.121261 0.128718 0.011729
4 9 0.125151 0.128718 0.011729
4 10 0.127029 0.128718 0.011729
4 11 0.130248 0.128718 0.011729
4 12 0.135480 0.128718 0.011729
4 13 0.137223 0.128718 0.011729
4 14 0.139235 0.128718 0.011729
4 15 0.138967 0.128718 0.011729
4 16 0.138967 0.128718 0.011729
4 17 0.140309 0.128718 0.011729
4 18 0.137894 0.128718 0.011729
4 19 0.133602 0.128718 0.011729
4 20 0.128907 0.128718 0.011729
5 0 0.114017 0.128718 0.011729
5 1 0.118712 0.128718 0.011729
5 2 0.117103 0.128718 0.011729
5 3 0.116298 0.128718 0.011729
5 4 0.118981 0.128718 0.011729
5 5 0.120054 0.128718 0.011729
5 6 0.122066 0.128718 0.011729
5 7 0.123273 0.128718 0.011729
5 8 0.126090 0.128718 0.011729
5 9 0.126224 0.128718 0.011729
5 10 0.129577 0.128718 0.011729
5 11 0.133467 0.128718 0.011729
5 12 0.135882 0.128718 0.011729
5 13 0.138967 0.128718 0.011729
5 14 0.140174 0.128718 0.011729
5 15 0.139235 0.128718 0.011729
5 16 0.141918 0.128718 0.011729
5 17 0.143394 0.128718 0.011729
5 18 0.141113 0.128718 0.011729
5 19 0.134541 0.128718 0.011729
5 20 0.130516 0.128718 0.011729
6 0 0.114420 0.128718 0.011729
6 1 0.115895 0.128718 0.011729
6 2 0.119115 0.128718 0.011729
6 3 0.117237 0.128718 0.011729
6 4 0.120456 0.128718 0.011729
6 5 0.120322 0.128718 0.011729
6 6 0.122602 0.128718 0.011729
6 7 0.124212 0.128718 0.011729
6 8 0.127700 0.128718 0.011729
6 9 0.129846 0.128718 0.011729
6 10 0.132260 0.128718 0.011729
6 11 0.135211 0.128718 0.011729
6 12 0.136955 0.128718 0.011729
6 13 0.138833 0.128718 0.011729
6 14 0.137760 0.128718 0.011729
6 15 0.135211 0.128718 0.011729
6 16 0.139370 0.128718 0.011729
6 17 0.141247 0.128718 0.011729
6 18 0.138967 0.128718 0.011729
6 19 0.133065 0.128718 0.011729
6 20 0.129712 0.128718 0.011729
7 0 0.111335 0.128718 0.011729
7 1 0.116164 0.128718 0.011729
7 2 0.117773 0.128718 0.011729
7 3 0.121261 0.128718 0.011729
7 4 0.121395 0.128718 0.011729
7 5 0.125017 0.128718 0.011729
7 6 0.124212 0.128718 0.011729
7 7 0.125553 0.128718 0.011729
7 8 0.128504 0.128718 0.011729
7 9 0.130114 0.128718 0.011729
7 10 0.134943 0.128718 0.011729
7 11 0.137223 0.128718 0.011729
7 12 0.138565 0.128718 0.011729
7 13 0.139370 0.128718 0.011729
7 14 0.136150 0.128718 0.011729
7 15 0.137894 0.128718 0.011729
7 16 0.138565 0.128718 0.011729
7 17 0.140711 0.128718 0.011729
7 18 0.138967 0.128718 0.011729
7 19 0.135480 0.128718 0.011729
7 20 0.129980 0.128718 0.011729
8 0 0.114420 0.128718 0.011729
8 1 0.114420 0.128718 0.011729
8 2 0.115493 0.128718 0.011729
8 3 0.122066 0.128718 0.011729
8 4 0.122871 0.128718 0.011729
8 5 0.124614 0.128718 0.011729
8 6 0.126895 0.128718 0.011729
8 7 0.127834 0.128718 0.011729
8 8 0.128773 0.128718 0.011729
8 9 0.132529 0.128718 0.011729
8 10 0.134943 0.128718 0.011729
8 11 0.138565 0.128718 0.011729
8 12 0.137089 0.128718 0.011729
8 13 0.135748 0.128718 0.011729
8 14 0.135748 0.128718 0.011729
8 15 0.137089 0.128718 0.011729
8 16 0.139772 0.128718 0.011729
8 17 0.139370 0.128718 0.011729
8 18 0.137223 0.128718 0.011729
8 19 0.131858 0.128718 0.011729
8 20 0.126224 0.128718 0.011729
9 0 0.117505 0.128718 0.011729
9 1 0.118444 0.128718 0.011729
9 2 0.117639 0.128718 0.011729
9 3 0.122334 0.128718 0.011729
9 4 0.124748 0.128718 0.011729
9 5 0.126492 0.128718 0.011729
9 6 0.125822 0.128718 0.011729
9 7 0.127834 0.128718 0.011729
9 8 0.130785 0.128718 0.011729
9 9 0.133736 0.128718 0.011729
9 10 0.135882 0.128718 0.011729
9 11 0.138967 0.128718 0.011729
9 12 0.137760 0.128718 0.011729
9 13 0.137089 0.128718 0.011729
9 14 0.136284 0.128718 0.011729
9 15 0.137492 0.128718 0.011729
9 16 0.137760 0.128718 0.011729
9 17 0.138162 0.128718 0.011729
9 18 0.133870 0.128718 0.011729
9 19 0.127431 0.128718 0.011729
9 20 0.123675 0.128718 0.011729
10 0 0.122200 0.128718 0.011729
10 1 0.124480 0.128718 0.011729
10 2 0.123139 0.128718 0.011729
10 3 0.123675 0.128718 0.011729
10 4 0.125419 0.128718 0.011729
10 5 0.129577 0.128718 0.011729
10 6 0.130651 0.128718 0.011729
10 7 0.131858 0.128718 0.011729
10 8 0.133333 0.128718 0.011729
10 9 0.138162 0.128718 0.011729
10 10 0.140174 0.128718 0.011729
10 11 0.142455 0.128718 0.011729
10 12 0.140711 0.128718 0.011729
10 13 0.140711 0.128718 0.011729
10 14 0.138296 0.128718 0.011729
10 15 0.138699 0.128718 0.011729
10 16 0.140577 0.128718 0.011729
10 17 0.137223 0.128718 0.011729
10 18 0.134138 0.128718 0.011729
10 19 0.131053 0.128718 0.011729
10 20 0.124212 0.128718 0.011729
11 0 0.122871 0.128718 0.011729
11 1 0.126224 0.128718 0.011729
11 2 0.128370 0.128718 0.011729
11 3 0.127297 0.128718 0.011729
11 4 0.129041 0.128718 0.011729
11 5 0.129712 0.128718 0.011729
11 6 0.131992 0.128718 0.011729
11 7 0.135748 0.128718 0.011729
11 8 0.136955 0.128718 0.011729
11 9 0.138565 0.128718 0.011729
11 10 0.142052 0.128718 0.011729
11 11 0.143260 0.128718 0.011729
11 12 0.141650 0.128718 0.011729
11 13 0.141784 0.128718 0.011729
11 14 0.139235 0.128718 0.011729
11 15 0.139504 0.128718 0.011729
11 16 0.137357 0.128718 0.011729
11 17 0.136687 0.128718 0.011729
11 18 0.131053 0.128718 0.011729
11 19 0.126492 0.128718 0.011729
11 20 0.119517 0.128718 0.011729
12 0 0.131053 0.128718 0.011729
12 1 0.132126 0.128718 0.011729
12 2 0.132126 0.128718 0.011729
12 3 0.134004 0.128718 0.011729
12 4 0.135211 0.128718 0.011729
12 5 0.134406 0.128718 0.011729
12 6 0.134809 0.128718 0.011729
12 7 0.136553 0.128718 0.011729
12 8 0.137089 0.128718 0.011729
12 9 0.139772 0.128718 0.011729
12 10 0.142186 0.128718 0.011729
12 11 0.143796 0.128718 0.011729
12 12 0.143528 0.128718 0.011729
12 13 0.143394 0.128718 0.011729
12 14 0.142991 0.128718 0.011729
12 15 0.141382 0.128718 0.011729
12 16 0.140309 0.128718 0.011729
12 17 0.137223 0.128718 0.011729
12 18 0.130114 0.128718 0.011729
12 19 0.123273 0.128718 0.011729
12 20 0.119383 0.128718 0.011729
13 0 0.134809 0.128718 0.011729
13 1 0.135345 0.128718 0.011729
13 2 0.136016 0.128718 0.011729
13 3 0.138431 0.128718 0.011729
13 4 0.137357 0.128718 0.011729
13 5 0.137760 0.128718 0.011729
13 6 0.137760 0.128718 0.011729
13 7 0.136016 0.128718 0.011729
13 8 0.137357 0.128718 0.011729
13 9 0.140845 0.128718 0.011729
13 10 0.140845 0.128718 0.011729
13 11 0.142723 0.128718 0.011729
13 12 0.144869 0.128718 0.011729
13 13 0.144467 0.128718 0.011729
13 14 0.141784 0.128718 0.011729
13 15 0.139906 0.128718 0.011729
13 16 0.138162 0.128718 0.011729
13 17 0.135077 0.128718 0.011729
13 18 0.126358 0.128718 0.011729
13 19 0.120590 0.128718 0.011729
13 20 0.112274 0.128718 0.011729
14 0 0.136150 0.128718 0.011729
14 1 0.138162 0.128718 0.011729
14 2 0.138565 0.128718 0.011729
14 3 0.139235 0.128718 0.011729
14 4 0.139504 0.128718 0.011729
14 5 0.138431 0.128718 0.011729
14 6 0.138296 0.128718 0.011729
14 7 0.136821 0.128718 0.011729
14 8 0.138296 0.128718 0.011729
14 9 0.141784 0.128718 0.011729
14 10 0.139906 0.128718 0.011729
14 11 0.142991 0.128718 0.011729
14 12 0.143394 0.128718 0.011729
14 13 0.142052 0.128718 0.011729
14 14 0.140174 0.128718 0.011729
14 15 0.135748 0.128718 0.011729
14 16 0.133870 0.128718 0.011729
14 17 0.128370 0.128718 0.011729
14 18 0.121932 0.128718 0.011729
14 19 0.114017 0.128718 0.011729
14 20 0.105164 0.128718 0.011729
15 0 0.136016 0.128718 0.011729
15 1 0.137492 0.128718 0.011729
15 2 0.139638 0.128718 0.011729
15 3 0.140309 0.128718 0.011729
15 4 0.138565 0.128718 0.011729
15 5 0.140174 0.128718 0.011729
15 6 0.140577 0.128718 0.011729
15 7 0.139235 0.128718 0.011729
15 8 0.138565 0.128718 0.011729
15 9 0.137894 0.128718 0.011729
15 10 0.140845 0.128718 0.011729
15 11 0.143260 0.128718 0.011729
15 12 0.143662 0.128718 0.011729
15 13 0.143662 0.128718 0.011729
15 14 0.137357 0.128718 0.011729
15 15 0.134809 0.128718 0.011729
15 16 0.130382 0.128718 0.011729
15 17 0.125017 0.128718 0.011729
15 18 0.116298 0.128718 0.011729
15 19 0.111469 0.128718 0.011729
15 20 0.103152 0.128718 0.011729
16 0 0.133199 0.128718 0.011729
16 1 0.136821 0.128718 0.011729
16 2 0.137492 0.128718 0.011729
16 3 0.137894 0.128718 0.011729
16 4 0.140845 0.128718 0.011729
16 5 0.141113 0.128718 0.011729
16 6 0.140309 0.128718 0.011729
16 7 0.138028 0.128718 0.011729
16 8 0.137894 0.128718 0.011729
16 9 0.139101 0.128718 0.011729
16 10 0.138967 0.128718 0.011729
16 11 0.139638 0.128718 0.011729
16 12 0.141382 0.128718 0.011729
16 13 0.138833 0.128718 0.011729
16 14 0.134675 0.128718 0.011729
16 15 0.132126 0.128718 0.011729
16 16 0.127163 0.128718 0.011729
16 17 0.120724 0.128718 0.011729
16 18 0.113078 0.128718 0.011729
16 19 0.103823 0.128718 0.011729
16 20 0.096043 0.128718 0.011729
17 0 0.131590 0.128718 0.011729
17 1 0.134541 0.128718 0.011729
17 2 0.135614 0.128718 0.011729
17 3 0.139638 0.128718 0.011729
17 4 0.142321 0.128718 0.011729
17 5 0.142723 0.128718 0.011729
17 6 0.140443 0.128718 0.011729
17 7 0.140040 0.128718 0.011729
17 8 0.139772 0.128718 0.011729
17 9 0.139370 0.128718 0.011729
17 10 0.137492 0.128718 0.011729
17 11 0.137626 0.128718 0.011729
17 12 0.138162 0.128718 0.011729
17 13 0.135748 0.128718 0.011729
17 14 0.130382 0.128718 0.011729
17 15 0.126224 0.128718 0.011729
17 16 0.123005 0.128718 0.011729
17 17 0.118712 0.128718 0.011729
17 18 0.105433 0.128718 0.011729
17 19 0.098457 0.128718 0.011729
17 20 0.090543 0.128718 0.011729
18 0 0.127968 0.128718 0.011729
18 1 0.131992 0.128718 0.011729
18 2 0.133333 0.128718 0.011729
18 3 0.137357 0.128718 0.011729
18 4 0.137760 0.128718 0.011729
18 5 0.138296 0.128718 0.011729
18 6 0.136553 0.128718 0.011729
18 7 0.136955 0.128718 0.011729
18 8 0.133736 0.128718 0.011729
18 9 0.133602 0.128718 0.011729
18 10 0.130919 0.128718 0.011729
18 11 0.130382 0.128718 0.011729
18 12 0.134541 0.128718 0.011729
18 13 0.129980 0.128718 0.011729
18 14 0.124078 0.128718 0.011729
18 15 0.123407 0.128718 0.011729
18 16 0.116968 0.128718 0.011729
18 17 0.112140 0.128718 0.011729
18 18 0.102213 0.128718 0.011729
18 19 0.093628 0.128718 0.011729
18 20 0.085714 0.128718 0.011729
19 0 0.124346 0.128718 0.011729
19 1 0.125822 0.128718 0.011729
19 2 0.130114 0.128718 0.011729
19 3 0.132260 0.128718 0.011729
19 4 0.133870 0.128718 0.011729
19 5 0.134004 0.128718 0.011729
19 6 0.130651 0.128718 0.011729
19 7 0.129443 0.128718 0.011729
19 8 0.125687 0.128718 0.011729
19 9 0.126492 0.128718 0.011729
19 10 0.126492 0.128718 0.011729
19 11 0.125017 0.128718 0.011729
19 12 0.126761 0.128718 0.011729
19 13 0.123675 0.128718 0.011729
19 14 0.119249 0.128718 0.011729
19 15 0.115225 0.128718 0.011729
19 16 0.107579 0.128718 0.011729
19 17 0.100469 0.128718 0.011729
19 18 0.095775 0.128718 0.011729
19 19 0.088263 0.128718 0.011729
19 20 0.080349 0.128718 0.011729
20 0 0.120993 0.128718 0.011729
20 1 0.123139 0.128718 0.011729
20 2 0.126224 0.128718 0.011729
20 3 0.129577 0.128718 0.011729
20 4 0.128370 0.128718 0.011729
20 5 0.127431 0.128718 0.011729
20 6 0.123810 0.128718 0.011729
20 7 0.123541 0.128718 0.011729
20 8 0.120456 0.128718 0.011729
20 9 0.121797 0.128718 0.011729
20 10 0.120858 0.128718 0.011729
20 11 0.119383 0.128718 0.011729
20 12 0.119383 0.128718 0.011729
20 13 0.117773 0.128718 0.011729
20 14 0.110798 0.128718 0.011729
20 15 0.106640 0.128718 0.011729
20 16 0.098726 0.128718 0.011729
20 17 0.093628 0.128718 0.011729
20 18 0.088531 0.128718 0.011729
20 19 0.082361 0.128718 0.011729
20 20 0.074581 0.128718 0.011729
