# contact distance = 24.0 Angstroms
# F = 0.4 kJ/mol

# i j contact_probability mean_contact_probability stddev_contact_probability
0 0 0.128297 0.122216 0.015469
0 1 0.129318 0.122216 0.015469
0 2 0.123532 0.122216 0.015469
0 3 0.119789 0.122216 0.015469
0 4 0.116556 0.122216 0.015469
0 5 0.110430 0.122216 0.015469
0 6 0.108048 0.122216 0.015469
0 7 0.107368 0.122216 0.015469
0 8 0.110090 0.122216 0.015469
0 9 0.110941 0.122216 0.015469
0 10 0.114004 0.122216 0.015469
0 11 0.117407 0.122216 0.015469
0 12 0.123192 0.122216 0.015469
0 13 0.122682 0.122216 0.015469
0 14 0.124894 0.122216 0.015469
0 15 0.123532 0.122216 0.015469
0 16 0.120129 0.122216 0.015469
0 17 0.119279 0.122216 0.015469
0 18 0.114855 0.122216 0.015469
0 19 0.115025 0.122216 0.015469
0 20 0.109750 0.122216 0.015469
1 0 0.128807 0.122216 0.015469
1 1 0.132040 0.122216 0.015469
1 2 0.127956 0.122216 0.015469
1 3 0.124043 0.122216 0.015469
1 4 0.116726 0.122216 0.015469
1 5 0.115535 0.122216 0.015469
1 6 0.111792 0.122216 0.015469
1 7 0.112983 0.122216 0.015469
1 8 0.112302 0.122216 0.015469
1 9 0.114004 0.122216 0.015469
1 10 0.118258 0.122216 0.015469
1 11 0.123362 0.122216 0.015469
1 12 0.124553 0.122216 0.015469
1 13 0.126595 0.122216 0.015469
1 14 0.124553 0.122216 0.015469
1 15 0.128977 0.122216 0.015469
1 16 0.126425 0.122216 0.015469
1 17 0.124894 0.122216 0.015469
1 18 0.120129 0.122216 0.015469
1 19 0.119449 0.122216 0.015469
1 20 0.113663 0.122216 0.015469
2 0 0.128467 0.122216 0.015469
2 1 0.128127 0.122216 0.015469
2 2 0.127956 0.122216 0.015469
2 3 0.126085 0.122216 0.015469
2 4 0.123703 0.122216 0.015469
2 5 0.119619 0.122216 0.015469
2 6 0.115705 0.122216 0.015469
2 7 0.115535 0.122216 0.015469
2 8 0.116386 0.122216 0.015469
2 9 0.116386 0.122216 0.015469
2 10 0.120299 0.122216 0.015469
2 11 0.123873 0.122216 0.015469
2 12 0.127446 0.122216 0.015469
2 13 0.125574 0.122216 0.015469
2 14 0.128807 0.122216 0.015469
2 15 0.131870 0.122216 0.015469
2 16 0.129148 0.122216 0.015469
2 17 0.126255 0.122216 0.015469
2 18 0.124723 0.122216 0.015469
2 19 0.125064 0.122216 0.015469
2 20 0.118428 0.122216 0.015469
3 0 0.127786 0.122216 0.015469
3 1 0.126765 0.122216 0.015469
3 2 0.129828 0.122216 0.015469
3 3 0.130509 0.122216 0.015469
3 4 0.128127 0.122216 0.015469
3 5 0.125404 0.122216 0.015469
3 6 0.120640 0.122216 0.015469
3 7 0.119279 0.122216 0.015469
3 8 0.118428 0.122216 0.015469
3 9 0.118087 0.122216 0.015469
3 10 0.123362 0.122216 0.015469
3 11 0.124553 0.122216 0.015469
3 12 0.127956 0.122216 0.015469
3 13 0.128807 0.122216 0.015469
3 14 0.131530 0.122216 0.015469
3 15 0.133742 0.122216 0.015469
3 16 0.131019 0.122216 0.015469
3 17 0.129828 0.122216 0.015469
3 18 0.126255 0.122216 0.015469
3 19 0.125915 0.122216 0.015469
3 20 0.120640 0.122216 0.015469
4 0 0.127106 0.122216 0.015469
4 1 0.128807 0.122216 0.015469
4 2 0.128977 0.122216 0.015469
4 3 0.129658 0.122216 0.015469
4 4 0.129828 0.122216 0.015469
4 5 0.127616 0.122216 0.015469
4 6 0.122341 0.122216 0.015469
4 7 0.122171 0.122216 0.015469
4 8 0.122001 0.122216 0.015469
4 9 0.124213 0.122216 0.015469
4 10 0.126936 0.122216 0.015469
4 11 0.128637 0.122216 0.015469
4 12 0.131530 0.122216 0.015469
4 13 0.131360 0.122216 0.015469
4 14 0.135443 0.122216 0.015469
4 15 0.136634 0.122216 0.015469
4 16 0.135613 0.122216 0.015469
4 17 0.133401 0.122216 0.015469
4 18 0.128297 0.122216 0.015469
4 19 0.128807 0.122216 0.015469
4 20 0.123192 0.122216 0.015469
5 0 0.123532 0.122216 0.015469
5 1 0.128977 0.122216 0.015469
5 2 0.129318 0.122216 0.015469
5 3 0.129658 0.122216 0.015469
5 4 0.130849 0.122216 0.015469
5 5 0.128467 0.122216 0.015469
5 6 0.124894 0.122216 0.015469
5 7 0.126936 0.122216 0.015469
5 8 0.126765 0.122216 0.015469
5 9 0.127106 0.122216 0.015469
5 10 0.130339 0.122216 0.015469
5 11 0.132210 0.122216 0.015469
5 12 0.132380 0.122216 0.015469
5 13 0.134252 0.122216 0.015469
5 14 0.135784 0.122216 0.015469
5 15 0.136464 0.122216 0.015469
5 16 0.134763 0.122216 0.015469
5 17 0.132551 0.122216 0.015469
5 18 0.130679 0.122216 0.015469
5 19 0.126425 0.122216 0.015469
5 20 0.121661 0.122216 0.015469
6 0 0.122511 0.122216 0.015469
6 1 0.126255 0.122216 0.015469
6 2 0.128637 0.122216 0.015469
6 3 0.131530 0.122216 0.015469
6 4 0.130679 0.122216 0.015469
6 5 0.128807 0.122216 0.015469
6 6 0.127956 0.122216 0.015469
6 7 0.128637 0.122216 0.015469
6 8 0.128297 0.122216 0.015469
6 9 0.129828 0.122216 0.015469
6 10 0.131530 0.122216 0.015469
6 11 0.132891 0.122216 0.015469
6 12 0.135103 0.122216 0.015469
6 13 0.135613 0.122216 0.015469
6 14 0.137825 0.122216 0.015469
6 15 0.138676 0.122216 0.015469
6 16 0.135784 0.122216 0.015469
6 17 0.136464 0.122216 0.015469
6 18 0.132040 0.122216 0.015469
6 19 0.129318 0.122216 0.015469
6 20 0.122171 0.122216 0.015469
7 0 0.118938 0.122216 0.015469
7 1 0.124043 0.122216 0.015469
7 2 0.125915 0.122216 0.015469
7 3 0.128807 0.122216 0.015469
7 4 0.129148 0.122216 0.015469
7 5 0.132040 0.122216 0.015469
7 6 0.129488 0.122216 0.015469
7 7 0.128637 0.122216 0.015469
7 8 0.129488 0.122216 0.015469
7 9 0.133231 0.122216 0.015469
7 10 0.134082 0.122216 0.015469
7 11 0.133742 0.122216 0.015469
7 12 0.135613 0.122216 0.015469
7 13 0.136294 0.122216 0.015469
7 14 0.137315 0.122216 0.015469
7 15 0.138676 0.122216 0.015469
7 16 0.136124 0.122216 0.015469
7 17 0.136294 0.122216 0.015469
7 18 0.133572 0.122216 0.015469
7 19 0.128637 0.122216 0.015469
7 20 0.120980 0.122216 0.015469
8 0 0.116896 0.122216 0.015469
8 1 0.121150 0.122216 0.015469
8 2 0.125234 0.122216 0.015469
8 3 0.129488 0.122216 0.015469
8 4 0.131530 0.122216 0.015469
8 5 0.130679 0.122216 0.015469
8 6 0.129998 0.122216 0.015469
8 7 0.133401 0.122216 0.015469
8 8 0.131189 0.122216 0.015469
8 9 0.133061 0.122216 0.015469
8 10 0.133912 0.122216 0.015469
8 11 0.136294 0.122216 0.015469
8 12 0.136804 0.122216 0.015469
8 13 0.138846 0.122216 0.015469
8 14 0.139697 0.122216 0.015469
8 15 0.137996 0.122216 0.015469
8 16 0.136804 0.122216 0.015469
8 17 0.133572 0.122216 0.015469
8 18 0.130339 0.122216 0.015469
8 19 0.127956 0.122216 0.015469
8 20 0.121150 0.122216 0.015469
9 0 0.115195 0.122216 0.015469
9 1 0.120470 0.122216 0.015469
9 2 0.126425 0.122216 0.015469
9 3 0.126425 0.122216 0.015469
9 4 0.130679 0.122216 0.015469
9 5 0.130509 0.122216 0.015469
9 6 0.132210 0.122216 0.015469
9 7 0.133742 0.122216 0.015469
9 8 0.134082 0.122216 0.015469
9 9 0.133742 0.122216 0.015469
9 10 0.137655 0.122216 0.015469
9 11 0.137485 0.122216 0.015469
9 12 0.137655 0.122216 0.015469
9 13 0.137315 0.122216 0.015469
9 14 0.139187 0.122216 0.015469
9 15 0.134422 0.122216 0.015469
9 16 0.132891 0.122216 0.015469
9 17 0.131189 0.122216 0.015469
9 18 0.127446 0.122216 0.015469
9 19 0.124213 0.122216 0.015469
9 20 0.117577 0.122216 0.015469
10 0 0.119619 0.122216 0.015469
10 1 0.125064 0.122216 0.015469
10 2 0.126595 0.122216 0.015469
10 3 0.127786 0.122216 0.015469
10 4 0.131700 0.122216 0.015469
10 5 0.134252 0.122216 0.015469
10 6 0.133401 0.122216 0.015469
10 7 0.133572 0.122216 0.015469
10 8 0.133742 0.122216 0.015469
10 9 0.138676 0.122216 0.015469
10 10 0.137485 0.122216 0.015469
10 11 0.137825 0.122216 0.015469
10 12 0.137825 0.122216 0.015469
10 13 0.137825 0.122216 0.015469
10 14 0.137315 0.122216 0.015469
10 15 0.133401 0.122216 0.015469
10 16 0.129488 0.122216 0.015469
10 17 0.127106 0.122216 0.015469
10 18 0.122171 0.122216 0.015469
10 19 0.121831 0.122216 0.015469
10 20 0.112983 0.122216 0.015469
11 0 0.118428 0.122216 0.015469
11 1 0.123532 0.122216 0.015469
11 2 0.126425 0.122216 0.015469
11 3 0.127616 0.122216 0.015469
11 4 0.132891 0.122216 0.015469
11 5 0.134763 0.122216 0.015469
11 6 0.130849 0.122216 0.015469
11 7 0.133231 0.122216 0.015469
11 8 0.136975 0.122216 0.015469
11 9 0.137996 0.122216 0.015469
11 10 0.133912 0.122216 0.015469
11 11 0.134763 0.122216 0.015469
11 12 0.133912 0.122216 0.015469
11 13 0.135103 0.122216 0.015469
11 14 0.135273 0.122216 0.015469
11 15 0.129998 0.122216 0.015469
11 16 0.126085 0.122216 0.015469
11 17 0.125574 0.122216 0.015469
11 18 0.120980 0.122216 0.015469
11 19 0.116556 0.122216 0.015469
11 20 0.111451 0.122216 0.015469
12 0 0.123873 0.122216 0.015469
12 1 0.125574 0.122216 0.015469
12 2 0.126085 0.122216 0.015469
12 3 0.129998 0.122216 0.015469
12 4 0.133231 0.122216 0.015469
12 5 0.135784 0.122216 0.015469
12 6 0.137825 0.122216 0.015469
12 7 0.135273 0.122216 0.015469
12 8 0.134933 0.122216 0.015469
12 9 0.135103 0.122216 0.015469
12 10 0.133061 0.122216 0.015469
12 11 0.133912 0.122216 0.015469
12 12 0.134422 0.122216 0.015469
12 13 0.130509 0.122216 0.015469
12 14 0.131189 0.122216 0.015469
12 15 0.127106 0.122216 0.015469
12 16 0.121491 0.122216 0.015469
12 17 0.120640 0.122216 0.015469
12 18 0.116556 0.122216 0.015469
12 19 0.108389 0.122216 0.015469
12 20 0.106006 0.122216 0.015469
13 0 0.122001 0.122216 0.015469
13 1 0.123022 0.122216 0.015469
13 2 0.126255 0.122216 0.015469
13 3 0.131700 0.122216 0.015469
13 4 0.131870 0.122216 0.015469
13 5 0.136975 0.122216 0.015469
13 6 0.137655 0.122216 0.015469
13 7 0.135954 0.122216 0.015469
13 8 0.133572 0.122216 0.015469
13 9 0.132551 0.122216 0.015469
13 10 0.130339 0.122216 0.015469
13 11 0.132040 0.122216 0.015469
13 12 0.127446 0.122216 0.015469
13 13 0.126255 0.122216 0.015469
13 14 0.125064 0.122216 0.015469
13 15 0.122171 0.122216 0.015469
13 16 0.117407 0.122216 0.015469
13 17 0.115025 0.122216 0.015469
13 18 0.108389 0.122216 0.015469
13 19 0.102603 0.122216 0.015469
13 20 0.094096 0.122216 0.015469
14 0 0.119789 0.122216 0.015469
14 1 0.126765 0.122216 0.015469
14 2 0.128637 0.122216 0.015469
14 3 0.134082 0.122216 0.015469
14 4 0.134422 0.122216 0.015469
14 5 0.136294 0.122216 0.015469
14 6 0.135103 0.122216 0.015469
14 7 0.134252 0.122216 0.015469
14 8 0.132210 0.122216 0.015469
14 9 0.132040 0.122216 0.015469
14 10 0.132380 0.122216 0.015469
14 11 0.129828 0.122216 0.015469
14 12 0.125915 0.122216 0.015469
14 13 0.123873 0.122216 0.015469
14 14 0.121150 0.122216 0.015469
14 15 0.116726 0.122216 0.015469
14 16 0.112302 0.122216 0.015469
14 17 0.109580 0.122216 0.015469
14 18 0.099881 0.122216 0.015469
14 19 0.093415 0.122216 0.015469
14 20 0.088140 0.122216 0.015469
15 0 0.119619 0.122216 0.015469
15 1 0.126936 0.122216 0.015469
15 2 0.129148 0.122216 0.015469
15 3 0.134252 0.122216 0.015469
15 4 0.136464 0.122216 0.015469
15 5 0.135613 0.122216 0.015469
15 6 0.134252 0.122216 0.015469
15 7 0.132721 0.122216 0.015469
15 8 0.130679 0.122216 0.015469
15 9 0.128467 0.122216 0.015469
15 10 0.128127 0.122216 0.015469
15 11 0.127276 0.122216 0.015469
15 12 0.123873 0.122216 0.015469
15 13 0.122171 0.122216 0.015469
15 14 0.116896 0.122216 0.015469
15 15 0.111111 0.122216 0.015469
15 16 0.102433 0.122216 0.015469
15 17 0.098179 0.122216 0.015469
15 18 0.093075 0.122216 0.015469
15 19 0.085077 0.122216 0.015469
15 20 0.082015 0.122216 0.015469
16 0 0.123022 0.122216 0.015469
16 1 0.127956 0.122216 0.015469
16 2 0.131870 0.122216 0.015469
16 3 0.134082 0.122216 0.015469
16 4 0.134252 0.122216 0.015469
16 5 0.134933 0.122216 0.015469
16 6 0.131360 0.122216 0.015469
16 7 0.130849 0.122216 0.015469
16 8 0.128127 0.122216 0.015469
16 9 0.124894 0.122216 0.015469
16 10 0.124723 0.122216 0.015469
16 11 0.124383 0.122216 0.015469
16 12 0.121661 0.122216 0.015469
16 13 0.115875 0.122216 0.015469
16 14 0.112983 0.122216 0.015469
16 15 0.103794 0.122216 0.015469
16 16 0.099030 0.122216 0.015469
16 17 0.092394 0.122216 0.015469
16 18 0.085418 0.122216 0.015469
16 19 0.080483 0.122216 0.015469
16 20 0.071975 0.122216 0.015469
17 0 0.122341 0.122216 0.015469
17 1 0.129998 0.122216 0.015469
17 2 0.132210 0.122216 0.015469
17 3 0.133401 0.122216 0.015469
17 4 0.132721 0.122216 0.015469
17 5 0.133231 0.122216 0.015469
17 6 0.130509 0.122216 0.015469
17 7 0.129318 0.122216 0.015469
17 8 0.123362 0.122216 0.015469
17 9 0.122511 0.122216 0.015469
17 10 0.122001 0.122216 0.015469
17 11 0.118938 0.122216 0.015469
17 12 0.116046 0.122216 0.015469
17 13 0.110601 0.122216 0.015469
17 14 0.107198 0.122216 0.015469
17 15 0.101072 0.122216 0.015469
17 16 0.091884 0.122216 0.015469
17 17 0.086269 0.122216 0.015469
17 18 0.081844 0.122216 0.015469
17 19 0.071295 0.122216 0.015469
17 20 0.067551 0.122216 0.015469
18 0 0.121150 0.122216 0.015469
18 1 0.128467 0.122216 0.015469
18 2 0.132551 0.122216 0.015469
18 3 0.133742 0.122216 0.015469
18 4 0.133401 0.122216 0.015469
18 5 0.133401 0.122216 0.015469
18 6 0.130339 0.122216 0.015469
18 7 0.126425 0.122216 0.015469
18 8 0.122852 0.122216 0.015469
18 9 0.119279 0.122216 0.015469
18 10 0.118768 0.122216 0.015469
18 11 0.115195 0.122216 0.015469
18 12 0.112643 0.122216 0.015469
18 13 0.108218 0.122216 0.015469
18 14 0.104986 0.122216 0.015469
18 15 0.093925 0.122216 0.015469
18 16 0.086779 0.122216 0.015469
18 17 0.080994 0.122216 0.015469
18 18 0.076570 0.122216 0.015469
18 19 0.067211 0.122216 0.015469
18 20 0.063468 0.122216 0.015469
19 0 0.117917 0.122216 0.015469
19 1 0.124043 0.122216 0.015469
19 2 0.125744 0.122216 0.015469
19 3 0.128977 0.122216 0.015469
19 4 0.130509 0.122216 0.015469
19 5 0.128127 0.122216 0.015469
19 6 0.124553 0.122216 0.015469
19 7 0.121320 0.122216 0.015469
19 8 0.116726 0.122216 0.015469
19 9 0.114174 0.122216 0.015469
19 10 0.111962 0.122216 0.015469
19 11 0.108218 0.122216 0.015469
19 12 0.106687 0.122216 0.015469
19 13 0.101242 0.122216 0.015469
19 14 0.098179 0.122216 0.015469
19 15 0.090352 0.122216 0.015469
19 16 0.080483 0.122216 0.015469
19 17 0.075208 0.122216 0.015469
19 18 0.069763 0.122216 0.015469
19 19 0.062277 0.122216 0.015469
19 20 0.059895 0.122216 0.015469
20 0 0.115705 0.122216 0.015469
20 1 0.118598 0.122216 0.015469
20 2 0.123192 0.122216 0.015469
20 3 0.124213 0.122216 0.015469
20 4 0.124043 0.122216 0.015469
20 5 0.124894 0.122216 0.015469
20 6 0.119449 0.122216 0.015469
20 7 0.118768 0.122216 0.015469
20 8 0.115875 0.122216 0.015469
20 9 0.109239 0.122216 0.015469
20 10 0.109410 0.122216 0.015469
20 11 0.103284 0.122216 0.015469
20 12 0.099881 0.122216 0.015469
20 13 0.092394 0.122216 0.015469
20 14 0.087970 0.122216 0.015469
20 15 0.079462 0.122216 0.015469
20 16 0.077761 0.122216 0.015469
20 17 0.072316 0.122216 0.015469
20 18 0.065169 0.122216 0.015469
20 19 0.060405 0.122216 0.015469
20 20 0.056662 0.122216 0.015469
