# contact distance = 24.0 Angstroms
# F = 0.4 kJ/mol

# i j contact_probability mean_contact_probability stddev_contact_probability
0 0 0.174962 0.172281 0.016681
0 1 0.175800 0.172281 0.016681
0 2 0.175800 0.172281 0.016681
0 3 0.172448 0.172281 0.016681
0 4 0.167421 0.172281 0.016681
0 5 0.161388 0.172281 0.016681
0 6 0.164404 0.172281 0.016681
0 7 0.158539 0.172281 0.016681
0 8 0.157868 0.172281 0.016681
0 9 0.156528 0.172281 0.016681
0 10 0.151668 0.172281 0.016681
0 11 0.151332 0.172281 0.016681
0 12 0.147813 0.172281 0.016681
0 13 0.143456 0.172281 0.016681
0 14 0.138763 0.172281 0.016681
0 15 0.136249 0.172281 0.016681
0 16 0.130719 0.172281 0.016681
0 17 0.129546 0.172281 0.016681
0 18 0.129043 0.172281 0.016681
0 19 0.123010 0.172281 0.016681
0 20 0.116809 0.172281 0.016681
1 0 0.174962 0.172281 0.016681
1 1 0.177309 0.172281 0.016681
1 2 0.177644 0.172281 0.016681
1 3 0.178146 0.172281 0.016681
1 4 0.175465 0.172281 0.016681
1 5 0.168929 0.172281 0.016681
1 6 0.168762 0.172281 0.016681
1 7 0.166080 0.172281 0.016681
1 8 0.166583 0.172281 0.016681
1 9 0.164907 0.172281 0.016681
1 10 0.167086 0.172281 0.016681
1 11 0.162393 0.172281 0.016681
1 12 0.156192 0.172281 0.016681
1 13 0.152003 0.172281 0.016681
1 14 0.147981 0.172281 0.016681
1 15 0.146305 0.172281 0.016681
1 16 0.143456 0.172281 0.016681
1 17 0.136752 0.172281 0.016681
1 18 0.135747 0.172281 0.016681
1 19 0.131557 0.172281 0.016681
1 20 0.122340 0.172281 0.016681
2 0 0.172616 0.172281 0.016681
2 1 0.176303 0.172281 0.016681
2 2 0.178984 0.172281 0.016681
2 3 0.177141 0.172281 0.016681
2 4 0.175465 0.172281 0.016681
2 5 0.176471 0.172281 0.016681
2 6 0.174124 0.172281 0.016681
2 7 0.171946 0.172281 0.016681
2 8 0.174292 0.172281 0.016681
2 9 0.172281 0.172281 0.016681
2 10 0.172281 0.172281 0.016681
2 11 0.171443 0.172281 0.016681
2 12 0.167086 0.172281 0.016681
2 13 0.164404 0.172281 0.016681
2 14 0.159879 0.172281 0.016681
2 15 0.156025 0.172281 0.016681
2 16 0.150159 0.172281 0.016681
2 17 0.148316 0.172281 0.016681
2 18 0.141612 0.172281 0.016681
2 19 0.134573 0.172281 0.016681
2 20 0.126697 0.172281 0.016681
3 0 0.168426 0.172281 0.016681
3 1 0.176135 0.172281 0.016681
3 2 0.177644 0.172281 0.016681
3 3 0.179990 0.172281 0.016681
3 4 0.180325 0.172281 0.016681
3 5 0.176471 0.172281 0.016681
3 6 0.178482 0.172281 0.016681
3 7 0.176471 0.172281 0.016681
3 8 0.177979 0.172281 0.016681
3 9 0.173957 0.172281 0.016681
3 10 0.175297 0.172281 0.016681
3 11 0.175465 0.172281 0.016681
3 12 0.172281 0.172281 0.016681
3 13 0.171443 0.172281 0.016681
3 14 0.169264 0.172281 0.016681
3 15 0.165577 0.172281 0.016681
3 16 0.160550 0.172281 0.016681
3 17 0.157030 0.172281 0.016681
3 18 0.150327 0.172281 0.016681
3 19 0.140607 0.172281 0.016681
3 20 0.130887 0.172281 0.016681
4 0 0.164907 0.172281 0.016681
4 1 0.171778 0.172281 0.016681
4 2 0.177811 0.172281 0.016681
4 3 0.179822 0.172281 0.016681
4 4 0.178984 0.172281 0.016681
4 5 0.179487 0.172281 0.016681
4 6 0.182169 0.172281 0.016681
4 7 0.181498 0.172281 0.016681
4 8 0.182001 0.172281 0.016681
4 9 0.180995 0.172281 0.016681
4 10 0.178649 0.172281 0.016681
4 11 0.178984 0.172281 0.016681
4 12 0.180493 0.172281 0.016681
4 13 0.177979 0.172281 0.016681
4 14 0.175800 0.172281 0.016681
4 15 0.173957 0.172281 0.016681
4 16 0.168594 0.172281 0.016681
4 17 0.165577 0.172281 0.016681
4 18 0.154014 0.172281 0.016681
4 19 0.146640 0.172281 0.016681
4 20 0.139936 0.172281 0.016681
5 0 0.162058 0.172281 0.016681
5 1 0.171778 0.172281 0.016681
5 2 0.178649 0.172281 0.016681
5 3 0.180493 0.172281 0.016681
5 4 0.181163 0.172281 0.016681
5 5 0.183342 0.172281 0.016681
5 6 0.180995 0.172281 0.016681
5 7 0.181833 0.172281 0.016681
5 8 0.183844 0.172281 0.016681
5 9 0.182671 0.172281 0.016681
5 10 0.181498 0.172281 0.016681
5 11 0.181666 0.172281 0.016681
5 12 0.181666 0.172281 0.016681
5 13 0.181163 0.172281 0.016681
5 14 0.180493 0.172281 0.016681
5 15 0.177476 0.172281 0.016681
5 16 0.172616 0.172281 0.016681
5 17 0.167421 0.172281 0.016681
5 18 0.159712 0.172281 0.016681
5 19 0.151668 0.172281 0.016681
5 20 0.143456 0.172281 0.016681
6 0 0.161388 0.172281 0.016681
6 1 0.170437 0.172281 0.016681
6 2 0.179320 0.172281 0.016681
6 3 0.183007 0.172281 0.016681
6 4 0.184347 0.172281 0.016681
6 5 0.183342 0.172281 0.016681
6 6 0.182671 0.172281 0.016681
6 7 0.183007 0.172281 0.016681
6 8 0.184850 0.172281 0.016681
6 9 0.183509 0.172281 0.016681
6 10 0.185688 0.172281 0.016681
6 11 0.184850 0.172281 0.016681
6 12 0.184347 0.172281 0.016681
6 13 0.187867 0.172281 0.016681
6 14 0.186191 0.172281 0.016681
6 15 0.182504 0.172281 0.016681
6 16 0.176303 0.172281 0.016681
6 17 0.175800 0.172281 0.016681
6 18 0.167086 0.172281 0.016681
6 19 0.161723 0.172281 0.016681
6 20 0.149154 0.172281 0.016681
7 0 0.160550 0.172281 0.016681
7 1 0.172281 0.172281 0.016681
7 2 0.177811 0.172281 0.016681
7 3 0.182504 0.172281 0.016681
7 4 0.185018 0.172281 0.016681
7 5 0.182671 0.172281 0.016681
7 6 0.185688 0.172281 0.016681
7 7 0.186191 0.172281 0.016681
7 8 0.187364 0.172281 0.016681
7 9 0.188034 0.172281 0.016681
7 10 0.188872 0.172281 0.016681
7 11 0.187531 0.172281 0.016681
7 12 0.187029 0.172281 0.016681
7 13 0.187029 0.172281 0.016681
7 14 0.186191 0.172281 0.016681
7 15 0.184012 0.172281 0.016681
7 16 0.179990 0.172281 0.016681
7 17 0.176638 0.172281 0.016681
7 18 0.172616 0.172281 0.016681
7 19 0.165242 0.172281 0.016681
7 20 0.155354 0.172281 0.016681
8 0 0.161555 0.172281 0.016681
8 1 0.168091 0.172281 0.016681
8 2 0.175130 0.172281 0.016681
8 3 0.180325 0.172281 0.016681
8 4 0.183844 0.172281 0.016681
8 5 0.185688 0.172281 0.016681
8 6 0.188034 0.172281 0.016681
8 7 0.188537 0.172281 0.016681
8 8 0.190883 0.172281 0.016681
8 9 0.189710 0.172281 0.016681
8 10 0.191386 0.172281 0.016681
8 11 0.190380 0.172281 0.016681
8 12 0.187531 0.172281 0.016681
8 13 0.187029 0.172281 0.016681
8 14 0.186861 0.172281 0.016681
8 15 0.185520 0.172281 0.016681
8 16 0.182336 0.172281 0.016681
8 17 0.182839 0.172281 0.016681
8 18 0.177644 0.172281 0.016681
8 19 0.165745 0.172281 0.016681
8 20 0.158371 0.172281 0.016681
9 0 0.161388 0.172281 0.016681
9 1 0.166248 0.172281 0.016681
9 2 0.175297 0.172281 0.016681
9 3 0.180325 0.172281 0.016681
9 4 0.184347 0.172281 0.016681
9 5 0.185185 0.172281 0.016681
9 6 0.189040 0.172281 0.016681
9 7 0.190380 0.172281 0.016681
9 8 0.192224 0.172281 0.016681
9 9 0.194905 0.172281 0.016681
9 10 0.194905 0.172281 0.016681
9 11 0.192391 0.172281 0.016681
9 12 0.186191 0.172281 0.016681
9 13 0.187699 0.172281 0.016681
9 14 0.188369 0.172281 0.016681
9 15 0.188705 0.172281 0.016681
9 16 0.184515 0.172281 0.016681
9 17 0.184347 0.172281 0.016681
9 18 0.177811 0.172281 0.016681
9 19 0.170270 0.172281 0.016681
9 20 0.159712 0.172281 0.016681
10 0 0.157868 0.172281 0.016681
10 1 0.166080 0.172281 0.016681
10 2 0.170940 0.172281 0.016681
10 3 0.181163 0.172281 0.016681
10 4 0.183007 0.172281 0.016681
10 5 0.187196 0.172281 0.016681
10 6 0.191051 0.172281 0.016681
10 7 0.188872 0.172281 0.016681
10 8 0.191051 0.172281 0.016681
10 9 0.197587 0.172281 0.016681
10 10 0.197587 0.172281 0.016681
10 11 0.194738 0.172281 0.016681
10 12 0.188369 0.172281 0.016681
10 13 0.188034 0.172281 0.016681
10 14 0.189375 0.172281 0.016681
10 15 0.190380 0.172281 0.016681
10 16 0.190213 0.172281 0.016681
10 17 0.188034 0.172281 0.016681
10 18 0.178482 0.172281 0.016681
10 19 0.172951 0.172281 0.016681
10 20 0.164069 0.172281 0.016681
11 0 0.151668 0.172281 0.016681
11 1 0.161220 0.172281 0.016681
11 2 0.166583 0.172281 0.016681
11 3 0.174795 0.172281 0.016681
11 4 0.178817 0.172281 0.016681
11 5 0.184682 0.172281 0.016681
11 6 0.186191 0.172281 0.016681
11 7 0.190045 0.172281 0.016681
11 8 0.189710 0.172281 0.016681
11 9 0.192224 0.172281 0.016681
11 10 0.192559 0.172281 0.016681
11 11 0.190380 0.172281 0.016681
11 12 0.190045 0.172281 0.016681
11 13 0.188537 0.172281 0.016681
11 14 0.188202 0.172281 0.016681
11 15 0.188369 0.172281 0.016681
11 16 0.188034 0.172281 0.016681
11 17 0.186861 0.172281 0.016681
11 18 0.181498 0.172281 0.016681
11 19 0.173454 0.172281 0.016681
11 20 0.164907 0.172281 0.016681
12 0 0.147645 0.172281 0.016681
12 1 0.160215 0.172281 0.016681
12 2 0.164739 0.172281 0.016681
12 3 0.171611 0.172281 0.016681
12 4 0.178146 0.172281 0.016681
12 5 0.182839 0.172281 0.016681
12 6 0.185018 0.172281 0.016681
12 7 0.188537 0.172281 0.016681
12 8 0.188537 0.172281 0.016681
12 9 0.190045 0.172281 0.016681
12 10 0.192727 0.172281 0.016681
12 11 0.189040 0.172281 0.016681
12 12 0.187364 0.172281 0.016681
12 13 0.189207 0.172281 0.016681
12 14 0.186526 0.172281 0.016681
12 15 0.187867 0.172281 0.016681
12 16 0.186861 0.172281 0.016681
12 17 0.186358 0.172281 0.016681
12 18 0.180660 0.172281 0.016681
12 19 0.174962 0.172281 0.016681
12 20 0.169097 0.172281 0.016681
13 0 0.146807 0.172281 0.016681
13 1 0.158036 0.172281 0.016681
13 2 0.163734 0.172281 0.016681
13 3 0.171108 0.172281 0.016681
13 4 0.176806 0.172281 0.016681
13 5 0.178482 0.172281 0.016681
13 6 0.183677 0.172281 0.016681
13 7 0.186693 0.172281 0.016681
13 8 0.186023 0.172281 0.016681
13 9 0.190045 0.172281 0.016681
13 10 0.190716 0.172281 0.016681
13 11 0.191218 0.172281 0.016681
13 12 0.190548 0.172281 0.016681
13 13 0.190883 0.172281 0.016681
13 14 0.189040 0.172281 0.016681
13 15 0.188872 0.172281 0.016681
13 16 0.185353 0.172281 0.016681
13 17 0.185688 0.172281 0.016681
13 18 0.181163 0.172281 0.016681
13 19 0.172951 0.172281 0.016681
13 20 0.164069 0.172281 0.016681
14 0 0.144796 0.172281 0.016681
14 1 0.154684 0.172281 0.016681
14 2 0.159879 0.172281 0.016681
14 3 0.166583 0.172281 0.016681
14 4 0.171108 0.172281 0.016681
14 5 0.176471 0.172281 0.016681
14 6 0.179990 0.172281 0.016681
14 7 0.183342 0.172281 0.016681
14 8 0.183007 0.172281 0.016681
14 9 0.190045 0.172281 0.016681
14 10 0.191051 0.172281 0.016681
14 11 0.190716 0.172281 0.016681
14 12 0.190716 0.172281 0.016681
14 13 0.191051 0.172281 0.016681
14 14 0.189040 0.172281 0.016681
14 15 0.188705 0.172281 0.016681
14 16 0.184012 0.172281 0.016681
14 17 0.186191 0.172281 0.016681
14 18 0.177309 0.172281 0.016681
14 19 0.173622 0.172281 0.016681
14 20 0.162226 0.172281 0.016681
15 0 0.140271 0.172281 0.016681
15 1 0.147813 0.172281 0.016681
15 2 0.157533 0.172281 0.016681
15 3 0.162226 0.172281 0.016681
15 4 0.169097 0.172281 0.016681
15 5 0.173119 0.172281 0.016681
15 6 0.179320 0.172281 0.016681
15 7 0.186861 0.172281 0.016681
15 8 0.185688 0.172281 0.016681
15 9 0.188034 0.172281 0.016681
15 10 0.189878 0.172281 0.016681
15 11 0.192559 0.172281 0.016681
15 12 0.191721 0.172281 0.016681
15 13 0.191889 0.172281 0.016681
15 14 0.188537 0.172281 0.016681
15 15 0.189542 0.172281 0.016681
15 16 0.186191 0.172281 0.016681
15 17 0.187196 0.172281 0.016681
15 18 0.178314 0.172281 0.016681
15 19 0.172616 0.172281 0.016681
15 20 0.161890 0.172281 0.016681
16 0 0.135747 0.172281 0.016681
16 1 0.146305 0.172281 0.016681
16 2 0.151332 0.172281 0.016681
16 3 0.158371 0.172281 0.016681
16 4 0.164069 0.172281 0.016681
16 5 0.169097 0.172281 0.016681
16 6 0.174124 0.172281 0.016681
16 7 0.181498 0.172281 0.016681
16 8 0.186023 0.172281 0.016681
16 9 0.189542 0.172281 0.016681
16 10 0.190045 0.172281 0.016681
16 11 0.190380 0.172281 0.016681
16 12 0.188872 0.172281 0.016681
16 13 0.187531 0.172281 0.016681
16 14 0.186526 0.172281 0.016681
16 15 0.188369 0.172281 0.016681
16 16 0.187699 0.172281 0.016681
16 17 0.182001 0.172281 0.016681
16 18 0.174460 0.172281 0.016681
16 19 0.170102 0.172281 0.016681
16 20 0.160885 0.172281 0.016681
17 0 0.132395 0.172281 0.016681
17 1 0.142450 0.172281 0.016681
17 2 0.149489 0.172281 0.016681
17 3 0.156863 0.172281 0.016681
17 4 0.162896 0.172281 0.016681
17 5 0.169264 0.172281 0.016681
17 6 0.174124 0.172281 0.016681
17 7 0.180995 0.172281 0.016681
17 8 0.185018 0.172281 0.016681
17 9 0.190716 0.172281 0.016681
17 10 0.188537 0.172281 0.016681
17 11 0.188202 0.172281 0.016681
17 12 0.188705 0.172281 0.016681
17 13 0.187196 0.172281 0.016681
17 14 0.187699 0.172281 0.016681
17 15 0.188369 0.172281 0.016681
17 16 0.183677 0.172281 0.016681
17 17 0.179487 0.172281 0.016681
17 18 0.174627 0.172281 0.016681
17 19 0.167924 0.172281 0.016681
17 20 0.159209 0.172281 0.016681
18 0 0.129713 0.172281 0.016681
18 1 0.135914 0.172281 0.016681
18 2 0.145969 0.172281 0.016681
18 3 0.153176 0.172281 0.016681
18 4 0.157366 0.172281 0.016681
18 5 0.163064 0.172281 0.016681
18 6 0.171108 0.172281 0.016681
18 7 0.174795 0.172281 0.016681
18 8 0.180158 0.172281 0.016681
18 9 0.183677 0.172281 0.016681
18 10 0.185018 0.172281 0.016681
18 11 0.185353 0.172281 0.016681
18 12 0.183844 0.172281 0.016681
18 13 0.186526 0.172281 0.016681
18 14 0.184012 0.172281 0.016681
18 15 0.182001 0.172281 0.016681
18 16 0.177141 0.172281 0.016681
18 17 0.176471 0.172281 0.016681
18 18 0.170437 0.172281 0.016681
18 19 0.161723 0.172281 0.016681
18 20 0.145299 0.172281 0.016681
19 0 0.122172 0.172281 0.016681
19 1 0.131557 0.172281 0.016681
19 2 0.140104 0.172281 0.016681
19 3 0.148819 0.172281 0.016681
19 4 0.154852 0.172281 0.016681
19 5 0.154684 0.172281 0.016681
19 6 0.158036 0.172281 0.016681
19 7 0.166415 0.172281 0.016681
19 8 0.172784 0.172281 0.016681
19 9 0.173286 0.172281 0.016681
19 10 0.176806 0.172281 0.016681
19 11 0.176135 0.172281 0.016681
19 12 0.178146 0.172281 0.016681
19 13 0.177309 0.172281 0.016681
19 14 0.172616 0.172281 0.016681
19 15 0.171946 0.172281 0.016681
19 16 0.168762 0.172281 0.016681
19 17 0.169599 0.172281 0.016681
19 18 0.160717 0.172281 0.016681
19 19 0.153176 0.172281 0.016681
19 20 0.143958 0.172281 0.016681
20 0 0.116642 0.172281 0.016681
20 1 0.123848 0.172281 0.016681
20 2 0.133736 0.172281 0.016681
20 3 0.138596 0.172281 0.016681
20 4 0.146807 0.172281 0.016681
20 5 0.147478 0.172281 0.016681
20 6 0.150327 0.172281 0.016681
20 7 0.156025 0.172281 0.016681
20 8 0.159544 0.172281 0.016681
20 9 0.166918 0.172281 0.016681
20 10 0.167588 0.172281 0.016681
20 11 0.166750 0.172281 0.016681
20 12 0.167756 0.172281 0.016681
20 13 0.168091 0.172281 0.016681
20 14 0.165745 0.172281 0.016681
20 15 0.163734 0.172281 0.016681
20 16 0.157030 0.172281 0.016681
20 17 0.155857 0.172281 0.016681
20 18 0.151165 0.172281 0.016681
20 19 0.144126 0.172281 0.016681
20 20 0.137590 0.172281 0.016681
