# contact distance = 24.0 Angstroms
# F = 0.4 kJ/mol

# i j contact_probability mean_contact_probability stddev_contact_probability
0 0 0.174870 0.181414 0.016473
0 1 0.177249 0.181414 0.016473
0 2 0.176506 0.181414 0.016473
0 3 0.174870 0.181414 0.016473
0 4 0.167435 0.181414 0.016473
0 5 0.169071 0.181414 0.016473
0 6 0.166394 0.181414 0.016473
0 7 0.166394 0.181414 0.016473
0 8 0.164164 0.181414 0.016473
0 9 0.162528 0.181414 0.016473
0 10 0.162528 0.181414 0.016473
0 11 0.162082 0.181414 0.016473
0 12 0.159554 0.181414 0.016473
0 13 0.157918 0.181414 0.016473
0 14 0.157472 0.181414 0.016473
0 15 0.150929 0.181414 0.016473
0 16 0.151673 0.181414 0.016473
0 17 0.143643 0.181414 0.016473
0 18 0.140818 0.181414 0.016473
0 19 0.134572 0.181414 0.016473
0 20 0.126097 0.181414 0.016473
1 0 0.172342 0.181414 0.016473
1 1 0.179331 0.181414 0.016473
1 2 0.177993 0.181414 0.016473
1 3 0.177546 0.181414 0.016473
1 4 0.174572 0.181414 0.016473
1 5 0.174275 0.181414 0.016473
1 6 0.172193 0.181414 0.016473
1 7 0.172342 0.181414 0.016473
1 8 0.172639 0.181414 0.016473
1 9 0.166989 0.181414 0.016473
1 10 0.168030 0.181414 0.016473
1 11 0.168476 0.181414 0.016473
1 12 0.167138 0.181414 0.016473
1 13 0.165502 0.181414 0.016473
1 14 0.164758 0.181414 0.016473
1 15 0.160149 0.181414 0.016473
1 16 0.154647 0.181414 0.016473
1 17 0.149591 0.181414 0.016473
1 18 0.142602 0.181414 0.016473
1 19 0.138141 0.181414 0.016473
1 20 0.131004 0.181414 0.016473
2 0 0.176208 0.181414 0.016473
2 1 0.182751 0.181414 0.016473
2 2 0.181115 0.181414 0.016473
2 3 0.180669 0.181414 0.016473
2 4 0.179480 0.181414 0.016473
2 5 0.178290 0.181414 0.016473
2 6 0.177398 0.181414 0.016473
2 7 0.177546 0.181414 0.016473
2 8 0.179480 0.181414 0.016473
2 9 0.175019 0.181414 0.016473
2 10 0.176654 0.181414 0.016473
2 11 0.176654 0.181414 0.016473
2 12 0.175911 0.181414 0.016473
2 13 0.172937 0.181414 0.016473
2 14 0.172045 0.181414 0.016473
2 15 0.167881 0.181414 0.016473
2 16 0.163717 0.181414 0.016473
2 17 0.154796 0.181414 0.016473
2 18 0.149442 0.181414 0.016473
2 19 0.144833 0.181414 0.016473
2 20 0.137546 0.181414 0.016473
3 0 0.175465 0.181414 0.016473
3 1 0.180074 0.181414 0.016473
3 2 0.180967 0.181414 0.016473
3 3 0.180818 0.181414 0.016473
3 4 0.180074 0.181414 0.016473
3 5 0.179926 0.181414 0.016473
3 6 0.180223 0.181414 0.016473
3 7 0.179777 0.181414 0.016473
3 8 0.181561 0.181414 0.016473
3 9 0.180520 0.181414 0.016473
3 10 0.183048 0.181414 0.016473
3 11 0.183048 0.181414 0.016473
3 12 0.182156 0.181414 0.016473
3 13 0.178290 0.181414 0.016473
3 14 0.177249 0.181414 0.016473
3 15 0.172342 0.181414 0.016473
3 16 0.172045 0.181414 0.016473
3 17 0.165056 0.181414 0.016473
3 18 0.159703 0.181414 0.016473
3 19 0.151227 0.181414 0.016473
3 20 0.142454 0.181414 0.016473
4 0 0.175465 0.181414 0.016473
4 1 0.178736 0.181414 0.016473
4 2 0.179926 0.181414 0.016473
4 3 0.182900 0.181414 0.016473
4 4 0.182602 0.181414 0.016473
4 5 0.183346 0.181414 0.016473
4 6 0.185576 0.181414 0.016473
4 7 0.184981 0.181414 0.016473
4 8 0.187212 0.181414 0.016473
4 9 0.186171 0.181414 0.016473
4 10 0.186171 0.181414 0.016473
4 11 0.187658 0.181414 0.016473
4 12 0.184981 0.181414 0.016473
4 13 0.185576 0.181414 0.016473
4 14 0.183197 0.181414 0.016473
4 15 0.179033 0.181414 0.016473
4 16 0.178885 0.181414 0.016473
4 17 0.173978 0.181414 0.016473
4 18 0.168030 0.181414 0.016473
4 19 0.157621 0.181414 0.016473
4 20 0.148848 0.181414 0.016473
5 0 0.174572 0.181414 0.016473
5 1 0.181115 0.181414 0.016473
5 2 0.184387 0.181414 0.016473
5 3 0.187212 0.181414 0.016473
5 4 0.184535 0.181414 0.016473
5 5 0.184387 0.181414 0.016473
5 6 0.183346 0.181414 0.016473
5 7 0.189442 0.181414 0.016473
5 8 0.189145 0.181414 0.016473
5 9 0.188253 0.181414 0.016473
5 10 0.188848 0.181414 0.016473
5 11 0.187807 0.181414 0.016473
5 12 0.188550 0.181414 0.016473
5 13 0.191524 0.181414 0.016473
5 14 0.189294 0.181414 0.016473
5 15 0.185279 0.181414 0.016473
5 16 0.183346 0.181414 0.016473
5 17 0.180372 0.181414 0.016473
5 18 0.172937 0.181414 0.016473
5 19 0.164907 0.181414 0.016473
5 20 0.154052 0.181414 0.016473
6 0 0.173978 0.181414 0.016473
6 1 0.180372 0.181414 0.016473
6 2 0.183941 0.181414 0.016473
6 3 0.186171 0.181414 0.016473
6 4 0.186171 0.181414 0.016473
6 5 0.186914 0.181414 0.016473
6 6 0.188848 0.181414 0.016473
6 7 0.191227 0.181414 0.016473
6 8 0.192862 0.181414 0.016473
6 9 0.190335 0.181414 0.016473
6 10 0.190632 0.181414 0.016473
6 11 0.191822 0.181414 0.016473
6 12 0.192119 0.181414 0.016473
6 13 0.195539 0.181414 0.016473
6 14 0.192416 0.181414 0.016473
6 15 0.190037 0.181414 0.016473
6 16 0.188253 0.181414 0.016473
6 17 0.183643 0.181414 0.016473
6 18 0.176506 0.181414 0.016473
6 19 0.166840 0.181414 0.016473
6 20 0.157770 0.181414 0.016473
7 0 0.172639 0.181414 0.016473
7 1 0.179777 0.181414 0.016473
7 2 0.180520 0.181414 0.016473
7 3 0.185576 0.181414 0.016473
7 4 0.189442 0.181414 0.016473
7 5 0.191227 0.181414 0.016473
7 6 0.195242 0.181414 0.016473
7 7 0.200297 0.181414 0.016473
7 8 0.196431 0.181414 0.016473
7 9 0.194498 0.181414 0.016473
7 10 0.196134 0.181414 0.016473
7 11 0.194944 0.181414 0.016473
7 12 0.197026 0.181414 0.016473
7 13 0.195836 0.181414 0.016473
7 14 0.194498 0.181414 0.016473
7 15 0.193903 0.181414 0.016473
7 16 0.194498 0.181414 0.016473
7 17 0.188699 0.181414 0.016473
7 18 0.182454 0.181414 0.016473
7 19 0.174721 0.181414 0.016473
7 20 0.165502 0.181414 0.016473
8 0 0.172491 0.181414 0.016473
8 1 0.178439 0.181414 0.016473
8 2 0.182751 0.181414 0.016473
8 3 0.188253 0.181414 0.016473
8 4 0.189294 0.181414 0.016473
8 5 0.190483 0.181414 0.016473
8 6 0.194498 0.181414 0.016473
8 7 0.196729 0.181414 0.016473
8 8 0.200149 0.181414 0.016473
8 9 0.199554 0.181414 0.016473
8 10 0.198216 0.181414 0.016473
8 11 0.198810 0.181414 0.016473
8 12 0.198216 0.181414 0.016473
8 13 0.198513 0.181414 0.016473
8 14 0.193755 0.181414 0.016473
8 15 0.197472 0.181414 0.016473
8 16 0.194201 0.181414 0.016473
8 17 0.192714 0.181414 0.016473
8 18 0.187658 0.181414 0.016473
8 19 0.176654 0.181414 0.016473
8 20 0.168030 0.181414 0.016473
9 0 0.172937 0.181414 0.016473
9 1 0.177993 0.181414 0.016473
9 2 0.180818 0.181414 0.016473
9 3 0.184387 0.181414 0.016473
9 4 0.185428 0.181414 0.016473
9 5 0.187509 0.181414 0.016473
9 6 0.194498 0.181414 0.016473
9 7 0.196729 0.181414 0.016473
9 8 0.198959 0.181414 0.016473
9 9 0.202379 0.181414 0.016473
9 10 0.200595 0.181414 0.016473
9 11 0.204312 0.181414 0.016473
9 12 0.200297 0.181414 0.016473
9 13 0.199108 0.181414 0.016473
9 14 0.200595 0.181414 0.016473
9 15 0.198364 0.181414 0.016473
9 16 0.199405 0.181414 0.016473
9 17 0.197621 0.181414 0.016473
9 18 0.189740 0.181414 0.016473
9 19 0.184238 0.181414 0.016473
9 20 0.172937 0.181414 0.016473
10 0 0.168625 0.181414 0.016473
10 1 0.174721 0.181414 0.016473
10 2 0.178439 0.181414 0.016473
10 3 0.183494 0.181414 0.016473
10 4 0.187658 0.181414 0.016473
10 5 0.189145 0.181414 0.016473
10 6 0.195093 0.181414 0.016473
10 7 0.198216 0.181414 0.016473
10 8 0.201338 0.181414 0.016473
10 9 0.201190 0.181414 0.016473
10 10 0.202677 0.181414 0.016473
10 11 0.205651 0.181414 0.016473
10 12 0.204461 0.181414 0.016473
10 13 0.205948 0.181414 0.016473
10 14 0.201487 0.181414 0.016473
10 15 0.201784 0.181414 0.016473
10 16 0.200595 0.181414 0.016473
10 17 0.197770 0.181414 0.016473
10 18 0.195539 0.181414 0.016473
10 19 0.188253 0.181414 0.016473
10 20 0.177249 0.181414 0.016473
11 0 0.164758 0.181414 0.016473
11 1 0.171004 0.181414 0.016473
11 2 0.176506 0.181414 0.016473
11 3 0.183643 0.181414 0.016473
11 4 0.187063 0.181414 0.016473
11 5 0.188699 0.181414 0.016473
11 6 0.194647 0.181414 0.016473
11 7 0.195985 0.181414 0.016473
11 8 0.198513 0.181414 0.016473
11 9 0.201338 0.181414 0.016473
11 10 0.200446 0.181414 0.016473
11 11 0.202379 0.181414 0.016473
11 12 0.203420 0.181414 0.016473
11 13 0.203420 0.181414 0.016473
11 14 0.201487 0.181414 0.016473
11 15 0.198959 0.181414 0.016473
11 16 0.200446 0.181414 0.016473
11 17 0.198662 0.181414 0.016473
11 18 0.194796 0.181414 0.016473
11 19 0.188104 0.181414 0.016473
11 20 0.178290 0.181414 0.016473
12 0 0.164461 0.181414 0.016473
12 1 0.170260 0.181414 0.016473
12 2 0.175167 0.181414 0.016473
12 3 0.182900 0.181414 0.016473
12 4 0.186468 0.181414 0.016473
12 5 0.188699 0.181414 0.016473
12 6 0.193457 0.181414 0.016473
12 7 0.193457 0.181414 0.016473
12 8 0.197770 0.181414 0.016473
12 9 0.201041 0.181414 0.016473
12 10 0.199851 0.181414 0.016473
12 11 0.199554 0.181414 0.016473
12 12 0.202379 0.181414 0.016473
12 13 0.202230 0.181414 0.016473
12 14 0.201933 0.181414 0.016473
12 15 0.198216 0.181414 0.016473
12 16 0.202082 0.181414 0.016473
12 17 0.201487 0.181414 0.016473
12 18 0.194647 0.181414 0.016473
12 19 0.188699 0.181414 0.016473
12 20 0.182602 0.181414 0.016473
13 0 0.158364 0.181414 0.016473
13 1 0.164758 0.181414 0.016473
13 2 0.170409 0.181414 0.016473
13 3 0.176208 0.181414 0.016473
13 4 0.184535 0.181414 0.016473
13 5 0.188996 0.181414 0.016473
13 6 0.192862 0.181414 0.016473
13 7 0.194201 0.181414 0.016473
13 8 0.197323 0.181414 0.016473
13 9 0.200149 0.181414 0.016473
13 10 0.198662 0.181414 0.016473
13 11 0.200000 0.181414 0.016473
13 12 0.200297 0.181414 0.016473
13 13 0.201190 0.181414 0.016473
13 14 0.201636 0.181414 0.016473
13 15 0.199554 0.181414 0.016473
13 16 0.200446 0.181414 0.016473
13 17 0.199851 0.181414 0.016473
13 18 0.193606 0.181414 0.016473
13 19 0.190186 0.181414 0.016473
13 20 0.181859 0.181414 0.016473
14 0 0.155242 0.181414 0.016473
14 1 0.162825 0.181414 0.016473
14 2 0.168625 0.181414 0.016473
14 3 0.175613 0.181414 0.016473
14 4 0.182602 0.181414 0.016473
14 5 0.184833 0.181414 0.016473
14 6 0.190781 0.181414 0.016473
14 7 0.193160 0.181414 0.016473
14 8 0.195539 0.181414 0.016473
14 9 0.199851 0.181414 0.016473
14 10 0.200446 0.181414 0.016473
14 11 0.200000 0.181414 0.016473
14 12 0.198959 0.181414 0.016473
14 13 0.202230 0.181414 0.016473
14 14 0.201636 0.181414 0.016473
14 15 0.198216 0.181414 0.016473
14 16 0.201338 0.181414 0.016473
14 17 0.201190 0.181414 0.016473
14 18 0.198810 0.181414 0.016473
14 19 0.190781 0.181414 0.016473
14 20 0.183048 0.181414 0.016473
15 0 0.153457 0.181414 0.016473
15 1 0.158810 0.181414 0.016473
15 2 0.165948 0.181414 0.016473
15 3 0.173086 0.181414 0.016473
15 4 0.179033 0.181414 0.016473
15 5 0.182602 0.181414 0.016473
15 6 0.186617 0.181414 0.016473
15 7 0.189888 0.181414 0.016473
15 8 0.191970 0.181414 0.016473
15 9 0.194201 0.181414 0.016473
15 10 0.200595 0.181414 0.016473
15 11 0.201190 0.181414 0.016473
15 12 0.199257 0.181414 0.016473
15 13 0.200149 0.181414 0.016473
15 14 0.200892 0.181414 0.016473
15 15 0.198216 0.181414 0.016473
15 16 0.200446 0.181414 0.016473
15 17 0.196431 0.181414 0.016473
15 18 0.195242 0.181414 0.016473
15 19 0.191078 0.181414 0.016473
15 20 0.178885 0.181414 0.016473
16 0 0.149888 0.181414 0.016473
16 1 0.158216 0.181414 0.016473
16 2 0.166543 0.181414 0.016473
16 3 0.172639 0.181414 0.016473
16 4 0.178439 0.181414 0.016473
16 5 0.182900 0.181414 0.016473
16 6 0.185725 0.181414 0.016473
16 7 0.189591 0.181414 0.016473
16 8 0.190632 0.181414 0.016473
16 9 0.194201 0.181414 0.016473
16 10 0.198364 0.181414 0.016473
16 11 0.200892 0.181414 0.016473
16 12 0.202825 0.181414 0.016473
16 13 0.200149 0.181414 0.016473
16 14 0.199405 0.181414 0.016473
16 15 0.196431 0.181414 0.016473
16 16 0.201636 0.181414 0.016473
16 17 0.199851 0.181414 0.016473
16 18 0.192119 0.181414 0.016473
16 19 0.186914 0.181414 0.016473
16 20 0.177844 0.181414 0.016473
17 0 0.146022 0.181414 0.016473
17 1 0.153309 0.181414 0.016473
17 2 0.162230 0.181414 0.016473
17 3 0.168625 0.181414 0.016473
17 4 0.172193 0.181414 0.016473
17 5 0.177249 0.181414 0.016473
17 6 0.183494 0.181414 0.016473
17 7 0.185428 0.181414 0.016473
17 8 0.190632 0.181414 0.016473
17 9 0.191227 0.181414 0.016473
17 10 0.196134 0.181414 0.016473
17 11 0.199703 0.181414 0.016473
17 12 0.200149 0.181414 0.016473
17 13 0.198216 0.181414 0.016473
17 14 0.198216 0.181414 0.016473
17 15 0.196877 0.181414 0.016473
17 16 0.198067 0.181414 0.016473
17 17 0.194498 0.181414 0.016473
17 18 0.188253 0.181414 0.016473
17 19 0.179331 0.181414 0.016473
17 20 0.171747 0.181414 0.016473
18 0 0.138290 0.181414 0.016473
18 1 0.146914 0.181414 0.016473
18 2 0.154498 0.181414 0.016473
18 3 0.159554 0.181414 0.016473
18 4 0.163271 0.181414 0.016473
18 5 0.172788 0.181414 0.016473
18 6 0.177398 0.181414 0.016473
18 7 0.178290 0.181414 0.016473
18 8 0.184387 0.181414 0.016473
18 9 0.188550 0.181414 0.016473
18 10 0.192268 0.181414 0.016473
18 11 0.194201 0.181414 0.016473
18 12 0.193011 0.181414 0.016473
18 13 0.195390 0.181414 0.016473
18 14 0.191822 0.181414 0.016473
18 15 0.194052 0.181414 0.016473
18 16 0.194647 0.181414 0.016473
18 17 0.188848 0.181414 0.016473
18 18 0.182156 0.181414 0.016473
18 19 0.176952 0.181414 0.016473
18 20 0.169665 0.181414 0.016473
19 0 0.131747 0.181414 0.016473
19 1 0.138290 0.181414 0.016473
19 2 0.144684 0.181414 0.016473
19 3 0.153309 0.181414 0.016473
19 4 0.157323 0.181414 0.016473
19 5 0.162677 0.181414 0.016473
19 6 0.166394 0.181414 0.016473
19 7 0.171599 0.181414 0.016473
19 8 0.176059 0.181414 0.016473
19 9 0.180372 0.181414 0.016473
19 10 0.185428 0.181414 0.016473
19 11 0.186022 0.181414 0.016473
19 12 0.187658 0.181414 0.016473
19 13 0.185428 0.181414 0.016473
19 14 0.188253 0.181414 0.016473
19 15 0.187212 0.181414 0.016473
19 16 0.189145 0.181414 0.016473
19 17 0.183346 0.181414 0.016473
19 18 0.175613 0.181414 0.016473
19 19 0.169517 0.181414 0.016473
19 20 0.161487 0.181414 0.016473
20 0 0.125502 0.181414 0.016473
20 1 0.131450 0.181414 0.016473
20 2 0.136059 0.181414 0.016473
20 3 0.141264 0.181414 0.016473
20 4 0.148253 0.181414 0.016473
20 5 0.151524 0.181414 0.016473
20 6 0.157175 0.181414 0.016473
20 7 0.160149 0.181414 0.016473
20 8 0.165204 0.181414 0.016473
20 9 0.168178 0.181414 0.016473
20 10 0.172639 0.181414 0.016473
20 11 0.174721 0.181414 0.016473
20 12 0.174870 0.181414 0.016473
20 13 0.174572 0.181414 0.016473
20 14 0.175019 0.181414 0.016473
20 15 0.172788 0.181414 0.016473
20 16 0.173978 0.181414 0.016473
20 17 0.173234 0.181414 0.016473
20 18 0.167732 0.181414 0.016473
20 19 0.160743 0.181414 0.016473
20 20 0.151673 0.181414 0.016473
