# contact distance = 28.0 Angstroms
# F = 0.4 kJ/mol

# i j contact_probability mean_contact_probability stddev_contact_probability
0 0 0.150852 0.170565 0.008416
0 1 0.152294 0.170565 0.008416
0 2 0.151638 0.170565 0.008416
0 3 0.149934 0.170565 0.008416
0 4 0.149541 0.170565 0.008416
0 5 0.151769 0.170565 0.008416
0 6 0.148624 0.170565 0.008416
0 7 0.147182 0.170565 0.008416
0 8 0.146789 0.170565 0.008416
0 9 0.147837 0.170565 0.008416
0 10 0.150197 0.170565 0.008416
0 11 0.152687 0.170565 0.008416
0 12 0.157012 0.170565 0.008416
0 13 0.161599 0.170565 0.008416
0 14 0.163434 0.170565 0.008416
0 15 0.164875 0.170565 0.008416
0 16 0.165138 0.170565 0.008416
0 17 0.163434 0.170565 0.008416
0 18 0.163565 0.170565 0.008416
0 19 0.159895 0.170565 0.008416
0 20 0.158716 0.170565 0.008416
1 0 0.153211 0.170565 0.008416
1 1 0.159371 0.170565 0.008416
1 2 0.158060 0.170565 0.008416
1 3 0.157012 0.170565 0.008416
1 4 0.156094 0.170565 0.008416
1 5 0.156094 0.170565 0.008416
1 6 0.153342 0.170565 0.008416
1 7 0.154260 0.170565 0.008416
1 8 0.155701 0.170565 0.008416
1 9 0.154915 0.170565 0.008416
1 10 0.157012 0.170565 0.008416
1 11 0.159764 0.170565 0.008416
1 12 0.163303 0.170565 0.008416
1 13 0.165924 0.170565 0.008416
1 14 0.170380 0.170565 0.008416
1 15 0.168676 0.170565 0.008416
1 16 0.169987 0.170565 0.008416
1 17 0.168676 0.170565 0.008416
1 18 0.167890 0.170565 0.008416
1 19 0.165924 0.170565 0.008416
1 20 0.164089 0.170565 0.008416
2 0 0.155308 0.170565 0.008416
2 1 0.158847 0.170565 0.008416
2 2 0.161075 0.170565 0.008416
2 3 0.161075 0.170565 0.008416
2 4 0.161730 0.170565 0.008416
2 5 0.160550 0.170565 0.008416
2 6 0.158453 0.170565 0.008416
2 7 0.159502 0.170565 0.008416
2 8 0.160157 0.170565 0.008416
2 9 0.159502 0.170565 0.008416
2 10 0.162647 0.170565 0.008416
2 11 0.164482 0.170565 0.008416
2 12 0.169987 0.170565 0.008416
2 13 0.169201 0.170565 0.008416
2 14 0.171166 0.170565 0.008416
2 15 0.173919 0.170565 0.008416
2 16 0.173657 0.170565 0.008416
2 17 0.171822 0.170565 0.008416
2 18 0.171560 0.170565 0.008416
2 19 0.171166 0.170565 0.008416
2 20 0.166710 0.170565 0.008416
3 0 0.154522 0.170565 0.008416
3 1 0.160026 0.170565 0.008416
3 2 0.161599 0.170565 0.008416
3 3 0.164220 0.170565 0.008416
3 4 0.164482 0.170565 0.008416
3 5 0.164875 0.170565 0.008416
3 6 0.162123 0.170565 0.008416
3 7 0.161861 0.170565 0.008416
3 8 0.162254 0.170565 0.008416
3 9 0.165400 0.170565 0.008416
3 10 0.166841 0.170565 0.008416
3 11 0.166055 0.170565 0.008416
3 12 0.169856 0.170565 0.008416
3 13 0.173132 0.170565 0.008416
3 14 0.174705 0.170565 0.008416
3 15 0.176016 0.170565 0.008416
3 16 0.175229 0.170565 0.008416
3 17 0.170904 0.170565 0.008416
3 18 0.171035 0.170565 0.008416
3 19 0.169987 0.170565 0.008416
3 20 0.169725 0.170565 0.008416
4 0 0.152294 0.170565 0.008416
4 1 0.155963 0.170565 0.008416
4 2 0.161730 0.170565 0.008416
4 3 0.164351 0.170565 0.008416
4 4 0.167759 0.170565 0.008416
4 5 0.164744 0.170565 0.008416
4 6 0.166841 0.170565 0.008416
4 7 0.168807 0.170565 0.008416
4 8 0.169332 0.170565 0.008416
4 9 0.170380 0.170565 0.008416
4 10 0.173001 0.170565 0.008416
4 11 0.174967 0.170565 0.008416
4 12 0.175229 0.170565 0.008416
4 13 0.175754 0.170565 0.008416
4 14 0.176802 0.170565 0.008416
4 15 0.174967 0.170565 0.008416
4 16 0.176671 0.170565 0.008416
4 17 0.173526 0.170565 0.008416
4 18 0.172739 0.170565 0.008416
4 19 0.172870 0.170565 0.008416
4 20 0.171691 0.170565 0.008416
5 0 0.149672 0.170565 0.008416
5 1 0.156619 0.170565 0.008416
5 2 0.161075 0.170565 0.008416
5 3 0.161599 0.170565 0.008416
5 4 0.165138 0.170565 0.008416
5 5 0.166841 0.170565 0.008416
5 6 0.168414 0.170565 0.008416
5 7 0.170642 0.170565 0.008416
5 8 0.169069 0.170565 0.008416
5 9 0.171560 0.170565 0.008416
5 10 0.175885 0.170565 0.008416
5 11 0.177326 0.170565 0.008416
5 12 0.177457 0.170565 0.008416
5 13 0.179423 0.170565 0.008416
5 14 0.179554 0.170565 0.008416
5 15 0.177195 0.170565 0.008416
5 16 0.177720 0.170565 0.008416
5 17 0.175623 0.170565 0.008416
5 18 0.176278 0.170565 0.008416
5 19 0.175623 0.170565 0.008416
5 20 0.173263 0.170565 0.008416
6 0 0.147051 0.170565 0.008416
6 1 0.154653 0.170565 0.008416
6 2 0.158060 0.170565 0.008416
6 3 0.162254 0.170565 0.008416
6 4 0.164875 0.170565 0.008416
6 5 0.163041 0.170565 0.008416
6 6 0.166186 0.170565 0.008416
6 7 0.170511 0.170565 0.008416
6 8 0.169201 0.170565 0.008416
6 9 0.169201 0.170565 0.008416
6 10 0.172346 0.170565 0.008416
6 11 0.175491 0.170565 0.008416
6 12 0.176540 0.170565 0.008416
6 13 0.176802 0.170565 0.008416
6 14 0.180472 0.170565 0.008416
6 15 0.179030 0.170565 0.008416
6 16 0.177326 0.170565 0.008416
6 17 0.176016 0.170565 0.008416
6 18 0.176409 0.170565 0.008416
6 19 0.174967 0.170565 0.008416
6 20 0.175885 0.170565 0.008416
7 0 0.148362 0.170565 0.008416
7 1 0.155963 0.170565 0.008416
7 2 0.160944 0.170565 0.008416
7 3 0.163696 0.170565 0.008416
7 4 0.163565 0.170565 0.008416
7 5 0.166448 0.170565 0.008416
7 6 0.165924 0.170565 0.008416
7 7 0.169332 0.170565 0.008416
7 8 0.171560 0.170565 0.008416
7 9 0.171298 0.170565 0.008416
7 10 0.173394 0.170565 0.008416
7 11 0.174181 0.170565 0.008416
7 12 0.178506 0.170565 0.008416
7 13 0.179685 0.170565 0.008416
7 14 0.182569 0.170565 0.008416
7 15 0.182831 0.170565 0.008416
7 16 0.180734 0.170565 0.008416
7 17 0.175885 0.170565 0.008416
7 18 0.177588 0.170565 0.008416
7 19 0.177720 0.170565 0.008416
7 20 0.174050 0.170565 0.008416
8 0 0.151507 0.170565 0.008416
8 1 0.157274 0.170565 0.008416
8 2 0.163041 0.170565 0.008416
8 3 0.164482 0.170565 0.008416
8 4 0.166579 0.170565 0.008416
8 5 0.169069 0.170565 0.008416
8 6 0.169594 0.170565 0.008416
8 7 0.173001 0.170565 0.008416
8 8 0.173657 0.170565 0.008416
8 9 0.173263 0.170565 0.008416
8 10 0.175623 0.170565 0.008416
8 11 0.175360 0.170565 0.008416
8 12 0.178637 0.170565 0.008416
8 13 0.178899 0.170565 0.008416
8 14 0.180996 0.170565 0.008416
8 15 0.179948 0.170565 0.008416
8 16 0.180341 0.170565 0.008416
8 17 0.178768 0.170565 0.008416
8 18 0.176802 0.170565 0.008416
8 19 0.176147 0.170565 0.008416
8 20 0.174967 0.170565 0.008416
9 0 0.155832 0.170565 0.008416
9 1 0.160288 0.170565 0.008416
9 2 0.162123 0.170565 0.008416
9 3 0.166317 0.170565 0.008416
9 4 0.168021 0.170565 0.008416
9 5 0.169201 0.170565 0.008416
9 6 0.170773 0.170565 0.008416
9 7 0.172346 0.170565 0.008416
9 8 0.175491 0.170565 0.008416
9 9 0.173001 0.170565 0.008416
9 10 0.177457 0.170565 0.008416
9 11 0.179685 0.170565 0.008416
9 12 0.178113 0.170565 0.008416
9 13 0.178899 0.170565 0.008416
9 14 0.181651 0.170565 0.008416
9 15 0.181782 0.170565 0.008416
9 16 0.184010 0.170565 0.008416
9 17 0.180079 0.170565 0.008416
9 18 0.180341 0.170565 0.008416
9 19 0.177064 0.170565 0.008416
9 20 0.174836 0.170565 0.008416
10 0 0.157405 0.170565 0.008416
10 1 0.163565 0.170565 0.008416
10 2 0.166448 0.170565 0.008416
10 3 0.169201 0.170565 0.008416
10 4 0.170773 0.170565 0.008416
10 5 0.172215 0.170565 0.008416
10 6 0.171560 0.170565 0.008416
10 7 0.177326 0.170565 0.008416
10 8 0.177064 0.170565 0.008416
10 9 0.176933 0.170565 0.008416
10 10 0.179948 0.170565 0.008416
10 11 0.179423 0.170565 0.008416
10 12 0.178244 0.170565 0.008416
10 13 0.176540 0.170565 0.008416
10 14 0.180210 0.170565 0.008416
10 15 0.179292 0.170565 0.008416
10 16 0.182307 0.170565 0.008416
10 17 0.180472 0.170565 0.008416
10 18 0.179161 0.170565 0.008416
10 19 0.176540 0.170565 0.008416
10 20 0.173394 0.170565 0.008416
11 0 0.161599 0.170565 0.008416
11 1 0.167104 0.170565 0.008416
11 2 0.169856 0.170565 0.008416
11 3 0.171166 0.170565 0.008416
11 4 0.175623 0.170565 0.008416
11 5 0.175754 0.170565 0.008416
11 6 0.175885 0.170565 0.008416
11 7 0.180341 0.170565 0.008416
11 8 0.181127 0.170565 0.008416
11 9 0.178768 0.170565 0.008416
11 10 0.180210 0.170565 0.008416
11 11 0.179685 0.170565 0.008416
11 12 0.178506 0.170565 0.008416
11 13 0.178768 0.170565 0.008416
11 14 0.178637 0.170565 0.008416
11 15 0.177457 0.170565 0.008416
11 16 0.180996 0.170565 0.008416
11 17 0.179948 0.170565 0.008416
11 18 0.176540 0.170565 0.008416
11 19 0.174705 0.170565 0.008416
11 20 0.170904 0.170565 0.008416
12 0 0.165531 0.170565 0.008416
12 1 0.169069 0.170565 0.008416
12 2 0.172739 0.170565 0.008416
12 3 0.175360 0.170565 0.008416
12 4 0.176016 0.170565 0.008416
12 5 0.176540 0.170565 0.008416
12 6 0.177326 0.170565 0.008416
12 7 0.179817 0.170565 0.008416
12 8 0.180996 0.170565 0.008416
12 9 0.179161 0.170565 0.008416
12 10 0.179817 0.170565 0.008416
12 11 0.182438 0.170565 0.008416
12 12 0.181913 0.170565 0.008416
12 13 0.178375 0.170565 0.008416
12 14 0.179030 0.170565 0.008416
12 15 0.179161 0.170565 0.008416
12 16 0.178768 0.170565 0.008416
12 17 0.177457 0.170565 0.008416
12 18 0.176671 0.170565 0.008416
12 19 0.174836 0.170565 0.008416
12 20 0.169987 0.170565 0.008416
13 0 0.166055 0.170565 0.008416
13 1 0.169725 0.170565 0.008416
13 2 0.174050 0.170565 0.008416
13 3 0.176147 0.170565 0.008416
13 4 0.175623 0.170565 0.008416
13 5 0.174967 0.170565 0.008416
13 6 0.178113 0.170565 0.008416
13 7 0.181651 0.170565 0.008416
13 8 0.180210 0.170565 0.008416
13 9 0.178899 0.170565 0.008416
13 10 0.180472 0.170565 0.008416
13 11 0.180472 0.170565 0.008416
13 12 0.178375 0.170565 0.008416
13 13 0.177720 0.170565 0.008416
13 14 0.178637 0.170565 0.008416
13 15 0.177982 0.170565 0.008416
13 16 0.180210 0.170565 0.008416
13 17 0.177457 0.170565 0.008416
13 18 0.175623 0.170565 0.008416
13 19 0.172477 0.170565 0.008416
13 20 0.167366 0.170565 0.008416
14 0 0.170249 0.170565 0.008416
14 1 0.170904 0.170565 0.008416
14 2 0.176278 0.170565 0.008416
14 3 0.177720 0.170565 0.008416
14 4 0.175885 0.170565 0.008416
14 5 0.176278 0.170565 0.008416
14 6 0.178506 0.170565 0.008416
14 7 0.180341 0.170565 0.008416
14 8 0.180603 0.170565 0.008416
14 9 0.179948 0.170565 0.008416
14 10 0.180341 0.170565 0.008416
14 11 0.181913 0.170565 0.008416
14 12 0.180341 0.170565 0.008416
14 13 0.179423 0.170565 0.008416
14 14 0.179423 0.170565 0.008416
14 15 0.180079 0.170565 0.008416
14 16 0.180341 0.170565 0.008416
14 17 0.176933 0.170565 0.008416
14 18 0.174967 0.170565 0.008416
14 19 0.172739 0.170565 0.008416
14 20 0.167497 0.170565 0.008416
15 0 0.169987 0.170565 0.008416
15 1 0.171953 0.170565 0.008416
15 2 0.176278 0.170565 0.008416
15 3 0.178637 0.170565 0.008416
15 4 0.179161 0.170565 0.008416
15 5 0.176147 0.170565 0.008416
15 6 0.179161 0.170565 0.008416
15 7 0.176671 0.170565 0.008416
15 8 0.176802 0.170565 0.008416
15 9 0.176933 0.170565 0.008416
15 10 0.180210 0.170565 0.008416
15 11 0.180734 0.170565 0.008416
15 12 0.177982 0.170565 0.008416
15 13 0.174836 0.170565 0.008416
15 14 0.176278 0.170565 0.008416
15 15 0.177326 0.170565 0.008416
15 16 0.175229 0.170565 0.008416
15 17 0.173263 0.170565 0.008416
15 18 0.172739 0.170565 0.008416
15 19 0.169987 0.170565 0.008416
15 20 0.162385 0.170565 0.008416
16 0 0.170118 0.170565 0.008416
16 1 0.170773 0.170565 0.008416
16 2 0.174181 0.170565 0.008416
16 3 0.178899 0.170565 0.008416
16 4 0.181127 0.170565 0.008416
16 5 0.177588 0.170565 0.008416
16 6 0.178375 0.170565 0.008416
16 7 0.177720 0.170565 0.008416
16 8 0.176933 0.170565 0.008416
16 9 0.175754 0.170565 0.008416
16 10 0.178637 0.170565 0.008416
16 11 0.176933 0.170565 0.008416
16 12 0.178768 0.170565 0.008416
16 13 0.175360 0.170565 0.008416
16 14 0.176409 0.170565 0.008416
16 15 0.173394 0.170565 0.008416
16 16 0.171035 0.170565 0.008416
16 17 0.171560 0.170565 0.008416
16 18 0.169987 0.170565 0.008416
16 19 0.165400 0.170565 0.008416
16 20 0.160157 0.170565 0.008416
17 0 0.169463 0.170565 0.008416
17 1 0.172477 0.170565 0.008416
17 2 0.174050 0.170565 0.008416
17 3 0.177326 0.170565 0.008416
17 4 0.177195 0.170565 0.008416
17 5 0.177588 0.170565 0.008416
17 6 0.177064 0.170565 0.008416
17 7 0.177851 0.170565 0.008416
17 8 0.176147 0.170565 0.008416
17 9 0.175098 0.170565 0.008416
17 10 0.176016 0.170565 0.008416
17 11 0.176802 0.170565 0.008416
17 12 0.178375 0.170565 0.008416
17 13 0.175491 0.170565 0.008416
17 14 0.174181 0.170565 0.008416
17 15 0.169069 0.170565 0.008416
17 16 0.170249 0.170565 0.008416
17 17 0.166710 0.170565 0.008416
17 18 0.166055 0.170565 0.008416
17 19 0.164613 0.170565 0.008416
17 20 0.158453 0.170565 0.008416
18 0 0.168938 0.170565 0.008416
18 1 0.173919 0.170565 0.008416
18 2 0.173263 0.170565 0.008416
18 3 0.174312 0.170565 0.008416
18 4 0.176933 0.170565 0.008416
18 5 0.178899 0.170565 0.008416
18 6 0.176278 0.170565 0.008416
18 7 0.176933 0.170565 0.008416
18 8 0.174705 0.170565 0.008416
18 9 0.174312 0.170565 0.008416
18 10 0.173657 0.170565 0.008416
18 11 0.174050 0.170565 0.008416
18 12 0.174181 0.170565 0.008416
18 13 0.175229 0.170565 0.008416
18 14 0.169725 0.170565 0.008416
18 15 0.167890 0.170565 0.008416
18 16 0.166841 0.170565 0.008416
18 17 0.164613 0.170565 0.008416
18 18 0.166055 0.170565 0.008416
18 19 0.160157 0.170565 0.008416
18 20 0.153997 0.170565 0.008416
19 0 0.167628 0.170565 0.008416
19 1 0.170380 0.170565 0.008416
19 2 0.173394 0.170565 0.008416
19 3 0.175229 0.170565 0.008416
19 4 0.175754 0.170565 0.008416
19 5 0.178506 0.170565 0.008416
19 6 0.175885 0.170565 0.008416
19 7 0.174443 0.170565 0.008416
19 8 0.173788 0.170565 0.008416
19 9 0.171429 0.170565 0.008416
19 10 0.170904 0.170565 0.008416
19 11 0.172870 0.170565 0.008416
19 12 0.172477 0.170565 0.008416
19 13 0.169594 0.170565 0.008416
19 14 0.166579 0.170565 0.008416
19 15 0.164875 0.170565 0.008416
19 16 0.165269 0.170565 0.008416
19 17 0.160813 0.170565 0.008416
19 18 0.159633 0.170565 0.008416
19 19 0.157405 0.170565 0.008416
19 20 0.151769 0.170565 0.008416
20 0 0.164482 0.170565 0.008416
20 1 0.169069 0.170565 0.008416
20 2 0.169594 0.170565 0.008416
20 3 0.171166 0.170565 0.008416
20 4 0.174443 0.170565 0.008416
20 5 0.173657 0.170565 0.008416
20 6 0.171298 0.170565 0.008416
20 7 0.167759 0.170565 0.008416
20 8 0.168414 0.170565 0.008416
20 9 0.165924 0.170565 0.008416
20 10 0.166317 0.170565 0.008416
20 11 0.166972 0.170565 0.008416
20 12 0.164875 0.170565 0.008416
20 13 0.164351 0.170565 0.008416
20 14 0.160682 0.170565 0.008416
20 15 0.155963 0.170565 0.008416
20 16 0.156881 0.170565 0.008416
20 17 0.153342 0.170565 0.008416
20 18 0.151638 0.170565 0.008416
20 19 0.149148 0.170565 0.008416
20 20 0.145872 0.170565 0.008416
