# contact distance = 28.0 Angstroms
# F = 0.4 kJ/mol

# i j contact_probability mean_contact_probability stddev_contact_probability
0 0 0.212433 0.221803 0.013184
0 1 0.217367 0.221803 0.013184
0 2 0.218072 0.221803 0.013184
0 3 0.216521 0.221803 0.013184
0 4 0.214407 0.221803 0.013184
0 5 0.217226 0.221803 0.013184
0 6 0.218776 0.221803 0.013184
0 7 0.215111 0.221803 0.013184
0 8 0.211587 0.221803 0.013184
0 9 0.208063 0.221803 0.013184
0 10 0.204821 0.221803 0.013184
0 11 0.208768 0.221803 0.013184
0 12 0.207076 0.221803 0.013184
0 13 0.205949 0.221803 0.013184
0 14 0.202284 0.221803 0.013184
0 15 0.199323 0.221803 0.013184
0 16 0.198478 0.221803 0.013184
0 17 0.192275 0.221803 0.013184
0 18 0.187482 0.221803 0.013184
0 19 0.177474 0.221803 0.013184
0 20 0.169439 0.221803 0.013184
1 0 0.216521 0.221803 0.013184
1 1 0.220609 0.221803 0.013184
1 2 0.219622 0.221803 0.013184
1 3 0.219199 0.221803 0.013184
1 4 0.220327 0.221803 0.013184
1 5 0.223851 0.221803 0.013184
1 6 0.224415 0.221803 0.013184
1 7 0.221455 0.221803 0.013184
1 8 0.221032 0.221803 0.013184
1 9 0.218776 0.221803 0.013184
1 10 0.216662 0.221803 0.013184
1 11 0.217367 0.221803 0.013184
1 12 0.217085 0.221803 0.013184
1 13 0.216944 0.221803 0.013184
1 14 0.213279 0.221803 0.013184
1 15 0.208627 0.221803 0.013184
1 16 0.205385 0.221803 0.013184
1 17 0.201438 0.221803 0.013184
1 18 0.193403 0.221803 0.013184
1 19 0.185086 0.221803 0.013184
1 20 0.177615 0.221803 0.013184
2 0 0.216239 0.221803 0.013184
2 1 0.220750 0.221803 0.013184
2 2 0.218917 0.221803 0.013184
2 3 0.220045 0.221803 0.013184
2 4 0.222723 0.221803 0.013184
2 5 0.225825 0.221803 0.013184
2 6 0.227798 0.221803 0.013184
2 7 0.225684 0.221803 0.013184
2 8 0.224697 0.221803 0.013184
2 9 0.224133 0.221803 0.013184
2 10 0.222019 0.221803 0.013184
2 11 0.220891 0.221803 0.013184
2 12 0.219481 0.221803 0.013184
2 13 0.222160 0.221803 0.013184
2 14 0.220891 0.221803 0.013184
2 15 0.214829 0.221803 0.013184
2 16 0.211587 0.221803 0.013184
2 17 0.208345 0.221803 0.013184
2 18 0.201015 0.221803 0.013184
2 19 0.192416 0.221803 0.013184
2 20 0.186355 0.221803 0.013184
3 0 0.216521 0.221803 0.013184
3 1 0.219340 0.221803 0.013184
3 2 0.219340 0.221803 0.013184
3 3 0.222301 0.221803 0.013184
3 4 0.223146 0.221803 0.013184
3 5 0.225966 0.221803 0.013184
3 6 0.227234 0.221803 0.013184
3 7 0.226388 0.221803 0.013184
3 8 0.225825 0.221803 0.013184
3 9 0.224133 0.221803 0.013184
3 10 0.223710 0.221803 0.013184
3 11 0.221173 0.221803 0.013184
3 12 0.221314 0.221803 0.013184
3 13 0.224979 0.221803 0.013184
3 14 0.224697 0.221803 0.013184
3 15 0.218917 0.221803 0.013184
3 16 0.213843 0.221803 0.013184
3 17 0.210178 0.221803 0.013184
3 18 0.205667 0.221803 0.013184
3 19 0.199323 0.221803 0.013184
3 20 0.191288 0.221803 0.013184
4 0 0.216098 0.221803 0.013184
4 1 0.220186 0.221803 0.013184
4 2 0.223146 0.221803 0.013184
4 3 0.223851 0.221803 0.013184
4 4 0.225120 0.221803 0.013184
4 5 0.227234 0.221803 0.013184
4 6 0.228362 0.221803 0.013184
4 7 0.227798 0.221803 0.013184
4 8 0.227516 0.221803 0.013184
4 9 0.228080 0.221803 0.013184
4 10 0.229490 0.221803 0.013184
4 11 0.225402 0.221803 0.013184
4 12 0.225966 0.221803 0.013184
4 13 0.226388 0.221803 0.013184
4 14 0.223992 0.221803 0.013184
4 15 0.222160 0.221803 0.013184
4 16 0.219058 0.221803 0.013184
4 17 0.215252 0.221803 0.013184
4 18 0.210460 0.221803 0.013184
4 19 0.206513 0.221803 0.013184
4 20 0.195517 0.221803 0.013184
5 0 0.215534 0.221803 0.013184
5 1 0.222019 0.221803 0.013184
5 2 0.222441 0.221803 0.013184
5 3 0.223992 0.221803 0.013184
5 4 0.225402 0.221803 0.013184
5 5 0.228221 0.221803 0.013184
5 6 0.228644 0.221803 0.013184
5 7 0.229490 0.221803 0.013184
5 8 0.230758 0.221803 0.013184
5 9 0.228503 0.221803 0.013184
5 10 0.229349 0.221803 0.013184
5 11 0.230054 0.221803 0.013184
5 12 0.227657 0.221803 0.013184
5 13 0.227798 0.221803 0.013184
5 14 0.226529 0.221803 0.013184
5 15 0.224415 0.221803 0.013184
5 16 0.225543 0.221803 0.013184
5 17 0.220891 0.221803 0.013184
5 18 0.217790 0.221803 0.013184
5 19 0.210601 0.221803 0.013184
5 20 0.201015 0.221803 0.013184
6 0 0.215534 0.221803 0.013184
6 1 0.217226 0.221803 0.013184
6 2 0.223146 0.221803 0.013184
6 3 0.222864 0.221803 0.013184
6 4 0.225402 0.221803 0.013184
6 5 0.228926 0.221803 0.013184
6 6 0.231040 0.221803 0.013184
6 7 0.232027 0.221803 0.013184
6 8 0.229208 0.221803 0.013184
6 9 0.232450 0.221803 0.013184
6 10 0.231604 0.221803 0.013184
6 11 0.232732 0.221803 0.013184
6 12 0.229067 0.221803 0.013184
6 13 0.229067 0.221803 0.013184
6 14 0.229067 0.221803 0.013184
6 15 0.229349 0.221803 0.013184
6 16 0.230195 0.221803 0.013184
6 17 0.227093 0.221803 0.013184
6 18 0.223428 0.221803 0.013184
6 19 0.216098 0.221803 0.013184
6 20 0.208204 0.221803 0.013184
7 0 0.212856 0.221803 0.013184
7 1 0.217367 0.221803 0.013184
7 2 0.218776 0.221803 0.013184
7 3 0.221314 0.221803 0.013184
7 4 0.224556 0.221803 0.013184
7 5 0.229349 0.221803 0.013184
7 6 0.232309 0.221803 0.013184
7 7 0.233014 0.221803 0.013184
7 8 0.230899 0.221803 0.013184
7 9 0.233437 0.221803 0.013184
7 10 0.232450 0.221803 0.013184
7 11 0.234001 0.221803 0.013184
7 12 0.232873 0.221803 0.013184
7 13 0.230899 0.221803 0.013184
7 14 0.232309 0.221803 0.013184
7 15 0.234001 0.221803 0.013184
7 16 0.231745 0.221803 0.013184
7 17 0.231322 0.221803 0.013184
7 18 0.224274 0.221803 0.013184
7 19 0.219340 0.221803 0.013184
7 20 0.210460 0.221803 0.013184
8 0 0.211446 0.221803 0.013184
8 1 0.215111 0.221803 0.013184
8 2 0.218917 0.221803 0.013184
8 3 0.222301 0.221803 0.013184
8 4 0.223005 0.221803 0.013184
8 5 0.228644 0.221803 0.013184
8 6 0.229208 0.221803 0.013184
8 7 0.231886 0.221803 0.013184
8 8 0.233296 0.221803 0.013184
8 9 0.235692 0.221803 0.013184
8 10 0.233578 0.221803 0.013184
8 11 0.235692 0.221803 0.013184
8 12 0.234142 0.221803 0.013184
8 13 0.232873 0.221803 0.013184
8 14 0.233296 0.221803 0.013184
8 15 0.235128 0.221803 0.013184
8 16 0.237243 0.221803 0.013184
8 17 0.232873 0.221803 0.013184
8 18 0.228362 0.221803 0.013184
8 19 0.220609 0.221803 0.013184
8 20 0.213561 0.221803 0.013184
9 0 0.209473 0.221803 0.013184
9 1 0.213138 0.221803 0.013184
9 2 0.219763 0.221803 0.013184
9 3 0.221455 0.221803 0.013184
9 4 0.221596 0.221803 0.013184
9 5 0.226107 0.221803 0.013184
9 6 0.229772 0.221803 0.013184
9 7 0.231322 0.221803 0.013184
9 8 0.230617 0.221803 0.013184
9 9 0.233437 0.221803 0.013184
9 10 0.236538 0.221803 0.013184
9 11 0.237384 0.221803 0.013184
9 12 0.235974 0.221803 0.013184
9 13 0.235269 0.221803 0.013184
9 14 0.235974 0.221803 0.013184
9 15 0.236397 0.221803 0.013184
9 16 0.237384 0.221803 0.013184
9 17 0.235269 0.221803 0.013184
9 18 0.232591 0.221803 0.013184
9 19 0.223428 0.221803 0.013184
9 20 0.211869 0.221803 0.013184
10 0 0.209050 0.221803 0.013184
10 1 0.214829 0.221803 0.013184
10 2 0.217085 0.221803 0.013184
10 3 0.219340 0.221803 0.013184
10 4 0.222441 0.221803 0.013184
10 5 0.223146 0.221803 0.013184
10 6 0.227234 0.221803 0.013184
10 7 0.231322 0.221803 0.013184
10 8 0.232732 0.221803 0.013184
10 9 0.235269 0.221803 0.013184
10 10 0.236679 0.221803 0.013184
10 11 0.237525 0.221803 0.013184
10 12 0.235551 0.221803 0.013184
10 13 0.238370 0.221803 0.013184
10 14 0.238934 0.221803 0.013184
10 15 0.238511 0.221803 0.013184
10 16 0.238089 0.221803 0.013184
10 17 0.236256 0.221803 0.013184
10 18 0.232873 0.221803 0.013184
10 19 0.223428 0.221803 0.013184
10 20 0.211728 0.221803 0.013184
11 0 0.207217 0.221803 0.013184
11 1 0.213420 0.221803 0.013184
11 2 0.216944 0.221803 0.013184
11 3 0.220609 0.221803 0.013184
11 4 0.222582 0.221803 0.013184
11 5 0.225825 0.221803 0.013184
11 6 0.228926 0.221803 0.013184
11 7 0.231040 0.221803 0.013184
11 8 0.232873 0.221803 0.013184
11 9 0.237384 0.221803 0.013184
11 10 0.239216 0.221803 0.013184
11 11 0.238229 0.221803 0.013184
11 12 0.239216 0.221803 0.013184
11 13 0.240062 0.221803 0.013184
11 14 0.241049 0.221803 0.013184
11 15 0.238652 0.221803 0.013184
11 16 0.239780 0.221803 0.013184
11 17 0.238511 0.221803 0.013184
11 18 0.231745 0.221803 0.013184
11 19 0.224979 0.221803 0.013184
11 20 0.217790 0.221803 0.013184
12 0 0.203693 0.221803 0.013184
12 1 0.209473 0.221803 0.013184
12 2 0.213843 0.221803 0.013184
12 3 0.219199 0.221803 0.013184
12 4 0.223428 0.221803 0.013184
12 5 0.225120 0.221803 0.013184
12 6 0.229208 0.221803 0.013184
12 7 0.231886 0.221803 0.013184
12 8 0.233437 0.221803 0.013184
12 9 0.238370 0.221803 0.013184
12 10 0.239357 0.221803 0.013184
12 11 0.241331 0.221803 0.013184
12 12 0.239780 0.221803 0.013184
12 13 0.241190 0.221803 0.013184
12 14 0.240203 0.221803 0.013184
12 15 0.239216 0.221803 0.013184
12 16 0.239216 0.221803 0.013184
12 17 0.238229 0.221803 0.013184
12 18 0.232450 0.221803 0.013184
12 19 0.226107 0.221803 0.013184
12 20 0.218354 0.221803 0.013184
13 0 0.203129 0.221803 0.013184
13 1 0.207640 0.221803 0.013184
13 2 0.213984 0.221803 0.013184
13 3 0.217508 0.221803 0.013184
13 4 0.220750 0.221803 0.013184
13 5 0.223992 0.221803 0.013184
13 6 0.230899 0.221803 0.013184
13 7 0.235692 0.221803 0.013184
13 8 0.236679 0.221803 0.013184
13 9 0.238089 0.221803 0.013184
13 10 0.239216 0.221803 0.013184
13 11 0.238089 0.221803 0.013184
13 12 0.237525 0.221803 0.013184
13 13 0.240626 0.221803 0.013184
13 14 0.239075 0.221803 0.013184
13 15 0.238229 0.221803 0.013184
13 16 0.237948 0.221803 0.013184
13 17 0.235833 0.221803 0.013184
13 18 0.232873 0.221803 0.013184
13 19 0.226811 0.221803 0.013184
13 20 0.218635 0.221803 0.013184
14 0 0.200028 0.221803 0.013184
14 1 0.206090 0.221803 0.013184
14 2 0.211164 0.221803 0.013184
14 3 0.214407 0.221803 0.013184
14 4 0.219622 0.221803 0.013184
14 5 0.226811 0.221803 0.013184
14 6 0.229772 0.221803 0.013184
14 7 0.233014 0.221803 0.013184
14 8 0.234846 0.221803 0.013184
14 9 0.237666 0.221803 0.013184
14 10 0.237102 0.221803 0.013184
14 11 0.237102 0.221803 0.013184
14 12 0.236679 0.221803 0.013184
14 13 0.238089 0.221803 0.013184
14 14 0.236538 0.221803 0.013184
14 15 0.236538 0.221803 0.013184
14 16 0.239498 0.221803 0.013184
14 17 0.236820 0.221803 0.013184
14 18 0.230899 0.221803 0.013184
14 19 0.225261 0.221803 0.013184
14 20 0.218776 0.221803 0.013184
15 0 0.196504 0.221803 0.013184
15 1 0.204257 0.221803 0.013184
15 2 0.209332 0.221803 0.013184
15 3 0.211446 0.221803 0.013184
15 4 0.218776 0.221803 0.013184
15 5 0.224415 0.221803 0.013184
15 6 0.225825 0.221803 0.013184
15 7 0.230195 0.221803 0.013184
15 8 0.234001 0.221803 0.013184
15 9 0.235551 0.221803 0.013184
15 10 0.238229 0.221803 0.013184
15 11 0.239780 0.221803 0.013184
15 12 0.237102 0.221803 0.013184
15 13 0.237666 0.221803 0.013184
15 14 0.234987 0.221803 0.013184
15 15 0.235269 0.221803 0.013184
15 16 0.237948 0.221803 0.013184
15 17 0.236397 0.221803 0.013184
15 18 0.231463 0.221803 0.013184
15 19 0.222723 0.221803 0.013184
15 20 0.215393 0.221803 0.013184
16 0 0.190866 0.221803 0.013184
16 1 0.199887 0.221803 0.013184
16 2 0.204821 0.221803 0.013184
16 3 0.210319 0.221803 0.013184
16 4 0.216944 0.221803 0.013184
16 5 0.223005 0.221803 0.013184
16 6 0.223569 0.221803 0.013184
16 7 0.227657 0.221803 0.013184
16 8 0.231463 0.221803 0.013184
16 9 0.232591 0.221803 0.013184
16 10 0.232168 0.221803 0.013184
16 11 0.233860 0.221803 0.013184
16 12 0.232732 0.221803 0.013184
16 13 0.234142 0.221803 0.013184
16 14 0.233578 0.221803 0.013184
16 15 0.232873 0.221803 0.013184
16 16 0.232873 0.221803 0.013184
16 17 0.234001 0.221803 0.013184
16 18 0.229067 0.221803 0.013184
16 19 0.220891 0.221803 0.013184
16 20 0.213561 0.221803 0.013184
17 0 0.187623 0.221803 0.013184
17 1 0.198760 0.221803 0.013184
17 2 0.203552 0.221803 0.013184
17 3 0.208486 0.221803 0.013184
17 4 0.214548 0.221803 0.013184
17 5 0.219199 0.221803 0.013184
17 6 0.221314 0.221803 0.013184
17 7 0.224838 0.221803 0.013184
17 8 0.228503 0.221803 0.013184
17 9 0.228503 0.221803 0.013184
17 10 0.226811 0.221803 0.013184
17 11 0.231181 0.221803 0.013184
17 12 0.230054 0.221803 0.013184
17 13 0.234282 0.221803 0.013184
17 14 0.233155 0.221803 0.013184
17 15 0.232168 0.221803 0.013184
17 16 0.232732 0.221803 0.013184
17 17 0.230899 0.221803 0.013184
17 18 0.227093 0.221803 0.013184
17 19 0.220045 0.221803 0.013184
17 20 0.212292 0.221803 0.013184
18 0 0.185791 0.221803 0.013184
18 1 0.194672 0.221803 0.013184
18 2 0.200310 0.221803 0.013184
18 3 0.204116 0.221803 0.013184
18 4 0.211587 0.221803 0.013184
18 5 0.215675 0.221803 0.013184
18 6 0.219763 0.221803 0.013184
18 7 0.223851 0.221803 0.013184
18 8 0.226670 0.221803 0.013184
18 9 0.226107 0.221803 0.013184
18 10 0.226107 0.221803 0.013184
18 11 0.225966 0.221803 0.013184
18 12 0.226529 0.221803 0.013184
18 13 0.227939 0.221803 0.013184
18 14 0.230335 0.221803 0.013184
18 15 0.231463 0.221803 0.013184
18 16 0.230335 0.221803 0.013184
18 17 0.227798 0.221803 0.013184
18 18 0.225402 0.221803 0.013184
18 19 0.216098 0.221803 0.013184
18 20 0.207922 0.221803 0.013184
19 0 0.175782 0.221803 0.013184
19 1 0.187905 0.221803 0.013184
19 2 0.194531 0.221803 0.013184
19 3 0.199041 0.221803 0.013184
19 4 0.205244 0.221803 0.013184
19 5 0.206935 0.221803 0.013184
19 6 0.212433 0.221803 0.013184
19 7 0.215675 0.221803 0.013184
19 8 0.217790 0.221803 0.013184
19 9 0.219904 0.221803 0.013184
19 10 0.221737 0.221803 0.013184
19 11 0.221455 0.221803 0.013184
19 12 0.221032 0.221803 0.013184
19 13 0.225684 0.221803 0.013184
19 14 0.223569 0.221803 0.013184
19 15 0.226248 0.221803 0.013184
19 16 0.225825 0.221803 0.013184
19 17 0.220468 0.221803 0.013184
19 18 0.216803 0.221803 0.013184
19 19 0.208909 0.221803 0.013184
19 20 0.203270 0.221803 0.013184
20 0 0.172963 0.221803 0.013184
20 1 0.180293 0.221803 0.013184
20 2 0.188751 0.221803 0.013184
20 3 0.189738 0.221803 0.013184
20 4 0.197914 0.221803 0.013184
20 5 0.202707 0.221803 0.013184
20 6 0.203975 0.221803 0.013184
20 7 0.208063 0.221803 0.013184
20 8 0.209191 0.221803 0.013184
20 9 0.212856 0.221803 0.013184
20 10 0.215534 0.221803 0.013184
20 11 0.217790 0.221803 0.013184
20 12 0.216521 0.221803 0.013184
20 13 0.218776 0.221803 0.013184
20 14 0.218776 0.221803 0.013184
20 15 0.217931 0.221803 0.013184
20 16 0.217226 0.221803 0.013184
20 17 0.213138 0.221803 0.013184
20 18 0.208909 0.221803 0.013184
20 19 0.200592 0.221803 0.013184
20 20 0.194531 0.221803 0.013184
