# contact distance = 28.0 Angstroms
# F = 0.4 kJ/mol

# i j contact_probability mean_contact_probability stddev_contact_probability
0 0 0.155376 0.167859 0.006642
0 1 0.158854 0.167859 0.006642
0 2 0.155794 0.167859 0.006642
0 3 0.158297 0.167859 0.006642
0 4 0.156628 0.167859 0.006642
0 5 0.156211 0.167859 0.006642
0 6 0.156767 0.167859 0.006642
0 7 0.152733 0.167859 0.006642
0 8 0.151899 0.167859 0.006642
0 9 0.154959 0.167859 0.006642
0 10 0.155654 0.167859 0.006642
0 11 0.157185 0.167859 0.006642
0 12 0.158158 0.167859 0.006642
0 13 0.162610 0.167859 0.006642
0 14 0.164418 0.167859 0.006642
0 15 0.164140 0.167859 0.006642
0 16 0.164557 0.167859 0.006642
0 17 0.162331 0.167859 0.006642
0 18 0.162888 0.167859 0.006642
0 19 0.162888 0.167859 0.006642
0 20 0.156628 0.167859 0.006642
1 0 0.157463 0.167859 0.006642
1 1 0.158993 0.167859 0.006642
1 2 0.159967 0.167859 0.006642
1 3 0.158576 0.167859 0.006642
1 4 0.158993 0.167859 0.006642
1 5 0.158576 0.167859 0.006642
1 6 0.160106 0.167859 0.006642
1 7 0.157324 0.167859 0.006642
1 8 0.155376 0.167859 0.006642
1 9 0.158576 0.167859 0.006642
1 10 0.160801 0.167859 0.006642
1 11 0.161497 0.167859 0.006642
1 12 0.163583 0.167859 0.006642
1 13 0.166643 0.167859 0.006642
1 14 0.166226 0.167859 0.006642
1 15 0.167339 0.167859 0.006642
1 16 0.167339 0.167859 0.006642
1 17 0.166226 0.167859 0.006642
1 18 0.165670 0.167859 0.006642
1 19 0.166504 0.167859 0.006642
1 20 0.160662 0.167859 0.006642
2 0 0.156767 0.167859 0.006642
2 1 0.161219 0.167859 0.006642
2 2 0.163027 0.167859 0.006642
2 3 0.164696 0.167859 0.006642
2 4 0.164140 0.167859 0.006642
2 5 0.164001 0.167859 0.006642
2 6 0.162749 0.167859 0.006642
2 7 0.160940 0.167859 0.006642
2 8 0.161636 0.167859 0.006642
2 9 0.161914 0.167859 0.006642
2 10 0.162610 0.167859 0.006642
2 11 0.167339 0.167859 0.006642
2 12 0.170677 0.167859 0.006642
2 13 0.171790 0.167859 0.006642
2 14 0.169843 0.167859 0.006642
2 15 0.172625 0.167859 0.006642
2 16 0.172903 0.167859 0.006642
2 17 0.171651 0.167859 0.006642
2 18 0.171234 0.167859 0.006642
2 19 0.168174 0.167859 0.006642
2 20 0.163305 0.167859 0.006642
3 0 0.158437 0.167859 0.006642
3 1 0.161219 0.167859 0.006642
3 2 0.164974 0.167859 0.006642
3 3 0.164974 0.167859 0.006642
3 4 0.165531 0.167859 0.006642
3 5 0.166087 0.167859 0.006642
3 6 0.164974 0.167859 0.006642
3 7 0.164418 0.167859 0.006642
3 8 0.165948 0.167859 0.006642
3 9 0.166226 0.167859 0.006642
3 10 0.167200 0.167859 0.006642
3 11 0.169008 0.167859 0.006642
3 12 0.172068 0.167859 0.006642
3 13 0.173738 0.167859 0.006642
3 14 0.173738 0.167859 0.006642
3 15 0.174433 0.167859 0.006642
3 16 0.175685 0.167859 0.006642
3 17 0.173459 0.167859 0.006642
3 18 0.174294 0.167859 0.006642
3 19 0.169704 0.167859 0.006642
3 20 0.166226 0.167859 0.006642
4 0 0.156350 0.167859 0.006642
4 1 0.162192 0.167859 0.006642
4 2 0.161358 0.167859 0.006642
4 3 0.164557 0.167859 0.006642
4 4 0.164835 0.167859 0.006642
4 5 0.165948 0.167859 0.006642
4 6 0.166783 0.167859 0.006642
4 7 0.165948 0.167859 0.006642
4 8 0.164001 0.167859 0.006642
4 9 0.167200 0.167859 0.006642
4 10 0.168174 0.167859 0.006642
4 11 0.169565 0.167859 0.006642
4 12 0.171929 0.167859 0.006642
4 13 0.173877 0.167859 0.006642
4 14 0.177772 0.167859 0.006642
4 15 0.177354 0.167859 0.006642
4 16 0.178467 0.167859 0.006642
4 17 0.176381 0.167859 0.006642
4 18 0.175407 0.167859 0.006642
4 19 0.173042 0.167859 0.006642
4 20 0.167478 0.167859 0.006642
5 0 0.157185 0.167859 0.006642
5 1 0.158854 0.167859 0.006642
5 2 0.160801 0.167859 0.006642
5 3 0.163583 0.167859 0.006642
5 4 0.165252 0.167859 0.006642
5 5 0.165531 0.167859 0.006642
5 6 0.165113 0.167859 0.006642
5 7 0.163166 0.167859 0.006642
5 8 0.165113 0.167859 0.006642
5 9 0.166922 0.167859 0.006642
5 10 0.169147 0.167859 0.006642
5 11 0.169147 0.167859 0.006642
5 12 0.170399 0.167859 0.006642
5 13 0.173042 0.167859 0.006642
5 14 0.176381 0.167859 0.006642
5 15 0.175268 0.167859 0.006642
5 16 0.177215 0.167859 0.006642
5 17 0.176520 0.167859 0.006642
5 18 0.175546 0.167859 0.006642
5 19 0.173599 0.167859 0.006642
5 20 0.168869 0.167859 0.006642
6 0 0.157324 0.167859 0.006642
6 1 0.161775 0.167859 0.006642
6 2 0.164001 0.167859 0.006642
6 3 0.165809 0.167859 0.006642
6 4 0.164557 0.167859 0.006642
6 5 0.166504 0.167859 0.006642
6 6 0.165809 0.167859 0.006642
6 7 0.162888 0.167859 0.006642
6 8 0.166922 0.167859 0.006642
6 9 0.166783 0.167859 0.006642
6 10 0.169843 0.167859 0.006642
6 11 0.173181 0.167859 0.006642
6 12 0.172068 0.167859 0.006642
6 13 0.173042 0.167859 0.006642
6 14 0.176381 0.167859 0.006642
6 15 0.177354 0.167859 0.006642
6 16 0.177911 0.167859 0.006642
6 17 0.178467 0.167859 0.006642
6 18 0.178467 0.167859 0.006642
6 19 0.175129 0.167859 0.006642
6 20 0.172208 0.167859 0.006642
7 0 0.153429 0.167859 0.006642
7 1 0.159828 0.167859 0.006642
7 2 0.164140 0.167859 0.006642
7 3 0.164974 0.167859 0.006642
7 4 0.165531 0.167859 0.006642
7 5 0.165531 0.167859 0.006642
7 6 0.167061 0.167859 0.006642
7 7 0.165392 0.167859 0.006642
7 8 0.167895 0.167859 0.006642
7 9 0.167061 0.167859 0.006642
7 10 0.169426 0.167859 0.006642
7 11 0.169565 0.167859 0.006642
7 12 0.168730 0.167859 0.006642
7 13 0.170121 0.167859 0.006642
7 14 0.173599 0.167859 0.006642
7 15 0.175268 0.167859 0.006642
7 16 0.177772 0.167859 0.006642
7 17 0.180136 0.167859 0.006642
7 18 0.179163 0.167859 0.006642
7 19 0.174850 0.167859 0.006642
7 20 0.172764 0.167859 0.006642
8 0 0.150369 0.167859 0.006642
8 1 0.160384 0.167859 0.006642
8 2 0.163027 0.167859 0.006642
8 3 0.165531 0.167859 0.006642
8 4 0.168730 0.167859 0.006642
8 5 0.171373 0.167859 0.006642
8 6 0.168730 0.167859 0.006642
8 7 0.168730 0.167859 0.006642
8 8 0.167200 0.167859 0.006642
8 9 0.167339 0.167859 0.006642
8 10 0.169982 0.167859 0.006642
8 11 0.169147 0.167859 0.006642
8 12 0.168452 0.167859 0.006642
8 13 0.167756 0.167859 0.006642
8 14 0.170121 0.167859 0.006642
8 15 0.174572 0.167859 0.006642
8 16 0.175685 0.167859 0.006642
8 17 0.177772 0.167859 0.006642
8 18 0.177354 0.167859 0.006642
8 19 0.173181 0.167859 0.006642
8 20 0.168452 0.167859 0.006642
9 0 0.149812 0.167859 0.006642
9 1 0.155933 0.167859 0.006642
9 2 0.162610 0.167859 0.006642
9 3 0.166504 0.167859 0.006642
9 4 0.170817 0.167859 0.006642
9 5 0.171651 0.167859 0.006642
9 6 0.172208 0.167859 0.006642
9 7 0.169426 0.167859 0.006642
9 8 0.167339 0.167859 0.006642
9 9 0.169982 0.167859 0.006642
9 10 0.170956 0.167859 0.006642
9 11 0.169843 0.167859 0.006642
9 12 0.167339 0.167859 0.006642
9 13 0.166226 0.167859 0.006642
9 14 0.170260 0.167859 0.006642
9 15 0.172347 0.167859 0.006642
9 16 0.174433 0.167859 0.006642
9 17 0.172625 0.167859 0.006642
9 18 0.174016 0.167859 0.006642
9 19 0.170260 0.167859 0.006642
9 20 0.167756 0.167859 0.006642
10 0 0.150786 0.167859 0.006642
10 1 0.158854 0.167859 0.006642
10 2 0.161914 0.167859 0.006642
10 3 0.167061 0.167859 0.006642
10 4 0.170121 0.167859 0.006642
10 5 0.172486 0.167859 0.006642
10 6 0.172625 0.167859 0.006642
10 7 0.169843 0.167859 0.006642
10 8 0.170121 0.167859 0.006642
10 9 0.170260 0.167859 0.006642
10 10 0.169704 0.167859 0.006642
10 11 0.169704 0.167859 0.006642
10 12 0.169008 0.167859 0.006642
10 13 0.168452 0.167859 0.006642
10 14 0.167756 0.167859 0.006642
10 15 0.170677 0.167859 0.006642
10 16 0.169843 0.167859 0.006642
10 17 0.169147 0.167859 0.006642
10 18 0.170538 0.167859 0.006642
10 19 0.168034 0.167859 0.006642
10 20 0.164696 0.167859 0.006642
11 0 0.153151 0.167859 0.006642
11 1 0.161358 0.167859 0.006642
11 2 0.166226 0.167859 0.006642
11 3 0.167478 0.167859 0.006642
11 4 0.171651 0.167859 0.006642
11 5 0.171512 0.167859 0.006642
11 6 0.172625 0.167859 0.006642
11 7 0.170399 0.167859 0.006642
11 8 0.170956 0.167859 0.006642
11 9 0.170677 0.167859 0.006642
11 10 0.169982 0.167859 0.006642
11 11 0.171929 0.167859 0.006642
11 12 0.168730 0.167859 0.006642
11 13 0.167756 0.167859 0.006642
11 14 0.168034 0.167859 0.006642
11 15 0.168591 0.167859 0.006642
11 16 0.169704 0.167859 0.006642
11 17 0.171651 0.167859 0.006642
11 18 0.168313 0.167859 0.006642
11 19 0.165809 0.167859 0.006642
11 20 0.164835 0.167859 0.006642
12 0 0.155098 0.167859 0.006642
12 1 0.163722 0.167859 0.006642
12 2 0.166922 0.167859 0.006642
12 3 0.169565 0.167859 0.006642
12 4 0.171373 0.167859 0.006642
12 5 0.173320 0.167859 0.006642
12 6 0.172347 0.167859 0.006642
12 7 0.170817 0.167859 0.006642
12 8 0.170260 0.167859 0.006642
12 9 0.169286 0.167859 0.006642
12 10 0.170121 0.167859 0.006642
12 11 0.167895 0.167859 0.006642
12 12 0.167617 0.167859 0.006642
12 13 0.166504 0.167859 0.006642
12 14 0.166922 0.167859 0.006642
12 15 0.169982 0.167859 0.006642
12 16 0.168591 0.167859 0.006642
12 17 0.167895 0.167859 0.006642
12 18 0.168730 0.167859 0.006642
12 19 0.166783 0.167859 0.006642
12 20 0.162331 0.167859 0.006642
13 0 0.158297 0.167859 0.006642
13 1 0.162749 0.167859 0.006642
13 2 0.169426 0.167859 0.006642
13 3 0.172068 0.167859 0.006642
13 4 0.171790 0.167859 0.006642
13 5 0.172764 0.167859 0.006642
13 6 0.174016 0.167859 0.006642
13 7 0.170817 0.167859 0.006642
13 8 0.170121 0.167859 0.006642
13 9 0.169286 0.167859 0.006642
13 10 0.170121 0.167859 0.006642
13 11 0.166504 0.167859 0.006642
13 12 0.167200 0.167859 0.006642
13 13 0.164835 0.167859 0.006642
13 14 0.167061 0.167859 0.006642
13 15 0.169982 0.167859 0.006642
13 16 0.170399 0.167859 0.006642
13 17 0.170956 0.167859 0.006642
13 18 0.169286 0.167859 0.006642
13 19 0.166226 0.167859 0.006642
13 20 0.161358 0.167859 0.006642
14 0 0.164557 0.167859 0.006642
14 1 0.167895 0.167859 0.006642
14 2 0.169286 0.167859 0.006642
14 3 0.174850 0.167859 0.006642
14 4 0.175546 0.167859 0.006642
14 5 0.176659 0.167859 0.006642
14 6 0.176241 0.167859 0.006642
14 7 0.174711 0.167859 0.006642
14 8 0.173320 0.167859 0.006642
14 9 0.174155 0.167859 0.006642
14 10 0.171651 0.167859 0.006642
14 11 0.169704 0.167859 0.006642
14 12 0.167617 0.167859 0.006642
14 13 0.168313 0.167859 0.006642
14 14 0.170121 0.167859 0.006642
14 15 0.170260 0.167859 0.006642
14 16 0.169565 0.167859 0.006642
14 17 0.172347 0.167859 0.006642
14 18 0.170817 0.167859 0.006642
14 19 0.167478 0.167859 0.006642
14 20 0.159688 0.167859 0.006642
15 0 0.166226 0.167859 0.006642
15 1 0.171095 0.167859 0.006642
15 2 0.172208 0.167859 0.006642
15 3 0.176520 0.167859 0.006642
15 4 0.179580 0.167859 0.006642
15 5 0.176102 0.167859 0.006642
15 6 0.177354 0.167859 0.006642
15 7 0.176659 0.167859 0.006642
15 8 0.176241 0.167859 0.006642
15 9 0.174711 0.167859 0.006642
15 10 0.174572 0.167859 0.006642
15 11 0.172764 0.167859 0.006642
15 12 0.172903 0.167859 0.006642
15 13 0.171234 0.167859 0.006642
15 14 0.171095 0.167859 0.006642
15 15 0.169704 0.167859 0.006642
15 16 0.169843 0.167859 0.006642
15 17 0.171651 0.167859 0.006642
15 18 0.172764 0.167859 0.006642
15 19 0.168869 0.167859 0.006642
15 20 0.160801 0.167859 0.006642
16 0 0.164557 0.167859 0.006642
16 1 0.168174 0.167859 0.006642
16 2 0.171651 0.167859 0.006642
16 3 0.174155 0.167859 0.006642
16 4 0.178189 0.167859 0.006642
16 5 0.178050 0.167859 0.006642
16 6 0.178745 0.167859 0.006642
16 7 0.180554 0.167859 0.006642
16 8 0.176798 0.167859 0.006642
16 9 0.175963 0.167859 0.006642
16 10 0.172903 0.167859 0.006642
16 11 0.171234 0.167859 0.006642
16 12 0.173320 0.167859 0.006642
16 13 0.171512 0.167859 0.006642
16 14 0.170677 0.167859 0.006642
16 15 0.170538 0.167859 0.006642
16 16 0.170538 0.167859 0.006642
16 17 0.169008 0.167859 0.006642
16 18 0.169147 0.167859 0.006642
16 19 0.164696 0.167859 0.006642
16 20 0.156906 0.167859 0.006642
17 0 0.164696 0.167859 0.006642
17 1 0.171234 0.167859 0.006642
17 2 0.175546 0.167859 0.006642
17 3 0.175685 0.167859 0.006642
17 4 0.179858 0.167859 0.006642
17 5 0.179302 0.167859 0.006642
17 6 0.179580 0.167859 0.006642
17 7 0.178606 0.167859 0.006642
17 8 0.177215 0.167859 0.006642
17 9 0.175129 0.167859 0.006642
17 10 0.173599 0.167859 0.006642
17 11 0.173877 0.167859 0.006642
17 12 0.173320 0.167859 0.006642
17 13 0.171234 0.167859 0.006642
17 14 0.169843 0.167859 0.006642
17 15 0.168869 0.167859 0.006642
17 16 0.169982 0.167859 0.006642
17 17 0.168452 0.167859 0.006642
17 18 0.165531 0.167859 0.006642
17 19 0.162888 0.167859 0.006642
17 20 0.154820 0.167859 0.006642
18 0 0.163583 0.167859 0.006642
18 1 0.167061 0.167859 0.006642
18 2 0.174572 0.167859 0.006642
18 3 0.177493 0.167859 0.006642
18 4 0.177215 0.167859 0.006642
18 5 0.179719 0.167859 0.006642
18 6 0.180693 0.167859 0.006642
18 7 0.176798 0.167859 0.006642
18 8 0.177911 0.167859 0.006642
18 9 0.173320 0.167859 0.006642
18 10 0.173181 0.167859 0.006642
18 11 0.172486 0.167859 0.006642
18 12 0.170956 0.167859 0.006642
18 13 0.169426 0.167859 0.006642
18 14 0.166365 0.167859 0.006642
18 15 0.165392 0.167859 0.006642
18 16 0.164835 0.167859 0.006642
18 17 0.165531 0.167859 0.006642
18 18 0.162192 0.167859 0.006642
18 19 0.158576 0.167859 0.006642
18 20 0.149951 0.167859 0.006642
19 0 0.158158 0.167859 0.006642
19 1 0.163722 0.167859 0.006642
19 2 0.170677 0.167859 0.006642
19 3 0.174016 0.167859 0.006642
19 4 0.174155 0.167859 0.006642
19 5 0.176241 0.167859 0.006642
19 6 0.178467 0.167859 0.006642
19 7 0.177493 0.167859 0.006642
19 8 0.174294 0.167859 0.006642
19 9 0.173738 0.167859 0.006642
19 10 0.169704 0.167859 0.006642
19 11 0.168174 0.167859 0.006642
19 12 0.167617 0.167859 0.006642
19 13 0.167339 0.167859 0.006642
19 14 0.164835 0.167859 0.006642
19 15 0.163166 0.167859 0.006642
19 16 0.159271 0.167859 0.006642
19 17 0.161636 0.167859 0.006642
19 18 0.161219 0.167859 0.006642
19 19 0.153151 0.167859 0.006642
19 20 0.141466 0.167859 0.006642
20 0 0.154403 0.167859 0.006642
20 1 0.161358 0.167859 0.006642
20 2 0.167339 0.167859 0.006642
20 3 0.169704 0.167859 0.006642
20 4 0.171373 0.167859 0.006642
20 5 0.172208 0.167859 0.006642
20 6 0.173320 0.167859 0.006642
20 7 0.173042 0.167859 0.006642
20 8 0.170538 0.167859 0.006642
20 9 0.169286 0.167859 0.006642
20 10 0.167895 0.167859 0.006642
20 11 0.165948 0.167859 0.006642
20 12 0.162470 0.167859 0.006642
20 13 0.161914 0.167859 0.006642
20 14 0.160523 0.167859 0.006642
20 15 0.157741 0.167859 0.006642
20 16 0.154681 0.167859 0.006642
20 17 0.153846 0.167859 0.006642
20 18 0.152038 0.167859 0.006642
20 19 0.146196 0.167859 0.006642
20 20 0.134511 0.167859 0.006642
