# contact distance = 28.0 Angstroms
# F = 0.4 kJ/mol

# i j contact_probability mean_contact_probability stddev_contact_probability
0 0 0.159849 0.156800 0.007039
0 1 0.159849 0.156800 0.007039
0 2 0.160719 0.156800 0.007039
0 3 0.158544 0.156800 0.007039
0 4 0.157673 0.156800 0.007039
0 5 0.151436 0.156800 0.007039
0 6 0.148390 0.156800 0.007039
0 7 0.144473 0.156800 0.007039
0 8 0.142153 0.156800 0.007039
0 9 0.140557 0.156800 0.007039
0 10 0.142733 0.156800 0.007039
0 11 0.147520 0.156800 0.007039
0 12 0.151871 0.156800 0.007039
0 13 0.154337 0.156800 0.007039
0 14 0.155498 0.156800 0.007039
0 15 0.158399 0.156800 0.007039
0 16 0.159269 0.156800 0.007039
0 17 0.159414 0.156800 0.007039
0 18 0.158544 0.156800 0.007039
0 19 0.154917 0.156800 0.007039
0 20 0.150421 0.156800 0.007039
1 0 0.159994 0.156800 0.007039
1 1 0.159414 0.156800 0.007039
1 2 0.162025 0.156800 0.007039
1 3 0.162605 0.156800 0.007039
1 4 0.162750 0.156800 0.007039
1 5 0.158399 0.156800 0.007039
1 6 0.151146 0.156800 0.007039
1 7 0.144764 0.156800 0.007039
1 8 0.146214 0.156800 0.007039
1 9 0.143748 0.156800 0.007039
1 10 0.146359 0.156800 0.007039
1 11 0.152742 0.156800 0.007039
1 12 0.156803 0.156800 0.007039
1 13 0.158109 0.156800 0.007039
1 14 0.160139 0.156800 0.007039
1 15 0.162170 0.156800 0.007039
1 16 0.162750 0.156800 0.007039
1 17 0.162460 0.156800 0.007039
1 18 0.161155 0.156800 0.007039
1 19 0.158979 0.156800 0.007039
1 20 0.156368 0.156800 0.007039
2 0 0.160865 0.156800 0.007039
2 1 0.162750 0.156800 0.007039
2 2 0.165071 0.156800 0.007039
2 3 0.164926 0.156800 0.007039
2 4 0.165796 0.156800 0.007039
2 5 0.163330 0.156800 0.007039
2 6 0.156078 0.156800 0.007039
2 7 0.150276 0.156800 0.007039
2 8 0.148100 0.156800 0.007039
2 9 0.148100 0.156800 0.007039
2 10 0.153467 0.156800 0.007039
2 11 0.157818 0.156800 0.007039
2 12 0.162605 0.156800 0.007039
2 13 0.163766 0.156800 0.007039
2 14 0.163911 0.156800 0.007039
2 15 0.163621 0.156800 0.007039
2 16 0.165941 0.156800 0.007039
2 17 0.165506 0.156800 0.007039
2 18 0.164056 0.156800 0.007039
2 19 0.161880 0.156800 0.007039
2 20 0.158399 0.156800 0.007039
3 0 0.159704 0.156800 0.007039
3 1 0.165071 0.156800 0.007039
3 2 0.165506 0.156800 0.007039
3 3 0.165941 0.156800 0.007039
3 4 0.164636 0.156800 0.007039
3 5 0.161445 0.156800 0.007039
3 6 0.156223 0.156800 0.007039
3 7 0.150131 0.156800 0.007039
3 8 0.152161 0.156800 0.007039
3 9 0.151581 0.156800 0.007039
3 10 0.156513 0.156800 0.007039
3 11 0.159124 0.156800 0.007039
3 12 0.160429 0.156800 0.007039
3 13 0.162605 0.156800 0.007039
3 14 0.165796 0.156800 0.007039
3 15 0.166667 0.156800 0.007039
3 16 0.165506 0.156800 0.007039
3 17 0.165071 0.156800 0.007039
3 18 0.163911 0.156800 0.007039
3 19 0.162315 0.156800 0.007039
3 20 0.158834 0.156800 0.007039
4 0 0.157238 0.156800 0.007039
4 1 0.162170 0.156800 0.007039
4 2 0.163330 0.156800 0.007039
4 3 0.163911 0.156800 0.007039
4 4 0.166522 0.156800 0.007039
4 5 0.161735 0.156800 0.007039
4 6 0.156803 0.156800 0.007039
4 7 0.153612 0.156800 0.007039
4 8 0.153467 0.156800 0.007039
4 9 0.154917 0.156800 0.007039
4 10 0.158109 0.156800 0.007039
4 11 0.160139 0.156800 0.007039
4 12 0.164056 0.156800 0.007039
4 13 0.165506 0.156800 0.007039
4 14 0.167827 0.156800 0.007039
4 15 0.169278 0.156800 0.007039
4 16 0.165651 0.156800 0.007039
4 17 0.166522 0.156800 0.007039
4 18 0.166812 0.156800 0.007039
4 19 0.164636 0.156800 0.007039
4 20 0.160574 0.156800 0.007039
5 0 0.155933 0.156800 0.007039
5 1 0.157238 0.156800 0.007039
5 2 0.160719 0.156800 0.007039
5 3 0.160284 0.156800 0.007039
5 4 0.163330 0.156800 0.007039
5 5 0.158979 0.156800 0.007039
5 6 0.155062 0.156800 0.007039
5 7 0.152596 0.156800 0.007039
5 8 0.154192 0.156800 0.007039
5 9 0.155498 0.156800 0.007039
5 10 0.156803 0.156800 0.007039
5 11 0.159559 0.156800 0.007039
5 12 0.162460 0.156800 0.007039
5 13 0.162750 0.156800 0.007039
5 14 0.166232 0.156800 0.007039
5 15 0.167102 0.156800 0.007039
5 16 0.164636 0.156800 0.007039
5 17 0.164491 0.156800 0.007039
5 18 0.165506 0.156800 0.007039
5 19 0.162605 0.156800 0.007039
5 20 0.161300 0.156800 0.007039
6 0 0.154482 0.156800 0.007039
6 1 0.157093 0.156800 0.007039
6 2 0.159414 0.156800 0.007039
6 3 0.159704 0.156800 0.007039
6 4 0.160865 0.156800 0.007039
6 5 0.159124 0.156800 0.007039
6 6 0.156658 0.156800 0.007039
6 7 0.156078 0.156800 0.007039
6 8 0.155498 0.156800 0.007039
6 9 0.155933 0.156800 0.007039
6 10 0.156078 0.156800 0.007039
6 11 0.158979 0.156800 0.007039
6 12 0.162895 0.156800 0.007039
6 13 0.163185 0.156800 0.007039
6 14 0.163475 0.156800 0.007039
6 15 0.163330 0.156800 0.007039
6 16 0.164346 0.156800 0.007039
6 17 0.162750 0.156800 0.007039
6 18 0.164636 0.156800 0.007039
6 19 0.164926 0.156800 0.007039
6 20 0.160139 0.156800 0.007039
7 0 0.153757 0.156800 0.007039
7 1 0.156658 0.156800 0.007039
7 2 0.156223 0.156800 0.007039
7 3 0.158254 0.156800 0.007039
7 4 0.156078 0.156800 0.007039
7 5 0.157673 0.156800 0.007039
7 6 0.158254 0.156800 0.007039
7 7 0.157383 0.156800 0.007039
7 8 0.156368 0.156800 0.007039
7 9 0.156948 0.156800 0.007039
7 10 0.156223 0.156800 0.007039
7 11 0.159124 0.156800 0.007039
7 12 0.161590 0.156800 0.007039
7 13 0.161735 0.156800 0.007039
7 14 0.163911 0.156800 0.007039
7 15 0.163330 0.156800 0.007039
7 16 0.162750 0.156800 0.007039
7 17 0.163621 0.156800 0.007039
7 18 0.165651 0.156800 0.007039
7 19 0.163475 0.156800 0.007039
7 20 0.157383 0.156800 0.007039
8 0 0.147520 0.156800 0.007039
8 1 0.152161 0.156800 0.007039
8 2 0.154047 0.156800 0.007039
8 3 0.154192 0.156800 0.007039
8 4 0.156078 0.156800 0.007039
8 5 0.156513 0.156800 0.007039
8 6 0.157383 0.156800 0.007039
8 7 0.156948 0.156800 0.007039
8 8 0.156658 0.156800 0.007039
8 9 0.156513 0.156800 0.007039
8 10 0.158689 0.156800 0.007039
8 11 0.156948 0.156800 0.007039
8 12 0.159849 0.156800 0.007039
8 13 0.162895 0.156800 0.007039
8 14 0.161155 0.156800 0.007039
8 15 0.162025 0.156800 0.007039
8 16 0.161880 0.156800 0.007039
8 17 0.160574 0.156800 0.007039
8 18 0.162750 0.156800 0.007039
8 19 0.159994 0.156800 0.007039
8 20 0.154772 0.156800 0.007039
9 0 0.145054 0.156800 0.007039
9 1 0.149115 0.156800 0.007039
9 2 0.150711 0.156800 0.007039
9 3 0.152451 0.156800 0.007039
9 4 0.155933 0.156800 0.007039
9 5 0.156803 0.156800 0.007039
9 6 0.157818 0.156800 0.007039
9 7 0.157093 0.156800 0.007039
9 8 0.158254 0.156800 0.007039
9 9 0.158109 0.156800 0.007039
9 10 0.158979 0.156800 0.007039
9 11 0.155352 0.156800 0.007039
9 12 0.157383 0.156800 0.007039
9 13 0.160139 0.156800 0.007039
9 14 0.161880 0.156800 0.007039
9 15 0.159124 0.156800 0.007039
9 16 0.160139 0.156800 0.007039
9 17 0.157673 0.156800 0.007039
9 18 0.159414 0.156800 0.007039
9 19 0.158834 0.156800 0.007039
9 20 0.151726 0.156800 0.007039
10 0 0.146214 0.156800 0.007039
10 1 0.153322 0.156800 0.007039
10 2 0.157383 0.156800 0.007039
10 3 0.159849 0.156800 0.007039
10 4 0.160429 0.156800 0.007039
10 5 0.161880 0.156800 0.007039
10 6 0.159704 0.156800 0.007039
10 7 0.159124 0.156800 0.007039
10 8 0.158689 0.156800 0.007039
10 9 0.159124 0.156800 0.007039
10 10 0.160574 0.156800 0.007039
10 11 0.161155 0.156800 0.007039
10 12 0.159704 0.156800 0.007039
10 13 0.161155 0.156800 0.007039
10 14 0.162025 0.156800 0.007039
10 15 0.158979 0.156800 0.007039
10 16 0.156803 0.156800 0.007039
10 17 0.154917 0.156800 0.007039
10 18 0.157238 0.156800 0.007039
10 19 0.156368 0.156800 0.007039
10 20 0.151001 0.156800 0.007039
11 0 0.147665 0.156800 0.007039
11 1 0.154482 0.156800 0.007039
11 2 0.158979 0.156800 0.007039
11 3 0.161880 0.156800 0.007039
11 4 0.161735 0.156800 0.007039
11 5 0.161010 0.156800 0.007039
11 6 0.156948 0.156800 0.007039
11 7 0.158689 0.156800 0.007039
11 8 0.159994 0.156800 0.007039
11 9 0.160865 0.156800 0.007039
11 10 0.159124 0.156800 0.007039
11 11 0.159559 0.156800 0.007039
11 12 0.160429 0.156800 0.007039
11 13 0.160865 0.156800 0.007039
11 14 0.159559 0.156800 0.007039
11 15 0.159414 0.156800 0.007039
11 16 0.158689 0.156800 0.007039
11 17 0.158544 0.156800 0.007039
11 18 0.157383 0.156800 0.007039
11 19 0.152596 0.156800 0.007039
11 20 0.149115 0.156800 0.007039
12 0 0.152161 0.156800 0.007039
12 1 0.158254 0.156800 0.007039
12 2 0.161300 0.156800 0.007039
12 3 0.162460 0.156800 0.007039
12 4 0.163475 0.156800 0.007039
12 5 0.160574 0.156800 0.007039
12 6 0.161010 0.156800 0.007039
12 7 0.157818 0.156800 0.007039
12 8 0.159704 0.156800 0.007039
12 9 0.160429 0.156800 0.007039
12 10 0.160574 0.156800 0.007039
12 11 0.159559 0.156800 0.007039
12 12 0.160429 0.156800 0.007039
12 13 0.160139 0.156800 0.007039
12 14 0.159269 0.156800 0.007039
12 15 0.157238 0.156800 0.007039
12 16 0.158109 0.156800 0.007039
12 17 0.158689 0.156800 0.007039
12 18 0.158109 0.156800 0.007039
12 19 0.151726 0.156800 0.007039
12 20 0.146214 0.156800 0.007039
13 0 0.154772 0.156800 0.007039
13 1 0.159849 0.156800 0.007039
13 2 0.162460 0.156800 0.007039
13 3 0.163475 0.156800 0.007039
13 4 0.162895 0.156800 0.007039
13 5 0.162750 0.156800 0.007039
13 6 0.160574 0.156800 0.007039
13 7 0.157818 0.156800 0.007039
13 8 0.160719 0.156800 0.007039
13 9 0.160429 0.156800 0.007039
13 10 0.160139 0.156800 0.007039
13 11 0.159414 0.156800 0.007039
13 12 0.159124 0.156800 0.007039
13 13 0.160865 0.156800 0.007039
13 14 0.159704 0.156800 0.007039
13 15 0.156658 0.156800 0.007039
13 16 0.159704 0.156800 0.007039
13 17 0.158544 0.156800 0.007039
13 18 0.154047 0.156800 0.007039
13 19 0.149985 0.156800 0.007039
13 20 0.146214 0.156800 0.007039
14 0 0.156078 0.156800 0.007039
14 1 0.159994 0.156800 0.007039
14 2 0.161735 0.156800 0.007039
14 3 0.161735 0.156800 0.007039
14 4 0.163185 0.156800 0.007039
14 5 0.165071 0.156800 0.007039
14 6 0.162315 0.156800 0.007039
14 7 0.161880 0.156800 0.007039
14 8 0.160574 0.156800 0.007039
14 9 0.160429 0.156800 0.007039
14 10 0.161155 0.156800 0.007039
14 11 0.156948 0.156800 0.007039
14 12 0.158689 0.156800 0.007039
14 13 0.159704 0.156800 0.007039
14 14 0.158544 0.156800 0.007039
14 15 0.158109 0.156800 0.007039
14 16 0.155933 0.156800 0.007039
14 17 0.155062 0.156800 0.007039
14 18 0.153177 0.156800 0.007039
14 19 0.145924 0.156800 0.007039
14 20 0.141862 0.156800 0.007039
15 0 0.155207 0.156800 0.007039
15 1 0.158979 0.156800 0.007039
15 2 0.160139 0.156800 0.007039
15 3 0.162025 0.156800 0.007039
15 4 0.162460 0.156800 0.007039
15 5 0.165071 0.156800 0.007039
15 6 0.163185 0.156800 0.007039
15 7 0.162605 0.156800 0.007039
15 8 0.162170 0.156800 0.007039
15 9 0.161155 0.156800 0.007039
15 10 0.158399 0.156800 0.007039
15 11 0.157963 0.156800 0.007039
15 12 0.157528 0.156800 0.007039
15 13 0.160139 0.156800 0.007039
15 14 0.158689 0.156800 0.007039
15 15 0.156948 0.156800 0.007039
15 16 0.153757 0.156800 0.007039
15 17 0.153032 0.156800 0.007039
15 18 0.149985 0.156800 0.007039
15 19 0.145634 0.156800 0.007039
15 20 0.137946 0.156800 0.007039
16 0 0.155207 0.156800 0.007039
16 1 0.158254 0.156800 0.007039
16 2 0.161010 0.156800 0.007039
16 3 0.160574 0.156800 0.007039
16 4 0.162750 0.156800 0.007039
16 5 0.164346 0.156800 0.007039
16 6 0.163766 0.156800 0.007039
16 7 0.162605 0.156800 0.007039
16 8 0.158689 0.156800 0.007039
16 9 0.160284 0.156800 0.007039
16 10 0.156513 0.156800 0.007039
16 11 0.157963 0.156800 0.007039
16 12 0.156948 0.156800 0.007039
16 13 0.155498 0.156800 0.007039
16 14 0.156223 0.156800 0.007039
16 15 0.154337 0.156800 0.007039
16 16 0.153032 0.156800 0.007039
16 17 0.153612 0.156800 0.007039
16 18 0.148680 0.156800 0.007039
16 19 0.143893 0.156800 0.007039
16 20 0.137366 0.156800 0.007039
17 0 0.153757 0.156800 0.007039
17 1 0.157673 0.156800 0.007039
17 2 0.158254 0.156800 0.007039
17 3 0.158834 0.156800 0.007039
17 4 0.161590 0.156800 0.007039
17 5 0.163185 0.156800 0.007039
17 6 0.160574 0.156800 0.007039
17 7 0.162460 0.156800 0.007039
17 8 0.161300 0.156800 0.007039
17 9 0.158689 0.156800 0.007039
17 10 0.154772 0.156800 0.007039
17 11 0.154482 0.156800 0.007039
17 12 0.153467 0.156800 0.007039
17 13 0.151726 0.156800 0.007039
17 14 0.153322 0.156800 0.007039
17 15 0.154627 0.156800 0.007039
17 16 0.152451 0.156800 0.007039
17 17 0.149260 0.156800 0.007039
17 18 0.145054 0.156800 0.007039
17 19 0.139106 0.156800 0.007039
17 20 0.131564 0.156800 0.007039
18 0 0.153177 0.156800 0.007039
18 1 0.155788 0.156800 0.007039
18 2 0.156658 0.156800 0.007039
18 3 0.160429 0.156800 0.007039
18 4 0.161155 0.156800 0.007039
18 5 0.160284 0.156800 0.007039
18 6 0.162315 0.156800 0.007039
18 7 0.163040 0.156800 0.007039
18 8 0.161300 0.156800 0.007039
18 9 0.158689 0.156800 0.007039
18 10 0.155207 0.156800 0.007039
18 11 0.153322 0.156800 0.007039
18 12 0.153757 0.156800 0.007039
18 13 0.151581 0.156800 0.007039
18 14 0.149840 0.156800 0.007039
18 15 0.150856 0.156800 0.007039
18 16 0.150856 0.156800 0.007039
18 17 0.144183 0.156800 0.007039
18 18 0.142443 0.156800 0.007039
18 19 0.135335 0.156800 0.007039
18 20 0.128518 0.156800 0.007039
19 0 0.152016 0.156800 0.007039
19 1 0.154772 0.156800 0.007039
19 2 0.158689 0.156800 0.007039
19 3 0.159704 0.156800 0.007039
19 4 0.159559 0.156800 0.007039
19 5 0.159994 0.156800 0.007039
19 6 0.158254 0.156800 0.007039
19 7 0.157238 0.156800 0.007039
19 8 0.156803 0.156800 0.007039
19 9 0.153177 0.156800 0.007039
19 10 0.151146 0.156800 0.007039
19 11 0.149840 0.156800 0.007039
19 12 0.152451 0.156800 0.007039
19 13 0.149115 0.156800 0.007039
19 14 0.146359 0.156800 0.007039
19 15 0.145489 0.156800 0.007039
19 16 0.145199 0.156800 0.007039
19 17 0.142443 0.156800 0.007039
19 18 0.137076 0.156800 0.007039
19 19 0.132289 0.156800 0.007039
19 20 0.124891 0.156800 0.007039
20 0 0.151581 0.156800 0.007039
20 1 0.154192 0.156800 0.007039
20 2 0.156803 0.156800 0.007039
20 3 0.155498 0.156800 0.007039
20 4 0.155498 0.156800 0.007039
20 5 0.155207 0.156800 0.007039
20 6 0.153467 0.156800 0.007039
20 7 0.150856 0.156800 0.007039
20 8 0.149405 0.156800 0.007039
20 9 0.149550 0.156800 0.007039
20 10 0.147665 0.156800 0.007039
20 11 0.145344 0.156800 0.007039
20 12 0.145054 0.156800 0.007039
20 13 0.143313 0.156800 0.007039
20 14 0.142008 0.156800 0.007039
20 15 0.139106 0.156800 0.007039
20 16 0.136060 0.156800 0.007039
20 17 0.135625 0.156800 0.007039
20 18 0.132434 0.156800 0.007039
20 19 0.126197 0.156800 0.007039
20 20 0.120830 0.156800 0.007039
