# contact distance = 28.0 Angstroms
# F = 0.4 kJ/mol

# i j contact_probability mean_contact_probability stddev_contact_probability
0 0 0.170724 0.183924 0.013778
0 1 0.173344 0.183924 0.013778
0 2 0.173190 0.183924 0.013778
0 3 0.169492 0.183924 0.013778
0 4 0.165794 0.183924 0.013778
0 5 0.168567 0.183924 0.013778
0 6 0.165948 0.183924 0.013778
0 7 0.167643 0.183924 0.013778
0 8 0.169646 0.183924 0.013778
0 9 0.172111 0.183924 0.013778
0 10 0.169029 0.183924 0.013778
0 11 0.170416 0.183924 0.013778
0 12 0.168721 0.183924 0.013778
0 13 0.172111 0.183924 0.013778
0 14 0.171957 0.183924 0.013778
0 15 0.174730 0.183924 0.013778
0 16 0.178737 0.183924 0.013778
0 17 0.176733 0.183924 0.013778
0 18 0.173652 0.183924 0.013778
0 19 0.169954 0.183924 0.013778
0 20 0.161633 0.183924 0.013778
1 0 0.172265 0.183924 0.013778
1 1 0.175809 0.183924 0.013778
1 2 0.177812 0.183924 0.013778
1 3 0.173344 0.183924 0.013778
1 4 0.173344 0.183924 0.013778
1 5 0.173498 0.183924 0.013778
1 6 0.171032 0.183924 0.013778
1 7 0.174114 0.183924 0.013778
1 8 0.175347 0.183924 0.013778
1 9 0.177196 0.183924 0.013778
1 10 0.176425 0.183924 0.013778
1 11 0.177812 0.183924 0.013778
1 12 0.177658 0.183924 0.013778
1 13 0.180431 0.183924 0.013778
1 14 0.178582 0.183924 0.013778
1 15 0.181972 0.183924 0.013778
1 16 0.181202 0.183924 0.013778
1 17 0.181202 0.183924 0.013778
1 18 0.179507 0.183924 0.013778
1 19 0.174422 0.183924 0.013778
1 20 0.166564 0.183924 0.013778
2 0 0.172727 0.183924 0.013778
2 1 0.175039 0.183924 0.013778
2 2 0.179661 0.183924 0.013778
2 3 0.175963 0.183924 0.013778
2 4 0.175809 0.183924 0.013778
2 5 0.177042 0.183924 0.013778
2 6 0.176888 0.183924 0.013778
2 7 0.178120 0.183924 0.013778
2 8 0.182589 0.183924 0.013778
2 9 0.182280 0.183924 0.013778
2 10 0.184438 0.183924 0.013778
2 11 0.184284 0.183924 0.013778
2 12 0.186441 0.183924 0.013778
2 13 0.185978 0.183924 0.013778
2 14 0.184900 0.183924 0.013778
2 15 0.186133 0.183924 0.013778
2 16 0.185670 0.183924 0.013778
2 17 0.184900 0.183924 0.013778
2 18 0.181664 0.183924 0.013778
2 19 0.178582 0.183924 0.013778
2 20 0.173498 0.183924 0.013778
3 0 0.173190 0.183924 0.013778
3 1 0.174268 0.183924 0.013778
3 2 0.176733 0.183924 0.013778
3 3 0.179045 0.183924 0.013778
3 4 0.176271 0.183924 0.013778
3 5 0.181664 0.183924 0.013778
3 6 0.182280 0.183924 0.013778
3 7 0.184900 0.183924 0.013778
3 8 0.186287 0.183924 0.013778
3 9 0.189522 0.183924 0.013778
3 10 0.188906 0.183924 0.013778
3 11 0.190139 0.183924 0.013778
3 12 0.189676 0.183924 0.013778
3 13 0.191063 0.183924 0.013778
3 14 0.192912 0.183924 0.013778
3 15 0.193066 0.183924 0.013778
3 16 0.190909 0.183924 0.013778
3 17 0.188290 0.183924 0.013778
3 18 0.185054 0.183924 0.013778
3 19 0.182280 0.183924 0.013778
3 20 0.173035 0.183924 0.013778
4 0 0.170108 0.183924 0.013778
4 1 0.173498 0.183924 0.013778
4 2 0.178428 0.183924 0.013778
4 3 0.179045 0.183924 0.013778
4 4 0.175193 0.183924 0.013778
4 5 0.181356 0.183924 0.013778
4 6 0.185978 0.183924 0.013778
4 7 0.190293 0.183924 0.013778
4 8 0.192450 0.183924 0.013778
4 9 0.192450 0.183924 0.013778
4 10 0.193220 0.183924 0.013778
4 11 0.192604 0.183924 0.013778
4 12 0.191680 0.183924 0.013778
4 13 0.191063 0.183924 0.013778
4 14 0.196302 0.183924 0.013778
4 15 0.198151 0.183924 0.013778
4 16 0.195378 0.183924 0.013778
4 17 0.193991 0.183924 0.013778
4 18 0.192912 0.183924 0.013778
4 19 0.186903 0.183924 0.013778
4 20 0.178274 0.183924 0.013778
5 0 0.171341 0.183924 0.013778
5 1 0.170570 0.183924 0.013778
5 2 0.176117 0.183924 0.013778
5 3 0.177042 0.183924 0.013778
5 4 0.176117 0.183924 0.013778
5 5 0.183051 0.183924 0.013778
5 6 0.187057 0.183924 0.013778
5 7 0.189368 0.183924 0.013778
5 8 0.193066 0.183924 0.013778
5 9 0.192912 0.183924 0.013778
5 10 0.194453 0.183924 0.013778
5 11 0.193374 0.183924 0.013778
5 12 0.192758 0.183924 0.013778
5 13 0.193220 0.183924 0.013778
5 14 0.196456 0.183924 0.013778
5 15 0.197227 0.183924 0.013778
5 16 0.195994 0.183924 0.013778
5 17 0.193837 0.183924 0.013778
5 18 0.194761 0.183924 0.013778
5 19 0.187982 0.183924 0.013778
5 20 0.183667 0.183924 0.013778
6 0 0.171032 0.183924 0.013778
6 1 0.172111 0.183924 0.013778
6 2 0.176271 0.183924 0.013778
6 3 0.178274 0.183924 0.013778
6 4 0.178737 0.183924 0.013778
6 5 0.185670 0.183924 0.013778
6 6 0.187827 0.183924 0.013778
6 7 0.192142 0.183924 0.013778
6 8 0.192604 0.183924 0.013778
6 9 0.192604 0.183924 0.013778
6 10 0.195532 0.183924 0.013778
6 11 0.197381 0.183924 0.013778
6 12 0.196764 0.183924 0.013778
6 13 0.197381 0.183924 0.013778
6 14 0.198151 0.183924 0.013778
6 15 0.199384 0.183924 0.013778
6 16 0.198305 0.183924 0.013778
6 17 0.195840 0.183924 0.013778
6 18 0.195378 0.183924 0.013778
6 19 0.192142 0.183924 0.013778
6 20 0.184438 0.183924 0.013778
7 0 0.169646 0.183924 0.013778
7 1 0.171495 0.183924 0.013778
7 2 0.175039 0.183924 0.013778
7 3 0.177196 0.183924 0.013778
7 4 0.177812 0.183924 0.013778
7 5 0.183821 0.183924 0.013778
7 6 0.189676 0.183924 0.013778
7 7 0.192142 0.183924 0.013778
7 8 0.191680 0.183924 0.013778
7 9 0.193837 0.183924 0.013778
7 10 0.193683 0.183924 0.013778
7 11 0.197535 0.183924 0.013778
7 12 0.197689 0.183924 0.013778
7 13 0.200462 0.183924 0.013778
7 14 0.200616 0.183924 0.013778
7 15 0.201849 0.183924 0.013778
7 16 0.200462 0.183924 0.013778
7 17 0.197843 0.183924 0.013778
7 18 0.195686 0.183924 0.013778
7 19 0.193374 0.183924 0.013778
7 20 0.184592 0.183924 0.013778
8 0 0.169954 0.183924 0.013778
8 1 0.173035 0.183924 0.013778
8 2 0.177504 0.183924 0.013778
8 3 0.181972 0.183924 0.013778
8 4 0.186133 0.183924 0.013778
8 5 0.188290 0.183924 0.013778
8 6 0.190293 0.183924 0.013778
8 7 0.193529 0.183924 0.013778
8 8 0.194761 0.183924 0.013778
8 9 0.193066 0.183924 0.013778
8 10 0.195378 0.183924 0.013778
8 11 0.197381 0.183924 0.013778
8 12 0.199692 0.183924 0.013778
8 13 0.200616 0.183924 0.013778
8 14 0.201233 0.183924 0.013778
8 15 0.200308 0.183924 0.013778
8 16 0.200000 0.183924 0.013778
8 17 0.198305 0.183924 0.013778
8 18 0.196610 0.183924 0.013778
8 19 0.191988 0.183924 0.013778
8 20 0.186287 0.183924 0.013778
9 0 0.169646 0.183924 0.013778
9 1 0.173806 0.183924 0.013778
9 2 0.180431 0.183924 0.013778
9 3 0.181510 0.183924 0.013778
9 4 0.185824 0.183924 0.013778
9 5 0.191063 0.183924 0.013778
9 6 0.194607 0.183924 0.013778
9 7 0.194299 0.183924 0.013778
9 8 0.192912 0.183924 0.013778
9 9 0.192450 0.183924 0.013778
9 10 0.193374 0.183924 0.013778
9 11 0.196148 0.183924 0.013778
9 12 0.197997 0.183924 0.013778
9 13 0.198151 0.183924 0.013778
9 14 0.198613 0.183924 0.013778
9 15 0.199538 0.183924 0.013778
9 16 0.198921 0.183924 0.013778
9 17 0.196918 0.183924 0.013778
9 18 0.195378 0.183924 0.013778
9 19 0.191680 0.183924 0.013778
9 20 0.186903 0.183924 0.013778
10 0 0.171649 0.183924 0.013778
10 1 0.176733 0.183924 0.013778
10 2 0.180277 0.183924 0.013778
10 3 0.183359 0.183924 0.013778
10 4 0.187211 0.183924 0.013778
10 5 0.192758 0.183924 0.013778
10 6 0.194145 0.183924 0.013778
10 7 0.198921 0.183924 0.013778
10 8 0.195686 0.183924 0.013778
10 9 0.196302 0.183924 0.013778
10 10 0.196148 0.183924 0.013778
10 11 0.196764 0.183924 0.013778
10 12 0.197227 0.183924 0.013778
10 13 0.199384 0.183924 0.013778
10 14 0.200770 0.183924 0.013778
10 15 0.199538 0.183924 0.013778
10 16 0.198305 0.183924 0.013778
10 17 0.193991 0.183924 0.013778
10 18 0.191525 0.183924 0.013778
10 19 0.189676 0.183924 0.013778
10 20 0.182435 0.183924 0.013778
11 0 0.172111 0.183924 0.013778
11 1 0.177350 0.183924 0.013778
11 2 0.182743 0.183924 0.013778
11 3 0.185670 0.183924 0.013778
11 4 0.189676 0.183924 0.013778
11 5 0.193683 0.183924 0.013778
11 6 0.196764 0.183924 0.013778
11 7 0.200154 0.183924 0.013778
11 8 0.197535 0.183924 0.013778
11 9 0.196610 0.183924 0.013778
11 10 0.195069 0.183924 0.013778
11 11 0.195378 0.183924 0.013778
11 12 0.196764 0.183924 0.013778
11 13 0.198767 0.183924 0.013778
11 14 0.196302 0.183924 0.013778
11 15 0.200000 0.183924 0.013778
11 16 0.198151 0.183924 0.013778
11 17 0.192604 0.183924 0.013778
11 18 0.189368 0.183924 0.013778
11 19 0.184900 0.183924 0.013778
11 20 0.179815 0.183924 0.013778
12 0 0.173960 0.183924 0.013778
12 1 0.181818 0.183924 0.013778
12 2 0.185208 0.183924 0.013778
12 3 0.185978 0.183924 0.013778
12 4 0.190139 0.183924 0.013778
12 5 0.194453 0.183924 0.013778
12 6 0.197227 0.183924 0.013778
12 7 0.201849 0.183924 0.013778
12 8 0.200770 0.183924 0.013778
12 9 0.199384 0.183924 0.013778
12 10 0.196610 0.183924 0.013778
12 11 0.195532 0.183924 0.013778
12 12 0.198305 0.183924 0.013778
12 13 0.197689 0.183924 0.013778
12 14 0.197689 0.183924 0.013778
12 15 0.197843 0.183924 0.013778
12 16 0.193220 0.183924 0.013778
12 17 0.187057 0.183924 0.013778
12 18 0.183975 0.183924 0.013778
12 19 0.179661 0.183924 0.013778
12 20 0.173806 0.183924 0.013778
13 0 0.175039 0.183924 0.013778
13 1 0.181818 0.183924 0.013778
13 2 0.187365 0.183924 0.013778
13 3 0.187673 0.183924 0.013778
13 4 0.189368 0.183924 0.013778
13 5 0.194607 0.183924 0.013778
13 6 0.197072 0.183924 0.013778
13 7 0.200616 0.183924 0.013778
13 8 0.203236 0.183924 0.013778
13 9 0.202311 0.183924 0.013778
13 10 0.198767 0.183924 0.013778
13 11 0.199846 0.183924 0.013778
13 12 0.198151 0.183924 0.013778
13 13 0.197843 0.183924 0.013778
13 14 0.195223 0.183924 0.013778
13 15 0.194607 0.183924 0.013778
13 16 0.189214 0.183924 0.013778
13 17 0.184284 0.183924 0.013778
13 18 0.181664 0.183924 0.013778
13 19 0.174268 0.183924 0.013778
13 20 0.164253 0.183924 0.013778
14 0 0.177504 0.183924 0.013778
14 1 0.182280 0.183924 0.013778
14 2 0.185824 0.183924 0.013778
14 3 0.185978 0.183924 0.013778
14 4 0.188906 0.183924 0.013778
14 5 0.191988 0.183924 0.013778
14 6 0.195532 0.183924 0.013778
14 7 0.200616 0.183924 0.013778
14 8 0.202465 0.183924 0.013778
14 9 0.201233 0.183924 0.013778
14 10 0.197381 0.183924 0.013778
14 11 0.198305 0.183924 0.013778
14 12 0.196302 0.183924 0.013778
14 13 0.194915 0.183924 0.013778
14 14 0.188906 0.183924 0.013778
14 15 0.188444 0.183924 0.013778
14 16 0.185516 0.183924 0.013778
14 17 0.180740 0.183924 0.013778
14 18 0.175809 0.183924 0.013778
14 19 0.167797 0.183924 0.013778
14 20 0.158552 0.183924 0.013778
15 0 0.176733 0.183924 0.013778
15 1 0.181664 0.183924 0.013778
15 2 0.183667 0.183924 0.013778
15 3 0.185824 0.183924 0.013778
15 4 0.188752 0.183924 0.013778
15 5 0.191525 0.183924 0.013778
15 6 0.192912 0.183924 0.013778
15 7 0.195840 0.183924 0.013778
15 8 0.200462 0.183924 0.013778
15 9 0.198305 0.183924 0.013778
15 10 0.197072 0.183924 0.013778
15 11 0.198459 0.183924 0.013778
15 12 0.195840 0.183924 0.013778
15 13 0.192912 0.183924 0.013778
15 14 0.186595 0.183924 0.013778
15 15 0.183359 0.183924 0.013778
15 16 0.180894 0.183924 0.013778
15 17 0.174884 0.183924 0.013778
15 18 0.169337 0.183924 0.013778
15 19 0.164869 0.183924 0.013778
15 20 0.150847 0.183924 0.013778
16 0 0.176733 0.183924 0.013778
16 1 0.182280 0.183924 0.013778
16 2 0.186133 0.183924 0.013778
16 3 0.187673 0.183924 0.013778
16 4 0.189831 0.183924 0.013778
16 5 0.190909 0.183924 0.013778
16 6 0.192296 0.183924 0.013778
16 7 0.198151 0.183924 0.013778
16 8 0.199230 0.183924 0.013778
16 9 0.198305 0.183924 0.013778
16 10 0.195069 0.183924 0.013778
16 11 0.196456 0.183924 0.013778
16 12 0.194915 0.183924 0.013778
16 13 0.190909 0.183924 0.013778
16 14 0.181664 0.183924 0.013778
16 15 0.180123 0.183924 0.013778
16 16 0.176579 0.183924 0.013778
16 17 0.169646 0.183924 0.013778
16 18 0.162866 0.183924 0.013778
16 19 0.157473 0.183924 0.013778
16 20 0.146995 0.183924 0.013778
17 0 0.174114 0.183924 0.013778
17 1 0.177812 0.183924 0.013778
17 2 0.183975 0.183924 0.013778
17 3 0.183821 0.183924 0.013778
17 4 0.186749 0.183924 0.013778
17 5 0.189831 0.183924 0.013778
17 6 0.190755 0.183924 0.013778
17 7 0.193374 0.183924 0.013778
17 8 0.199230 0.183924 0.013778
17 9 0.198151 0.183924 0.013778
17 10 0.195840 0.183924 0.013778
17 11 0.195223 0.183924 0.013778
17 12 0.192912 0.183924 0.013778
17 13 0.189368 0.183924 0.013778
17 14 0.180431 0.183924 0.013778
17 15 0.176733 0.183924 0.013778
17 16 0.169492 0.183924 0.013778
17 17 0.162866 0.183924 0.013778
17 18 0.157165 0.183924 0.013778
17 19 0.151002 0.183924 0.013778
17 20 0.138983 0.183924 0.013778
18 0 0.171957 0.183924 0.013778
18 1 0.175347 0.183924 0.013778
18 2 0.182280 0.183924 0.013778
18 3 0.182743 0.183924 0.013778
18 4 0.185362 0.183924 0.013778
18 5 0.187519 0.183924 0.013778
18 6 0.191834 0.183924 0.013778
18 7 0.192912 0.183924 0.013778
18 8 0.195378 0.183924 0.013778
18 9 0.196302 0.183924 0.013778
18 10 0.195378 0.183924 0.013778
18 11 0.194761 0.183924 0.013778
18 12 0.187982 0.183924 0.013778
18 13 0.185516 0.183924 0.013778
18 14 0.181048 0.183924 0.013778
18 15 0.170878 0.183924 0.013778
18 16 0.165023 0.183924 0.013778
18 17 0.154854 0.183924 0.013778
18 18 0.148690 0.183924 0.013778
18 19 0.144376 0.183924 0.013778
18 20 0.132512 0.183924 0.013778
19 0 0.167797 0.183924 0.013778
19 1 0.169954 0.183924 0.013778
19 2 0.175655 0.183924 0.013778
19 3 0.178891 0.183924 0.013778
19 4 0.183205 0.183924 0.013778
19 5 0.185824 0.183924 0.013778
19 6 0.188444 0.183924 0.013778
19 7 0.189831 0.183924 0.013778
19 8 0.193066 0.183924 0.013778
19 9 0.192450 0.183924 0.013778
19 10 0.190293 0.183924 0.013778
19 11 0.188444 0.183924 0.013778
19 12 0.181202 0.183924 0.013778
19 13 0.174730 0.183924 0.013778
19 14 0.171495 0.183924 0.013778
19 15 0.164869 0.183924 0.013778
19 16 0.156086 0.183924 0.013778
19 17 0.145917 0.183924 0.013778
19 18 0.140678 0.183924 0.013778
19 19 0.136055 0.183924 0.013778
19 20 0.127889 0.183924 0.013778
20 0 0.163174 0.183924 0.013778
20 1 0.166564 0.183924 0.013778
20 2 0.170262 0.183924 0.013778
20 3 0.176117 0.183924 0.013778
20 4 0.180431 0.183924 0.013778
20 5 0.183205 0.183924 0.013778
20 6 0.184592 0.183924 0.013778
20 7 0.188136 0.183924 0.013778
20 8 0.189985 0.183924 0.013778
20 9 0.183513 0.183924 0.013778
20 10 0.182126 0.183924 0.013778
20 11 0.179045 0.183924 0.013778
20 12 0.172265 0.183924 0.013778
20 13 0.164561 0.183924 0.013778
20 14 0.158398 0.183924 0.013778
20 15 0.151002 0.183924 0.013778
20 16 0.143451 0.183924 0.013778
20 17 0.137442 0.183924 0.013778
20 18 0.130971 0.183924 0.013778
20 19 0.124961 0.183924 0.013778
20 20 0.119260 0.183924 0.013778
