# contact distance = 28.0 Angstroms
# F = 0.4 kJ/mol

# i j contact_probability mean_contact_probability stddev_contact_probability
0 0 0.150199 0.149155 0.007347
0 1 0.152851 0.149155 0.007347
0 2 0.153017 0.149155 0.007347
0 3 0.151857 0.149155 0.007347
0 4 0.147215 0.149155 0.007347
0 5 0.138760 0.149155 0.007347
0 6 0.132460 0.149155 0.007347
0 7 0.125332 0.149155 0.007347
0 8 0.118866 0.149155 0.007347
0 9 0.119032 0.149155 0.007347
0 10 0.123342 0.149155 0.007347
0 11 0.129973 0.149155 0.007347
0 12 0.132129 0.149155 0.007347
0 13 0.136605 0.149155 0.007347
0 14 0.140086 0.149155 0.007347
0 15 0.145060 0.149155 0.007347
0 16 0.148375 0.149155 0.007347
0 17 0.145723 0.149155 0.007347
0 18 0.145723 0.149155 0.007347
0 19 0.142407 0.149155 0.007347
0 20 0.140252 0.149155 0.007347
1 0 0.153680 0.149155 0.007347
1 1 0.157328 0.149155 0.007347
1 2 0.158322 0.149155 0.007347
1 3 0.154344 0.149155 0.007347
1 4 0.149370 0.149155 0.007347
1 5 0.140749 0.149155 0.007347
1 6 0.137268 0.149155 0.007347
1 7 0.131300 0.149155 0.007347
1 8 0.128316 0.149155 0.007347
1 9 0.128647 0.149155 0.007347
1 10 0.132129 0.149155 0.007347
1 11 0.133621 0.149155 0.007347
1 12 0.138097 0.149155 0.007347
1 13 0.142407 0.149155 0.007347
1 14 0.146054 0.149155 0.007347
1 15 0.149038 0.149155 0.007347
1 16 0.150696 0.149155 0.007347
1 17 0.148873 0.149155 0.007347
1 18 0.149536 0.149155 0.007347
1 19 0.147712 0.149155 0.007347
1 20 0.145225 0.149155 0.007347
2 0 0.157328 0.149155 0.007347
2 1 0.158488 0.149155 0.007347
2 2 0.159649 0.149155 0.007347
2 3 0.155504 0.149155 0.007347
2 4 0.152686 0.149155 0.007347
2 5 0.148210 0.149155 0.007347
2 6 0.141247 0.149155 0.007347
2 7 0.136771 0.149155 0.007347
2 8 0.133786 0.149155 0.007347
2 9 0.136439 0.149155 0.007347
2 10 0.136107 0.149155 0.007347
2 11 0.141412 0.149155 0.007347
2 12 0.143733 0.149155 0.007347
2 13 0.146883 0.149155 0.007347
2 14 0.151525 0.149155 0.007347
2 15 0.153017 0.149155 0.007347
2 16 0.153515 0.149155 0.007347
2 17 0.153846 0.149155 0.007347
2 18 0.149867 0.149155 0.007347
2 19 0.150365 0.149155 0.007347
2 20 0.147878 0.149155 0.007347
3 0 0.154675 0.149155 0.007347
3 1 0.156996 0.149155 0.007347
3 2 0.158820 0.149155 0.007347
3 3 0.159649 0.149155 0.007347
3 4 0.154178 0.149155 0.007347
3 5 0.150696 0.149155 0.007347
3 6 0.148210 0.149155 0.007347
3 7 0.142241 0.149155 0.007347
3 8 0.138594 0.149155 0.007347
3 9 0.138594 0.149155 0.007347
3 10 0.139589 0.149155 0.007347
3 11 0.142241 0.149155 0.007347
3 12 0.145225 0.149155 0.007347
3 13 0.147215 0.149155 0.007347
3 14 0.151194 0.149155 0.007347
3 15 0.153680 0.149155 0.007347
3 16 0.152354 0.149155 0.007347
3 17 0.155836 0.149155 0.007347
3 18 0.154344 0.149155 0.007347
3 19 0.151525 0.149155 0.007347
3 20 0.149702 0.149155 0.007347
4 0 0.149370 0.149155 0.007347
4 1 0.153846 0.149155 0.007347
4 2 0.157659 0.149155 0.007347
4 3 0.158156 0.149155 0.007347
4 4 0.156830 0.149155 0.007347
4 5 0.155007 0.149155 0.007347
4 6 0.149370 0.149155 0.007347
4 7 0.143236 0.149155 0.007347
4 8 0.143733 0.149155 0.007347
4 9 0.141910 0.149155 0.007347
4 10 0.141412 0.149155 0.007347
4 11 0.142241 0.149155 0.007347
4 12 0.146883 0.149155 0.007347
4 13 0.149702 0.149155 0.007347
4 14 0.154841 0.149155 0.007347
4 15 0.156167 0.149155 0.007347
4 16 0.156996 0.149155 0.007347
4 17 0.155338 0.149155 0.007347
4 18 0.153846 0.149155 0.007347
4 19 0.151691 0.149155 0.007347
4 20 0.150033 0.149155 0.007347
5 0 0.145391 0.149155 0.007347
5 1 0.148873 0.149155 0.007347
5 2 0.152188 0.149155 0.007347
5 3 0.156167 0.149155 0.007347
5 4 0.153680 0.149155 0.007347
5 5 0.152520 0.149155 0.007347
5 6 0.152188 0.149155 0.007347
5 7 0.145391 0.149155 0.007347
5 8 0.144231 0.149155 0.007347
5 9 0.142905 0.149155 0.007347
5 10 0.140418 0.149155 0.007347
5 11 0.145723 0.149155 0.007347
5 12 0.146883 0.149155 0.007347
5 13 0.151525 0.149155 0.007347
5 14 0.154675 0.149155 0.007347
5 15 0.159151 0.149155 0.007347
5 16 0.158156 0.149155 0.007347
5 17 0.155338 0.149155 0.007347
5 18 0.156167 0.149155 0.007347
5 19 0.153349 0.149155 0.007347
5 20 0.150696 0.149155 0.007347
6 0 0.140584 0.149155 0.007347
6 1 0.144728 0.149155 0.007347
6 2 0.150199 0.149155 0.007347
6 3 0.152851 0.149155 0.007347
6 4 0.152354 0.149155 0.007347
6 5 0.152188 0.149155 0.007347
6 6 0.148541 0.149155 0.007347
6 7 0.145225 0.149155 0.007347
6 8 0.145889 0.149155 0.007347
6 9 0.141412 0.149155 0.007347
6 10 0.142076 0.149155 0.007347
6 11 0.145391 0.149155 0.007347
6 12 0.147546 0.149155 0.007347
6 13 0.152188 0.149155 0.007347
6 14 0.156167 0.149155 0.007347
6 15 0.160975 0.149155 0.007347
6 16 0.158654 0.149155 0.007347
6 17 0.155836 0.149155 0.007347
6 18 0.156167 0.149155 0.007347
6 19 0.152188 0.149155 0.007347
6 20 0.150365 0.149155 0.007347
7 0 0.135113 0.149155 0.007347
7 1 0.140418 0.149155 0.007347
7 2 0.146552 0.149155 0.007347
7 3 0.146883 0.149155 0.007347
7 4 0.146552 0.149155 0.007347
7 5 0.146718 0.149155 0.007347
7 6 0.143733 0.149155 0.007347
7 7 0.144397 0.149155 0.007347
7 8 0.140584 0.149155 0.007347
7 9 0.140749 0.149155 0.007347
7 10 0.141247 0.149155 0.007347
7 11 0.143733 0.149155 0.007347
7 12 0.145060 0.149155 0.007347
7 13 0.152188 0.149155 0.007347
7 14 0.156001 0.149155 0.007347
7 15 0.158820 0.149155 0.007347
7 16 0.156664 0.149155 0.007347
7 17 0.154012 0.149155 0.007347
7 18 0.153846 0.149155 0.007347
7 19 0.148375 0.149155 0.007347
7 20 0.146220 0.149155 0.007347
8 0 0.133289 0.149155 0.007347
8 1 0.139589 0.149155 0.007347
8 2 0.144397 0.149155 0.007347
8 3 0.144397 0.149155 0.007347
8 4 0.144397 0.149155 0.007347
8 5 0.144894 0.149155 0.007347
8 6 0.143070 0.149155 0.007347
8 7 0.142241 0.149155 0.007347
8 8 0.142241 0.149155 0.007347
8 9 0.140915 0.149155 0.007347
8 10 0.142407 0.149155 0.007347
8 11 0.142407 0.149155 0.007347
8 12 0.144397 0.149155 0.007347
8 13 0.151359 0.149155 0.007347
8 14 0.154344 0.149155 0.007347
8 15 0.156167 0.149155 0.007347
8 16 0.155172 0.149155 0.007347
8 17 0.153183 0.149155 0.007347
8 18 0.150696 0.149155 0.007347
8 19 0.148044 0.149155 0.007347
8 20 0.146054 0.149155 0.007347
9 0 0.131134 0.149155 0.007347
9 1 0.138263 0.149155 0.007347
9 2 0.141744 0.149155 0.007347
9 3 0.141744 0.149155 0.007347
9 4 0.143402 0.149155 0.007347
9 5 0.144397 0.149155 0.007347
9 6 0.144894 0.149155 0.007347
9 7 0.139920 0.149155 0.007347
9 8 0.141412 0.149155 0.007347
9 9 0.140749 0.149155 0.007347
9 10 0.141247 0.149155 0.007347
9 11 0.141081 0.149155 0.007347
9 12 0.142407 0.149155 0.007347
9 13 0.146883 0.149155 0.007347
9 14 0.151194 0.149155 0.007347
9 15 0.152023 0.149155 0.007347
9 16 0.152023 0.149155 0.007347
9 17 0.150862 0.149155 0.007347
9 18 0.150696 0.149155 0.007347
9 19 0.147878 0.149155 0.007347
9 20 0.143236 0.149155 0.007347
10 0 0.132792 0.149155 0.007347
10 1 0.137931 0.149155 0.007347
10 2 0.143568 0.149155 0.007347
10 3 0.143899 0.149155 0.007347
10 4 0.143733 0.149155 0.007347
10 5 0.146552 0.149155 0.007347
10 6 0.145723 0.149155 0.007347
10 7 0.143899 0.149155 0.007347
10 8 0.145225 0.149155 0.007347
10 9 0.145225 0.149155 0.007347
10 10 0.143236 0.149155 0.007347
10 11 0.145557 0.149155 0.007347
10 12 0.146054 0.149155 0.007347
10 13 0.148044 0.149155 0.007347
10 14 0.153846 0.149155 0.007347
10 15 0.152686 0.149155 0.007347
10 16 0.153680 0.149155 0.007347
10 17 0.151857 0.149155 0.007347
10 18 0.149536 0.149155 0.007347
10 19 0.146718 0.149155 0.007347
10 20 0.140749 0.149155 0.007347
11 0 0.136936 0.149155 0.007347
11 1 0.143899 0.149155 0.007347
11 2 0.148044 0.149155 0.007347
11 3 0.147381 0.149155 0.007347
11 4 0.148873 0.149155 0.007347
11 5 0.146220 0.149155 0.007347
11 6 0.148044 0.149155 0.007347
11 7 0.148541 0.149155 0.007347
11 8 0.145391 0.149155 0.007347
11 9 0.144728 0.149155 0.007347
11 10 0.145557 0.149155 0.007347
11 11 0.144562 0.149155 0.007347
11 12 0.147712 0.149155 0.007347
11 13 0.152520 0.149155 0.007347
11 14 0.153846 0.149155 0.007347
11 15 0.154344 0.149155 0.007347
11 16 0.155670 0.149155 0.007347
11 17 0.153846 0.149155 0.007347
11 18 0.152354 0.149155 0.007347
11 19 0.148873 0.149155 0.007347
11 20 0.141247 0.149155 0.007347
12 0 0.140749 0.149155 0.007347
12 1 0.146718 0.149155 0.007347
12 2 0.152354 0.149155 0.007347
12 3 0.154841 0.149155 0.007347
12 4 0.152686 0.149155 0.007347
12 5 0.150033 0.149155 0.007347
12 6 0.149867 0.149155 0.007347
12 7 0.148044 0.149155 0.007347
12 8 0.146220 0.149155 0.007347
12 9 0.145060 0.149155 0.007347
12 10 0.143733 0.149155 0.007347
12 11 0.148707 0.149155 0.007347
12 12 0.151194 0.149155 0.007347
12 13 0.155670 0.149155 0.007347
12 14 0.156499 0.149155 0.007347
12 15 0.157328 0.149155 0.007347
12 16 0.157991 0.149155 0.007347
12 17 0.157162 0.149155 0.007347
12 18 0.156333 0.149155 0.007347
12 19 0.151691 0.149155 0.007347
12 20 0.142905 0.149155 0.007347
13 0 0.145557 0.149155 0.007347
13 1 0.149370 0.149155 0.007347
13 2 0.153183 0.149155 0.007347
13 3 0.155670 0.149155 0.007347
13 4 0.153183 0.149155 0.007347
13 5 0.153017 0.149155 0.007347
13 6 0.151525 0.149155 0.007347
13 7 0.149370 0.149155 0.007347
13 8 0.147878 0.149155 0.007347
13 9 0.147878 0.149155 0.007347
13 10 0.149204 0.149155 0.007347
13 11 0.148707 0.149155 0.007347
13 12 0.152851 0.149155 0.007347
13 13 0.156830 0.149155 0.007347
13 14 0.157825 0.149155 0.007347
13 15 0.160146 0.149155 0.007347
13 16 0.161638 0.149155 0.007347
13 17 0.160975 0.149155 0.007347
13 18 0.158654 0.149155 0.007347
13 19 0.156001 0.149155 0.007347
13 20 0.147878 0.149155 0.007347
14 0 0.150033 0.149155 0.007347
14 1 0.153846 0.149155 0.007347
14 2 0.157328 0.149155 0.007347
14 3 0.158820 0.149155 0.007347
14 4 0.157493 0.149155 0.007347
14 5 0.158322 0.149155 0.007347
14 6 0.154841 0.149155 0.007347
14 7 0.150696 0.149155 0.007347
14 8 0.147878 0.149155 0.007347
14 9 0.147381 0.149155 0.007347
14 10 0.148375 0.149155 0.007347
14 11 0.149702 0.149155 0.007347
14 12 0.153017 0.149155 0.007347
14 13 0.157328 0.149155 0.007347
14 14 0.160477 0.149155 0.007347
14 15 0.160312 0.149155 0.007347
14 16 0.162301 0.149155 0.007347
14 17 0.164954 0.149155 0.007347
14 18 0.162467 0.149155 0.007347
14 19 0.156996 0.149155 0.007347
14 20 0.148210 0.149155 0.007347
15 0 0.148044 0.149155 0.007347
15 1 0.155338 0.149155 0.007347
15 2 0.157328 0.149155 0.007347
15 3 0.157825 0.149155 0.007347
15 4 0.159814 0.149155 0.007347
15 5 0.159649 0.149155 0.007347
15 6 0.153515 0.149155 0.007347
15 7 0.152023 0.149155 0.007347
15 8 0.149536 0.149155 0.007347
15 9 0.148873 0.149155 0.007347
15 10 0.151359 0.149155 0.007347
15 11 0.153183 0.149155 0.007347
15 12 0.152851 0.149155 0.007347
15 13 0.156830 0.149155 0.007347
15 14 0.158488 0.149155 0.007347
15 15 0.161638 0.149155 0.007347
15 16 0.162633 0.149155 0.007347
15 17 0.163296 0.149155 0.007347
15 18 0.161638 0.149155 0.007347
15 19 0.158488 0.149155 0.007347
15 20 0.150531 0.149155 0.007347
16 0 0.150862 0.149155 0.007347
16 1 0.155836 0.149155 0.007347
16 2 0.156333 0.149155 0.007347
16 3 0.157825 0.149155 0.007347
16 4 0.157991 0.149155 0.007347
16 5 0.156333 0.149155 0.007347
16 6 0.155836 0.149155 0.007347
16 7 0.152354 0.149155 0.007347
16 8 0.150531 0.149155 0.007347
16 9 0.148873 0.149155 0.007347
16 10 0.150531 0.149155 0.007347
16 11 0.151359 0.149155 0.007347
16 12 0.152520 0.149155 0.007347
16 13 0.155836 0.149155 0.007347
16 14 0.158322 0.149155 0.007347
16 15 0.160809 0.149155 0.007347
16 16 0.160312 0.149155 0.007347
16 17 0.162135 0.149155 0.007347
16 18 0.162301 0.149155 0.007347
16 19 0.157328 0.149155 0.007347
16 20 0.151525 0.149155 0.007347
17 0 0.155338 0.149155 0.007347
17 1 0.155836 0.149155 0.007347
17 2 0.156996 0.149155 0.007347
17 3 0.159317 0.149155 0.007347
17 4 0.156664 0.149155 0.007347
17 5 0.151857 0.149155 0.007347
17 6 0.153515 0.149155 0.007347
17 7 0.149370 0.149155 0.007347
17 8 0.149038 0.149155 0.007347
17 9 0.147215 0.149155 0.007347
17 10 0.146220 0.149155 0.007347
17 11 0.148375 0.149155 0.007347
17 12 0.152686 0.149155 0.007347
17 13 0.155007 0.149155 0.007347
17 14 0.156499 0.149155 0.007347
17 15 0.158985 0.149155 0.007347
17 16 0.160975 0.149155 0.007347
17 17 0.161804 0.149155 0.007347
17 18 0.159317 0.149155 0.007347
17 19 0.154509 0.149155 0.007347
17 20 0.146552 0.149155 0.007347
18 0 0.153515 0.149155 0.007347
18 1 0.157825 0.149155 0.007347
18 2 0.157493 0.149155 0.007347
18 3 0.154178 0.149155 0.007347
18 4 0.154012 0.149155 0.007347
18 5 0.150531 0.149155 0.007347
18 6 0.148375 0.149155 0.007347
18 7 0.148375 0.149155 0.007347
18 8 0.146718 0.149155 0.007347
18 9 0.146054 0.149155 0.007347
18 10 0.144231 0.149155 0.007347
18 11 0.147049 0.149155 0.007347
18 12 0.148044 0.149155 0.007347
18 13 0.153680 0.149155 0.007347
18 14 0.153846 0.149155 0.007347
18 15 0.157991 0.149155 0.007347
18 16 0.159483 0.149155 0.007347
18 17 0.160809 0.149155 0.007347
18 18 0.155338 0.149155 0.007347
18 19 0.148873 0.149155 0.007347
18 20 0.142905 0.149155 0.007347
19 0 0.151691 0.149155 0.007347
19 1 0.153680 0.149155 0.007347
19 2 0.154509 0.149155 0.007347
19 3 0.152520 0.149155 0.007347
19 4 0.151028 0.149155 0.007347
19 5 0.148210 0.149155 0.007347
19 6 0.145060 0.149155 0.007347
19 7 0.144397 0.149155 0.007347
19 8 0.143899 0.149155 0.007347
19 9 0.143899 0.149155 0.007347
19 10 0.141412 0.149155 0.007347
19 11 0.144231 0.149155 0.007347
19 12 0.144562 0.149155 0.007347
19 13 0.147878 0.149155 0.007347
19 14 0.151194 0.149155 0.007347
19 15 0.151691 0.149155 0.007347
19 16 0.155007 0.149155 0.007347
19 17 0.152188 0.149155 0.007347
19 18 0.148044 0.149155 0.007347
19 19 0.142241 0.149155 0.007347
19 20 0.136936 0.149155 0.007347
20 0 0.150033 0.149155 0.007347
20 1 0.153017 0.149155 0.007347
20 2 0.154178 0.149155 0.007347
20 3 0.151525 0.149155 0.007347
20 4 0.149370 0.149155 0.007347
20 5 0.148210 0.149155 0.007347
20 6 0.143899 0.149155 0.007347
20 7 0.140584 0.149155 0.007347
20 8 0.138428 0.149155 0.007347
20 9 0.137268 0.149155 0.007347
20 10 0.137765 0.149155 0.007347
20 11 0.139589 0.149155 0.007347
20 12 0.142573 0.149155 0.007347
20 13 0.144562 0.149155 0.007347
20 14 0.147546 0.149155 0.007347
20 15 0.147381 0.149155 0.007347
20 16 0.149867 0.149155 0.007347
20 17 0.147878 0.149155 0.007347
20 18 0.144562 0.149155 0.007347
20 19 0.137268 0.149155 0.007347
20 20 0.130637 0.149155 0.007347
