# contact distance = 28.0 Angstroms
# F = 0.4 kJ/mol

# i j contact_probability mean_contact_probability stddev_contact_probability
0 0 0.168951 0.166771 0.005255
0 1 0.173686 0.166771 0.005255
0 2 0.172066 0.166771 0.005255
0 3 0.174558 0.166771 0.005255
0 4 0.171941 0.166771 0.005255
0 5 0.167830 0.166771 0.005255
0 6 0.167082 0.166771 0.005255
0 7 0.164839 0.166771 0.005255
0 8 0.163344 0.166771 0.005255
0 9 0.161226 0.166771 0.005255
0 10 0.162347 0.166771 0.005255
0 11 0.164092 0.166771 0.005255
0 12 0.167207 0.166771 0.005255
0 13 0.168577 0.166771 0.005255
0 14 0.171318 0.166771 0.005255
0 15 0.171194 0.166771 0.005255
0 16 0.173312 0.166771 0.005255
0 17 0.172315 0.166771 0.005255
0 18 0.170321 0.166771 0.005255
0 19 0.167954 0.166771 0.005255
0 20 0.165836 0.166771 0.005255
1 0 0.171567 0.166771 0.005255
1 1 0.172066 0.166771 0.005255
1 2 0.174682 0.166771 0.005255
1 3 0.175928 0.166771 0.005255
1 4 0.174558 0.166771 0.005255
1 5 0.172689 0.166771 0.005255
1 6 0.170321 0.166771 0.005255
1 7 0.167705 0.166771 0.005255
1 8 0.166334 0.166771 0.005255
1 9 0.164465 0.166771 0.005255
1 10 0.165462 0.166771 0.005255
1 11 0.169200 0.166771 0.005255
1 12 0.171817 0.166771 0.005255
1 13 0.173686 0.166771 0.005255
1 14 0.173436 0.166771 0.005255
1 15 0.170321 0.166771 0.005255
1 16 0.173312 0.166771 0.005255
1 17 0.173935 0.166771 0.005255
1 18 0.174059 0.166771 0.005255
1 19 0.170944 0.166771 0.005255
1 20 0.167580 0.166771 0.005255
2 0 0.175305 0.166771 0.005255
2 1 0.176053 0.166771 0.005255
2 2 0.175554 0.166771 0.005255
2 3 0.176551 0.166771 0.005255
2 4 0.172564 0.166771 0.005255
2 5 0.171567 0.166771 0.005255
2 6 0.170820 0.166771 0.005255
2 7 0.171692 0.166771 0.005255
2 8 0.170072 0.166771 0.005255
2 9 0.165961 0.166771 0.005255
2 10 0.169823 0.166771 0.005255
2 11 0.171443 0.166771 0.005255
2 12 0.174059 0.166771 0.005255
2 13 0.173312 0.166771 0.005255
2 14 0.172564 0.166771 0.005255
2 15 0.172813 0.166771 0.005255
2 16 0.173312 0.166771 0.005255
2 17 0.175305 0.166771 0.005255
2 18 0.173436 0.166771 0.005255
2 19 0.171567 0.166771 0.005255
2 20 0.168702 0.166771 0.005255
3 0 0.168702 0.166771 0.005255
3 1 0.173810 0.166771 0.005255
3 2 0.170820 0.166771 0.005255
3 3 0.175928 0.166771 0.005255
3 4 0.171194 0.166771 0.005255
3 5 0.173063 0.166771 0.005255
3 6 0.171443 0.166771 0.005255
3 7 0.172689 0.166771 0.005255
3 8 0.171692 0.166771 0.005255
3 9 0.170197 0.166771 0.005255
3 10 0.168702 0.166771 0.005255
3 11 0.170695 0.166771 0.005255
3 12 0.173810 0.166771 0.005255
3 13 0.173686 0.166771 0.005255
3 14 0.173686 0.166771 0.005255
3 15 0.173935 0.166771 0.005255
3 16 0.175430 0.166771 0.005255
3 17 0.176551 0.166771 0.005255
3 18 0.174308 0.166771 0.005255
3 19 0.172190 0.166771 0.005255
3 20 0.169200 0.166771 0.005255
4 0 0.165711 0.166771 0.005255
4 1 0.170197 0.166771 0.005255
4 2 0.169698 0.166771 0.005255
4 3 0.173436 0.166771 0.005255
4 4 0.171069 0.166771 0.005255
4 5 0.169823 0.166771 0.005255
4 6 0.169200 0.166771 0.005255
4 7 0.171567 0.166771 0.005255
4 8 0.170321 0.166771 0.005255
4 9 0.169200 0.166771 0.005255
4 10 0.169076 0.166771 0.005255
4 11 0.169325 0.166771 0.005255
4 12 0.171318 0.166771 0.005255
4 13 0.174807 0.166771 0.005255
4 14 0.175430 0.166771 0.005255
4 15 0.173935 0.166771 0.005255
4 16 0.173810 0.166771 0.005255
4 17 0.175305 0.166771 0.005255
4 18 0.175181 0.166771 0.005255
4 19 0.171567 0.166771 0.005255
4 20 0.168203 0.166771 0.005255
5 0 0.162721 0.166771 0.005255
5 1 0.168702 0.166771 0.005255
5 2 0.168951 0.166771 0.005255
5 3 0.171069 0.166771 0.005255
5 4 0.169823 0.166771 0.005255
5 5 0.169200 0.166771 0.005255
5 6 0.169449 0.166771 0.005255
5 7 0.170072 0.166771 0.005255
5 8 0.169076 0.166771 0.005255
5 9 0.167331 0.166771 0.005255
5 10 0.166085 0.166771 0.005255
5 11 0.168328 0.166771 0.005255
5 12 0.169200 0.166771 0.005255
5 13 0.173561 0.166771 0.005255
5 14 0.173810 0.166771 0.005255
5 15 0.172066 0.166771 0.005255
5 16 0.174308 0.166771 0.005255
5 17 0.176053 0.166771 0.005255
5 18 0.172315 0.166771 0.005255
5 19 0.170446 0.166771 0.005255
5 20 0.167705 0.166771 0.005255
6 0 0.162472 0.166771 0.005255
6 1 0.168826 0.166771 0.005255
6 2 0.167082 0.166771 0.005255
6 3 0.168826 0.166771 0.005255
6 4 0.165711 0.166771 0.005255
6 5 0.169574 0.166771 0.005255
6 6 0.166957 0.166771 0.005255
6 7 0.167207 0.166771 0.005255
6 8 0.165338 0.166771 0.005255
6 9 0.165587 0.166771 0.005255
6 10 0.165711 0.166771 0.005255
6 11 0.166085 0.166771 0.005255
6 12 0.167331 0.166771 0.005255
6 13 0.170321 0.166771 0.005255
6 14 0.172315 0.166771 0.005255
6 15 0.170944 0.166771 0.005255
6 16 0.173810 0.166771 0.005255
6 17 0.173686 0.166771 0.005255
6 18 0.171069 0.166771 0.005255
6 19 0.170446 0.166771 0.005255
6 20 0.165836 0.166771 0.005255
7 0 0.163718 0.166771 0.005255
7 1 0.167331 0.166771 0.005255
7 2 0.167705 0.166771 0.005255
7 3 0.170446 0.166771 0.005255
7 4 0.169325 0.166771 0.005255
7 5 0.169325 0.166771 0.005255
7 6 0.166833 0.166771 0.005255
7 7 0.165711 0.166771 0.005255
7 8 0.165587 0.166771 0.005255
7 9 0.165462 0.166771 0.005255
7 10 0.164216 0.166771 0.005255
7 11 0.163095 0.166771 0.005255
7 12 0.165338 0.166771 0.005255
7 13 0.167207 0.166771 0.005255
7 14 0.168826 0.166771 0.005255
7 15 0.170321 0.166771 0.005255
7 16 0.171443 0.166771 0.005255
7 17 0.174558 0.166771 0.005255
7 18 0.172813 0.166771 0.005255
7 19 0.168577 0.166771 0.005255
7 20 0.164964 0.166771 0.005255
8 0 0.161724 0.166771 0.005255
8 1 0.166708 0.166771 0.005255
8 2 0.168951 0.166771 0.005255
8 3 0.169823 0.166771 0.005255
8 4 0.167456 0.166771 0.005255
8 5 0.169200 0.166771 0.005255
8 6 0.165213 0.166771 0.005255
8 7 0.165587 0.166771 0.005255
8 8 0.164964 0.166771 0.005255
8 9 0.162846 0.166771 0.005255
8 10 0.161724 0.166771 0.005255
8 11 0.160354 0.166771 0.005255
8 12 0.163220 0.166771 0.005255
8 13 0.164092 0.166771 0.005255
8 14 0.164715 0.166771 0.005255
8 15 0.166334 0.166771 0.005255
8 16 0.169823 0.166771 0.005255
8 17 0.171069 0.166771 0.005255
8 18 0.169325 0.166771 0.005255
8 19 0.165587 0.166771 0.005255
8 20 0.161600 0.166771 0.005255
9 0 0.161724 0.166771 0.005255
9 1 0.165462 0.166771 0.005255
9 2 0.167954 0.166771 0.005255
9 3 0.167456 0.166771 0.005255
9 4 0.168453 0.166771 0.005255
9 5 0.168079 0.166771 0.005255
9 6 0.167082 0.166771 0.005255
9 7 0.166334 0.166771 0.005255
9 8 0.163220 0.166771 0.005255
9 9 0.161101 0.166771 0.005255
9 10 0.160229 0.166771 0.005255
9 11 0.161974 0.166771 0.005255
9 12 0.161351 0.166771 0.005255
9 13 0.164216 0.166771 0.005255
9 14 0.163843 0.166771 0.005255
9 15 0.165462 0.166771 0.005255
9 16 0.167082 0.166771 0.005255
9 17 0.169698 0.166771 0.005255
9 18 0.166833 0.166771 0.005255
9 19 0.165587 0.166771 0.005255
9 20 0.157737 0.166771 0.005255
10 0 0.162472 0.166771 0.005255
10 1 0.164715 0.166771 0.005255
10 2 0.166085 0.166771 0.005255
10 3 0.167705 0.166771 0.005255
10 4 0.168951 0.166771 0.005255
10 5 0.169698 0.166771 0.005255
10 6 0.167705 0.166771 0.005255
10 7 0.165088 0.166771 0.005255
10 8 0.162846 0.166771 0.005255
10 9 0.160354 0.166771 0.005255
10 10 0.159232 0.166771 0.005255
10 11 0.158734 0.166771 0.005255
10 12 0.158485 0.166771 0.005255
10 13 0.160354 0.166771 0.005255
10 14 0.164092 0.166771 0.005255
10 15 0.164839 0.166771 0.005255
10 16 0.165836 0.166771 0.005255
10 17 0.165338 0.166771 0.005255
10 18 0.166085 0.166771 0.005255
10 19 0.164092 0.166771 0.005255
10 20 0.157364 0.166771 0.005255
11 0 0.162846 0.166771 0.005255
11 1 0.165213 0.166771 0.005255
11 2 0.167207 0.166771 0.005255
11 3 0.168203 0.166771 0.005255
11 4 0.168079 0.166771 0.005255
11 5 0.169823 0.166771 0.005255
11 6 0.169948 0.166771 0.005255
11 7 0.167456 0.166771 0.005255
11 8 0.164216 0.166771 0.005255
11 9 0.160852 0.166771 0.005255
11 10 0.158485 0.166771 0.005255
11 11 0.158360 0.166771 0.005255
11 12 0.157364 0.166771 0.005255
11 13 0.160728 0.166771 0.005255
11 14 0.161724 0.166771 0.005255
11 15 0.162846 0.166771 0.005255
11 16 0.162472 0.166771 0.005255
11 17 0.163095 0.166771 0.005255
11 18 0.163593 0.166771 0.005255
11 19 0.161351 0.166771 0.005255
11 20 0.155370 0.166771 0.005255
12 0 0.162970 0.166771 0.005255
12 1 0.166708 0.166771 0.005255
12 2 0.168951 0.166771 0.005255
12 3 0.171443 0.166771 0.005255
12 4 0.169698 0.166771 0.005255
12 5 0.170321 0.166771 0.005255
12 6 0.168826 0.166771 0.005255
12 7 0.168203 0.166771 0.005255
12 8 0.165088 0.166771 0.005255
12 9 0.162846 0.166771 0.005255
12 10 0.160354 0.166771 0.005255
12 11 0.159357 0.166771 0.005255
12 12 0.160105 0.166771 0.005255
12 13 0.160603 0.166771 0.005255
12 14 0.165088 0.166771 0.005255
12 15 0.164590 0.166771 0.005255
12 16 0.163095 0.166771 0.005255
12 17 0.164964 0.166771 0.005255
12 18 0.164839 0.166771 0.005255
12 19 0.160852 0.166771 0.005255
12 20 0.153750 0.166771 0.005255
13 0 0.164216 0.166771 0.005255
13 1 0.167456 0.166771 0.005255
13 2 0.168702 0.166771 0.005255
13 3 0.172813 0.166771 0.005255
13 4 0.172938 0.166771 0.005255
13 5 0.169449 0.166771 0.005255
13 6 0.171069 0.166771 0.005255
13 7 0.170321 0.166771 0.005255
13 8 0.170321 0.166771 0.005255
13 9 0.163718 0.166771 0.005255
13 10 0.162597 0.166771 0.005255
13 11 0.160852 0.166771 0.005255
13 12 0.160478 0.166771 0.005255
13 13 0.162846 0.166771 0.005255
13 14 0.164590 0.166771 0.005255
13 15 0.163593 0.166771 0.005255
13 16 0.163220 0.166771 0.005255
13 17 0.164715 0.166771 0.005255
13 18 0.161600 0.166771 0.005255
13 19 0.157737 0.166771 0.005255
13 20 0.154622 0.166771 0.005255
14 0 0.163718 0.166771 0.005255
14 1 0.167954 0.166771 0.005255
14 2 0.170695 0.166771 0.005255
14 3 0.174433 0.166771 0.005255
14 4 0.173436 0.166771 0.005255
14 5 0.172564 0.166771 0.005255
14 6 0.173561 0.166771 0.005255
14 7 0.170197 0.166771 0.005255
14 8 0.168203 0.166771 0.005255
14 9 0.164964 0.166771 0.005255
14 10 0.164341 0.166771 0.005255
14 11 0.163220 0.166771 0.005255
14 12 0.163718 0.166771 0.005255
14 13 0.166957 0.166771 0.005255
14 14 0.164839 0.166771 0.005255
14 15 0.163967 0.166771 0.005255
14 16 0.164590 0.166771 0.005255
14 17 0.167830 0.166771 0.005255
14 18 0.162597 0.166771 0.005255
14 19 0.159108 0.166771 0.005255
14 20 0.154747 0.166771 0.005255
15 0 0.164216 0.166771 0.005255
15 1 0.167954 0.166771 0.005255
15 2 0.171817 0.166771 0.005255
15 3 0.172689 0.166771 0.005255
15 4 0.172315 0.166771 0.005255
15 5 0.174059 0.166771 0.005255
15 6 0.173561 0.166771 0.005255
15 7 0.170197 0.166771 0.005255
15 8 0.171069 0.166771 0.005255
15 9 0.167580 0.166771 0.005255
15 10 0.164964 0.166771 0.005255
15 11 0.163469 0.166771 0.005255
15 12 0.163718 0.166771 0.005255
15 13 0.163718 0.166771 0.005255
15 14 0.167830 0.166771 0.005255
15 15 0.164341 0.166771 0.005255
15 16 0.167705 0.166771 0.005255
15 17 0.169948 0.166771 0.005255
15 18 0.166334 0.166771 0.005255
15 19 0.163095 0.166771 0.005255
15 20 0.158734 0.166771 0.005255
16 0 0.165711 0.166771 0.005255
16 1 0.169076 0.166771 0.005255
16 2 0.171069 0.166771 0.005255
16 3 0.170571 0.166771 0.005255
16 4 0.168079 0.166771 0.005255
16 5 0.170695 0.166771 0.005255
16 6 0.171567 0.166771 0.005255
16 7 0.171318 0.166771 0.005255
16 8 0.170695 0.166771 0.005255
16 9 0.166708 0.166771 0.005255
16 10 0.163843 0.166771 0.005255
16 11 0.163593 0.166771 0.005255
16 12 0.163344 0.166771 0.005255
16 13 0.165213 0.166771 0.005255
16 14 0.166085 0.166771 0.005255
16 15 0.164092 0.166771 0.005255
16 16 0.165711 0.166771 0.005255
16 17 0.168826 0.166771 0.005255
16 18 0.167082 0.166771 0.005255
16 19 0.160852 0.166771 0.005255
16 20 0.154124 0.166771 0.005255
17 0 0.167456 0.166771 0.005255
17 1 0.169449 0.166771 0.005255
17 2 0.170944 0.166771 0.005255
17 3 0.170695 0.166771 0.005255
17 4 0.168453 0.166771 0.005255
17 5 0.170695 0.166771 0.005255
17 6 0.170321 0.166771 0.005255
17 7 0.171194 0.166771 0.005255
17 8 0.169574 0.166771 0.005255
17 9 0.164715 0.166771 0.005255
17 10 0.162472 0.166771 0.005255
17 11 0.160977 0.166771 0.005255
17 12 0.162223 0.166771 0.005255
17 13 0.165088 0.166771 0.005255
17 14 0.163593 0.166771 0.005255
17 15 0.164465 0.166771 0.005255
17 16 0.166210 0.166771 0.005255
17 17 0.166957 0.166771 0.005255
17 18 0.165462 0.166771 0.005255
17 19 0.161724 0.166771 0.005255
17 20 0.154249 0.166771 0.005255
18 0 0.166210 0.166771 0.005255
18 1 0.168826 0.166771 0.005255
18 2 0.171443 0.166771 0.005255
18 3 0.169698 0.166771 0.005255
18 4 0.170820 0.166771 0.005255
18 5 0.169325 0.166771 0.005255
18 6 0.168203 0.166771 0.005255
18 7 0.171069 0.166771 0.005255
18 8 0.168577 0.166771 0.005255
18 9 0.164341 0.166771 0.005255
18 10 0.163344 0.166771 0.005255
18 11 0.161475 0.166771 0.005255
18 12 0.162098 0.166771 0.005255
18 13 0.163967 0.166771 0.005255
18 14 0.164964 0.166771 0.005255
18 15 0.165338 0.166771 0.005255
18 16 0.165462 0.166771 0.005255
18 17 0.166210 0.166771 0.005255
18 18 0.162846 0.166771 0.005255
18 19 0.159482 0.166771 0.005255
18 20 0.152255 0.166771 0.005255
19 0 0.163220 0.166771 0.005255
19 1 0.166957 0.166771 0.005255
19 2 0.168079 0.166771 0.005255
19 3 0.170695 0.166771 0.005255
19 4 0.168453 0.166771 0.005255
19 5 0.168328 0.166771 0.005255
19 6 0.166833 0.166771 0.005255
19 7 0.168328 0.166771 0.005255
19 8 0.164964 0.166771 0.005255
19 9 0.161226 0.166771 0.005255
19 10 0.159232 0.166771 0.005255
19 11 0.159482 0.166771 0.005255
19 12 0.158111 0.166771 0.005255
19 13 0.158734 0.166771 0.005255
19 14 0.158485 0.166771 0.005255
19 15 0.159855 0.166771 0.005255
19 16 0.164092 0.166771 0.005255
19 17 0.160229 0.166771 0.005255
19 18 0.156367 0.166771 0.005255
19 19 0.152629 0.166771 0.005255
19 20 0.146773 0.166771 0.005255
20 0 0.160977 0.166771 0.005255
20 1 0.162846 0.166771 0.005255
20 2 0.165462 0.166771 0.005255
20 3 0.167456 0.166771 0.005255
20 4 0.168079 0.166771 0.005255
20 5 0.167580 0.166771 0.005255
20 6 0.165711 0.166771 0.005255
20 7 0.166210 0.166771 0.005255
20 8 0.162970 0.166771 0.005255
20 9 0.158859 0.166771 0.005255
20 10 0.156118 0.166771 0.005255
20 11 0.153501 0.166771 0.005255
20 12 0.154498 0.166771 0.005255
20 13 0.156491 0.166771 0.005255
20 14 0.157488 0.166771 0.005255
20 15 0.155868 0.166771 0.005255
20 16 0.154622 0.166771 0.005255
20 17 0.158236 0.166771 0.005255
20 18 0.152131 0.166771 0.005255
20 19 0.146025 0.166771 0.005255
20 20 0.142038 0.166771 0.005255
