# contact distance = 28.0 Angstroms
# F = 0.4 kJ/mol

# i j contact_probability mean_contact_probability stddev_contact_probability
0 0 0.167959 0.157547 0.007423
0 1 0.168595 0.157547 0.007423
0 2 0.168595 0.157547 0.007423
0 3 0.166306 0.157547 0.007423
0 4 0.164272 0.157547 0.007423
0 5 0.163128 0.157547 0.007423
0 6 0.158678 0.157547 0.007423
0 7 0.154228 0.157547 0.007423
0 8 0.154482 0.157547 0.007423
0 9 0.154863 0.157547 0.007423
0 10 0.154990 0.157547 0.007423
0 11 0.153592 0.157547 0.007423
0 12 0.152829 0.157547 0.007423
0 13 0.154355 0.157547 0.007423
0 14 0.157788 0.157547 0.007423
0 15 0.160458 0.157547 0.007423
0 16 0.158169 0.157547 0.007423
0 17 0.157533 0.157547 0.007423
0 18 0.155118 0.157547 0.007423
0 19 0.153083 0.157547 0.007423
0 20 0.149015 0.157547 0.007423
1 0 0.169612 0.157547 0.007423
1 1 0.167832 0.157547 0.007423
1 2 0.169485 0.157547 0.007423
1 3 0.168214 0.157547 0.007423
1 4 0.166942 0.157547 0.007423
1 5 0.165671 0.157547 0.007423
1 6 0.161475 0.157547 0.007423
1 7 0.158551 0.157547 0.007423
1 8 0.158678 0.157547 0.007423
1 9 0.157406 0.157547 0.007423
1 10 0.156898 0.157547 0.007423
1 11 0.153973 0.157547 0.007423
1 12 0.156262 0.157547 0.007423
1 13 0.157915 0.157547 0.007423
1 14 0.158169 0.157547 0.007423
1 15 0.160966 0.157547 0.007423
1 16 0.160076 0.157547 0.007423
1 17 0.159441 0.157547 0.007423
1 18 0.159695 0.157547 0.007423
1 19 0.156516 0.157547 0.007423
1 20 0.151303 0.157547 0.007423
2 0 0.168849 0.157547 0.007423
2 1 0.169104 0.157547 0.007423
2 2 0.169104 0.157547 0.007423
2 3 0.168468 0.157547 0.007423
2 4 0.165925 0.157547 0.007423
2 5 0.166688 0.157547 0.007423
2 6 0.161602 0.157547 0.007423
2 7 0.160331 0.157547 0.007423
2 8 0.159186 0.157547 0.007423
2 9 0.158805 0.157547 0.007423
2 10 0.159568 0.157547 0.007423
2 11 0.159059 0.157547 0.007423
2 12 0.160585 0.157547 0.007423
2 13 0.158678 0.157547 0.007423
2 14 0.159695 0.157547 0.007423
2 15 0.161221 0.157547 0.007423
2 16 0.159441 0.157547 0.007423
2 17 0.161602 0.157547 0.007423
2 18 0.161093 0.157547 0.007423
2 19 0.157788 0.157547 0.007423
2 20 0.154736 0.157547 0.007423
3 0 0.168722 0.157547 0.007423
3 1 0.169739 0.157547 0.007423
3 2 0.172282 0.157547 0.007423
3 3 0.169104 0.157547 0.007423
3 4 0.169612 0.157547 0.007423
3 5 0.165162 0.157547 0.007423
3 6 0.160966 0.157547 0.007423
3 7 0.158169 0.157547 0.007423
3 8 0.161729 0.157547 0.007423
3 9 0.160839 0.157547 0.007423
3 10 0.163128 0.157547 0.007423
3 11 0.161221 0.157547 0.007423
3 12 0.162238 0.157547 0.007423
3 13 0.160966 0.157547 0.007423
3 14 0.159441 0.157547 0.007423
3 15 0.161983 0.157547 0.007423
3 16 0.162873 0.157547 0.007423
3 17 0.163001 0.157547 0.007423
3 18 0.161602 0.157547 0.007423
3 19 0.160712 0.157547 0.007423
3 20 0.154736 0.157547 0.007423
4 0 0.166942 0.157547 0.007423
4 1 0.168595 0.157547 0.007423
4 2 0.168468 0.157547 0.007423
4 3 0.168214 0.157547 0.007423
4 4 0.167451 0.157547 0.007423
4 5 0.162111 0.157547 0.007423
4 6 0.159441 0.157547 0.007423
4 7 0.157025 0.157547 0.007423
4 8 0.160966 0.157547 0.007423
4 9 0.162365 0.157547 0.007423
4 10 0.165289 0.157547 0.007423
4 11 0.162365 0.157547 0.007423
4 12 0.162238 0.157547 0.007423
4 13 0.161983 0.157547 0.007423
4 14 0.160966 0.157547 0.007423
4 15 0.163764 0.157547 0.007423
4 16 0.164781 0.157547 0.007423
4 17 0.164654 0.157547 0.007423
4 18 0.163001 0.157547 0.007423
4 19 0.159822 0.157547 0.007423
4 20 0.153338 0.157547 0.007423
5 0 0.162873 0.157547 0.007423
5 1 0.162746 0.157547 0.007423
5 2 0.164654 0.157547 0.007423
5 3 0.164781 0.157547 0.007423
5 4 0.161856 0.157547 0.007423
5 5 0.157915 0.157547 0.007423
5 6 0.157279 0.157547 0.007423
5 7 0.157533 0.157547 0.007423
5 8 0.159822 0.157547 0.007423
5 9 0.161093 0.157547 0.007423
5 10 0.161093 0.157547 0.007423
5 11 0.160203 0.157547 0.007423
5 12 0.159949 0.157547 0.007423
5 13 0.162111 0.157547 0.007423
5 14 0.162238 0.157547 0.007423
5 15 0.163001 0.157547 0.007423
5 16 0.163509 0.157547 0.007423
5 17 0.163001 0.157547 0.007423
5 18 0.162619 0.157547 0.007423
5 19 0.157661 0.157547 0.007423
5 20 0.151939 0.157547 0.007423
6 0 0.158805 0.157547 0.007423
6 1 0.158169 0.157547 0.007423
6 2 0.160585 0.157547 0.007423
6 3 0.160585 0.157547 0.007423
6 4 0.161348 0.157547 0.007423
6 5 0.156898 0.157547 0.007423
6 6 0.156262 0.157547 0.007423
6 7 0.156262 0.157547 0.007423
6 8 0.157533 0.157547 0.007423
6 9 0.160712 0.157547 0.007423
6 10 0.161093 0.157547 0.007423
6 11 0.159313 0.157547 0.007423
6 12 0.161475 0.157547 0.007423
6 13 0.163128 0.157547 0.007423
6 14 0.162365 0.157547 0.007423
6 15 0.161856 0.157547 0.007423
6 16 0.162873 0.157547 0.007423
6 17 0.161348 0.157547 0.007423
6 18 0.160585 0.157547 0.007423
6 19 0.156771 0.157547 0.007423
6 20 0.151049 0.157547 0.007423
7 0 0.156262 0.157547 0.007423
7 1 0.157279 0.157547 0.007423
7 2 0.158805 0.157547 0.007423
7 3 0.159949 0.157547 0.007423
7 4 0.160203 0.157547 0.007423
7 5 0.157279 0.157547 0.007423
7 6 0.155499 0.157547 0.007423
7 7 0.156516 0.157547 0.007423
7 8 0.156135 0.157547 0.007423
7 9 0.159695 0.157547 0.007423
7 10 0.159059 0.157547 0.007423
7 11 0.158169 0.157547 0.007423
7 12 0.161348 0.157547 0.007423
7 13 0.161729 0.157547 0.007423
7 14 0.163001 0.157547 0.007423
7 15 0.161729 0.157547 0.007423
7 16 0.164018 0.157547 0.007423
7 17 0.161348 0.157547 0.007423
7 18 0.159822 0.157547 0.007423
7 19 0.156898 0.157547 0.007423
7 20 0.151685 0.157547 0.007423
8 0 0.153592 0.157547 0.007423
8 1 0.154863 0.157547 0.007423
8 2 0.157788 0.157547 0.007423
8 3 0.158551 0.157547 0.007423
8 4 0.156771 0.157547 0.007423
8 5 0.156008 0.157547 0.007423
8 6 0.155880 0.157547 0.007423
8 7 0.155245 0.157547 0.007423
8 8 0.155880 0.157547 0.007423
8 9 0.157406 0.157547 0.007423
8 10 0.158042 0.157547 0.007423
8 11 0.159441 0.157547 0.007423
8 12 0.159695 0.157547 0.007423
8 13 0.161729 0.157547 0.007423
8 14 0.161856 0.157547 0.007423
8 15 0.161729 0.157547 0.007423
8 16 0.162873 0.157547 0.007423
8 17 0.161856 0.157547 0.007423
8 18 0.160331 0.157547 0.007423
8 19 0.158042 0.157547 0.007423
8 20 0.151049 0.157547 0.007423
9 0 0.154355 0.157547 0.007423
9 1 0.156516 0.157547 0.007423
9 2 0.158042 0.157547 0.007423
9 3 0.160076 0.157547 0.007423
9 4 0.160203 0.157547 0.007423
9 5 0.159313 0.157547 0.007423
9 6 0.158551 0.157547 0.007423
9 7 0.157788 0.157547 0.007423
9 8 0.158551 0.157547 0.007423
9 9 0.158423 0.157547 0.007423
9 10 0.159441 0.157547 0.007423
9 11 0.157788 0.157547 0.007423
9 12 0.158932 0.157547 0.007423
9 13 0.158805 0.157547 0.007423
9 14 0.160458 0.157547 0.007423
9 15 0.161983 0.157547 0.007423
9 16 0.163382 0.157547 0.007423
9 17 0.162873 0.157547 0.007423
9 18 0.159186 0.157547 0.007423
9 19 0.153973 0.157547 0.007423
9 20 0.149777 0.157547 0.007423
10 0 0.154736 0.157547 0.007423
10 1 0.158296 0.157547 0.007423
10 2 0.159568 0.157547 0.007423
10 3 0.161093 0.157547 0.007423
10 4 0.161475 0.157547 0.007423
10 5 0.161729 0.157547 0.007423
10 6 0.159822 0.157547 0.007423
10 7 0.157661 0.157547 0.007423
10 8 0.155499 0.157547 0.007423
10 9 0.155626 0.157547 0.007423
10 10 0.157152 0.157547 0.007423
10 11 0.155880 0.157547 0.007423
10 12 0.157406 0.157547 0.007423
10 13 0.158169 0.157547 0.007423
10 14 0.159949 0.157547 0.007423
10 15 0.162238 0.157547 0.007423
10 16 0.161983 0.157547 0.007423
10 17 0.159441 0.157547 0.007423
10 18 0.157152 0.157547 0.007423
10 19 0.150159 0.157547 0.007423
10 20 0.145582 0.157547 0.007423
11 0 0.155880 0.157547 0.007423
11 1 0.159695 0.157547 0.007423
11 2 0.160712 0.157547 0.007423
11 3 0.162619 0.157547 0.007423
11 4 0.163255 0.157547 0.007423
11 5 0.162365 0.157547 0.007423
11 6 0.160076 0.157547 0.007423
11 7 0.157279 0.157547 0.007423
11 8 0.156643 0.157547 0.007423
11 9 0.156135 0.157547 0.007423
11 10 0.157661 0.157547 0.007423
11 11 0.156771 0.157547 0.007423
11 12 0.158042 0.157547 0.007423
11 13 0.157533 0.157547 0.007423
11 14 0.159441 0.157547 0.007423
11 15 0.160839 0.157547 0.007423
11 16 0.160839 0.157547 0.007423
11 17 0.156516 0.157547 0.007423
11 18 0.155118 0.157547 0.007423
11 19 0.147997 0.157547 0.007423
11 20 0.142149 0.157547 0.007423
12 0 0.155753 0.157547 0.007423
12 1 0.159313 0.157547 0.007423
12 2 0.163255 0.157547 0.007423
12 3 0.165798 0.157547 0.007423
12 4 0.164018 0.157547 0.007423
12 5 0.165035 0.157547 0.007423
12 6 0.160966 0.157547 0.007423
12 7 0.159441 0.157547 0.007423
12 8 0.159822 0.157547 0.007423
12 9 0.159822 0.157547 0.007423
12 10 0.158296 0.157547 0.007423
12 11 0.156389 0.157547 0.007423
12 12 0.157025 0.157547 0.007423
12 13 0.155880 0.157547 0.007423
12 14 0.156008 0.157547 0.007423
12 15 0.157025 0.157547 0.007423
12 16 0.157788 0.157547 0.007423
12 17 0.157279 0.157547 0.007423
12 18 0.153210 0.157547 0.007423
12 19 0.148379 0.157547 0.007423
12 20 0.142784 0.157547 0.007423
13 0 0.156516 0.157547 0.007423
13 1 0.159059 0.157547 0.007423
13 2 0.163509 0.157547 0.007423
13 3 0.164272 0.157547 0.007423
13 4 0.164018 0.157547 0.007423
13 5 0.164145 0.157547 0.007423
13 6 0.163636 0.157547 0.007423
13 7 0.161856 0.157547 0.007423
13 8 0.161221 0.157547 0.007423
13 9 0.158805 0.157547 0.007423
13 10 0.160458 0.157547 0.007423
13 11 0.154863 0.157547 0.007423
13 12 0.157279 0.157547 0.007423
13 13 0.153338 0.157547 0.007423
13 14 0.155499 0.157547 0.007423
13 15 0.156135 0.157547 0.007423
13 16 0.155372 0.157547 0.007423
13 17 0.152829 0.157547 0.007423
13 18 0.149650 0.157547 0.007423
13 19 0.144437 0.157547 0.007423
13 20 0.140623 0.157547 0.007423
14 0 0.159186 0.157547 0.007423
14 1 0.158423 0.157547 0.007423
14 2 0.164018 0.157547 0.007423
14 3 0.163636 0.157547 0.007423
14 4 0.166561 0.157547 0.007423
14 5 0.166561 0.157547 0.007423
14 6 0.164018 0.157547 0.007423
14 7 0.163636 0.157547 0.007423
14 8 0.164145 0.157547 0.007423
14 9 0.162619 0.157547 0.007423
14 10 0.160331 0.157547 0.007423
14 11 0.158932 0.157547 0.007423
14 12 0.158551 0.157547 0.007423
14 13 0.156008 0.157547 0.007423
14 14 0.156898 0.157547 0.007423
14 15 0.157915 0.157547 0.007423
14 16 0.158169 0.157547 0.007423
14 17 0.157279 0.157547 0.007423
14 18 0.151303 0.157547 0.007423
14 19 0.146217 0.157547 0.007423
14 20 0.140623 0.157547 0.007423
15 0 0.158805 0.157547 0.007423
15 1 0.159949 0.157547 0.007423
15 2 0.163891 0.157547 0.007423
15 3 0.161093 0.157547 0.007423
15 4 0.162365 0.157547 0.007423
15 5 0.164781 0.157547 0.007423
15 6 0.164908 0.157547 0.007423
15 7 0.165162 0.157547 0.007423
15 8 0.165798 0.157547 0.007423
15 9 0.161221 0.157547 0.007423
15 10 0.159949 0.157547 0.007423
15 11 0.160966 0.157547 0.007423
15 12 0.159695 0.157547 0.007423
15 13 0.157533 0.157547 0.007423
15 14 0.158678 0.157547 0.007423
15 15 0.156389 0.157547 0.007423
15 16 0.158551 0.157547 0.007423
15 17 0.154990 0.157547 0.007423
15 18 0.151685 0.157547 0.007423
15 19 0.146980 0.157547 0.007423
15 20 0.141259 0.157547 0.007423
16 0 0.154990 0.157547 0.007423
16 1 0.160839 0.157547 0.007423
16 2 0.161856 0.157547 0.007423
16 3 0.162746 0.157547 0.007423
16 4 0.164526 0.157547 0.007423
16 5 0.164908 0.157547 0.007423
16 6 0.165162 0.157547 0.007423
16 7 0.164018 0.157547 0.007423
16 8 0.164654 0.157547 0.007423
16 9 0.163891 0.157547 0.007423
16 10 0.163001 0.157547 0.007423
16 11 0.160458 0.157547 0.007423
16 12 0.161093 0.157547 0.007423
16 13 0.159441 0.157547 0.007423
16 14 0.158805 0.157547 0.007423
16 15 0.157533 0.157547 0.007423
16 16 0.157152 0.157547 0.007423
16 17 0.155753 0.157547 0.007423
16 18 0.151558 0.157547 0.007423
16 19 0.145455 0.157547 0.007423
16 20 0.142530 0.157547 0.007423
17 0 0.153083 0.157547 0.007423
17 1 0.156389 0.157547 0.007423
17 2 0.158932 0.157547 0.007423
17 3 0.163001 0.157547 0.007423
17 4 0.163764 0.157547 0.007423
17 5 0.164781 0.157547 0.007423
17 6 0.165544 0.157547 0.007423
17 7 0.163636 0.157547 0.007423
17 8 0.162238 0.157547 0.007423
17 9 0.161856 0.157547 0.007423
17 10 0.160712 0.157547 0.007423
17 11 0.155753 0.157547 0.007423
17 12 0.158169 0.157547 0.007423
17 13 0.157661 0.157547 0.007423
17 14 0.157279 0.157547 0.007423
17 15 0.156898 0.157547 0.007423
17 16 0.156389 0.157547 0.007423
17 17 0.153083 0.157547 0.007423
17 18 0.148379 0.157547 0.007423
17 19 0.144310 0.157547 0.007423
17 20 0.134774 0.157547 0.007423
18 0 0.150286 0.157547 0.007423
18 1 0.154482 0.157547 0.007423
18 2 0.156771 0.157547 0.007423
18 3 0.158932 0.157547 0.007423
18 4 0.161729 0.157547 0.007423
18 5 0.162238 0.157547 0.007423
18 6 0.162746 0.157547 0.007423
18 7 0.159695 0.157547 0.007423
18 8 0.158678 0.157547 0.007423
18 9 0.158423 0.157547 0.007423
18 10 0.157152 0.157547 0.007423
18 11 0.152956 0.157547 0.007423
18 12 0.152702 0.157547 0.007423
18 13 0.152193 0.157547 0.007423
18 14 0.153083 0.157547 0.007423
18 15 0.150413 0.157547 0.007423
18 16 0.151430 0.157547 0.007423
18 17 0.149142 0.157547 0.007423
18 18 0.144565 0.157547 0.007423
18 19 0.139987 0.157547 0.007423
18 20 0.130579 0.157547 0.007423
19 0 0.150159 0.157547 0.007423
19 1 0.154863 0.157547 0.007423
19 2 0.154990 0.157547 0.007423
19 3 0.154863 0.157547 0.007423
19 4 0.156516 0.157547 0.007423
19 5 0.158042 0.157547 0.007423
19 6 0.156643 0.157547 0.007423
19 7 0.156771 0.157547 0.007423
19 8 0.152066 0.157547 0.007423
19 9 0.153973 0.157547 0.007423
19 10 0.153083 0.157547 0.007423
19 11 0.146853 0.157547 0.007423
19 12 0.146345 0.157547 0.007423
19 13 0.142912 0.157547 0.007423
19 14 0.144056 0.157547 0.007423
19 15 0.140496 0.157547 0.007423
19 16 0.142657 0.157547 0.007423
19 17 0.141513 0.157547 0.007423
19 18 0.138589 0.157547 0.007423
19 19 0.131087 0.157547 0.007423
19 20 0.125111 0.157547 0.007423
20 0 0.145963 0.157547 0.007423
20 1 0.148633 0.157547 0.007423
20 2 0.152066 0.157547 0.007423
20 3 0.150032 0.157547 0.007423
20 4 0.150286 0.157547 0.007423
20 5 0.150159 0.157547 0.007423
20 6 0.149523 0.157547 0.007423
20 7 0.147997 0.157547 0.007423
20 8 0.146853 0.157547 0.007423
20 9 0.145709 0.157547 0.007423
20 10 0.146472 0.157547 0.007423
20 11 0.141640 0.157547 0.007423
20 12 0.138589 0.157547 0.007423
20 13 0.134647 0.157547 0.007423
20 14 0.134647 0.157547 0.007423
20 15 0.134139 0.157547 0.007423
20 16 0.133884 0.157547 0.007423
20 17 0.133503 0.157547 0.007423
20 18 0.130324 0.157547 0.007423
20 19 0.123458 0.157547 0.007423
20 20 0.117228 0.157547 0.007423
