# contact distance = 28.0 Angstroms
# F = 0.4 kJ/mol

# i j contact_probability mean_contact_probability stddev_contact_probability
0 0 0.146769 0.148347 0.007660
0 1 0.146586 0.148347 0.007660
0 2 0.147317 0.148347 0.007660
0 3 0.146951 0.148347 0.007660
0 4 0.141110 0.148347 0.007660
0 5 0.135086 0.148347 0.007660
0 6 0.128149 0.148347 0.007660
0 7 0.123950 0.148347 0.007660
0 8 0.120847 0.148347 0.007660
0 9 0.123585 0.148347 0.007660
0 10 0.123768 0.148347 0.007660
0 11 0.122673 0.148347 0.007660
0 12 0.128332 0.148347 0.007660
0 13 0.132348 0.148347 0.007660
0 14 0.133625 0.148347 0.007660
0 15 0.137276 0.148347 0.007660
0 16 0.140745 0.148347 0.007660
0 17 0.139467 0.148347 0.007660
0 18 0.139467 0.148347 0.007660
0 19 0.137641 0.148347 0.007660
0 20 0.138737 0.148347 0.007660
1 0 0.150968 0.148347 0.007660
1 1 0.152976 0.148347 0.007660
1 2 0.152428 0.148347 0.007660
1 3 0.151150 0.148347 0.007660
1 4 0.146221 0.148347 0.007660
1 5 0.141110 0.148347 0.007660
1 6 0.135086 0.148347 0.007660
1 7 0.131070 0.148347 0.007660
1 8 0.130705 0.148347 0.007660
1 9 0.131800 0.148347 0.007660
1 10 0.131982 0.148347 0.007660
1 11 0.133078 0.148347 0.007660
1 12 0.135268 0.148347 0.007660
1 13 0.137459 0.148347 0.007660
1 14 0.140015 0.148347 0.007660
1 15 0.142205 0.148347 0.007660
1 16 0.146221 0.148347 0.007660
1 17 0.144761 0.148347 0.007660
1 18 0.147499 0.148347 0.007660
1 19 0.144578 0.148347 0.007660
1 20 0.143483 0.148347 0.007660
2 0 0.150602 0.148347 0.007660
2 1 0.153341 0.148347 0.007660
2 2 0.155349 0.148347 0.007660
2 3 0.155349 0.148347 0.007660
2 4 0.150968 0.148347 0.007660
2 5 0.142753 0.148347 0.007660
2 6 0.140927 0.148347 0.007660
2 7 0.137459 0.148347 0.007660
2 8 0.138007 0.148347 0.007660
2 9 0.138919 0.148347 0.007660
2 10 0.137824 0.148347 0.007660
2 11 0.137824 0.148347 0.007660
2 12 0.138737 0.148347 0.007660
2 13 0.143118 0.148347 0.007660
2 14 0.147134 0.148347 0.007660
2 15 0.146951 0.148347 0.007660
2 16 0.149142 0.148347 0.007660
2 17 0.151150 0.148347 0.007660
2 18 0.152245 0.148347 0.007660
2 19 0.150420 0.148347 0.007660
2 20 0.150055 0.148347 0.007660
3 0 0.148229 0.148347 0.007660
3 1 0.153523 0.148347 0.007660
3 2 0.154984 0.148347 0.007660
3 3 0.154071 0.148347 0.007660
3 4 0.153523 0.148347 0.007660
3 5 0.146769 0.148347 0.007660
3 6 0.144213 0.148347 0.007660
3 7 0.140927 0.148347 0.007660
3 8 0.142570 0.148347 0.007660
3 9 0.145674 0.148347 0.007660
3 10 0.145126 0.148347 0.007660
3 11 0.142388 0.148347 0.007660
3 12 0.144578 0.148347 0.007660
3 13 0.146769 0.148347 0.007660
3 14 0.151150 0.148347 0.007660
3 15 0.151698 0.148347 0.007660
3 16 0.156627 0.148347 0.007660
3 17 0.156809 0.148347 0.007660
3 18 0.155714 0.148347 0.007660
3 19 0.153341 0.148347 0.007660
3 20 0.152245 0.148347 0.007660
4 0 0.144943 0.148347 0.007660
4 1 0.151515 0.148347 0.007660
4 2 0.154801 0.148347 0.007660
4 3 0.157539 0.148347 0.007660
4 4 0.153888 0.148347 0.007660
4 5 0.150237 0.148347 0.007660
4 6 0.143483 0.148347 0.007660
4 7 0.142023 0.148347 0.007660
4 8 0.141658 0.148347 0.007660
4 9 0.145126 0.148347 0.007660
4 10 0.144578 0.148347 0.007660
4 11 0.142935 0.148347 0.007660
4 12 0.144396 0.148347 0.007660
4 13 0.148412 0.148347 0.007660
4 14 0.153158 0.148347 0.007660
4 15 0.151333 0.148347 0.007660
4 16 0.155166 0.148347 0.007660
4 17 0.156992 0.148347 0.007660
4 18 0.159365 0.148347 0.007660
4 19 0.154984 0.148347 0.007660
4 20 0.151150 0.148347 0.007660
5 0 0.141110 0.148347 0.007660
5 1 0.147317 0.148347 0.007660
5 2 0.152610 0.148347 0.007660
5 3 0.154984 0.148347 0.007660
5 4 0.152063 0.148347 0.007660
5 5 0.150055 0.148347 0.007660
5 6 0.147682 0.148347 0.007660
5 7 0.142023 0.148347 0.007660
5 8 0.143118 0.148347 0.007660
5 9 0.143666 0.148347 0.007660
5 10 0.145126 0.148347 0.007660
5 11 0.146039 0.148347 0.007660
5 12 0.146039 0.148347 0.007660
5 13 0.150968 0.148347 0.007660
5 14 0.153706 0.148347 0.007660
5 15 0.155714 0.148347 0.007660
5 16 0.156444 0.148347 0.007660
5 17 0.157357 0.148347 0.007660
5 18 0.155896 0.148347 0.007660
5 19 0.154436 0.148347 0.007660
5 20 0.149690 0.148347 0.007660
6 0 0.138372 0.148347 0.007660
6 1 0.143300 0.148347 0.007660
6 2 0.150785 0.148347 0.007660
6 3 0.150602 0.148347 0.007660
6 4 0.149142 0.148347 0.007660
6 5 0.145126 0.148347 0.007660
6 6 0.142753 0.148347 0.007660
6 7 0.143666 0.148347 0.007660
6 8 0.141475 0.148347 0.007660
6 9 0.142205 0.148347 0.007660
6 10 0.142570 0.148347 0.007660
6 11 0.145856 0.148347 0.007660
6 12 0.147317 0.148347 0.007660
6 13 0.150785 0.148347 0.007660
6 14 0.155531 0.148347 0.007660
6 15 0.158817 0.148347 0.007660
6 16 0.158635 0.148347 0.007660
6 17 0.157904 0.148347 0.007660
6 18 0.156627 0.148347 0.007660
6 19 0.153706 0.148347 0.007660
6 20 0.150602 0.148347 0.007660
7 0 0.133991 0.148347 0.007660
7 1 0.140197 0.148347 0.007660
7 2 0.146221 0.148347 0.007660
7 3 0.147134 0.148347 0.007660
7 4 0.144943 0.148347 0.007660
7 5 0.147134 0.148347 0.007660
7 6 0.142570 0.148347 0.007660
7 7 0.142205 0.148347 0.007660
7 8 0.140015 0.148347 0.007660
7 9 0.139650 0.148347 0.007660
7 10 0.141475 0.148347 0.007660
7 11 0.141475 0.148347 0.007660
7 12 0.144943 0.148347 0.007660
7 13 0.147864 0.148347 0.007660
7 14 0.152063 0.148347 0.007660
7 15 0.155896 0.148347 0.007660
7 16 0.157904 0.148347 0.007660
7 17 0.157539 0.148347 0.007660
7 18 0.154618 0.148347 0.007660
7 19 0.152976 0.148347 0.007660
7 20 0.147317 0.148347 0.007660
8 0 0.132713 0.148347 0.007660
8 1 0.140380 0.148347 0.007660
8 2 0.141840 0.148347 0.007660
8 3 0.143118 0.148347 0.007660
8 4 0.141658 0.148347 0.007660
8 5 0.145674 0.148347 0.007660
8 6 0.143483 0.148347 0.007660
8 7 0.139832 0.148347 0.007660
8 8 0.141840 0.148347 0.007660
8 9 0.139832 0.148347 0.007660
8 10 0.143118 0.148347 0.007660
8 11 0.141292 0.148347 0.007660
8 12 0.145126 0.148347 0.007660
8 13 0.150968 0.148347 0.007660
8 14 0.154436 0.148347 0.007660
8 15 0.157174 0.148347 0.007660
8 16 0.157904 0.148347 0.007660
8 17 0.158087 0.148347 0.007660
8 18 0.156079 0.148347 0.007660
8 19 0.149872 0.148347 0.007660
8 20 0.147682 0.148347 0.007660
9 0 0.131982 0.148347 0.007660
9 1 0.136729 0.148347 0.007660
9 2 0.140745 0.148347 0.007660
9 3 0.143666 0.148347 0.007660
9 4 0.141840 0.148347 0.007660
9 5 0.145309 0.148347 0.007660
9 6 0.141292 0.148347 0.007660
9 7 0.143848 0.148347 0.007660
9 8 0.143848 0.148347 0.007660
9 9 0.142753 0.148347 0.007660
9 10 0.143118 0.148347 0.007660
9 11 0.143848 0.148347 0.007660
9 12 0.146221 0.148347 0.007660
9 13 0.149142 0.148347 0.007660
9 14 0.153888 0.148347 0.007660
9 15 0.154071 0.148347 0.007660
9 16 0.154071 0.148347 0.007660
9 17 0.153706 0.148347 0.007660
9 18 0.151515 0.148347 0.007660
9 19 0.146586 0.148347 0.007660
9 20 0.142570 0.148347 0.007660
10 0 0.130705 0.148347 0.007660
10 1 0.134721 0.148347 0.007660
10 2 0.140745 0.148347 0.007660
10 3 0.142935 0.148347 0.007660
10 4 0.144031 0.148347 0.007660
10 5 0.141840 0.148347 0.007660
10 6 0.140197 0.148347 0.007660
10 7 0.140015 0.148347 0.007660
10 8 0.139650 0.148347 0.007660
10 9 0.138919 0.148347 0.007660
10 10 0.140015 0.148347 0.007660
10 11 0.142753 0.148347 0.007660
10 12 0.144761 0.148347 0.007660
10 13 0.148412 0.148347 0.007660
10 14 0.153341 0.148347 0.007660
10 15 0.151333 0.148347 0.007660
10 16 0.151698 0.148347 0.007660
10 17 0.152063 0.148347 0.007660
10 18 0.149872 0.148347 0.007660
10 19 0.145126 0.148347 0.007660
10 20 0.139467 0.148347 0.007660
11 0 0.131617 0.148347 0.007660
11 1 0.134538 0.148347 0.007660
11 2 0.140197 0.148347 0.007660
11 3 0.143848 0.148347 0.007660
11 4 0.142935 0.148347 0.007660
11 5 0.142935 0.148347 0.007660
11 6 0.141292 0.148347 0.007660
11 7 0.140927 0.148347 0.007660
11 8 0.140015 0.148347 0.007660
11 9 0.140927 0.148347 0.007660
11 10 0.142023 0.148347 0.007660
11 11 0.142570 0.148347 0.007660
11 12 0.143483 0.148347 0.007660
11 13 0.147499 0.148347 0.007660
11 14 0.150968 0.148347 0.007660
11 15 0.150785 0.148347 0.007660
11 16 0.151880 0.148347 0.007660
11 17 0.149507 0.148347 0.007660
11 18 0.146221 0.148347 0.007660
11 19 0.142023 0.148347 0.007660
11 20 0.136546 0.148347 0.007660
12 0 0.136181 0.148347 0.007660
12 1 0.138372 0.148347 0.007660
12 2 0.142023 0.148347 0.007660
12 3 0.142753 0.148347 0.007660
12 4 0.146221 0.148347 0.007660
12 5 0.147134 0.148347 0.007660
12 6 0.144213 0.148347 0.007660
12 7 0.144031 0.148347 0.007660
12 8 0.144213 0.148347 0.007660
12 9 0.146586 0.148347 0.007660
12 10 0.144578 0.148347 0.007660
12 11 0.143848 0.148347 0.007660
12 12 0.144761 0.148347 0.007660
12 13 0.146221 0.148347 0.007660
12 14 0.149507 0.148347 0.007660
12 15 0.152610 0.148347 0.007660
12 16 0.152063 0.148347 0.007660
12 17 0.149872 0.148347 0.007660
12 18 0.146586 0.148347 0.007660
12 19 0.143300 0.148347 0.007660
12 20 0.137459 0.148347 0.007660
13 0 0.137459 0.148347 0.007660
13 1 0.141840 0.148347 0.007660
13 2 0.145491 0.148347 0.007660
13 3 0.146221 0.148347 0.007660
13 4 0.149690 0.148347 0.007660
13 5 0.150237 0.148347 0.007660
13 6 0.149507 0.148347 0.007660
13 7 0.149690 0.148347 0.007660
13 8 0.149690 0.148347 0.007660
13 9 0.151333 0.148347 0.007660
13 10 0.148777 0.148347 0.007660
13 11 0.148412 0.148347 0.007660
13 12 0.146404 0.148347 0.007660
13 13 0.148229 0.148347 0.007660
13 14 0.153523 0.148347 0.007660
13 15 0.155714 0.148347 0.007660
13 16 0.154436 0.148347 0.007660
13 17 0.154253 0.148347 0.007660
13 18 0.149325 0.148347 0.007660
13 19 0.143118 0.148347 0.007660
13 20 0.140015 0.148347 0.007660
14 0 0.142023 0.148347 0.007660
14 1 0.145126 0.148347 0.007660
14 2 0.150420 0.148347 0.007660
14 3 0.149690 0.148347 0.007660
14 4 0.154253 0.148347 0.007660
14 5 0.152793 0.148347 0.007660
14 6 0.151880 0.148347 0.007660
14 7 0.151698 0.148347 0.007660
14 8 0.151698 0.148347 0.007660
14 9 0.152245 0.148347 0.007660
14 10 0.151698 0.148347 0.007660
14 11 0.149142 0.148347 0.007660
14 12 0.150237 0.148347 0.007660
14 13 0.153706 0.148347 0.007660
14 14 0.154618 0.148347 0.007660
14 15 0.157357 0.148347 0.007660
14 16 0.157357 0.148347 0.007660
14 17 0.157539 0.148347 0.007660
14 18 0.153341 0.148347 0.007660
14 19 0.148959 0.148347 0.007660
14 20 0.143666 0.148347 0.007660
15 0 0.145126 0.148347 0.007660
15 1 0.148412 0.148347 0.007660
15 2 0.153158 0.148347 0.007660
15 3 0.155349 0.148347 0.007660
15 4 0.155531 0.148347 0.007660
15 5 0.159912 0.148347 0.007660
15 6 0.156444 0.148347 0.007660
15 7 0.156261 0.148347 0.007660
15 8 0.155166 0.148347 0.007660
15 9 0.154801 0.148347 0.007660
15 10 0.154071 0.148347 0.007660
15 11 0.154071 0.148347 0.007660
15 12 0.151333 0.148347 0.007660
15 13 0.152976 0.148347 0.007660
15 14 0.159547 0.148347 0.007660
15 15 0.160825 0.148347 0.007660
15 16 0.160460 0.148347 0.007660
15 17 0.160460 0.148347 0.007660
15 18 0.161008 0.148347 0.007660
15 19 0.155349 0.148347 0.007660
15 20 0.149142 0.148347 0.007660
16 0 0.148959 0.148347 0.007660
16 1 0.152063 0.148347 0.007660
16 2 0.159000 0.148347 0.007660
16 3 0.160460 0.148347 0.007660
16 4 0.161555 0.148347 0.007660
16 5 0.160460 0.148347 0.007660
16 6 0.161008 0.148347 0.007660
16 7 0.160277 0.148347 0.007660
16 8 0.158635 0.148347 0.007660
16 9 0.157174 0.148347 0.007660
16 10 0.153888 0.148347 0.007660
16 11 0.151880 0.148347 0.007660
16 12 0.153341 0.148347 0.007660
16 13 0.155166 0.148347 0.007660
16 14 0.158087 0.148347 0.007660
16 15 0.161190 0.148347 0.007660
16 16 0.163563 0.148347 0.007660
16 17 0.160825 0.148347 0.007660
16 18 0.161008 0.148347 0.007660
16 19 0.159000 0.148347 0.007660
16 20 0.152793 0.148347 0.007660
17 0 0.151515 0.148347 0.007660
17 1 0.154071 0.148347 0.007660
17 2 0.160277 0.148347 0.007660
17 3 0.162286 0.148347 0.007660
17 4 0.164111 0.148347 0.007660
17 5 0.161373 0.148347 0.007660
17 6 0.159912 0.148347 0.007660
17 7 0.158635 0.148347 0.007660
17 8 0.156079 0.148347 0.007660
17 9 0.157539 0.148347 0.007660
17 10 0.152245 0.148347 0.007660
17 11 0.150785 0.148347 0.007660
17 12 0.152063 0.148347 0.007660
17 13 0.155166 0.148347 0.007660
17 14 0.155714 0.148347 0.007660
17 15 0.157722 0.148347 0.007660
17 16 0.163746 0.148347 0.007660
17 17 0.163198 0.148347 0.007660
17 18 0.159000 0.148347 0.007660
17 19 0.157174 0.148347 0.007660
17 20 0.153888 0.148347 0.007660
18 0 0.151150 0.148347 0.007660
18 1 0.154801 0.148347 0.007660
18 2 0.159182 0.148347 0.007660
18 3 0.159365 0.148347 0.007660
18 4 0.159730 0.148347 0.007660
18 5 0.158087 0.148347 0.007660
18 6 0.156809 0.148347 0.007660
18 7 0.157174 0.148347 0.007660
18 8 0.155896 0.148347 0.007660
18 9 0.152063 0.148347 0.007660
18 10 0.148594 0.148347 0.007660
18 11 0.148959 0.148347 0.007660
18 12 0.148959 0.148347 0.007660
18 13 0.151698 0.148347 0.007660
18 14 0.153523 0.148347 0.007660
18 15 0.157357 0.148347 0.007660
18 16 0.161920 0.148347 0.007660
18 17 0.162286 0.148347 0.007660
18 18 0.157904 0.148347 0.007660
18 19 0.154253 0.148347 0.007660
18 20 0.148594 0.148347 0.007660
19 0 0.148777 0.148347 0.007660
19 1 0.152976 0.148347 0.007660
19 2 0.156079 0.148347 0.007660
19 3 0.155349 0.148347 0.007660
19 4 0.157357 0.148347 0.007660
19 5 0.153706 0.148347 0.007660
19 6 0.155166 0.148347 0.007660
19 7 0.155349 0.148347 0.007660
19 8 0.150968 0.148347 0.007660
19 9 0.148594 0.148347 0.007660
19 10 0.148047 0.148347 0.007660
19 11 0.147134 0.148347 0.007660
19 12 0.148229 0.148347 0.007660
19 13 0.149872 0.148347 0.007660
19 14 0.152976 0.148347 0.007660
19 15 0.154436 0.148347 0.007660
19 16 0.159730 0.148347 0.007660
19 17 0.157174 0.148347 0.007660
19 18 0.156809 0.148347 0.007660
19 19 0.150602 0.148347 0.007660
19 20 0.143848 0.148347 0.007660
20 0 0.145126 0.148347 0.007660
20 1 0.148594 0.148347 0.007660
20 2 0.152793 0.148347 0.007660
20 3 0.150602 0.148347 0.007660
20 4 0.152976 0.148347 0.007660
20 5 0.152610 0.148347 0.007660
20 6 0.152976 0.148347 0.007660
20 7 0.148777 0.148347 0.007660
20 8 0.144943 0.148347 0.007660
20 9 0.144943 0.148347 0.007660
20 10 0.142570 0.148347 0.007660
20 11 0.142205 0.148347 0.007660
20 12 0.144943 0.148347 0.007660
20 13 0.145126 0.148347 0.007660
20 14 0.148229 0.148347 0.007660
20 15 0.150055 0.148347 0.007660
20 16 0.151150 0.148347 0.007660
20 17 0.151333 0.148347 0.007660
20 18 0.148594 0.148347 0.007660
20 19 0.144396 0.148347 0.007660
20 20 0.135451 0.148347 0.007660
