# contact distance = 28.0 Angstroms
# F = 0.4 kJ/mol

# i j contact_probability mean_contact_probability stddev_contact_probability
0 0 0.153157 0.153919 0.006342
0 1 0.153297 0.153919 0.006342
0 2 0.154697 0.153919 0.006342
0 3 0.152037 0.153919 0.006342
0 4 0.151057 0.153919 0.006342
0 5 0.148537 0.153919 0.006342
0 6 0.142657 0.153919 0.006342
0 7 0.139157 0.153919 0.006342
0 8 0.135657 0.153919 0.006342
0 9 0.134257 0.153919 0.006342
0 10 0.136357 0.153919 0.006342
0 11 0.139577 0.153919 0.006342
0 12 0.145457 0.153919 0.006342
0 13 0.145877 0.153919 0.006342
0 14 0.148117 0.153919 0.006342
0 15 0.151897 0.153919 0.006342
0 16 0.152597 0.153919 0.006342
0 17 0.152597 0.153919 0.006342
0 18 0.152177 0.153919 0.006342
0 19 0.151897 0.153919 0.006342
0 20 0.148257 0.153919 0.006342
1 0 0.156937 0.153919 0.006342
1 1 0.159037 0.153919 0.006342
1 2 0.160997 0.153919 0.006342
1 3 0.160577 0.153919 0.006342
1 4 0.158617 0.153919 0.006342
1 5 0.154557 0.153919 0.006342
1 6 0.148957 0.153919 0.006342
1 7 0.144617 0.153919 0.006342
1 8 0.139577 0.153919 0.006342
1 9 0.140557 0.153919 0.006342
1 10 0.142097 0.153919 0.006342
1 11 0.145877 0.153919 0.006342
1 12 0.148817 0.153919 0.006342
1 13 0.151477 0.153919 0.006342
1 14 0.154977 0.153919 0.006342
1 15 0.155817 0.153919 0.006342
1 16 0.157217 0.153919 0.006342
1 17 0.156797 0.153919 0.006342
1 18 0.156517 0.153919 0.006342
1 19 0.154837 0.153919 0.006342
1 20 0.151477 0.153919 0.006342
2 0 0.160857 0.153919 0.006342
2 1 0.162957 0.153919 0.006342
2 2 0.163937 0.153919 0.006342
2 3 0.162257 0.153919 0.006342
2 4 0.160717 0.153919 0.006342
2 5 0.157077 0.153919 0.006342
2 6 0.152037 0.153919 0.006342
2 7 0.146997 0.153919 0.006342
2 8 0.146017 0.153919 0.006342
2 9 0.145457 0.153919 0.006342
2 10 0.147837 0.153919 0.006342
2 11 0.149937 0.153919 0.006342
2 12 0.155397 0.153919 0.006342
2 13 0.158477 0.153919 0.006342
2 14 0.161137 0.153919 0.006342
2 15 0.161137 0.153919 0.006342
2 16 0.163097 0.153919 0.006342
2 17 0.161557 0.153919 0.006342
2 18 0.159737 0.153919 0.006342
2 19 0.157497 0.153919 0.006342
2 20 0.155537 0.153919 0.006342
3 0 0.157637 0.153919 0.006342
3 1 0.160577 0.153919 0.006342
3 2 0.162677 0.153919 0.006342
3 3 0.161837 0.153919 0.006342
3 4 0.160017 0.153919 0.006342
3 5 0.156517 0.153919 0.006342
3 6 0.153437 0.153919 0.006342
3 7 0.149797 0.153919 0.006342
3 8 0.147277 0.153919 0.006342
3 9 0.148817 0.153919 0.006342
3 10 0.149937 0.153919 0.006342
3 11 0.154417 0.153919 0.006342
3 12 0.159597 0.153919 0.006342
3 13 0.159317 0.153919 0.006342
3 14 0.160437 0.153919 0.006342
3 15 0.160437 0.153919 0.006342
3 16 0.163937 0.153919 0.006342
3 17 0.163237 0.153919 0.006342
3 18 0.162397 0.153919 0.006342
3 19 0.159457 0.153919 0.006342
3 20 0.155397 0.153919 0.006342
4 0 0.154137 0.153919 0.006342
4 1 0.156517 0.153919 0.006342
4 2 0.158757 0.153919 0.006342
4 3 0.158617 0.153919 0.006342
4 4 0.156377 0.153919 0.006342
4 5 0.153437 0.153919 0.006342
4 6 0.149237 0.153919 0.006342
4 7 0.148677 0.153919 0.006342
4 8 0.147697 0.153919 0.006342
4 9 0.149517 0.153919 0.006342
4 10 0.151337 0.153919 0.006342
4 11 0.154277 0.153919 0.006342
4 12 0.158477 0.153919 0.006342
4 13 0.160997 0.153919 0.006342
4 14 0.163797 0.153919 0.006342
4 15 0.163097 0.153919 0.006342
4 16 0.164777 0.153919 0.006342
4 17 0.162817 0.153919 0.006342
4 18 0.161697 0.153919 0.006342
4 19 0.158897 0.153919 0.006342
4 20 0.155957 0.153919 0.006342
5 0 0.151197 0.153919 0.006342
5 1 0.152877 0.153919 0.006342
5 2 0.154837 0.153919 0.006342
5 3 0.156097 0.153919 0.006342
5 4 0.156797 0.153919 0.006342
5 5 0.151477 0.153919 0.006342
5 6 0.148117 0.153919 0.006342
5 7 0.149657 0.153919 0.006342
5 8 0.150497 0.153919 0.006342
5 9 0.150497 0.153919 0.006342
5 10 0.150637 0.153919 0.006342
5 11 0.152597 0.153919 0.006342
5 12 0.156377 0.153919 0.006342
5 13 0.160017 0.153919 0.006342
5 14 0.164497 0.153919 0.006342
5 15 0.165617 0.153919 0.006342
5 16 0.165477 0.153919 0.006342
5 17 0.163237 0.153919 0.006342
5 18 0.162537 0.153919 0.006342
5 19 0.158337 0.153919 0.006342
5 20 0.154697 0.153919 0.006342
6 0 0.145317 0.153919 0.006342
6 1 0.148677 0.153919 0.006342
6 2 0.151757 0.153919 0.006342
6 3 0.151617 0.153919 0.006342
6 4 0.149517 0.153919 0.006342
6 5 0.149097 0.153919 0.006342
6 6 0.145877 0.153919 0.006342
6 7 0.147277 0.153919 0.006342
6 8 0.146717 0.153919 0.006342
6 9 0.148117 0.153919 0.006342
6 10 0.149797 0.153919 0.006342
6 11 0.150217 0.153919 0.006342
6 12 0.154977 0.153919 0.006342
6 13 0.158197 0.153919 0.006342
6 14 0.162257 0.153919 0.006342
6 15 0.164917 0.153919 0.006342
6 16 0.163937 0.153919 0.006342
6 17 0.161977 0.153919 0.006342
6 18 0.159457 0.153919 0.006342
6 19 0.157357 0.153919 0.006342
6 20 0.152877 0.153919 0.006342
7 0 0.140557 0.153919 0.006342
7 1 0.144617 0.153919 0.006342
7 2 0.148537 0.153919 0.006342
7 3 0.147837 0.153919 0.006342
7 4 0.148537 0.153919 0.006342
7 5 0.147417 0.153919 0.006342
7 6 0.143357 0.153919 0.006342
7 7 0.143917 0.153919 0.006342
7 8 0.145177 0.153919 0.006342
7 9 0.145877 0.153919 0.006342
7 10 0.148257 0.153919 0.006342
7 11 0.149937 0.153919 0.006342
7 12 0.152037 0.153919 0.006342
7 13 0.154977 0.153919 0.006342
7 14 0.161697 0.153919 0.006342
7 15 0.160017 0.153919 0.006342
7 16 0.162677 0.153919 0.006342
7 17 0.162397 0.153919 0.006342
7 18 0.159177 0.153919 0.006342
7 19 0.154137 0.153919 0.006342
7 20 0.150217 0.153919 0.006342
8 0 0.140137 0.153919 0.006342
8 1 0.145037 0.153919 0.006342
8 2 0.148397 0.153919 0.006342
8 3 0.150077 0.153919 0.006342
8 4 0.147417 0.153919 0.006342
8 5 0.145877 0.153919 0.006342
8 6 0.145177 0.153919 0.006342
8 7 0.144617 0.153919 0.006342
8 8 0.141957 0.153919 0.006342
8 9 0.143497 0.153919 0.006342
8 10 0.143217 0.153919 0.006342
8 11 0.146717 0.153919 0.006342
8 12 0.150357 0.153919 0.006342
8 13 0.154837 0.153919 0.006342
8 14 0.157077 0.153919 0.006342
8 15 0.159037 0.153919 0.006342
8 16 0.160717 0.153919 0.006342
8 17 0.159457 0.153919 0.006342
8 18 0.155957 0.153919 0.006342
8 19 0.153577 0.153919 0.006342
8 20 0.146157 0.153919 0.006342
9 0 0.139717 0.153919 0.006342
9 1 0.145877 0.153919 0.006342
9 2 0.147837 0.153919 0.006342
9 3 0.150497 0.153919 0.006342
9 4 0.150497 0.153919 0.006342
9 5 0.149097 0.153919 0.006342
9 6 0.144617 0.153919 0.006342
9 7 0.143917 0.153919 0.006342
9 8 0.144477 0.153919 0.006342
9 9 0.142517 0.153919 0.006342
9 10 0.144057 0.153919 0.006342
9 11 0.145037 0.153919 0.006342
9 12 0.150497 0.153919 0.006342
9 13 0.153437 0.153919 0.006342
9 14 0.155257 0.153919 0.006342
9 15 0.153997 0.153919 0.006342
9 16 0.157357 0.153919 0.006342
9 17 0.157217 0.153919 0.006342
9 18 0.155397 0.153919 0.006342
9 19 0.150217 0.153919 0.006342
9 20 0.143357 0.153919 0.006342
10 0 0.143917 0.153919 0.006342
10 1 0.150777 0.153919 0.006342
10 2 0.152877 0.153919 0.006342
10 3 0.154137 0.153919 0.006342
10 4 0.153297 0.153919 0.006342
10 5 0.151057 0.153919 0.006342
10 6 0.148537 0.153919 0.006342
10 7 0.145597 0.153919 0.006342
10 8 0.143637 0.153919 0.006342
10 9 0.142657 0.153919 0.006342
10 10 0.145737 0.153919 0.006342
10 11 0.147977 0.153919 0.006342
10 12 0.151477 0.153919 0.006342
10 13 0.156377 0.153919 0.006342
10 14 0.156097 0.153919 0.006342
10 15 0.154837 0.153919 0.006342
10 16 0.158757 0.153919 0.006342
10 17 0.157637 0.153919 0.006342
10 18 0.156937 0.153919 0.006342
10 19 0.149377 0.153919 0.006342
10 20 0.144337 0.153919 0.006342
11 0 0.146717 0.153919 0.006342
11 1 0.151057 0.153919 0.006342
11 2 0.152877 0.153919 0.006342
11 3 0.154697 0.153919 0.006342
11 4 0.154277 0.153919 0.006342
11 5 0.153017 0.153919 0.006342
11 6 0.149797 0.153919 0.006342
11 7 0.147837 0.153919 0.006342
11 8 0.143357 0.153919 0.006342
11 9 0.144197 0.153919 0.006342
11 10 0.146017 0.153919 0.006342
11 11 0.150077 0.153919 0.006342
11 12 0.153017 0.153919 0.006342
11 13 0.154277 0.153919 0.006342
11 14 0.157217 0.153919 0.006342
11 15 0.156797 0.153919 0.006342
11 16 0.159457 0.153919 0.006342
11 17 0.156797 0.153919 0.006342
11 18 0.153717 0.153919 0.006342
11 19 0.149377 0.153919 0.006342
11 20 0.143497 0.153919 0.006342
12 0 0.147557 0.153919 0.006342
12 1 0.151617 0.153919 0.006342
12 2 0.156237 0.153919 0.006342
12 3 0.158337 0.153919 0.006342
12 4 0.159177 0.153919 0.006342
12 5 0.158197 0.153919 0.006342
12 6 0.154277 0.153919 0.006342
12 7 0.153297 0.153919 0.006342
12 8 0.148957 0.153919 0.006342
12 9 0.148397 0.153919 0.006342
12 10 0.150217 0.153919 0.006342
12 11 0.150917 0.153919 0.006342
12 12 0.154557 0.153919 0.006342
12 13 0.157357 0.153919 0.006342
12 14 0.160857 0.153919 0.006342
12 15 0.159877 0.153919 0.006342
12 16 0.160997 0.153919 0.006342
12 17 0.157217 0.153919 0.006342
12 18 0.155677 0.153919 0.006342
12 19 0.149657 0.153919 0.006342
12 20 0.145597 0.153919 0.006342
13 0 0.152877 0.153919 0.006342
13 1 0.155677 0.153919 0.006342
13 2 0.159177 0.153919 0.006342
13 3 0.159597 0.153919 0.006342
13 4 0.161137 0.153919 0.006342
13 5 0.158197 0.153919 0.006342
13 6 0.155677 0.153919 0.006342
13 7 0.150497 0.153919 0.006342
13 8 0.150497 0.153919 0.006342
13 9 0.150077 0.153919 0.006342
13 10 0.152737 0.153919 0.006342
13 11 0.155117 0.153919 0.006342
13 12 0.157357 0.153919 0.006342
13 13 0.157217 0.153919 0.006342
13 14 0.161277 0.153919 0.006342
13 15 0.163097 0.153919 0.006342
13 16 0.163797 0.153919 0.006342
13 17 0.160857 0.153919 0.006342
13 18 0.155537 0.153919 0.006342
13 19 0.152457 0.153919 0.006342
13 20 0.146997 0.153919 0.006342
14 0 0.151897 0.153919 0.006342
14 1 0.157777 0.153919 0.006342
14 2 0.159737 0.153919 0.006342
14 3 0.160157 0.153919 0.006342
14 4 0.163377 0.153919 0.006342
14 5 0.160437 0.153919 0.006342
14 6 0.156517 0.153919 0.006342
14 7 0.153577 0.153919 0.006342
14 8 0.150637 0.153919 0.006342
14 9 0.150777 0.153919 0.006342
14 10 0.153997 0.153919 0.006342
14 11 0.156097 0.153919 0.006342
14 12 0.158197 0.153919 0.006342
14 13 0.156097 0.153919 0.006342
14 14 0.160017 0.153919 0.006342
14 15 0.165197 0.153919 0.006342
14 16 0.167017 0.153919 0.006342
14 17 0.164637 0.153919 0.006342
14 18 0.159597 0.153919 0.006342
14 19 0.155397 0.153919 0.006342
14 20 0.149377 0.153919 0.006342
15 0 0.154837 0.153919 0.006342
15 1 0.157357 0.153919 0.006342
15 2 0.160297 0.153919 0.006342
15 3 0.160157 0.153919 0.006342
15 4 0.160437 0.153919 0.006342
15 5 0.160297 0.153919 0.006342
15 6 0.158337 0.153919 0.006342
15 7 0.154837 0.153919 0.006342
15 8 0.151057 0.153919 0.006342
15 9 0.154697 0.153919 0.006342
15 10 0.155397 0.153919 0.006342
15 11 0.156237 0.153919 0.006342
15 12 0.158617 0.153919 0.006342
15 13 0.161137 0.153919 0.006342
15 14 0.162817 0.153919 0.006342
15 15 0.166457 0.153919 0.006342
15 16 0.166597 0.153919 0.006342
15 17 0.164637 0.153919 0.006342
15 18 0.162397 0.153919 0.006342
15 19 0.157777 0.153919 0.006342
15 20 0.147977 0.153919 0.006342
16 0 0.155817 0.153919 0.006342
16 1 0.159597 0.153919 0.006342
16 2 0.161277 0.153919 0.006342
16 3 0.160577 0.153919 0.006342
16 4 0.161977 0.153919 0.006342
16 5 0.159737 0.153919 0.006342
16 6 0.157637 0.153919 0.006342
16 7 0.155397 0.153919 0.006342
16 8 0.152177 0.153919 0.006342
16 9 0.153577 0.153919 0.006342
16 10 0.153717 0.153919 0.006342
16 11 0.154417 0.153919 0.006342
16 12 0.158757 0.153919 0.006342
16 13 0.159737 0.153919 0.006342
16 14 0.165197 0.153919 0.006342
16 15 0.167577 0.153919 0.006342
16 16 0.167017 0.153919 0.006342
16 17 0.163097 0.153919 0.006342
16 18 0.163097 0.153919 0.006342
16 19 0.157077 0.153919 0.006342
16 20 0.150357 0.153919 0.006342
17 0 0.155677 0.153919 0.006342
17 1 0.158477 0.153919 0.006342
17 2 0.161557 0.153919 0.006342
17 3 0.160017 0.153919 0.006342
17 4 0.162957 0.153919 0.006342
17 5 0.159597 0.153919 0.006342
17 6 0.156657 0.153919 0.006342
17 7 0.153717 0.153919 0.006342
17 8 0.152737 0.153919 0.006342
17 9 0.153437 0.153919 0.006342
17 10 0.155257 0.153919 0.006342
17 11 0.157217 0.153919 0.006342
17 12 0.159597 0.153919 0.006342
17 13 0.161557 0.153919 0.006342
17 14 0.164217 0.153919 0.006342
17 15 0.167297 0.153919 0.006342
17 16 0.163517 0.153919 0.006342
17 17 0.163097 0.153919 0.006342
17 18 0.158897 0.153919 0.006342
17 19 0.153997 0.153919 0.006342
17 20 0.148957 0.153919 0.006342
18 0 0.155117 0.153919 0.006342
18 1 0.155397 0.153919 0.006342
18 2 0.158477 0.153919 0.006342
18 3 0.158337 0.153919 0.006342
18 4 0.158757 0.153919 0.006342
18 5 0.156097 0.153919 0.006342
18 6 0.154277 0.153919 0.006342
18 7 0.152877 0.153919 0.006342
18 8 0.150637 0.153919 0.006342
18 9 0.151337 0.153919 0.006342
18 10 0.153297 0.153919 0.006342
18 11 0.154837 0.153919 0.006342
18 12 0.156377 0.153919 0.006342
18 13 0.159037 0.153919 0.006342
18 14 0.162677 0.153919 0.006342
18 15 0.160157 0.153919 0.006342
18 16 0.161557 0.153919 0.006342
18 17 0.158057 0.153919 0.006342
18 18 0.155397 0.153919 0.006342
18 19 0.151897 0.153919 0.006342
18 20 0.145317 0.153919 0.006342
19 0 0.152317 0.153919 0.006342
19 1 0.153297 0.153919 0.006342
19 2 0.155817 0.153919 0.006342
19 3 0.156517 0.153919 0.006342
19 4 0.157077 0.153919 0.006342
19 5 0.153157 0.153919 0.006342
19 6 0.150497 0.153919 0.006342
19 7 0.150357 0.153919 0.006342
19 8 0.150077 0.153919 0.006342
19 9 0.150357 0.153919 0.006342
19 10 0.150217 0.153919 0.006342
19 11 0.151757 0.153919 0.006342
19 12 0.151197 0.153919 0.006342
19 13 0.156377 0.153919 0.006342
19 14 0.157497 0.153919 0.006342
19 15 0.157917 0.153919 0.006342
19 16 0.158897 0.153919 0.006342
19 17 0.155257 0.153919 0.006342
19 18 0.150357 0.153919 0.006342
19 19 0.145737 0.153919 0.006342
19 20 0.141117 0.153919 0.006342
20 0 0.149517 0.153919 0.006342
20 1 0.151197 0.153919 0.006342
20 2 0.152317 0.153919 0.006342
20 3 0.153997 0.153919 0.006342
20 4 0.153997 0.153919 0.006342
20 5 0.151057 0.153919 0.006342
20 6 0.147557 0.153919 0.006342
20 7 0.144477 0.153919 0.006342
20 8 0.145177 0.153919 0.006342
20 9 0.146297 0.153919 0.006342
20 10 0.145877 0.153919 0.006342
20 11 0.146577 0.153919 0.006342
20 12 0.149657 0.153919 0.006342
20 13 0.152037 0.153919 0.006342
20 14 0.153577 0.153919 0.006342
20 15 0.153857 0.153919 0.006342
20 16 0.153577 0.153919 0.006342
20 17 0.150917 0.153919 0.006342
20 18 0.144897 0.153919 0.006342
20 19 0.140557 0.153919 0.006342
20 20 0.136357 0.153919 0.006342
