# contact distance = 28.0 Angstroms
# F = 0.4 kJ/mol

# i j contact_probability mean_contact_probability stddev_contact_probability
0 0 0.163310 0.157323 0.008630
0 1 0.164633 0.157323 0.008630
0 2 0.165515 0.157323 0.008630
0 3 0.161399 0.157323 0.008630
0 4 0.158313 0.157323 0.008630
0 5 0.156108 0.157323 0.008630
0 6 0.154932 0.157323 0.008630
0 7 0.153168 0.157323 0.008630
0 8 0.152874 0.157323 0.008630
0 9 0.151698 0.157323 0.008630
0 10 0.157137 0.157323 0.008630
0 11 0.157578 0.157323 0.008630
0 12 0.160664 0.157323 0.008630
0 13 0.160958 0.157323 0.008630
0 14 0.161399 0.157323 0.008630
0 15 0.159635 0.157323 0.008630
0 16 0.154050 0.157323 0.008630
0 17 0.153756 0.157323 0.008630
0 18 0.152433 0.157323 0.008630
0 19 0.147582 0.157323 0.008630
0 20 0.145965 0.157323 0.008630
1 0 0.166250 0.157323 0.008630
1 1 0.169043 0.157323 0.008630
1 2 0.167867 0.157323 0.008630
1 3 0.166397 0.157323 0.008630
1 4 0.166691 0.157323 0.008630
1 5 0.161105 0.157323 0.008630
1 6 0.158166 0.157323 0.008630
1 7 0.159341 0.157323 0.008630
1 8 0.158460 0.157323 0.008630
1 9 0.158460 0.157323 0.008630
1 10 0.160223 0.157323 0.008630
1 11 0.161987 0.157323 0.008630
1 12 0.162869 0.157323 0.008630
1 13 0.162428 0.157323 0.008630
1 14 0.164192 0.157323 0.008630
1 15 0.160517 0.157323 0.008630
1 16 0.156255 0.157323 0.008630
1 17 0.154344 0.157323 0.008630
1 18 0.154344 0.157323 0.008630
1 19 0.151551 0.157323 0.008630
1 20 0.148317 0.157323 0.008630
2 0 0.165074 0.157323 0.008630
2 1 0.166544 0.157323 0.008630
2 2 0.165809 0.157323 0.008630
2 3 0.165809 0.157323 0.008630
2 4 0.165515 0.157323 0.008630
2 5 0.162575 0.157323 0.008630
2 6 0.160370 0.157323 0.008630
2 7 0.158606 0.157323 0.008630
2 8 0.157725 0.157323 0.008630
2 9 0.159194 0.157323 0.008630
2 10 0.160517 0.157323 0.008630
2 11 0.160811 0.157323 0.008630
2 12 0.163163 0.157323 0.008630
2 13 0.163457 0.157323 0.008630
2 14 0.165515 0.157323 0.008630
2 15 0.162281 0.157323 0.008630
2 16 0.158313 0.157323 0.008630
2 17 0.157725 0.157323 0.008630
2 18 0.155814 0.157323 0.008630
2 19 0.150522 0.157323 0.008630
2 20 0.147435 0.157323 0.008630
3 0 0.163310 0.157323 0.008630
3 1 0.165515 0.157323 0.008630
3 2 0.164927 0.157323 0.008630
3 3 0.164927 0.157323 0.008630
3 4 0.164780 0.157323 0.008630
3 5 0.160811 0.157323 0.008630
3 6 0.159782 0.157323 0.008630
3 7 0.158753 0.157323 0.008630
3 8 0.158460 0.157323 0.008630
3 9 0.159929 0.157323 0.008630
3 10 0.159635 0.157323 0.008630
3 11 0.162281 0.157323 0.008630
3 12 0.162575 0.157323 0.008630
3 13 0.165221 0.157323 0.008630
3 14 0.167132 0.157323 0.008630
3 15 0.165662 0.157323 0.008630
3 16 0.163457 0.157323 0.008630
3 17 0.160076 0.157323 0.008630
3 18 0.156843 0.157323 0.008630
3 19 0.153756 0.157323 0.008630
3 20 0.150081 0.157323 0.008630
4 0 0.161693 0.157323 0.008630
4 1 0.162281 0.157323 0.008630
4 2 0.163898 0.157323 0.008630
4 3 0.164339 0.157323 0.008630
4 4 0.163016 0.157323 0.008630
4 5 0.163604 0.157323 0.008630
4 6 0.161252 0.157323 0.008630
4 7 0.159341 0.157323 0.008630
4 8 0.157578 0.157323 0.008630
4 9 0.159341 0.157323 0.008630
4 10 0.160223 0.157323 0.008630
4 11 0.161693 0.157323 0.008630
4 12 0.164339 0.157323 0.008630
4 13 0.165662 0.157323 0.008630
4 14 0.168161 0.157323 0.008630
4 15 0.168896 0.157323 0.008630
4 16 0.163751 0.157323 0.008630
4 17 0.164486 0.157323 0.008630
4 18 0.160076 0.157323 0.008630
4 19 0.156255 0.157323 0.008630
4 20 0.151992 0.157323 0.008630
5 0 0.158460 0.157323 0.008630
5 1 0.161252 0.157323 0.008630
5 2 0.159929 0.157323 0.008630
5 3 0.160370 0.157323 0.008630
5 4 0.162428 0.157323 0.008630
5 5 0.161840 0.157323 0.008630
5 6 0.160958 0.157323 0.008630
5 7 0.161105 0.157323 0.008630
5 8 0.159635 0.157323 0.008630
5 9 0.157284 0.157323 0.008630
5 10 0.158460 0.157323 0.008630
5 11 0.159782 0.157323 0.008630
5 12 0.163604 0.157323 0.008630
5 13 0.164927 0.157323 0.008630
5 14 0.168749 0.157323 0.008630
5 15 0.167573 0.157323 0.008630
5 16 0.164045 0.157323 0.008630
5 17 0.163310 0.157323 0.008630
5 18 0.159929 0.157323 0.008630
5 19 0.156843 0.157323 0.008630
5 20 0.151698 0.157323 0.008630
6 0 0.154050 0.157323 0.008630
6 1 0.157137 0.157323 0.008630
6 2 0.158460 0.157323 0.008630
6 3 0.159782 0.157323 0.008630
6 4 0.160223 0.157323 0.008630
6 5 0.159341 0.157323 0.008630
6 6 0.157872 0.157323 0.008630
6 7 0.160664 0.157323 0.008630
6 8 0.160076 0.157323 0.008630
6 9 0.159488 0.157323 0.008630
6 10 0.159047 0.157323 0.008630
6 11 0.160370 0.157323 0.008630
6 12 0.164045 0.157323 0.008630
6 13 0.165809 0.157323 0.008630
6 14 0.168308 0.157323 0.008630
6 15 0.166397 0.157323 0.008630
6 16 0.165515 0.157323 0.008630
6 17 0.163163 0.157323 0.008630
6 18 0.160223 0.157323 0.008630
6 19 0.158166 0.157323 0.008630
6 20 0.153756 0.157323 0.008630
7 0 0.149934 0.157323 0.008630
7 1 0.154344 0.157323 0.008630
7 2 0.157137 0.157323 0.008630
7 3 0.155667 0.157323 0.008630
7 4 0.159341 0.157323 0.008630
7 5 0.157725 0.157323 0.008630
7 6 0.157872 0.157323 0.008630
7 7 0.157137 0.157323 0.008630
7 8 0.160370 0.157323 0.008630
7 9 0.159488 0.157323 0.008630
7 10 0.158753 0.157323 0.008630
7 11 0.161252 0.157323 0.008630
7 12 0.163751 0.157323 0.008630
7 13 0.162722 0.157323 0.008630
7 14 0.163016 0.157323 0.008630
7 15 0.163898 0.157323 0.008630
7 16 0.162428 0.157323 0.008630
7 17 0.161252 0.157323 0.008630
7 18 0.159782 0.157323 0.008630
7 19 0.155961 0.157323 0.008630
7 20 0.151992 0.157323 0.008630
8 0 0.150669 0.157323 0.008630
8 1 0.152874 0.157323 0.008630
8 2 0.157431 0.157323 0.008630
8 3 0.157872 0.157323 0.008630
8 4 0.160517 0.157323 0.008630
8 5 0.161105 0.157323 0.008630
8 6 0.159194 0.157323 0.008630
8 7 0.157137 0.157323 0.008630
8 8 0.158019 0.157323 0.008630
8 9 0.158753 0.157323 0.008630
8 10 0.158313 0.157323 0.008630
8 11 0.158606 0.157323 0.008630
8 12 0.160811 0.157323 0.008630
8 13 0.164045 0.157323 0.008630
8 14 0.164045 0.157323 0.008630
8 15 0.162869 0.157323 0.008630
8 16 0.161399 0.157323 0.008630
8 17 0.159782 0.157323 0.008630
8 18 0.158460 0.157323 0.008630
8 19 0.153903 0.157323 0.008630
8 20 0.149640 0.157323 0.008630
9 0 0.147876 0.157323 0.008630
9 1 0.151551 0.157323 0.008630
9 2 0.155226 0.157323 0.008630
9 3 0.155814 0.157323 0.008630
9 4 0.159047 0.157323 0.008630
9 5 0.158166 0.157323 0.008630
9 6 0.160076 0.157323 0.008630
9 7 0.155814 0.157323 0.008630
9 8 0.157725 0.157323 0.008630
9 9 0.158460 0.157323 0.008630
9 10 0.157725 0.157323 0.008630
9 11 0.157137 0.157323 0.008630
9 12 0.159635 0.157323 0.008630
9 13 0.160076 0.157323 0.008630
9 14 0.161546 0.157323 0.008630
9 15 0.159635 0.157323 0.008630
9 16 0.156696 0.157323 0.008630
9 17 0.155667 0.157323 0.008630
9 18 0.155520 0.157323 0.008630
9 19 0.151404 0.157323 0.008630
9 20 0.145083 0.157323 0.008630
10 0 0.147729 0.157323 0.008630
10 1 0.151404 0.157323 0.008630
10 2 0.154932 0.157323 0.008630
10 3 0.154638 0.157323 0.008630
10 4 0.157137 0.157323 0.008630
10 5 0.160076 0.157323 0.008630
10 6 0.158606 0.157323 0.008630
10 7 0.158900 0.157323 0.008630
10 8 0.159194 0.157323 0.008630
10 9 0.156549 0.157323 0.008630
10 10 0.156696 0.157323 0.008630
10 11 0.158166 0.157323 0.008630
10 12 0.159488 0.157323 0.008630
10 13 0.160076 0.157323 0.008630
10 14 0.159047 0.157323 0.008630
10 15 0.159194 0.157323 0.008630
10 16 0.156255 0.157323 0.008630
10 17 0.154491 0.157323 0.008630
10 18 0.152580 0.157323 0.008630
10 19 0.145524 0.157323 0.008630
10 20 0.143319 0.157323 0.008630
11 0 0.152874 0.157323 0.008630
11 1 0.155373 0.157323 0.008630
11 2 0.158166 0.157323 0.008630
11 3 0.156990 0.157323 0.008630
11 4 0.159341 0.157323 0.008630
11 5 0.160811 0.157323 0.008630
11 6 0.160223 0.157323 0.008630
11 7 0.160370 0.157323 0.008630
11 8 0.162869 0.157323 0.008630
11 9 0.159194 0.157323 0.008630
11 10 0.160076 0.157323 0.008630
11 11 0.160076 0.157323 0.008630
11 12 0.159194 0.157323 0.008630
11 13 0.160811 0.157323 0.008630
11 14 0.158166 0.157323 0.008630
11 15 0.156255 0.157323 0.008630
11 16 0.154050 0.157323 0.008630
11 17 0.155226 0.157323 0.008630
11 18 0.152580 0.157323 0.008630
11 19 0.148170 0.157323 0.008630
11 20 0.142584 0.157323 0.008630
12 0 0.158019 0.157323 0.008630
12 1 0.159194 0.157323 0.008630
12 2 0.161399 0.157323 0.008630
12 3 0.163751 0.157323 0.008630
12 4 0.163016 0.157323 0.008630
12 5 0.163016 0.157323 0.008630
12 6 0.162428 0.157323 0.008630
12 7 0.165221 0.157323 0.008630
12 8 0.165515 0.157323 0.008630
12 9 0.163310 0.157323 0.008630
12 10 0.161546 0.157323 0.008630
12 11 0.163016 0.157323 0.008630
12 12 0.160370 0.157323 0.008630
12 13 0.161987 0.157323 0.008630
12 14 0.161252 0.157323 0.008630
12 15 0.156843 0.157323 0.008630
12 16 0.154785 0.157323 0.008630
12 17 0.153756 0.157323 0.008630
12 18 0.151698 0.157323 0.008630
12 19 0.146406 0.157323 0.008630
12 20 0.141261 0.157323 0.008630
13 0 0.157872 0.157323 0.008630
13 1 0.163163 0.157323 0.008630
13 2 0.165074 0.157323 0.008630
13 3 0.164927 0.157323 0.008630
13 4 0.167279 0.157323 0.008630
13 5 0.167867 0.157323 0.008630
13 6 0.166838 0.157323 0.008630
13 7 0.165662 0.157323 0.008630
13 8 0.164339 0.157323 0.008630
13 9 0.163751 0.157323 0.008630
13 10 0.162134 0.157323 0.008630
13 11 0.162428 0.157323 0.008630
13 12 0.160811 0.157323 0.008630
13 13 0.161252 0.157323 0.008630
13 14 0.159341 0.157323 0.008630
13 15 0.159635 0.157323 0.008630
13 16 0.156108 0.157323 0.008630
13 17 0.154197 0.157323 0.008630
13 18 0.147729 0.157323 0.008630
13 19 0.145818 0.157323 0.008630
13 20 0.143760 0.157323 0.008630
14 0 0.157431 0.157323 0.008630
14 1 0.163310 0.157323 0.008630
14 2 0.165956 0.157323 0.008630
14 3 0.168602 0.157323 0.008630
14 4 0.166250 0.157323 0.008630
14 5 0.165662 0.157323 0.008630
14 6 0.166544 0.157323 0.008630
14 7 0.168749 0.157323 0.008630
14 8 0.166544 0.157323 0.008630
14 9 0.162575 0.157323 0.008630
14 10 0.163457 0.157323 0.008630
14 11 0.163310 0.157323 0.008630
14 12 0.163016 0.157323 0.008630
14 13 0.162575 0.157323 0.008630
14 14 0.164045 0.157323 0.008630
14 15 0.159047 0.157323 0.008630
14 16 0.158166 0.157323 0.008630
14 17 0.154785 0.157323 0.008630
14 18 0.149199 0.157323 0.008630
14 19 0.146259 0.157323 0.008630
14 20 0.141261 0.157323 0.008630
15 0 0.160370 0.157323 0.008630
15 1 0.163898 0.157323 0.008630
15 2 0.165956 0.157323 0.008630
15 3 0.165662 0.157323 0.008630
15 4 0.165809 0.157323 0.008630
15 5 0.165956 0.157323 0.008630
15 6 0.167279 0.157323 0.008630
15 7 0.168014 0.157323 0.008630
15 8 0.164927 0.157323 0.008630
15 9 0.161105 0.157323 0.008630
15 10 0.162575 0.157323 0.008630
15 11 0.162428 0.157323 0.008630
15 12 0.162575 0.157323 0.008630
15 13 0.160811 0.157323 0.008630
15 14 0.161693 0.157323 0.008630
15 15 0.158313 0.157323 0.008630
15 16 0.155520 0.157323 0.008630
15 17 0.152286 0.157323 0.008630
15 18 0.147582 0.157323 0.008630
15 19 0.141114 0.157323 0.008630
15 20 0.138321 0.157323 0.008630
16 0 0.156843 0.157323 0.008630
16 1 0.160370 0.157323 0.008630
16 2 0.164486 0.157323 0.008630
16 3 0.162428 0.157323 0.008630
16 4 0.163016 0.157323 0.008630
16 5 0.163016 0.157323 0.008630
16 6 0.166103 0.157323 0.008630
16 7 0.166691 0.157323 0.008630
16 8 0.164927 0.157323 0.008630
16 9 0.163457 0.157323 0.008630
16 10 0.161693 0.157323 0.008630
16 11 0.162722 0.157323 0.008630
16 12 0.162575 0.157323 0.008630
16 13 0.162428 0.157323 0.008630
16 14 0.161546 0.157323 0.008630
16 15 0.155520 0.157323 0.008630
16 16 0.151257 0.157323 0.008630
16 17 0.145230 0.157323 0.008630
16 18 0.144054 0.157323 0.008630
16 19 0.139644 0.157323 0.008630
16 20 0.133912 0.157323 0.008630
17 0 0.154197 0.157323 0.008630
17 1 0.158460 0.157323 0.008630
17 2 0.161693 0.157323 0.008630
17 3 0.163163 0.157323 0.008630
17 4 0.164633 0.157323 0.008630
17 5 0.161840 0.157323 0.008630
17 6 0.165515 0.157323 0.008630
17 7 0.164927 0.157323 0.008630
17 8 0.165809 0.157323 0.008630
17 9 0.164045 0.157323 0.008630
17 10 0.162722 0.157323 0.008630
17 11 0.163163 0.157323 0.008630
17 12 0.162134 0.157323 0.008630
17 13 0.161252 0.157323 0.008630
17 14 0.157725 0.157323 0.008630
17 15 0.155079 0.157323 0.008630
17 16 0.146847 0.157323 0.008630
17 17 0.140967 0.157323 0.008630
17 18 0.140379 0.157323 0.008630
17 19 0.133471 0.157323 0.008630
17 20 0.128473 0.157323 0.008630
18 0 0.155520 0.157323 0.008630
18 1 0.158166 0.157323 0.008630
18 2 0.161105 0.157323 0.008630
18 3 0.161987 0.157323 0.008630
18 4 0.162281 0.157323 0.008630
18 5 0.160664 0.157323 0.008630
18 6 0.161693 0.157323 0.008630
18 7 0.162428 0.157323 0.008630
18 8 0.161987 0.157323 0.008630
18 9 0.160811 0.157323 0.008630
18 10 0.160517 0.157323 0.008630
18 11 0.159194 0.157323 0.008630
18 12 0.159194 0.157323 0.008630
18 13 0.154785 0.157323 0.008630
18 14 0.155373 0.157323 0.008630
18 15 0.150963 0.157323 0.008630
18 16 0.145377 0.157323 0.008630
18 17 0.139350 0.157323 0.008630
18 18 0.137292 0.157323 0.008630
18 19 0.132736 0.157323 0.008630
18 20 0.123475 0.157323 0.008630
19 0 0.149640 0.157323 0.008630
19 1 0.155226 0.157323 0.008630
19 2 0.156990 0.157323 0.008630
19 3 0.158019 0.157323 0.008630
19 4 0.159341 0.157323 0.008630
19 5 0.158460 0.157323 0.008630
19 6 0.156402 0.157323 0.008630
19 7 0.156696 0.157323 0.008630
19 8 0.155961 0.157323 0.008630
19 9 0.154491 0.157323 0.008630
19 10 0.156255 0.157323 0.008630
19 11 0.152580 0.157323 0.008630
19 12 0.150816 0.157323 0.008630
19 13 0.146994 0.157323 0.008630
19 14 0.146847 0.157323 0.008630
19 15 0.141849 0.157323 0.008630
19 16 0.137586 0.157323 0.008630
19 17 0.132736 0.157323 0.008630
19 18 0.130825 0.157323 0.008630
19 19 0.122740 0.157323 0.008630
19 20 0.114214 0.157323 0.008630
20 0 0.148758 0.157323 0.008630
20 1 0.150669 0.157323 0.008630
20 2 0.154050 0.157323 0.008630
20 3 0.152727 0.157323 0.008630
20 4 0.152727 0.157323 0.008630
20 5 0.152874 0.157323 0.008630
20 6 0.151992 0.157323 0.008630
20 7 0.151257 0.157323 0.008630
20 8 0.148170 0.157323 0.008630
20 9 0.147435 0.157323 0.008630
20 10 0.148170 0.157323 0.008630
20 11 0.147141 0.157323 0.008630
20 12 0.145818 0.157323 0.008630
20 13 0.142290 0.157323 0.008630
20 14 0.138174 0.157323 0.008630
20 15 0.134059 0.157323 0.008630
20 16 0.128914 0.157323 0.008630
20 17 0.126709 0.157323 0.008630
20 18 0.123328 0.157323 0.008630
20 19 0.116125 0.157323 0.008630
20 20 0.108482 0.157323 0.008630
