# contact distance = 28.0 Angstroms
# F = 0.4 kJ/mol

# i j contact_probability mean_contact_probability stddev_contact_probability
0 0 0.151057 0.152555 0.010762
0 1 0.153255 0.152555 0.010762
0 2 0.157374 0.152555 0.010762
0 3 0.160121 0.152555 0.010762
0 4 0.156825 0.152555 0.010762
0 5 0.154216 0.152555 0.010762
0 6 0.151607 0.152555 0.010762
0 7 0.145290 0.152555 0.010762
0 8 0.146526 0.152555 0.010762
0 9 0.146388 0.152555 0.010762
0 10 0.147350 0.152555 0.010762
0 11 0.149547 0.152555 0.010762
0 12 0.152568 0.152555 0.010762
0 13 0.153255 0.152555 0.010762
0 14 0.152156 0.152555 0.010762
0 15 0.151607 0.152555 0.010762
0 16 0.151332 0.152555 0.010762
0 17 0.150920 0.152555 0.010762
0 18 0.149547 0.152555 0.010762
0 19 0.146251 0.152555 0.010762
0 20 0.137874 0.152555 0.010762
1 0 0.155314 0.152555 0.010762
1 1 0.159022 0.152555 0.010762
1 2 0.160258 0.152555 0.010762
1 3 0.165339 0.152555 0.010762
1 4 0.159572 0.152555 0.010762
1 5 0.160395 0.152555 0.010762
1 6 0.155177 0.152555 0.010762
1 7 0.153117 0.152555 0.010762
1 8 0.153941 0.152555 0.010762
1 9 0.151744 0.152555 0.010762
1 10 0.152705 0.152555 0.010762
1 11 0.154765 0.152555 0.010762
1 12 0.156413 0.152555 0.010762
1 13 0.156413 0.152555 0.010762
1 14 0.156413 0.152555 0.010762
1 15 0.157237 0.152555 0.010762
1 16 0.155726 0.152555 0.010762
1 17 0.155040 0.152555 0.010762
1 18 0.153804 0.152555 0.010762
1 19 0.150096 0.152555 0.010762
1 20 0.144740 0.152555 0.010762
2 0 0.157374 0.152555 0.010762
2 1 0.159572 0.152555 0.010762
2 2 0.163279 0.152555 0.010762
2 3 0.166026 0.152555 0.010762
2 4 0.164515 0.152555 0.010762
2 5 0.163279 0.152555 0.010762
2 6 0.159846 0.152555 0.010762
2 7 0.156413 0.152555 0.010762
2 8 0.155314 0.152555 0.010762
2 9 0.155314 0.152555 0.010762
2 10 0.155726 0.152555 0.010762
2 11 0.158061 0.152555 0.010762
2 12 0.156276 0.152555 0.010762
2 13 0.158610 0.152555 0.010762
2 14 0.158748 0.152555 0.010762
2 15 0.159297 0.152555 0.010762
2 16 0.161906 0.152555 0.010762
2 17 0.159297 0.152555 0.010762
2 18 0.156688 0.152555 0.010762
2 19 0.154079 0.152555 0.010762
2 20 0.148860 0.152555 0.010762
3 0 0.156138 0.152555 0.010762
3 1 0.161494 0.152555 0.010762
3 2 0.165477 0.152555 0.010762
3 3 0.168223 0.152555 0.010762
3 4 0.168635 0.152555 0.010762
3 5 0.165751 0.152555 0.010762
3 6 0.163691 0.152555 0.010762
3 7 0.158885 0.152555 0.010762
3 8 0.159434 0.152555 0.010762
3 9 0.156962 0.152555 0.010762
3 10 0.159434 0.152555 0.010762
3 11 0.160395 0.152555 0.010762
3 12 0.160121 0.152555 0.010762
3 13 0.161769 0.152555 0.010762
3 14 0.161082 0.152555 0.010762
3 15 0.162593 0.152555 0.010762
3 16 0.164241 0.152555 0.010762
3 17 0.163417 0.152555 0.010762
3 18 0.160121 0.152555 0.010762
3 19 0.156825 0.152555 0.010762
3 20 0.150371 0.152555 0.010762
4 0 0.154216 0.152555 0.010762
4 1 0.159160 0.152555 0.010762
4 2 0.163417 0.152555 0.010762
4 3 0.167124 0.152555 0.010762
4 4 0.167536 0.152555 0.010762
4 5 0.166163 0.152555 0.010762
4 6 0.162867 0.152555 0.010762
4 7 0.160121 0.152555 0.010762
4 8 0.159846 0.152555 0.010762
4 9 0.160395 0.152555 0.010762
4 10 0.158061 0.152555 0.010762
4 11 0.159846 0.152555 0.010762
4 12 0.161631 0.152555 0.010762
4 13 0.165888 0.152555 0.010762
4 14 0.165339 0.152555 0.010762
4 15 0.164927 0.152555 0.010762
4 16 0.166026 0.152555 0.010762
4 17 0.163005 0.152555 0.010762
4 18 0.160807 0.152555 0.010762
4 19 0.156276 0.152555 0.010762
4 20 0.151332 0.152555 0.010762
5 0 0.151744 0.152555 0.010762
5 1 0.157374 0.152555 0.010762
5 2 0.161769 0.152555 0.010762
5 3 0.170695 0.152555 0.010762
5 4 0.169596 0.152555 0.010762
5 5 0.166300 0.152555 0.010762
5 6 0.163829 0.152555 0.010762
5 7 0.161906 0.152555 0.010762
5 8 0.160258 0.152555 0.010762
5 9 0.158610 0.152555 0.010762
5 10 0.159434 0.152555 0.010762
5 11 0.161219 0.152555 0.010762
5 12 0.162318 0.152555 0.010762
5 13 0.163554 0.152555 0.010762
5 14 0.165339 0.152555 0.010762
5 15 0.164653 0.152555 0.010762
5 16 0.164653 0.152555 0.010762
5 17 0.163554 0.152555 0.010762
5 18 0.159846 0.152555 0.010762
5 19 0.154353 0.152555 0.010762
5 20 0.151744 0.152555 0.010762
6 0 0.149272 0.152555 0.010762
6 1 0.153667 0.152555 0.010762
6 2 0.158336 0.152555 0.010762
6 3 0.166163 0.152555 0.010762
6 4 0.168086 0.152555 0.010762
6 5 0.163417 0.152555 0.010762
6 6 0.162730 0.152555 0.010762
6 7 0.160395 0.152555 0.010762
6 8 0.158336 0.152555 0.010762
6 9 0.157924 0.152555 0.010762
6 10 0.157100 0.152555 0.010762
6 11 0.159709 0.152555 0.010762
6 12 0.162043 0.152555 0.010762
6 13 0.164790 0.152555 0.010762
6 14 0.163279 0.152555 0.010762
6 15 0.164241 0.152555 0.010762
6 16 0.162593 0.152555 0.010762
6 17 0.162318 0.152555 0.010762
6 18 0.160121 0.152555 0.010762
6 19 0.155726 0.152555 0.010762
6 20 0.152568 0.152555 0.010762
7 0 0.148036 0.152555 0.010762
7 1 0.151195 0.152555 0.010762
7 2 0.155726 0.152555 0.010762
7 3 0.162043 0.152555 0.010762
7 4 0.165065 0.152555 0.010762
7 5 0.163417 0.152555 0.010762
7 6 0.162867 0.152555 0.010762
7 7 0.161357 0.152555 0.010762
7 8 0.158610 0.152555 0.010762
7 9 0.157512 0.152555 0.010762
7 10 0.154902 0.152555 0.010762
7 11 0.156825 0.152555 0.010762
7 12 0.158061 0.152555 0.010762
7 13 0.162043 0.152555 0.010762
7 14 0.163966 0.152555 0.010762
7 15 0.162043 0.152555 0.010762
7 16 0.161082 0.152555 0.010762
7 17 0.160395 0.152555 0.010762
7 18 0.158473 0.152555 0.010762
7 19 0.154079 0.152555 0.010762
7 20 0.148036 0.152555 0.010762
8 0 0.147762 0.152555 0.010762
8 1 0.147899 0.152555 0.010762
8 2 0.155177 0.152555 0.010762
8 3 0.160395 0.152555 0.010762
8 4 0.161906 0.152555 0.010762
8 5 0.161357 0.152555 0.010762
8 6 0.159984 0.152555 0.010762
8 7 0.158885 0.152555 0.010762
8 8 0.154628 0.152555 0.010762
8 9 0.154491 0.152555 0.010762
8 10 0.153529 0.152555 0.010762
8 11 0.153667 0.152555 0.010762
8 12 0.157100 0.152555 0.010762
8 13 0.158885 0.152555 0.010762
8 14 0.159846 0.152555 0.010762
8 15 0.161219 0.152555 0.010762
8 16 0.160533 0.152555 0.010762
8 17 0.157924 0.152555 0.010762
8 18 0.153804 0.152555 0.010762
8 19 0.148448 0.152555 0.010762
8 20 0.143093 0.152555 0.010762
9 0 0.144878 0.152555 0.010762
9 1 0.148448 0.152555 0.010762
9 2 0.154079 0.152555 0.010762
9 3 0.158061 0.152555 0.010762
9 4 0.159709 0.152555 0.010762
9 5 0.161219 0.152555 0.010762
9 6 0.159434 0.152555 0.010762
9 7 0.159846 0.152555 0.010762
9 8 0.155589 0.152555 0.010762
9 9 0.152980 0.152555 0.010762
9 10 0.151057 0.152555 0.010762
9 11 0.150096 0.152555 0.010762
9 12 0.153804 0.152555 0.010762
9 13 0.157237 0.152555 0.010762
9 14 0.156825 0.152555 0.010762
9 15 0.157512 0.152555 0.010762
9 16 0.159022 0.152555 0.010762
9 17 0.157237 0.152555 0.010762
9 18 0.150920 0.152555 0.010762
9 19 0.145702 0.152555 0.010762
9 20 0.140346 0.152555 0.010762
10 0 0.148860 0.152555 0.010762
10 1 0.152156 0.152555 0.010762
10 2 0.155726 0.152555 0.010762
10 3 0.159160 0.152555 0.010762
10 4 0.164515 0.152555 0.010762
10 5 0.164653 0.152555 0.010762
10 6 0.160807 0.152555 0.010762
10 7 0.160945 0.152555 0.010762
10 8 0.156413 0.152555 0.010762
10 9 0.153804 0.152555 0.010762
10 10 0.154353 0.152555 0.010762
10 11 0.152156 0.152555 0.010762
10 12 0.155864 0.152555 0.010762
10 13 0.158473 0.152555 0.010762
10 14 0.158748 0.152555 0.010762
10 15 0.158198 0.152555 0.010762
10 16 0.156962 0.152555 0.010762
10 17 0.154216 0.152555 0.010762
10 18 0.149821 0.152555 0.010762
10 19 0.143367 0.152555 0.010762
10 20 0.136913 0.152555 0.010762
11 0 0.150233 0.152555 0.010762
11 1 0.154079 0.152555 0.010762
11 2 0.156550 0.152555 0.010762
11 3 0.160945 0.152555 0.010762
11 4 0.163142 0.152555 0.010762
11 5 0.164790 0.152555 0.010762
11 6 0.163142 0.152555 0.010762
11 7 0.160945 0.152555 0.010762
11 8 0.157100 0.152555 0.010762
11 9 0.156138 0.152555 0.010762
11 10 0.154628 0.152555 0.010762
11 11 0.156276 0.152555 0.010762
11 12 0.157512 0.152555 0.010762
11 13 0.157374 0.152555 0.010762
11 14 0.156413 0.152555 0.010762
11 15 0.155452 0.152555 0.010762
11 16 0.154491 0.152555 0.010762
11 17 0.150645 0.152555 0.010762
11 18 0.147075 0.152555 0.010762
11 19 0.141170 0.152555 0.010762
11 20 0.137188 0.152555 0.010762
12 0 0.151744 0.152555 0.010762
12 1 0.156276 0.152555 0.010762
12 2 0.159297 0.152555 0.010762
12 3 0.159984 0.152555 0.010762
12 4 0.162593 0.152555 0.010762
12 5 0.164927 0.152555 0.010762
12 6 0.163554 0.152555 0.010762
12 7 0.162318 0.152555 0.010762
12 8 0.160258 0.152555 0.010762
12 9 0.155726 0.152555 0.010762
12 10 0.153392 0.152555 0.010762
12 11 0.156276 0.152555 0.010762
12 12 0.158336 0.152555 0.010762
12 13 0.156276 0.152555 0.010762
12 14 0.153941 0.152555 0.010762
12 15 0.152293 0.152555 0.010762
12 16 0.152019 0.152555 0.010762
12 17 0.150096 0.152555 0.010762
12 18 0.145152 0.152555 0.010762
12 19 0.141719 0.152555 0.010762
12 20 0.136089 0.152555 0.010762
13 0 0.153392 0.152555 0.010762
13 1 0.156825 0.152555 0.010762
13 2 0.157100 0.152555 0.010762
13 3 0.161219 0.152555 0.010762
13 4 0.162730 0.152555 0.010762
13 5 0.164515 0.152555 0.010762
13 6 0.163691 0.152555 0.010762
13 7 0.160670 0.152555 0.010762
13 8 0.157100 0.152555 0.010762
13 9 0.155452 0.152555 0.010762
13 10 0.153529 0.152555 0.010762
13 11 0.155314 0.152555 0.010762
13 12 0.158336 0.152555 0.010762
13 13 0.155452 0.152555 0.010762
13 14 0.154628 0.152555 0.010762
13 15 0.153117 0.152555 0.010762
13 16 0.150783 0.152555 0.010762
13 17 0.149547 0.152555 0.010762
13 18 0.143642 0.152555 0.010762
13 19 0.138973 0.152555 0.010762
13 20 0.132381 0.152555 0.010762
14 0 0.151057 0.152555 0.010762
14 1 0.155726 0.152555 0.010762
14 2 0.158061 0.152555 0.010762
14 3 0.162730 0.152555 0.010762
14 4 0.162181 0.152555 0.010762
14 5 0.162043 0.152555 0.010762
14 6 0.161494 0.152555 0.010762
14 7 0.156825 0.152555 0.010762
14 8 0.155864 0.152555 0.010762
14 9 0.152568 0.152555 0.010762
14 10 0.152843 0.152555 0.010762
14 11 0.153529 0.152555 0.010762
14 12 0.154628 0.152555 0.010762
14 13 0.151881 0.152555 0.010762
14 14 0.152019 0.152555 0.010762
14 15 0.152019 0.152555 0.010762
14 16 0.151881 0.152555 0.010762
14 17 0.147624 0.152555 0.010762
14 18 0.143642 0.152555 0.010762
14 19 0.136913 0.152555 0.010762
14 20 0.129497 0.152555 0.010762
15 0 0.149684 0.152555 0.010762
15 1 0.153529 0.152555 0.010762
15 2 0.157237 0.152555 0.010762
15 3 0.160945 0.152555 0.010762
15 4 0.161906 0.152555 0.010762
15 5 0.162181 0.152555 0.010762
15 6 0.159022 0.152555 0.010762
15 7 0.155177 0.152555 0.010762
15 8 0.153117 0.152555 0.010762
15 9 0.152431 0.152555 0.010762
15 10 0.151057 0.152555 0.010762
15 11 0.153667 0.152555 0.010762
15 12 0.154079 0.152555 0.010762
15 13 0.151469 0.152555 0.010762
15 14 0.151195 0.152555 0.010762
15 15 0.148586 0.152555 0.010762
15 16 0.148036 0.152555 0.010762
15 17 0.145290 0.152555 0.010762
15 18 0.140621 0.152555 0.010762
15 19 0.134166 0.152555 0.010762
15 20 0.127712 0.152555 0.010762
16 0 0.147899 0.152555 0.010762
16 1 0.152156 0.152555 0.010762
16 2 0.156001 0.152555 0.010762
16 3 0.159022 0.152555 0.010762
16 4 0.158061 0.152555 0.010762
16 5 0.160945 0.152555 0.010762
16 6 0.157374 0.152555 0.010762
16 7 0.157100 0.152555 0.010762
16 8 0.154079 0.152555 0.010762
16 9 0.150096 0.152555 0.010762
16 10 0.151195 0.152555 0.010762
16 11 0.150233 0.152555 0.010762
16 12 0.148998 0.152555 0.010762
16 13 0.148860 0.152555 0.010762
16 14 0.148311 0.152555 0.010762
16 15 0.147350 0.152555 0.010762
16 16 0.144878 0.152555 0.010762
16 17 0.138424 0.152555 0.010762
16 18 0.135402 0.152555 0.010762
16 19 0.129497 0.152555 0.010762
16 20 0.123867 0.152555 0.010762
17 0 0.146251 0.152555 0.010762
17 1 0.148998 0.152555 0.010762
17 2 0.153667 0.152555 0.010762
17 3 0.155177 0.152555 0.010762
17 4 0.154353 0.152555 0.010762
17 5 0.155726 0.152555 0.010762
17 6 0.156276 0.152555 0.010762
17 7 0.153667 0.152555 0.010762
17 8 0.149272 0.152555 0.010762
17 9 0.148036 0.152555 0.010762
17 10 0.147487 0.152555 0.010762
17 11 0.145976 0.152555 0.010762
17 12 0.145564 0.152555 0.010762
17 13 0.141445 0.152555 0.010762
17 14 0.143093 0.152555 0.010762
17 15 0.141719 0.152555 0.010762
17 16 0.141582 0.152555 0.010762
17 17 0.134578 0.152555 0.010762
17 18 0.126888 0.152555 0.010762
17 19 0.121945 0.152555 0.010762
17 20 0.118923 0.152555 0.010762
18 0 0.145015 0.152555 0.010762
18 1 0.149959 0.152555 0.010762
18 2 0.152568 0.152555 0.010762
18 3 0.154216 0.152555 0.010762
18 4 0.155314 0.152555 0.010762
18 5 0.156138 0.152555 0.010762
18 6 0.152843 0.152555 0.010762
18 7 0.149959 0.152555 0.010762
18 8 0.146388 0.152555 0.010762
18 9 0.145839 0.152555 0.010762
18 10 0.143917 0.152555 0.010762
18 11 0.144740 0.152555 0.010762
18 12 0.143230 0.152555 0.010762
18 13 0.137737 0.152555 0.010762
18 14 0.138424 0.152555 0.010762
18 15 0.136501 0.152555 0.010762
18 16 0.133754 0.152555 0.010762
18 17 0.130047 0.152555 0.010762
18 18 0.126888 0.152555 0.010762
18 19 0.117962 0.152555 0.010762
18 20 0.115490 0.152555 0.010762
19 0 0.141445 0.152555 0.010762
19 1 0.147075 0.152555 0.010762
19 2 0.149135 0.152555 0.010762
19 3 0.149410 0.152555 0.010762
19 4 0.149821 0.152555 0.010762
19 5 0.151057 0.152555 0.010762
19 6 0.146800 0.152555 0.010762
19 7 0.144328 0.152555 0.010762
19 8 0.143367 0.152555 0.010762
19 9 0.140758 0.152555 0.010762
19 10 0.139247 0.152555 0.010762
19 11 0.140209 0.152555 0.010762
19 12 0.137874 0.152555 0.010762
19 13 0.131420 0.152555 0.010762
19 14 0.129909 0.152555 0.010762
19 15 0.127712 0.152555 0.010762
19 16 0.125790 0.152555 0.010762
19 17 0.123455 0.152555 0.010762
19 18 0.120983 0.152555 0.010762
19 19 0.115902 0.152555 0.010762
19 20 0.112057 0.152555 0.010762
20 0 0.138149 0.152555 0.010762
20 1 0.144191 0.152555 0.010762
20 2 0.146663 0.152555 0.010762
20 3 0.148311 0.152555 0.010762
20 4 0.147075 0.152555 0.010762
20 5 0.146251 0.152555 0.010762
20 6 0.144191 0.152555 0.010762
20 7 0.142681 0.152555 0.010762
20 8 0.137188 0.152555 0.010762
20 9 0.134578 0.152555 0.010762
20 10 0.134716 0.152555 0.010762
20 11 0.132381 0.152555 0.010762
20 12 0.131557 0.152555 0.010762
20 13 0.125652 0.152555 0.010762
20 14 0.126888 0.152555 0.010762
20 15 0.122219 0.152555 0.010762
20 16 0.121670 0.152555 0.010762
20 17 0.118099 0.152555 0.010762
20 18 0.115628 0.152555 0.010762
20 19 0.112194 0.152555 0.010762
20 20 0.107800 0.152555 0.010762
