# contact distance = 28.0 Angstroms
# F = 0.4 kJ/mol

# i j contact_probability mean_contact_probability stddev_contact_probability
0 0 0.129512 0.158929 0.013836
0 1 0.131908 0.158929 0.013836
0 2 0.129512 0.158929 0.013836
0 3 0.130368 0.158929 0.013836
0 4 0.130710 0.158929 0.013836
0 5 0.131565 0.158929 0.013836
0 6 0.132592 0.158929 0.013836
0 7 0.135329 0.158929 0.013836
0 8 0.135158 0.158929 0.013836
0 9 0.135843 0.158929 0.013836
0 10 0.138238 0.158929 0.013836
0 11 0.138409 0.158929 0.013836
0 12 0.143884 0.158929 0.013836
0 13 0.147648 0.158929 0.013836
0 14 0.151069 0.158929 0.013836
0 15 0.154320 0.158929 0.013836
0 16 0.157571 0.158929 0.013836
0 17 0.156202 0.158929 0.013836
0 18 0.153636 0.158929 0.013836
0 19 0.153464 0.158929 0.013836
0 20 0.152609 0.158929 0.013836
1 0 0.129683 0.158929 0.013836
1 1 0.133618 0.158929 0.013836
1 2 0.135672 0.158929 0.013836
1 3 0.133961 0.158929 0.013836
1 4 0.136527 0.158929 0.013836
1 5 0.136185 0.158929 0.013836
1 6 0.135158 0.158929 0.013836
1 7 0.135500 0.158929 0.013836
1 8 0.138067 0.158929 0.013836
1 9 0.142857 0.158929 0.013836
1 10 0.143028 0.158929 0.013836
1 11 0.144739 0.158929 0.013836
1 12 0.150043 0.158929 0.013836
1 13 0.150385 0.158929 0.013836
1 14 0.156373 0.158929 0.013836
1 15 0.157399 0.158929 0.013836
1 16 0.159110 0.158929 0.013836
1 17 0.161506 0.158929 0.013836
1 18 0.157228 0.158929 0.013836
1 19 0.157571 0.158929 0.013836
1 20 0.155860 0.158929 0.013836
2 0 0.131565 0.158929 0.013836
2 1 0.131565 0.158929 0.013836
2 2 0.133961 0.158929 0.013836
2 3 0.136356 0.158929 0.013836
2 4 0.140633 0.158929 0.013836
2 5 0.141146 0.158929 0.013836
2 6 0.138409 0.158929 0.013836
2 7 0.140291 0.158929 0.013836
2 8 0.142686 0.158929 0.013836
2 9 0.144739 0.158929 0.013836
2 10 0.146792 0.158929 0.013836
2 11 0.148503 0.158929 0.013836
2 12 0.155175 0.158929 0.013836
2 13 0.157399 0.158929 0.013836
2 14 0.159966 0.158929 0.013836
2 15 0.163901 0.158929 0.013836
2 16 0.163730 0.158929 0.013836
2 17 0.166980 0.158929 0.013836
2 18 0.161677 0.158929 0.013836
2 19 0.159966 0.158929 0.013836
2 20 0.159453 0.158929 0.013836
3 0 0.130368 0.158929 0.013836
3 1 0.134132 0.158929 0.013836
3 2 0.132763 0.158929 0.013836
3 3 0.138067 0.158929 0.013836
3 4 0.138922 0.158929 0.013836
3 5 0.140633 0.158929 0.013836
3 6 0.138580 0.158929 0.013836
3 7 0.142344 0.158929 0.013836
3 8 0.146792 0.158929 0.013836
3 9 0.147134 0.158929 0.013836
3 10 0.147819 0.158929 0.013836
3 11 0.151925 0.158929 0.013836
3 12 0.157228 0.158929 0.013836
3 13 0.160479 0.158929 0.013836
3 14 0.162361 0.158929 0.013836
3 15 0.166467 0.158929 0.013836
3 16 0.167151 0.158929 0.013836
3 17 0.167151 0.158929 0.013836
3 18 0.164927 0.158929 0.013836
3 19 0.160479 0.158929 0.013836
3 20 0.159110 0.158929 0.013836
4 0 0.128828 0.158929 0.013836
4 1 0.130710 0.158929 0.013836
4 2 0.135329 0.158929 0.013836
4 3 0.139778 0.158929 0.013836
4 4 0.141660 0.158929 0.013836
4 5 0.144226 0.158929 0.013836
4 6 0.143028 0.158929 0.013836
4 7 0.142344 0.158929 0.013836
4 8 0.145766 0.158929 0.013836
4 9 0.147819 0.158929 0.013836
4 10 0.151754 0.158929 0.013836
4 11 0.155004 0.158929 0.013836
4 12 0.161163 0.158929 0.013836
4 13 0.162874 0.158929 0.013836
4 14 0.167151 0.158929 0.013836
4 15 0.169889 0.158929 0.013836
4 16 0.168691 0.158929 0.013836
4 17 0.169033 0.158929 0.013836
4 18 0.166125 0.158929 0.013836
4 19 0.163045 0.158929 0.013836
4 20 0.162532 0.158929 0.013836
5 0 0.126262 0.158929 0.013836
5 1 0.128999 0.158929 0.013836
5 2 0.133447 0.158929 0.013836
5 3 0.136869 0.158929 0.013836
5 4 0.140291 0.158929 0.013836
5 5 0.142002 0.158929 0.013836
5 6 0.143028 0.158929 0.013836
5 7 0.143884 0.158929 0.013836
5 8 0.145766 0.158929 0.013836
5 9 0.149187 0.158929 0.013836
5 10 0.151583 0.158929 0.013836
5 11 0.155689 0.158929 0.013836
5 12 0.162019 0.158929 0.013836
5 13 0.162703 0.158929 0.013836
5 14 0.164585 0.158929 0.013836
5 15 0.168520 0.158929 0.013836
5 16 0.169547 0.158929 0.013836
5 17 0.169547 0.158929 0.013836
5 18 0.167665 0.158929 0.013836
5 19 0.166638 0.158929 0.013836
5 20 0.164243 0.158929 0.013836
6 0 0.128144 0.158929 0.013836
6 1 0.128828 0.158929 0.013836
6 2 0.131908 0.158929 0.013836
6 3 0.137211 0.158929 0.013836
6 4 0.139264 0.158929 0.013836
6 5 0.144055 0.158929 0.013836
6 6 0.146279 0.158929 0.013836
6 7 0.146621 0.158929 0.013836
6 8 0.148503 0.158929 0.013836
6 9 0.149358 0.158929 0.013836
6 10 0.155518 0.158929 0.013836
6 11 0.159795 0.158929 0.013836
6 12 0.162874 0.158929 0.013836
6 13 0.166296 0.158929 0.013836
6 14 0.169376 0.158929 0.013836
6 15 0.170915 0.158929 0.013836
6 16 0.171771 0.158929 0.013836
6 17 0.170744 0.158929 0.013836
6 18 0.170231 0.158929 0.013836
6 19 0.169204 0.158929 0.013836
6 20 0.166980 0.158929 0.013836
7 0 0.131737 0.158929 0.013836
7 1 0.130197 0.158929 0.013836
7 2 0.133618 0.158929 0.013836
7 3 0.139093 0.158929 0.013836
7 4 0.141146 0.158929 0.013836
7 5 0.147305 0.158929 0.013836
7 6 0.151069 0.158929 0.013836
7 7 0.147990 0.158929 0.013836
7 8 0.149187 0.158929 0.013836
7 9 0.154320 0.158929 0.013836
7 10 0.156544 0.158929 0.013836
7 11 0.159624 0.158929 0.013836
7 12 0.165612 0.158929 0.013836
7 13 0.169204 0.158929 0.013836
7 14 0.171086 0.158929 0.013836
7 15 0.173653 0.158929 0.013836
7 16 0.170744 0.158929 0.013836
7 17 0.172626 0.158929 0.013836
7 18 0.172626 0.158929 0.013836
7 19 0.172455 0.158929 0.013836
7 20 0.167494 0.158929 0.013836
8 0 0.131908 0.158929 0.013836
8 1 0.135329 0.158929 0.013836
8 2 0.138067 0.158929 0.013836
8 3 0.143199 0.158929 0.013836
8 4 0.145423 0.158929 0.013836
8 5 0.148845 0.158929 0.013836
8 6 0.150898 0.158929 0.013836
8 7 0.147990 0.158929 0.013836
8 8 0.151069 0.158929 0.013836
8 9 0.156715 0.158929 0.013836
8 10 0.159624 0.158929 0.013836
8 11 0.159453 0.158929 0.013836
8 12 0.165783 0.158929 0.013836
8 13 0.169376 0.158929 0.013836
8 14 0.173139 0.158929 0.013836
8 15 0.174337 0.158929 0.013836
8 16 0.174850 0.158929 0.013836
8 17 0.176048 0.158929 0.013836
8 18 0.175021 0.158929 0.013836
8 19 0.172113 0.158929 0.013836
8 20 0.169204 0.158929 0.013836
9 0 0.132934 0.158929 0.013836
9 1 0.139778 0.158929 0.013836
9 2 0.142344 0.158929 0.013836
9 3 0.146279 0.158929 0.013836
9 4 0.148503 0.158929 0.013836
9 5 0.149187 0.158929 0.013836
9 6 0.152438 0.158929 0.013836
9 7 0.151925 0.158929 0.013836
9 8 0.154149 0.158929 0.013836
9 9 0.156031 0.158929 0.013836
9 10 0.160137 0.158929 0.013836
9 11 0.163559 0.158929 0.013836
9 12 0.166809 0.158929 0.013836
9 13 0.170402 0.158929 0.013836
9 14 0.170231 0.158929 0.013836
9 15 0.173824 0.158929 0.013836
9 16 0.174850 0.158929 0.013836
9 17 0.174166 0.158929 0.013836
9 18 0.171257 0.158929 0.013836
9 19 0.165954 0.158929 0.013836
9 20 0.164756 0.158929 0.013836
10 0 0.132250 0.158929 0.013836
10 1 0.140291 0.158929 0.013836
10 2 0.145595 0.158929 0.013836
10 3 0.148161 0.158929 0.013836
10 4 0.151411 0.158929 0.013836
10 5 0.151240 0.158929 0.013836
10 6 0.155175 0.158929 0.013836
10 7 0.155175 0.158929 0.013836
10 8 0.157399 0.158929 0.013836
10 9 0.158597 0.158929 0.013836
10 10 0.160308 0.158929 0.013836
10 11 0.164927 0.158929 0.013836
10 12 0.167322 0.158929 0.013836
10 13 0.171086 0.158929 0.013836
10 14 0.173311 0.158929 0.013836
10 15 0.173995 0.158929 0.013836
10 16 0.172797 0.158929 0.013836
10 17 0.172626 0.158929 0.013836
10 18 0.170573 0.158929 0.013836
10 19 0.164585 0.158929 0.013836
10 20 0.159795 0.158929 0.013836
11 0 0.133447 0.158929 0.013836
11 1 0.140804 0.158929 0.013836
11 2 0.145423 0.158929 0.013836
11 3 0.150898 0.158929 0.013836
11 4 0.155346 0.158929 0.013836
11 5 0.155346 0.158929 0.013836
11 6 0.155175 0.158929 0.013836
11 7 0.157399 0.158929 0.013836
11 8 0.156544 0.158929 0.013836
11 9 0.159624 0.158929 0.013836
11 10 0.162190 0.158929 0.013836
11 11 0.165954 0.158929 0.013836
11 12 0.168349 0.158929 0.013836
11 13 0.171600 0.158929 0.013836
11 14 0.173653 0.158929 0.013836
11 15 0.174166 0.158929 0.013836
11 16 0.171771 0.158929 0.013836
11 17 0.170060 0.158929 0.013836
11 18 0.166467 0.158929 0.013836
11 19 0.164243 0.158929 0.013836
11 20 0.160650 0.158929 0.013836
12 0 0.136356 0.158929 0.013836
12 1 0.144568 0.158929 0.013836
12 2 0.148161 0.158929 0.013836
12 3 0.151754 0.158929 0.013836
12 4 0.157399 0.158929 0.013836
12 5 0.159110 0.158929 0.013836
12 6 0.160137 0.158929 0.013836
12 7 0.156373 0.158929 0.013836
12 8 0.159453 0.158929 0.013836
12 9 0.160992 0.158929 0.013836
12 10 0.163730 0.158929 0.013836
12 11 0.166125 0.158929 0.013836
12 12 0.168691 0.158929 0.013836
12 13 0.169547 0.158929 0.013836
12 14 0.172284 0.158929 0.013836
12 15 0.171257 0.158929 0.013836
12 16 0.172626 0.158929 0.013836
12 17 0.169204 0.158929 0.013836
12 18 0.165441 0.158929 0.013836
12 19 0.162361 0.158929 0.013836
12 20 0.158426 0.158929 0.013836
13 0 0.139264 0.158929 0.013836
13 1 0.145595 0.158929 0.013836
13 2 0.151240 0.158929 0.013836
13 3 0.155004 0.158929 0.013836
13 4 0.157913 0.158929 0.013836
13 5 0.159110 0.158929 0.013836
13 6 0.158939 0.158929 0.013836
13 7 0.161334 0.158929 0.013836
13 8 0.162874 0.158929 0.013836
13 9 0.165098 0.158929 0.013836
13 10 0.169376 0.158929 0.013836
13 11 0.170231 0.158929 0.013836
13 12 0.169718 0.158929 0.013836
13 13 0.172626 0.158929 0.013836
13 14 0.174850 0.158929 0.013836
13 15 0.175192 0.158929 0.013836
13 16 0.175877 0.158929 0.013836
13 17 0.170402 0.158929 0.013836
13 18 0.170744 0.158929 0.013836
13 19 0.165441 0.158929 0.013836
13 20 0.157057 0.158929 0.013836
14 0 0.142173 0.158929 0.013836
14 1 0.149358 0.158929 0.013836
14 2 0.153978 0.158929 0.013836
14 3 0.155518 0.158929 0.013836
14 4 0.162019 0.158929 0.013836
14 5 0.164243 0.158929 0.013836
14 6 0.166296 0.158929 0.013836
14 7 0.164756 0.158929 0.013836
14 8 0.166638 0.158929 0.013836
14 9 0.169889 0.158929 0.013836
14 10 0.172284 0.158929 0.013836
14 11 0.172113 0.158929 0.013836
14 12 0.174850 0.158929 0.013836
14 13 0.173995 0.158929 0.013836
14 14 0.174850 0.158929 0.013836
14 15 0.178272 0.158929 0.013836
14 16 0.176390 0.158929 0.013836
14 17 0.172968 0.158929 0.013836
14 18 0.171942 0.158929 0.013836
14 19 0.165783 0.158929 0.013836
14 20 0.162190 0.158929 0.013836
15 0 0.144739 0.158929 0.013836
15 1 0.150385 0.158929 0.013836
15 2 0.154320 0.158929 0.013836
15 3 0.159453 0.158929 0.013836
15 4 0.163045 0.158929 0.013836
15 5 0.166809 0.158929 0.013836
15 6 0.169376 0.158929 0.013836
15 7 0.169376 0.158929 0.013836
15 8 0.171086 0.158929 0.013836
15 9 0.172968 0.158929 0.013836
15 10 0.172968 0.158929 0.013836
15 11 0.173995 0.158929 0.013836
15 12 0.178272 0.158929 0.013836
15 13 0.178956 0.158929 0.013836
15 14 0.181009 0.158929 0.013836
15 15 0.180667 0.158929 0.013836
15 16 0.180325 0.158929 0.013836
15 17 0.176732 0.158929 0.013836
15 18 0.177930 0.158929 0.013836
15 19 0.172113 0.158929 0.013836
15 20 0.166809 0.158929 0.013836
16 0 0.149530 0.158929 0.013836
16 1 0.153636 0.158929 0.013836
16 2 0.156031 0.158929 0.013836
16 3 0.161848 0.158929 0.013836
16 4 0.166638 0.158929 0.013836
16 5 0.166980 0.158929 0.013836
16 6 0.169204 0.158929 0.013836
16 7 0.170402 0.158929 0.013836
16 8 0.170573 0.158929 0.013836
16 9 0.170744 0.158929 0.013836
16 10 0.172797 0.158929 0.013836
16 11 0.175364 0.158929 0.013836
16 12 0.175706 0.158929 0.013836
16 13 0.180496 0.158929 0.013836
16 14 0.180496 0.158929 0.013836
16 15 0.182891 0.158929 0.013836
16 16 0.181180 0.158929 0.013836
16 17 0.182549 0.158929 0.013836
16 18 0.178272 0.158929 0.013836
16 19 0.173311 0.158929 0.013836
16 20 0.166125 0.158929 0.013836
17 0 0.151583 0.158929 0.013836
17 1 0.153293 0.158929 0.013836
17 2 0.158768 0.158929 0.013836
17 3 0.163045 0.158929 0.013836
17 4 0.165269 0.158929 0.013836
17 5 0.166809 0.158929 0.013836
17 6 0.169204 0.158929 0.013836
17 7 0.170915 0.158929 0.013836
17 8 0.172968 0.158929 0.013836
17 9 0.173482 0.158929 0.013836
17 10 0.170573 0.158929 0.013836
17 11 0.174337 0.158929 0.013836
17 12 0.178101 0.158929 0.013836
17 13 0.180667 0.158929 0.013836
17 14 0.180667 0.158929 0.013836
17 15 0.182378 0.158929 0.013836
17 16 0.180496 0.158929 0.013836
17 17 0.179812 0.158929 0.013836
17 18 0.177074 0.158929 0.013836
17 19 0.172113 0.158929 0.013836
17 20 0.166980 0.158929 0.013836
18 0 0.150727 0.158929 0.013836
18 1 0.154320 0.158929 0.013836
18 2 0.155518 0.158929 0.013836
18 3 0.162361 0.158929 0.013836
18 4 0.165441 0.158929 0.013836
18 5 0.168520 0.158929 0.013836
18 6 0.168691 0.158929 0.013836
18 7 0.169889 0.158929 0.013836
18 8 0.173311 0.158929 0.013836
18 9 0.172968 0.158929 0.013836
18 10 0.169889 0.158929 0.013836
18 11 0.172968 0.158929 0.013836
18 12 0.176219 0.158929 0.013836
18 13 0.178443 0.158929 0.013836
18 14 0.178443 0.158929 0.013836
18 15 0.179127 0.158929 0.013836
18 16 0.178101 0.158929 0.013836
18 17 0.176732 0.158929 0.013836
18 18 0.172113 0.158929 0.013836
18 19 0.170402 0.158929 0.013836
18 20 0.165098 0.158929 0.013836
19 0 0.148161 0.158929 0.013836
19 1 0.152096 0.158929 0.013836
19 2 0.155860 0.158929 0.013836
19 3 0.161334 0.158929 0.013836
19 4 0.167151 0.158929 0.013836
19 5 0.167836 0.158929 0.013836
19 6 0.169547 0.158929 0.013836
19 7 0.170744 0.158929 0.013836
19 8 0.167322 0.158929 0.013836
19 9 0.169889 0.158929 0.013836
19 10 0.169033 0.158929 0.013836
19 11 0.171086 0.158929 0.013836
19 12 0.173995 0.158929 0.013836
19 13 0.174166 0.158929 0.013836
19 14 0.171942 0.158929 0.013836
19 15 0.174679 0.158929 0.013836
19 16 0.174508 0.158929 0.013836
19 17 0.172968 0.158929 0.013836
19 18 0.169889 0.158929 0.013836
19 19 0.168691 0.158929 0.013836
19 20 0.161848 0.158929 0.013836
20 0 0.146963 0.158929 0.013836
20 1 0.150043 0.158929 0.013836
20 2 0.154662 0.158929 0.013836
20 3 0.160137 0.158929 0.013836
20 4 0.165612 0.158929 0.013836
20 5 0.164585 0.158929 0.013836
20 6 0.165269 0.158929 0.013836
20 7 0.166296 0.158929 0.013836
20 8 0.167322 0.158929 0.013836
20 9 0.165098 0.158929 0.013836
20 10 0.166467 0.158929 0.013836
20 11 0.167151 0.158929 0.013836
20 12 0.168862 0.158929 0.013836
20 13 0.171086 0.158929 0.013836
20 14 0.170060 0.158929 0.013836
20 15 0.169033 0.158929 0.013836
20 16 0.167151 0.158929 0.013836
20 17 0.165098 0.158929 0.013836
20 18 0.165441 0.158929 0.013836
20 19 0.160650 0.158929 0.013836
20 20 0.157742 0.158929 0.013836
