# contact distance = 28.0 Angstroms
# F = 0.4 kJ/mol

# i j contact_probability mean_contact_probability stddev_contact_probability
0 0 0.151639 0.154155 0.005868
0 1 0.150444 0.154155 0.005868
0 2 0.153176 0.154155 0.005868
0 3 0.152493 0.154155 0.005868
0 4 0.150956 0.154155 0.005868
0 5 0.148907 0.154155 0.005868
0 6 0.142589 0.154155 0.005868
0 7 0.137807 0.154155 0.005868
0 8 0.134563 0.154155 0.005868
0 9 0.133367 0.154155 0.005868
0 10 0.132343 0.154155 0.005868
0 11 0.136612 0.154155 0.005868
0 12 0.139003 0.154155 0.005868
0 13 0.144296 0.154155 0.005868
0 14 0.148566 0.154155 0.005868
0 15 0.151810 0.154155 0.005868
0 16 0.153347 0.154155 0.005868
0 17 0.152664 0.154155 0.005868
0 18 0.153005 0.154155 0.005868
0 19 0.152664 0.154155 0.005868
0 20 0.149590 0.154155 0.005868
1 0 0.150956 0.154155 0.005868
1 1 0.154542 0.154155 0.005868
1 2 0.155738 0.154155 0.005868
1 3 0.156250 0.154155 0.005868
1 4 0.153689 0.154155 0.005868
1 5 0.150615 0.154155 0.005868
1 6 0.147883 0.154155 0.005868
1 7 0.143784 0.154155 0.005868
1 8 0.139857 0.154155 0.005868
1 9 0.137295 0.154155 0.005868
1 10 0.139003 0.154155 0.005868
1 11 0.142247 0.154155 0.005868
1 12 0.147712 0.154155 0.005868
1 13 0.149078 0.154155 0.005868
1 14 0.154372 0.154155 0.005868
1 15 0.156762 0.154155 0.005868
1 16 0.157787 0.154155 0.005868
1 17 0.157445 0.154155 0.005868
1 18 0.155738 0.154155 0.005868
1 19 0.154201 0.154155 0.005868
1 20 0.153005 0.154155 0.005868
2 0 0.151127 0.154155 0.005868
2 1 0.152664 0.154155 0.005868
2 2 0.157445 0.154155 0.005868
2 3 0.156933 0.154155 0.005868
2 4 0.155225 0.154155 0.005868
2 5 0.153518 0.154155 0.005868
2 6 0.152493 0.154155 0.005868
2 7 0.149932 0.154155 0.005868
2 8 0.144638 0.154155 0.005868
2 9 0.144467 0.154155 0.005868
2 10 0.142418 0.154155 0.005868
2 11 0.144638 0.154155 0.005868
2 12 0.150956 0.154155 0.005868
2 13 0.152664 0.154155 0.005868
2 14 0.155225 0.154155 0.005868
2 15 0.155738 0.154155 0.005868
2 16 0.158470 0.154155 0.005868
2 17 0.158470 0.154155 0.005868
2 18 0.158470 0.154155 0.005868
2 19 0.157616 0.154155 0.005868
2 20 0.154201 0.154155 0.005868
3 0 0.149761 0.154155 0.005868
3 1 0.151639 0.154155 0.005868
3 2 0.154542 0.154155 0.005868
3 3 0.156421 0.154155 0.005868
3 4 0.156592 0.154155 0.005868
3 5 0.153005 0.154155 0.005868
3 6 0.150102 0.154155 0.005868
3 7 0.148736 0.154155 0.005868
3 8 0.148907 0.154155 0.005868
3 9 0.144296 0.154155 0.005868
3 10 0.146175 0.154155 0.005868
3 11 0.147541 0.154155 0.005868
3 12 0.149590 0.154155 0.005868
3 13 0.155225 0.154155 0.005868
3 14 0.153689 0.154155 0.005868
3 15 0.157275 0.154155 0.005868
3 16 0.157104 0.154155 0.005868
3 17 0.157445 0.154155 0.005868
3 18 0.156762 0.154155 0.005868
3 19 0.159153 0.154155 0.005868
3 20 0.156079 0.154155 0.005868
4 0 0.147199 0.154155 0.005868
4 1 0.153347 0.154155 0.005868
4 2 0.154713 0.154155 0.005868
4 3 0.157104 0.154155 0.005868
4 4 0.154713 0.154155 0.005868
4 5 0.151810 0.154155 0.005868
4 6 0.151981 0.154155 0.005868
4 7 0.150615 0.154155 0.005868
4 8 0.147370 0.154155 0.005868
4 9 0.147199 0.154155 0.005868
4 10 0.149932 0.154155 0.005868
4 11 0.150444 0.154155 0.005868
4 12 0.151981 0.154155 0.005868
4 13 0.153347 0.154155 0.005868
4 14 0.154884 0.154155 0.005868
4 15 0.156592 0.154155 0.005868
4 16 0.156079 0.154155 0.005868
4 17 0.156933 0.154155 0.005868
4 18 0.157445 0.154155 0.005868
4 19 0.158982 0.154155 0.005868
4 20 0.155738 0.154155 0.005868
5 0 0.144980 0.154155 0.005868
5 1 0.148907 0.154155 0.005868
5 2 0.152664 0.154155 0.005868
5 3 0.155567 0.154155 0.005868
5 4 0.156592 0.154155 0.005868
5 5 0.155567 0.154155 0.005868
5 6 0.154713 0.154155 0.005868
5 7 0.151639 0.154155 0.005868
5 8 0.154372 0.154155 0.005868
5 9 0.149932 0.154155 0.005868
5 10 0.147883 0.154155 0.005868
5 11 0.151298 0.154155 0.005868
5 12 0.151981 0.154155 0.005868
5 13 0.154713 0.154155 0.005868
5 14 0.156592 0.154155 0.005868
5 15 0.155738 0.154155 0.005868
5 16 0.157958 0.154155 0.005868
5 17 0.159153 0.154155 0.005868
5 18 0.158470 0.154155 0.005868
5 19 0.158299 0.154155 0.005868
5 20 0.155908 0.154155 0.005868
6 0 0.141223 0.154155 0.005868
6 1 0.146858 0.154155 0.005868
6 2 0.150956 0.154155 0.005868
6 3 0.154372 0.154155 0.005868
6 4 0.158641 0.154155 0.005868
6 5 0.158128 0.154155 0.005868
6 6 0.158299 0.154155 0.005868
6 7 0.153347 0.154155 0.005868
6 8 0.152322 0.154155 0.005868
6 9 0.149761 0.154155 0.005868
6 10 0.149249 0.154155 0.005868
6 11 0.148566 0.154155 0.005868
6 12 0.152664 0.154155 0.005868
6 13 0.154372 0.154155 0.005868
6 14 0.155225 0.154155 0.005868
6 15 0.157275 0.154155 0.005868
6 16 0.159665 0.154155 0.005868
6 17 0.159495 0.154155 0.005868
6 18 0.158299 0.154155 0.005868
6 19 0.157958 0.154155 0.005868
6 20 0.155908 0.154155 0.005868
7 0 0.136612 0.154155 0.005868
7 1 0.141393 0.154155 0.005868
7 2 0.147199 0.154155 0.005868
7 3 0.153689 0.154155 0.005868
7 4 0.157104 0.154155 0.005868
7 5 0.157787 0.154155 0.005868
7 6 0.158470 0.154155 0.005868
7 7 0.154542 0.154155 0.005868
7 8 0.153176 0.154155 0.005868
7 9 0.148736 0.154155 0.005868
7 10 0.149419 0.154155 0.005868
7 11 0.148736 0.154155 0.005868
7 12 0.152322 0.154155 0.005868
7 13 0.151810 0.154155 0.005868
7 14 0.154542 0.154155 0.005868
7 15 0.157616 0.154155 0.005868
7 16 0.158470 0.154155 0.005868
7 17 0.159324 0.154155 0.005868
7 18 0.155908 0.154155 0.005868
7 19 0.156079 0.154155 0.005868
7 20 0.154030 0.154155 0.005868
8 0 0.135758 0.154155 0.005868
8 1 0.140540 0.154155 0.005868
8 2 0.146687 0.154155 0.005868
8 3 0.151469 0.154155 0.005868
8 4 0.155567 0.154155 0.005868
8 5 0.154542 0.154155 0.005868
8 6 0.154884 0.154155 0.005868
8 7 0.154201 0.154155 0.005868
8 8 0.152835 0.154155 0.005868
8 9 0.149249 0.154155 0.005868
8 10 0.148224 0.154155 0.005868
8 11 0.148224 0.154155 0.005868
8 12 0.148736 0.154155 0.005868
8 13 0.150786 0.154155 0.005868
8 14 0.154030 0.154155 0.005868
8 15 0.156933 0.154155 0.005868
8 16 0.158128 0.154155 0.005868
8 17 0.157275 0.154155 0.005868
8 18 0.157275 0.154155 0.005868
8 19 0.157275 0.154155 0.005868
8 20 0.151639 0.154155 0.005868
9 0 0.133709 0.154155 0.005868
9 1 0.141223 0.154155 0.005868
9 2 0.147199 0.154155 0.005868
9 3 0.152835 0.154155 0.005868
9 4 0.157104 0.154155 0.005868
9 5 0.156079 0.154155 0.005868
9 6 0.151127 0.154155 0.005868
9 7 0.152493 0.154155 0.005868
9 8 0.150273 0.154155 0.005868
9 9 0.149590 0.154155 0.005868
9 10 0.147883 0.154155 0.005868
9 11 0.146858 0.154155 0.005868
9 12 0.149932 0.154155 0.005868
9 13 0.151639 0.154155 0.005868
9 14 0.153347 0.154155 0.005868
9 15 0.155567 0.154155 0.005868
9 16 0.157275 0.154155 0.005868
9 17 0.157787 0.154155 0.005868
9 18 0.157445 0.154155 0.005868
9 19 0.156762 0.154155 0.005868
9 20 0.151981 0.154155 0.005868
10 0 0.135587 0.154155 0.005868
10 1 0.143101 0.154155 0.005868
10 2 0.147883 0.154155 0.005868
10 3 0.153347 0.154155 0.005868
10 4 0.156421 0.154155 0.005868
10 5 0.156079 0.154155 0.005868
10 6 0.154030 0.154155 0.005868
10 7 0.152322 0.154155 0.005868
10 8 0.151981 0.154155 0.005868
10 9 0.150102 0.154155 0.005868
10 10 0.148224 0.154155 0.005868
10 11 0.148224 0.154155 0.005868
10 12 0.150615 0.154155 0.005868
10 13 0.151298 0.154155 0.005868
10 14 0.153859 0.154155 0.005868
10 15 0.157104 0.154155 0.005868
10 16 0.159324 0.154155 0.005868
10 17 0.158299 0.154155 0.005868
10 18 0.158641 0.154155 0.005868
10 19 0.154201 0.154155 0.005868
10 20 0.149249 0.154155 0.005868
11 0 0.138149 0.154155 0.005868
11 1 0.144296 0.154155 0.005868
11 2 0.149761 0.154155 0.005868
11 3 0.153005 0.154155 0.005868
11 4 0.154030 0.154155 0.005868
11 5 0.156250 0.154155 0.005868
11 6 0.156421 0.154155 0.005868
11 7 0.152493 0.154155 0.005868
11 8 0.149932 0.154155 0.005868
11 9 0.151469 0.154155 0.005868
11 10 0.149761 0.154155 0.005868
11 11 0.151298 0.154155 0.005868
11 12 0.154713 0.154155 0.005868
11 13 0.156421 0.154155 0.005868
11 14 0.156592 0.154155 0.005868
11 15 0.158641 0.154155 0.005868
11 16 0.159665 0.154155 0.005868
11 17 0.157616 0.154155 0.005868
11 18 0.158128 0.154155 0.005868
11 19 0.155908 0.154155 0.005868
11 20 0.148736 0.154155 0.005868
12 0 0.143101 0.154155 0.005868
12 1 0.146516 0.154155 0.005868
12 2 0.153176 0.154155 0.005868
12 3 0.157616 0.154155 0.005868
12 4 0.158128 0.154155 0.005868
12 5 0.160348 0.154155 0.005868
12 6 0.160519 0.154155 0.005868
12 7 0.156421 0.154155 0.005868
12 8 0.153518 0.154155 0.005868
12 9 0.152835 0.154155 0.005868
12 10 0.151810 0.154155 0.005868
12 11 0.153518 0.154155 0.005868
12 12 0.153005 0.154155 0.005868
12 13 0.157958 0.154155 0.005868
12 14 0.160348 0.154155 0.005868
12 15 0.160861 0.154155 0.005868
12 16 0.159836 0.154155 0.005868
12 17 0.158470 0.154155 0.005868
12 18 0.157787 0.154155 0.005868
12 19 0.155567 0.154155 0.005868
12 20 0.149932 0.154155 0.005868
13 0 0.143272 0.154155 0.005868
13 1 0.149249 0.154155 0.005868
13 2 0.156421 0.154155 0.005868
13 3 0.161031 0.154155 0.005868
13 4 0.161031 0.154155 0.005868
13 5 0.162398 0.154155 0.005868
13 6 0.162227 0.154155 0.005868
13 7 0.159836 0.154155 0.005868
13 8 0.158128 0.154155 0.005868
13 9 0.153005 0.154155 0.005868
13 10 0.153518 0.154155 0.005868
13 11 0.152664 0.154155 0.005868
13 12 0.154884 0.154155 0.005868
13 13 0.156079 0.154155 0.005868
13 14 0.158982 0.154155 0.005868
13 15 0.159153 0.154155 0.005868
13 16 0.164105 0.154155 0.005868
13 17 0.161031 0.154155 0.005868
13 18 0.158470 0.154155 0.005868
13 19 0.158128 0.154155 0.005868
13 20 0.148907 0.154155 0.005868
14 0 0.147199 0.154155 0.005868
14 1 0.151639 0.154155 0.005868
14 2 0.158641 0.154155 0.005868
14 3 0.162739 0.154155 0.005868
14 4 0.164105 0.154155 0.005868
14 5 0.163934 0.154155 0.005868
14 6 0.162398 0.154155 0.005868
14 7 0.160007 0.154155 0.005868
14 8 0.158641 0.154155 0.005868
14 9 0.156933 0.154155 0.005868
14 10 0.151810 0.154155 0.005868
14 11 0.154030 0.154155 0.005868
14 12 0.155396 0.154155 0.005868
14 13 0.157787 0.154155 0.005868
14 14 0.157445 0.154155 0.005868
14 15 0.161031 0.154155 0.005868
14 16 0.164105 0.154155 0.005868
14 17 0.157958 0.154155 0.005868
14 18 0.156933 0.154155 0.005868
14 19 0.156079 0.154155 0.005868
14 20 0.149078 0.154155 0.005868
15 0 0.148907 0.154155 0.005868
15 1 0.153518 0.154155 0.005868
15 2 0.158128 0.154155 0.005868
15 3 0.161202 0.154155 0.005868
15 4 0.166154 0.154155 0.005868
15 5 0.163934 0.154155 0.005868
15 6 0.163593 0.154155 0.005868
15 7 0.160861 0.154155 0.005868
15 8 0.159665 0.154155 0.005868
15 9 0.156762 0.154155 0.005868
15 10 0.155738 0.154155 0.005868
15 11 0.154201 0.154155 0.005868
15 12 0.158811 0.154155 0.005868
15 13 0.160007 0.154155 0.005868
15 14 0.159665 0.154155 0.005868
15 15 0.164105 0.154155 0.005868
15 16 0.161885 0.154155 0.005868
15 17 0.158299 0.154155 0.005868
15 18 0.158128 0.154155 0.005868
15 19 0.156250 0.154155 0.005868
15 20 0.149249 0.154155 0.005868
16 0 0.151127 0.154155 0.005868
16 1 0.152493 0.154155 0.005868
16 2 0.157616 0.154155 0.005868
16 3 0.161885 0.154155 0.005868
16 4 0.163764 0.154155 0.005868
16 5 0.162739 0.154155 0.005868
16 6 0.162227 0.154155 0.005868
16 7 0.161373 0.154155 0.005868
16 8 0.159495 0.154155 0.005868
16 9 0.158299 0.154155 0.005868
16 10 0.157104 0.154155 0.005868
16 11 0.155908 0.154155 0.005868
16 12 0.156421 0.154155 0.005868
16 13 0.159324 0.154155 0.005868
16 14 0.159153 0.154155 0.005868
16 15 0.161202 0.154155 0.005868
16 16 0.163081 0.154155 0.005868
16 17 0.158470 0.154155 0.005868
16 18 0.159495 0.154155 0.005868
16 19 0.156933 0.154155 0.005868
16 20 0.151298 0.154155 0.005868
17 0 0.150956 0.154155 0.005868
17 1 0.153689 0.154155 0.005868
17 2 0.157104 0.154155 0.005868
17 3 0.161202 0.154155 0.005868
17 4 0.165471 0.154155 0.005868
17 5 0.164447 0.154155 0.005868
17 6 0.162739 0.154155 0.005868
17 7 0.161885 0.154155 0.005868
17 8 0.162056 0.154155 0.005868
17 9 0.159153 0.154155 0.005868
17 10 0.158641 0.154155 0.005868
17 11 0.156933 0.154155 0.005868
17 12 0.157787 0.154155 0.005868
17 13 0.158641 0.154155 0.005868
17 14 0.157616 0.154155 0.005868
17 15 0.159665 0.154155 0.005868
17 16 0.160178 0.154155 0.005868
17 17 0.158641 0.154155 0.005868
17 18 0.160007 0.154155 0.005868
17 19 0.157445 0.154155 0.005868
17 20 0.150956 0.154155 0.005868
18 0 0.152493 0.154155 0.005868
18 1 0.153518 0.154155 0.005868
18 2 0.160861 0.154155 0.005868
18 3 0.162227 0.154155 0.005868
18 4 0.166667 0.154155 0.005868
18 5 0.164276 0.154155 0.005868
18 6 0.163593 0.154155 0.005868
18 7 0.165130 0.154155 0.005868
18 8 0.160519 0.154155 0.005868
18 9 0.159665 0.154155 0.005868
18 10 0.158470 0.154155 0.005868
18 11 0.159324 0.154155 0.005868
18 12 0.158128 0.154155 0.005868
18 13 0.157445 0.154155 0.005868
18 14 0.158299 0.154155 0.005868
18 15 0.160519 0.154155 0.005868
18 16 0.160861 0.154155 0.005868
18 17 0.159495 0.154155 0.005868
18 18 0.160348 0.154155 0.005868
18 19 0.160348 0.154155 0.005868
18 20 0.152664 0.154155 0.005868
19 0 0.150956 0.154155 0.005868
19 1 0.155225 0.154155 0.005868
19 2 0.159153 0.154155 0.005868
19 3 0.161202 0.154155 0.005868
19 4 0.162568 0.154155 0.005868
19 5 0.162398 0.154155 0.005868
19 6 0.163593 0.154155 0.005868
19 7 0.159495 0.154155 0.005868
19 8 0.155567 0.154155 0.005868
19 9 0.155396 0.154155 0.005868
19 10 0.154542 0.154155 0.005868
19 11 0.152493 0.154155 0.005868
19 12 0.153689 0.154155 0.005868
19 13 0.155396 0.154155 0.005868
19 14 0.155225 0.154155 0.005868
19 15 0.155055 0.154155 0.005868
19 16 0.156933 0.154155 0.005868
19 17 0.156421 0.154155 0.005868
19 18 0.154884 0.154155 0.005868
19 19 0.155738 0.154155 0.005868
19 20 0.147029 0.154155 0.005868
20 0 0.148395 0.154155 0.005868
20 1 0.152152 0.154155 0.005868
20 2 0.156933 0.154155 0.005868
20 3 0.160348 0.154155 0.005868
20 4 0.158982 0.154155 0.005868
20 5 0.158470 0.154155 0.005868
20 6 0.156250 0.154155 0.005868
20 7 0.156250 0.154155 0.005868
20 8 0.151127 0.154155 0.005868
20 9 0.147712 0.154155 0.005868
20 10 0.149249 0.154155 0.005868
20 11 0.148566 0.154155 0.005868
20 12 0.148907 0.154155 0.005868
20 13 0.149932 0.154155 0.005868
20 14 0.148736 0.154155 0.005868
20 15 0.151298 0.154155 0.005868
20 16 0.151469 0.154155 0.005868
20 17 0.150786 0.154155 0.005868
20 18 0.150615 0.154155 0.005868
20 19 0.148566 0.154155 0.005868
20 20 0.142760 0.154155 0.005868
