# contact distance = 28.0 Angstroms
# F = 0.4 kJ/mol

# i j contact_probability mean_contact_probability stddev_contact_probability
0 0 0.181285 0.184735 0.012387
0 1 0.181962 0.184735 0.012387
0 2 0.181059 0.184735 0.012387
0 3 0.179704 0.184735 0.012387
0 4 0.179140 0.184735 0.012387
0 5 0.177898 0.184735 0.012387
0 6 0.179366 0.184735 0.012387
0 7 0.181172 0.184735 0.012387
0 8 0.182526 0.184735 0.012387
0 9 0.182300 0.184735 0.012387
0 10 0.186477 0.184735 0.012387
0 11 0.187944 0.184735 0.012387
0 12 0.187944 0.184735 0.012387
0 13 0.191895 0.184735 0.012387
0 14 0.192911 0.184735 0.012387
0 15 0.193927 0.184735 0.012387
0 16 0.193927 0.184735 0.012387
0 17 0.193024 0.184735 0.012387
0 18 0.188170 0.184735 0.012387
0 19 0.185461 0.184735 0.012387
0 20 0.181285 0.184735 0.012387
1 0 0.182978 0.184735 0.012387
1 1 0.184219 0.184735 0.012387
1 2 0.183655 0.184735 0.012387
1 3 0.182978 0.184735 0.012387
1 4 0.184332 0.184735 0.012387
1 5 0.182865 0.184735 0.012387
1 6 0.185348 0.184735 0.012387
1 7 0.187832 0.184735 0.012387
1 8 0.188057 0.184735 0.012387
1 9 0.188622 0.184735 0.012387
1 10 0.193137 0.184735 0.012387
1 11 0.192460 0.184735 0.012387
1 12 0.194491 0.184735 0.012387
1 13 0.195282 0.184735 0.012387
1 14 0.194943 0.184735 0.012387
1 15 0.197088 0.184735 0.012387
1 16 0.195620 0.184735 0.012387
1 17 0.194943 0.184735 0.012387
1 18 0.190992 0.184735 0.012387
1 19 0.186251 0.184735 0.012387
1 20 0.182300 0.184735 0.012387
2 0 0.184897 0.184735 0.012387
2 1 0.186138 0.184735 0.012387
2 2 0.186590 0.184735 0.012387
2 3 0.187380 0.184735 0.012387
2 4 0.184784 0.184735 0.012387
2 5 0.185348 0.184735 0.012387
2 6 0.186929 0.184735 0.012387
2 7 0.188283 0.184735 0.012387
2 8 0.188396 0.184735 0.012387
2 9 0.189863 0.184735 0.012387
2 10 0.190428 0.184735 0.012387
2 11 0.193024 0.184735 0.012387
2 12 0.195620 0.184735 0.012387
2 13 0.195282 0.184735 0.012387
2 14 0.194830 0.184735 0.012387
2 15 0.196975 0.184735 0.012387
2 16 0.196862 0.184735 0.012387
2 17 0.195620 0.184735 0.012387
2 18 0.191895 0.184735 0.012387
2 19 0.187944 0.184735 0.012387
2 20 0.183316 0.184735 0.012387
3 0 0.180043 0.184735 0.012387
3 1 0.186026 0.184735 0.012387
3 2 0.188847 0.184735 0.012387
3 3 0.188960 0.184735 0.012387
3 4 0.185687 0.184735 0.012387
3 5 0.185800 0.184735 0.012387
3 6 0.187154 0.184735 0.012387
3 7 0.188170 0.184735 0.012387
3 8 0.191669 0.184735 0.012387
3 9 0.191895 0.184735 0.012387
3 10 0.192685 0.184735 0.012387
3 11 0.193701 0.184735 0.012387
3 12 0.193927 0.184735 0.012387
3 13 0.195620 0.184735 0.012387
3 14 0.195959 0.184735 0.012387
3 15 0.197991 0.184735 0.012387
3 16 0.197991 0.184735 0.012387
3 17 0.197426 0.184735 0.012387
3 18 0.193024 0.184735 0.012387
3 19 0.187606 0.184735 0.012387
3 20 0.184671 0.184735 0.012387
4 0 0.179366 0.184735 0.012387
4 1 0.182300 0.184735 0.012387
4 2 0.184219 0.184735 0.012387
4 3 0.186138 0.184735 0.012387
4 4 0.185461 0.184735 0.012387
4 5 0.186251 0.184735 0.012387
4 6 0.187719 0.184735 0.012387
4 7 0.188396 0.184735 0.012387
4 8 0.190202 0.184735 0.012387
4 9 0.191669 0.184735 0.012387
4 10 0.194379 0.184735 0.012387
4 11 0.193137 0.184735 0.012387
4 12 0.193250 0.184735 0.012387
4 13 0.194040 0.184735 0.012387
4 14 0.194943 0.184735 0.012387
4 15 0.198217 0.184735 0.012387
4 16 0.200248 0.184735 0.012387
4 17 0.198781 0.184735 0.012387
4 18 0.195620 0.184735 0.012387
4 19 0.190879 0.184735 0.012387
4 20 0.185122 0.184735 0.012387
5 0 0.177785 0.184735 0.012387
5 1 0.180720 0.184735 0.012387
5 2 0.185235 0.184735 0.012387
5 3 0.184332 0.184735 0.012387
5 4 0.188622 0.184735 0.012387
5 5 0.188170 0.184735 0.012387
5 6 0.189976 0.184735 0.012387
5 7 0.190428 0.184735 0.012387
5 8 0.190428 0.184735 0.012387
5 9 0.192234 0.184735 0.012387
5 10 0.191669 0.184735 0.012387
5 11 0.192460 0.184735 0.012387
5 12 0.193927 0.184735 0.012387
5 13 0.195507 0.184735 0.012387
5 14 0.196072 0.184735 0.012387
5 15 0.197088 0.184735 0.012387
5 16 0.198894 0.184735 0.012387
5 17 0.197426 0.184735 0.012387
5 18 0.194604 0.184735 0.012387
5 19 0.190879 0.184735 0.012387
5 20 0.185010 0.184735 0.012387
6 0 0.175866 0.184735 0.012387
6 1 0.182752 0.184735 0.012387
6 2 0.183655 0.184735 0.012387
6 3 0.184784 0.184735 0.012387
6 4 0.184784 0.184735 0.012387
6 5 0.186026 0.184735 0.012387
6 6 0.188960 0.184735 0.012387
6 7 0.189638 0.184735 0.012387
6 8 0.187832 0.184735 0.012387
6 9 0.190879 0.184735 0.012387
6 10 0.193024 0.184735 0.012387
6 11 0.192234 0.184735 0.012387
6 12 0.194266 0.184735 0.012387
6 13 0.194040 0.184735 0.012387
6 14 0.195620 0.184735 0.012387
6 15 0.197539 0.184735 0.012387
6 16 0.199345 0.184735 0.012387
6 17 0.198781 0.184735 0.012387
6 18 0.195846 0.184735 0.012387
6 19 0.189525 0.184735 0.012387
6 20 0.184897 0.184735 0.012387
7 0 0.176882 0.184735 0.012387
7 1 0.182075 0.184735 0.012387
7 2 0.186816 0.184735 0.012387
7 3 0.186138 0.184735 0.012387
7 4 0.186251 0.184735 0.012387
7 5 0.186026 0.184735 0.012387
7 6 0.189751 0.184735 0.012387
7 7 0.188057 0.184735 0.012387
7 8 0.188283 0.184735 0.012387
7 9 0.191331 0.184735 0.012387
7 10 0.191669 0.184735 0.012387
7 11 0.194153 0.184735 0.012387
7 12 0.195282 0.184735 0.012387
7 13 0.194943 0.184735 0.012387
7 14 0.196523 0.184735 0.012387
7 15 0.197088 0.184735 0.012387
7 16 0.199007 0.184735 0.012387
7 17 0.196862 0.184735 0.012387
7 18 0.194717 0.184735 0.012387
7 19 0.188622 0.184735 0.012387
7 20 0.182188 0.184735 0.012387
8 0 0.178801 0.184735 0.012387
8 1 0.184107 0.184735 0.012387
8 2 0.187832 0.184735 0.012387
8 3 0.188057 0.184735 0.012387
8 4 0.189412 0.184735 0.012387
8 5 0.187832 0.184735 0.012387
8 6 0.188509 0.184735 0.012387
8 7 0.188622 0.184735 0.012387
8 8 0.189751 0.184735 0.012387
8 9 0.194491 0.184735 0.012387
8 10 0.194604 0.184735 0.012387
8 11 0.192347 0.184735 0.012387
8 12 0.190766 0.184735 0.012387
8 13 0.193476 0.184735 0.012387
8 14 0.194604 0.184735 0.012387
8 15 0.196636 0.184735 0.012387
8 16 0.197652 0.184735 0.012387
8 17 0.193927 0.184735 0.012387
8 18 0.192347 0.184735 0.012387
8 19 0.187944 0.184735 0.012387
8 20 0.181059 0.184735 0.012387
9 0 0.181397 0.184735 0.012387
9 1 0.186251 0.184735 0.012387
9 2 0.188960 0.184735 0.012387
9 3 0.187493 0.184735 0.012387
9 4 0.190089 0.184735 0.012387
9 5 0.188960 0.184735 0.012387
9 6 0.190879 0.184735 0.012387
9 7 0.190992 0.184735 0.012387
9 8 0.192008 0.184735 0.012387
9 9 0.196862 0.184735 0.012387
9 10 0.195056 0.184735 0.012387
9 11 0.192798 0.184735 0.012387
9 12 0.191105 0.184735 0.012387
9 13 0.191895 0.184735 0.012387
9 14 0.194266 0.184735 0.012387
9 15 0.195959 0.184735 0.012387
9 16 0.195620 0.184735 0.012387
9 17 0.190541 0.184735 0.012387
9 18 0.187154 0.184735 0.012387
9 19 0.183316 0.184735 0.012387
9 20 0.174625 0.184735 0.012387
10 0 0.185574 0.184735 0.012387
10 1 0.189412 0.184735 0.012387
10 2 0.190654 0.184735 0.012387
10 3 0.191331 0.184735 0.012387
10 4 0.192008 0.184735 0.012387
10 5 0.190654 0.184735 0.012387
10 6 0.192347 0.184735 0.012387
10 7 0.191669 0.184735 0.012387
10 8 0.191557 0.184735 0.012387
10 9 0.194604 0.184735 0.012387
10 10 0.194040 0.184735 0.012387
10 11 0.189638 0.184735 0.012387
10 12 0.191557 0.184735 0.012387
10 13 0.190428 0.184735 0.012387
10 14 0.189863 0.184735 0.012387
10 15 0.192911 0.184735 0.012387
10 16 0.191895 0.184735 0.012387
10 17 0.187719 0.184735 0.012387
10 18 0.186929 0.184735 0.012387
10 19 0.178237 0.184735 0.012387
10 20 0.171238 0.184735 0.012387
11 0 0.185913 0.184735 0.012387
11 1 0.190541 0.184735 0.012387
11 2 0.192573 0.184735 0.012387
11 3 0.194943 0.184735 0.012387
11 4 0.192347 0.184735 0.012387
11 5 0.193024 0.184735 0.012387
11 6 0.191444 0.184735 0.012387
11 7 0.192347 0.184735 0.012387
11 8 0.192234 0.184735 0.012387
11 9 0.192460 0.184735 0.012387
11 10 0.190992 0.184735 0.012387
11 11 0.190992 0.184735 0.012387
11 12 0.190654 0.184735 0.012387
11 13 0.189186 0.184735 0.012387
11 14 0.187267 0.184735 0.012387
11 15 0.189863 0.184735 0.012387
11 16 0.189186 0.184735 0.012387
11 17 0.183091 0.184735 0.012387
11 18 0.181736 0.184735 0.012387
11 19 0.177334 0.184735 0.012387
11 20 0.169319 0.184735 0.012387
12 0 0.186026 0.184735 0.012387
12 1 0.192121 0.184735 0.012387
12 2 0.194040 0.184735 0.012387
12 3 0.193476 0.184735 0.012387
12 4 0.193363 0.184735 0.012387
12 5 0.191557 0.184735 0.012387
12 6 0.192573 0.184735 0.012387
12 7 0.190879 0.184735 0.012387
12 8 0.190766 0.184735 0.012387
12 9 0.190541 0.184735 0.012387
12 10 0.192234 0.184735 0.012387
12 11 0.190315 0.184735 0.012387
12 12 0.187041 0.184735 0.012387
12 13 0.185235 0.184735 0.012387
12 14 0.185235 0.184735 0.012387
12 15 0.185348 0.184735 0.012387
12 16 0.185461 0.184735 0.012387
12 17 0.182188 0.184735 0.012387
12 18 0.178011 0.184735 0.012387
12 19 0.174173 0.184735 0.012387
12 20 0.164014 0.184735 0.012387
13 0 0.187832 0.184735 0.012387
13 1 0.191557 0.184735 0.012387
13 2 0.194491 0.184735 0.012387
13 3 0.194266 0.184735 0.012387
13 4 0.191895 0.184735 0.012387
13 5 0.190766 0.184735 0.012387
13 6 0.192234 0.184735 0.012387
13 7 0.190766 0.184735 0.012387
13 8 0.190428 0.184735 0.012387
13 9 0.190089 0.184735 0.012387
13 10 0.189638 0.184735 0.012387
13 11 0.186703 0.184735 0.012387
13 12 0.187267 0.184735 0.012387
13 13 0.181623 0.184735 0.012387
13 14 0.180607 0.184735 0.012387
13 15 0.180720 0.184735 0.012387
13 16 0.179366 0.184735 0.012387
13 17 0.178011 0.184735 0.012387
13 18 0.172819 0.184735 0.012387
13 19 0.167288 0.184735 0.012387
13 20 0.160628 0.184735 0.012387
14 0 0.185461 0.184735 0.012387
14 1 0.189863 0.184735 0.012387
14 2 0.193024 0.184735 0.012387
14 3 0.193701 0.184735 0.012387
14 4 0.192347 0.184735 0.012387
14 5 0.190315 0.184735 0.012387
14 6 0.191895 0.184735 0.012387
14 7 0.190992 0.184735 0.012387
14 8 0.188170 0.184735 0.012387
14 9 0.189525 0.184735 0.012387
14 10 0.188170 0.184735 0.012387
14 11 0.187154 0.184735 0.012387
14 12 0.186477 0.184735 0.012387
14 13 0.183429 0.184735 0.012387
14 14 0.180382 0.184735 0.012387
14 15 0.180494 0.184735 0.012387
14 16 0.180156 0.184735 0.012387
14 17 0.177108 0.184735 0.012387
14 18 0.170561 0.184735 0.012387
14 19 0.165707 0.184735 0.012387
14 20 0.153855 0.184735 0.012387
15 0 0.183204 0.184735 0.012387
15 1 0.189073 0.184735 0.012387
15 2 0.193250 0.184735 0.012387
15 3 0.192347 0.184735 0.012387
15 4 0.190766 0.184735 0.012387
15 5 0.188735 0.184735 0.012387
15 6 0.192008 0.184735 0.012387
15 7 0.190202 0.184735 0.012387
15 8 0.189073 0.184735 0.012387
15 9 0.191669 0.184735 0.012387
15 10 0.189299 0.184735 0.012387
15 11 0.186703 0.184735 0.012387
15 12 0.185122 0.184735 0.012387
15 13 0.181172 0.184735 0.012387
15 14 0.179591 0.184735 0.012387
15 15 0.178011 0.184735 0.012387
15 16 0.176882 0.184735 0.012387
15 17 0.174399 0.184735 0.012387
15 18 0.168078 0.184735 0.012387
15 19 0.160853 0.184735 0.012387
15 20 0.152049 0.184735 0.012387
16 0 0.185235 0.184735 0.012387
16 1 0.189299 0.184735 0.012387
16 2 0.193588 0.184735 0.012387
16 3 0.194266 0.184735 0.012387
16 4 0.191557 0.184735 0.012387
16 5 0.191557 0.184735 0.012387
16 6 0.191669 0.184735 0.012387
16 7 0.192008 0.184735 0.012387
16 8 0.190541 0.184735 0.012387
16 9 0.190879 0.184735 0.012387
16 10 0.191218 0.184735 0.012387
16 11 0.185235 0.184735 0.012387
16 12 0.185913 0.184735 0.012387
16 13 0.182413 0.184735 0.012387
16 14 0.180607 0.184735 0.012387
16 15 0.177560 0.184735 0.012387
16 16 0.175641 0.184735 0.012387
16 17 0.171577 0.184735 0.012387
16 18 0.165594 0.184735 0.012387
16 19 0.157580 0.184735 0.012387
16 20 0.148098 0.184735 0.012387
17 0 0.183091 0.184735 0.012387
17 1 0.188396 0.184735 0.012387
17 2 0.189186 0.184735 0.012387
17 3 0.191331 0.184735 0.012387
17 4 0.187944 0.184735 0.012387
17 5 0.188283 0.184735 0.012387
17 6 0.189412 0.184735 0.012387
17 7 0.187719 0.184735 0.012387
17 8 0.188509 0.184735 0.012387
17 9 0.189863 0.184735 0.012387
17 10 0.188847 0.184735 0.012387
17 11 0.186816 0.184735 0.012387
17 12 0.185010 0.184735 0.012387
17 13 0.180946 0.184735 0.012387
17 14 0.176657 0.184735 0.012387
17 15 0.172819 0.184735 0.012387
17 16 0.172254 0.184735 0.012387
17 17 0.164127 0.184735 0.012387
17 18 0.158031 0.184735 0.012387
17 19 0.151033 0.184735 0.012387
17 20 0.140084 0.184735 0.012387
18 0 0.180833 0.184735 0.012387
18 1 0.187154 0.184735 0.012387
18 2 0.186929 0.184735 0.012387
18 3 0.189976 0.184735 0.012387
18 4 0.188170 0.184735 0.012387
18 5 0.185574 0.184735 0.012387
18 6 0.187493 0.184735 0.012387
18 7 0.185122 0.184735 0.012387
18 8 0.186816 0.184735 0.012387
18 9 0.186703 0.184735 0.012387
18 10 0.186477 0.184735 0.012387
18 11 0.184219 0.184735 0.012387
18 12 0.183204 0.184735 0.012387
18 13 0.175979 0.184735 0.012387
18 14 0.169319 0.184735 0.012387
18 15 0.166159 0.184735 0.012387
18 16 0.166272 0.184735 0.012387
18 17 0.160628 0.184735 0.012387
18 18 0.150581 0.184735 0.012387
18 19 0.143131 0.184735 0.012387
18 20 0.130940 0.184735 0.012387
19 0 0.178914 0.184735 0.012387
19 1 0.182300 0.184735 0.012387
19 2 0.185122 0.184735 0.012387
19 3 0.184784 0.184735 0.012387
19 4 0.185800 0.184735 0.012387
19 5 0.183316 0.184735 0.012387
19 6 0.183204 0.184735 0.012387
19 7 0.183994 0.184735 0.012387
19 8 0.182752 0.184735 0.012387
19 9 0.181962 0.184735 0.012387
19 10 0.180269 0.184735 0.012387
19 11 0.175866 0.184735 0.012387
19 12 0.174060 0.184735 0.012387
19 13 0.168755 0.184735 0.012387
19 14 0.162772 0.184735 0.012387
19 15 0.160740 0.184735 0.012387
19 16 0.157354 0.184735 0.012387
19 17 0.147985 0.184735 0.012387
19 18 0.140648 0.184735 0.012387
19 19 0.131618 0.184735 0.012387
19 20 0.123264 0.184735 0.012387
20 0 0.173835 0.184735 0.012387
20 1 0.174625 0.184735 0.012387
20 2 0.177785 0.184735 0.012387
20 3 0.179930 0.184735 0.012387
20 4 0.179366 0.184735 0.012387
20 5 0.177672 0.184735 0.012387
20 6 0.178801 0.184735 0.012387
20 7 0.176882 0.184735 0.012387
20 8 0.177108 0.184735 0.012387
20 9 0.174060 0.184735 0.012387
20 10 0.171916 0.184735 0.012387
20 11 0.167965 0.184735 0.012387
20 12 0.166159 0.184735 0.012387
20 13 0.160966 0.184735 0.012387
20 14 0.153065 0.184735 0.012387
20 15 0.150581 0.184735 0.012387
20 16 0.145502 0.184735 0.012387
20 17 0.138503 0.184735 0.012387
20 18 0.131053 0.184735 0.012387
20 19 0.122474 0.184735 0.012387
20 20 0.117056 0.184735 0.012387
