# contact distance = 28.0 Angstroms
# F = 0.4 kJ/mol

# i j contact_probability mean_contact_probability stddev_contact_probability
0 0 0.139262 0.166234 0.012722
0 1 0.142589 0.166234 0.012722
0 2 0.142878 0.166234 0.012722
0 3 0.140564 0.166234 0.012722
0 4 0.142299 0.166234 0.012722
0 5 0.142878 0.166234 0.012722
0 6 0.144324 0.166234 0.012722
0 7 0.145192 0.166234 0.012722
0 8 0.146493 0.166234 0.012722
0 9 0.148662 0.166234 0.012722
0 10 0.149530 0.166234 0.012722
0 11 0.154736 0.166234 0.012722
0 12 0.157918 0.166234 0.012722
0 13 0.160087 0.166234 0.012722
0 14 0.161388 0.166234 0.012722
0 15 0.164714 0.166234 0.012722
0 16 0.163991 0.166234 0.012722
0 17 0.163413 0.166234 0.012722
0 18 0.161822 0.166234 0.012722
0 19 0.161244 0.166234 0.012722
0 20 0.157339 0.166234 0.012722
1 0 0.142878 0.166234 0.012722
1 1 0.142299 0.166234 0.012722
1 2 0.144613 0.166234 0.012722
1 3 0.145770 0.166234 0.012722
1 4 0.147361 0.166234 0.012722
1 5 0.148228 0.166234 0.012722
1 6 0.147361 0.166234 0.012722
1 7 0.148807 0.166234 0.012722
1 8 0.151410 0.166234 0.012722
1 9 0.148518 0.166234 0.012722
1 10 0.152856 0.166234 0.012722
1 11 0.158207 0.166234 0.012722
1 12 0.163268 0.166234 0.012722
1 13 0.166450 0.166234 0.012722
1 14 0.169487 0.166234 0.012722
1 15 0.172090 0.166234 0.012722
1 16 0.172957 0.166234 0.012722
1 17 0.171077 0.166234 0.012722
1 18 0.168185 0.166234 0.012722
1 19 0.165437 0.166234 0.012722
1 20 0.161967 0.166234 0.012722
2 0 0.142589 0.166234 0.012722
2 1 0.144035 0.166234 0.012722
2 2 0.145192 0.166234 0.012722
2 3 0.146349 0.166234 0.012722
2 4 0.150542 0.166234 0.012722
2 5 0.148084 0.166234 0.012722
2 6 0.147361 0.166234 0.012722
2 7 0.149675 0.166234 0.012722
2 8 0.150832 0.166234 0.012722
2 9 0.151121 0.166234 0.012722
2 10 0.154158 0.166234 0.012722
2 11 0.161533 0.166234 0.012722
2 12 0.164281 0.166234 0.012722
2 13 0.171077 0.166234 0.012722
2 14 0.174114 0.166234 0.012722
2 15 0.174693 0.166234 0.012722
2 16 0.177151 0.166234 0.012722
2 17 0.174982 0.166234 0.012722
2 18 0.171077 0.166234 0.012722
2 19 0.167462 0.166234 0.012722
2 20 0.163991 0.166234 0.012722
3 0 0.139986 0.166234 0.012722
3 1 0.143167 0.166234 0.012722
3 2 0.145481 0.166234 0.012722
3 3 0.144902 0.166234 0.012722
3 4 0.150542 0.166234 0.012722
3 5 0.147939 0.166234 0.012722
3 6 0.149241 0.166234 0.012722
3 7 0.150542 0.166234 0.012722
3 8 0.149675 0.166234 0.012722
3 9 0.149530 0.166234 0.012722
3 10 0.154158 0.166234 0.012722
3 11 0.159219 0.166234 0.012722
3 12 0.167751 0.166234 0.012722
3 13 0.171945 0.166234 0.012722
3 14 0.176283 0.166234 0.012722
3 15 0.177151 0.166234 0.012722
3 16 0.179176 0.166234 0.012722
3 17 0.173680 0.166234 0.012722
3 18 0.174403 0.166234 0.012722
3 19 0.170354 0.166234 0.012722
3 20 0.164714 0.166234 0.012722
4 0 0.137672 0.166234 0.012722
4 1 0.143022 0.166234 0.012722
4 2 0.144179 0.166234 0.012722
4 3 0.145047 0.166234 0.012722
4 4 0.144902 0.166234 0.012722
4 5 0.148518 0.166234 0.012722
4 6 0.151699 0.166234 0.012722
4 7 0.152133 0.166234 0.012722
4 8 0.152567 0.166234 0.012722
4 9 0.152856 0.166234 0.012722
4 10 0.157484 0.166234 0.012722
4 11 0.161822 0.166234 0.012722
4 12 0.168764 0.166234 0.012722
4 13 0.172668 0.166234 0.012722
4 14 0.176139 0.166234 0.012722
4 15 0.177585 0.166234 0.012722
4 16 0.177585 0.166234 0.012722
4 17 0.176573 0.166234 0.012722
4 18 0.173970 0.166234 0.012722
4 19 0.171222 0.166234 0.012722
4 20 0.165004 0.166234 0.012722
5 0 0.139118 0.166234 0.012722
5 1 0.143022 0.166234 0.012722
5 2 0.142733 0.166234 0.012722
5 3 0.146927 0.166234 0.012722
5 4 0.146927 0.166234 0.012722
5 5 0.150687 0.166234 0.012722
5 6 0.150542 0.166234 0.012722
5 7 0.152711 0.166234 0.012722
5 8 0.153145 0.166234 0.012722
5 9 0.155893 0.166234 0.012722
5 10 0.159942 0.166234 0.012722
5 11 0.168040 0.166234 0.012722
5 12 0.170354 0.166234 0.012722
5 13 0.173391 0.166234 0.012722
5 14 0.178163 0.166234 0.012722
5 15 0.180333 0.166234 0.012722
5 16 0.179899 0.166234 0.012722
5 17 0.180477 0.166234 0.012722
5 18 0.177440 0.166234 0.012722
5 19 0.170933 0.166234 0.012722
5 20 0.166016 0.166234 0.012722
6 0 0.138684 0.166234 0.012722
6 1 0.139986 0.166234 0.012722
6 2 0.143601 0.166234 0.012722
6 3 0.147939 0.166234 0.012722
6 4 0.148518 0.166234 0.012722
6 5 0.152133 0.166234 0.012722
6 6 0.152711 0.166234 0.012722
6 7 0.155170 0.166234 0.012722
6 8 0.155315 0.166234 0.012722
6 9 0.156182 0.166234 0.012722
6 10 0.159074 0.166234 0.012722
6 11 0.165727 0.166234 0.012722
6 12 0.170065 0.166234 0.012722
6 13 0.171800 0.166234 0.012722
6 14 0.175416 0.166234 0.012722
6 15 0.181779 0.166234 0.012722
6 16 0.181923 0.166234 0.012722
6 17 0.182502 0.166234 0.012722
6 18 0.179176 0.166234 0.012722
6 19 0.174837 0.166234 0.012722
6 20 0.166161 0.166234 0.012722
7 0 0.138395 0.166234 0.012722
7 1 0.141142 0.166234 0.012722
7 2 0.141866 0.166234 0.012722
7 3 0.144758 0.166234 0.012722
7 4 0.149530 0.166234 0.012722
7 5 0.149819 0.166234 0.012722
7 6 0.151121 0.166234 0.012722
7 7 0.153145 0.166234 0.012722
7 8 0.156182 0.166234 0.012722
7 9 0.157628 0.166234 0.012722
7 10 0.160810 0.166234 0.012722
7 11 0.163847 0.166234 0.012722
7 12 0.168185 0.166234 0.012722
7 13 0.171945 0.166234 0.012722
7 14 0.175850 0.166234 0.012722
7 15 0.179899 0.166234 0.012722
7 16 0.180333 0.166234 0.012722
7 17 0.180188 0.166234 0.012722
7 18 0.178019 0.166234 0.012722
7 19 0.175705 0.166234 0.012722
7 20 0.165727 0.166234 0.012722
8 0 0.136515 0.166234 0.012722
8 1 0.140130 0.166234 0.012722
8 2 0.144902 0.166234 0.012722
8 3 0.146204 0.166234 0.012722
8 4 0.149530 0.166234 0.012722
8 5 0.152278 0.166234 0.012722
8 6 0.154881 0.166234 0.012722
8 7 0.156471 0.166234 0.012722
8 8 0.158785 0.166234 0.012722
8 9 0.160665 0.166234 0.012722
8 10 0.161678 0.166234 0.012722
8 11 0.168040 0.166234 0.012722
8 12 0.171511 0.166234 0.012722
8 13 0.172234 0.166234 0.012722
8 14 0.176283 0.166234 0.012722
8 15 0.178453 0.166234 0.012722
8 16 0.180188 0.166234 0.012722
8 17 0.178453 0.166234 0.012722
8 18 0.178453 0.166234 0.012722
8 19 0.173536 0.166234 0.012722
8 20 0.167896 0.166234 0.012722
9 0 0.139118 0.166234 0.012722
9 1 0.143167 0.166234 0.012722
9 2 0.148807 0.166234 0.012722
9 3 0.150832 0.166234 0.012722
9 4 0.153001 0.166234 0.012722
9 5 0.154881 0.166234 0.012722
9 6 0.158496 0.166234 0.012722
9 7 0.160810 0.166234 0.012722
9 8 0.160954 0.166234 0.012722
9 9 0.165004 0.166234 0.012722
9 10 0.166739 0.166234 0.012722
9 11 0.171511 0.166234 0.012722
9 12 0.173680 0.166234 0.012722
9 13 0.175271 0.166234 0.012722
9 14 0.179754 0.166234 0.012722
9 15 0.181200 0.166234 0.012722
9 16 0.181345 0.166234 0.012722
9 17 0.181923 0.166234 0.012722
9 18 0.176428 0.166234 0.012722
9 19 0.175560 0.166234 0.012722
9 20 0.167028 0.166234 0.012722
10 0 0.143745 0.166234 0.012722
10 1 0.148952 0.166234 0.012722
10 2 0.155170 0.166234 0.012722
10 3 0.156471 0.166234 0.012722
10 4 0.159942 0.166234 0.012722
10 5 0.160665 0.166234 0.012722
10 6 0.163991 0.166234 0.012722
10 7 0.165437 0.166234 0.012722
10 8 0.167317 0.166234 0.012722
10 9 0.169776 0.166234 0.012722
10 10 0.170499 0.166234 0.012722
10 11 0.174259 0.166234 0.012722
10 12 0.176428 0.166234 0.012722
10 13 0.178597 0.166234 0.012722
10 14 0.182357 0.166234 0.012722
10 15 0.181200 0.166234 0.012722
10 16 0.181490 0.166234 0.012722
10 17 0.179610 0.166234 0.012722
10 18 0.178163 0.166234 0.012722
10 19 0.174693 0.166234 0.012722
10 20 0.166305 0.166234 0.012722
11 0 0.149964 0.166234 0.012722
11 1 0.155315 0.166234 0.012722
11 2 0.156761 0.166234 0.012722
11 3 0.160665 0.166234 0.012722
11 4 0.162256 0.166234 0.012722
11 5 0.163557 0.166234 0.012722
11 6 0.167896 0.166234 0.012722
11 7 0.168474 0.166234 0.012722
11 8 0.169776 0.166234 0.012722
11 9 0.171367 0.166234 0.012722
11 10 0.173680 0.166234 0.012722
11 11 0.176717 0.166234 0.012722
11 12 0.179465 0.166234 0.012722
11 13 0.181923 0.166234 0.012722
11 14 0.184960 0.166234 0.012722
11 15 0.181779 0.166234 0.012722
11 16 0.182502 0.166234 0.012722
11 17 0.182936 0.166234 0.012722
11 18 0.178163 0.166234 0.012722
11 19 0.175416 0.166234 0.012722
11 20 0.168185 0.166234 0.012722
12 0 0.153435 0.166234 0.012722
12 1 0.158930 0.166234 0.012722
12 2 0.160087 0.166234 0.012722
12 3 0.166016 0.166234 0.012722
12 4 0.165871 0.166234 0.012722
12 5 0.169342 0.166234 0.012722
12 6 0.170933 0.166234 0.012722
12 7 0.173247 0.166234 0.012722
12 8 0.172813 0.166234 0.012722
12 9 0.173825 0.166234 0.012722
12 10 0.177730 0.166234 0.012722
12 11 0.180766 0.166234 0.012722
12 12 0.181779 0.166234 0.012722
12 13 0.183948 0.166234 0.012722
12 14 0.186840 0.166234 0.012722
12 15 0.185539 0.166234 0.012722
12 16 0.186551 0.166234 0.012722
12 17 0.181923 0.166234 0.012722
12 18 0.179754 0.166234 0.012722
12 19 0.177440 0.166234 0.012722
12 20 0.170644 0.166234 0.012722
13 0 0.154158 0.166234 0.012722
13 1 0.159074 0.166234 0.012722
13 2 0.163991 0.166234 0.012722
13 3 0.166450 0.166234 0.012722
13 4 0.169776 0.166234 0.012722
13 5 0.173391 0.166234 0.012722
13 6 0.174982 0.166234 0.012722
13 7 0.173825 0.166234 0.012722
13 8 0.175271 0.166234 0.012722
13 9 0.175416 0.166234 0.012722
13 10 0.178453 0.166234 0.012722
13 11 0.181200 0.166234 0.012722
13 12 0.183803 0.166234 0.012722
13 13 0.184671 0.166234 0.012722
13 14 0.185683 0.166234 0.012722
13 15 0.184960 0.166234 0.012722
13 16 0.183803 0.166234 0.012722
13 17 0.180622 0.166234 0.012722
13 18 0.177874 0.166234 0.012722
13 19 0.175271 0.166234 0.012722
13 20 0.169631 0.166234 0.012722
14 0 0.155604 0.166234 0.012722
14 1 0.162111 0.166234 0.012722
14 2 0.164570 0.166234 0.012722
14 3 0.166450 0.166234 0.012722
14 4 0.169631 0.166234 0.012722
14 5 0.173102 0.166234 0.012722
14 6 0.175994 0.166234 0.012722
14 7 0.173247 0.166234 0.012722
14 8 0.174837 0.166234 0.012722
14 9 0.176573 0.166234 0.012722
14 10 0.177874 0.166234 0.012722
14 11 0.181779 0.166234 0.012722
14 12 0.183369 0.166234 0.012722
14 13 0.185539 0.166234 0.012722
14 14 0.186985 0.166234 0.012722
14 15 0.184960 0.166234 0.012722
14 16 0.183514 0.166234 0.012722
14 17 0.179031 0.166234 0.012722
14 18 0.177874 0.166234 0.012722
14 19 0.174693 0.166234 0.012722
14 20 0.167462 0.166234 0.012722
15 0 0.158930 0.166234 0.012722
15 1 0.163847 0.166234 0.012722
15 2 0.167607 0.166234 0.012722
15 3 0.170788 0.166234 0.012722
15 4 0.170933 0.166234 0.012722
15 5 0.173247 0.166234 0.012722
15 6 0.172668 0.166234 0.012722
15 7 0.173825 0.166234 0.012722
15 8 0.175705 0.166234 0.012722
15 9 0.176428 0.166234 0.012722
15 10 0.177730 0.166234 0.012722
15 11 0.181200 0.166234 0.012722
15 12 0.182213 0.166234 0.012722
15 13 0.184816 0.166234 0.012722
15 14 0.185828 0.166234 0.012722
15 15 0.185105 0.166234 0.012722
15 16 0.183659 0.166234 0.012722
15 17 0.180622 0.166234 0.012722
15 18 0.177151 0.166234 0.012722
15 19 0.173391 0.166234 0.012722
15 20 0.166884 0.166234 0.012722
16 0 0.160231 0.166234 0.012722
16 1 0.163124 0.166234 0.012722
16 2 0.166884 0.166234 0.012722
16 3 0.169197 0.166234 0.012722
16 4 0.171800 0.166234 0.012722
16 5 0.174403 0.166234 0.012722
16 6 0.172957 0.166234 0.012722
16 7 0.172234 0.166234 0.012722
16 8 0.178597 0.166234 0.012722
16 9 0.175560 0.166234 0.012722
16 10 0.176717 0.166234 0.012722
16 11 0.180188 0.166234 0.012722
16 12 0.182936 0.166234 0.012722
16 13 0.185828 0.166234 0.012722
16 14 0.186262 0.166234 0.012722
16 15 0.184093 0.166234 0.012722
16 16 0.183080 0.166234 0.012722
16 17 0.179320 0.166234 0.012722
16 18 0.177585 0.166234 0.012722
16 19 0.172523 0.166234 0.012722
16 20 0.166450 0.166234 0.012722
17 0 0.160665 0.166234 0.012722
17 1 0.165871 0.166234 0.012722
17 2 0.166884 0.166234 0.012722
17 3 0.168619 0.166234 0.012722
17 4 0.170065 0.166234 0.012722
17 5 0.173247 0.166234 0.012722
17 6 0.173391 0.166234 0.012722
17 7 0.173970 0.166234 0.012722
17 8 0.178597 0.166234 0.012722
17 9 0.178019 0.166234 0.012722
17 10 0.178597 0.166234 0.012722
17 11 0.180766 0.166234 0.012722
17 12 0.184237 0.166234 0.012722
17 13 0.183514 0.166234 0.012722
17 14 0.184671 0.166234 0.012722
17 15 0.182357 0.166234 0.012722
17 16 0.179754 0.166234 0.012722
17 17 0.178453 0.166234 0.012722
17 18 0.174114 0.166234 0.012722
17 19 0.171367 0.166234 0.012722
17 20 0.162979 0.166234 0.012722
18 0 0.158641 0.166234 0.012722
18 1 0.162111 0.166234 0.012722
18 2 0.165437 0.166234 0.012722
18 3 0.165582 0.166234 0.012722
18 4 0.168185 0.166234 0.012722
18 5 0.171656 0.166234 0.012722
18 6 0.173970 0.166234 0.012722
18 7 0.174114 0.166234 0.012722
18 8 0.178308 0.166234 0.012722
18 9 0.175850 0.166234 0.012722
18 10 0.177585 0.166234 0.012722
18 11 0.179176 0.166234 0.012722
18 12 0.178886 0.166234 0.012722
18 13 0.181345 0.166234 0.012722
18 14 0.183659 0.166234 0.012722
18 15 0.180043 0.166234 0.012722
18 16 0.178886 0.166234 0.012722
18 17 0.174982 0.166234 0.012722
18 18 0.174114 0.166234 0.012722
18 19 0.168619 0.166234 0.012722
18 20 0.159942 0.166234 0.012722
19 0 0.158351 0.166234 0.012722
19 1 0.158930 0.166234 0.012722
19 2 0.160521 0.166234 0.012722
19 3 0.163702 0.166234 0.012722
19 4 0.166305 0.166234 0.012722
19 5 0.171222 0.166234 0.012722
19 6 0.174548 0.166234 0.012722
19 7 0.172234 0.166234 0.012722
19 8 0.174259 0.166234 0.012722
19 9 0.171367 0.166234 0.012722
19 10 0.171077 0.166234 0.012722
19 11 0.172379 0.166234 0.012722
19 12 0.178597 0.166234 0.012722
19 13 0.177585 0.166234 0.012722
19 14 0.177296 0.166234 0.012722
19 15 0.175271 0.166234 0.012722
19 16 0.175850 0.166234 0.012722
19 17 0.170788 0.166234 0.012722
19 18 0.167173 0.166234 0.012722
19 19 0.162256 0.166234 0.012722
19 20 0.153724 0.166234 0.012722
20 0 0.151699 0.166234 0.012722
20 1 0.154591 0.166234 0.012722
20 2 0.156471 0.166234 0.012722
20 3 0.160810 0.166234 0.012722
20 4 0.161533 0.166234 0.012722
20 5 0.164570 0.166234 0.012722
20 6 0.166884 0.166234 0.012722
20 7 0.165148 0.166234 0.012722
20 8 0.166305 0.166234 0.012722
20 9 0.165148 0.166234 0.012722
20 10 0.167028 0.166234 0.012722
20 11 0.168040 0.166234 0.012722
20 12 0.173247 0.166234 0.012722
20 13 0.171656 0.166234 0.012722
20 14 0.169053 0.166234 0.012722
20 15 0.166450 0.166234 0.012722
20 16 0.166016 0.166234 0.012722
20 17 0.165871 0.166234 0.012722
20 18 0.158207 0.166234 0.012722
20 19 0.149819 0.166234 0.012722
20 20 0.147505 0.166234 0.012722
