# contact distance = 28.0 Angstroms
# F = 0.4 kJ/mol

# i j contact_probability mean_contact_probability stddev_contact_probability
0 0 0.163457 0.168337 0.008403
0 1 0.163781 0.168337 0.008403
0 2 0.162486 0.168337 0.008403
0 3 0.160706 0.168337 0.008403
0 4 0.159249 0.168337 0.008403
0 5 0.155850 0.168337 0.008403
0 6 0.155689 0.168337 0.008403
0 7 0.158764 0.168337 0.008403
0 8 0.158925 0.168337 0.008403
0 9 0.158925 0.168337 0.008403
0 10 0.160382 0.168337 0.008403
0 11 0.162486 0.168337 0.008403
0 12 0.163781 0.168337 0.008403
0 13 0.167827 0.168337 0.008403
0 14 0.167665 0.168337 0.008403
0 15 0.163942 0.168337 0.008403
0 16 0.162810 0.168337 0.008403
0 17 0.162486 0.168337 0.008403
0 18 0.160706 0.168337 0.008403
0 19 0.154718 0.168337 0.008403
0 20 0.149377 0.168337 0.008403
1 0 0.163781 0.168337 0.008403
1 1 0.165399 0.168337 0.008403
1 2 0.165237 0.168337 0.008403
1 3 0.166532 0.168337 0.008403
1 4 0.162324 0.168337 0.008403
1 5 0.160867 0.168337 0.008403
1 6 0.155527 0.168337 0.008403
1 7 0.160867 0.168337 0.008403
1 8 0.161515 0.168337 0.008403
1 9 0.164266 0.168337 0.008403
1 10 0.164266 0.168337 0.008403
1 11 0.167179 0.168337 0.008403
1 12 0.168798 0.168337 0.008403
1 13 0.170578 0.168337 0.008403
1 14 0.169930 0.168337 0.008403
1 15 0.169283 0.168337 0.008403
1 16 0.165561 0.168337 0.008403
1 17 0.166370 0.168337 0.008403
1 18 0.163295 0.168337 0.008403
1 19 0.157793 0.168337 0.008403
1 20 0.155203 0.168337 0.008403
2 0 0.161353 0.168337 0.008403
2 1 0.162971 0.168337 0.008403
2 2 0.165399 0.168337 0.008403
2 3 0.169283 0.168337 0.008403
2 4 0.164590 0.168337 0.008403
2 5 0.163781 0.168337 0.008403
2 6 0.161515 0.168337 0.008403
2 7 0.164913 0.168337 0.008403
2 8 0.166532 0.168337 0.008403
2 9 0.168959 0.168337 0.008403
2 10 0.167988 0.168337 0.008403
2 11 0.167179 0.168337 0.008403
2 12 0.170092 0.168337 0.008403
2 13 0.170254 0.168337 0.008403
2 14 0.168474 0.168337 0.008403
2 15 0.169769 0.168337 0.008403
2 16 0.168959 0.168337 0.008403
2 17 0.167179 0.168337 0.008403
2 18 0.163942 0.168337 0.008403
2 19 0.161191 0.168337 0.008403
2 20 0.158278 0.168337 0.008403
3 0 0.161029 0.168337 0.008403
3 1 0.163942 0.168337 0.008403
3 2 0.166046 0.168337 0.008403
3 3 0.167179 0.168337 0.008403
3 4 0.163942 0.168337 0.008403
3 5 0.168312 0.168337 0.008403
3 6 0.165237 0.168337 0.008403
3 7 0.166532 0.168337 0.008403
3 8 0.169445 0.168337 0.008403
3 9 0.169121 0.168337 0.008403
3 10 0.169607 0.168337 0.008403
3 11 0.170416 0.168337 0.008403
3 12 0.170254 0.168337 0.008403
3 13 0.169283 0.168337 0.008403
3 14 0.171063 0.168337 0.008403
3 15 0.172358 0.168337 0.008403
3 16 0.171549 0.168337 0.008403
3 17 0.173167 0.168337 0.008403
3 18 0.168959 0.168337 0.008403
3 19 0.162486 0.168337 0.008403
3 20 0.161191 0.168337 0.008403
4 0 0.160382 0.168337 0.008403
4 1 0.163295 0.168337 0.008403
4 2 0.164752 0.168337 0.008403
4 3 0.164590 0.168337 0.008403
4 4 0.166046 0.168337 0.008403
4 5 0.166694 0.168337 0.008403
4 6 0.167017 0.168337 0.008403
4 7 0.167017 0.168337 0.008403
4 8 0.168312 0.168337 0.008403
4 9 0.170254 0.168337 0.008403
4 10 0.170092 0.168337 0.008403
4 11 0.171063 0.168337 0.008403
4 12 0.171387 0.168337 0.008403
4 13 0.172034 0.168337 0.008403
4 14 0.172034 0.168337 0.008403
4 15 0.172682 0.168337 0.008403
4 16 0.173976 0.168337 0.008403
4 17 0.173815 0.168337 0.008403
4 18 0.171225 0.168337 0.008403
4 19 0.169121 0.168337 0.008403
4 20 0.165237 0.168337 0.008403
5 0 0.161838 0.168337 0.008403
5 1 0.160867 0.168337 0.008403
5 2 0.166694 0.168337 0.008403
5 3 0.168959 0.168337 0.008403
5 4 0.166855 0.168337 0.008403
5 5 0.169607 0.168337 0.008403
5 6 0.166208 0.168337 0.008403
5 7 0.170740 0.168337 0.008403
5 8 0.170901 0.168337 0.008403
5 9 0.171711 0.168337 0.008403
5 10 0.173167 0.168337 0.008403
5 11 0.172358 0.168337 0.008403
5 12 0.175595 0.168337 0.008403
5 13 0.178184 0.168337 0.008403
5 14 0.175109 0.168337 0.008403
5 15 0.177699 0.168337 0.008403
5 16 0.176889 0.168337 0.008403
5 17 0.176242 0.168337 0.008403
5 18 0.173329 0.168337 0.008403
5 19 0.170901 0.168337 0.008403
5 20 0.165723 0.168337 0.008403
6 0 0.157793 0.168337 0.008403
6 1 0.162324 0.168337 0.008403
6 2 0.165399 0.168337 0.008403
6 3 0.164590 0.168337 0.008403
6 4 0.169283 0.168337 0.008403
6 5 0.169607 0.168337 0.008403
6 6 0.169930 0.168337 0.008403
6 7 0.172520 0.168337 0.008403
6 8 0.173653 0.168337 0.008403
6 9 0.173167 0.168337 0.008403
6 10 0.176889 0.168337 0.008403
6 11 0.176080 0.168337 0.008403
6 12 0.176728 0.168337 0.008403
6 13 0.177699 0.168337 0.008403
6 14 0.176728 0.168337 0.008403
6 15 0.178346 0.168337 0.008403
6 16 0.178993 0.168337 0.008403
6 17 0.176889 0.168337 0.008403
6 18 0.173976 0.168337 0.008403
6 19 0.171549 0.168337 0.008403
6 20 0.164428 0.168337 0.008403
7 0 0.157793 0.168337 0.008403
7 1 0.161838 0.168337 0.008403
7 2 0.164752 0.168337 0.008403
7 3 0.166532 0.168337 0.008403
7 4 0.168474 0.168337 0.008403
7 5 0.168959 0.168337 0.008403
7 6 0.170901 0.168337 0.008403
7 7 0.171872 0.168337 0.008403
7 8 0.172358 0.168337 0.008403
7 9 0.174462 0.168337 0.008403
7 10 0.177375 0.168337 0.008403
7 11 0.179155 0.168337 0.008403
7 12 0.178184 0.168337 0.008403
7 13 0.178184 0.168337 0.008403
7 14 0.174786 0.168337 0.008403
7 15 0.176080 0.168337 0.008403
7 16 0.176566 0.168337 0.008403
7 17 0.175109 0.168337 0.008403
7 18 0.173491 0.168337 0.008403
7 19 0.171063 0.168337 0.008403
7 20 0.166855 0.168337 0.008403
8 0 0.160382 0.168337 0.008403
8 1 0.162648 0.168337 0.008403
8 2 0.163781 0.168337 0.008403
8 3 0.166208 0.168337 0.008403
8 4 0.169769 0.168337 0.008403
8 5 0.170416 0.168337 0.008403
8 6 0.169769 0.168337 0.008403
8 7 0.170740 0.168337 0.008403
8 8 0.173815 0.168337 0.008403
8 9 0.174947 0.168337 0.008403
8 10 0.180126 0.168337 0.008403
8 11 0.180774 0.168337 0.008403
8 12 0.179803 0.168337 0.008403
8 13 0.178346 0.168337 0.008403
8 14 0.176889 0.168337 0.008403
8 15 0.176080 0.168337 0.008403
8 16 0.174138 0.168337 0.008403
8 17 0.176242 0.168337 0.008403
8 18 0.174786 0.168337 0.008403
8 19 0.173815 0.168337 0.008403
8 20 0.168150 0.168337 0.008403
9 0 0.159573 0.168337 0.008403
9 1 0.166370 0.168337 0.008403
9 2 0.165723 0.168337 0.008403
9 3 0.167341 0.168337 0.008403
9 4 0.169769 0.168337 0.008403
9 5 0.174300 0.168337 0.008403
9 6 0.175271 0.168337 0.008403
9 7 0.173976 0.168337 0.008403
9 8 0.178022 0.168337 0.008403
9 9 0.180612 0.168337 0.008403
9 10 0.181583 0.168337 0.008403
9 11 0.181745 0.168337 0.008403
9 12 0.179317 0.168337 0.008403
9 13 0.179479 0.168337 0.008403
9 14 0.180288 0.168337 0.008403
9 15 0.179964 0.168337 0.008403
9 16 0.175595 0.168337 0.008403
9 17 0.175918 0.168337 0.008403
9 18 0.176404 0.168337 0.008403
9 19 0.172358 0.168337 0.008403
9 20 0.167017 0.168337 0.008403
10 0 0.161191 0.168337 0.008403
10 1 0.164752 0.168337 0.008403
10 2 0.165561 0.168337 0.008403
10 3 0.166208 0.168337 0.008403
10 4 0.169445 0.168337 0.008403
10 5 0.173815 0.168337 0.008403
10 6 0.176080 0.168337 0.008403
10 7 0.175595 0.168337 0.008403
10 8 0.179317 0.168337 0.008403
10 9 0.178670 0.168337 0.008403
10 10 0.181259 0.168337 0.008403
10 11 0.183363 0.168337 0.008403
10 12 0.182877 0.168337 0.008403
10 13 0.181583 0.168337 0.008403
10 14 0.181259 0.168337 0.008403
10 15 0.182554 0.168337 0.008403
10 16 0.178670 0.168337 0.008403
10 17 0.175918 0.168337 0.008403
10 18 0.174786 0.168337 0.008403
10 19 0.171711 0.168337 0.008403
10 20 0.167503 0.168337 0.008403
11 0 0.160867 0.168337 0.008403
11 1 0.165075 0.168337 0.008403
11 2 0.165399 0.168337 0.008403
11 3 0.167017 0.168337 0.008403
11 4 0.169445 0.168337 0.008403
11 5 0.174624 0.168337 0.008403
11 6 0.175109 0.168337 0.008403
11 7 0.176404 0.168337 0.008403
11 8 0.178993 0.168337 0.008403
11 9 0.179317 0.168337 0.008403
11 10 0.179479 0.168337 0.008403
11 11 0.181421 0.168337 0.008403
11 12 0.182554 0.168337 0.008403
11 13 0.182392 0.168337 0.008403
11 14 0.182554 0.168337 0.008403
11 15 0.183687 0.168337 0.008403
11 16 0.178993 0.168337 0.008403
11 17 0.173976 0.168337 0.008403
11 18 0.174300 0.168337 0.008403
11 19 0.171063 0.168337 0.008403
11 20 0.165561 0.168337 0.008403
12 0 0.160220 0.168337 0.008403
12 1 0.162324 0.168337 0.008403
12 2 0.165399 0.168337 0.008403
12 3 0.167179 0.168337 0.008403
12 4 0.169607 0.168337 0.008403
12 5 0.175271 0.168337 0.008403
12 6 0.173329 0.168337 0.008403
12 7 0.174624 0.168337 0.008403
12 8 0.176242 0.168337 0.008403
12 9 0.178022 0.168337 0.008403
12 10 0.178022 0.168337 0.008403
12 11 0.179317 0.168337 0.008403
12 12 0.182554 0.168337 0.008403
12 13 0.180774 0.168337 0.008403
12 14 0.178508 0.168337 0.008403
12 15 0.179641 0.168337 0.008403
12 16 0.177213 0.168337 0.008403
12 17 0.173005 0.168337 0.008403
12 18 0.170092 0.168337 0.008403
12 19 0.168636 0.168337 0.008403
12 20 0.162648 0.168337 0.008403
13 0 0.158764 0.168337 0.008403
13 1 0.163295 0.168337 0.008403
13 2 0.165399 0.168337 0.008403
13 3 0.166855 0.168337 0.008403
13 4 0.170901 0.168337 0.008403
13 5 0.173976 0.168337 0.008403
13 6 0.173005 0.168337 0.008403
13 7 0.175271 0.168337 0.008403
13 8 0.176404 0.168337 0.008403
13 9 0.176566 0.168337 0.008403
13 10 0.175433 0.168337 0.008403
13 11 0.175595 0.168337 0.008403
13 12 0.177051 0.168337 0.008403
13 13 0.178022 0.168337 0.008403
13 14 0.175757 0.168337 0.008403
13 15 0.174624 0.168337 0.008403
13 16 0.172520 0.168337 0.008403
13 17 0.169445 0.168337 0.008403
13 18 0.166370 0.168337 0.008403
13 19 0.163619 0.168337 0.008403
13 20 0.157145 0.168337 0.008403
14 0 0.160706 0.168337 0.008403
14 1 0.163295 0.168337 0.008403
14 2 0.164913 0.168337 0.008403
14 3 0.169445 0.168337 0.008403
14 4 0.169283 0.168337 0.008403
14 5 0.174947 0.168337 0.008403
14 6 0.173005 0.168337 0.008403
14 7 0.173491 0.168337 0.008403
14 8 0.172358 0.168337 0.008403
14 9 0.174786 0.168337 0.008403
14 10 0.175433 0.168337 0.008403
14 11 0.175433 0.168337 0.008403
14 12 0.174462 0.168337 0.008403
14 13 0.176404 0.168337 0.008403
14 14 0.173491 0.168337 0.008403
14 15 0.171225 0.168337 0.008403
14 16 0.167179 0.168337 0.008403
14 17 0.164590 0.168337 0.008403
14 18 0.162162 0.168337 0.008403
14 19 0.161515 0.168337 0.008403
14 20 0.153908 0.168337 0.008403
15 0 0.159573 0.168337 0.008403
15 1 0.164266 0.168337 0.008403
15 2 0.164590 0.168337 0.008403
15 3 0.169930 0.168337 0.008403
15 4 0.171387 0.168337 0.008403
15 5 0.173815 0.168337 0.008403
15 6 0.172358 0.168337 0.008403
15 7 0.173491 0.168337 0.008403
15 8 0.173329 0.168337 0.008403
15 9 0.173005 0.168337 0.008403
15 10 0.174138 0.168337 0.008403
15 11 0.173815 0.168337 0.008403
15 12 0.175918 0.168337 0.008403
15 13 0.174947 0.168337 0.008403
15 14 0.171711 0.168337 0.008403
15 15 0.170416 0.168337 0.008403
15 16 0.168150 0.168337 0.008403
15 17 0.162486 0.168337 0.008403
15 18 0.162971 0.168337 0.008403
15 19 0.158602 0.168337 0.008403
15 20 0.151157 0.168337 0.008403
16 0 0.160382 0.168337 0.008403
16 1 0.164913 0.168337 0.008403
16 2 0.165723 0.168337 0.008403
16 3 0.169769 0.168337 0.008403
16 4 0.171387 0.168337 0.008403
16 5 0.174300 0.168337 0.008403
16 6 0.172034 0.168337 0.008403
16 7 0.176889 0.168337 0.008403
16 8 0.174786 0.168337 0.008403
16 9 0.175595 0.168337 0.008403
16 10 0.175109 0.168337 0.008403
16 11 0.176404 0.168337 0.008403
16 12 0.176242 0.168337 0.008403
16 13 0.176080 0.168337 0.008403
16 14 0.173653 0.168337 0.008403
16 15 0.167503 0.168337 0.008403
16 16 0.166208 0.168337 0.008403
16 17 0.159411 0.168337 0.008403
16 18 0.160382 0.168337 0.008403
16 19 0.155203 0.168337 0.008403
16 20 0.149862 0.168337 0.008403
17 0 0.159735 0.168337 0.008403
17 1 0.166046 0.168337 0.008403
17 2 0.166855 0.168337 0.008403
17 3 0.171387 0.168337 0.008403
17 4 0.172844 0.168337 0.008403
17 5 0.174786 0.168337 0.008403
17 6 0.172520 0.168337 0.008403
17 7 0.173167 0.168337 0.008403
17 8 0.177375 0.168337 0.008403
17 9 0.176242 0.168337 0.008403
17 10 0.174786 0.168337 0.008403
17 11 0.176080 0.168337 0.008403
17 12 0.174947 0.168337 0.008403
17 13 0.173005 0.168337 0.008403
17 14 0.171711 0.168337 0.008403
17 15 0.164752 0.168337 0.008403
17 16 0.164913 0.168337 0.008403
17 17 0.159735 0.168337 0.008403
17 18 0.155365 0.168337 0.008403
17 19 0.150186 0.168337 0.008403
17 20 0.142903 0.168337 0.008403
18 0 0.156660 0.168337 0.008403
18 1 0.162486 0.168337 0.008403
18 2 0.166532 0.168337 0.008403
18 3 0.169445 0.168337 0.008403
18 4 0.173005 0.168337 0.008403
18 5 0.175271 0.168337 0.008403
18 6 0.171872 0.168337 0.008403
18 7 0.173329 0.168337 0.008403
18 8 0.174462 0.168337 0.008403
18 9 0.173329 0.168337 0.008403
18 10 0.173167 0.168337 0.008403
18 11 0.173329 0.168337 0.008403
18 12 0.171711 0.168337 0.008403
18 13 0.171063 0.168337 0.008403
18 14 0.167341 0.168337 0.008403
18 15 0.163781 0.168337 0.008403
18 16 0.160544 0.168337 0.008403
18 17 0.158116 0.168337 0.008403
18 18 0.150510 0.168337 0.008403
18 19 0.145655 0.168337 0.008403
18 20 0.141447 0.168337 0.008403
19 0 0.150186 0.168337 0.008403
19 1 0.157793 0.168337 0.008403
19 2 0.162648 0.168337 0.008403
19 3 0.165884 0.168337 0.008403
19 4 0.167341 0.168337 0.008403
19 5 0.169769 0.168337 0.008403
19 6 0.169769 0.168337 0.008403
19 7 0.168636 0.168337 0.008403
19 8 0.167665 0.168337 0.008403
19 9 0.168636 0.168337 0.008403
19 10 0.168959 0.168337 0.008403
19 11 0.167179 0.168337 0.008403
19 12 0.167341 0.168337 0.008403
19 13 0.164590 0.168337 0.008403
19 14 0.161029 0.168337 0.008403
19 15 0.159087 0.168337 0.008403
19 16 0.152937 0.168337 0.008403
19 17 0.148730 0.168337 0.008403
19 18 0.146626 0.168337 0.008403
19 19 0.140152 0.168337 0.008403
19 20 0.136268 0.168337 0.008403
20 0 0.147273 0.168337 0.008403
20 1 0.151319 0.168337 0.008403
20 2 0.156174 0.168337 0.008403
20 3 0.161353 0.168337 0.008403
20 4 0.160382 0.168337 0.008403
20 5 0.166370 0.168337 0.008403
20 6 0.165399 0.168337 0.008403
20 7 0.166694 0.168337 0.008403
20 8 0.167665 0.168337 0.008403
20 9 0.164428 0.168337 0.008403
20 10 0.162971 0.168337 0.008403
20 11 0.160544 0.168337 0.008403
20 12 0.160867 0.168337 0.008403
20 13 0.158602 0.168337 0.008403
20 14 0.154394 0.168337 0.008403
20 15 0.147759 0.168337 0.008403
20 16 0.145655 0.168337 0.008403
20 17 0.144845 0.168337 0.008403
20 18 0.139181 0.168337 0.008403
20 19 0.132708 0.168337 0.008403
20 20 0.128823 0.168337 0.008403
