# contact distance = 28.0 Angstroms
# F = 0.4 kJ/mol

# i j contact_probability mean_contact_probability stddev_contact_probability
0 0 0.172760 0.165112 0.011023
0 1 0.176493 0.165112 0.011023
0 2 0.176365 0.165112 0.011023
0 3 0.173275 0.165112 0.011023
0 4 0.170443 0.165112 0.011023
0 5 0.168769 0.165112 0.011023
0 6 0.163234 0.165112 0.011023
0 7 0.164006 0.165112 0.011023
0 8 0.164650 0.165112 0.011023
0 9 0.165808 0.165112 0.011023
0 10 0.166581 0.165112 0.011023
0 11 0.166838 0.165112 0.011023
0 12 0.169284 0.165112 0.011023
0 13 0.170829 0.165112 0.011023
0 14 0.168769 0.165112 0.011023
0 15 0.171601 0.165112 0.011023
0 16 0.166967 0.165112 0.011023
0 17 0.166581 0.165112 0.011023
0 18 0.162848 0.165112 0.011023
0 19 0.159501 0.165112 0.011023
0 20 0.155896 0.165112 0.011023
1 0 0.174691 0.165112 0.011023
1 1 0.178167 0.165112 0.011023
1 2 0.178167 0.165112 0.011023
1 3 0.175850 0.165112 0.011023
1 4 0.173919 0.165112 0.011023
1 5 0.173018 0.165112 0.011023
1 6 0.169670 0.165112 0.011023
1 7 0.168769 0.165112 0.011023
1 8 0.168769 0.165112 0.011023
1 9 0.169928 0.165112 0.011023
1 10 0.170057 0.165112 0.011023
1 11 0.170958 0.165112 0.011023
1 12 0.174562 0.165112 0.011023
1 13 0.174047 0.165112 0.011023
1 14 0.175850 0.165112 0.011023
1 15 0.175721 0.165112 0.011023
1 16 0.173532 0.165112 0.011023
1 17 0.170185 0.165112 0.011023
1 18 0.166838 0.165112 0.011023
1 19 0.162976 0.165112 0.011023
1 20 0.160659 0.165112 0.011023
2 0 0.173790 0.165112 0.011023
2 1 0.177909 0.165112 0.011023
2 2 0.178811 0.165112 0.011023
2 3 0.174820 0.165112 0.011023
2 4 0.175077 0.165112 0.011023
2 5 0.175592 0.165112 0.011023
2 6 0.170829 0.165112 0.011023
2 7 0.169542 0.165112 0.011023
2 8 0.169542 0.165112 0.011023
2 9 0.171730 0.165112 0.011023
2 10 0.172760 0.165112 0.011023
2 11 0.171859 0.165112 0.011023
2 12 0.174562 0.165112 0.011023
2 13 0.176365 0.165112 0.011023
2 14 0.177909 0.165112 0.011023
2 15 0.177137 0.165112 0.011023
2 16 0.176622 0.165112 0.011023
2 17 0.173146 0.165112 0.011023
2 18 0.168126 0.165112 0.011023
2 19 0.164907 0.165112 0.011023
2 20 0.161946 0.165112 0.011023
3 0 0.169928 0.165112 0.011023
3 1 0.175206 0.165112 0.011023
3 2 0.177394 0.165112 0.011023
3 3 0.174820 0.165112 0.011023
3 4 0.173404 0.165112 0.011023
3 5 0.174562 0.165112 0.011023
3 6 0.169413 0.165112 0.011023
3 7 0.169413 0.165112 0.011023
3 8 0.167611 0.165112 0.011023
3 9 0.170572 0.165112 0.011023
3 10 0.171601 0.165112 0.011023
3 11 0.171859 0.165112 0.011023
3 12 0.174949 0.165112 0.011023
3 13 0.175592 0.165112 0.011023
3 14 0.177008 0.165112 0.011023
3 15 0.177394 0.165112 0.011023
3 16 0.175592 0.165112 0.011023
3 17 0.173919 0.165112 0.011023
3 18 0.170572 0.165112 0.011023
3 19 0.165680 0.165112 0.011023
3 20 0.162976 0.165112 0.011023
4 0 0.167997 0.165112 0.011023
4 1 0.172503 0.165112 0.011023
4 2 0.175206 0.165112 0.011023
4 3 0.177008 0.165112 0.011023
4 4 0.172374 0.165112 0.011023
4 5 0.171859 0.165112 0.011023
4 6 0.170185 0.165112 0.011023
4 7 0.169284 0.165112 0.011023
4 8 0.168641 0.165112 0.011023
4 9 0.168254 0.165112 0.011023
4 10 0.172116 0.165112 0.011023
4 11 0.171087 0.165112 0.011023
4 12 0.173275 0.165112 0.011023
4 13 0.172760 0.165112 0.011023
4 14 0.176107 0.165112 0.011023
4 15 0.175592 0.165112 0.011023
4 16 0.174176 0.165112 0.011023
4 17 0.173018 0.165112 0.011023
4 18 0.172631 0.165112 0.011023
4 19 0.165294 0.165112 0.011023
4 20 0.161946 0.165112 0.011023
5 0 0.163620 0.165112 0.011023
5 1 0.171087 0.165112 0.011023
5 2 0.174434 0.165112 0.011023
5 3 0.174691 0.165112 0.011023
5 4 0.169928 0.165112 0.011023
5 5 0.170185 0.165112 0.011023
5 6 0.167739 0.165112 0.011023
5 7 0.171601 0.165112 0.011023
5 8 0.167997 0.165112 0.011023
5 9 0.168898 0.165112 0.011023
5 10 0.171215 0.165112 0.011023
5 11 0.170700 0.165112 0.011023
5 12 0.173404 0.165112 0.011023
5 13 0.174176 0.165112 0.011023
5 14 0.177008 0.165112 0.011023
5 15 0.175721 0.165112 0.011023
5 16 0.173661 0.165112 0.011023
5 17 0.175077 0.165112 0.011023
5 18 0.171215 0.165112 0.011023
5 19 0.166710 0.165112 0.011023
5 20 0.162719 0.165112 0.011023
6 0 0.159243 0.165112 0.011023
6 1 0.168126 0.165112 0.011023
6 2 0.168898 0.165112 0.011023
6 3 0.169799 0.165112 0.011023
6 4 0.167353 0.165112 0.011023
6 5 0.166452 0.165112 0.011023
6 6 0.163491 0.165112 0.011023
6 7 0.166066 0.165112 0.011023
6 8 0.166967 0.165112 0.011023
6 9 0.166323 0.165112 0.011023
6 10 0.167739 0.165112 0.011023
6 11 0.170829 0.165112 0.011023
6 12 0.173275 0.165112 0.011023
6 13 0.174562 0.165112 0.011023
6 14 0.175077 0.165112 0.011023
6 15 0.177781 0.165112 0.011023
6 16 0.174820 0.165112 0.011023
6 17 0.172245 0.165112 0.011023
6 18 0.170057 0.165112 0.011023
6 19 0.166452 0.165112 0.011023
6 20 0.161303 0.165112 0.011023
7 0 0.158599 0.165112 0.011023
7 1 0.167353 0.165112 0.011023
7 2 0.169027 0.165112 0.011023
7 3 0.167997 0.165112 0.011023
7 4 0.166581 0.165112 0.011023
7 5 0.165551 0.165112 0.011023
7 6 0.160788 0.165112 0.011023
7 7 0.164392 0.165112 0.011023
7 8 0.167997 0.165112 0.011023
7 9 0.168126 0.165112 0.011023
7 10 0.170314 0.165112 0.011023
7 11 0.167225 0.165112 0.011023
7 12 0.170314 0.165112 0.011023
7 13 0.171730 0.165112 0.011023
7 14 0.174820 0.165112 0.011023
7 15 0.173146 0.165112 0.011023
7 16 0.174562 0.165112 0.011023
7 17 0.173404 0.165112 0.011023
7 18 0.171215 0.165112 0.011023
7 19 0.166710 0.165112 0.011023
7 20 0.161818 0.165112 0.011023
8 0 0.160015 0.165112 0.011023
8 1 0.167096 0.165112 0.011023
8 2 0.170443 0.165112 0.011023
8 3 0.170829 0.165112 0.011023
8 4 0.167997 0.165112 0.011023
8 5 0.165937 0.165112 0.011023
8 6 0.164907 0.165112 0.011023
8 7 0.166967 0.165112 0.011023
8 8 0.168254 0.165112 0.011023
8 9 0.167225 0.165112 0.011023
8 10 0.168641 0.165112 0.011023
8 11 0.170185 0.165112 0.011023
8 12 0.170700 0.165112 0.011023
8 13 0.172116 0.165112 0.011023
8 14 0.171859 0.165112 0.011023
8 15 0.174047 0.165112 0.011023
8 16 0.175850 0.165112 0.011023
8 17 0.175206 0.165112 0.011023
8 18 0.171601 0.165112 0.011023
8 19 0.167611 0.165112 0.011023
8 20 0.159887 0.165112 0.011023
9 0 0.158213 0.165112 0.011023
9 1 0.165551 0.165112 0.011023
9 2 0.170572 0.165112 0.011023
9 3 0.170700 0.165112 0.011023
9 4 0.168383 0.165112 0.011023
9 5 0.165422 0.165112 0.011023
9 6 0.162976 0.165112 0.011023
9 7 0.165036 0.165112 0.011023
9 8 0.165808 0.165112 0.011023
9 9 0.168512 0.165112 0.011023
9 10 0.167997 0.165112 0.011023
9 11 0.169670 0.165112 0.011023
9 12 0.170829 0.165112 0.011023
9 13 0.172245 0.165112 0.011023
9 14 0.170958 0.165112 0.011023
9 15 0.169928 0.165112 0.011023
9 16 0.171988 0.165112 0.011023
9 17 0.172503 0.165112 0.011023
9 18 0.167482 0.165112 0.011023
9 19 0.161174 0.165112 0.011023
9 20 0.155252 0.165112 0.011023
10 0 0.157055 0.165112 0.011023
10 1 0.165165 0.165112 0.011023
10 2 0.167739 0.165112 0.011023
10 3 0.171344 0.165112 0.011023
10 4 0.170700 0.165112 0.011023
10 5 0.167997 0.165112 0.011023
10 6 0.167611 0.165112 0.011023
10 7 0.168383 0.165112 0.011023
10 8 0.166967 0.165112 0.011023
10 9 0.167868 0.165112 0.011023
10 10 0.166967 0.165112 0.011023
10 11 0.169413 0.165112 0.011023
10 12 0.170829 0.165112 0.011023
10 13 0.173018 0.165112 0.011023
10 14 0.172760 0.165112 0.011023
10 15 0.172116 0.165112 0.011023
10 16 0.171215 0.165112 0.011023
10 17 0.168383 0.165112 0.011023
10 18 0.165937 0.165112 0.011023
10 19 0.160015 0.165112 0.011023
10 20 0.154866 0.165112 0.011023
11 0 0.157183 0.165112 0.011023
11 1 0.164650 0.165112 0.011023
11 2 0.166967 0.165112 0.011023
11 3 0.171859 0.165112 0.011023
11 4 0.171087 0.165112 0.011023
11 5 0.171859 0.165112 0.011023
11 6 0.170700 0.165112 0.011023
11 7 0.169799 0.165112 0.011023
11 8 0.165680 0.165112 0.011023
11 9 0.167353 0.165112 0.011023
11 10 0.166710 0.165112 0.011023
11 11 0.168254 0.165112 0.011023
11 12 0.169928 0.165112 0.011023
11 13 0.173404 0.165112 0.011023
11 14 0.171730 0.165112 0.011023
11 15 0.171087 0.165112 0.011023
11 16 0.168254 0.165112 0.011023
11 17 0.165551 0.165112 0.011023
11 18 0.164006 0.165112 0.011023
11 19 0.158728 0.165112 0.011023
11 20 0.154222 0.165112 0.011023
12 0 0.161045 0.165112 0.011023
12 1 0.166710 0.165112 0.011023
12 2 0.170443 0.165112 0.011023
12 3 0.170443 0.165112 0.011023
12 4 0.172374 0.165112 0.011023
12 5 0.172374 0.165112 0.011023
12 6 0.170700 0.165112 0.011023
12 7 0.171215 0.165112 0.011023
12 8 0.168126 0.165112 0.011023
12 9 0.169670 0.165112 0.011023
12 10 0.169542 0.165112 0.011023
12 11 0.169413 0.165112 0.011023
12 12 0.170057 0.165112 0.011023
12 13 0.171859 0.165112 0.011023
12 14 0.172631 0.165112 0.011023
12 15 0.172245 0.165112 0.011023
12 16 0.170443 0.165112 0.011023
12 17 0.166838 0.165112 0.011023
12 18 0.160144 0.165112 0.011023
12 19 0.155252 0.165112 0.011023
12 20 0.150875 0.165112 0.011023
13 0 0.163877 0.165112 0.011023
13 1 0.167868 0.165112 0.011023
13 2 0.170057 0.165112 0.011023
13 3 0.171215 0.165112 0.011023
13 4 0.171215 0.165112 0.011023
13 5 0.171087 0.165112 0.011023
13 6 0.170572 0.165112 0.011023
13 7 0.171730 0.165112 0.011023
13 8 0.168641 0.165112 0.011023
13 9 0.170958 0.165112 0.011023
13 10 0.170700 0.165112 0.011023
13 11 0.167611 0.165112 0.011023
13 12 0.169799 0.165112 0.011023
13 13 0.171473 0.165112 0.011023
13 14 0.168898 0.165112 0.011023
13 15 0.170572 0.165112 0.011023
13 16 0.167739 0.165112 0.011023
13 17 0.162075 0.165112 0.011023
13 18 0.156668 0.165112 0.011023
13 19 0.150360 0.165112 0.011023
13 20 0.145726 0.165112 0.011023
14 0 0.163749 0.165112 0.011023
14 1 0.168898 0.165112 0.011023
14 2 0.168512 0.165112 0.011023
14 3 0.171215 0.165112 0.011023
14 4 0.171601 0.165112 0.011023
14 5 0.172503 0.165112 0.011023
14 6 0.171988 0.165112 0.011023
14 7 0.173146 0.165112 0.011023
14 8 0.172245 0.165112 0.011023
14 9 0.170829 0.165112 0.011023
14 10 0.172631 0.165112 0.011023
14 11 0.170572 0.165112 0.011023
14 12 0.169928 0.165112 0.011023
14 13 0.168769 0.165112 0.011023
14 14 0.169413 0.165112 0.011023
14 15 0.169670 0.165112 0.011023
14 16 0.163363 0.165112 0.011023
14 17 0.160530 0.165112 0.011023
14 18 0.155767 0.165112 0.011023
14 19 0.148301 0.165112 0.011023
14 20 0.142636 0.165112 0.011023
15 0 0.161432 0.165112 0.011023
15 1 0.168254 0.165112 0.011023
15 2 0.169799 0.165112 0.011023
15 3 0.169027 0.165112 0.011023
15 4 0.170443 0.165112 0.011023
15 5 0.173532 0.165112 0.011023
15 6 0.174047 0.165112 0.011023
15 7 0.173146 0.165112 0.011023
15 8 0.172116 0.165112 0.011023
15 9 0.173532 0.165112 0.011023
15 10 0.171344 0.165112 0.011023
15 11 0.172760 0.165112 0.011023
15 12 0.167997 0.165112 0.011023
15 13 0.169156 0.165112 0.011023
15 14 0.166838 0.165112 0.011023
15 15 0.165937 0.165112 0.011023
15 16 0.161432 0.165112 0.011023
15 17 0.158471 0.165112 0.011023
15 18 0.153836 0.165112 0.011023
15 19 0.146241 0.165112 0.011023
15 20 0.139804 0.165112 0.011023
16 0 0.157698 0.165112 0.011023
16 1 0.165036 0.165112 0.011023
16 2 0.166323 0.165112 0.011023
16 3 0.167096 0.165112 0.011023
16 4 0.169928 0.165112 0.011023
16 5 0.170314 0.165112 0.011023
16 6 0.172760 0.165112 0.011023
16 7 0.173018 0.165112 0.011023
16 8 0.172760 0.165112 0.011023
16 9 0.171215 0.165112 0.011023
16 10 0.168126 0.165112 0.011023
16 11 0.167225 0.165112 0.011023
16 12 0.161946 0.165112 0.011023
16 13 0.161818 0.165112 0.011023
16 14 0.159243 0.165112 0.011023
16 15 0.157441 0.165112 0.011023
16 16 0.156153 0.165112 0.011023
16 17 0.153965 0.165112 0.011023
16 18 0.148172 0.165112 0.011023
16 19 0.140191 0.165112 0.011023
16 20 0.132595 0.165112 0.011023
17 0 0.156926 0.165112 0.011023
17 1 0.162075 0.165112 0.011023
17 2 0.163363 0.165112 0.011023
17 3 0.167868 0.165112 0.011023
17 4 0.167096 0.165112 0.011023
17 5 0.170185 0.165112 0.011023
17 6 0.171988 0.165112 0.011023
17 7 0.172116 0.165112 0.011023
17 8 0.170185 0.165112 0.011023
17 9 0.167611 0.165112 0.011023
17 10 0.165808 0.165112 0.011023
17 11 0.163234 0.165112 0.011023
17 12 0.159758 0.165112 0.011023
17 13 0.158857 0.165112 0.011023
17 14 0.156926 0.165112 0.011023
17 15 0.156025 0.165112 0.011023
17 16 0.154222 0.165112 0.011023
17 17 0.151004 0.165112 0.011023
17 18 0.143409 0.165112 0.011023
17 19 0.134398 0.165112 0.011023
17 20 0.126030 0.165112 0.011023
18 0 0.155124 0.165112 0.011023
18 1 0.160788 0.165112 0.011023
18 2 0.163749 0.165112 0.011023
18 3 0.164392 0.165112 0.011023
18 4 0.166452 0.165112 0.011023
18 5 0.168898 0.165112 0.011023
18 6 0.168254 0.165112 0.011023
18 7 0.166838 0.165112 0.011023
18 8 0.165808 0.165112 0.011023
18 9 0.162848 0.165112 0.011023
18 10 0.159758 0.165112 0.011023
18 11 0.155767 0.165112 0.011023
18 12 0.153965 0.165112 0.011023
18 13 0.151004 0.165112 0.011023
18 14 0.153064 0.165112 0.011023
18 15 0.150232 0.165112 0.011023
18 16 0.145469 0.165112 0.011023
18 17 0.143151 0.165112 0.011023
18 18 0.136715 0.165112 0.011023
18 19 0.125386 0.165112 0.011023
18 20 0.117920 0.165112 0.011023
19 0 0.153193 0.165112 0.011023
19 1 0.157183 0.165112 0.011023
19 2 0.161689 0.165112 0.011023
19 3 0.161946 0.165112 0.011023
19 4 0.162719 0.165112 0.011023
19 5 0.162848 0.165112 0.011023
19 6 0.163749 0.165112 0.011023
19 7 0.158599 0.165112 0.011023
19 8 0.158342 0.165112 0.011023
19 9 0.156025 0.165112 0.011023
19 10 0.153321 0.165112 0.011023
19 11 0.149846 0.165112 0.011023
19 12 0.150103 0.165112 0.011023
19 13 0.149202 0.165112 0.011023
19 14 0.145984 0.165112 0.011023
19 15 0.146885 0.165112 0.011023
19 16 0.141092 0.165112 0.011023
19 17 0.136843 0.165112 0.011023
19 18 0.129763 0.165112 0.011023
19 19 0.120881 0.165112 0.011023
19 20 0.114830 0.165112 0.011023
20 0 0.149717 0.165112 0.011023
20 1 0.153579 0.165112 0.011023
20 2 0.152935 0.165112 0.011023
20 3 0.155767 0.165112 0.011023
20 4 0.154480 0.165112 0.011023
20 5 0.156411 0.165112 0.011023
20 6 0.154737 0.165112 0.011023
20 7 0.154094 0.165112 0.011023
20 8 0.151390 0.165112 0.011023
20 9 0.150232 0.165112 0.011023
20 10 0.147142 0.165112 0.011023
20 11 0.145469 0.165112 0.011023
20 12 0.142636 0.165112 0.011023
20 13 0.141349 0.165112 0.011023
20 14 0.136972 0.165112 0.011023
20 15 0.133496 0.165112 0.011023
20 16 0.131565 0.165112 0.011023
20 17 0.127446 0.165112 0.011023
20 18 0.120366 0.165112 0.011023
20 19 0.112127 0.165112 0.011023
20 20 0.107364 0.165112 0.011023
