# contact distance = 28.0 Angstroms
# F = 0.4 kJ/mol

# i j contact_probability mean_contact_probability stddev_contact_probability
0 0 0.151407 0.147748 0.008702
0 1 0.152637 0.147748 0.008702
0 2 0.155370 0.147748 0.008702
0 3 0.151407 0.147748 0.008702
0 4 0.146488 0.147748 0.008702
0 5 0.147855 0.147748 0.008702
0 6 0.144848 0.147748 0.008702
0 7 0.145395 0.147748 0.008702
0 8 0.148265 0.147748 0.008702
0 9 0.148811 0.147748 0.008702
0 10 0.151407 0.147748 0.008702
0 11 0.150588 0.147748 0.008702
0 12 0.151134 0.147748 0.008702
0 13 0.150178 0.147748 0.008702
0 14 0.147855 0.147748 0.008702
0 15 0.148811 0.147748 0.008702
0 16 0.146488 0.147748 0.008702
0 17 0.144165 0.147748 0.008702
0 18 0.143209 0.147748 0.008702
0 19 0.142525 0.147748 0.008702
0 20 0.139929 0.147748 0.008702
1 0 0.152774 0.147748 0.008702
1 1 0.155234 0.147748 0.008702
1 2 0.157283 0.147748 0.008702
1 3 0.154824 0.147748 0.008702
1 4 0.150861 0.147748 0.008702
1 5 0.150998 0.147748 0.008702
1 6 0.146898 0.147748 0.008702
1 7 0.150861 0.147748 0.008702
1 8 0.152227 0.147748 0.008702
1 9 0.154687 0.147748 0.008702
1 10 0.155917 0.147748 0.008702
1 11 0.155370 0.147748 0.008702
1 12 0.156737 0.147748 0.008702
1 13 0.153594 0.147748 0.008702
1 14 0.151954 0.147748 0.008702
1 15 0.153321 0.147748 0.008702
1 16 0.149221 0.147748 0.008702
1 17 0.147718 0.147748 0.008702
1 18 0.148128 0.147748 0.008702
1 19 0.145668 0.147748 0.008702
1 20 0.141842 0.147748 0.008702
2 0 0.153731 0.147748 0.008702
2 1 0.156464 0.147748 0.008702
2 2 0.154960 0.147748 0.008702
2 3 0.154004 0.147748 0.008702
2 4 0.151681 0.147748 0.008702
2 5 0.152774 0.147748 0.008702
2 6 0.150998 0.147748 0.008702
2 7 0.152774 0.147748 0.008702
2 8 0.156600 0.147748 0.008702
2 9 0.155644 0.147748 0.008702
2 10 0.155780 0.147748 0.008702
2 11 0.157830 0.147748 0.008702
2 12 0.158650 0.147748 0.008702
2 13 0.156464 0.147748 0.008702
2 14 0.154550 0.147748 0.008702
2 15 0.155780 0.147748 0.008702
2 16 0.152911 0.147748 0.008702
2 17 0.149904 0.147748 0.008702
2 18 0.148265 0.147748 0.008702
2 19 0.146351 0.147748 0.008702
2 20 0.141705 0.147748 0.008702
3 0 0.151954 0.147748 0.008702
3 1 0.152911 0.147748 0.008702
3 2 0.154004 0.147748 0.008702
3 3 0.150178 0.147748 0.008702
3 4 0.149084 0.147748 0.008702
3 5 0.152364 0.147748 0.008702
3 6 0.151271 0.147748 0.008702
3 7 0.153457 0.147748 0.008702
3 8 0.155507 0.147748 0.008702
3 9 0.157420 0.147748 0.008702
3 10 0.157147 0.147748 0.008702
3 11 0.157830 0.147748 0.008702
3 12 0.158923 0.147748 0.008702
3 13 0.157557 0.147748 0.008702
3 14 0.153731 0.147748 0.008702
3 15 0.156054 0.147748 0.008702
3 16 0.155234 0.147748 0.008702
3 17 0.154140 0.147748 0.008702
3 18 0.149768 0.147748 0.008702
3 19 0.147581 0.147748 0.008702
3 20 0.144302 0.147748 0.008702
4 0 0.149084 0.147748 0.008702
4 1 0.151817 0.147748 0.008702
4 2 0.152091 0.147748 0.008702
4 3 0.150861 0.147748 0.008702
4 4 0.148811 0.147748 0.008702
4 5 0.147855 0.147748 0.008702
4 6 0.149631 0.147748 0.008702
4 7 0.151134 0.147748 0.008702
4 8 0.153047 0.147748 0.008702
4 9 0.154550 0.147748 0.008702
4 10 0.156054 0.147748 0.008702
4 11 0.156327 0.147748 0.008702
4 12 0.157147 0.147748 0.008702
4 13 0.155370 0.147748 0.008702
4 14 0.155507 0.147748 0.008702
4 15 0.156464 0.147748 0.008702
4 16 0.154004 0.147748 0.008702
4 17 0.153184 0.147748 0.008702
4 18 0.152911 0.147748 0.008702
4 19 0.149904 0.147748 0.008702
4 20 0.146078 0.147748 0.008702
5 0 0.145122 0.147748 0.008702
5 1 0.150724 0.147748 0.008702
5 2 0.152911 0.147748 0.008702
5 3 0.150178 0.147748 0.008702
5 4 0.148128 0.147748 0.008702
5 5 0.148811 0.147748 0.008702
5 6 0.148128 0.147748 0.008702
5 7 0.149494 0.147748 0.008702
5 8 0.153594 0.147748 0.008702
5 9 0.154824 0.147748 0.008702
5 10 0.157010 0.147748 0.008702
5 11 0.159743 0.147748 0.008702
5 12 0.158240 0.147748 0.008702
5 13 0.156464 0.147748 0.008702
5 14 0.155507 0.147748 0.008702
5 15 0.154687 0.147748 0.008702
5 16 0.154004 0.147748 0.008702
5 17 0.152774 0.147748 0.008702
5 18 0.151544 0.147748 0.008702
5 19 0.150314 0.147748 0.008702
5 20 0.147445 0.147748 0.008702
6 0 0.145122 0.147748 0.008702
6 1 0.149494 0.147748 0.008702
6 2 0.152227 0.147748 0.008702
6 3 0.149631 0.147748 0.008702
6 4 0.149221 0.147748 0.008702
6 5 0.147991 0.147748 0.008702
6 6 0.145395 0.147748 0.008702
6 7 0.148811 0.147748 0.008702
6 8 0.150314 0.147748 0.008702
6 9 0.152364 0.147748 0.008702
6 10 0.152091 0.147748 0.008702
6 11 0.157967 0.147748 0.008702
6 12 0.157147 0.147748 0.008702
6 13 0.153731 0.147748 0.008702
6 14 0.156873 0.147748 0.008702
6 15 0.155234 0.147748 0.008702
6 16 0.153047 0.147748 0.008702
6 17 0.152637 0.147748 0.008702
6 18 0.150451 0.147748 0.008702
6 19 0.149084 0.147748 0.008702
6 20 0.147035 0.147748 0.008702
7 0 0.145942 0.147748 0.008702
7 1 0.151544 0.147748 0.008702
7 2 0.150178 0.147748 0.008702
7 3 0.151407 0.147748 0.008702
7 4 0.150314 0.147748 0.008702
7 5 0.147855 0.147748 0.008702
7 6 0.145532 0.147748 0.008702
7 7 0.145532 0.147748 0.008702
7 8 0.147171 0.147748 0.008702
7 9 0.153594 0.147748 0.008702
7 10 0.154414 0.147748 0.008702
7 11 0.154960 0.147748 0.008702
7 12 0.157693 0.147748 0.008702
7 13 0.154824 0.147748 0.008702
7 14 0.155234 0.147748 0.008702
7 15 0.154277 0.147748 0.008702
7 16 0.152364 0.147748 0.008702
7 17 0.152364 0.147748 0.008702
7 18 0.150588 0.147748 0.008702
7 19 0.148401 0.147748 0.008702
7 20 0.145395 0.147748 0.008702
8 0 0.147855 0.147748 0.008702
8 1 0.153457 0.147748 0.008702
8 2 0.152774 0.147748 0.008702
8 3 0.150588 0.147748 0.008702
8 4 0.150451 0.147748 0.008702
8 5 0.147581 0.147748 0.008702
8 6 0.146761 0.147748 0.008702
8 7 0.145942 0.147748 0.008702
8 8 0.146215 0.147748 0.008702
8 9 0.150861 0.147748 0.008702
8 10 0.153594 0.147748 0.008702
8 11 0.156054 0.147748 0.008702
8 12 0.154140 0.147748 0.008702
8 13 0.153867 0.147748 0.008702
8 14 0.153457 0.147748 0.008702
8 15 0.153457 0.147748 0.008702
8 16 0.154687 0.147748 0.008702
8 17 0.154277 0.147748 0.008702
8 18 0.150451 0.147748 0.008702
8 19 0.146351 0.147748 0.008702
8 20 0.139929 0.147748 0.008702
9 0 0.146351 0.147748 0.008702
9 1 0.153321 0.147748 0.008702
9 2 0.154687 0.147748 0.008702
9 3 0.153594 0.147748 0.008702
9 4 0.151407 0.147748 0.008702
9 5 0.151817 0.147748 0.008702
9 6 0.150724 0.147748 0.008702
9 7 0.151134 0.147748 0.008702
9 8 0.150861 0.147748 0.008702
9 9 0.151681 0.147748 0.008702
9 10 0.154140 0.147748 0.008702
9 11 0.153047 0.147748 0.008702
9 12 0.151134 0.147748 0.008702
9 13 0.150724 0.147748 0.008702
9 14 0.149494 0.147748 0.008702
9 15 0.152364 0.147748 0.008702
9 16 0.153184 0.147748 0.008702
9 17 0.150588 0.147748 0.008702
9 18 0.147581 0.147748 0.008702
9 19 0.144575 0.147748 0.008702
9 20 0.135283 0.147748 0.008702
10 0 0.146351 0.147748 0.008702
10 1 0.152364 0.147748 0.008702
10 2 0.154687 0.147748 0.008702
10 3 0.153457 0.147748 0.008702
10 4 0.153867 0.147748 0.008702
10 5 0.150451 0.147748 0.008702
10 6 0.153321 0.147748 0.008702
10 7 0.150451 0.147748 0.008702
10 8 0.149631 0.147748 0.008702
10 9 0.150998 0.147748 0.008702
10 10 0.149221 0.147748 0.008702
10 11 0.149494 0.147748 0.008702
10 12 0.151544 0.147748 0.008702
10 13 0.150724 0.147748 0.008702
10 14 0.148265 0.147748 0.008702
10 15 0.149358 0.147748 0.008702
10 16 0.150724 0.147748 0.008702
10 17 0.147718 0.147748 0.008702
10 18 0.144165 0.147748 0.008702
10 19 0.138836 0.147748 0.008702
10 20 0.132687 0.147748 0.008702
11 0 0.146078 0.147748 0.008702
11 1 0.150451 0.147748 0.008702
11 2 0.153731 0.147748 0.008702
11 3 0.155917 0.147748 0.008702
11 4 0.157010 0.147748 0.008702
11 5 0.154960 0.147748 0.008702
11 6 0.154414 0.147748 0.008702
11 7 0.152091 0.147748 0.008702
11 8 0.152227 0.147748 0.008702
11 9 0.150998 0.147748 0.008702
11 10 0.149084 0.147748 0.008702
11 11 0.147718 0.147748 0.008702
11 12 0.150998 0.147748 0.008702
11 13 0.148401 0.147748 0.008702
11 14 0.146488 0.147748 0.008702
11 15 0.146898 0.147748 0.008702
11 16 0.147991 0.147748 0.008702
11 17 0.144302 0.147748 0.008702
11 18 0.140202 0.147748 0.008702
11 19 0.135556 0.147748 0.008702
11 20 0.128997 0.147748 0.008702
12 0 0.147581 0.147748 0.008702
12 1 0.152637 0.147748 0.008702
12 2 0.154414 0.147748 0.008702
12 3 0.154687 0.147748 0.008702
12 4 0.155097 0.147748 0.008702
12 5 0.155234 0.147748 0.008702
12 6 0.154550 0.147748 0.008702
12 7 0.155097 0.147748 0.008702
12 8 0.153867 0.147748 0.008702
12 9 0.152911 0.147748 0.008702
12 10 0.151544 0.147748 0.008702
12 11 0.151954 0.147748 0.008702
12 12 0.150178 0.147748 0.008702
12 13 0.146625 0.147748 0.008702
12 14 0.144848 0.147748 0.008702
12 15 0.144848 0.147748 0.008702
12 16 0.142525 0.147748 0.008702
12 17 0.140749 0.147748 0.008702
12 18 0.137606 0.147748 0.008702
12 19 0.133643 0.147748 0.008702
12 20 0.127084 0.147748 0.008702
13 0 0.150451 0.147748 0.008702
13 1 0.154550 0.147748 0.008702
13 2 0.154550 0.147748 0.008702
13 3 0.152501 0.147748 0.008702
13 4 0.153184 0.147748 0.008702
13 5 0.154140 0.147748 0.008702
13 6 0.154004 0.147748 0.008702
13 7 0.153867 0.147748 0.008702
13 8 0.152774 0.147748 0.008702
13 9 0.151544 0.147748 0.008702
13 10 0.149358 0.147748 0.008702
13 11 0.149221 0.147748 0.008702
13 12 0.151134 0.147748 0.008702
13 13 0.149904 0.147748 0.008702
13 14 0.146215 0.147748 0.008702
13 15 0.144165 0.147748 0.008702
13 16 0.140202 0.147748 0.008702
13 17 0.139382 0.147748 0.008702
13 18 0.137196 0.147748 0.008702
13 19 0.130910 0.147748 0.008702
13 20 0.128450 0.147748 0.008702
14 0 0.150724 0.147748 0.008702
14 1 0.153731 0.147748 0.008702
14 2 0.154004 0.147748 0.008702
14 3 0.153184 0.147748 0.008702
14 4 0.153321 0.147748 0.008702
14 5 0.154004 0.147748 0.008702
14 6 0.153047 0.147748 0.008702
14 7 0.152364 0.147748 0.008702
14 8 0.152364 0.147748 0.008702
14 9 0.152227 0.147748 0.008702
14 10 0.150314 0.147748 0.008702
14 11 0.149768 0.147748 0.008702
14 12 0.149631 0.147748 0.008702
14 13 0.147035 0.147748 0.008702
14 14 0.144575 0.147748 0.008702
14 15 0.141979 0.147748 0.008702
14 16 0.142799 0.147748 0.008702
14 17 0.138016 0.147748 0.008702
14 18 0.132960 0.147748 0.008702
14 19 0.131320 0.147748 0.008702
14 20 0.125854 0.147748 0.008702
15 0 0.148538 0.147748 0.008702
15 1 0.151681 0.147748 0.008702
15 2 0.151134 0.147748 0.008702
15 3 0.153047 0.147748 0.008702
15 4 0.152911 0.147748 0.008702
15 5 0.155097 0.147748 0.008702
15 6 0.155234 0.147748 0.008702
15 7 0.152637 0.147748 0.008702
15 8 0.153867 0.147748 0.008702
15 9 0.150861 0.147748 0.008702
15 10 0.150724 0.147748 0.008702
15 11 0.151134 0.147748 0.008702
15 12 0.149221 0.147748 0.008702
15 13 0.146215 0.147748 0.008702
15 14 0.141159 0.147748 0.008702
15 15 0.141432 0.147748 0.008702
15 16 0.139656 0.147748 0.008702
15 17 0.136649 0.147748 0.008702
15 18 0.130637 0.147748 0.008702
15 19 0.126674 0.147748 0.008702
15 20 0.123531 0.147748 0.008702
16 0 0.149084 0.147748 0.008702
16 1 0.151134 0.147748 0.008702
16 2 0.150998 0.147748 0.008702
16 3 0.152911 0.147748 0.008702
16 4 0.152227 0.147748 0.008702
16 5 0.155917 0.147748 0.008702
16 6 0.155097 0.147748 0.008702
16 7 0.155370 0.147748 0.008702
16 8 0.153731 0.147748 0.008702
16 9 0.152364 0.147748 0.008702
16 10 0.150451 0.147748 0.008702
16 11 0.150041 0.147748 0.008702
16 12 0.148128 0.147748 0.008702
16 13 0.145668 0.147748 0.008702
16 14 0.142662 0.147748 0.008702
16 15 0.142799 0.147748 0.008702
16 16 0.137743 0.147748 0.008702
16 17 0.134463 0.147748 0.008702
16 18 0.129270 0.147748 0.008702
16 19 0.128724 0.147748 0.008702
16 20 0.122848 0.147748 0.008702
17 0 0.148948 0.147748 0.008702
17 1 0.149904 0.147748 0.008702
17 2 0.150041 0.147748 0.008702
17 3 0.150998 0.147748 0.008702
17 4 0.150998 0.147748 0.008702
17 5 0.154687 0.147748 0.008702
17 6 0.154824 0.147748 0.008702
17 7 0.155097 0.147748 0.008702
17 8 0.153594 0.147748 0.008702
17 9 0.149904 0.147748 0.008702
17 10 0.149768 0.147748 0.008702
17 11 0.148948 0.147748 0.008702
17 12 0.148538 0.147748 0.008702
17 13 0.144438 0.147748 0.008702
17 14 0.143072 0.147748 0.008702
17 15 0.139792 0.147748 0.008702
17 16 0.137606 0.147748 0.008702
17 17 0.132277 0.147748 0.008702
17 18 0.127767 0.147748 0.008702
17 19 0.126401 0.147748 0.008702
17 20 0.120798 0.147748 0.008702
18 0 0.146215 0.147748 0.008702
18 1 0.147855 0.147748 0.008702
18 2 0.146898 0.147748 0.008702
18 3 0.150724 0.147748 0.008702
18 4 0.151271 0.147748 0.008702
18 5 0.150588 0.147748 0.008702
18 6 0.151544 0.147748 0.008702
18 7 0.153321 0.147748 0.008702
18 8 0.150314 0.147748 0.008702
18 9 0.148265 0.147748 0.008702
18 10 0.150041 0.147748 0.008702
18 11 0.146488 0.147748 0.008702
18 12 0.146078 0.147748 0.008702
18 13 0.143892 0.147748 0.008702
18 14 0.138972 0.147748 0.008702
18 15 0.137333 0.147748 0.008702
18 16 0.132413 0.147748 0.008702
18 17 0.129954 0.147748 0.008702
18 18 0.125444 0.147748 0.008702
18 19 0.121755 0.147748 0.008702
18 20 0.116152 0.147748 0.008702
19 0 0.141569 0.147748 0.008702
19 1 0.144848 0.147748 0.008702
19 2 0.145942 0.147748 0.008702
19 3 0.148675 0.147748 0.008702
19 4 0.146488 0.147748 0.008702
19 5 0.145258 0.147748 0.008702
19 6 0.146215 0.147748 0.008702
19 7 0.149084 0.147748 0.008702
19 8 0.147991 0.147748 0.008702
19 9 0.145942 0.147748 0.008702
19 10 0.144028 0.147748 0.008702
19 11 0.142115 0.147748 0.008702
19 12 0.141705 0.147748 0.008702
19 13 0.137059 0.147748 0.008702
19 14 0.132550 0.147748 0.008702
19 15 0.130773 0.147748 0.008702
19 16 0.128177 0.147748 0.008702
19 17 0.123531 0.147748 0.008702
19 18 0.120388 0.147748 0.008702
19 19 0.115742 0.147748 0.008702
19 20 0.109593 0.147748 0.008702
20 0 0.139792 0.147748 0.008702
20 1 0.143072 0.147748 0.008702
20 2 0.144028 0.147748 0.008702
20 3 0.144438 0.147748 0.008702
20 4 0.146078 0.147748 0.008702
20 5 0.143072 0.147748 0.008702
20 6 0.143892 0.147748 0.008702
20 7 0.144028 0.147748 0.008702
20 8 0.141979 0.147748 0.008702
20 9 0.138562 0.147748 0.008702
20 10 0.135693 0.147748 0.008702
20 11 0.132413 0.147748 0.008702
20 12 0.135420 0.147748 0.008702
20 13 0.130637 0.147748 0.008702
20 14 0.127631 0.147748 0.008702
20 15 0.125444 0.147748 0.008702
20 16 0.122984 0.147748 0.008702
20 17 0.119022 0.147748 0.008702
20 18 0.114512 0.147748 0.008702
20 19 0.110139 0.147748 0.008702
20 20 0.106996 0.147748 0.008702
