# contact distance = 28.0 Angstroms
# F = 0.4 kJ/mol

# i j contact_probability mean_contact_probability stddev_contact_probability
0 0 0.141005 0.165596 0.010967
0 1 0.143196 0.165596 0.010967
0 2 0.142466 0.165596 0.010967
0 3 0.141553 0.165596 0.010967
0 4 0.141187 0.165596 0.010967
0 5 0.137717 0.165596 0.010967
0 6 0.139543 0.165596 0.010967
0 7 0.140274 0.165596 0.010967
0 8 0.140274 0.165596 0.010967
0 9 0.145753 0.165596 0.010967
0 10 0.151598 0.165596 0.010967
0 11 0.155068 0.165596 0.010967
0 12 0.155068 0.165596 0.010967
0 13 0.153242 0.165596 0.010967
0 14 0.151598 0.165596 0.010967
0 15 0.153242 0.165596 0.010967
0 16 0.153607 0.165596 0.010967
0 17 0.154155 0.165596 0.010967
0 18 0.153059 0.165596 0.010967
0 19 0.153607 0.165596 0.010967
0 20 0.151050 0.165596 0.010967
1 0 0.143562 0.165596 0.010967
1 1 0.147945 0.165596 0.010967
1 2 0.147397 0.165596 0.010967
1 3 0.144110 0.165596 0.010967
1 4 0.145023 0.165596 0.010967
1 5 0.142466 0.165596 0.010967
1 6 0.142100 0.165596 0.010967
1 7 0.143379 0.165596 0.010967
1 8 0.146119 0.165596 0.010967
1 9 0.148676 0.165596 0.010967
1 10 0.155251 0.165596 0.010967
1 11 0.158904 0.165596 0.010967
1 12 0.158721 0.165596 0.010967
1 13 0.161096 0.165596 0.010967
1 14 0.160000 0.165596 0.010967
1 15 0.158904 0.165596 0.010967
1 16 0.157260 0.165596 0.010967
1 17 0.157626 0.165596 0.010967
1 18 0.160913 0.165596 0.010967
1 19 0.160913 0.165596 0.010967
1 20 0.159087 0.165596 0.010967
2 0 0.146849 0.165596 0.010967
2 1 0.152146 0.165596 0.010967
2 2 0.150685 0.165596 0.010967
2 3 0.153425 0.165596 0.010967
2 4 0.153425 0.165596 0.010967
2 5 0.151598 0.165596 0.010967
2 6 0.148676 0.165596 0.010967
2 7 0.150685 0.165596 0.010967
2 8 0.153242 0.165596 0.010967
2 9 0.157991 0.165596 0.010967
2 10 0.160731 0.165596 0.010967
2 11 0.161826 0.165596 0.010967
2 12 0.164384 0.165596 0.010967
2 13 0.164932 0.165596 0.010967
2 14 0.165662 0.165596 0.010967
2 15 0.164932 0.165596 0.010967
2 16 0.163836 0.165596 0.010967
2 17 0.165662 0.165596 0.010967
2 18 0.165479 0.165596 0.010967
2 19 0.164932 0.165596 0.010967
2 20 0.160183 0.165596 0.010967
3 0 0.145936 0.165596 0.010967
3 1 0.151781 0.165596 0.010967
3 2 0.156530 0.165596 0.010967
3 3 0.153973 0.165596 0.010967
3 4 0.154521 0.165596 0.010967
3 5 0.152694 0.165596 0.010967
3 6 0.153059 0.165596 0.010967
3 7 0.152329 0.165596 0.010967
3 8 0.154521 0.165596 0.010967
3 9 0.160731 0.165596 0.010967
3 10 0.161279 0.165596 0.010967
3 11 0.163836 0.165596 0.010967
3 12 0.162557 0.165596 0.010967
3 13 0.166575 0.165596 0.010967
3 14 0.165662 0.165596 0.010967
3 15 0.168219 0.165596 0.010967
3 16 0.168584 0.165596 0.010967
3 17 0.170228 0.165596 0.010967
3 18 0.170411 0.165596 0.010967
3 19 0.166575 0.165596 0.010967
3 20 0.162374 0.165596 0.010967
4 0 0.144292 0.165596 0.010967
4 1 0.147945 0.165596 0.010967
4 2 0.150685 0.165596 0.010967
4 3 0.152329 0.165596 0.010967
4 4 0.152146 0.165596 0.010967
4 5 0.151050 0.165596 0.010967
4 6 0.150137 0.165596 0.010967
4 7 0.152146 0.165596 0.010967
4 8 0.157078 0.165596 0.010967
4 9 0.160548 0.165596 0.010967
4 10 0.163288 0.165596 0.010967
4 11 0.163836 0.165596 0.010967
4 12 0.164932 0.165596 0.010967
4 13 0.167671 0.165596 0.010967
4 14 0.168584 0.165596 0.010967
4 15 0.172055 0.165596 0.010967
4 16 0.169132 0.165596 0.010967
4 17 0.170046 0.165596 0.010967
4 18 0.170411 0.165596 0.010967
4 19 0.170959 0.165596 0.010967
4 20 0.167306 0.165596 0.010967
5 0 0.146484 0.165596 0.010967
5 1 0.147215 0.165596 0.010967
5 2 0.150320 0.165596 0.010967
5 3 0.150502 0.165596 0.010967
5 4 0.153790 0.165596 0.010967
5 5 0.150320 0.165596 0.010967
5 6 0.149224 0.165596 0.010967
5 7 0.151233 0.165596 0.010967
5 8 0.153973 0.165596 0.010967
5 9 0.158904 0.165596 0.010967
5 10 0.164932 0.165596 0.010967
5 11 0.166210 0.165596 0.010967
5 12 0.165479 0.165596 0.010967
5 13 0.168402 0.165596 0.010967
5 14 0.167306 0.165596 0.010967
5 15 0.172968 0.165596 0.010967
5 16 0.173516 0.165596 0.010967
5 17 0.173699 0.165596 0.010967
5 18 0.171689 0.165596 0.010967
5 19 0.171507 0.165596 0.010967
5 20 0.169315 0.165596 0.010967
6 0 0.145023 0.165596 0.010967
6 1 0.148676 0.165596 0.010967
6 2 0.151416 0.165596 0.010967
6 3 0.151233 0.165596 0.010967
6 4 0.153607 0.165596 0.010967
6 5 0.151781 0.165596 0.010967
6 6 0.152877 0.165596 0.010967
6 7 0.154886 0.165596 0.010967
6 8 0.158356 0.165596 0.010967
6 9 0.160913 0.165596 0.010967
6 10 0.164384 0.165596 0.010967
6 11 0.168402 0.165596 0.010967
6 12 0.170046 0.165596 0.010967
6 13 0.169132 0.165596 0.010967
6 14 0.171324 0.165596 0.010967
6 15 0.174795 0.165596 0.010967
6 16 0.175160 0.165596 0.010967
6 17 0.176438 0.165596 0.010967
6 18 0.176073 0.165596 0.010967
6 19 0.172237 0.165596 0.010967
6 20 0.169863 0.165596 0.010967
7 0 0.145023 0.165596 0.010967
7 1 0.147945 0.165596 0.010967
7 2 0.149772 0.165596 0.010967
7 3 0.150320 0.165596 0.010967
7 4 0.154886 0.165596 0.010967
7 5 0.154886 0.165596 0.010967
7 6 0.156895 0.165596 0.010967
7 7 0.159269 0.165596 0.010967
7 8 0.160548 0.165596 0.010967
7 9 0.162740 0.165596 0.010967
7 10 0.165114 0.165596 0.010967
7 11 0.168037 0.165596 0.010967
7 12 0.170228 0.165596 0.010967
7 13 0.170776 0.165596 0.010967
7 14 0.172785 0.165596 0.010967
7 15 0.173151 0.165596 0.010967
7 16 0.175160 0.165596 0.010967
7 17 0.174429 0.165596 0.010967
7 18 0.175342 0.165596 0.010967
7 19 0.174429 0.165596 0.010967
7 20 0.168950 0.165596 0.010967
8 0 0.146484 0.165596 0.010967
8 1 0.151050 0.165596 0.010967
8 2 0.153425 0.165596 0.010967
8 3 0.154155 0.165596 0.010967
8 4 0.157260 0.165596 0.010967
8 5 0.154886 0.165596 0.010967
8 6 0.161096 0.165596 0.010967
8 7 0.161096 0.165596 0.010967
8 8 0.162740 0.165596 0.010967
8 9 0.166210 0.165596 0.010967
8 10 0.167489 0.165596 0.010967
8 11 0.167489 0.165596 0.010967
8 12 0.172420 0.165596 0.010967
8 13 0.174429 0.165596 0.010967
8 14 0.176256 0.165596 0.010967
8 15 0.176438 0.165596 0.010967
8 16 0.176804 0.165596 0.010967
8 17 0.176986 0.165596 0.010967
8 18 0.176438 0.165596 0.010967
8 19 0.174795 0.165596 0.010967
8 20 0.172785 0.165596 0.010967
9 0 0.149406 0.165596 0.010967
9 1 0.156164 0.165596 0.010967
9 2 0.155616 0.165596 0.010967
9 3 0.157443 0.165596 0.010967
9 4 0.157078 0.165596 0.010967
9 5 0.156347 0.165596 0.010967
9 6 0.160365 0.165596 0.010967
9 7 0.162740 0.165596 0.010967
9 8 0.162374 0.165596 0.010967
9 9 0.166575 0.165596 0.010967
9 10 0.168402 0.165596 0.010967
9 11 0.169680 0.165596 0.010967
9 12 0.175890 0.165596 0.010967
9 13 0.176073 0.165596 0.010967
9 14 0.175342 0.165596 0.010967
9 15 0.178447 0.165596 0.010967
9 16 0.179178 0.165596 0.010967
9 17 0.179361 0.165596 0.010967
9 18 0.178265 0.165596 0.010967
9 19 0.176256 0.165596 0.010967
9 20 0.176256 0.165596 0.010967
10 0 0.152329 0.165596 0.010967
10 1 0.156712 0.165596 0.010967
10 2 0.159452 0.165596 0.010967
10 3 0.157626 0.165596 0.010967
10 4 0.158539 0.165596 0.010967
10 5 0.158174 0.165596 0.010967
10 6 0.162740 0.165596 0.010967
10 7 0.163653 0.165596 0.010967
10 8 0.166575 0.165596 0.010967
10 9 0.169315 0.165596 0.010967
10 10 0.173881 0.165596 0.010967
10 11 0.175525 0.165596 0.010967
10 12 0.177169 0.165596 0.010967
10 13 0.179361 0.165596 0.010967
10 14 0.178813 0.165596 0.010967
10 15 0.179909 0.165596 0.010967
10 16 0.183379 0.165596 0.010967
10 17 0.182831 0.165596 0.010967
10 18 0.179726 0.165596 0.010967
10 19 0.177169 0.165596 0.010967
10 20 0.175708 0.165596 0.010967
11 0 0.148676 0.165596 0.010967
11 1 0.155434 0.165596 0.010967
11 2 0.159452 0.165596 0.010967
11 3 0.160731 0.165596 0.010967
11 4 0.162192 0.165596 0.010967
11 5 0.164201 0.165596 0.010967
11 6 0.165114 0.165596 0.010967
11 7 0.165114 0.165596 0.010967
11 8 0.167489 0.165596 0.010967
11 9 0.169863 0.165596 0.010967
11 10 0.175525 0.165596 0.010967
11 11 0.178082 0.165596 0.010967
11 12 0.178082 0.165596 0.010967
11 13 0.180091 0.165596 0.010967
11 14 0.180639 0.165596 0.010967
11 15 0.179909 0.165596 0.010967
11 16 0.181553 0.165596 0.010967
11 17 0.182648 0.165596 0.010967
11 18 0.180274 0.165596 0.010967
11 19 0.179178 0.165596 0.010967
11 20 0.173151 0.165596 0.010967
12 0 0.151781 0.165596 0.010967
12 1 0.157260 0.165596 0.010967
12 2 0.163653 0.165596 0.010967
12 3 0.161096 0.165596 0.010967
12 4 0.160913 0.165596 0.010967
12 5 0.163470 0.165596 0.010967
12 6 0.164749 0.165596 0.010967
12 7 0.165479 0.165596 0.010967
12 8 0.168950 0.165596 0.010967
12 9 0.172237 0.165596 0.010967
12 10 0.174795 0.165596 0.010967
12 11 0.176804 0.165596 0.010967
12 12 0.178995 0.165596 0.010967
12 13 0.181370 0.165596 0.010967
12 14 0.180639 0.165596 0.010967
12 15 0.181918 0.165596 0.010967
12 16 0.181187 0.165596 0.010967
12 17 0.179909 0.165596 0.010967
12 18 0.182283 0.165596 0.010967
12 19 0.178813 0.165596 0.010967
12 20 0.174064 0.165596 0.010967
13 0 0.153790 0.165596 0.010967
13 1 0.159817 0.165596 0.010967
13 2 0.164749 0.165596 0.010967
13 3 0.162009 0.165596 0.010967
13 4 0.162557 0.165596 0.010967
13 5 0.161826 0.165596 0.010967
13 6 0.164201 0.165596 0.010967
13 7 0.166027 0.165596 0.010967
13 8 0.167489 0.165596 0.010967
13 9 0.172420 0.165596 0.010967
13 10 0.178447 0.165596 0.010967
13 11 0.179726 0.165596 0.010967
13 12 0.180091 0.165596 0.010967
13 13 0.183014 0.165596 0.010967
13 14 0.180822 0.165596 0.010967
13 15 0.180639 0.165596 0.010967
13 16 0.179726 0.165596 0.010967
13 17 0.179543 0.165596 0.010967
13 18 0.179726 0.165596 0.010967
13 19 0.177717 0.165596 0.010967
13 20 0.174795 0.165596 0.010967
14 0 0.151233 0.165596 0.010967
14 1 0.158721 0.165596 0.010967
14 2 0.164201 0.165596 0.010967
14 3 0.161826 0.165596 0.010967
14 4 0.161826 0.165596 0.010967
14 5 0.164384 0.165596 0.010967
14 6 0.167671 0.165596 0.010967
14 7 0.167671 0.165596 0.010967
14 8 0.171142 0.165596 0.010967
14 9 0.174795 0.165596 0.010967
14 10 0.177534 0.165596 0.010967
14 11 0.177900 0.165596 0.010967
14 12 0.179909 0.165596 0.010967
14 13 0.179543 0.165596 0.010967
14 14 0.179726 0.165596 0.010967
14 15 0.180457 0.165596 0.010967
14 16 0.177534 0.165596 0.010967
14 17 0.178630 0.165596 0.010967
14 18 0.178082 0.165596 0.010967
14 19 0.176986 0.165596 0.010967
14 20 0.174247 0.165596 0.010967
15 0 0.154886 0.165596 0.010967
15 1 0.159087 0.165596 0.010967
15 2 0.164201 0.165596 0.010967
15 3 0.165662 0.165596 0.010967
15 4 0.167123 0.165596 0.010967
15 5 0.168402 0.165596 0.010967
15 6 0.169315 0.165596 0.010967
15 7 0.169863 0.165596 0.010967
15 8 0.173516 0.165596 0.010967
15 9 0.175342 0.165596 0.010967
15 10 0.176621 0.165596 0.010967
15 11 0.176256 0.165596 0.010967
15 12 0.178447 0.165596 0.010967
15 13 0.181005 0.165596 0.010967
15 14 0.181735 0.165596 0.010967
15 15 0.182283 0.165596 0.010967
15 16 0.180639 0.165596 0.010967
15 17 0.179361 0.165596 0.010967
15 18 0.180639 0.165596 0.010967
15 19 0.177900 0.165596 0.010967
15 20 0.175708 0.165596 0.010967
16 0 0.153790 0.165596 0.010967
16 1 0.161826 0.165596 0.010967
16 2 0.165114 0.165596 0.010967
16 3 0.165845 0.165596 0.010967
16 4 0.167306 0.165596 0.010967
16 5 0.167123 0.165596 0.010967
16 6 0.168402 0.165596 0.010967
16 7 0.170959 0.165596 0.010967
16 8 0.175160 0.165596 0.010967
16 9 0.176804 0.165596 0.010967
16 10 0.178995 0.165596 0.010967
16 11 0.175342 0.165596 0.010967
16 12 0.178265 0.165596 0.010967
16 13 0.180274 0.165596 0.010967
16 14 0.181187 0.165596 0.010967
16 15 0.182466 0.165596 0.010967
16 16 0.181187 0.165596 0.010967
16 17 0.183927 0.165596 0.010967
16 18 0.180822 0.165596 0.010967
16 19 0.178082 0.165596 0.010967
16 20 0.174795 0.165596 0.010967
17 0 0.153059 0.165596 0.010967
17 1 0.158904 0.165596 0.010967
17 2 0.162557 0.165596 0.010967
17 3 0.163836 0.165596 0.010967
17 4 0.166941 0.165596 0.010967
17 5 0.168767 0.165596 0.010967
17 6 0.169863 0.165596 0.010967
17 7 0.171872 0.165596 0.010967
17 8 0.174429 0.165596 0.010967
17 9 0.175708 0.165596 0.010967
17 10 0.178447 0.165596 0.010967
17 11 0.176986 0.165596 0.010967
17 12 0.179726 0.165596 0.010967
17 13 0.182100 0.165596 0.010967
17 14 0.180457 0.165596 0.010967
17 15 0.184292 0.165596 0.010967
17 16 0.181918 0.165596 0.010967
17 17 0.180639 0.165596 0.010967
17 18 0.176804 0.165596 0.010967
17 19 0.176073 0.165596 0.010967
17 20 0.169498 0.165596 0.010967
18 0 0.153242 0.165596 0.010967
18 1 0.158356 0.165596 0.010967
18 2 0.162740 0.165596 0.010967
18 3 0.161096 0.165596 0.010967
18 4 0.164201 0.165596 0.010967
18 5 0.166758 0.165596 0.010967
18 6 0.169315 0.165596 0.010967
18 7 0.170594 0.165596 0.010967
18 8 0.174612 0.165596 0.010967
18 9 0.175708 0.165596 0.010967
18 10 0.177169 0.165596 0.010967
18 11 0.174247 0.165596 0.010967
18 12 0.175708 0.165596 0.010967
18 13 0.177352 0.165596 0.010967
18 14 0.179543 0.165596 0.010967
18 15 0.178630 0.165596 0.010967
18 16 0.178447 0.165596 0.010967
18 17 0.180274 0.165596 0.010967
18 18 0.175160 0.165596 0.010967
18 19 0.172237 0.165596 0.010967
18 20 0.167671 0.165596 0.010967
19 0 0.151233 0.165596 0.010967
19 1 0.156347 0.165596 0.010967
19 2 0.162192 0.165596 0.010967
19 3 0.160365 0.165596 0.010967
19 4 0.162740 0.165596 0.010967
19 5 0.165297 0.165596 0.010967
19 6 0.167306 0.165596 0.010967
19 7 0.169132 0.165596 0.010967
19 8 0.173333 0.165596 0.010967
19 9 0.173881 0.165596 0.010967
19 10 0.175525 0.165596 0.010967
19 11 0.174612 0.165596 0.010967
19 12 0.174247 0.165596 0.010967
19 13 0.174429 0.165596 0.010967
19 14 0.174795 0.165596 0.010967
19 15 0.178082 0.165596 0.010967
19 16 0.175890 0.165596 0.010967
19 17 0.175342 0.165596 0.010967
19 18 0.171872 0.165596 0.010967
19 19 0.167306 0.165596 0.010967
19 20 0.162009 0.165596 0.010967
20 0 0.147397 0.165596 0.010967
20 1 0.154886 0.165596 0.010967
20 2 0.156347 0.165596 0.010967
20 3 0.157078 0.165596 0.010967
20 4 0.160548 0.165596 0.010967
20 5 0.163288 0.165596 0.010967
20 6 0.161279 0.165596 0.010967
20 7 0.163470 0.165596 0.010967
20 8 0.169315 0.165596 0.010967
20 9 0.168219 0.165596 0.010967
20 10 0.171142 0.165596 0.010967
20 11 0.170046 0.165596 0.010967
20 12 0.169132 0.165596 0.010967
20 13 0.168767 0.165596 0.010967
20 14 0.167854 0.165596 0.010967
20 15 0.170594 0.165596 0.010967
20 16 0.170046 0.165596 0.010967
20 17 0.168584 0.165596 0.010967
20 18 0.162192 0.165596 0.010967
20 19 0.157260 0.165596 0.010967
20 20 0.153059 0.165596 0.010967
