# contact distance = 28.0 Angstroms
# F = 0.4 kJ/mol

# i j contact_probability mean_contact_probability stddev_contact_probability
0 0 0.153963 0.159730 0.008881
0 1 0.157266 0.159730 0.008881
0 2 0.158028 0.159730 0.008881
0 3 0.154217 0.159730 0.008881
0 4 0.153963 0.159730 0.008881
0 5 0.153201 0.159730 0.008881
0 6 0.150407 0.159730 0.008881
0 7 0.150915 0.159730 0.008881
0 8 0.153709 0.159730 0.008881
0 9 0.154980 0.159730 0.008881
0 10 0.158791 0.159730 0.008881
0 11 0.159807 0.159730 0.008881
0 12 0.160569 0.159730 0.008881
0 13 0.162093 0.159730 0.008881
0 14 0.161077 0.159730 0.008881
0 15 0.161204 0.159730 0.008881
0 16 0.159807 0.159730 0.008881
0 17 0.157647 0.159730 0.008881
0 18 0.155488 0.159730 0.008881
0 19 0.153963 0.159730 0.008881
0 20 0.149644 0.159730 0.008881
1 0 0.155107 0.159730 0.008881
1 1 0.157647 0.159730 0.008881
1 2 0.157393 0.159730 0.008881
1 3 0.157393 0.159730 0.008881
1 4 0.156758 0.159730 0.008881
1 5 0.154726 0.159730 0.008881
1 6 0.154726 0.159730 0.008881
1 7 0.152693 0.159730 0.008881
1 8 0.155361 0.159730 0.008881
1 9 0.157520 0.159730 0.008881
1 10 0.160696 0.159730 0.008881
1 11 0.164253 0.159730 0.008881
1 12 0.165650 0.159730 0.008881
1 13 0.165523 0.159730 0.008881
1 14 0.166667 0.159730 0.008881
1 15 0.165650 0.159730 0.008881
1 16 0.161712 0.159730 0.008881
1 17 0.160950 0.159730 0.008881
1 18 0.159807 0.159730 0.008881
1 19 0.157774 0.159730 0.008881
1 20 0.153455 0.159730 0.008881
2 0 0.157520 0.159730 0.008881
2 1 0.157774 0.159730 0.008881
2 2 0.159934 0.159730 0.008881
2 3 0.158791 0.159730 0.008881
2 4 0.156758 0.159730 0.008881
2 5 0.157139 0.159730 0.008881
2 6 0.155996 0.159730 0.008881
2 7 0.155615 0.159730 0.008881
2 8 0.157012 0.159730 0.008881
2 9 0.159172 0.159730 0.008881
2 10 0.160188 0.159730 0.008881
2 11 0.165269 0.159730 0.008881
2 12 0.164253 0.159730 0.008881
2 13 0.166540 0.159730 0.008881
2 14 0.168572 0.159730 0.008881
2 15 0.168572 0.159730 0.008881
2 16 0.163999 0.159730 0.008881
2 17 0.164507 0.159730 0.008881
2 18 0.162475 0.159730 0.008881
2 19 0.158918 0.159730 0.008881
2 20 0.156504 0.159730 0.008881
3 0 0.152947 0.159730 0.008881
3 1 0.156250 0.159730 0.008881
3 2 0.157901 0.159730 0.008881
3 3 0.157266 0.159730 0.008881
3 4 0.158410 0.159730 0.008881
3 5 0.157012 0.159730 0.008881
3 6 0.158918 0.159730 0.008881
3 7 0.158155 0.159730 0.008881
3 8 0.158537 0.159730 0.008881
3 9 0.160061 0.159730 0.008881
3 10 0.163364 0.159730 0.008881
3 11 0.163745 0.159730 0.008881
3 12 0.164761 0.159730 0.008881
3 13 0.167556 0.159730 0.008881
3 14 0.166921 0.159730 0.008881
3 15 0.166159 0.159730 0.008881
3 16 0.166286 0.159730 0.008881
3 17 0.165904 0.159730 0.008881
3 18 0.163872 0.159730 0.008881
3 19 0.161966 0.159730 0.008881
3 20 0.157012 0.159730 0.008881
4 0 0.151550 0.159730 0.008881
4 1 0.157901 0.159730 0.008881
4 2 0.157647 0.159730 0.008881
4 3 0.158283 0.159730 0.008881
4 4 0.158155 0.159730 0.008881
4 5 0.156631 0.159730 0.008881
4 6 0.158028 0.159730 0.008881
4 7 0.158283 0.159730 0.008881
4 8 0.160950 0.159730 0.008881
4 9 0.161458 0.159730 0.008881
4 10 0.163237 0.159730 0.008881
4 11 0.164888 0.159730 0.008881
4 12 0.167429 0.159730 0.008881
4 13 0.166921 0.159730 0.008881
4 14 0.166921 0.159730 0.008881
4 15 0.168699 0.159730 0.008881
4 16 0.167175 0.159730 0.008881
4 17 0.165396 0.159730 0.008881
4 18 0.165523 0.159730 0.008881
4 19 0.163999 0.159730 0.008881
4 20 0.158918 0.159730 0.008881
5 0 0.151042 0.159730 0.008881
5 1 0.155615 0.159730 0.008881
5 2 0.158918 0.159730 0.008881
5 3 0.157012 0.159730 0.008881
5 4 0.157139 0.159730 0.008881
5 5 0.154853 0.159730 0.008881
5 6 0.155234 0.159730 0.008881
5 7 0.158918 0.159730 0.008881
5 8 0.160061 0.159730 0.008881
5 9 0.162856 0.159730 0.008881
5 10 0.164126 0.159730 0.008881
5 11 0.166540 0.159730 0.008881
5 12 0.166540 0.159730 0.008881
5 13 0.167429 0.159730 0.008881
5 14 0.167937 0.159730 0.008881
5 15 0.169715 0.159730 0.008881
5 16 0.168191 0.159730 0.008881
5 17 0.167048 0.159730 0.008881
5 18 0.167175 0.159730 0.008881
5 19 0.162602 0.159730 0.008881
5 20 0.157901 0.159730 0.008881
6 0 0.152693 0.159730 0.008881
6 1 0.156504 0.159730 0.008881
6 2 0.158155 0.159730 0.008881
6 3 0.157393 0.159730 0.008881
6 4 0.158283 0.159730 0.008881
6 5 0.157647 0.159730 0.008881
6 6 0.158028 0.159730 0.008881
6 7 0.157774 0.159730 0.008881
6 8 0.161458 0.159730 0.008881
6 9 0.164634 0.159730 0.008881
6 10 0.166667 0.159730 0.008881
6 11 0.167810 0.159730 0.008881
6 12 0.166413 0.159730 0.008881
6 13 0.168445 0.159730 0.008881
6 14 0.169970 0.159730 0.008881
6 15 0.171875 0.159730 0.008881
6 16 0.169715 0.159730 0.008881
6 17 0.169080 0.159730 0.008881
6 18 0.165523 0.159730 0.008881
6 19 0.164761 0.159730 0.008881
6 20 0.154726 0.159730 0.008881
7 0 0.152947 0.159730 0.008881
7 1 0.156250 0.159730 0.008881
7 2 0.160442 0.159730 0.008881
7 3 0.159045 0.159730 0.008881
7 4 0.160061 0.159730 0.008881
7 5 0.160188 0.159730 0.008881
7 6 0.159934 0.159730 0.008881
7 7 0.158155 0.159730 0.008881
7 8 0.160442 0.159730 0.008881
7 9 0.163872 0.159730 0.008881
7 10 0.164761 0.159730 0.008881
7 11 0.167810 0.159730 0.008881
7 12 0.168191 0.159730 0.008881
7 13 0.168699 0.159730 0.008881
7 14 0.169334 0.159730 0.008881
7 15 0.172764 0.159730 0.008881
7 16 0.173526 0.159730 0.008881
7 17 0.169588 0.159730 0.008881
7 18 0.166540 0.159730 0.008881
7 19 0.161966 0.159730 0.008881
7 20 0.156631 0.159730 0.008881
8 0 0.157266 0.159730 0.008881
8 1 0.159807 0.159730 0.008881
8 2 0.165396 0.159730 0.008881
8 3 0.163745 0.159730 0.008881
8 4 0.164126 0.159730 0.008881
8 5 0.162093 0.159730 0.008881
8 6 0.160823 0.159730 0.008881
8 7 0.161585 0.159730 0.008881
8 8 0.163745 0.159730 0.008881
8 9 0.164761 0.159730 0.008881
8 10 0.165904 0.159730 0.008881
8 11 0.170097 0.159730 0.008881
8 12 0.167810 0.159730 0.008881
8 13 0.169207 0.159730 0.008881
8 14 0.172256 0.159730 0.008881
8 15 0.169842 0.159730 0.008881
8 16 0.169588 0.159730 0.008881
8 17 0.166032 0.159730 0.008881
8 18 0.163745 0.159730 0.008881
8 19 0.159553 0.159730 0.008881
8 20 0.154980 0.159730 0.008881
9 0 0.156631 0.159730 0.008881
9 1 0.160823 0.159730 0.008881
9 2 0.164507 0.159730 0.008881
9 3 0.164507 0.159730 0.008881
9 4 0.163237 0.159730 0.008881
9 5 0.164761 0.159730 0.008881
9 6 0.164634 0.159730 0.008881
9 7 0.163745 0.159730 0.008881
9 8 0.164507 0.159730 0.008881
9 9 0.164761 0.159730 0.008881
9 10 0.164888 0.159730 0.008881
9 11 0.169588 0.159730 0.008881
9 12 0.166921 0.159730 0.008881
9 13 0.165523 0.159730 0.008881
9 14 0.165777 0.159730 0.008881
9 15 0.167810 0.159730 0.008881
9 16 0.166794 0.159730 0.008881
9 17 0.163618 0.159730 0.008881
9 18 0.161077 0.159730 0.008881
9 19 0.157647 0.159730 0.008881
9 20 0.154726 0.159730 0.008881
10 0 0.159299 0.159730 0.008881
10 1 0.161839 0.159730 0.008881
10 2 0.167683 0.159730 0.008881
10 3 0.165396 0.159730 0.008881
10 4 0.166794 0.159730 0.008881
10 5 0.166286 0.159730 0.008881
10 6 0.167302 0.159730 0.008881
10 7 0.166540 0.159730 0.008881
10 8 0.166286 0.159730 0.008881
10 9 0.166667 0.159730 0.008881
10 10 0.167048 0.159730 0.008881
10 11 0.167937 0.159730 0.008881
10 12 0.166921 0.159730 0.008881
10 13 0.166667 0.159730 0.008881
10 14 0.166921 0.159730 0.008881
10 15 0.167937 0.159730 0.008881
10 16 0.167429 0.159730 0.008881
10 17 0.163364 0.159730 0.008881
10 18 0.161712 0.159730 0.008881
10 19 0.157393 0.159730 0.008881
10 20 0.154217 0.159730 0.008881
11 0 0.159299 0.159730 0.008881
11 1 0.163999 0.159730 0.008881
11 2 0.164761 0.159730 0.008881
11 3 0.165904 0.159730 0.008881
11 4 0.168445 0.159730 0.008881
11 5 0.164634 0.159730 0.008881
11 6 0.169080 0.159730 0.008881
11 7 0.169715 0.159730 0.008881
11 8 0.168826 0.159730 0.008881
11 9 0.168953 0.159730 0.008881
11 10 0.167175 0.159730 0.008881
11 11 0.167302 0.159730 0.008881
11 12 0.166159 0.159730 0.008881
11 13 0.166413 0.159730 0.008881
11 14 0.166921 0.159730 0.008881
11 15 0.166286 0.159730 0.008881
11 16 0.166159 0.159730 0.008881
11 17 0.163872 0.159730 0.008881
11 18 0.157901 0.159730 0.008881
11 19 0.153709 0.159730 0.008881
11 20 0.150661 0.159730 0.008881
12 0 0.162856 0.159730 0.008881
12 1 0.167429 0.159730 0.008881
12 2 0.168953 0.159730 0.008881
12 3 0.167683 0.159730 0.008881
12 4 0.167810 0.159730 0.008881
12 5 0.166286 0.159730 0.008881
12 6 0.169080 0.159730 0.008881
12 7 0.170605 0.159730 0.008881
12 8 0.171113 0.159730 0.008881
12 9 0.168953 0.159730 0.008881
12 10 0.168064 0.159730 0.008881
12 11 0.169207 0.159730 0.008881
12 12 0.165523 0.159730 0.008881
12 13 0.167429 0.159730 0.008881
12 14 0.167429 0.159730 0.008881
12 15 0.167937 0.159730 0.008881
12 16 0.166159 0.159730 0.008881
12 17 0.162729 0.159730 0.008881
12 18 0.159299 0.159730 0.008881
12 19 0.153328 0.159730 0.008881
12 20 0.146850 0.159730 0.008881
13 0 0.165015 0.159730 0.008881
13 1 0.169080 0.159730 0.008881
13 2 0.169461 0.159730 0.008881
13 3 0.166032 0.159730 0.008881
13 4 0.167937 0.159730 0.008881
13 5 0.167556 0.159730 0.008881
13 6 0.168191 0.159730 0.008881
13 7 0.171113 0.159730 0.008881
13 8 0.171621 0.159730 0.008881
13 9 0.168826 0.159730 0.008881
13 10 0.168699 0.159730 0.008881
13 11 0.166159 0.159730 0.008881
13 12 0.165269 0.159730 0.008881
13 13 0.167175 0.159730 0.008881
13 14 0.168318 0.159730 0.008881
13 15 0.167302 0.159730 0.008881
13 16 0.165650 0.159730 0.008881
13 17 0.162729 0.159730 0.008881
13 18 0.157012 0.159730 0.008881
13 19 0.151169 0.159730 0.008881
13 20 0.144690 0.159730 0.008881
14 0 0.160188 0.159730 0.008881
14 1 0.165142 0.159730 0.008881
14 2 0.164507 0.159730 0.008881
14 3 0.164507 0.159730 0.008881
14 4 0.165015 0.159730 0.008881
14 5 0.166032 0.159730 0.008881
14 6 0.166540 0.159730 0.008881
14 7 0.166413 0.159730 0.008881
14 8 0.168064 0.159730 0.008881
14 9 0.168445 0.159730 0.008881
14 10 0.164761 0.159730 0.008881
14 11 0.163872 0.159730 0.008881
14 12 0.161077 0.159730 0.008881
14 13 0.163491 0.159730 0.008881
14 14 0.164634 0.159730 0.008881
14 15 0.162221 0.159730 0.008881
14 16 0.163110 0.159730 0.008881
14 17 0.158028 0.159730 0.008881
14 18 0.153455 0.159730 0.008881
14 19 0.147485 0.159730 0.008881
14 20 0.141895 0.159730 0.008881
15 0 0.158791 0.159730 0.008881
15 1 0.163110 0.159730 0.008881
15 2 0.164888 0.159730 0.008881
15 3 0.163872 0.159730 0.008881
15 4 0.166413 0.159730 0.008881
15 5 0.165523 0.159730 0.008881
15 6 0.166286 0.159730 0.008881
15 7 0.165777 0.159730 0.008881
15 8 0.168064 0.159730 0.008881
15 9 0.167429 0.159730 0.008881
15 10 0.164380 0.159730 0.008881
15 11 0.163237 0.159730 0.008881
15 12 0.160569 0.159730 0.008881
15 13 0.164507 0.159730 0.008881
15 14 0.162348 0.159730 0.008881
15 15 0.160188 0.159730 0.008881
15 16 0.159553 0.159730 0.008881
15 17 0.158028 0.159730 0.008881
15 18 0.151550 0.159730 0.008881
15 19 0.145960 0.159730 0.008881
15 20 0.136433 0.159730 0.008881
16 0 0.158283 0.159730 0.008881
16 1 0.160188 0.159730 0.008881
16 2 0.163110 0.159730 0.008881
16 3 0.161839 0.159730 0.008881
16 4 0.163872 0.159730 0.008881
16 5 0.164380 0.159730 0.008881
16 6 0.164253 0.159730 0.008881
16 7 0.165650 0.159730 0.008881
16 8 0.166921 0.159730 0.008881
16 9 0.165904 0.159730 0.008881
16 10 0.163491 0.159730 0.008881
16 11 0.161077 0.159730 0.008881
16 12 0.160950 0.159730 0.008881
16 13 0.161077 0.159730 0.008881
16 14 0.160823 0.159730 0.008881
16 15 0.159553 0.159730 0.008881
16 16 0.157647 0.159730 0.008881
16 17 0.155107 0.159730 0.008881
16 18 0.147612 0.159730 0.008881
16 19 0.141768 0.159730 0.008881
16 20 0.132114 0.159730 0.008881
17 0 0.155615 0.159730 0.008881
17 1 0.158791 0.159730 0.008881
17 2 0.160061 0.159730 0.008881
17 3 0.161077 0.159730 0.008881
17 4 0.162983 0.159730 0.008881
17 5 0.165523 0.159730 0.008881
17 6 0.165015 0.159730 0.008881
17 7 0.163745 0.159730 0.008881
17 8 0.164126 0.159730 0.008881
17 9 0.162475 0.159730 0.008881
17 10 0.161585 0.159730 0.008881
17 11 0.160061 0.159730 0.008881
17 12 0.157901 0.159730 0.008881
17 13 0.161966 0.159730 0.008881
17 14 0.157774 0.159730 0.008881
17 15 0.156758 0.159730 0.008881
17 16 0.153963 0.159730 0.008881
17 17 0.150152 0.159730 0.008881
17 18 0.143928 0.159730 0.008881
17 19 0.137068 0.159730 0.008881
17 20 0.126524 0.159730 0.008881
18 0 0.154599 0.159730 0.008881
18 1 0.156123 0.159730 0.008881
18 2 0.159807 0.159730 0.008881
18 3 0.159807 0.159730 0.008881
18 4 0.160569 0.159730 0.008881
18 5 0.160950 0.159730 0.008881
18 6 0.157774 0.159730 0.008881
18 7 0.157266 0.159730 0.008881
18 8 0.158410 0.159730 0.008881
18 9 0.159807 0.159730 0.008881
18 10 0.161077 0.159730 0.008881
18 11 0.157901 0.159730 0.008881
18 12 0.157393 0.159730 0.008881
18 13 0.156631 0.159730 0.008881
18 14 0.153582 0.159730 0.008881
18 15 0.151296 0.159730 0.008881
18 16 0.149136 0.159730 0.008881
18 17 0.145198 0.159730 0.008881
18 18 0.140752 0.159730 0.008881
18 19 0.132114 0.159730 0.008881
18 20 0.123857 0.159730 0.008881
19 0 0.150788 0.159730 0.008881
19 1 0.153074 0.159730 0.008881
19 2 0.156631 0.159730 0.008881
19 3 0.155615 0.159730 0.008881
19 4 0.156504 0.159730 0.008881
19 5 0.154726 0.159730 0.008881
19 6 0.151804 0.159730 0.008881
19 7 0.151169 0.159730 0.008881
19 8 0.151677 0.159730 0.008881
19 9 0.152058 0.159730 0.008881
19 10 0.152312 0.159730 0.008881
19 11 0.152566 0.159730 0.008881
19 12 0.153074 0.159730 0.008881
19 13 0.149771 0.159730 0.008881
19 14 0.145325 0.159730 0.008881
19 15 0.144182 0.159730 0.008881
19 16 0.141768 0.159730 0.008881
19 17 0.137957 0.159730 0.008881
19 18 0.129827 0.159730 0.008881
19 19 0.125000 0.159730 0.008881
19 20 0.115854 0.159730 0.008881
20 0 0.148247 0.159730 0.008881
20 1 0.149390 0.159730 0.008881
20 2 0.150152 0.159730 0.008881
20 3 0.152566 0.159730 0.008881
20 4 0.151677 0.159730 0.008881
20 5 0.148374 0.159730 0.008881
20 6 0.147104 0.159730 0.008881
20 7 0.145452 0.159730 0.008881
20 8 0.145452 0.159730 0.008881
20 9 0.146596 0.159730 0.008881
20 10 0.147358 0.159730 0.008881
20 11 0.146214 0.159730 0.008881
20 12 0.144309 0.159730 0.008881
20 13 0.143293 0.159730 0.008881
20 14 0.141514 0.159730 0.008881
20 15 0.136052 0.159730 0.008881
20 16 0.134400 0.159730 0.008881
20 17 0.133892 0.159730 0.008881
20 18 0.125889 0.159730 0.008881
20 19 0.119919 0.159730 0.008881
20 20 0.114075 0.159730 0.008881
