# contact distance = 28.0 Angstroms
# F = 0.4 kJ/mol

# i j contact_probability mean_contact_probability stddev_contact_probability
0 0 0.217446 0.216456 0.015026
0 1 0.218837 0.216456 0.015026
0 2 0.217028 0.216456 0.015026
0 3 0.218002 0.216456 0.015026
0 4 0.215081 0.216456 0.015026
0 5 0.214802 0.216456 0.015026
0 6 0.212994 0.216456 0.015026
0 7 0.207568 0.216456 0.015026
0 8 0.204508 0.216456 0.015026
0 9 0.204508 0.216456 0.015026
0 10 0.200890 0.216456 0.015026
0 11 0.201447 0.216456 0.015026
0 12 0.202699 0.216456 0.015026
0 13 0.197691 0.216456 0.015026
0 14 0.191987 0.216456 0.015026
0 15 0.186004 0.216456 0.015026
0 16 0.182526 0.216456 0.015026
0 17 0.179327 0.216456 0.015026
0 18 0.175570 0.216456 0.015026
0 19 0.170840 0.216456 0.015026
0 20 0.162354 0.216456 0.015026
1 0 0.221758 0.216456 0.015026
1 1 0.221619 0.216456 0.015026
1 2 0.222315 0.216456 0.015026
1 3 0.226071 0.216456 0.015026
1 4 0.222871 0.216456 0.015026
1 5 0.220506 0.216456 0.015026
1 6 0.218559 0.216456 0.015026
1 7 0.216611 0.216456 0.015026
1 8 0.213689 0.216456 0.015026
1 9 0.211742 0.216456 0.015026
1 10 0.211185 0.216456 0.015026
1 11 0.208681 0.216456 0.015026
1 12 0.208959 0.216456 0.015026
1 13 0.207707 0.216456 0.015026
1 14 0.199499 0.216456 0.015026
1 15 0.194630 0.216456 0.015026
1 16 0.189900 0.216456 0.015026
1 17 0.188648 0.216456 0.015026
1 18 0.182109 0.216456 0.015026
1 19 0.175988 0.216456 0.015026
1 20 0.169727 0.216456 0.015026
2 0 0.220506 0.216456 0.015026
2 1 0.225376 0.216456 0.015026
2 2 0.228297 0.216456 0.015026
2 3 0.230384 0.216456 0.015026
2 4 0.229410 0.216456 0.015026
2 5 0.224680 0.216456 0.015026
2 6 0.223011 0.216456 0.015026
2 7 0.221202 0.216456 0.015026
2 8 0.220089 0.216456 0.015026
2 9 0.217585 0.216456 0.015026
2 10 0.218280 0.216456 0.015026
2 11 0.215637 0.216456 0.015026
2 12 0.214942 0.216456 0.015026
2 13 0.210907 0.216456 0.015026
2 14 0.208820 0.216456 0.015026
2 15 0.202560 0.216456 0.015026
2 16 0.199360 0.216456 0.015026
2 17 0.196439 0.216456 0.015026
2 18 0.192126 0.216456 0.015026
2 19 0.185031 0.216456 0.015026
2 20 0.175849 0.216456 0.015026
3 0 0.221063 0.216456 0.015026
3 1 0.225793 0.216456 0.015026
3 2 0.226906 0.216456 0.015026
3 3 0.228854 0.216456 0.015026
3 4 0.228854 0.216456 0.015026
3 5 0.228297 0.216456 0.015026
3 6 0.225932 0.216456 0.015026
3 7 0.224819 0.216456 0.015026
3 8 0.224819 0.216456 0.015026
3 9 0.224680 0.216456 0.015026
3 10 0.222593 0.216456 0.015026
3 11 0.224124 0.216456 0.015026
3 12 0.220785 0.216456 0.015026
3 13 0.218559 0.216456 0.015026
3 14 0.215081 0.216456 0.015026
3 15 0.209516 0.216456 0.015026
3 16 0.206594 0.216456 0.015026
3 17 0.203116 0.216456 0.015026
3 18 0.198386 0.216456 0.015026
3 19 0.193795 0.216456 0.015026
3 20 0.184474 0.216456 0.015026
4 0 0.218280 0.216456 0.015026
4 1 0.222315 0.216456 0.015026
4 2 0.225097 0.216456 0.015026
4 3 0.227184 0.216456 0.015026
4 4 0.229967 0.216456 0.015026
4 5 0.230384 0.216456 0.015026
4 6 0.228993 0.216456 0.015026
4 7 0.229410 0.216456 0.015026
4 8 0.227184 0.216456 0.015026
4 9 0.227323 0.216456 0.015026
4 10 0.223984 0.216456 0.015026
4 11 0.224263 0.216456 0.015026
4 12 0.223984 0.216456 0.015026
4 13 0.219811 0.216456 0.015026
4 14 0.218976 0.216456 0.015026
4 15 0.216055 0.216456 0.015026
4 16 0.210490 0.216456 0.015026
4 17 0.208125 0.216456 0.015026
4 18 0.202282 0.216456 0.015026
4 19 0.197830 0.216456 0.015026
4 20 0.191152 0.216456 0.015026
5 0 0.217028 0.216456 0.015026
5 1 0.220089 0.216456 0.015026
5 2 0.227184 0.216456 0.015026
5 3 0.228854 0.216456 0.015026
5 4 0.230106 0.216456 0.015026
5 5 0.231219 0.216456 0.015026
5 6 0.229827 0.216456 0.015026
5 7 0.227741 0.216456 0.015026
5 8 0.226767 0.216456 0.015026
5 9 0.226349 0.216456 0.015026
5 10 0.223428 0.216456 0.015026
5 11 0.226628 0.216456 0.015026
5 12 0.227323 0.216456 0.015026
5 13 0.225654 0.216456 0.015026
5 14 0.226071 0.216456 0.015026
5 15 0.223428 0.216456 0.015026
5 16 0.218559 0.216456 0.015026
5 17 0.215637 0.216456 0.015026
5 18 0.211603 0.216456 0.015026
5 19 0.203951 0.216456 0.015026
5 20 0.196299 0.216456 0.015026
6 0 0.216194 0.216456 0.015026
6 1 0.219393 0.216456 0.015026
6 2 0.225515 0.216456 0.015026
6 3 0.229132 0.216456 0.015026
6 4 0.229967 0.216456 0.015026
6 5 0.231219 0.216456 0.015026
6 6 0.231080 0.216456 0.015026
6 7 0.229271 0.216456 0.015026
6 8 0.226906 0.216456 0.015026
6 9 0.226349 0.216456 0.015026
6 10 0.225237 0.216456 0.015026
6 11 0.226489 0.216456 0.015026
6 12 0.227602 0.216456 0.015026
6 13 0.227184 0.216456 0.015026
6 14 0.228297 0.216456 0.015026
6 15 0.226071 0.216456 0.015026
6 16 0.222454 0.216456 0.015026
6 17 0.220646 0.216456 0.015026
6 18 0.215220 0.216456 0.015026
6 19 0.208959 0.216456 0.015026
6 20 0.198525 0.216456 0.015026
7 0 0.213968 0.216456 0.015026
7 1 0.218837 0.216456 0.015026
7 2 0.225654 0.216456 0.015026
7 3 0.228575 0.216456 0.015026
7 4 0.229827 0.216456 0.015026
7 5 0.231775 0.216456 0.015026
7 6 0.231636 0.216456 0.015026
7 7 0.230801 0.216456 0.015026
7 8 0.228575 0.216456 0.015026
7 9 0.226906 0.216456 0.015026
7 10 0.228019 0.216456 0.015026
7 11 0.230940 0.216456 0.015026
7 12 0.229549 0.216456 0.015026
7 13 0.229410 0.216456 0.015026
7 14 0.229132 0.216456 0.015026
7 15 0.227045 0.216456 0.015026
7 16 0.224402 0.216456 0.015026
7 17 0.220506 0.216456 0.015026
7 18 0.219254 0.216456 0.015026
7 19 0.209794 0.216456 0.015026
7 20 0.202977 0.216456 0.015026
8 0 0.209516 0.216456 0.015026
8 1 0.216889 0.216456 0.015026
8 2 0.224124 0.216456 0.015026
8 3 0.228297 0.216456 0.015026
8 4 0.229827 0.216456 0.015026
8 5 0.231080 0.216456 0.015026
8 6 0.230523 0.216456 0.015026
8 7 0.232332 0.216456 0.015026
8 8 0.228715 0.216456 0.015026
8 9 0.227880 0.216456 0.015026
8 10 0.228297 0.216456 0.015026
8 11 0.231080 0.216456 0.015026
8 12 0.230940 0.216456 0.015026
8 13 0.228158 0.216456 0.015026
8 14 0.227323 0.216456 0.015026
8 15 0.224263 0.216456 0.015026
8 16 0.223845 0.216456 0.015026
8 17 0.221898 0.216456 0.015026
8 18 0.217168 0.216456 0.015026
8 19 0.214107 0.216456 0.015026
8 20 0.203534 0.216456 0.015026
9 0 0.208403 0.216456 0.015026
9 1 0.214942 0.216456 0.015026
9 2 0.221898 0.216456 0.015026
9 3 0.227323 0.216456 0.015026
9 4 0.228019 0.216456 0.015026
9 5 0.229827 0.216456 0.015026
9 6 0.233166 0.216456 0.015026
9 7 0.232749 0.216456 0.015026
9 8 0.229132 0.216456 0.015026
9 9 0.228297 0.216456 0.015026
9 10 0.230523 0.216456 0.015026
9 11 0.232749 0.216456 0.015026
9 12 0.230940 0.216456 0.015026
9 13 0.230523 0.216456 0.015026
9 14 0.226628 0.216456 0.015026
9 15 0.227880 0.216456 0.015026
9 16 0.224124 0.216456 0.015026
9 17 0.224124 0.216456 0.015026
9 18 0.219950 0.216456 0.015026
9 19 0.216055 0.216456 0.015026
9 20 0.205481 0.216456 0.015026
10 0 0.206733 0.216456 0.015026
10 1 0.213968 0.216456 0.015026
10 2 0.221898 0.216456 0.015026
10 3 0.227880 0.216456 0.015026
10 4 0.228297 0.216456 0.015026
10 5 0.230801 0.216456 0.015026
10 6 0.232332 0.216456 0.015026
10 7 0.235810 0.216456 0.015026
10 8 0.234558 0.216456 0.015026
10 9 0.230245 0.216456 0.015026
10 10 0.230801 0.216456 0.015026
10 11 0.233166 0.216456 0.015026
10 12 0.232471 0.216456 0.015026
10 13 0.230106 0.216456 0.015026
10 14 0.228436 0.216456 0.015026
10 15 0.227462 0.216456 0.015026
10 16 0.224680 0.216456 0.015026
10 17 0.223845 0.216456 0.015026
10 18 0.220228 0.216456 0.015026
10 19 0.217307 0.216456 0.015026
10 20 0.206038 0.216456 0.015026
11 0 0.203534 0.216456 0.015026
11 1 0.213272 0.216456 0.015026
11 2 0.218976 0.216456 0.015026
11 3 0.224124 0.216456 0.015026
11 4 0.227741 0.216456 0.015026
11 5 0.228715 0.216456 0.015026
11 6 0.230106 0.216456 0.015026
11 7 0.231636 0.216456 0.015026
11 8 0.230662 0.216456 0.015026
11 9 0.228436 0.216456 0.015026
11 10 0.230106 0.216456 0.015026
11 11 0.233862 0.216456 0.015026
11 12 0.232610 0.216456 0.015026
11 13 0.230523 0.216456 0.015026
11 14 0.229827 0.216456 0.015026
11 15 0.229410 0.216456 0.015026
11 16 0.224402 0.216456 0.015026
11 17 0.224541 0.216456 0.015026
11 18 0.220367 0.216456 0.015026
11 19 0.217724 0.216456 0.015026
11 20 0.208403 0.216456 0.015026
12 0 0.201169 0.216456 0.015026
12 1 0.209655 0.216456 0.015026
12 2 0.216889 0.216456 0.015026
12 3 0.223289 0.216456 0.015026
12 4 0.227741 0.216456 0.015026
12 5 0.228993 0.216456 0.015026
12 6 0.229967 0.216456 0.015026
12 7 0.231775 0.216456 0.015026
12 8 0.231219 0.216456 0.015026
12 9 0.230662 0.216456 0.015026
12 10 0.231914 0.216456 0.015026
12 11 0.230801 0.216456 0.015026
12 12 0.233445 0.216456 0.015026
12 13 0.232332 0.216456 0.015026
12 14 0.231497 0.216456 0.015026
12 15 0.229688 0.216456 0.015026
12 16 0.227323 0.216456 0.015026
12 17 0.224958 0.216456 0.015026
12 18 0.223011 0.216456 0.015026
12 19 0.221063 0.216456 0.015026
12 20 0.210490 0.216456 0.015026
13 0 0.200612 0.216456 0.015026
13 1 0.207846 0.216456 0.015026
13 2 0.216889 0.216456 0.015026
13 3 0.222176 0.216456 0.015026
13 4 0.228019 0.216456 0.015026
13 5 0.229410 0.216456 0.015026
13 6 0.231219 0.216456 0.015026
13 7 0.234001 0.216456 0.015026
13 8 0.232749 0.216456 0.015026
13 9 0.231358 0.216456 0.015026
13 10 0.228854 0.216456 0.015026
13 11 0.230523 0.216456 0.015026
13 12 0.231636 0.216456 0.015026
13 13 0.232193 0.216456 0.015026
13 14 0.233445 0.216456 0.015026
13 15 0.231358 0.216456 0.015026
13 16 0.228715 0.216456 0.015026
13 17 0.226210 0.216456 0.015026
13 18 0.224124 0.216456 0.015026
13 19 0.218141 0.216456 0.015026
13 20 0.208403 0.216456 0.015026
14 0 0.195465 0.216456 0.015026
14 1 0.202560 0.216456 0.015026
14 2 0.215081 0.216456 0.015026
14 3 0.221063 0.216456 0.015026
14 4 0.226071 0.216456 0.015026
14 5 0.228575 0.216456 0.015026
14 6 0.229688 0.216456 0.015026
14 7 0.234418 0.216456 0.015026
14 8 0.232053 0.216456 0.015026
14 9 0.229271 0.216456 0.015026
14 10 0.229549 0.216456 0.015026
14 11 0.230106 0.216456 0.015026
14 12 0.228993 0.216456 0.015026
14 13 0.232471 0.216456 0.015026
14 14 0.231080 0.216456 0.015026
14 15 0.232053 0.216456 0.015026
14 16 0.229549 0.216456 0.015026
14 17 0.226906 0.216456 0.015026
14 18 0.224958 0.216456 0.015026
14 19 0.218698 0.216456 0.015026
14 20 0.208125 0.216456 0.015026
15 0 0.189622 0.216456 0.015026
15 1 0.197969 0.216456 0.015026
15 2 0.210351 0.216456 0.015026
15 3 0.214524 0.216456 0.015026
15 4 0.220924 0.216456 0.015026
15 5 0.222871 0.216456 0.015026
15 6 0.224402 0.216456 0.015026
15 7 0.228436 0.216456 0.015026
15 8 0.228436 0.216456 0.015026
15 9 0.227323 0.216456 0.015026
15 10 0.226906 0.216456 0.015026
15 11 0.227323 0.216456 0.015026
15 12 0.226628 0.216456 0.015026
15 13 0.228715 0.216456 0.015026
15 14 0.226628 0.216456 0.015026
15 15 0.225654 0.216456 0.015026
15 16 0.224541 0.216456 0.015026
15 17 0.223706 0.216456 0.015026
15 18 0.219672 0.216456 0.015026
15 19 0.218002 0.216456 0.015026
15 20 0.204368 0.216456 0.015026
16 0 0.185726 0.216456 0.015026
16 1 0.194352 0.216456 0.015026
16 2 0.203951 0.216456 0.015026
16 3 0.211046 0.216456 0.015026
16 4 0.216750 0.216456 0.015026
16 5 0.220785 0.216456 0.015026
16 6 0.220228 0.216456 0.015026
16 7 0.224263 0.216456 0.015026
16 8 0.226906 0.216456 0.015026
16 9 0.224402 0.216456 0.015026
16 10 0.228297 0.216456 0.015026
16 11 0.228019 0.216456 0.015026
16 12 0.226489 0.216456 0.015026
16 13 0.227184 0.216456 0.015026
16 14 0.223984 0.216456 0.015026
16 15 0.223706 0.216456 0.015026
16 16 0.222454 0.216456 0.015026
16 17 0.220367 0.216456 0.015026
16 18 0.215637 0.216456 0.015026
16 19 0.209516 0.216456 0.015026
16 20 0.201029 0.216456 0.015026
17 0 0.179883 0.216456 0.015026
17 1 0.189065 0.216456 0.015026
17 2 0.197551 0.216456 0.015026
17 3 0.205342 0.216456 0.015026
17 4 0.212716 0.216456 0.015026
17 5 0.217863 0.216456 0.015026
17 6 0.219533 0.216456 0.015026
17 7 0.219672 0.216456 0.015026
17 8 0.223011 0.216456 0.015026
17 9 0.221758 0.216456 0.015026
17 10 0.224680 0.216456 0.015026
17 11 0.221758 0.216456 0.015026
17 12 0.220785 0.216456 0.015026
17 13 0.221758 0.216456 0.015026
17 14 0.219254 0.216456 0.015026
17 15 0.219115 0.216456 0.015026
17 16 0.218280 0.216456 0.015026
17 17 0.213133 0.216456 0.015026
17 18 0.212298 0.216456 0.015026
17 19 0.203673 0.216456 0.015026
17 20 0.195743 0.216456 0.015026
18 0 0.175014 0.216456 0.015026
18 1 0.184752 0.216456 0.015026
18 2 0.192404 0.216456 0.015026
18 3 0.198664 0.216456 0.015026
18 4 0.205203 0.216456 0.015026
18 5 0.210490 0.216456 0.015026
18 6 0.212298 0.216456 0.015026
18 7 0.214663 0.216456 0.015026
18 8 0.217585 0.216456 0.015026
18 9 0.216611 0.216456 0.015026
18 10 0.219950 0.216456 0.015026
18 11 0.220367 0.216456 0.015026
18 12 0.220924 0.216456 0.015026
18 13 0.218002 0.216456 0.015026
18 14 0.215359 0.216456 0.015026
18 15 0.215081 0.216456 0.015026
18 16 0.212020 0.216456 0.015026
18 17 0.209098 0.216456 0.015026
18 18 0.205203 0.216456 0.015026
18 19 0.196717 0.216456 0.015026
18 20 0.189065 0.216456 0.015026
19 0 0.165971 0.216456 0.015026
19 1 0.174179 0.216456 0.015026
19 2 0.184057 0.216456 0.015026
19 3 0.192404 0.216456 0.015026
19 4 0.195465 0.216456 0.015026
19 5 0.204368 0.216456 0.015026
19 6 0.205342 0.216456 0.015026
19 7 0.208959 0.216456 0.015026
19 8 0.212020 0.216456 0.015026
19 9 0.212855 0.216456 0.015026
19 10 0.213689 0.216456 0.015026
19 11 0.212855 0.216456 0.015026
19 12 0.211046 0.216456 0.015026
19 13 0.212577 0.216456 0.015026
19 14 0.209794 0.216456 0.015026
19 15 0.208264 0.216456 0.015026
19 16 0.204229 0.216456 0.015026
19 17 0.200751 0.216456 0.015026
19 18 0.197412 0.216456 0.015026
19 19 0.191708 0.216456 0.015026
19 20 0.184335 0.216456 0.015026
20 0 0.158459 0.216456 0.015026
20 1 0.166528 0.216456 0.015026
20 2 0.171953 0.216456 0.015026
20 3 0.182109 0.216456 0.015026
20 4 0.187674 0.216456 0.015026
20 5 0.192682 0.216456 0.015026
20 6 0.196578 0.216456 0.015026
20 7 0.199221 0.216456 0.015026
20 8 0.202699 0.216456 0.015026
20 9 0.203395 0.216456 0.015026
20 10 0.204786 0.216456 0.015026
20 11 0.204090 0.216456 0.015026
20 12 0.202977 0.216456 0.015026
20 13 0.205064 0.216456 0.015026
20 14 0.201586 0.216456 0.015026
20 15 0.200473 0.216456 0.015026
20 16 0.195743 0.216456 0.015026
20 17 0.192960 0.216456 0.015026
20 18 0.188787 0.216456 0.015026
20 19 0.183500 0.216456 0.015026
20 20 0.175710 0.216456 0.015026
