# contact distance = 28.0 Angstroms
# F = 0.4 kJ/mol

# i j contact_probability mean_contact_probability stddev_contact_probability
0 0 0.166847 0.165784 0.005447
0 1 0.168067 0.165784 0.005447
0 2 0.167661 0.165784 0.005447
0 3 0.166305 0.165784 0.005447
0 4 0.163866 0.165784 0.005447
0 5 0.161697 0.165784 0.005447
0 6 0.160613 0.165784 0.005447
0 7 0.158986 0.165784 0.005447
0 8 0.154649 0.165784 0.005447
0 9 0.153022 0.165784 0.005447
0 10 0.155327 0.165784 0.005447
0 11 0.157495 0.165784 0.005447
0 12 0.159799 0.165784 0.005447
0 13 0.162239 0.165784 0.005447
0 14 0.167254 0.165784 0.005447
0 15 0.166170 0.165784 0.005447
0 16 0.167525 0.165784 0.005447
0 17 0.164408 0.165784 0.005447
0 18 0.164543 0.165784 0.005447
0 19 0.162104 0.165784 0.005447
0 20 0.159528 0.165784 0.005447
1 0 0.170100 0.165784 0.005447
1 1 0.169694 0.165784 0.005447
1 2 0.168880 0.165784 0.005447
1 3 0.169694 0.165784 0.005447
1 4 0.169558 0.165784 0.005447
1 5 0.165085 0.165784 0.005447
1 6 0.164408 0.165784 0.005447
1 7 0.163866 0.165784 0.005447
1 8 0.159799 0.165784 0.005447
1 9 0.158173 0.165784 0.005447
1 10 0.158715 0.165784 0.005447
1 11 0.162104 0.165784 0.005447
1 12 0.162917 0.165784 0.005447
1 13 0.165085 0.165784 0.005447
1 14 0.168067 0.165784 0.005447
1 15 0.170778 0.165784 0.005447
1 16 0.171862 0.165784 0.005447
1 17 0.169016 0.165784 0.005447
1 18 0.167118 0.165784 0.005447
1 19 0.168338 0.165784 0.005447
1 20 0.163594 0.165784 0.005447
2 0 0.166034 0.165784 0.005447
2 1 0.168609 0.165784 0.005447
2 2 0.171320 0.165784 0.005447
2 3 0.170236 0.165784 0.005447
2 4 0.169694 0.165784 0.005447
2 5 0.167525 0.165784 0.005447
2 6 0.165763 0.165784 0.005447
2 7 0.165085 0.165784 0.005447
2 8 0.164137 0.165784 0.005447
2 9 0.160748 0.165784 0.005447
2 10 0.160342 0.165784 0.005447
2 11 0.162104 0.165784 0.005447
2 12 0.165899 0.165784 0.005447
2 13 0.168474 0.165784 0.005447
2 14 0.171320 0.165784 0.005447
2 15 0.173353 0.165784 0.005447
2 16 0.173760 0.165784 0.005447
2 17 0.171185 0.165784 0.005447
2 18 0.168880 0.165784 0.005447
2 19 0.168609 0.165784 0.005447
2 20 0.166441 0.165784 0.005447
3 0 0.163866 0.165784 0.005447
3 1 0.167796 0.165784 0.005447
3 2 0.171456 0.165784 0.005447
3 3 0.169694 0.165784 0.005447
3 4 0.170778 0.165784 0.005447
3 5 0.169016 0.165784 0.005447
3 6 0.167390 0.165784 0.005447
3 7 0.166034 0.165784 0.005447
3 8 0.165492 0.165784 0.005447
3 9 0.165356 0.165784 0.005447
3 10 0.162781 0.165784 0.005447
3 11 0.164001 0.165784 0.005447
3 12 0.166576 0.165784 0.005447
3 13 0.170778 0.165784 0.005447
3 14 0.173895 0.165784 0.005447
3 15 0.173760 0.165784 0.005447
3 16 0.173489 0.165784 0.005447
3 17 0.174980 0.165784 0.005447
3 18 0.169829 0.165784 0.005447
3 19 0.167390 0.165784 0.005447
3 20 0.165221 0.165784 0.005447
4 0 0.162239 0.165784 0.005447
4 1 0.166305 0.165784 0.005447
4 2 0.167390 0.165784 0.005447
4 3 0.169152 0.165784 0.005447
4 4 0.168609 0.165784 0.005447
4 5 0.169287 0.165784 0.005447
4 6 0.169423 0.165784 0.005447
4 7 0.168203 0.165784 0.005447
4 8 0.166441 0.165784 0.005447
4 9 0.165899 0.165784 0.005447
4 10 0.164272 0.165784 0.005447
4 11 0.166441 0.165784 0.005447
4 12 0.165628 0.165784 0.005447
4 13 0.169694 0.165784 0.005447
4 14 0.173760 0.165784 0.005447
4 15 0.173218 0.165784 0.005447
4 16 0.174166 0.165784 0.005447
4 17 0.173895 0.165784 0.005447
4 18 0.171456 0.165784 0.005447
4 19 0.169694 0.165784 0.005447
4 20 0.168880 0.165784 0.005447
5 0 0.160342 0.165784 0.005447
5 1 0.165763 0.165784 0.005447
5 2 0.167390 0.165784 0.005447
5 3 0.168880 0.165784 0.005447
5 4 0.168474 0.165784 0.005447
5 5 0.168338 0.165784 0.005447
5 6 0.169287 0.165784 0.005447
5 7 0.167796 0.165784 0.005447
5 8 0.163594 0.165784 0.005447
5 9 0.166170 0.165784 0.005447
5 10 0.165763 0.165784 0.005447
5 11 0.166170 0.165784 0.005447
5 12 0.167254 0.165784 0.005447
5 13 0.170371 0.165784 0.005447
5 14 0.175115 0.165784 0.005447
5 15 0.175251 0.165784 0.005447
5 16 0.175386 0.165784 0.005447
5 17 0.173353 0.165784 0.005447
5 18 0.171998 0.165784 0.005447
5 19 0.169694 0.165784 0.005447
5 20 0.167118 0.165784 0.005447
6 0 0.156682 0.165784 0.005447
6 1 0.163052 0.165784 0.005447
6 2 0.164543 0.165784 0.005447
6 3 0.167390 0.165784 0.005447
6 4 0.166305 0.165784 0.005447
6 5 0.168745 0.165784 0.005447
6 6 0.167796 0.165784 0.005447
6 7 0.164408 0.165784 0.005447
6 8 0.162917 0.165784 0.005447
6 9 0.163188 0.165784 0.005447
6 10 0.163323 0.165784 0.005447
6 11 0.163866 0.165784 0.005447
6 12 0.166305 0.165784 0.005447
6 13 0.168880 0.165784 0.005447
6 14 0.172811 0.165784 0.005447
6 15 0.176200 0.165784 0.005447
6 16 0.175522 0.165784 0.005447
6 17 0.174166 0.165784 0.005447
6 18 0.173353 0.165784 0.005447
6 19 0.171320 0.165784 0.005447
6 20 0.167932 0.165784 0.005447
7 0 0.153836 0.165784 0.005447
7 1 0.157902 0.165784 0.005447
7 2 0.162375 0.165784 0.005447
7 3 0.166983 0.165784 0.005447
7 4 0.167390 0.165784 0.005447
7 5 0.166983 0.165784 0.005447
7 6 0.166983 0.165784 0.005447
7 7 0.165899 0.165784 0.005447
7 8 0.160884 0.165784 0.005447
7 9 0.161426 0.165784 0.005447
7 10 0.161697 0.165784 0.005447
7 11 0.166576 0.165784 0.005447
7 12 0.166034 0.165784 0.005447
7 13 0.167525 0.165784 0.005447
7 14 0.170236 0.165784 0.005447
7 15 0.173489 0.165784 0.005447
7 16 0.175251 0.165784 0.005447
7 17 0.174031 0.165784 0.005447
7 18 0.171727 0.165784 0.005447
7 19 0.169694 0.165784 0.005447
7 20 0.164001 0.165784 0.005447
8 0 0.153836 0.165784 0.005447
8 1 0.157089 0.165784 0.005447
8 2 0.160748 0.165784 0.005447
8 3 0.164137 0.165784 0.005447
8 4 0.165221 0.165784 0.005447
8 5 0.162646 0.165784 0.005447
8 6 0.163594 0.165784 0.005447
8 7 0.163459 0.165784 0.005447
8 8 0.161290 0.165784 0.005447
8 9 0.160206 0.165784 0.005447
8 10 0.159799 0.165784 0.005447
8 11 0.162510 0.165784 0.005447
8 12 0.165899 0.165784 0.005447
8 13 0.167932 0.165784 0.005447
8 14 0.172133 0.165784 0.005447
8 15 0.171998 0.165784 0.005447
8 16 0.174302 0.165784 0.005447
8 17 0.173082 0.165784 0.005447
8 18 0.170371 0.165784 0.005447
8 19 0.168203 0.165784 0.005447
8 20 0.163323 0.165784 0.005447
9 0 0.153565 0.165784 0.005447
9 1 0.159122 0.165784 0.005447
9 2 0.160342 0.165784 0.005447
9 3 0.164137 0.165784 0.005447
9 4 0.162375 0.165784 0.005447
9 5 0.162510 0.165784 0.005447
9 6 0.161697 0.165784 0.005447
9 7 0.161832 0.165784 0.005447
9 8 0.160884 0.165784 0.005447
9 9 0.161155 0.165784 0.005447
9 10 0.159122 0.165784 0.005447
9 11 0.162646 0.165784 0.005447
9 12 0.163730 0.165784 0.005447
9 13 0.164814 0.165784 0.005447
9 14 0.168067 0.165784 0.005447
9 15 0.172133 0.165784 0.005447
9 16 0.173082 0.165784 0.005447
9 17 0.171862 0.165784 0.005447
9 18 0.169152 0.165784 0.005447
9 19 0.162510 0.165784 0.005447
9 20 0.158851 0.165784 0.005447
10 0 0.155327 0.165784 0.005447
10 1 0.159528 0.165784 0.005447
10 2 0.163459 0.165784 0.005447
10 3 0.164543 0.165784 0.005447
10 4 0.163188 0.165784 0.005447
10 5 0.162646 0.165784 0.005447
10 6 0.162646 0.165784 0.005447
10 7 0.162104 0.165784 0.005447
10 8 0.159257 0.165784 0.005447
10 9 0.159528 0.165784 0.005447
10 10 0.160477 0.165784 0.005447
10 11 0.160748 0.165784 0.005447
10 12 0.163323 0.165784 0.005447
10 13 0.164950 0.165784 0.005447
10 14 0.166847 0.165784 0.005447
10 15 0.170642 0.165784 0.005447
10 16 0.172540 0.165784 0.005447
10 17 0.168067 0.165784 0.005447
10 18 0.165763 0.165784 0.005447
10 19 0.162375 0.165784 0.005447
10 20 0.158580 0.165784 0.005447
11 0 0.158037 0.165784 0.005447
11 1 0.160613 0.165784 0.005447
11 2 0.163866 0.165784 0.005447
11 3 0.164272 0.165784 0.005447
11 4 0.167118 0.165784 0.005447
11 5 0.165221 0.165784 0.005447
11 6 0.164814 0.165784 0.005447
11 7 0.163866 0.165784 0.005447
11 8 0.164543 0.165784 0.005447
11 9 0.162375 0.165784 0.005447
11 10 0.161290 0.165784 0.005447
11 11 0.161561 0.165784 0.005447
11 12 0.164679 0.165784 0.005447
11 13 0.165899 0.165784 0.005447
11 14 0.167661 0.165784 0.005447
11 15 0.171727 0.165784 0.005447
11 16 0.171049 0.165784 0.005447
11 17 0.169152 0.165784 0.005447
11 18 0.164950 0.165784 0.005447
11 19 0.161561 0.165784 0.005447
11 20 0.158986 0.165784 0.005447
12 0 0.158308 0.165784 0.005447
12 1 0.164543 0.165784 0.005447
12 2 0.164679 0.165784 0.005447
12 3 0.166983 0.165784 0.005447
12 4 0.168609 0.165784 0.005447
12 5 0.169016 0.165784 0.005447
12 6 0.167661 0.165784 0.005447
12 7 0.165628 0.165784 0.005447
12 8 0.164543 0.165784 0.005447
12 9 0.163323 0.165784 0.005447
12 10 0.162239 0.165784 0.005447
12 11 0.160070 0.165784 0.005447
12 12 0.163594 0.165784 0.005447
12 13 0.162375 0.165784 0.005447
12 14 0.164543 0.165784 0.005447
12 15 0.166983 0.165784 0.005447
12 16 0.168067 0.165784 0.005447
12 17 0.167525 0.165784 0.005447
12 18 0.165763 0.165784 0.005447
12 19 0.161290 0.165784 0.005447
12 20 0.153836 0.165784 0.005447
13 0 0.162104 0.165784 0.005447
13 1 0.166441 0.165784 0.005447
13 2 0.166305 0.165784 0.005447
13 3 0.169287 0.165784 0.005447
13 4 0.167796 0.165784 0.005447
13 5 0.169694 0.165784 0.005447
13 6 0.168067 0.165784 0.005447
13 7 0.170914 0.165784 0.005447
13 8 0.167118 0.165784 0.005447
13 9 0.164001 0.165784 0.005447
13 10 0.163052 0.165784 0.005447
13 11 0.162646 0.165784 0.005447
13 12 0.164814 0.165784 0.005447
13 13 0.164543 0.165784 0.005447
13 14 0.167254 0.165784 0.005447
13 15 0.167118 0.165784 0.005447
13 16 0.168338 0.165784 0.005447
13 17 0.168745 0.165784 0.005447
13 18 0.165492 0.165784 0.005447
13 19 0.160342 0.165784 0.005447
13 20 0.154513 0.165784 0.005447
14 0 0.164679 0.165784 0.005447
14 1 0.167254 0.165784 0.005447
14 2 0.169829 0.165784 0.005447
14 3 0.169965 0.165784 0.005447
14 4 0.172947 0.165784 0.005447
14 5 0.172676 0.165784 0.005447
14 6 0.171320 0.165784 0.005447
14 7 0.169287 0.165784 0.005447
14 8 0.168338 0.165784 0.005447
14 9 0.165899 0.165784 0.005447
14 10 0.161019 0.165784 0.005447
14 11 0.164137 0.165784 0.005447
14 12 0.167661 0.165784 0.005447
14 13 0.168067 0.165784 0.005447
14 14 0.169829 0.165784 0.005447
14 15 0.169152 0.165784 0.005447
14 16 0.171320 0.165784 0.005447
14 17 0.169423 0.165784 0.005447
14 18 0.166170 0.165784 0.005447
14 19 0.158851 0.165784 0.005447
14 20 0.154242 0.165784 0.005447
15 0 0.164272 0.165784 0.005447
15 1 0.168203 0.165784 0.005447
15 2 0.171185 0.165784 0.005447
15 3 0.171049 0.165784 0.005447
15 4 0.175522 0.165784 0.005447
15 5 0.174980 0.165784 0.005447
15 6 0.174302 0.165784 0.005447
15 7 0.171049 0.165784 0.005447
15 8 0.168474 0.165784 0.005447
15 9 0.165492 0.165784 0.005447
15 10 0.161697 0.165784 0.005447
15 11 0.163594 0.165784 0.005447
15 12 0.168067 0.165784 0.005447
15 13 0.169965 0.165784 0.005447
15 14 0.169016 0.165784 0.005447
15 15 0.169423 0.165784 0.005447
15 16 0.169558 0.165784 0.005447
15 17 0.169965 0.165784 0.005447
15 18 0.165085 0.165784 0.005447
15 19 0.158851 0.165784 0.005447
15 20 0.152345 0.165784 0.005447
16 0 0.163730 0.165784 0.005447
16 1 0.168474 0.165784 0.005447
16 2 0.169152 0.165784 0.005447
16 3 0.171049 0.165784 0.005447
16 4 0.173895 0.165784 0.005447
16 5 0.173895 0.165784 0.005447
16 6 0.174166 0.165784 0.005447
16 7 0.171320 0.165784 0.005447
16 8 0.169287 0.165784 0.005447
16 9 0.168338 0.165784 0.005447
16 10 0.163594 0.165784 0.005447
16 11 0.164137 0.165784 0.005447
16 12 0.168880 0.165784 0.005447
16 13 0.170778 0.165784 0.005447
16 14 0.171591 0.165784 0.005447
16 15 0.170100 0.165784 0.005447
16 16 0.170642 0.165784 0.005447
16 17 0.169152 0.165784 0.005447
16 18 0.164137 0.165784 0.005447
16 19 0.161697 0.165784 0.005447
16 20 0.151261 0.165784 0.005447
17 0 0.164814 0.165784 0.005447
17 1 0.167796 0.165784 0.005447
17 2 0.171320 0.165784 0.005447
17 3 0.174438 0.165784 0.005447
17 4 0.175386 0.165784 0.005447
17 5 0.171998 0.165784 0.005447
17 6 0.172540 0.165784 0.005447
17 7 0.172676 0.165784 0.005447
17 8 0.169829 0.165784 0.005447
17 9 0.167254 0.165784 0.005447
17 10 0.164408 0.165784 0.005447
17 11 0.166441 0.165784 0.005447
17 12 0.166034 0.165784 0.005447
17 13 0.167661 0.165784 0.005447
17 14 0.169829 0.165784 0.005447
17 15 0.169965 0.165784 0.005447
17 16 0.170642 0.165784 0.005447
17 17 0.166034 0.165784 0.005447
17 18 0.164679 0.165784 0.005447
17 19 0.157360 0.165784 0.005447
17 20 0.149363 0.165784 0.005447
18 0 0.165763 0.165784 0.005447
18 1 0.168203 0.165784 0.005447
18 2 0.169965 0.165784 0.005447
18 3 0.173353 0.165784 0.005447
18 4 0.172676 0.165784 0.005447
18 5 0.172811 0.165784 0.005447
18 6 0.172269 0.165784 0.005447
18 7 0.171998 0.165784 0.005447
18 8 0.166576 0.165784 0.005447
18 9 0.166441 0.165784 0.005447
18 10 0.165085 0.165784 0.005447
18 11 0.166170 0.165784 0.005447
18 12 0.166170 0.165784 0.005447
18 13 0.167796 0.165784 0.005447
18 14 0.172269 0.165784 0.005447
18 15 0.169016 0.165784 0.005447
18 16 0.168609 0.165784 0.005447
18 17 0.167796 0.165784 0.005447
18 18 0.162375 0.165784 0.005447
18 19 0.155733 0.165784 0.005447
18 20 0.147059 0.165784 0.005447
19 0 0.161290 0.165784 0.005447
19 1 0.164543 0.165784 0.005447
19 2 0.166847 0.165784 0.005447
19 3 0.167796 0.165784 0.005447
19 4 0.170642 0.165784 0.005447
19 5 0.171049 0.165784 0.005447
19 6 0.172404 0.165784 0.005447
19 7 0.169287 0.165784 0.005447
19 8 0.166712 0.165784 0.005447
19 9 0.163594 0.165784 0.005447
19 10 0.161561 0.165784 0.005447
19 11 0.164679 0.165784 0.005447
19 12 0.164814 0.165784 0.005447
19 13 0.164137 0.165784 0.005447
19 14 0.163594 0.165784 0.005447
19 15 0.166305 0.165784 0.005447
19 16 0.165763 0.165784 0.005447
19 17 0.160070 0.165784 0.005447
19 18 0.157902 0.165784 0.005447
19 19 0.152887 0.165784 0.005447
19 20 0.145026 0.165784 0.005447
20 0 0.160206 0.165784 0.005447
20 1 0.161019 0.165784 0.005447
20 2 0.163459 0.165784 0.005447
20 3 0.168880 0.165784 0.005447
20 4 0.168745 0.165784 0.005447
20 5 0.168745 0.165784 0.005447
20 6 0.168338 0.165784 0.005447
20 7 0.162646 0.165784 0.005447
20 8 0.161697 0.165784 0.005447
20 9 0.156682 0.165784 0.005447
20 10 0.155462 0.165784 0.005447
20 11 0.156818 0.165784 0.005447
20 12 0.157902 0.165784 0.005447
20 13 0.157089 0.165784 0.005447
20 14 0.157631 0.165784 0.005447
20 15 0.158308 0.165784 0.005447
20 16 0.157631 0.165784 0.005447
20 17 0.152345 0.165784 0.005447
20 18 0.148685 0.165784 0.005447
20 19 0.142722 0.165784 0.005447
20 20 0.138249 0.165784 0.005447
