# contact distance = 28.0 Angstroms
# F = 0.4 kJ/mol

# i j contact_probability mean_contact_probability stddev_contact_probability
0 0 0.215862 0.216221 0.016878
0 1 0.217800 0.216221 0.016878
0 2 0.217800 0.216221 0.016878
0 3 0.216458 0.216221 0.016878
0 4 0.217949 0.216221 0.016878
0 5 0.214073 0.216221 0.016878
0 6 0.215116 0.216221 0.016878
0 7 0.215265 0.216221 0.016878
0 8 0.215265 0.216221 0.016878
0 9 0.214967 0.216221 0.016878
0 10 0.210495 0.216221 0.016878
0 11 0.206619 0.216221 0.016878
0 12 0.203787 0.216221 0.016878
0 13 0.201103 0.216221 0.016878
0 14 0.197078 0.216221 0.016878
0 15 0.191711 0.216221 0.016878
0 16 0.184556 0.216221 0.016878
0 17 0.179934 0.216221 0.016878
0 18 0.170990 0.216221 0.016878
0 19 0.163089 0.216221 0.016878
0 20 0.157722 0.216221 0.016878
1 0 0.217800 0.216221 0.016878
1 1 0.219141 0.216221 0.016878
1 2 0.221079 0.216221 0.016878
1 3 0.220036 0.216221 0.016878
1 4 0.218992 0.216221 0.016878
1 5 0.219887 0.216221 0.016878
1 6 0.219738 0.216221 0.016878
1 7 0.221079 0.216221 0.016878
1 8 0.220632 0.216221 0.016878
1 9 0.217651 0.216221 0.016878
1 10 0.216607 0.216221 0.016878
1 11 0.215862 0.216221 0.016878
1 12 0.211538 0.216221 0.016878
1 13 0.209302 0.216221 0.016878
1 14 0.204681 0.216221 0.016878
1 15 0.197525 0.216221 0.016878
1 16 0.192159 0.216221 0.016878
1 17 0.186196 0.216221 0.016878
1 18 0.177996 0.216221 0.016878
1 19 0.172332 0.216221 0.016878
1 20 0.162493 0.216221 0.016878
2 0 0.219589 0.216221 0.016878
2 1 0.220483 0.216221 0.016878
2 2 0.223017 0.216221 0.016878
2 3 0.221974 0.216221 0.016878
2 4 0.222570 0.216221 0.016878
2 5 0.222719 0.216221 0.016878
2 6 0.221377 0.216221 0.016878
2 7 0.223315 0.216221 0.016878
2 8 0.225403 0.216221 0.016878
2 9 0.224806 0.216221 0.016878
2 10 0.221974 0.216221 0.016878
2 11 0.219887 0.216221 0.016878
2 12 0.218694 0.216221 0.016878
2 13 0.214222 0.216221 0.016878
2 14 0.210644 0.216221 0.016878
2 15 0.206917 0.216221 0.016878
2 16 0.202594 0.216221 0.016878
2 17 0.192159 0.216221 0.016878
2 18 0.187239 0.216221 0.016878
2 19 0.179189 0.216221 0.016878
2 20 0.170394 0.216221 0.016878
3 0 0.216607 0.216221 0.016878
3 1 0.220483 0.216221 0.016878
3 2 0.223465 0.216221 0.016878
3 3 0.221527 0.216221 0.016878
3 4 0.224359 0.216221 0.016878
3 5 0.223465 0.216221 0.016878
3 6 0.227340 0.216221 0.016878
3 7 0.228384 0.216221 0.016878
3 8 0.229875 0.216221 0.016878
3 9 0.230024 0.216221 0.016878
3 10 0.228682 0.216221 0.016878
3 11 0.223614 0.216221 0.016878
3 12 0.224210 0.216221 0.016878
3 13 0.218396 0.216221 0.016878
3 14 0.216309 0.216221 0.016878
3 15 0.214222 0.216221 0.016878
3 16 0.208706 0.216221 0.016878
3 17 0.204532 0.216221 0.016878
3 18 0.193202 0.216221 0.016878
3 19 0.184705 0.216221 0.016878
3 20 0.176058 0.216221 0.016878
4 0 0.218545 0.216221 0.016878
4 1 0.221377 0.216221 0.016878
4 2 0.223763 0.216221 0.016878
4 3 0.224955 0.216221 0.016878
4 4 0.226148 0.216221 0.016878
4 5 0.227937 0.216221 0.016878
4 6 0.229577 0.216221 0.016878
4 7 0.234198 0.216221 0.016878
4 8 0.236434 0.216221 0.016878
4 9 0.233154 0.216221 0.016878
4 10 0.231067 0.216221 0.016878
4 11 0.228533 0.216221 0.016878
4 12 0.229577 0.216221 0.016878
4 13 0.227788 0.216221 0.016878
4 14 0.223017 0.216221 0.016878
4 15 0.220632 0.216221 0.016878
4 16 0.214520 0.216221 0.016878
4 17 0.209302 0.216221 0.016878
4 18 0.199612 0.216221 0.016878
4 19 0.190966 0.216221 0.016878
4 20 0.185003 0.216221 0.016878
5 0 0.216905 0.216221 0.016878
5 1 0.221228 0.216221 0.016878
5 2 0.222272 0.216221 0.016878
5 3 0.225999 0.216221 0.016878
5 4 0.229278 0.216221 0.016878
5 5 0.228682 0.216221 0.016878
5 6 0.234198 0.216221 0.016878
5 7 0.237179 0.216221 0.016878
5 8 0.235838 0.216221 0.016878
5 9 0.236732 0.216221 0.016878
5 10 0.233900 0.216221 0.016878
5 11 0.230769 0.216221 0.016878
5 12 0.231216 0.216221 0.016878
5 13 0.229428 0.216221 0.016878
5 14 0.225253 0.216221 0.016878
5 15 0.223166 0.216221 0.016878
5 16 0.218396 0.216221 0.016878
5 17 0.211837 0.216221 0.016878
5 18 0.203339 0.216221 0.016878
5 19 0.196184 0.216221 0.016878
5 20 0.189326 0.216221 0.016878
6 0 0.217800 0.216221 0.016878
6 1 0.221377 0.216221 0.016878
6 2 0.224955 0.216221 0.016878
6 3 0.224955 0.216221 0.016878
6 4 0.229278 0.216221 0.016878
6 5 0.229726 0.216221 0.016878
6 6 0.234943 0.216221 0.016878
6 7 0.238074 0.216221 0.016878
6 8 0.237925 0.216221 0.016878
6 9 0.237329 0.216221 0.016878
6 10 0.234198 0.216221 0.016878
6 11 0.233154 0.216221 0.016878
6 12 0.233154 0.216221 0.016878
6 13 0.229577 0.216221 0.016878
6 14 0.228086 0.216221 0.016878
6 15 0.226744 0.216221 0.016878
6 16 0.220930 0.216221 0.016878
6 17 0.216309 0.216221 0.016878
6 18 0.206768 0.216221 0.016878
6 19 0.199612 0.216221 0.016878
6 20 0.194097 0.216221 0.016878
7 0 0.218843 0.216221 0.016878
7 1 0.221676 0.216221 0.016878
7 2 0.227340 0.216221 0.016878
7 3 0.228533 0.216221 0.016878
7 4 0.229428 0.216221 0.016878
7 5 0.231515 0.216221 0.016878
7 6 0.234794 0.216221 0.016878
7 7 0.237478 0.216221 0.016878
7 8 0.240012 0.216221 0.016878
7 9 0.240161 0.216221 0.016878
7 10 0.237776 0.216221 0.016878
7 11 0.233751 0.216221 0.016878
7 12 0.234496 0.216221 0.016878
7 13 0.232856 0.216221 0.016878
7 14 0.231515 0.216221 0.016878
7 15 0.226893 0.216221 0.016878
7 16 0.222272 0.216221 0.016878
7 17 0.215862 0.216221 0.016878
7 18 0.207662 0.216221 0.016878
7 19 0.202594 0.216221 0.016878
7 20 0.199761 0.216221 0.016878
8 0 0.217352 0.216221 0.016878
8 1 0.219738 0.216221 0.016878
8 2 0.227042 0.216221 0.016878
8 3 0.227490 0.216221 0.016878
8 4 0.228086 0.216221 0.016878
8 5 0.231962 0.216221 0.016878
8 6 0.234049 0.216221 0.016878
8 7 0.237179 0.216221 0.016878
8 8 0.240012 0.216221 0.016878
8 9 0.239117 0.216221 0.016878
8 10 0.238670 0.216221 0.016878
8 11 0.236136 0.216221 0.016878
8 12 0.234794 0.216221 0.016878
8 13 0.232856 0.216221 0.016878
8 14 0.231515 0.216221 0.016878
8 15 0.230173 0.216221 0.016878
8 16 0.227490 0.216221 0.016878
8 17 0.221676 0.216221 0.016878
8 18 0.213029 0.216221 0.016878
8 19 0.206768 0.216221 0.016878
8 20 0.199761 0.216221 0.016878
9 0 0.215265 0.216221 0.016878
9 1 0.221228 0.216221 0.016878
9 2 0.226893 0.216221 0.016878
9 3 0.228682 0.216221 0.016878
9 4 0.228831 0.216221 0.016878
9 5 0.231216 0.216221 0.016878
9 6 0.234645 0.216221 0.016878
9 7 0.240608 0.216221 0.016878
9 8 0.243292 0.216221 0.016878
9 9 0.241950 0.216221 0.016878
9 10 0.239416 0.216221 0.016878
9 11 0.237925 0.216221 0.016878
9 12 0.235540 0.216221 0.016878
9 13 0.236881 0.216221 0.016878
9 14 0.230322 0.216221 0.016878
9 15 0.229875 0.216221 0.016878
9 16 0.227937 0.216221 0.016878
9 17 0.224657 0.216221 0.016878
9 18 0.217352 0.216221 0.016878
9 19 0.207066 0.216221 0.016878
9 20 0.201401 0.216221 0.016878
10 0 0.209302 0.216221 0.016878
10 1 0.217203 0.216221 0.016878
10 2 0.223763 0.216221 0.016878
10 3 0.226148 0.216221 0.016878
10 4 0.230024 0.216221 0.016878
10 5 0.230471 0.216221 0.016878
10 6 0.233602 0.216221 0.016878
10 7 0.241503 0.216221 0.016878
10 8 0.243292 0.216221 0.016878
10 9 0.240459 0.216221 0.016878
10 10 0.238819 0.216221 0.016878
10 11 0.239267 0.216221 0.016878
10 12 0.236881 0.216221 0.016878
10 13 0.235391 0.216221 0.016878
10 14 0.232260 0.216221 0.016878
10 15 0.228533 0.216221 0.016878
10 16 0.229726 0.216221 0.016878
10 17 0.225701 0.216221 0.016878
10 18 0.217352 0.216221 0.016878
10 19 0.211091 0.216221 0.016878
10 20 0.203488 0.216221 0.016878
11 0 0.202147 0.216221 0.016878
11 1 0.208706 0.216221 0.016878
11 2 0.215414 0.216221 0.016878
11 3 0.222719 0.216221 0.016878
11 4 0.228980 0.216221 0.016878
11 5 0.230471 0.216221 0.016878
11 6 0.231067 0.216221 0.016878
11 7 0.235391 0.216221 0.016878
11 8 0.237925 0.216221 0.016878
11 9 0.237030 0.216221 0.016878
11 10 0.239267 0.216221 0.016878
11 11 0.234645 0.216221 0.016878
11 12 0.231962 0.216221 0.016878
11 13 0.232409 0.216221 0.016878
11 14 0.228682 0.216221 0.016878
11 15 0.225403 0.216221 0.016878
11 16 0.228086 0.216221 0.016878
11 17 0.224210 0.216221 0.016878
11 18 0.216458 0.216221 0.016878
11 19 0.209302 0.216221 0.016878
11 20 0.203041 0.216221 0.016878
12 0 0.196631 0.216221 0.016878
12 1 0.201550 0.216221 0.016878
12 2 0.213029 0.216221 0.016878
12 3 0.217800 0.216221 0.016878
12 4 0.225403 0.216221 0.016878
12 5 0.226893 0.216221 0.016878
12 6 0.224508 0.216221 0.016878
12 7 0.229577 0.216221 0.016878
12 8 0.233602 0.216221 0.016878
12 9 0.232409 0.216221 0.016878
12 10 0.236285 0.216221 0.016878
12 11 0.233154 0.216221 0.016878
12 12 0.230769 0.216221 0.016878
12 13 0.230471 0.216221 0.016878
12 14 0.229129 0.216221 0.016878
12 15 0.225701 0.216221 0.016878
12 16 0.226744 0.216221 0.016878
12 17 0.223763 0.216221 0.016878
12 18 0.214669 0.216221 0.016878
12 19 0.207961 0.216221 0.016878
12 20 0.201401 0.216221 0.016878
13 0 0.195886 0.216221 0.016878
13 1 0.202147 0.216221 0.016878
13 2 0.209004 0.216221 0.016878
13 3 0.214967 0.216221 0.016878
13 4 0.220334 0.216221 0.016878
13 5 0.222719 0.216221 0.016878
13 6 0.225999 0.216221 0.016878
13 7 0.228533 0.216221 0.016878
13 8 0.231366 0.216221 0.016878
13 9 0.233602 0.216221 0.016878
13 10 0.231216 0.216221 0.016878
13 11 0.231813 0.216221 0.016878
13 12 0.231067 0.216221 0.016878
13 13 0.228682 0.216221 0.016878
13 14 0.227639 0.216221 0.016878
13 15 0.225104 0.216221 0.016878
13 16 0.225999 0.216221 0.016878
13 17 0.221377 0.216221 0.016878
13 18 0.214520 0.216221 0.016878
13 19 0.208855 0.216221 0.016878
13 20 0.200358 0.216221 0.016878
14 0 0.195438 0.216221 0.016878
14 1 0.202147 0.216221 0.016878
14 2 0.207215 0.216221 0.016878
14 3 0.212731 0.216221 0.016878
14 4 0.217800 0.216221 0.016878
14 5 0.221079 0.216221 0.016878
14 6 0.223912 0.216221 0.016878
14 7 0.232260 0.216221 0.016878
14 8 0.234496 0.216221 0.016878
14 9 0.233751 0.216221 0.016878
14 10 0.233005 0.216221 0.016878
14 11 0.235242 0.216221 0.016878
14 12 0.231366 0.216221 0.016878
14 13 0.229577 0.216221 0.016878
14 14 0.230471 0.216221 0.016878
14 15 0.224806 0.216221 0.016878
14 16 0.223912 0.216221 0.016878
14 17 0.221079 0.216221 0.016878
14 18 0.213327 0.216221 0.016878
14 19 0.208408 0.216221 0.016878
14 20 0.200060 0.216221 0.016878
15 0 0.195736 0.216221 0.016878
15 1 0.200954 0.216221 0.016878
15 2 0.207961 0.216221 0.016878
15 3 0.208855 0.216221 0.016878
15 4 0.216160 0.216221 0.016878
15 5 0.219589 0.216221 0.016878
15 6 0.222272 0.216221 0.016878
15 7 0.227937 0.216221 0.016878
15 8 0.231067 0.216221 0.016878
15 9 0.232409 0.216221 0.016878
15 10 0.232707 0.216221 0.016878
15 11 0.231664 0.216221 0.016878
15 12 0.228235 0.216221 0.016878
15 13 0.229278 0.216221 0.016878
15 14 0.228384 0.216221 0.016878
15 15 0.224359 0.216221 0.016878
15 16 0.221527 0.216221 0.016878
15 17 0.218098 0.216221 0.016878
15 18 0.211986 0.216221 0.016878
15 19 0.205575 0.216221 0.016878
15 20 0.198271 0.216221 0.016878
16 0 0.185897 0.216221 0.016878
16 1 0.192904 0.216221 0.016878
16 2 0.201103 0.216221 0.016878
16 3 0.205426 0.216221 0.016878
16 4 0.210346 0.216221 0.016878
16 5 0.214371 0.216221 0.016878
16 6 0.217352 0.216221 0.016878
16 7 0.224210 0.216221 0.016878
16 8 0.226893 0.216221 0.016878
16 9 0.231216 0.216221 0.016878
16 10 0.230471 0.216221 0.016878
16 11 0.229726 0.216221 0.016878
16 12 0.225104 0.216221 0.016878
16 13 0.225253 0.216221 0.016878
16 14 0.224955 0.216221 0.016878
16 15 0.220632 0.216221 0.016878
16 16 0.219141 0.216221 0.016878
16 17 0.214818 0.216221 0.016878
16 18 0.210346 0.216221 0.016878
16 19 0.203041 0.216221 0.016878
16 20 0.194991 0.216221 0.016878
17 0 0.180083 0.216221 0.016878
17 1 0.187686 0.216221 0.016878
17 2 0.193649 0.216221 0.016878
17 3 0.199463 0.216221 0.016878
17 4 0.208259 0.216221 0.016878
17 5 0.210793 0.216221 0.016878
17 6 0.214073 0.216221 0.016878
17 7 0.215862 0.216221 0.016878
17 8 0.222421 0.216221 0.016878
17 9 0.223763 0.216221 0.016878
17 10 0.224210 0.216221 0.016878
17 11 0.225701 0.216221 0.016878
17 12 0.222421 0.216221 0.016878
17 13 0.217800 0.216221 0.016878
17 14 0.218098 0.216221 0.016878
17 15 0.215713 0.216221 0.016878
17 16 0.215265 0.216221 0.016878
17 17 0.211389 0.216221 0.016878
17 18 0.206470 0.216221 0.016878
17 19 0.198122 0.216221 0.016878
17 20 0.191562 0.216221 0.016878
18 0 0.176208 0.216221 0.016878
18 1 0.180382 0.216221 0.016878
18 2 0.188283 0.216221 0.016878
18 3 0.194544 0.216221 0.016878
18 4 0.201699 0.216221 0.016878
18 5 0.206470 0.216221 0.016878
18 6 0.207961 0.216221 0.016878
18 7 0.213029 0.216221 0.016878
18 8 0.217203 0.216221 0.016878
18 9 0.220334 0.216221 0.016878
18 10 0.223166 0.216221 0.016878
18 11 0.224508 0.216221 0.016878
18 12 0.218843 0.216221 0.016878
18 13 0.215414 0.216221 0.016878
18 14 0.215862 0.216221 0.016878
18 15 0.211688 0.216221 0.016878
18 16 0.207812 0.216221 0.016878
18 17 0.205575 0.216221 0.016878
18 18 0.195886 0.216221 0.016878
18 19 0.190668 0.216221 0.016878
18 20 0.184556 0.216221 0.016878
19 0 0.170244 0.216221 0.016878
19 1 0.175015 0.216221 0.016878
19 2 0.180382 0.216221 0.016878
19 3 0.188134 0.216221 0.016878
19 4 0.197227 0.216221 0.016878
19 5 0.201998 0.216221 0.016878
19 6 0.203339 0.216221 0.016878
19 7 0.207513 0.216221 0.016878
19 8 0.212582 0.216221 0.016878
19 9 0.216160 0.216221 0.016878
19 10 0.216309 0.216221 0.016878
19 11 0.217352 0.216221 0.016878
19 12 0.212582 0.216221 0.016878
19 13 0.213775 0.216221 0.016878
19 14 0.211837 0.216221 0.016878
19 15 0.202743 0.216221 0.016878
19 16 0.201401 0.216221 0.016878
19 17 0.196482 0.216221 0.016878
19 18 0.193053 0.216221 0.016878
19 19 0.183512 0.216221 0.016878
19 20 0.176506 0.216221 0.016878
20 0 0.161002 0.216221 0.016878
20 1 0.167263 0.216221 0.016878
20 2 0.173971 0.216221 0.016878
20 3 0.179785 0.216221 0.016878
20 4 0.186196 0.216221 0.016878
20 5 0.192904 0.216221 0.016878
20 6 0.193500 0.216221 0.016878
20 7 0.199314 0.216221 0.016878
20 8 0.205128 0.216221 0.016878
20 9 0.206768 0.216221 0.016878
20 10 0.206619 0.216221 0.016878
20 11 0.208855 0.216221 0.016878
20 12 0.205277 0.216221 0.016878
20 13 0.203041 0.216221 0.016878
20 14 0.200507 0.216221 0.016878
20 15 0.197525 0.216221 0.016878
20 16 0.195438 0.216221 0.016878
20 17 0.190519 0.216221 0.016878
20 18 0.184109 0.216221 0.016878
20 19 0.175462 0.216221 0.016878
20 20 0.170543 0.216221 0.016878
