# contact distance = 28.0 Angstroms
# F = 0.4 kJ/mol

# i j contact_probability mean_contact_probability stddev_contact_probability
0 0 0.153337 0.155495 0.005901
0 1 0.159716 0.155495 0.005901
0 2 0.161488 0.155495 0.005901
0 3 0.158890 0.155495 0.005901
0 4 0.157590 0.155495 0.005901
0 5 0.152038 0.155495 0.005901
0 6 0.150384 0.155495 0.005901
0 7 0.146249 0.155495 0.005901
0 8 0.148139 0.155495 0.005901
0 9 0.146604 0.155495 0.005901
0 10 0.147785 0.155495 0.005901
0 11 0.148848 0.155495 0.005901
0 12 0.151683 0.155495 0.005901
0 13 0.153692 0.155495 0.005901
0 14 0.156763 0.155495 0.005901
0 15 0.157472 0.155495 0.005901
0 16 0.158890 0.155495 0.005901
0 17 0.157472 0.155495 0.005901
0 18 0.157708 0.155495 0.005901
0 19 0.154164 0.155495 0.005901
0 20 0.150856 0.155495 0.005901
1 0 0.156999 0.155495 0.005901
1 1 0.161725 0.155495 0.005901
1 2 0.163851 0.155495 0.005901
1 3 0.162906 0.155495 0.005901
1 4 0.160425 0.155495 0.005901
1 5 0.157826 0.155495 0.005901
1 6 0.152983 0.155495 0.005901
1 7 0.154519 0.155495 0.005901
1 8 0.151211 0.155495 0.005901
1 9 0.151565 0.155495 0.005901
1 10 0.152038 0.155495 0.005901
1 11 0.152392 0.155495 0.005901
1 12 0.155700 0.155495 0.005901
1 13 0.157826 0.155495 0.005901
1 14 0.160662 0.155495 0.005901
1 15 0.162670 0.155495 0.005901
1 16 0.161725 0.155495 0.005901
1 17 0.159716 0.155495 0.005901
1 18 0.160780 0.155495 0.005901
1 19 0.156291 0.155495 0.005901
1 20 0.153101 0.155495 0.005901
2 0 0.160780 0.155495 0.005901
2 1 0.165387 0.155495 0.005901
2 2 0.167513 0.155495 0.005901
2 3 0.164324 0.155495 0.005901
2 4 0.163260 0.155495 0.005901
2 5 0.160189 0.155495 0.005901
2 6 0.156172 0.155495 0.005901
2 7 0.156409 0.155495 0.005901
2 8 0.156763 0.155495 0.005901
2 9 0.156172 0.155495 0.005901
2 10 0.156291 0.155495 0.005901
2 11 0.156881 0.155495 0.005901
2 12 0.159008 0.155495 0.005901
2 13 0.161134 0.155495 0.005901
2 14 0.165387 0.155495 0.005901
2 15 0.166686 0.155495 0.005901
2 16 0.165032 0.155495 0.005901
2 17 0.162788 0.155495 0.005901
2 18 0.161370 0.155495 0.005901
2 19 0.160307 0.155495 0.005901
2 20 0.157118 0.155495 0.005901
3 0 0.154637 0.155495 0.005901
3 1 0.162906 0.155495 0.005901
3 2 0.165741 0.155495 0.005901
3 3 0.162552 0.155495 0.005901
3 4 0.159953 0.155495 0.005901
3 5 0.157118 0.155495 0.005901
3 6 0.156645 0.155495 0.005901
3 7 0.155700 0.155495 0.005901
3 8 0.154873 0.155495 0.005901
3 9 0.156409 0.155495 0.005901
3 10 0.156645 0.155495 0.005901
3 11 0.159008 0.155495 0.005901
3 12 0.160189 0.155495 0.005901
3 13 0.161252 0.155495 0.005901
3 14 0.163142 0.155495 0.005901
3 15 0.164087 0.155495 0.005901
3 16 0.165151 0.155495 0.005901
3 17 0.163024 0.155495 0.005901
3 18 0.162434 0.155495 0.005901
3 19 0.159598 0.155495 0.005901
3 20 0.155582 0.155495 0.005901
4 0 0.152510 0.155495 0.005901
4 1 0.160307 0.155495 0.005901
4 2 0.162197 0.155495 0.005901
4 3 0.160425 0.155495 0.005901
4 4 0.158771 0.155495 0.005901
4 5 0.156881 0.155495 0.005901
4 6 0.153455 0.155495 0.005901
4 7 0.151447 0.155495 0.005901
4 8 0.150502 0.155495 0.005901
4 9 0.151920 0.155495 0.005901
4 10 0.154991 0.155495 0.005901
4 11 0.158063 0.155495 0.005901
4 12 0.159716 0.155495 0.005901
4 13 0.160780 0.155495 0.005901
4 14 0.163142 0.155495 0.005901
4 15 0.165387 0.155495 0.005901
4 16 0.164206 0.155495 0.005901
4 17 0.163142 0.155495 0.005901
4 18 0.163615 0.155495 0.005901
4 19 0.158181 0.155495 0.005901
4 20 0.153455 0.155495 0.005901
5 0 0.149203 0.155495 0.005901
5 1 0.154755 0.155495 0.005901
5 2 0.158890 0.155495 0.005901
5 3 0.159008 0.155495 0.005901
5 4 0.156527 0.155495 0.005901
5 5 0.153928 0.155495 0.005901
5 6 0.150266 0.155495 0.005901
5 7 0.149557 0.155495 0.005901
5 8 0.148966 0.155495 0.005901
5 9 0.150502 0.155495 0.005901
5 10 0.151447 0.155495 0.005901
5 11 0.154637 0.155495 0.005901
5 12 0.158653 0.155495 0.005901
5 13 0.162197 0.155495 0.005901
5 14 0.163497 0.155495 0.005901
5 15 0.164678 0.155495 0.005901
5 16 0.164442 0.155495 0.005901
5 17 0.161843 0.155495 0.005901
5 18 0.160898 0.155495 0.005901
5 19 0.155582 0.155495 0.005901
5 20 0.150975 0.155495 0.005901
6 0 0.146840 0.155495 0.005901
6 1 0.152747 0.155495 0.005901
6 2 0.154400 0.155495 0.005901
6 3 0.156054 0.155495 0.005901
6 4 0.154519 0.155495 0.005901
6 5 0.151565 0.155495 0.005901
6 6 0.148258 0.155495 0.005901
6 7 0.146131 0.155495 0.005901
6 8 0.143414 0.155495 0.005901
6 9 0.147903 0.155495 0.005901
6 10 0.148966 0.155495 0.005901
6 11 0.151329 0.155495 0.005901
6 12 0.153455 0.155495 0.005901
6 13 0.156054 0.155495 0.005901
6 14 0.160425 0.155495 0.005901
6 15 0.163142 0.155495 0.005901
6 16 0.164206 0.155495 0.005901
6 17 0.163024 0.155495 0.005901
6 18 0.161134 0.155495 0.005901
6 19 0.155700 0.155495 0.005901
6 20 0.150975 0.155495 0.005901
7 0 0.144005 0.155495 0.005901
7 1 0.148848 0.155495 0.005901
7 2 0.150738 0.155495 0.005901
7 3 0.151683 0.155495 0.005901
7 4 0.150975 0.155495 0.005901
7 5 0.150856 0.155495 0.005901
7 6 0.146958 0.155495 0.005901
7 7 0.144005 0.155495 0.005901
7 8 0.144005 0.155495 0.005901
7 9 0.146722 0.155495 0.005901
7 10 0.146722 0.155495 0.005901
7 11 0.147667 0.155495 0.005901
7 12 0.149911 0.155495 0.005901
7 13 0.152628 0.155495 0.005901
7 14 0.157118 0.155495 0.005901
7 15 0.161607 0.155495 0.005901
7 16 0.162315 0.155495 0.005901
7 17 0.163024 0.155495 0.005901
7 18 0.161725 0.155495 0.005901
7 19 0.155700 0.155495 0.005901
7 20 0.150502 0.155495 0.005901
8 0 0.144832 0.155495 0.005901
8 1 0.149084 0.155495 0.005901
8 2 0.151683 0.155495 0.005901
8 3 0.152510 0.155495 0.005901
8 4 0.151093 0.155495 0.005901
8 5 0.150620 0.155495 0.005901
8 6 0.146958 0.155495 0.005901
8 7 0.143887 0.155495 0.005901
8 8 0.146722 0.155495 0.005901
8 9 0.147903 0.155495 0.005901
8 10 0.147431 0.155495 0.005901
8 11 0.146486 0.155495 0.005901
8 12 0.147903 0.155495 0.005901
8 13 0.152747 0.155495 0.005901
8 14 0.156291 0.155495 0.005901
8 15 0.159126 0.155495 0.005901
8 16 0.161134 0.155495 0.005901
8 17 0.160189 0.155495 0.005901
8 18 0.159362 0.155495 0.005901
8 19 0.155227 0.155495 0.005901
8 20 0.146367 0.155495 0.005901
9 0 0.148258 0.155495 0.005901
9 1 0.151329 0.155495 0.005901
9 2 0.151802 0.155495 0.005901
9 3 0.153337 0.155495 0.005901
9 4 0.155700 0.155495 0.005901
9 5 0.152747 0.155495 0.005901
9 6 0.148966 0.155495 0.005901
9 7 0.147076 0.155495 0.005901
9 8 0.146722 0.155495 0.005901
9 9 0.147549 0.155495 0.005901
9 10 0.146367 0.155495 0.005901
9 11 0.147312 0.155495 0.005901
9 12 0.150502 0.155495 0.005901
9 13 0.153219 0.155495 0.005901
9 14 0.156409 0.155495 0.005901
9 15 0.156999 0.155495 0.005901
9 16 0.159008 0.155495 0.005901
9 17 0.156881 0.155495 0.005901
9 18 0.157354 0.155495 0.005901
9 19 0.151329 0.155495 0.005901
9 20 0.145540 0.155495 0.005901
10 0 0.149203 0.155495 0.005901
10 1 0.152865 0.155495 0.005901
10 2 0.154873 0.155495 0.005901
10 3 0.155818 0.155495 0.005901
10 4 0.155582 0.155495 0.005901
10 5 0.155582 0.155495 0.005901
10 6 0.152747 0.155495 0.005901
10 7 0.148612 0.155495 0.005901
10 8 0.147903 0.155495 0.005901
10 9 0.147312 0.155495 0.005901
10 10 0.146604 0.155495 0.005901
10 11 0.147549 0.155495 0.005901
10 12 0.150030 0.155495 0.005901
10 13 0.152156 0.155495 0.005901
10 14 0.154637 0.155495 0.005901
10 15 0.156881 0.155495 0.005901
10 16 0.157826 0.155495 0.005901
10 17 0.157236 0.155495 0.005901
10 18 0.153692 0.155495 0.005901
10 19 0.150148 0.155495 0.005901
10 20 0.142823 0.155495 0.005901
11 0 0.151211 0.155495 0.005901
11 1 0.156291 0.155495 0.005901
11 2 0.155346 0.155495 0.005901
11 3 0.159244 0.155495 0.005901
11 4 0.158181 0.155495 0.005901
11 5 0.155464 0.155495 0.005901
11 6 0.152510 0.155495 0.005901
11 7 0.150856 0.155495 0.005901
11 8 0.150266 0.155495 0.005901
11 9 0.148494 0.155495 0.005901
11 10 0.148730 0.155495 0.005901
11 11 0.148376 0.155495 0.005901
11 12 0.151447 0.155495 0.005901
11 13 0.153101 0.155495 0.005901
11 14 0.152392 0.155495 0.005901
11 15 0.156172 0.155495 0.005901
11 16 0.158417 0.155495 0.005901
11 17 0.156409 0.155495 0.005901
11 18 0.156054 0.155495 0.005901
11 19 0.151093 0.155495 0.005901
11 20 0.142705 0.155495 0.005901
12 0 0.153455 0.155495 0.005901
12 1 0.156645 0.155495 0.005901
12 2 0.158063 0.155495 0.005901
12 3 0.159953 0.155495 0.005901
12 4 0.159126 0.155495 0.005901
12 5 0.157826 0.155495 0.005901
12 6 0.156645 0.155495 0.005901
12 7 0.155582 0.155495 0.005901
12 8 0.155936 0.155495 0.005901
12 9 0.153455 0.155495 0.005901
12 10 0.150738 0.155495 0.005901
12 11 0.151683 0.155495 0.005901
12 12 0.153810 0.155495 0.005901
12 13 0.153928 0.155495 0.005901
12 14 0.156054 0.155495 0.005901
12 15 0.160543 0.155495 0.005901
12 16 0.160071 0.155495 0.005901
12 17 0.157708 0.155495 0.005901
12 18 0.156999 0.155495 0.005901
12 19 0.150975 0.155495 0.005901
12 20 0.143887 0.155495 0.005901
13 0 0.154400 0.155495 0.005901
13 1 0.158063 0.155495 0.005901
13 2 0.159244 0.155495 0.005901
13 3 0.161961 0.155495 0.005901
13 4 0.159598 0.155495 0.005901
13 5 0.160662 0.155495 0.005901
13 6 0.158181 0.155495 0.005901
13 7 0.157826 0.155495 0.005901
13 8 0.157118 0.155495 0.005901
13 9 0.156881 0.155495 0.005901
13 10 0.154282 0.155495 0.005901
13 11 0.153810 0.155495 0.005901
13 12 0.155818 0.155495 0.005901
13 13 0.157590 0.155495 0.005901
13 14 0.160425 0.155495 0.005901
13 15 0.162315 0.155495 0.005901
13 16 0.163260 0.155495 0.005901
13 17 0.159598 0.155495 0.005901
13 18 0.159244 0.155495 0.005901
13 19 0.153219 0.155495 0.005901
13 20 0.145186 0.155495 0.005901
14 0 0.153337 0.155495 0.005901
14 1 0.159126 0.155495 0.005901
14 2 0.159953 0.155495 0.005901
14 3 0.164087 0.155495 0.005901
14 4 0.164560 0.155495 0.005901
14 5 0.162670 0.155495 0.005901
14 6 0.159244 0.155495 0.005901
14 7 0.160543 0.155495 0.005901
14 8 0.158299 0.155495 0.005901
14 9 0.159362 0.155495 0.005901
14 10 0.157236 0.155495 0.005901
14 11 0.156527 0.155495 0.005901
14 12 0.158181 0.155495 0.005901
14 13 0.159008 0.155495 0.005901
14 14 0.160780 0.155495 0.005901
14 15 0.163615 0.155495 0.005901
14 16 0.164324 0.155495 0.005901
14 17 0.161370 0.155495 0.005901
14 18 0.159953 0.155495 0.005901
14 19 0.155109 0.155495 0.005901
14 20 0.146486 0.155495 0.005901
15 0 0.153810 0.155495 0.005901
15 1 0.158299 0.155495 0.005901
15 2 0.162906 0.155495 0.005901
15 3 0.164442 0.155495 0.005901
15 4 0.163615 0.155495 0.005901
15 5 0.161961 0.155495 0.005901
15 6 0.158890 0.155495 0.005901
15 7 0.160189 0.155495 0.005901
15 8 0.159008 0.155495 0.005901
15 9 0.159244 0.155495 0.005901
15 10 0.159835 0.155495 0.005901
15 11 0.159008 0.155495 0.005901
15 12 0.158653 0.155495 0.005901
15 13 0.161961 0.155495 0.005901
15 14 0.161607 0.155495 0.005901
15 15 0.163260 0.155495 0.005901
15 16 0.164324 0.155495 0.005901
15 17 0.161370 0.155495 0.005901
15 18 0.156999 0.155495 0.005901
15 19 0.153574 0.155495 0.005901
15 20 0.147076 0.155495 0.005901
16 0 0.156291 0.155495 0.005901
16 1 0.159244 0.155495 0.005901
16 2 0.163969 0.155495 0.005901
16 3 0.164560 0.155495 0.005901
16 4 0.165859 0.155495 0.005901
16 5 0.162906 0.155495 0.005901
16 6 0.158181 0.155495 0.005901
16 7 0.160307 0.155495 0.005901
16 8 0.160662 0.155495 0.005901
16 9 0.159480 0.155495 0.005901
16 10 0.158771 0.155495 0.005901
16 11 0.158063 0.155495 0.005901
16 12 0.158181 0.155495 0.005901
16 13 0.161370 0.155495 0.005901
16 14 0.162434 0.155495 0.005901
16 15 0.164914 0.155495 0.005901
16 16 0.163260 0.155495 0.005901
16 17 0.160425 0.155495 0.005901
16 18 0.156409 0.155495 0.005901
16 19 0.151802 0.155495 0.005901
16 20 0.146131 0.155495 0.005901
17 0 0.155582 0.155495 0.005901
17 1 0.157472 0.155495 0.005901
17 2 0.161016 0.155495 0.005901
17 3 0.163024 0.155495 0.005901
17 4 0.163733 0.155495 0.005901
17 5 0.163379 0.155495 0.005901
17 6 0.159598 0.155495 0.005901
17 7 0.157354 0.155495 0.005901
17 8 0.156881 0.155495 0.005901
17 9 0.159008 0.155495 0.005901
17 10 0.157118 0.155495 0.005901
17 11 0.158771 0.155495 0.005901
17 12 0.157472 0.155495 0.005901
17 13 0.158890 0.155495 0.005901
17 14 0.159716 0.155495 0.005901
17 15 0.160307 0.155495 0.005901
17 16 0.162434 0.155495 0.005901
17 17 0.159835 0.155495 0.005901
17 18 0.155818 0.155495 0.005901
17 19 0.148612 0.155495 0.005901
17 20 0.142587 0.155495 0.005901
18 0 0.154046 0.155495 0.005901
18 1 0.157236 0.155495 0.005901
18 2 0.160425 0.155495 0.005901
18 3 0.161961 0.155495 0.005901
18 4 0.161370 0.155495 0.005901
18 5 0.160071 0.155495 0.005901
18 6 0.159835 0.155495 0.005901
18 7 0.157826 0.155495 0.005901
18 8 0.155582 0.155495 0.005901
18 9 0.155464 0.155495 0.005901
18 10 0.155582 0.155495 0.005901
18 11 0.155700 0.155495 0.005901
18 12 0.155936 0.155495 0.005901
18 13 0.155936 0.155495 0.005901
18 14 0.156881 0.155495 0.005901
18 15 0.158771 0.155495 0.005901
18 16 0.160071 0.155495 0.005901
18 17 0.155227 0.155495 0.005901
18 18 0.151920 0.155495 0.005901
18 19 0.144950 0.155495 0.005901
18 20 0.137862 0.155495 0.005901
19 0 0.152392 0.155495 0.005901
19 1 0.157708 0.155495 0.005901
19 2 0.159362 0.155495 0.005901
19 3 0.159598 0.155495 0.005901
19 4 0.160307 0.155495 0.005901
19 5 0.156999 0.155495 0.005901
19 6 0.155936 0.155495 0.005901
19 7 0.154519 0.155495 0.005901
19 8 0.153455 0.155495 0.005901
19 9 0.151447 0.155495 0.005901
19 10 0.152865 0.155495 0.005901
19 11 0.152628 0.155495 0.005901
19 12 0.152274 0.155495 0.005901
19 13 0.151447 0.155495 0.005901
19 14 0.152983 0.155495 0.005901
19 15 0.152038 0.155495 0.005901
19 16 0.154164 0.155495 0.005901
19 17 0.151093 0.155495 0.005901
19 18 0.147194 0.155495 0.005901
19 19 0.142705 0.155495 0.005901
19 20 0.134436 0.155495 0.005901
20 0 0.150738 0.155495 0.005901
20 1 0.153928 0.155495 0.005901
20 2 0.155582 0.155495 0.005901
20 3 0.156999 0.155495 0.005901
20 4 0.155700 0.155495 0.005901
20 5 0.154164 0.155495 0.005901
20 6 0.151683 0.155495 0.005901
20 7 0.150384 0.155495 0.005901
20 8 0.148494 0.155495 0.005901
20 9 0.147549 0.155495 0.005901
20 10 0.145777 0.155495 0.005901
20 11 0.147312 0.155495 0.005901
20 12 0.146486 0.155495 0.005901
20 13 0.145895 0.155495 0.005901
20 14 0.145540 0.155495 0.005901
20 15 0.146722 0.155495 0.005901
20 16 0.148612 0.155495 0.005901
20 17 0.143650 0.155495 0.005901
20 18 0.140461 0.155495 0.005901
20 19 0.134672 0.155495 0.005901
20 20 0.128647 0.155495 0.005901
