# contact distance = 28.0 Angstroms
# F = 0.4 kJ/mol

# i j contact_probability mean_contact_probability stddev_contact_probability
0 0 0.169676 0.157238 0.008857
0 1 0.168172 0.157238 0.008857
0 2 0.162904 0.157238 0.008857
0 3 0.161023 0.157238 0.008857
0 4 0.156132 0.157238 0.008857
0 5 0.152370 0.157238 0.008857
0 6 0.146351 0.157238 0.008857
0 7 0.140707 0.157238 0.008857
0 8 0.135816 0.157238 0.008857
0 9 0.130549 0.157238 0.008857
0 10 0.132430 0.157238 0.008857
0 11 0.131302 0.157238 0.008857
0 12 0.137321 0.157238 0.008857
0 13 0.143717 0.157238 0.008857
0 14 0.149737 0.157238 0.008857
0 15 0.150113 0.157238 0.008857
0 16 0.154628 0.157238 0.008857
0 17 0.156509 0.157238 0.008857
0 18 0.160271 0.157238 0.008857
0 19 0.156509 0.157238 0.008857
0 20 0.150865 0.157238 0.008857
1 0 0.171934 0.157238 0.008857
1 1 0.170805 0.157238 0.008857
1 2 0.169300 0.157238 0.008857
1 3 0.164409 0.157238 0.008857
1 4 0.155756 0.157238 0.008857
1 5 0.157637 0.157238 0.008857
1 6 0.158390 0.157238 0.008857
1 7 0.148984 0.157238 0.008857
1 8 0.146727 0.157238 0.008857
1 9 0.141460 0.157238 0.008857
1 10 0.138826 0.157238 0.008857
1 11 0.138074 0.157238 0.008857
1 12 0.141836 0.157238 0.008857
1 13 0.146351 0.157238 0.008857
1 14 0.155004 0.157238 0.008857
1 15 0.155756 0.157238 0.008857
1 16 0.159518 0.157238 0.008857
1 17 0.162528 0.157238 0.008857
1 18 0.164786 0.157238 0.008857
1 19 0.161023 0.157238 0.008857
1 20 0.155004 0.157238 0.008857
2 0 0.170429 0.157238 0.008857
2 1 0.172310 0.157238 0.008857
2 2 0.167043 0.157238 0.008857
2 3 0.165538 0.157238 0.008857
2 4 0.160647 0.157238 0.008857
2 5 0.159142 0.157238 0.008857
2 6 0.158390 0.157238 0.008857
2 7 0.156509 0.157238 0.008857
2 8 0.150865 0.157238 0.008857
2 9 0.145222 0.157238 0.008857
2 10 0.145974 0.157238 0.008857
2 11 0.143717 0.157238 0.008857
2 12 0.148232 0.157238 0.008857
2 13 0.148608 0.157238 0.008857
2 14 0.154628 0.157238 0.008857
2 15 0.158014 0.157238 0.008857
2 16 0.161776 0.157238 0.008857
2 17 0.162152 0.157238 0.008857
2 18 0.170053 0.157238 0.008857
2 19 0.164786 0.157238 0.008857
2 20 0.152746 0.157238 0.008857
3 0 0.163657 0.157238 0.008857
3 1 0.168172 0.157238 0.008857
3 2 0.165162 0.157238 0.008857
3 3 0.167043 0.157238 0.008857
3 4 0.164786 0.157238 0.008857
3 5 0.161023 0.157238 0.008857
3 6 0.158390 0.157238 0.008857
3 7 0.155380 0.157238 0.008857
3 8 0.150113 0.157238 0.008857
3 9 0.145598 0.157238 0.008857
3 10 0.142965 0.157238 0.008857
3 11 0.145974 0.157238 0.008857
3 12 0.153875 0.157238 0.008857
3 13 0.153499 0.157238 0.008857
3 14 0.156509 0.157238 0.008857
3 15 0.164409 0.157238 0.008857
3 16 0.167795 0.157238 0.008857
3 17 0.166290 0.157238 0.008857
3 18 0.165538 0.157238 0.008857
3 19 0.160647 0.157238 0.008857
3 20 0.152746 0.157238 0.008857
4 0 0.158390 0.157238 0.008857
4 1 0.159895 0.157238 0.008857
4 2 0.161400 0.157238 0.008857
4 3 0.162904 0.157238 0.008857
4 4 0.158766 0.157238 0.008857
4 5 0.160271 0.157238 0.008857
4 6 0.160271 0.157238 0.008857
4 7 0.156509 0.157238 0.008857
4 8 0.151994 0.157238 0.008857
4 9 0.149360 0.157238 0.008857
4 10 0.151618 0.157238 0.008857
4 11 0.149737 0.157238 0.008857
4 12 0.155004 0.157238 0.008857
4 13 0.157637 0.157238 0.008857
4 14 0.157261 0.157238 0.008857
4 15 0.163281 0.157238 0.008857
4 16 0.166290 0.157238 0.008857
4 17 0.167795 0.157238 0.008857
4 18 0.164786 0.157238 0.008857
4 19 0.156132 0.157238 0.008857
4 20 0.151242 0.157238 0.008857
5 0 0.145598 0.157238 0.008857
5 1 0.154251 0.157238 0.008857
5 2 0.158766 0.157238 0.008857
5 3 0.161023 0.157238 0.008857
5 4 0.156885 0.157238 0.008857
5 5 0.154251 0.157238 0.008857
5 6 0.157637 0.157238 0.008857
5 7 0.155004 0.157238 0.008857
5 8 0.149360 0.157238 0.008857
5 9 0.147103 0.157238 0.008857
5 10 0.152370 0.157238 0.008857
5 11 0.154251 0.157238 0.008857
5 12 0.158390 0.157238 0.008857
5 13 0.158390 0.157238 0.008857
5 14 0.155756 0.157238 0.008857
5 15 0.161776 0.157238 0.008857
5 16 0.165914 0.157238 0.008857
5 17 0.165914 0.157238 0.008857
5 18 0.163657 0.157238 0.008857
5 19 0.158766 0.157238 0.008857
5 20 0.150865 0.157238 0.008857
6 0 0.143717 0.157238 0.008857
6 1 0.147856 0.157238 0.008857
6 2 0.153123 0.157238 0.008857
6 3 0.152370 0.157238 0.008857
6 4 0.155004 0.157238 0.008857
6 5 0.151994 0.157238 0.008857
6 6 0.155380 0.157238 0.008857
6 7 0.155756 0.157238 0.008857
6 8 0.153123 0.157238 0.008857
6 9 0.145598 0.157238 0.008857
6 10 0.144093 0.157238 0.008857
6 11 0.154251 0.157238 0.008857
6 12 0.158390 0.157238 0.008857
6 13 0.158766 0.157238 0.008857
6 14 0.159142 0.157238 0.008857
6 15 0.157637 0.157238 0.008857
6 16 0.160271 0.157238 0.008857
6 17 0.159142 0.157238 0.008857
6 18 0.159142 0.157238 0.008857
6 19 0.155004 0.157238 0.008857
6 20 0.144470 0.157238 0.008857
7 0 0.138074 0.157238 0.008857
7 1 0.151242 0.157238 0.008857
7 2 0.153875 0.157238 0.008857
7 3 0.151242 0.157238 0.008857
7 4 0.151618 0.157238 0.008857
7 5 0.151618 0.157238 0.008857
7 6 0.147479 0.157238 0.008857
7 7 0.150865 0.157238 0.008857
7 8 0.151242 0.157238 0.008857
7 9 0.147479 0.157238 0.008857
7 10 0.148608 0.157238 0.008857
7 11 0.147103 0.157238 0.008857
7 12 0.154251 0.157238 0.008857
7 13 0.153499 0.157238 0.008857
7 14 0.153499 0.157238 0.008857
7 15 0.152746 0.157238 0.008857
7 16 0.158766 0.157238 0.008857
7 17 0.153875 0.157238 0.008857
7 18 0.156132 0.157238 0.008857
7 19 0.151994 0.157238 0.008857
7 20 0.145598 0.157238 0.008857
8 0 0.130549 0.157238 0.008857
8 1 0.143717 0.157238 0.008857
8 2 0.148608 0.157238 0.008857
8 3 0.153123 0.157238 0.008857
8 4 0.151994 0.157238 0.008857
8 5 0.150113 0.157238 0.008857
8 6 0.148984 0.157238 0.008857
8 7 0.146351 0.157238 0.008857
8 8 0.145222 0.157238 0.008857
8 9 0.145222 0.157238 0.008857
8 10 0.148984 0.157238 0.008857
8 11 0.148232 0.157238 0.008857
8 12 0.150113 0.157238 0.008857
8 13 0.150865 0.157238 0.008857
8 14 0.148984 0.157238 0.008857
8 15 0.151618 0.157238 0.008857
8 16 0.152746 0.157238 0.008857
8 17 0.154628 0.157238 0.008857
8 18 0.151242 0.157238 0.008857
8 19 0.146727 0.157238 0.008857
8 20 0.142588 0.157238 0.008857
9 0 0.135440 0.157238 0.008857
9 1 0.139202 0.157238 0.008857
9 2 0.150489 0.157238 0.008857
9 3 0.153123 0.157238 0.008857
9 4 0.154628 0.157238 0.008857
9 5 0.151242 0.157238 0.008857
9 6 0.151242 0.157238 0.008857
9 7 0.151242 0.157238 0.008857
9 8 0.149360 0.157238 0.008857
9 9 0.149360 0.157238 0.008857
9 10 0.147103 0.157238 0.008857
9 11 0.148232 0.157238 0.008857
9 12 0.151994 0.157238 0.008857
9 13 0.153499 0.157238 0.008857
9 14 0.149737 0.157238 0.008857
9 15 0.152746 0.157238 0.008857
9 16 0.155004 0.157238 0.008857
9 17 0.154251 0.157238 0.008857
9 18 0.151618 0.157238 0.008857
9 19 0.148984 0.157238 0.008857
9 20 0.142965 0.157238 0.008857
10 0 0.130549 0.157238 0.008857
10 1 0.139202 0.157238 0.008857
10 2 0.147479 0.157238 0.008857
10 3 0.149360 0.157238 0.008857
10 4 0.153875 0.157238 0.008857
10 5 0.154251 0.157238 0.008857
10 6 0.153875 0.157238 0.008857
10 7 0.152370 0.157238 0.008857
10 8 0.150865 0.157238 0.008857
10 9 0.145598 0.157238 0.008857
10 10 0.147479 0.157238 0.008857
10 11 0.146351 0.157238 0.008857
10 12 0.152370 0.157238 0.008857
10 13 0.156509 0.157238 0.008857
10 14 0.155756 0.157238 0.008857
10 15 0.159142 0.157238 0.008857
10 16 0.161023 0.157238 0.008857
10 17 0.158390 0.157238 0.008857
10 18 0.159895 0.157238 0.008857
10 19 0.149737 0.157238 0.008857
10 20 0.140707 0.157238 0.008857
11 0 0.139202 0.157238 0.008857
11 1 0.146727 0.157238 0.008857
11 2 0.148608 0.157238 0.008857
11 3 0.155756 0.157238 0.008857
11 4 0.156132 0.157238 0.008857
11 5 0.153875 0.157238 0.008857
11 6 0.152746 0.157238 0.008857
11 7 0.151242 0.157238 0.008857
11 8 0.148984 0.157238 0.008857
11 9 0.148608 0.157238 0.008857
11 10 0.149737 0.157238 0.008857
11 11 0.149360 0.157238 0.008857
11 12 0.150113 0.157238 0.008857
11 13 0.159895 0.157238 0.008857
11 14 0.156885 0.157238 0.008857
11 15 0.162528 0.157238 0.008857
11 16 0.165914 0.157238 0.008857
11 17 0.168924 0.157238 0.008857
11 18 0.162904 0.157238 0.008857
11 19 0.156509 0.157238 0.008857
11 20 0.146351 0.157238 0.008857
12 0 0.142212 0.157238 0.008857
12 1 0.152370 0.157238 0.008857
12 2 0.157261 0.157238 0.008857
12 3 0.161400 0.157238 0.008857
12 4 0.163281 0.157238 0.008857
12 5 0.159142 0.157238 0.008857
12 6 0.156509 0.157238 0.008857
12 7 0.159142 0.157238 0.008857
12 8 0.149360 0.157238 0.008857
12 9 0.147856 0.157238 0.008857
12 10 0.148232 0.157238 0.008857
12 11 0.147856 0.157238 0.008857
12 12 0.151994 0.157238 0.008857
12 13 0.156132 0.157238 0.008857
12 14 0.159518 0.157238 0.008857
12 15 0.162904 0.157238 0.008857
12 16 0.169676 0.157238 0.008857
12 17 0.172310 0.157238 0.008857
12 18 0.168548 0.157238 0.008857
12 19 0.164409 0.157238 0.008857
12 20 0.155004 0.157238 0.008857
13 0 0.148608 0.157238 0.008857
13 1 0.161023 0.157238 0.008857
13 2 0.162904 0.157238 0.008857
13 3 0.163281 0.157238 0.008857
13 4 0.165162 0.157238 0.008857
13 5 0.164033 0.157238 0.008857
13 6 0.158766 0.157238 0.008857
13 7 0.157637 0.157238 0.008857
13 8 0.152746 0.157238 0.008857
13 9 0.148984 0.157238 0.008857
13 10 0.153123 0.157238 0.008857
13 11 0.151994 0.157238 0.008857
13 12 0.156509 0.157238 0.008857
13 13 0.156509 0.157238 0.008857
13 14 0.157637 0.157238 0.008857
13 15 0.162528 0.157238 0.008857
13 16 0.167419 0.157238 0.008857
13 17 0.176072 0.157238 0.008857
13 18 0.175320 0.157238 0.008857
13 19 0.170053 0.157238 0.008857
13 20 0.158766 0.157238 0.008857
14 0 0.156885 0.157238 0.008857
14 1 0.166667 0.157238 0.008857
14 2 0.167043 0.157238 0.008857
14 3 0.165538 0.157238 0.008857
14 4 0.168924 0.157238 0.008857
14 5 0.164033 0.157238 0.008857
14 6 0.164786 0.157238 0.008857
14 7 0.162528 0.157238 0.008857
14 8 0.159895 0.157238 0.008857
14 9 0.153499 0.157238 0.008857
14 10 0.156885 0.157238 0.008857
14 11 0.150865 0.157238 0.008857
14 12 0.155756 0.157238 0.008857
14 13 0.159142 0.157238 0.008857
14 14 0.158014 0.157238 0.008857
14 15 0.163281 0.157238 0.008857
14 16 0.171558 0.157238 0.008857
14 17 0.179834 0.157238 0.008857
14 18 0.177201 0.157238 0.008857
14 19 0.167043 0.157238 0.008857
14 20 0.158014 0.157238 0.008857
15 0 0.159518 0.157238 0.008857
15 1 0.172686 0.157238 0.008857
15 2 0.171934 0.157238 0.008857
15 3 0.173062 0.157238 0.008857
15 4 0.170053 0.157238 0.008857
15 5 0.167043 0.157238 0.008857
15 6 0.169676 0.157238 0.008857
15 7 0.164786 0.157238 0.008857
15 8 0.162904 0.157238 0.008857
15 9 0.159895 0.157238 0.008857
15 10 0.158766 0.157238 0.008857
15 11 0.155004 0.157238 0.008857
15 12 0.158766 0.157238 0.008857
15 13 0.165162 0.157238 0.008857
15 14 0.162152 0.157238 0.008857
15 15 0.164786 0.157238 0.008857
15 16 0.173062 0.157238 0.008857
15 17 0.178706 0.157238 0.008857
15 18 0.179082 0.157238 0.008857
15 19 0.173062 0.157238 0.008857
15 20 0.164409 0.157238 0.008857
16 0 0.160647 0.157238 0.008857
16 1 0.170053 0.157238 0.008857
16 2 0.173439 0.157238 0.008857
16 3 0.175696 0.157238 0.008857
16 4 0.171558 0.157238 0.008857
16 5 0.167795 0.157238 0.008857
16 6 0.167419 0.157238 0.008857
16 7 0.161023 0.157238 0.008857
16 8 0.159895 0.157238 0.008857
16 9 0.155004 0.157238 0.008857
16 10 0.157261 0.157238 0.008857
16 11 0.161776 0.157238 0.008857
16 12 0.161776 0.157238 0.008857
16 13 0.165914 0.157238 0.008857
16 14 0.165162 0.157238 0.008857
16 15 0.165538 0.157238 0.008857
16 16 0.171181 0.157238 0.008857
16 17 0.176825 0.157238 0.008857
16 18 0.177953 0.157238 0.008857
16 19 0.169300 0.157238 0.008857
16 20 0.162528 0.157238 0.008857
17 0 0.161400 0.157238 0.008857
17 1 0.167795 0.157238 0.008857
17 2 0.170053 0.157238 0.008857
17 3 0.173439 0.157238 0.008857
17 4 0.170429 0.157238 0.008857
17 5 0.169676 0.157238 0.008857
17 6 0.164786 0.157238 0.008857
17 7 0.162528 0.157238 0.008857
17 8 0.156885 0.157238 0.008857
17 9 0.156509 0.157238 0.008857
17 10 0.155756 0.157238 0.008857
17 11 0.158766 0.157238 0.008857
17 12 0.162904 0.157238 0.008857
17 13 0.163657 0.157238 0.008857
17 14 0.164033 0.157238 0.008857
17 15 0.167043 0.157238 0.008857
17 16 0.168548 0.157238 0.008857
17 17 0.175696 0.157238 0.008857
17 18 0.175320 0.157238 0.008857
17 19 0.166290 0.157238 0.008857
17 20 0.158014 0.157238 0.008857
18 0 0.161023 0.157238 0.008857
18 1 0.164786 0.157238 0.008857
18 2 0.169676 0.157238 0.008857
18 3 0.177201 0.157238 0.008857
18 4 0.175320 0.157238 0.008857
18 5 0.167043 0.157238 0.008857
18 6 0.165914 0.157238 0.008857
18 7 0.163657 0.157238 0.008857
18 8 0.155756 0.157238 0.008857
18 9 0.153875 0.157238 0.008857
18 10 0.156509 0.157238 0.008857
18 11 0.154251 0.157238 0.008857
18 12 0.161776 0.157238 0.008857
18 13 0.163657 0.157238 0.008857
18 14 0.162904 0.157238 0.008857
18 15 0.164033 0.157238 0.008857
18 16 0.167419 0.157238 0.008857
18 17 0.169300 0.157238 0.008857
18 18 0.171181 0.157238 0.008857
18 19 0.163657 0.157238 0.008857
18 20 0.151994 0.157238 0.008857
19 0 0.157261 0.157238 0.008857
19 1 0.158390 0.157238 0.008857
19 2 0.162904 0.157238 0.008857
19 3 0.170429 0.157238 0.008857
19 4 0.161023 0.157238 0.008857
19 5 0.161023 0.157238 0.008857
19 6 0.159518 0.157238 0.008857
19 7 0.158766 0.157238 0.008857
19 8 0.153499 0.157238 0.008857
19 9 0.153123 0.157238 0.008857
19 10 0.152746 0.157238 0.008857
19 11 0.153499 0.157238 0.008857
19 12 0.156885 0.157238 0.008857
19 13 0.158390 0.157238 0.008857
19 14 0.158014 0.157238 0.008857
19 15 0.162904 0.157238 0.008857
19 16 0.164033 0.157238 0.008857
19 17 0.165538 0.157238 0.008857
19 18 0.168548 0.157238 0.008857
19 19 0.158014 0.157238 0.008857
19 20 0.148608 0.157238 0.008857
20 0 0.156509 0.157238 0.008857
20 1 0.157637 0.157238 0.008857
20 2 0.161400 0.157238 0.008857
20 3 0.159895 0.157238 0.008857
20 4 0.157637 0.157238 0.008857
20 5 0.157637 0.157238 0.008857
20 6 0.156509 0.157238 0.008857
20 7 0.151618 0.157238 0.008857
20 8 0.151618 0.157238 0.008857
20 9 0.150113 0.157238 0.008857
20 10 0.151242 0.157238 0.008857
20 11 0.151242 0.157238 0.008857
20 12 0.154251 0.157238 0.008857
20 13 0.152746 0.157238 0.008857
20 14 0.155756 0.157238 0.008857
20 15 0.161023 0.157238 0.008857
20 16 0.164033 0.157238 0.008857
20 17 0.161023 0.157238 0.008857
20 18 0.164786 0.157238 0.008857
20 19 0.152746 0.157238 0.008857
20 20 0.148232 0.157238 0.008857
