# contact distance = 28.0 Angstroms
# F = 0.4 kJ/mol

# i j contact_probability mean_contact_probability stddev_contact_probability
0 0 0.139354 0.164513 0.010750
0 1 0.143441 0.164513 0.010750
0 2 0.142914 0.164513 0.010750
0 3 0.138299 0.164513 0.010750
0 4 0.138827 0.164513 0.010750
0 5 0.140277 0.164513 0.010750
0 6 0.143573 0.164513 0.010750
0 7 0.143045 0.164513 0.010750
0 8 0.146078 0.164513 0.010750
0 9 0.146605 0.164513 0.010750
0 10 0.151747 0.164513 0.010750
0 11 0.152802 0.164513 0.010750
0 12 0.155438 0.164513 0.010750
0 13 0.160185 0.164513 0.010750
0 14 0.160580 0.164513 0.010750
0 15 0.159921 0.164513 0.010750
0 16 0.162821 0.164513 0.010750
0 17 0.162821 0.164513 0.010750
0 18 0.163349 0.164513 0.010750
0 19 0.160185 0.164513 0.010750
0 20 0.155834 0.164513 0.010750
1 0 0.144496 0.164513 0.010750
1 1 0.144891 0.164513 0.010750
1 2 0.147264 0.164513 0.010750
1 3 0.143968 0.164513 0.010750
1 4 0.142650 0.164513 0.010750
1 5 0.143177 0.164513 0.010750
1 6 0.146605 0.164513 0.010750
1 7 0.146737 0.164513 0.010750
1 8 0.149637 0.164513 0.010750
1 9 0.151351 0.164513 0.010750
1 10 0.153988 0.164513 0.010750
1 11 0.154911 0.164513 0.010750
1 12 0.158075 0.164513 0.010750
1 13 0.158998 0.164513 0.010750
1 14 0.162426 0.164513 0.010750
1 15 0.163217 0.164513 0.010750
1 16 0.167436 0.164513 0.010750
1 17 0.165590 0.164513 0.010750
1 18 0.166117 0.164513 0.010750
1 19 0.164008 0.164513 0.010750
1 20 0.159394 0.164513 0.010750
2 0 0.145682 0.164513 0.010750
2 1 0.146737 0.164513 0.010750
2 2 0.148583 0.164513 0.010750
2 3 0.147001 0.164513 0.010750
2 4 0.144364 0.164513 0.010750
2 5 0.145550 0.164513 0.010750
2 6 0.149637 0.164513 0.010750
2 7 0.149769 0.164513 0.010750
2 8 0.151483 0.164513 0.010750
2 9 0.156889 0.164513 0.010750
2 10 0.157811 0.164513 0.010750
2 11 0.159789 0.164513 0.010750
2 12 0.160976 0.164513 0.010750
2 13 0.163876 0.164513 0.010750
2 14 0.164667 0.164513 0.010750
2 15 0.167436 0.164513 0.010750
2 16 0.172050 0.164513 0.010750
2 17 0.169150 0.164513 0.010750
2 18 0.169677 0.164513 0.010750
2 19 0.168095 0.164513 0.010750
2 20 0.162953 0.164513 0.010750
3 0 0.140277 0.164513 0.010750
3 1 0.144364 0.164513 0.010750
3 2 0.143837 0.164513 0.010750
3 3 0.145419 0.164513 0.010750
3 4 0.146078 0.164513 0.010750
3 5 0.148978 0.164513 0.010750
3 6 0.154252 0.164513 0.010750
3 7 0.150824 0.164513 0.010750
3 8 0.154647 0.164513 0.010750
3 9 0.155043 0.164513 0.010750
3 10 0.161371 0.164513 0.010750
3 11 0.161767 0.164513 0.010750
3 12 0.161503 0.164513 0.010750
3 13 0.165063 0.164513 0.010750
3 14 0.166645 0.164513 0.010750
3 15 0.169281 0.164513 0.010750
3 16 0.172182 0.164513 0.010750
3 17 0.174291 0.164513 0.010750
3 18 0.174160 0.164513 0.010750
3 19 0.169018 0.164513 0.010750
3 20 0.165326 0.164513 0.010750
4 0 0.139354 0.164513 0.010750
4 1 0.142254 0.164513 0.010750
4 2 0.144364 0.164513 0.010750
4 3 0.144628 0.164513 0.010750
4 4 0.148319 0.164513 0.010750
4 5 0.148715 0.164513 0.010750
4 6 0.151615 0.164513 0.010750
4 7 0.151615 0.164513 0.010750
4 8 0.153856 0.164513 0.010750
4 9 0.157152 0.164513 0.010750
4 10 0.159525 0.164513 0.010750
4 11 0.163349 0.164513 0.010750
4 12 0.164799 0.164513 0.010750
4 13 0.167436 0.164513 0.010750
4 14 0.168095 0.164513 0.010750
4 15 0.172050 0.164513 0.010750
4 16 0.174160 0.164513 0.010750
4 17 0.173500 0.164513 0.010750
4 18 0.173368 0.164513 0.010750
4 19 0.169413 0.164513 0.010750
4 20 0.164535 0.164513 0.010750
5 0 0.137113 0.164513 0.010750
5 1 0.138827 0.164513 0.010750
5 2 0.142518 0.164513 0.010750
5 3 0.143177 0.164513 0.010750
5 4 0.146210 0.164513 0.010750
5 5 0.148055 0.164513 0.010750
5 6 0.151747 0.164513 0.010750
5 7 0.152011 0.164513 0.010750
5 8 0.153988 0.164513 0.010750
5 9 0.155966 0.164513 0.010750
5 10 0.160053 0.164513 0.010750
5 11 0.162162 0.164513 0.010750
5 12 0.165985 0.164513 0.010750
5 13 0.166249 0.164513 0.010750
5 14 0.169809 0.164513 0.010750
5 15 0.172446 0.164513 0.010750
5 16 0.175873 0.164513 0.010750
5 17 0.172973 0.164513 0.010750
5 18 0.170600 0.164513 0.010750
5 19 0.165985 0.164513 0.010750
5 20 0.163085 0.164513 0.010750
6 0 0.139222 0.164513 0.010750
6 1 0.142123 0.164513 0.010750
6 2 0.146473 0.164513 0.010750
6 3 0.147132 0.164513 0.010750
6 4 0.146210 0.164513 0.010750
6 5 0.149110 0.164513 0.010750
6 6 0.153461 0.164513 0.010750
6 7 0.154647 0.164513 0.010750
6 8 0.158471 0.164513 0.010750
6 9 0.160185 0.164513 0.010750
6 10 0.164667 0.164513 0.010750
6 11 0.164140 0.164513 0.010750
6 12 0.166381 0.164513 0.010750
6 13 0.167436 0.164513 0.010750
6 14 0.171127 0.164513 0.010750
6 15 0.171786 0.164513 0.010750
6 16 0.172182 0.164513 0.010750
6 17 0.173105 0.164513 0.010750
6 18 0.171127 0.164513 0.010750
6 19 0.166645 0.164513 0.010750
6 20 0.165194 0.164513 0.010750
7 0 0.138827 0.164513 0.010750
7 1 0.143837 0.164513 0.010750
7 2 0.146605 0.164513 0.010750
7 3 0.148319 0.164513 0.010750
7 4 0.151220 0.164513 0.010750
7 5 0.151747 0.164513 0.010750
7 6 0.155043 0.164513 0.010750
7 7 0.156493 0.164513 0.010750
7 8 0.160316 0.164513 0.010750
7 9 0.163085 0.164513 0.010750
7 10 0.161371 0.164513 0.010750
7 11 0.165722 0.164513 0.010750
7 12 0.168227 0.164513 0.010750
7 13 0.167699 0.164513 0.010750
7 14 0.168490 0.164513 0.010750
7 15 0.169545 0.164513 0.010750
7 16 0.171391 0.164513 0.010750
7 17 0.170204 0.164513 0.010750
7 18 0.168886 0.164513 0.010750
7 19 0.165326 0.164513 0.010750
7 20 0.164667 0.164513 0.010750
8 0 0.141200 0.164513 0.010750
8 1 0.148978 0.164513 0.010750
8 2 0.153461 0.164513 0.010750
8 3 0.153065 0.164513 0.010750
8 4 0.152406 0.164513 0.010750
8 5 0.153856 0.164513 0.010750
8 6 0.157548 0.164513 0.010750
8 7 0.162162 0.164513 0.010750
8 8 0.164667 0.164513 0.010750
8 9 0.163744 0.164513 0.010750
8 10 0.162426 0.164513 0.010750
8 11 0.165985 0.164513 0.010750
8 12 0.167699 0.164513 0.010750
8 13 0.168490 0.164513 0.010750
8 14 0.170204 0.164513 0.010750
8 15 0.170995 0.164513 0.010750
8 16 0.169941 0.164513 0.010750
8 17 0.171391 0.164513 0.010750
8 18 0.167699 0.164513 0.010750
8 19 0.167568 0.164513 0.010750
8 20 0.164535 0.164513 0.010750
9 0 0.141463 0.164513 0.010750
9 1 0.150560 0.164513 0.010750
9 2 0.153724 0.164513 0.010750
9 3 0.154911 0.164513 0.010750
9 4 0.154384 0.164513 0.010750
9 5 0.157020 0.164513 0.010750
9 6 0.161371 0.164513 0.010750
9 7 0.162690 0.164513 0.010750
9 8 0.165458 0.164513 0.010750
9 9 0.164403 0.164513 0.010750
9 10 0.167040 0.164513 0.010750
9 11 0.166645 0.164513 0.010750
9 12 0.169018 0.164513 0.010750
9 13 0.168754 0.164513 0.010750
9 14 0.170995 0.164513 0.010750
9 15 0.172050 0.164513 0.010750
9 16 0.172050 0.164513 0.010750
9 17 0.172973 0.164513 0.010750
9 18 0.168754 0.164513 0.010750
9 19 0.167172 0.164513 0.010750
9 20 0.162690 0.164513 0.010750
10 0 0.149242 0.164513 0.010750
10 1 0.152406 0.164513 0.010750
10 2 0.156625 0.164513 0.010750
10 3 0.160316 0.164513 0.010750
10 4 0.161107 0.164513 0.010750
10 5 0.161107 0.164513 0.010750
10 6 0.164667 0.164513 0.010750
10 7 0.165194 0.164513 0.010750
10 8 0.167831 0.164513 0.010750
10 9 0.169281 0.164513 0.010750
10 10 0.170073 0.164513 0.010750
10 11 0.170204 0.164513 0.010750
10 12 0.171918 0.164513 0.010750
10 13 0.171918 0.164513 0.010750
10 14 0.174291 0.164513 0.010750
10 15 0.175742 0.164513 0.010750
10 16 0.174951 0.164513 0.010750
10 17 0.174291 0.164513 0.010750
10 18 0.173237 0.164513 0.010750
10 19 0.169018 0.164513 0.010750
10 20 0.164535 0.164513 0.010750
11 0 0.152538 0.164513 0.010750
11 1 0.159789 0.164513 0.010750
11 2 0.160976 0.164513 0.010750
11 3 0.163481 0.164513 0.010750
11 4 0.165063 0.164513 0.010750
11 5 0.165985 0.164513 0.010750
11 6 0.168095 0.164513 0.010750
11 7 0.164667 0.164513 0.010750
11 8 0.171391 0.164513 0.010750
11 9 0.171655 0.164513 0.010750
11 10 0.170864 0.164513 0.010750
11 11 0.173105 0.164513 0.010750
11 12 0.175742 0.164513 0.010750
11 13 0.174423 0.164513 0.010750
11 14 0.175610 0.164513 0.010750
11 15 0.176533 0.164513 0.010750
11 16 0.177719 0.164513 0.010750
11 17 0.177324 0.164513 0.010750
11 18 0.174819 0.164513 0.010750
11 19 0.171655 0.164513 0.010750
11 20 0.166777 0.164513 0.010750
12 0 0.158734 0.164513 0.010750
12 1 0.162162 0.164513 0.010750
12 2 0.165458 0.164513 0.010750
12 3 0.167436 0.164513 0.010750
12 4 0.167831 0.164513 0.010750
12 5 0.170073 0.164513 0.010750
12 6 0.172841 0.164513 0.010750
12 7 0.168622 0.164513 0.010750
12 8 0.171391 0.164513 0.010750
12 9 0.174028 0.164513 0.010750
12 10 0.176269 0.164513 0.010750
12 11 0.176137 0.164513 0.010750
12 12 0.178115 0.164513 0.010750
12 13 0.176401 0.164513 0.010750
12 14 0.177983 0.164513 0.010750
12 15 0.179697 0.164513 0.010750
12 16 0.179697 0.164513 0.010750
12 17 0.182202 0.164513 0.010750
12 18 0.177719 0.164513 0.010750
12 19 0.171786 0.164513 0.010750
12 20 0.169677 0.164513 0.010750
13 0 0.160844 0.164513 0.010750
13 1 0.163744 0.164513 0.010750
13 2 0.166249 0.164513 0.010750
13 3 0.169413 0.164513 0.010750
13 4 0.169809 0.164513 0.010750
13 5 0.169941 0.164513 0.010750
13 6 0.172182 0.164513 0.010750
13 7 0.171259 0.164513 0.010750
13 8 0.175478 0.164513 0.010750
13 9 0.173764 0.164513 0.010750
13 10 0.175873 0.164513 0.010750
13 11 0.175742 0.164513 0.010750
13 12 0.176005 0.164513 0.010750
13 13 0.175346 0.164513 0.010750
13 14 0.178510 0.164513 0.010750
13 15 0.178378 0.164513 0.010750
13 16 0.180356 0.164513 0.010750
13 17 0.178906 0.164513 0.010750
13 18 0.175742 0.164513 0.010750
13 19 0.170995 0.164513 0.010750
13 20 0.166777 0.164513 0.010750
14 0 0.165194 0.164513 0.010750
14 1 0.168490 0.164513 0.010750
14 2 0.170995 0.164513 0.010750
14 3 0.171127 0.164513 0.010750
14 4 0.171918 0.164513 0.010750
14 5 0.172841 0.164513 0.010750
14 6 0.174028 0.164513 0.010750
14 7 0.175082 0.164513 0.010750
14 8 0.178378 0.164513 0.010750
14 9 0.179038 0.164513 0.010750
14 10 0.177456 0.164513 0.010750
14 11 0.177324 0.164513 0.010750
14 12 0.176401 0.164513 0.010750
14 13 0.178642 0.164513 0.010750
14 14 0.179565 0.164513 0.010750
14 15 0.180883 0.164513 0.010750
14 16 0.179829 0.164513 0.010750
14 17 0.179169 0.164513 0.010750
14 18 0.175214 0.164513 0.010750
14 19 0.171918 0.164513 0.010750
14 20 0.165326 0.164513 0.010750
15 0 0.165326 0.164513 0.010750
15 1 0.168622 0.164513 0.010750
15 2 0.172841 0.164513 0.010750
15 3 0.173237 0.164513 0.010750
15 4 0.171786 0.164513 0.010750
15 5 0.171918 0.164513 0.010750
15 6 0.174555 0.164513 0.010750
15 7 0.176137 0.164513 0.010750
15 8 0.177456 0.164513 0.010750
15 9 0.177456 0.164513 0.010750
15 10 0.176401 0.164513 0.010750
15 11 0.177719 0.164513 0.010750
15 12 0.177587 0.164513 0.010750
15 13 0.177192 0.164513 0.010750
15 14 0.178642 0.164513 0.010750
15 15 0.179433 0.164513 0.010750
15 16 0.177983 0.164513 0.010750
15 17 0.175214 0.164513 0.010750
15 18 0.174291 0.164513 0.010750
15 19 0.167963 0.164513 0.010750
15 20 0.162953 0.164513 0.010750
16 0 0.167172 0.164513 0.010750
16 1 0.169809 0.164513 0.010750
16 2 0.170864 0.164513 0.010750
16 3 0.173368 0.164513 0.010750
16 4 0.174160 0.164513 0.010750
16 5 0.176533 0.164513 0.010750
16 6 0.175873 0.164513 0.010750
16 7 0.176664 0.164513 0.010750
16 8 0.178115 0.164513 0.010750
16 9 0.179697 0.164513 0.010750
16 10 0.179829 0.164513 0.010750
16 11 0.177719 0.164513 0.010750
16 12 0.178115 0.164513 0.010750
16 13 0.176928 0.164513 0.010750
16 14 0.178642 0.164513 0.010750
16 15 0.179433 0.164513 0.010750
16 16 0.177324 0.164513 0.010750
16 17 0.176137 0.164513 0.010750
16 18 0.171259 0.164513 0.010750
16 19 0.168227 0.164513 0.010750
16 20 0.161239 0.164513 0.010750
17 0 0.166381 0.164513 0.010750
17 1 0.167699 0.164513 0.010750
17 2 0.171127 0.164513 0.010750
17 3 0.172973 0.164513 0.010750
17 4 0.175873 0.164513 0.010750
17 5 0.175742 0.164513 0.010750
17 6 0.177456 0.164513 0.010750
17 7 0.176533 0.164513 0.010750
17 8 0.178247 0.164513 0.010750
17 9 0.180751 0.164513 0.010750
17 10 0.179301 0.164513 0.010750
17 11 0.176401 0.164513 0.010750
17 12 0.177719 0.164513 0.010750
17 13 0.176928 0.164513 0.010750
17 14 0.177060 0.164513 0.010750
17 15 0.177851 0.164513 0.010750
17 16 0.175478 0.164513 0.010750
17 17 0.175082 0.164513 0.010750
17 18 0.169413 0.164513 0.010750
17 19 0.163217 0.164513 0.010750
17 20 0.157943 0.164513 0.010750
18 0 0.164272 0.164513 0.010750
18 1 0.166249 0.164513 0.010750
18 2 0.170073 0.164513 0.010750
18 3 0.172446 0.164513 0.010750
18 4 0.173896 0.164513 0.010750
18 5 0.175742 0.164513 0.010750
18 6 0.174555 0.164513 0.010750
18 7 0.174028 0.164513 0.010750
18 8 0.176005 0.164513 0.010750
18 9 0.175346 0.164513 0.010750
18 10 0.176137 0.164513 0.010750
18 11 0.175082 0.164513 0.010750
18 12 0.173105 0.164513 0.010750
18 13 0.171391 0.164513 0.010750
18 14 0.172973 0.164513 0.010750
18 15 0.171655 0.164513 0.010750
18 16 0.171391 0.164513 0.010750
18 17 0.169545 0.164513 0.010750
18 18 0.165590 0.164513 0.010750
18 19 0.159657 0.164513 0.010750
18 20 0.155702 0.164513 0.010750
19 0 0.159657 0.164513 0.010750
19 1 0.162162 0.164513 0.010750
19 2 0.166381 0.164513 0.010750
19 3 0.167436 0.164513 0.010750
19 4 0.167568 0.164513 0.010750
19 5 0.168886 0.164513 0.010750
19 6 0.171655 0.164513 0.010750
19 7 0.170336 0.164513 0.010750
19 8 0.171523 0.164513 0.010750
19 9 0.169809 0.164513 0.010750
19 10 0.167831 0.164513 0.010750
19 11 0.169281 0.164513 0.010750
19 12 0.168095 0.164513 0.010750
19 13 0.167172 0.164513 0.010750
19 14 0.166381 0.164513 0.010750
19 15 0.167831 0.164513 0.010750
19 16 0.162558 0.164513 0.010750
19 17 0.161371 0.164513 0.010750
19 18 0.156757 0.164513 0.010750
19 19 0.154647 0.164513 0.010750
19 20 0.148451 0.164513 0.010750
20 0 0.156889 0.164513 0.010750
20 1 0.158075 0.164513 0.010750
20 2 0.161239 0.164513 0.010750
20 3 0.164272 0.164513 0.010750
20 4 0.163481 0.164513 0.010750
20 5 0.166117 0.164513 0.010750
20 6 0.166513 0.164513 0.010750
20 7 0.164140 0.164513 0.010750
20 8 0.165458 0.164513 0.010750
20 9 0.163349 0.164513 0.010750
20 10 0.160448 0.164513 0.010750
20 11 0.158207 0.164513 0.010750
20 12 0.163217 0.164513 0.010750
20 13 0.162821 0.164513 0.010750
20 14 0.159394 0.164513 0.010750
20 15 0.160316 0.164513 0.010750
20 16 0.157284 0.164513 0.010750
20 17 0.155438 0.164513 0.010750
20 18 0.150297 0.164513 0.010750
20 19 0.148451 0.164513 0.010750
20 20 0.141991 0.164513 0.010750
