# contact distance = 28.0 Angstroms
# F = 0.4 kJ/mol

# i j contact_probability mean_contact_probability stddev_contact_probability
0 0 0.160156 0.149167 0.008259
0 1 0.162362 0.149167 0.008259
0 2 0.162103 0.149167 0.008259
0 3 0.163530 0.149167 0.008259
0 4 0.161843 0.149167 0.008259
0 5 0.156392 0.149167 0.008259
0 6 0.152628 0.149167 0.008259
0 7 0.148994 0.149167 0.008259
0 8 0.143933 0.149167 0.008259
0 9 0.141207 0.149167 0.008259
0 10 0.143543 0.149167 0.008259
0 11 0.145750 0.149167 0.008259
0 12 0.145750 0.149167 0.008259
0 13 0.149513 0.149167 0.008259
0 14 0.151330 0.149167 0.008259
0 15 0.152888 0.149167 0.008259
0 16 0.152239 0.149167 0.008259
0 17 0.149254 0.149167 0.008259
0 18 0.149903 0.149167 0.008259
0 19 0.148994 0.149167 0.008259
0 20 0.143413 0.149167 0.008259
1 0 0.159896 0.149167 0.008259
1 1 0.165088 0.149167 0.008259
1 2 0.164698 0.149167 0.008259
1 3 0.164698 0.149167 0.008259
1 4 0.164309 0.149167 0.008259
1 5 0.159637 0.149167 0.008259
1 6 0.156911 0.149167 0.008259
1 7 0.153018 0.149167 0.008259
1 8 0.148345 0.149167 0.008259
1 9 0.146398 0.149167 0.008259
1 10 0.148605 0.149167 0.008259
1 11 0.147177 0.149167 0.008259
1 12 0.149254 0.149167 0.008259
1 13 0.152369 0.149167 0.008259
1 14 0.152888 0.149167 0.008259
1 15 0.153926 0.149167 0.008259
1 16 0.153407 0.149167 0.008259
1 17 0.151330 0.149167 0.008259
1 18 0.151720 0.149167 0.008259
1 19 0.150032 0.149167 0.008259
1 20 0.146528 0.149167 0.008259
2 0 0.162492 0.149167 0.008259
2 1 0.168073 0.149167 0.008259
2 2 0.168851 0.149167 0.008259
2 3 0.169630 0.149167 0.008259
2 4 0.167164 0.149167 0.008259
2 5 0.164049 0.149167 0.008259
2 6 0.157041 0.149167 0.008259
2 7 0.157430 0.149167 0.008259
2 8 0.152109 0.149167 0.008259
2 9 0.150422 0.149167 0.008259
2 10 0.150811 0.149167 0.008259
2 11 0.154056 0.149167 0.008259
2 12 0.153926 0.149167 0.008259
2 13 0.154964 0.149167 0.008259
2 14 0.155224 0.149167 0.008259
2 15 0.155483 0.149167 0.008259
2 16 0.156652 0.149167 0.008259
2 17 0.153666 0.149167 0.008259
2 18 0.153407 0.149167 0.008259
2 19 0.149254 0.149167 0.008259
2 20 0.147177 0.149167 0.008259
3 0 0.161973 0.149167 0.008259
3 1 0.167164 0.149167 0.008259
3 2 0.167424 0.149167 0.008259
3 3 0.167294 0.149167 0.008259
3 4 0.167943 0.149167 0.008259
3 5 0.163400 0.149167 0.008259
3 6 0.158079 0.149167 0.008259
3 7 0.157560 0.149167 0.008259
3 8 0.152369 0.149167 0.008259
3 9 0.150552 0.149167 0.008259
3 10 0.152109 0.149167 0.008259
3 11 0.156132 0.149167 0.008259
3 12 0.153018 0.149167 0.008259
3 13 0.156132 0.149167 0.008259
3 14 0.156652 0.149167 0.008259
3 15 0.155483 0.149167 0.008259
3 16 0.155224 0.149167 0.008259
3 17 0.154186 0.149167 0.008259
3 18 0.154186 0.149167 0.008259
3 19 0.152239 0.149167 0.008259
3 20 0.149254 0.149167 0.008259
4 0 0.160286 0.149167 0.008259
4 1 0.163790 0.149167 0.008259
4 2 0.165737 0.149167 0.008259
4 3 0.166126 0.149167 0.008259
4 4 0.165607 0.149167 0.008259
4 5 0.163271 0.149167 0.008259
4 6 0.158858 0.149167 0.008259
4 7 0.154835 0.149167 0.008259
4 8 0.151849 0.149167 0.008259
4 9 0.150032 0.149167 0.008259
4 10 0.150941 0.149167 0.008259
4 11 0.151590 0.149167 0.008259
4 12 0.151979 0.149167 0.008259
4 13 0.155224 0.149167 0.008259
4 14 0.155873 0.149167 0.008259
4 15 0.155743 0.149167 0.008259
4 16 0.155743 0.149167 0.008259
4 17 0.156262 0.149167 0.008259
4 18 0.154056 0.149167 0.008259
4 19 0.149384 0.149167 0.008259
4 20 0.148086 0.149167 0.008259
5 0 0.156911 0.149167 0.008259
5 1 0.161973 0.149167 0.008259
5 2 0.163011 0.149167 0.008259
5 3 0.163011 0.149167 0.008259
5 4 0.162362 0.149167 0.008259
5 5 0.161324 0.149167 0.008259
5 6 0.156392 0.149167 0.008259
5 7 0.154835 0.149167 0.008259
5 8 0.152369 0.149167 0.008259
5 9 0.148086 0.149167 0.008259
5 10 0.149124 0.149167 0.008259
5 11 0.150422 0.149167 0.008259
5 12 0.150292 0.149167 0.008259
5 13 0.151201 0.149167 0.008259
5 14 0.154445 0.149167 0.008259
5 15 0.157171 0.149167 0.008259
5 16 0.157171 0.149167 0.008259
5 17 0.157560 0.149167 0.008259
5 18 0.154705 0.149167 0.008259
5 19 0.151071 0.149167 0.008259
5 20 0.147696 0.149167 0.008259
6 0 0.150552 0.149167 0.008259
6 1 0.153926 0.149167 0.008259
6 2 0.157041 0.149167 0.008259
6 3 0.158728 0.149167 0.008259
6 4 0.159507 0.149167 0.008259
6 5 0.158079 0.149167 0.008259
6 6 0.152239 0.149167 0.008259
6 7 0.150032 0.149167 0.008259
6 8 0.148086 0.149167 0.008259
6 9 0.146009 0.149167 0.008259
6 10 0.145879 0.149167 0.008259
6 11 0.146139 0.149167 0.008259
6 12 0.146788 0.149167 0.008259
6 13 0.149254 0.149167 0.008259
6 14 0.152239 0.149167 0.008259
6 15 0.154186 0.149167 0.008259
6 16 0.153926 0.149167 0.008259
6 17 0.153407 0.149167 0.008259
6 18 0.152498 0.149167 0.008259
6 19 0.147956 0.149167 0.008259
6 20 0.144452 0.149167 0.008259
7 0 0.144581 0.149167 0.008259
7 1 0.148345 0.149167 0.008259
7 2 0.151590 0.149167 0.008259
7 3 0.153277 0.149167 0.008259
7 4 0.153796 0.149167 0.008259
7 5 0.151849 0.149167 0.008259
7 6 0.148735 0.149167 0.008259
7 7 0.146918 0.149167 0.008259
7 8 0.145750 0.149167 0.008259
7 9 0.141467 0.149167 0.008259
7 10 0.141207 0.149167 0.008259
7 11 0.143284 0.149167 0.008259
7 12 0.146528 0.149167 0.008259
7 13 0.148864 0.149167 0.008259
7 14 0.149124 0.149167 0.008259
7 15 0.151201 0.149167 0.008259
7 16 0.150941 0.149167 0.008259
7 17 0.146918 0.149167 0.008259
7 18 0.146658 0.149167 0.008259
7 19 0.146009 0.149167 0.008259
7 20 0.141856 0.149167 0.008259
8 0 0.140039 0.149167 0.008259
8 1 0.144711 0.149167 0.008259
8 2 0.148735 0.149167 0.008259
8 3 0.151590 0.149167 0.008259
8 4 0.150941 0.149167 0.008259
8 5 0.148345 0.149167 0.008259
8 6 0.145750 0.149167 0.008259
8 7 0.144581 0.149167 0.008259
8 8 0.142375 0.149167 0.008259
8 9 0.139520 0.149167 0.008259
8 10 0.141337 0.149167 0.008259
8 11 0.142635 0.149167 0.008259
8 12 0.143154 0.149167 0.008259
8 13 0.147696 0.149167 0.008259
8 14 0.146658 0.149167 0.008259
8 15 0.148215 0.149167 0.008259
8 16 0.147307 0.149167 0.008259
8 17 0.146528 0.149167 0.008259
8 18 0.145620 0.149167 0.008259
8 19 0.142375 0.149167 0.008259
8 20 0.138482 0.149167 0.008259
9 0 0.144062 0.149167 0.008259
9 1 0.148864 0.149167 0.008259
9 2 0.151330 0.149167 0.008259
9 3 0.153407 0.149167 0.008259
9 4 0.154445 0.149167 0.008259
9 5 0.152498 0.149167 0.008259
9 6 0.148345 0.149167 0.008259
9 7 0.145879 0.149167 0.008259
9 8 0.141467 0.149167 0.008259
9 9 0.142116 0.149167 0.008259
9 10 0.143413 0.149167 0.008259
9 11 0.144452 0.149167 0.008259
9 12 0.143673 0.149167 0.008259
9 13 0.146918 0.149167 0.008259
9 14 0.147956 0.149167 0.008259
9 15 0.147696 0.149167 0.008259
9 16 0.146788 0.149167 0.008259
9 17 0.146139 0.149167 0.008259
9 18 0.145750 0.149167 0.008259
9 19 0.140688 0.149167 0.008259
9 20 0.140299 0.149167 0.008259
10 0 0.145620 0.149167 0.008259
10 1 0.149643 0.149167 0.008259
10 2 0.153666 0.149167 0.008259
10 3 0.155224 0.149167 0.008259
10 4 0.155224 0.149167 0.008259
10 5 0.156132 0.149167 0.008259
10 6 0.149124 0.149167 0.008259
10 7 0.146139 0.149167 0.008259
10 8 0.140428 0.149167 0.008259
10 9 0.140428 0.149167 0.008259
10 10 0.141077 0.149167 0.008259
10 11 0.143413 0.149167 0.008259
10 12 0.143413 0.149167 0.008259
10 13 0.145620 0.149167 0.008259
10 14 0.147567 0.149167 0.008259
10 15 0.147177 0.149167 0.008259
10 16 0.147567 0.149167 0.008259
10 17 0.147177 0.149167 0.008259
10 18 0.145879 0.149167 0.008259
10 19 0.143284 0.149167 0.008259
10 20 0.139130 0.149167 0.008259
11 0 0.149643 0.149167 0.008259
11 1 0.152239 0.149167 0.008259
11 2 0.152628 0.149167 0.008259
11 3 0.156003 0.149167 0.008259
11 4 0.157430 0.149167 0.008259
11 5 0.155743 0.149167 0.008259
11 6 0.150681 0.149167 0.008259
11 7 0.146658 0.149167 0.008259
11 8 0.142245 0.149167 0.008259
11 9 0.140169 0.149167 0.008259
11 10 0.140947 0.149167 0.008259
11 11 0.143673 0.149167 0.008259
11 12 0.142245 0.149167 0.008259
11 13 0.145750 0.149167 0.008259
11 14 0.146918 0.149167 0.008259
11 15 0.149513 0.149167 0.008259
11 16 0.149124 0.149167 0.008259
11 17 0.147307 0.149167 0.008259
11 18 0.146269 0.149167 0.008259
11 19 0.143673 0.149167 0.008259
11 20 0.138611 0.149167 0.008259
12 0 0.150941 0.149167 0.008259
12 1 0.154186 0.149167 0.008259
12 2 0.153537 0.149167 0.008259
12 3 0.156911 0.149167 0.008259
12 4 0.157300 0.149167 0.008259
12 5 0.156652 0.149167 0.008259
12 6 0.151330 0.149167 0.008259
12 7 0.148475 0.149167 0.008259
12 8 0.145230 0.149167 0.008259
12 9 0.142635 0.149167 0.008259
12 10 0.139779 0.149167 0.008259
12 11 0.143154 0.149167 0.008259
12 12 0.143673 0.149167 0.008259
12 13 0.145101 0.149167 0.008259
12 14 0.146269 0.149167 0.008259
12 15 0.150032 0.149167 0.008259
12 16 0.148994 0.149167 0.008259
12 17 0.149903 0.149167 0.008259
12 18 0.148086 0.149167 0.008259
12 19 0.146398 0.149167 0.008259
12 20 0.141726 0.149167 0.008259
13 0 0.154315 0.149167 0.008259
13 1 0.157171 0.149167 0.008259
13 2 0.159377 0.149167 0.008259
13 3 0.160934 0.149167 0.008259
13 4 0.163011 0.149167 0.008259
13 5 0.158988 0.149167 0.008259
13 6 0.154705 0.149167 0.008259
13 7 0.149643 0.149167 0.008259
13 8 0.146788 0.149167 0.008259
13 9 0.143024 0.149167 0.008259
13 10 0.143673 0.149167 0.008259
13 11 0.146139 0.149167 0.008259
13 12 0.145101 0.149167 0.008259
13 13 0.146658 0.149167 0.008259
13 14 0.149124 0.149167 0.008259
13 15 0.151720 0.149167 0.008259
13 16 0.152628 0.149167 0.008259
13 17 0.148864 0.149167 0.008259
13 18 0.148864 0.149167 0.008259
13 19 0.145101 0.149167 0.008259
13 20 0.140818 0.149167 0.008259
14 0 0.152758 0.149167 0.008259
14 1 0.156652 0.149167 0.008259
14 2 0.158339 0.149167 0.008259
14 3 0.158988 0.149167 0.008259
14 4 0.161713 0.149167 0.008259
14 5 0.162232 0.149167 0.008259
14 6 0.156911 0.149167 0.008259
14 7 0.153147 0.149167 0.008259
14 8 0.147826 0.149167 0.008259
14 9 0.145360 0.149167 0.008259
14 10 0.145879 0.149167 0.008259
14 11 0.147826 0.149167 0.008259
14 12 0.147437 0.149167 0.008259
14 13 0.149773 0.149167 0.008259
14 14 0.150811 0.149167 0.008259
14 15 0.154835 0.149167 0.008259
14 16 0.155354 0.149167 0.008259
14 17 0.150552 0.149167 0.008259
14 18 0.147696 0.149167 0.008259
14 19 0.141986 0.149167 0.008259
14 20 0.138482 0.149167 0.008259
15 0 0.155224 0.149167 0.008259
15 1 0.155613 0.149167 0.008259
15 2 0.154575 0.149167 0.008259
15 3 0.158339 0.149167 0.008259
15 4 0.158598 0.149167 0.008259
15 5 0.160805 0.149167 0.008259
15 6 0.156781 0.149167 0.008259
15 7 0.152628 0.149167 0.008259
15 8 0.150032 0.149167 0.008259
15 9 0.147956 0.149167 0.008259
15 10 0.147307 0.149167 0.008259
15 11 0.147437 0.149167 0.008259
15 12 0.148735 0.149167 0.008259
15 13 0.151460 0.149167 0.008259
15 14 0.150681 0.149167 0.008259
15 15 0.153277 0.149167 0.008259
15 16 0.153277 0.149167 0.008259
15 17 0.148735 0.149167 0.008259
15 18 0.143673 0.149167 0.008259
15 19 0.140299 0.149167 0.008259
15 20 0.137184 0.149167 0.008259
16 0 0.153407 0.149167 0.008259
16 1 0.155094 0.149167 0.008259
16 2 0.156132 0.149167 0.008259
16 3 0.158988 0.149167 0.008259
16 4 0.161064 0.149167 0.008259
16 5 0.160286 0.149167 0.008259
16 6 0.155224 0.149167 0.008259
16 7 0.153147 0.149167 0.008259
16 8 0.150032 0.149167 0.008259
16 9 0.146788 0.149167 0.008259
16 10 0.148345 0.149167 0.008259
16 11 0.148345 0.149167 0.008259
16 12 0.146788 0.149167 0.008259
16 13 0.146918 0.149167 0.008259
16 14 0.149124 0.149167 0.008259
16 15 0.149254 0.149167 0.008259
16 16 0.149254 0.149167 0.008259
16 17 0.147826 0.149167 0.008259
16 18 0.143024 0.149167 0.008259
16 19 0.138092 0.149167 0.008259
16 20 0.134328 0.149167 0.008259
17 0 0.150681 0.149167 0.008259
17 1 0.153666 0.149167 0.008259
17 2 0.155094 0.149167 0.008259
17 3 0.156911 0.149167 0.008259
17 4 0.159247 0.149167 0.008259
17 5 0.157690 0.149167 0.008259
17 6 0.153018 0.149167 0.008259
17 7 0.151590 0.149167 0.008259
17 8 0.147567 0.149167 0.008259
17 9 0.145620 0.149167 0.008259
17 10 0.145879 0.149167 0.008259
17 11 0.146918 0.149167 0.008259
17 12 0.145360 0.149167 0.008259
17 13 0.146269 0.149167 0.008259
17 14 0.145750 0.149167 0.008259
17 15 0.144581 0.149167 0.008259
17 16 0.143803 0.149167 0.008259
17 17 0.141726 0.149167 0.008259
17 18 0.139779 0.149167 0.008259
17 19 0.135367 0.149167 0.008259
17 20 0.130305 0.149167 0.008259
18 0 0.146528 0.149167 0.008259
18 1 0.147826 0.149167 0.008259
18 2 0.151720 0.149167 0.008259
18 3 0.154705 0.149167 0.008259
18 4 0.154445 0.149167 0.008259
18 5 0.152758 0.149167 0.008259
18 6 0.147826 0.149167 0.008259
18 7 0.145750 0.149167 0.008259
18 8 0.142764 0.149167 0.008259
18 9 0.140299 0.149167 0.008259
18 10 0.142245 0.149167 0.008259
18 11 0.142116 0.149167 0.008259
18 12 0.141986 0.149167 0.008259
18 13 0.143543 0.149167 0.008259
18 14 0.142375 0.149167 0.008259
18 15 0.139130 0.149167 0.008259
18 16 0.138482 0.149167 0.008259
18 17 0.138871 0.149167 0.008259
18 18 0.136665 0.149167 0.008259
18 19 0.131084 0.149167 0.008259
18 20 0.126671 0.149167 0.008259
19 0 0.144841 0.149167 0.008259
19 1 0.144452 0.149167 0.008259
19 2 0.145879 0.149167 0.008259
19 3 0.148864 0.149167 0.008259
19 4 0.150811 0.149167 0.008259
19 5 0.148475 0.149167 0.008259
19 6 0.145360 0.149167 0.008259
19 7 0.140169 0.149167 0.008259
19 8 0.138741 0.149167 0.008259
19 9 0.138352 0.149167 0.008259
19 10 0.138352 0.149167 0.008259
19 11 0.137573 0.149167 0.008259
19 12 0.136535 0.149167 0.008259
19 13 0.136794 0.149167 0.008259
19 14 0.135107 0.149167 0.008259
19 15 0.136016 0.149167 0.008259
19 16 0.134718 0.149167 0.008259
19 17 0.134458 0.149167 0.008259
19 18 0.129916 0.149167 0.008259
19 19 0.128358 0.149167 0.008259
19 20 0.123297 0.149167 0.008259
20 0 0.141207 0.149167 0.008259
20 1 0.140428 0.149167 0.008259
20 2 0.142764 0.149167 0.008259
20 3 0.145620 0.149167 0.008259
20 4 0.146918 0.149167 0.008259
20 5 0.144711 0.149167 0.008259
20 6 0.140558 0.149167 0.008259
20 7 0.139130 0.149167 0.008259
20 8 0.132641 0.149167 0.008259
20 9 0.133550 0.149167 0.008259
20 10 0.132511 0.149167 0.008259
20 11 0.131084 0.149167 0.008259
20 12 0.129916 0.149167 0.008259
20 13 0.130954 0.149167 0.008259
20 14 0.129656 0.149167 0.008259
20 15 0.127320 0.149167 0.008259
20 16 0.126282 0.149167 0.008259
20 17 0.124854 0.149167 0.008259
20 18 0.121999 0.149167 0.008259
20 19 0.120831 0.149167 0.008259
20 20 0.116937 0.149167 0.008259
