# contact distance = 28.0 Angstroms
# F = 0.4 kJ/mol

# i j contact_probability mean_contact_probability stddev_contact_probability
0 0 0.164185 0.167635 0.007622
0 1 0.164990 0.167635 0.007622
0 2 0.164319 0.167635 0.007622
0 3 0.159624 0.167635 0.007622
0 4 0.160698 0.167635 0.007622
0 5 0.157881 0.167635 0.007622
0 6 0.157612 0.167635 0.007622
0 7 0.159356 0.167635 0.007622
0 8 0.157478 0.167635 0.007622
0 9 0.158685 0.167635 0.007622
0 10 0.162173 0.167635 0.007622
0 11 0.163917 0.167635 0.007622
0 12 0.168478 0.167635 0.007622
0 13 0.170355 0.167635 0.007622
0 14 0.168478 0.167635 0.007622
0 15 0.169416 0.167635 0.007622
0 16 0.170892 0.167635 0.007622
0 17 0.168343 0.167635 0.007622
0 18 0.165124 0.167635 0.007622
0 19 0.163380 0.167635 0.007622
0 20 0.157612 0.167635 0.007622
1 0 0.163783 0.167635 0.007622
1 1 0.167002 0.167635 0.007622
1 2 0.165795 0.167635 0.007622
1 3 0.163917 0.167635 0.007622
1 4 0.164453 0.167635 0.007622
1 5 0.162575 0.167635 0.007622
1 6 0.163112 0.167635 0.007622
1 7 0.161368 0.167635 0.007622
1 8 0.163112 0.167635 0.007622
1 9 0.164990 0.167635 0.007622
1 10 0.166868 0.167635 0.007622
1 11 0.167002 0.167635 0.007622
1 12 0.169953 0.167635 0.007622
1 13 0.171831 0.167635 0.007622
1 14 0.170758 0.167635 0.007622
1 15 0.171160 0.167635 0.007622
1 16 0.172368 0.167635 0.007622
1 17 0.169551 0.167635 0.007622
1 18 0.167002 0.167635 0.007622
1 19 0.167002 0.167635 0.007622
1 20 0.160429 0.167635 0.007622
2 0 0.164856 0.167635 0.007622
2 1 0.165661 0.167635 0.007622
2 2 0.166734 0.167635 0.007622
2 3 0.165661 0.167635 0.007622
2 4 0.165258 0.167635 0.007622
2 5 0.166465 0.167635 0.007622
2 6 0.166600 0.167635 0.007622
2 7 0.165795 0.167635 0.007622
2 8 0.166331 0.167635 0.007622
2 9 0.165124 0.167635 0.007622
2 10 0.167539 0.167635 0.007622
2 11 0.169416 0.167635 0.007622
2 12 0.172099 0.167635 0.007622
2 13 0.172636 0.167635 0.007622
2 14 0.171429 0.167635 0.007622
2 15 0.171563 0.167635 0.007622
2 16 0.172368 0.167635 0.007622
2 17 0.171697 0.167635 0.007622
2 18 0.169416 0.167635 0.007622
2 19 0.165124 0.167635 0.007622
2 20 0.160966 0.167635 0.007622
3 0 0.163380 0.167635 0.007622
3 1 0.165661 0.167635 0.007622
3 2 0.164722 0.167635 0.007622
3 3 0.162307 0.167635 0.007622
3 4 0.163783 0.167635 0.007622
3 5 0.164722 0.167635 0.007622
3 6 0.164453 0.167635 0.007622
3 7 0.165392 0.167635 0.007622
3 8 0.166197 0.167635 0.007622
3 9 0.165258 0.167635 0.007622
3 10 0.169282 0.167635 0.007622
3 11 0.170355 0.167635 0.007622
3 12 0.173843 0.167635 0.007622
3 13 0.173575 0.167635 0.007622
3 14 0.170355 0.167635 0.007622
3 15 0.170490 0.167635 0.007622
3 16 0.169953 0.167635 0.007622
3 17 0.169953 0.167635 0.007622
3 18 0.167136 0.167635 0.007622
3 19 0.165795 0.167635 0.007622
3 20 0.160832 0.167635 0.007622
4 0 0.162710 0.167635 0.007622
4 1 0.165929 0.167635 0.007622
4 2 0.165929 0.167635 0.007622
4 3 0.162575 0.167635 0.007622
4 4 0.162307 0.167635 0.007622
4 5 0.162575 0.167635 0.007622
4 6 0.162844 0.167635 0.007622
4 7 0.165795 0.167635 0.007622
4 8 0.166465 0.167635 0.007622
4 9 0.164990 0.167635 0.007622
4 10 0.167673 0.167635 0.007622
4 11 0.172099 0.167635 0.007622
4 12 0.172502 0.167635 0.007622
4 13 0.174916 0.167635 0.007622
4 14 0.171563 0.167635 0.007622
4 15 0.171160 0.167635 0.007622
4 16 0.170892 0.167635 0.007622
4 17 0.171965 0.167635 0.007622
4 18 0.168612 0.167635 0.007622
4 19 0.165795 0.167635 0.007622
4 20 0.163783 0.167635 0.007622
5 0 0.163380 0.167635 0.007622
5 1 0.164856 0.167635 0.007622
5 2 0.162173 0.167635 0.007622
5 3 0.164051 0.167635 0.007622
5 4 0.164185 0.167635 0.007622
5 5 0.164722 0.167635 0.007622
5 6 0.165124 0.167635 0.007622
5 7 0.166734 0.167635 0.007622
5 8 0.169416 0.167635 0.007622
5 9 0.170758 0.167635 0.007622
5 10 0.171563 0.167635 0.007622
5 11 0.173441 0.167635 0.007622
5 12 0.173977 0.167635 0.007622
5 13 0.177867 0.167635 0.007622
5 14 0.174111 0.167635 0.007622
5 15 0.173709 0.167635 0.007622
5 16 0.174782 0.167635 0.007622
5 17 0.173172 0.167635 0.007622
5 18 0.171294 0.167635 0.007622
5 19 0.168612 0.167635 0.007622
5 20 0.162710 0.167635 0.007622
6 0 0.157344 0.167635 0.007622
6 1 0.161368 0.167635 0.007622
6 2 0.162441 0.167635 0.007622
6 3 0.164319 0.167635 0.007622
6 4 0.162173 0.167635 0.007622
6 5 0.163917 0.167635 0.007622
6 6 0.162039 0.167635 0.007622
6 7 0.166465 0.167635 0.007622
6 8 0.169282 0.167635 0.007622
6 9 0.170221 0.167635 0.007622
6 10 0.171026 0.167635 0.007622
6 11 0.170758 0.167635 0.007622
6 12 0.171563 0.167635 0.007622
6 13 0.176928 0.167635 0.007622
6 14 0.175855 0.167635 0.007622
6 15 0.177733 0.167635 0.007622
6 16 0.173977 0.167635 0.007622
6 17 0.175721 0.167635 0.007622
6 18 0.171965 0.167635 0.007622
6 19 0.169416 0.167635 0.007622
6 20 0.164185 0.167635 0.007622
7 0 0.158551 0.167635 0.007622
7 1 0.161905 0.167635 0.007622
7 2 0.163380 0.167635 0.007622
7 3 0.163514 0.167635 0.007622
7 4 0.164453 0.167635 0.007622
7 5 0.163649 0.167635 0.007622
7 6 0.162173 0.167635 0.007622
7 7 0.165258 0.167635 0.007622
7 8 0.167807 0.167635 0.007622
7 9 0.169282 0.167635 0.007622
7 10 0.169685 0.167635 0.007622
7 11 0.171294 0.167635 0.007622
7 12 0.172099 0.167635 0.007622
7 13 0.173843 0.167635 0.007622
7 14 0.172770 0.167635 0.007622
7 15 0.173977 0.167635 0.007622
7 16 0.177733 0.167635 0.007622
7 17 0.175721 0.167635 0.007622
7 18 0.172233 0.167635 0.007622
7 19 0.169685 0.167635 0.007622
7 20 0.166868 0.167635 0.007622
8 0 0.160161 0.167635 0.007622
8 1 0.164319 0.167635 0.007622
8 2 0.163783 0.167635 0.007622
8 3 0.162307 0.167635 0.007622
8 4 0.162441 0.167635 0.007622
8 5 0.164453 0.167635 0.007622
8 6 0.163380 0.167635 0.007622
8 7 0.165392 0.167635 0.007622
8 8 0.166734 0.167635 0.007622
8 9 0.168746 0.167635 0.007622
8 10 0.171160 0.167635 0.007622
8 11 0.169685 0.167635 0.007622
8 12 0.170624 0.167635 0.007622
8 13 0.171965 0.167635 0.007622
8 14 0.173307 0.167635 0.007622
8 15 0.173977 0.167635 0.007622
8 16 0.176392 0.167635 0.007622
8 17 0.175050 0.167635 0.007622
8 18 0.172233 0.167635 0.007622
8 19 0.168209 0.167635 0.007622
8 20 0.163783 0.167635 0.007622
9 0 0.158149 0.167635 0.007622
9 1 0.161368 0.167635 0.007622
9 2 0.162710 0.167635 0.007622
9 3 0.165392 0.167635 0.007622
9 4 0.161905 0.167635 0.007622
9 5 0.164453 0.167635 0.007622
9 6 0.167807 0.167635 0.007622
9 7 0.166063 0.167635 0.007622
9 8 0.166600 0.167635 0.007622
9 9 0.167404 0.167635 0.007622
9 10 0.169551 0.167635 0.007622
9 11 0.172368 0.167635 0.007622
9 12 0.172502 0.167635 0.007622
9 13 0.174111 0.167635 0.007622
9 14 0.173172 0.167635 0.007622
9 15 0.173843 0.167635 0.007622
9 16 0.173307 0.167635 0.007622
9 17 0.174245 0.167635 0.007622
9 18 0.171294 0.167635 0.007622
9 19 0.168209 0.167635 0.007622
9 20 0.160698 0.167635 0.007622
10 0 0.163380 0.167635 0.007622
10 1 0.163514 0.167635 0.007622
10 2 0.164588 0.167635 0.007622
10 3 0.168612 0.167635 0.007622
10 4 0.167539 0.167635 0.007622
10 5 0.167404 0.167635 0.007622
10 6 0.169416 0.167635 0.007622
10 7 0.167941 0.167635 0.007622
10 8 0.168478 0.167635 0.007622
10 9 0.169819 0.167635 0.007622
10 10 0.171965 0.167635 0.007622
10 11 0.173575 0.167635 0.007622
10 12 0.174245 0.167635 0.007622
10 13 0.174380 0.167635 0.007622
10 14 0.171831 0.167635 0.007622
10 15 0.174245 0.167635 0.007622
10 16 0.172368 0.167635 0.007622
10 17 0.171563 0.167635 0.007622
10 18 0.168880 0.167635 0.007622
10 19 0.163783 0.167635 0.007622
10 20 0.162039 0.167635 0.007622
11 0 0.165661 0.167635 0.007622
11 1 0.167270 0.167635 0.007622
11 2 0.168343 0.167635 0.007622
11 3 0.169014 0.167635 0.007622
11 4 0.167539 0.167635 0.007622
11 5 0.170490 0.167635 0.007622
11 6 0.170892 0.167635 0.007622
11 7 0.169551 0.167635 0.007622
11 8 0.169551 0.167635 0.007622
11 9 0.171965 0.167635 0.007622
11 10 0.173172 0.167635 0.007622
11 11 0.177062 0.167635 0.007622
11 12 0.175319 0.167635 0.007622
11 13 0.175050 0.167635 0.007622
11 14 0.172233 0.167635 0.007622
11 15 0.172904 0.167635 0.007622
11 16 0.172099 0.167635 0.007622
11 17 0.170087 0.167635 0.007622
11 18 0.167539 0.167635 0.007622
11 19 0.164185 0.167635 0.007622
11 20 0.161368 0.167635 0.007622
12 0 0.167807 0.167635 0.007622
12 1 0.171429 0.167635 0.007622
12 2 0.168880 0.167635 0.007622
12 3 0.172233 0.167635 0.007622
12 4 0.172502 0.167635 0.007622
12 5 0.173709 0.167635 0.007622
12 6 0.172770 0.167635 0.007622
12 7 0.170758 0.167635 0.007622
12 8 0.170221 0.167635 0.007622
12 9 0.173575 0.167635 0.007622
12 10 0.176526 0.167635 0.007622
12 11 0.178538 0.167635 0.007622
12 12 0.178135 0.167635 0.007622
12 13 0.174782 0.167635 0.007622
12 14 0.173843 0.167635 0.007622
12 15 0.173843 0.167635 0.007622
12 16 0.173172 0.167635 0.007622
12 17 0.174916 0.167635 0.007622
12 18 0.170221 0.167635 0.007622
12 19 0.166197 0.167635 0.007622
12 20 0.160161 0.167635 0.007622
13 0 0.169282 0.167635 0.007622
13 1 0.172233 0.167635 0.007622
13 2 0.173575 0.167635 0.007622
13 3 0.176526 0.167635 0.007622
13 4 0.175453 0.167635 0.007622
13 5 0.177867 0.167635 0.007622
13 6 0.175184 0.167635 0.007622
13 7 0.175050 0.167635 0.007622
13 8 0.171831 0.167635 0.007622
13 9 0.174245 0.167635 0.007622
13 10 0.175855 0.167635 0.007622
13 11 0.178806 0.167635 0.007622
13 12 0.177733 0.167635 0.007622
13 13 0.176794 0.167635 0.007622
13 14 0.172636 0.167635 0.007622
13 15 0.174514 0.167635 0.007622
13 16 0.174380 0.167635 0.007622
13 17 0.175184 0.167635 0.007622
13 18 0.168880 0.167635 0.007622
13 19 0.162173 0.167635 0.007622
13 20 0.156673 0.167635 0.007622
14 0 0.167807 0.167635 0.007622
14 1 0.169416 0.167635 0.007622
14 2 0.173172 0.167635 0.007622
14 3 0.175587 0.167635 0.007622
14 4 0.176660 0.167635 0.007622
14 5 0.178270 0.167635 0.007622
14 6 0.175855 0.167635 0.007622
14 7 0.175855 0.167635 0.007622
14 8 0.172502 0.167635 0.007622
14 9 0.173977 0.167635 0.007622
14 10 0.175989 0.167635 0.007622
14 11 0.179477 0.167635 0.007622
14 12 0.179074 0.167635 0.007622
14 13 0.178270 0.167635 0.007622
14 14 0.172904 0.167635 0.007622
14 15 0.173575 0.167635 0.007622
14 16 0.173709 0.167635 0.007622
14 17 0.172099 0.167635 0.007622
14 18 0.165124 0.167635 0.007622
14 19 0.160698 0.167635 0.007622
14 20 0.152918 0.167635 0.007622
15 0 0.166868 0.167635 0.007622
15 1 0.169551 0.167635 0.007622
15 2 0.171429 0.167635 0.007622
15 3 0.174245 0.167635 0.007622
15 4 0.175453 0.167635 0.007622
15 5 0.175050 0.167635 0.007622
15 6 0.174380 0.167635 0.007622
15 7 0.173575 0.167635 0.007622
15 8 0.173575 0.167635 0.007622
15 9 0.176526 0.167635 0.007622
15 10 0.175989 0.167635 0.007622
15 11 0.177599 0.167635 0.007622
15 12 0.180013 0.167635 0.007622
15 13 0.179477 0.167635 0.007622
15 14 0.174380 0.167635 0.007622
15 15 0.173709 0.167635 0.007622
15 16 0.173441 0.167635 0.007622
15 17 0.169819 0.167635 0.007622
15 18 0.162307 0.167635 0.007622
15 19 0.157612 0.167635 0.007622
15 20 0.149966 0.167635 0.007622
16 0 0.167002 0.167635 0.007622
16 1 0.168612 0.167635 0.007622
16 2 0.171294 0.167635 0.007622
16 3 0.174245 0.167635 0.007622
16 4 0.173843 0.167635 0.007622
16 5 0.176794 0.167635 0.007622
16 6 0.174380 0.167635 0.007622
16 7 0.175184 0.167635 0.007622
16 8 0.172368 0.167635 0.007622
16 9 0.174916 0.167635 0.007622
16 10 0.173575 0.167635 0.007622
16 11 0.175184 0.167635 0.007622
16 12 0.179745 0.167635 0.007622
16 13 0.178538 0.167635 0.007622
16 14 0.175989 0.167635 0.007622
16 15 0.171831 0.167635 0.007622
16 16 0.170221 0.167635 0.007622
16 17 0.165392 0.167635 0.007622
16 18 0.159222 0.167635 0.007622
16 19 0.152918 0.167635 0.007622
16 20 0.145137 0.167635 0.007622
17 0 0.165661 0.167635 0.007622
17 1 0.167807 0.167635 0.007622
17 2 0.168746 0.167635 0.007622
17 3 0.172904 0.167635 0.007622
17 4 0.174648 0.167635 0.007622
17 5 0.175050 0.167635 0.007622
17 6 0.174916 0.167635 0.007622
17 7 0.175453 0.167635 0.007622
17 8 0.172368 0.167635 0.007622
17 9 0.174916 0.167635 0.007622
17 10 0.176123 0.167635 0.007622
17 11 0.175587 0.167635 0.007622
17 12 0.176258 0.167635 0.007622
17 13 0.177867 0.167635 0.007622
17 14 0.175721 0.167635 0.007622
17 15 0.173307 0.167635 0.007622
17 16 0.168343 0.167635 0.007622
17 17 0.163380 0.167635 0.007622
17 18 0.159893 0.167635 0.007622
17 19 0.151442 0.167635 0.007622
17 20 0.141784 0.167635 0.007622
18 0 0.160161 0.167635 0.007622
18 1 0.163380 0.167635 0.007622
18 2 0.166868 0.167635 0.007622
18 3 0.169953 0.167635 0.007622
18 4 0.169685 0.167635 0.007622
18 5 0.171831 0.167635 0.007622
18 6 0.170490 0.167635 0.007622
18 7 0.169551 0.167635 0.007622
18 8 0.170624 0.167635 0.007622
18 9 0.171697 0.167635 0.007622
18 10 0.174514 0.167635 0.007622
18 11 0.170624 0.167635 0.007622
18 12 0.171294 0.167635 0.007622
18 13 0.171965 0.167635 0.007622
18 14 0.170490 0.167635 0.007622
18 15 0.167136 0.167635 0.007622
18 16 0.164319 0.167635 0.007622
18 17 0.157210 0.167635 0.007622
18 18 0.148893 0.167635 0.007622
18 19 0.145808 0.167635 0.007622
18 20 0.136150 0.167635 0.007622
19 0 0.155600 0.167635 0.007622
19 1 0.160966 0.167635 0.007622
19 2 0.162575 0.167635 0.007622
19 3 0.164990 0.167635 0.007622
19 4 0.164453 0.167635 0.007622
19 5 0.168209 0.167635 0.007622
19 6 0.166063 0.167635 0.007622
19 7 0.165661 0.167635 0.007622
19 8 0.166063 0.167635 0.007622
19 9 0.166734 0.167635 0.007622
19 10 0.167673 0.167635 0.007622
19 11 0.166331 0.167635 0.007622
19 12 0.163514 0.167635 0.007622
19 13 0.164990 0.167635 0.007622
19 14 0.163380 0.167635 0.007622
19 15 0.158149 0.167635 0.007622
19 16 0.155734 0.167635 0.007622
19 17 0.152515 0.167635 0.007622
19 18 0.145808 0.167635 0.007622
19 19 0.138431 0.167635 0.007622
19 20 0.130248 0.167635 0.007622
20 0 0.155198 0.167635 0.007622
20 1 0.157344 0.167635 0.007622
20 2 0.157478 0.167635 0.007622
20 3 0.160698 0.167635 0.007622
20 4 0.162173 0.167635 0.007622
20 5 0.164051 0.167635 0.007622
20 6 0.162575 0.167635 0.007622
20 7 0.161905 0.167635 0.007622
20 8 0.160027 0.167635 0.007622
20 9 0.160295 0.167635 0.007622
20 10 0.162710 0.167635 0.007622
20 11 0.160027 0.167635 0.007622
20 12 0.159759 0.167635 0.007622
20 13 0.159356 0.167635 0.007622
20 14 0.156003 0.167635 0.007622
20 15 0.151040 0.167635 0.007622
20 16 0.147284 0.167635 0.007622
20 17 0.144333 0.167635 0.007622
20 18 0.135614 0.167635 0.007622
20 19 0.129980 0.167635 0.007622
20 20 0.123273 0.167635 0.007622
