# contact distance = 28.0 Angstroms
# F = 0.4 kJ/mol

# i j contact_probability mean_contact_probability stddev_contact_probability
0 0 0.163981 0.181663 0.007819
0 1 0.167434 0.181663 0.007819
0 2 0.169004 0.181663 0.007819
0 3 0.169632 0.181663 0.007819
0 4 0.171829 0.181663 0.007819
0 5 0.168167 0.181663 0.007819
0 6 0.167853 0.181663 0.007819
0 7 0.165341 0.181663 0.007819
0 8 0.163876 0.181663 0.007819
0 9 0.167329 0.181663 0.007819
0 10 0.167748 0.181663 0.007819
0 11 0.170573 0.181663 0.007819
0 12 0.174131 0.181663 0.007819
0 13 0.180620 0.181663 0.007819
0 14 0.182085 0.181663 0.007819
0 15 0.183968 0.181663 0.007819
0 16 0.187422 0.181663 0.007819
0 17 0.186898 0.181663 0.007819
0 18 0.183654 0.181663 0.007819
0 19 0.180306 0.181663 0.007819
0 20 0.175910 0.181663 0.007819
1 0 0.167225 0.181663 0.007819
1 1 0.172039 0.181663 0.007819
1 2 0.173817 0.181663 0.007819
1 3 0.176434 0.181663 0.007819
1 4 0.175178 0.181663 0.007819
1 5 0.177062 0.181663 0.007819
1 6 0.174027 0.181663 0.007819
1 7 0.171201 0.181663 0.007819
1 8 0.171934 0.181663 0.007819
1 9 0.173190 0.181663 0.007819
1 10 0.174445 0.181663 0.007819
1 11 0.176852 0.181663 0.007819
1 12 0.181143 0.181663 0.007819
1 13 0.184805 0.181663 0.007819
1 14 0.187840 0.181663 0.007819
1 15 0.189724 0.181663 0.007819
1 16 0.191398 0.181663 0.007819
1 17 0.187945 0.181663 0.007819
1 18 0.185224 0.181663 0.007819
1 19 0.180724 0.181663 0.007819
1 20 0.179050 0.181663 0.007819
2 0 0.168794 0.181663 0.007819
2 1 0.173713 0.181663 0.007819
2 2 0.177585 0.181663 0.007819
2 3 0.178527 0.181663 0.007819
2 4 0.180620 0.181663 0.007819
2 5 0.178527 0.181663 0.007819
2 6 0.178213 0.181663 0.007819
2 7 0.177899 0.181663 0.007819
2 8 0.179259 0.181663 0.007819
2 9 0.177062 0.181663 0.007819
2 10 0.177166 0.181663 0.007819
2 11 0.181875 0.181663 0.007819
2 12 0.185015 0.181663 0.007819
2 13 0.188782 0.181663 0.007819
2 14 0.193596 0.181663 0.007819
2 15 0.191398 0.181663 0.007819
2 16 0.193805 0.181663 0.007819
2 17 0.192758 0.181663 0.007819
2 18 0.187840 0.181663 0.007819
2 19 0.185329 0.181663 0.007819
2 20 0.180829 0.181663 0.007819
3 0 0.170469 0.181663 0.007819
3 1 0.176329 0.181663 0.007819
3 2 0.181143 0.181663 0.007819
3 3 0.181561 0.181663 0.007819
3 4 0.182294 0.181663 0.007819
3 5 0.181771 0.181663 0.007819
3 6 0.182608 0.181663 0.007819
3 7 0.181875 0.181663 0.007819
3 8 0.181143 0.181663 0.007819
3 9 0.179468 0.181663 0.007819
3 10 0.181143 0.181663 0.007819
3 11 0.184701 0.181663 0.007819
3 12 0.189410 0.181663 0.007819
3 13 0.192654 0.181663 0.007819
3 14 0.194328 0.181663 0.007819
3 15 0.194747 0.181663 0.007819
3 16 0.193700 0.181663 0.007819
3 17 0.192549 0.181663 0.007819
3 18 0.189828 0.181663 0.007819
3 19 0.188049 0.181663 0.007819
3 20 0.182922 0.181663 0.007819
4 0 0.169422 0.181663 0.007819
4 1 0.177062 0.181663 0.007819
4 2 0.179468 0.181663 0.007819
4 3 0.182608 0.181663 0.007819
4 4 0.183340 0.181663 0.007819
4 5 0.184387 0.181663 0.007819
4 6 0.183550 0.181663 0.007819
4 7 0.186166 0.181663 0.007819
4 8 0.186166 0.181663 0.007819
4 9 0.183445 0.181663 0.007819
4 10 0.184491 0.181663 0.007819
4 11 0.186584 0.181663 0.007819
4 12 0.188782 0.181663 0.007819
4 13 0.192863 0.181663 0.007819
4 14 0.193700 0.181663 0.007819
4 15 0.194956 0.181663 0.007819
4 16 0.196735 0.181663 0.007819
4 17 0.193910 0.181663 0.007819
4 18 0.191293 0.181663 0.007819
4 19 0.188259 0.181663 0.007819
4 20 0.185119 0.181663 0.007819
5 0 0.170050 0.181663 0.007819
5 1 0.175073 0.181663 0.007819
5 2 0.178003 0.181663 0.007819
5 3 0.179887 0.181663 0.007819
5 4 0.182085 0.181663 0.007819
5 5 0.182712 0.181663 0.007819
5 6 0.182398 0.181663 0.007819
5 7 0.183968 0.181663 0.007819
5 8 0.184177 0.181663 0.007819
5 9 0.183759 0.181663 0.007819
5 10 0.184491 0.181663 0.007819
5 11 0.185538 0.181663 0.007819
5 12 0.186898 0.181663 0.007819
5 13 0.190561 0.181663 0.007819
5 14 0.193282 0.181663 0.007819
5 15 0.194433 0.181663 0.007819
5 16 0.196107 0.181663 0.007819
5 17 0.194014 0.181663 0.007819
5 18 0.190561 0.181663 0.007819
5 19 0.188677 0.181663 0.007819
5 20 0.185015 0.181663 0.007819
6 0 0.166283 0.181663 0.007819
6 1 0.172562 0.181663 0.007819
6 2 0.174236 0.181663 0.007819
6 3 0.178527 0.181663 0.007819
6 4 0.179364 0.181663 0.007819
6 5 0.179573 0.181663 0.007819
6 6 0.181038 0.181663 0.007819
6 7 0.182085 0.181663 0.007819
6 8 0.178945 0.181663 0.007819
6 9 0.179887 0.181663 0.007819
6 10 0.181875 0.181663 0.007819
6 11 0.182922 0.181663 0.007819
6 12 0.184805 0.181663 0.007819
6 13 0.186584 0.181663 0.007819
6 14 0.190875 0.181663 0.007819
6 15 0.194119 0.181663 0.007819
6 16 0.196003 0.181663 0.007819
6 17 0.193491 0.181663 0.007819
6 18 0.190666 0.181663 0.007819
6 19 0.188154 0.181663 0.007819
6 20 0.184073 0.181663 0.007819
7 0 0.164399 0.181663 0.007819
7 1 0.170573 0.181663 0.007819
7 2 0.173399 0.181663 0.007819
7 3 0.177062 0.181663 0.007819
7 4 0.180724 0.181663 0.007819
7 5 0.177899 0.181663 0.007819
7 6 0.176538 0.181663 0.007819
7 7 0.178841 0.181663 0.007819
7 8 0.178003 0.181663 0.007819
7 9 0.176120 0.181663 0.007819
7 10 0.178527 0.181663 0.007819
7 11 0.181038 0.181663 0.007819
7 12 0.181561 0.181663 0.007819
7 13 0.186480 0.181663 0.007819
7 14 0.190142 0.181663 0.007819
7 15 0.192340 0.181663 0.007819
7 16 0.193700 0.181663 0.007819
7 17 0.190979 0.181663 0.007819
7 18 0.188782 0.181663 0.007819
7 19 0.188259 0.181663 0.007819
7 20 0.184073 0.181663 0.007819
8 0 0.164713 0.181663 0.007819
8 1 0.168585 0.181663 0.007819
8 2 0.173294 0.181663 0.007819
8 3 0.177271 0.181663 0.007819
8 4 0.178317 0.181663 0.007819
8 5 0.179992 0.181663 0.007819
8 6 0.178108 0.181663 0.007819
8 7 0.177585 0.181663 0.007819
8 8 0.173190 0.181663 0.007819
8 9 0.173504 0.181663 0.007819
8 10 0.176224 0.181663 0.007819
8 11 0.178631 0.181663 0.007819
8 12 0.179468 0.181663 0.007819
8 13 0.184387 0.181663 0.007819
8 14 0.188259 0.181663 0.007819
8 15 0.190770 0.181663 0.007819
8 16 0.192549 0.181663 0.007819
8 17 0.190142 0.181663 0.007819
8 18 0.187003 0.181663 0.007819
8 19 0.185329 0.181663 0.007819
8 20 0.180829 0.181663 0.007819
9 0 0.161783 0.181663 0.007819
9 1 0.168062 0.181663 0.007819
9 2 0.171725 0.181663 0.007819
9 3 0.175701 0.181663 0.007819
9 4 0.177689 0.181663 0.007819
9 5 0.178003 0.181663 0.007819
9 6 0.175701 0.181663 0.007819
9 7 0.175073 0.181663 0.007819
9 8 0.174550 0.181663 0.007819
9 9 0.173504 0.181663 0.007819
9 10 0.175178 0.181663 0.007819
9 11 0.176329 0.181663 0.007819
9 12 0.180201 0.181663 0.007819
9 13 0.183759 0.181663 0.007819
9 14 0.187422 0.181663 0.007819
9 15 0.189305 0.181663 0.007819
9 16 0.189619 0.181663 0.007819
9 17 0.188887 0.181663 0.007819
9 18 0.187631 0.181663 0.007819
9 19 0.181980 0.181663 0.007819
9 20 0.178631 0.181663 0.007819
10 0 0.164085 0.181663 0.007819
10 1 0.169318 0.181663 0.007819
10 2 0.172666 0.181663 0.007819
10 3 0.176538 0.181663 0.007819
10 4 0.178945 0.181663 0.007819
10 5 0.177271 0.181663 0.007819
10 6 0.175910 0.181663 0.007819
10 7 0.175596 0.181663 0.007819
10 8 0.175178 0.181663 0.007819
10 9 0.172876 0.181663 0.007819
10 10 0.173294 0.181663 0.007819
10 11 0.175492 0.181663 0.007819
10 12 0.177899 0.181663 0.007819
10 13 0.183340 0.181663 0.007819
10 14 0.186061 0.181663 0.007819
10 15 0.188154 0.181663 0.007819
10 16 0.188782 0.181663 0.007819
10 17 0.187003 0.181663 0.007819
10 18 0.184805 0.181663 0.007819
10 19 0.181666 0.181663 0.007819
10 20 0.175701 0.181663 0.007819
11 0 0.167329 0.181663 0.007819
11 1 0.173085 0.181663 0.007819
11 2 0.176434 0.181663 0.007819
11 3 0.179468 0.181663 0.007819
11 4 0.181666 0.181663 0.007819
11 5 0.180201 0.181663 0.007819
11 6 0.180724 0.181663 0.007819
11 7 0.178213 0.181663 0.007819
11 8 0.178213 0.181663 0.007819
11 9 0.177166 0.181663 0.007819
11 10 0.176120 0.181663 0.007819
11 11 0.174341 0.181663 0.007819
11 12 0.178841 0.181663 0.007819
11 13 0.182294 0.181663 0.007819
11 14 0.186270 0.181663 0.007819
11 15 0.190038 0.181663 0.007819
11 16 0.191293 0.181663 0.007819
11 17 0.188049 0.181663 0.007819
11 18 0.185538 0.181663 0.007819
11 19 0.179364 0.181663 0.007819
11 20 0.173294 0.181663 0.007819
12 0 0.169004 0.181663 0.007819
12 1 0.174655 0.181663 0.007819
12 2 0.177689 0.181663 0.007819
12 3 0.182085 0.181663 0.007819
12 4 0.182294 0.181663 0.007819
12 5 0.182085 0.181663 0.007819
12 6 0.181143 0.181663 0.007819
12 7 0.180306 0.181663 0.007819
12 8 0.179259 0.181663 0.007819
12 9 0.177899 0.181663 0.007819
12 10 0.175910 0.181663 0.007819
12 11 0.176329 0.181663 0.007819
12 12 0.179887 0.181663 0.007819
12 13 0.183759 0.181663 0.007819
12 14 0.187735 0.181663 0.007819
12 15 0.189619 0.181663 0.007819
12 16 0.190979 0.181663 0.007819
12 17 0.187945 0.181663 0.007819
12 18 0.184282 0.181663 0.007819
12 19 0.179050 0.181663 0.007819
12 20 0.172039 0.181663 0.007819
13 0 0.172248 0.181663 0.007819
13 1 0.179468 0.181663 0.007819
13 2 0.181666 0.181663 0.007819
13 3 0.184805 0.181663 0.007819
13 4 0.184910 0.181663 0.007819
13 5 0.185015 0.181663 0.007819
13 6 0.182608 0.181663 0.007819
13 7 0.183131 0.181663 0.007819
13 8 0.181666 0.181663 0.007819
13 9 0.179573 0.181663 0.007819
13 10 0.179992 0.181663 0.007819
13 11 0.180933 0.181663 0.007819
13 12 0.181875 0.181663 0.007819
13 13 0.188049 0.181663 0.007819
13 14 0.190561 0.181663 0.007819
13 15 0.194014 0.181663 0.007819
13 16 0.192654 0.181663 0.007819
13 17 0.191398 0.181663 0.007819
13 18 0.185852 0.181663 0.007819
13 19 0.181143 0.181663 0.007819
13 20 0.172771 0.181663 0.007819
14 0 0.178317 0.181663 0.007819
14 1 0.181875 0.181663 0.007819
14 2 0.183026 0.181663 0.007819
14 3 0.186584 0.181663 0.007819
14 4 0.186794 0.181663 0.007819
14 5 0.184596 0.181663 0.007819
14 6 0.185643 0.181663 0.007819
14 7 0.183864 0.181663 0.007819
14 8 0.184177 0.181663 0.007819
14 9 0.185015 0.181663 0.007819
14 10 0.183236 0.181663 0.007819
14 11 0.181980 0.181663 0.007819
14 12 0.183864 0.181663 0.007819
14 13 0.188887 0.181663 0.007819
14 14 0.192549 0.181663 0.007819
14 15 0.194119 0.181663 0.007819
14 16 0.193910 0.181663 0.007819
14 17 0.192654 0.181663 0.007819
14 18 0.188049 0.181663 0.007819
14 19 0.180201 0.181663 0.007819
14 20 0.172771 0.181663 0.007819
15 0 0.180096 0.181663 0.007819
15 1 0.183340 0.181663 0.007819
15 2 0.185015 0.181663 0.007819
15 3 0.188782 0.181663 0.007819
15 4 0.188154 0.181663 0.007819
15 5 0.187212 0.181663 0.007819
15 6 0.188573 0.181663 0.007819
15 7 0.186689 0.181663 0.007819
15 8 0.187422 0.181663 0.007819
15 9 0.185538 0.181663 0.007819
15 10 0.187003 0.181663 0.007819
15 11 0.186061 0.181663 0.007819
15 12 0.187422 0.181663 0.007819
15 13 0.191817 0.181663 0.007819
15 14 0.192863 0.181663 0.007819
15 15 0.194642 0.181663 0.007819
15 16 0.195479 0.181663 0.007819
15 17 0.192026 0.181663 0.007819
15 18 0.189619 0.181663 0.007819
15 19 0.181352 0.181663 0.007819
15 20 0.173608 0.181663 0.007819
16 0 0.181352 0.181663 0.007819
16 1 0.185224 0.181663 0.007819
16 2 0.186061 0.181663 0.007819
16 3 0.187003 0.181663 0.007819
16 4 0.188468 0.181663 0.007819
16 5 0.188677 0.181663 0.007819
16 6 0.187526 0.181663 0.007819
16 7 0.187945 0.181663 0.007819
16 8 0.187840 0.181663 0.007819
16 9 0.186166 0.181663 0.007819
16 10 0.188049 0.181663 0.007819
16 11 0.187735 0.181663 0.007819
16 12 0.188154 0.181663 0.007819
16 13 0.188991 0.181663 0.007819
16 14 0.190979 0.181663 0.007819
16 15 0.193596 0.181663 0.007819
16 16 0.193805 0.181663 0.007819
16 17 0.192445 0.181663 0.007819
16 18 0.188049 0.181663 0.007819
16 19 0.181875 0.181663 0.007819
16 20 0.170260 0.181663 0.007819
17 0 0.183445 0.181663 0.007819
17 1 0.186375 0.181663 0.007819
17 2 0.186480 0.181663 0.007819
17 3 0.187631 0.181663 0.007819
17 4 0.188259 0.181663 0.007819
17 5 0.188259 0.181663 0.007819
17 6 0.186898 0.181663 0.007819
17 7 0.186480 0.181663 0.007819
17 8 0.186375 0.181663 0.007819
17 9 0.186061 0.181663 0.007819
17 10 0.189828 0.181663 0.007819
17 11 0.188677 0.181663 0.007819
17 12 0.186375 0.181663 0.007819
17 13 0.188677 0.181663 0.007819
17 14 0.191712 0.181663 0.007819
17 15 0.191607 0.181663 0.007819
17 16 0.192131 0.181663 0.007819
17 17 0.191189 0.181663 0.007819
17 18 0.185224 0.181663 0.007819
17 19 0.177480 0.181663 0.007819
17 20 0.165969 0.181663 0.007819
18 0 0.181771 0.181663 0.007819
18 1 0.184177 0.181663 0.007819
18 2 0.185538 0.181663 0.007819
18 3 0.183759 0.181663 0.007819
18 4 0.184387 0.181663 0.007819
18 5 0.185538 0.181663 0.007819
18 6 0.183654 0.181663 0.007819
18 7 0.182817 0.181663 0.007819
18 8 0.185224 0.181663 0.007819
18 9 0.185119 0.181663 0.007819
18 10 0.187003 0.181663 0.007819
18 11 0.184805 0.181663 0.007819
18 12 0.184282 0.181663 0.007819
18 13 0.186480 0.181663 0.007819
18 14 0.187422 0.181663 0.007819
18 15 0.186166 0.181663 0.007819
18 16 0.188049 0.181663 0.007819
18 17 0.183759 0.181663 0.007819
18 18 0.177480 0.181663 0.007819
18 19 0.171097 0.181663 0.007819
18 20 0.157807 0.181663 0.007819
19 0 0.176329 0.181663 0.007819
19 1 0.181875 0.181663 0.007819
19 2 0.182398 0.181663 0.007819
19 3 0.182608 0.181663 0.007819
19 4 0.184387 0.181663 0.007819
19 5 0.183654 0.181663 0.007819
19 6 0.182398 0.181663 0.007819
19 7 0.182189 0.181663 0.007819
19 8 0.181875 0.181663 0.007819
19 9 0.181247 0.181663 0.007819
19 10 0.180201 0.181663 0.007819
19 11 0.177899 0.181663 0.007819
19 12 0.179678 0.181663 0.007819
19 13 0.180306 0.181663 0.007819
19 14 0.180410 0.181663 0.007819
19 15 0.182085 0.181663 0.007819
19 16 0.180829 0.181663 0.007819
19 17 0.176748 0.181663 0.007819
19 18 0.169213 0.181663 0.007819
19 19 0.163353 0.181663 0.007819
19 20 0.151737 0.181663 0.007819
20 0 0.171411 0.181663 0.007819
20 1 0.176434 0.181663 0.007819
20 2 0.177480 0.181663 0.007819
20 3 0.178841 0.181663 0.007819
20 4 0.179887 0.181663 0.007819
20 5 0.179678 0.181663 0.007819
20 6 0.180096 0.181663 0.007819
20 7 0.177794 0.181663 0.007819
20 8 0.177689 0.181663 0.007819
20 9 0.176224 0.181663 0.007819
20 10 0.173399 0.181663 0.007819
20 11 0.173294 0.181663 0.007819
20 12 0.172143 0.181663 0.007819
20 13 0.172980 0.181663 0.007819
20 14 0.170678 0.181663 0.007819
20 15 0.170992 0.181663 0.007819
20 16 0.173504 0.181663 0.007819
20 17 0.167748 0.181663 0.007819
20 18 0.158853 0.181663 0.007819
20 19 0.149749 0.181663 0.007819
20 20 0.141272 0.181663 0.007819
