# contact distance = 28.0 Angstroms
# F = 0.4 kJ/mol

# i j contact_probability mean_contact_probability stddev_contact_probability
0 0 0.204335 0.216695 0.017961
0 1 0.204859 0.216695 0.017961
0 2 0.205384 0.216695 0.017961
0 3 0.203286 0.216695 0.017961
0 4 0.203985 0.216695 0.017961
0 5 0.203461 0.216695 0.017961
0 6 0.200664 0.216695 0.017961
0 7 0.196994 0.216695 0.017961
0 8 0.197168 0.216695 0.017961
0 9 0.195071 0.216695 0.017961
0 10 0.195595 0.216695 0.017961
0 11 0.195770 0.216695 0.017961
0 12 0.194546 0.216695 0.017961
0 13 0.191924 0.216695 0.017961
0 14 0.188953 0.216695 0.017961
0 15 0.186855 0.216695 0.017961
0 16 0.183185 0.216695 0.017961
0 17 0.178116 0.216695 0.017961
0 18 0.173746 0.216695 0.017961
0 19 0.167104 0.216695 0.017961
0 20 0.161685 0.216695 0.017961
1 0 0.206083 0.216695 0.017961
1 1 0.209928 0.216695 0.017961
1 2 0.204510 0.216695 0.017961
1 3 0.207481 0.216695 0.017961
1 4 0.206432 0.216695 0.017961
1 5 0.206782 0.216695 0.017961
1 6 0.207481 0.216695 0.017961
1 7 0.204510 0.216695 0.017961
1 8 0.203286 0.216695 0.017961
1 9 0.202063 0.216695 0.017961
1 10 0.203985 0.216695 0.017961
1 11 0.203461 0.216695 0.017961
1 12 0.202762 0.216695 0.017961
1 13 0.199441 0.216695 0.017961
1 14 0.200664 0.216695 0.017961
1 15 0.194721 0.216695 0.017961
1 16 0.191575 0.216695 0.017961
1 17 0.185457 0.216695 0.017961
1 18 0.179514 0.216695 0.017961
1 19 0.173396 0.216695 0.017961
1 20 0.167628 0.216695 0.017961
2 0 0.207481 0.216695 0.017961
2 1 0.209054 0.216695 0.017961
2 2 0.210802 0.216695 0.017961
2 3 0.209404 0.216695 0.017961
2 4 0.208705 0.216695 0.017961
2 5 0.209054 0.216695 0.017961
2 6 0.209579 0.216695 0.017961
2 7 0.207831 0.216695 0.017961
2 8 0.205908 0.216695 0.017961
2 9 0.206782 0.216695 0.017961
2 10 0.207481 0.216695 0.017961
2 11 0.209229 0.216695 0.017961
2 12 0.207132 0.216695 0.017961
2 13 0.209054 0.216695 0.017961
2 14 0.207132 0.216695 0.017961
2 15 0.203636 0.216695 0.017961
2 16 0.196294 0.216695 0.017961
2 17 0.190351 0.216695 0.017961
2 18 0.184583 0.216695 0.017961
2 19 0.182136 0.216695 0.017961
2 20 0.174795 0.216695 0.017961
3 0 0.201713 0.216695 0.017961
3 1 0.206607 0.216695 0.017961
3 2 0.207132 0.216695 0.017961
3 3 0.208705 0.216695 0.017961
3 4 0.210628 0.216695 0.017961
3 5 0.210628 0.216695 0.017961
3 6 0.213249 0.216695 0.017961
3 7 0.209054 0.216695 0.017961
3 8 0.209579 0.216695 0.017961
3 9 0.211152 0.216695 0.017961
3 10 0.215172 0.216695 0.017961
3 11 0.217095 0.216695 0.017961
3 12 0.213424 0.216695 0.017961
3 13 0.214823 0.216695 0.017961
3 14 0.213075 0.216695 0.017961
3 15 0.207481 0.216695 0.017961
3 16 0.199441 0.216695 0.017961
3 17 0.196819 0.216695 0.017961
3 18 0.192274 0.216695 0.017961
3 19 0.188603 0.216695 0.017961
3 20 0.179339 0.216695 0.017961
4 0 0.198217 0.216695 0.017961
4 1 0.204510 0.216695 0.017961
4 2 0.204335 0.216695 0.017961
4 3 0.207831 0.216695 0.017961
4 4 0.209754 0.216695 0.017961
4 5 0.209754 0.216695 0.017961
4 6 0.212375 0.216695 0.017961
4 7 0.210628 0.216695 0.017961
4 8 0.210103 0.216695 0.017961
4 9 0.212026 0.216695 0.017961
4 10 0.212375 0.216695 0.017961
4 11 0.216571 0.216695 0.017961
4 12 0.214648 0.216695 0.017961
4 13 0.215871 0.216695 0.017961
4 14 0.213075 0.216695 0.017961
4 15 0.207656 0.216695 0.017961
4 16 0.201538 0.216695 0.017961
4 17 0.198567 0.216695 0.017961
4 18 0.194372 0.216695 0.017961
4 19 0.188254 0.216695 0.017961
4 20 0.182311 0.216695 0.017961
5 0 0.198042 0.216695 0.017961
5 1 0.201713 0.216695 0.017961
5 2 0.203811 0.216695 0.017961
5 3 0.205733 0.216695 0.017961
5 4 0.206957 0.216695 0.017961
5 5 0.210802 0.216695 0.017961
5 6 0.213774 0.216695 0.017961
5 7 0.214823 0.216695 0.017961
5 8 0.214473 0.216695 0.017961
5 9 0.215347 0.216695 0.017961
5 10 0.218668 0.216695 0.017961
5 11 0.219192 0.216695 0.017961
5 12 0.219018 0.216695 0.017961
5 13 0.220416 0.216695 0.017961
5 14 0.218318 0.216695 0.017961
5 15 0.215697 0.216695 0.017961
5 16 0.211327 0.216695 0.017961
5 17 0.206258 0.216695 0.017961
5 18 0.199965 0.216695 0.017961
5 19 0.192798 0.216695 0.017961
5 20 0.189477 0.216695 0.017961
6 0 0.198916 0.216695 0.017961
6 1 0.199266 0.216695 0.017961
6 2 0.202937 0.216695 0.017961
6 3 0.205558 0.216695 0.017961
6 4 0.205733 0.216695 0.017961
6 5 0.211851 0.216695 0.017961
6 6 0.217445 0.216695 0.017961
6 7 0.220940 0.216695 0.017961
6 8 0.223213 0.216695 0.017961
6 9 0.222164 0.216695 0.017961
6 10 0.227583 0.216695 0.017961
6 11 0.225835 0.216695 0.017961
6 12 0.224087 0.216695 0.017961
6 13 0.226359 0.216695 0.017961
6 14 0.223912 0.216695 0.017961
6 15 0.222688 0.216695 0.017961
6 16 0.221290 0.216695 0.017961
6 17 0.213599 0.216695 0.017961
6 18 0.208180 0.216695 0.017961
6 19 0.203811 0.216695 0.017961
6 20 0.195246 0.216695 0.017961
7 0 0.196469 0.216695 0.017961
7 1 0.201014 0.216695 0.017961
7 2 0.202587 0.216695 0.017961
7 3 0.206957 0.216695 0.017961
7 4 0.209404 0.216695 0.017961
7 5 0.213599 0.216695 0.017961
7 6 0.219018 0.216695 0.017961
7 7 0.224786 0.216695 0.017961
7 8 0.227233 0.216695 0.017961
7 9 0.227757 0.216695 0.017961
7 10 0.229505 0.216695 0.017961
7 11 0.229156 0.216695 0.017961
7 12 0.232477 0.216695 0.017961
7 13 0.228806 0.216695 0.017961
7 14 0.228282 0.216695 0.017961
7 15 0.228981 0.216695 0.017961
7 16 0.226009 0.216695 0.017961
7 17 0.219018 0.216695 0.017961
7 18 0.214997 0.216695 0.017961
7 19 0.210453 0.216695 0.017961
7 20 0.201014 0.216695 0.017961
8 0 0.197343 0.216695 0.017961
8 1 0.198392 0.216695 0.017961
8 2 0.205558 0.216695 0.017961
8 3 0.210977 0.216695 0.017961
8 4 0.212725 0.216695 0.017961
8 5 0.216571 0.216695 0.017961
8 6 0.223562 0.216695 0.017961
8 7 0.228457 0.216695 0.017961
8 8 0.231603 0.216695 0.017961
8 9 0.229156 0.216695 0.017961
8 10 0.230729 0.216695 0.017961
8 11 0.233351 0.216695 0.017961
8 12 0.235274 0.216695 0.017961
8 13 0.234225 0.216695 0.017961
8 14 0.237021 0.216695 0.017961
8 15 0.234050 0.216695 0.017961
8 16 0.232302 0.216695 0.017961
8 17 0.228806 0.216695 0.017961
8 18 0.223912 0.216695 0.017961
8 19 0.217445 0.216695 0.017961
8 20 0.209054 0.216695 0.017961
9 0 0.197343 0.216695 0.017961
9 1 0.203985 0.216695 0.017961
9 2 0.208705 0.216695 0.017961
9 3 0.213949 0.216695 0.017961
9 4 0.216571 0.216695 0.017961
9 5 0.219542 0.216695 0.017961
9 6 0.224087 0.216695 0.017961
9 7 0.227233 0.216695 0.017961
9 8 0.232302 0.216695 0.017961
9 9 0.234050 0.216695 0.017961
9 10 0.233351 0.216695 0.017961
9 11 0.235099 0.216695 0.017961
9 12 0.238595 0.216695 0.017961
9 13 0.236497 0.216695 0.017961
9 14 0.238769 0.216695 0.017961
9 15 0.238944 0.216695 0.017961
9 16 0.236148 0.216695 0.017961
9 17 0.234050 0.216695 0.017961
9 18 0.228631 0.216695 0.017961
9 19 0.221989 0.216695 0.017961
9 20 0.215871 0.216695 0.017961
10 0 0.199965 0.216695 0.017961
10 1 0.208006 0.216695 0.017961
10 2 0.209928 0.216695 0.017961
10 3 0.216745 0.216695 0.017961
10 4 0.220416 0.216695 0.017961
10 5 0.224087 0.216695 0.017961
10 6 0.227932 0.216695 0.017961
10 7 0.229331 0.216695 0.017961
10 8 0.235448 0.216695 0.017961
10 9 0.234749 0.216695 0.017961
10 10 0.233526 0.216695 0.017961
10 11 0.235099 0.216695 0.017961
10 12 0.237021 0.216695 0.017961
10 13 0.237371 0.216695 0.017961
10 14 0.240168 0.216695 0.017961
10 15 0.238944 0.216695 0.017961
10 16 0.237371 0.216695 0.017961
10 17 0.236672 0.216695 0.017961
10 18 0.231078 0.216695 0.017961
10 19 0.227058 0.216695 0.017961
10 20 0.221115 0.216695 0.017961
11 0 0.200315 0.216695 0.017961
11 1 0.206432 0.216695 0.017961
11 2 0.209754 0.216695 0.017961
11 3 0.217619 0.216695 0.017961
11 4 0.223912 0.216695 0.017961
11 5 0.225835 0.216695 0.017961
11 6 0.231778 0.216695 0.017961
11 7 0.232302 0.216695 0.017961
11 8 0.235623 0.216695 0.017961
11 9 0.238595 0.216695 0.017961
11 10 0.234050 0.216695 0.017961
11 11 0.234749 0.216695 0.017961
11 12 0.237895 0.216695 0.017961
11 13 0.241217 0.216695 0.017961
11 14 0.239294 0.216695 0.017961
11 15 0.237546 0.216695 0.017961
11 16 0.242440 0.216695 0.017961
11 17 0.241217 0.216695 0.017961
11 18 0.237546 0.216695 0.017961
11 19 0.231603 0.216695 0.017961
11 20 0.226534 0.216695 0.017961
12 0 0.200839 0.216695 0.017961
12 1 0.205384 0.216695 0.017961
12 2 0.209579 0.216695 0.017961
12 3 0.217794 0.216695 0.017961
12 4 0.224611 0.216695 0.017961
12 5 0.226709 0.216695 0.017961
12 6 0.232302 0.216695 0.017961
12 7 0.232826 0.216695 0.017961
12 8 0.235623 0.216695 0.017961
12 9 0.237021 0.216695 0.017961
12 10 0.234749 0.216695 0.017961
12 11 0.236322 0.216695 0.017961
12 12 0.239643 0.216695 0.017961
12 13 0.239294 0.216695 0.017961
12 14 0.238769 0.216695 0.017961
12 15 0.238944 0.216695 0.017961
12 16 0.240517 0.216695 0.017961
12 17 0.242615 0.216695 0.017961
12 18 0.240517 0.216695 0.017961
12 19 0.234050 0.216695 0.017961
12 20 0.229505 0.216695 0.017961
13 0 0.200489 0.216695 0.017961
13 1 0.204859 0.216695 0.017961
13 2 0.211327 0.216695 0.017961
13 3 0.219367 0.216695 0.017961
13 4 0.223038 0.216695 0.017961
13 5 0.228282 0.216695 0.017961
13 6 0.232826 0.216695 0.017961
13 7 0.235274 0.216695 0.017961
13 8 0.237546 0.216695 0.017961
13 9 0.235099 0.216695 0.017961
13 10 0.235973 0.216695 0.017961
13 11 0.239119 0.216695 0.017961
13 12 0.242265 0.216695 0.017961
13 13 0.239469 0.216695 0.017961
13 14 0.241217 0.216695 0.017961
13 15 0.240517 0.216695 0.017961
13 16 0.242440 0.216695 0.017961
13 17 0.242091 0.216695 0.017961
13 18 0.238769 0.216695 0.017961
13 19 0.233351 0.216695 0.017961
13 20 0.228282 0.216695 0.017961
14 0 0.196120 0.216695 0.017961
14 1 0.203111 0.216695 0.017961
14 2 0.207132 0.216695 0.017961
14 3 0.214823 0.216695 0.017961
14 4 0.221640 0.216695 0.017961
14 5 0.224436 0.216695 0.017961
14 6 0.231078 0.216695 0.017961
14 7 0.232127 0.216695 0.017961
14 8 0.235274 0.216695 0.017961
14 9 0.237721 0.216695 0.017961
14 10 0.238245 0.216695 0.017961
14 11 0.239993 0.216695 0.017961
14 12 0.240692 0.216695 0.017961
14 13 0.240867 0.216695 0.017961
14 14 0.243838 0.216695 0.017961
14 15 0.244712 0.216695 0.017961
14 16 0.245237 0.216695 0.017961
14 17 0.243139 0.216695 0.017961
14 18 0.239643 0.216695 0.017961
14 19 0.233875 0.216695 0.017961
14 20 0.226709 0.216695 0.017961
15 0 0.191051 0.216695 0.017961
15 1 0.198567 0.216695 0.017961
15 2 0.206432 0.216695 0.017961
15 3 0.211676 0.216695 0.017961
15 4 0.216571 0.216695 0.017961
15 5 0.221465 0.216695 0.017961
15 6 0.227408 0.216695 0.017961
15 7 0.231952 0.216695 0.017961
15 8 0.236148 0.216695 0.017961
15 9 0.234574 0.216695 0.017961
15 10 0.234924 0.216695 0.017961
15 11 0.237721 0.216695 0.017961
15 12 0.240343 0.216695 0.017961
15 13 0.243664 0.216695 0.017961
15 14 0.246286 0.216695 0.017961
15 15 0.245412 0.216695 0.017961
15 16 0.243838 0.216695 0.017961
15 17 0.244013 0.216695 0.017961
15 18 0.238070 0.216695 0.017961
15 19 0.230729 0.216695 0.017961
15 20 0.225135 0.216695 0.017961
16 0 0.186855 0.216695 0.017961
16 1 0.191575 0.216695 0.017961
16 2 0.197518 0.216695 0.017961
16 3 0.206083 0.216695 0.017961
16 4 0.212725 0.216695 0.017961
16 5 0.214298 0.216695 0.017961
16 6 0.222514 0.216695 0.017961
16 7 0.229156 0.216695 0.017961
16 8 0.231778 0.216695 0.017961
16 9 0.232826 0.216695 0.017961
16 10 0.234050 0.216695 0.017961
16 11 0.235274 0.216695 0.017961
16 12 0.239993 0.216695 0.017961
16 13 0.243838 0.216695 0.017961
16 14 0.243664 0.216695 0.017961
16 15 0.245062 0.216695 0.017961
16 16 0.242615 0.216695 0.017961
16 17 0.238070 0.216695 0.017961
16 18 0.236148 0.216695 0.017961
16 19 0.227058 0.216695 0.017961
16 20 0.221814 0.216695 0.017961
17 0 0.179164 0.216695 0.017961
17 1 0.186331 0.216695 0.017961
17 2 0.192274 0.216695 0.017961
17 3 0.198567 0.216695 0.017961
17 4 0.206083 0.216695 0.017961
17 5 0.211327 0.216695 0.017961
17 6 0.217619 0.216695 0.017961
17 7 0.221814 0.216695 0.017961
17 8 0.225835 0.216695 0.017961
17 9 0.227408 0.216695 0.017961
17 10 0.231603 0.216695 0.017961
17 11 0.234924 0.216695 0.017961
17 12 0.238245 0.216695 0.017961
17 13 0.242790 0.216695 0.017961
17 14 0.240867 0.216695 0.017961
17 15 0.242265 0.216695 0.017961
17 16 0.238420 0.216695 0.017961
17 17 0.235623 0.216695 0.017961
17 18 0.232477 0.216695 0.017961
17 19 0.224961 0.216695 0.017961
17 20 0.218144 0.216695 0.017961
18 0 0.174795 0.216695 0.017961
18 1 0.182486 0.216695 0.017961
18 2 0.187729 0.216695 0.017961
18 3 0.191225 0.216695 0.017961
18 4 0.201363 0.216695 0.017961
18 5 0.208006 0.216695 0.017961
18 6 0.214823 0.216695 0.017961
18 7 0.217619 0.216695 0.017961
18 8 0.222339 0.216695 0.017961
18 9 0.223213 0.216695 0.017961
18 10 0.226534 0.216695 0.017961
18 11 0.232127 0.216695 0.017961
18 12 0.236148 0.216695 0.017961
18 13 0.239294 0.216695 0.017961
18 14 0.238245 0.216695 0.017961
18 15 0.240168 0.216695 0.017961
18 16 0.239119 0.216695 0.017961
18 17 0.233700 0.216695 0.017961
18 18 0.230554 0.216695 0.017961
18 19 0.221640 0.216695 0.017961
18 20 0.212725 0.216695 0.017961
19 0 0.169726 0.216695 0.017961
19 1 0.176892 0.216695 0.017961
19 2 0.183010 0.216695 0.017961
19 3 0.187904 0.216695 0.017961
19 4 0.195770 0.216695 0.017961
19 5 0.200489 0.216695 0.017961
19 6 0.207132 0.216695 0.017961
19 7 0.209928 0.216695 0.017961
19 8 0.212201 0.216695 0.017961
19 9 0.216745 0.216695 0.017961
19 10 0.220940 0.216695 0.017961
19 11 0.227233 0.216695 0.017961
19 12 0.228107 0.216695 0.017961
19 13 0.230554 0.216695 0.017961
19 14 0.232127 0.216695 0.017961
19 15 0.230554 0.216695 0.017961
19 16 0.229680 0.216695 0.017961
19 17 0.227058 0.216695 0.017961
19 18 0.223912 0.216695 0.017961
19 19 0.210977 0.216695 0.017961
19 20 0.202587 0.216695 0.017961
20 0 0.162909 0.216695 0.017961
20 1 0.167978 0.216695 0.017961
20 2 0.173921 0.216695 0.017961
20 3 0.180213 0.216695 0.017961
20 4 0.187729 0.216695 0.017961
20 5 0.193148 0.216695 0.017961
20 6 0.199790 0.216695 0.017961
20 7 0.203811 0.216695 0.017961
20 8 0.207831 0.216695 0.017961
20 9 0.211327 0.216695 0.017961
20 10 0.215172 0.216695 0.017961
20 11 0.221989 0.216695 0.017961
20 12 0.219018 0.216695 0.017961
20 13 0.224436 0.216695 0.017961
20 14 0.223213 0.216695 0.017961
20 15 0.223038 0.216695 0.017961
20 16 0.220940 0.216695 0.017961
20 17 0.216571 0.216695 0.017961
20 18 0.211152 0.216695 0.017961
20 19 0.202063 0.216695 0.017961
20 20 0.193148 0.216695 0.017961
