# contact distance = 28.0 Angstroms
# F = 0.4 kJ/mol

# i j contact_probability mean_contact_probability stddev_contact_probability
0 0 0.169444 0.158806 0.008592
0 1 0.168611 0.158806 0.008592
0 2 0.165417 0.158806 0.008592
0 3 0.165000 0.158806 0.008592
0 4 0.162361 0.158806 0.008592
0 5 0.160139 0.158806 0.008592
0 6 0.156944 0.158806 0.008592
0 7 0.154444 0.158806 0.008592
0 8 0.156667 0.158806 0.008592
0 9 0.155972 0.158806 0.008592
0 10 0.160417 0.158806 0.008592
0 11 0.159444 0.158806 0.008592
0 12 0.158472 0.158806 0.008592
0 13 0.161111 0.158806 0.008592
0 14 0.159306 0.158806 0.008592
0 15 0.157083 0.158806 0.008592
0 16 0.154167 0.158806 0.008592
0 17 0.152778 0.158806 0.008592
0 18 0.150972 0.158806 0.008592
0 19 0.147778 0.158806 0.008592
0 20 0.145556 0.158806 0.008592
1 0 0.169722 0.158806 0.008592
1 1 0.168056 0.158806 0.008592
1 2 0.166111 0.158806 0.008592
1 3 0.167083 0.158806 0.008592
1 4 0.164306 0.158806 0.008592
1 5 0.161806 0.158806 0.008592
1 6 0.161111 0.158806 0.008592
1 7 0.160139 0.158806 0.008592
1 8 0.159861 0.158806 0.008592
1 9 0.158056 0.158806 0.008592
1 10 0.160833 0.158806 0.008592
1 11 0.162083 0.158806 0.008592
1 12 0.162361 0.158806 0.008592
1 13 0.164444 0.158806 0.008592
1 14 0.161389 0.158806 0.008592
1 15 0.158889 0.158806 0.008592
1 16 0.157083 0.158806 0.008592
1 17 0.155278 0.158806 0.008592
1 18 0.153750 0.158806 0.008592
1 19 0.152361 0.158806 0.008592
1 20 0.147222 0.158806 0.008592
2 0 0.167083 0.158806 0.008592
2 1 0.167917 0.158806 0.008592
2 2 0.168056 0.158806 0.008592
2 3 0.167222 0.158806 0.008592
2 4 0.166111 0.158806 0.008592
2 5 0.164167 0.158806 0.008592
2 6 0.162361 0.158806 0.008592
2 7 0.160833 0.158806 0.008592
2 8 0.162917 0.158806 0.008592
2 9 0.161528 0.158806 0.008592
2 10 0.162361 0.158806 0.008592
2 11 0.164444 0.158806 0.008592
2 12 0.166806 0.158806 0.008592
2 13 0.165972 0.158806 0.008592
2 14 0.162639 0.158806 0.008592
2 15 0.162222 0.158806 0.008592
2 16 0.161389 0.158806 0.008592
2 17 0.159167 0.158806 0.008592
2 18 0.156806 0.158806 0.008592
2 19 0.151111 0.158806 0.008592
2 20 0.149028 0.158806 0.008592
3 0 0.166250 0.158806 0.008592
3 1 0.169583 0.158806 0.008592
3 2 0.168333 0.158806 0.008592
3 3 0.167500 0.158806 0.008592
3 4 0.164444 0.158806 0.008592
3 5 0.163056 0.158806 0.008592
3 6 0.160556 0.158806 0.008592
3 7 0.162222 0.158806 0.008592
3 8 0.162500 0.158806 0.008592
3 9 0.161806 0.158806 0.008592
3 10 0.165694 0.158806 0.008592
3 11 0.165694 0.158806 0.008592
3 12 0.167222 0.158806 0.008592
3 13 0.168472 0.158806 0.008592
3 14 0.166250 0.158806 0.008592
3 15 0.165139 0.158806 0.008592
3 16 0.162639 0.158806 0.008592
3 17 0.164028 0.158806 0.008592
3 18 0.158333 0.158806 0.008592
3 19 0.154861 0.158806 0.008592
3 20 0.149444 0.158806 0.008592
4 0 0.163889 0.158806 0.008592
4 1 0.167639 0.158806 0.008592
4 2 0.167500 0.158806 0.008592
4 3 0.165417 0.158806 0.008592
4 4 0.162917 0.158806 0.008592
4 5 0.162222 0.158806 0.008592
4 6 0.159444 0.158806 0.008592
4 7 0.160694 0.158806 0.008592
4 8 0.162361 0.158806 0.008592
4 9 0.163333 0.158806 0.008592
4 10 0.165694 0.158806 0.008592
4 11 0.166944 0.158806 0.008592
4 12 0.168056 0.158806 0.008592
4 13 0.169583 0.158806 0.008592
4 14 0.166806 0.158806 0.008592
4 15 0.166250 0.158806 0.008592
4 16 0.165278 0.158806 0.008592
4 17 0.164444 0.158806 0.008592
4 18 0.161944 0.158806 0.008592
4 19 0.154722 0.158806 0.008592
4 20 0.148889 0.158806 0.008592
5 0 0.162778 0.158806 0.008592
5 1 0.165972 0.158806 0.008592
5 2 0.166944 0.158806 0.008592
5 3 0.165417 0.158806 0.008592
5 4 0.161528 0.158806 0.008592
5 5 0.158472 0.158806 0.008592
5 6 0.160972 0.158806 0.008592
5 7 0.162222 0.158806 0.008592
5 8 0.164306 0.158806 0.008592
5 9 0.164306 0.158806 0.008592
5 10 0.165000 0.158806 0.008592
5 11 0.165556 0.158806 0.008592
5 12 0.165417 0.158806 0.008592
5 13 0.167639 0.158806 0.008592
5 14 0.165556 0.158806 0.008592
5 15 0.165833 0.158806 0.008592
5 16 0.164583 0.158806 0.008592
5 17 0.164444 0.158806 0.008592
5 18 0.160833 0.158806 0.008592
5 19 0.153889 0.158806 0.008592
5 20 0.151528 0.158806 0.008592
6 0 0.161806 0.158806 0.008592
6 1 0.165556 0.158806 0.008592
6 2 0.164306 0.158806 0.008592
6 3 0.164306 0.158806 0.008592
6 4 0.164306 0.158806 0.008592
6 5 0.160278 0.158806 0.008592
6 6 0.160139 0.158806 0.008592
6 7 0.160417 0.158806 0.008592
6 8 0.164444 0.158806 0.008592
6 9 0.163611 0.158806 0.008592
6 10 0.165694 0.158806 0.008592
6 11 0.169861 0.158806 0.008592
6 12 0.165139 0.158806 0.008592
6 13 0.166528 0.158806 0.008592
6 14 0.166250 0.158806 0.008592
6 15 0.167083 0.158806 0.008592
6 16 0.164167 0.158806 0.008592
6 17 0.163056 0.158806 0.008592
6 18 0.160417 0.158806 0.008592
6 19 0.157778 0.158806 0.008592
6 20 0.152361 0.158806 0.008592
7 0 0.157222 0.158806 0.008592
7 1 0.160694 0.158806 0.008592
7 2 0.163889 0.158806 0.008592
7 3 0.162639 0.158806 0.008592
7 4 0.160694 0.158806 0.008592
7 5 0.160000 0.158806 0.008592
7 6 0.161944 0.158806 0.008592
7 7 0.160278 0.158806 0.008592
7 8 0.162500 0.158806 0.008592
7 9 0.165000 0.158806 0.008592
7 10 0.166806 0.158806 0.008592
7 11 0.167083 0.158806 0.008592
7 12 0.164722 0.158806 0.008592
7 13 0.163056 0.158806 0.008592
7 14 0.163472 0.158806 0.008592
7 15 0.164028 0.158806 0.008592
7 16 0.163333 0.158806 0.008592
7 17 0.162361 0.158806 0.008592
7 18 0.159028 0.158806 0.008592
7 19 0.155417 0.158806 0.008592
7 20 0.148333 0.158806 0.008592
8 0 0.158194 0.158806 0.008592
8 1 0.160833 0.158806 0.008592
8 2 0.162778 0.158806 0.008592
8 3 0.162778 0.158806 0.008592
8 4 0.160139 0.158806 0.008592
8 5 0.160833 0.158806 0.008592
8 6 0.159861 0.158806 0.008592
8 7 0.162500 0.158806 0.008592
8 8 0.164167 0.158806 0.008592
8 9 0.166528 0.158806 0.008592
8 10 0.165139 0.158806 0.008592
8 11 0.166111 0.158806 0.008592
8 12 0.165278 0.158806 0.008592
8 13 0.166111 0.158806 0.008592
8 14 0.162083 0.158806 0.008592
8 15 0.164028 0.158806 0.008592
8 16 0.160833 0.158806 0.008592
8 17 0.161667 0.158806 0.008592
8 18 0.159583 0.158806 0.008592
8 19 0.155694 0.158806 0.008592
8 20 0.149722 0.158806 0.008592
9 0 0.157917 0.158806 0.008592
9 1 0.161250 0.158806 0.008592
9 2 0.164028 0.158806 0.008592
9 3 0.164028 0.158806 0.008592
9 4 0.160556 0.158806 0.008592
9 5 0.158611 0.158806 0.008592
9 6 0.159861 0.158806 0.008592
9 7 0.160417 0.158806 0.008592
9 8 0.161250 0.158806 0.008592
9 9 0.160972 0.158806 0.008592
9 10 0.164722 0.158806 0.008592
9 11 0.165417 0.158806 0.008592
9 12 0.165139 0.158806 0.008592
9 13 0.165417 0.158806 0.008592
9 14 0.162778 0.158806 0.008592
9 15 0.162778 0.158806 0.008592
9 16 0.160556 0.158806 0.008592
9 17 0.160278 0.158806 0.008592
9 18 0.157778 0.158806 0.008592
9 19 0.153889 0.158806 0.008592
9 20 0.148194 0.158806 0.008592
10 0 0.157222 0.158806 0.008592
10 1 0.160972 0.158806 0.008592
10 2 0.163056 0.158806 0.008592
10 3 0.163056 0.158806 0.008592
10 4 0.161111 0.158806 0.008592
10 5 0.159306 0.158806 0.008592
10 6 0.159167 0.158806 0.008592
10 7 0.160000 0.158806 0.008592
10 8 0.162500 0.158806 0.008592
10 9 0.162778 0.158806 0.008592
10 10 0.160972 0.158806 0.008592
10 11 0.162778 0.158806 0.008592
10 12 0.162917 0.158806 0.008592
10 13 0.165278 0.158806 0.008592
10 14 0.161389 0.158806 0.008592
10 15 0.161250 0.158806 0.008592
10 16 0.160139 0.158806 0.008592
10 17 0.158750 0.158806 0.008592
10 18 0.154583 0.158806 0.008592
10 19 0.149722 0.158806 0.008592
10 20 0.146528 0.158806 0.008592
11 0 0.159306 0.158806 0.008592
11 1 0.160972 0.158806 0.008592
11 2 0.165000 0.158806 0.008592
11 3 0.165000 0.158806 0.008592
11 4 0.163750 0.158806 0.008592
11 5 0.160833 0.158806 0.008592
11 6 0.163056 0.158806 0.008592
11 7 0.160556 0.158806 0.008592
11 8 0.162639 0.158806 0.008592
11 9 0.163333 0.158806 0.008592
11 10 0.162500 0.158806 0.008592
11 11 0.160000 0.158806 0.008592
11 12 0.161528 0.158806 0.008592
11 13 0.164028 0.158806 0.008592
11 14 0.162222 0.158806 0.008592
11 15 0.160417 0.158806 0.008592
11 16 0.156806 0.158806 0.008592
11 17 0.156250 0.158806 0.008592
11 18 0.153472 0.158806 0.008592
11 19 0.150833 0.158806 0.008592
11 20 0.142500 0.158806 0.008592
12 0 0.157361 0.158806 0.008592
12 1 0.160972 0.158806 0.008592
12 2 0.163194 0.158806 0.008592
12 3 0.163611 0.158806 0.008592
12 4 0.162361 0.158806 0.008592
12 5 0.162361 0.158806 0.008592
12 6 0.162361 0.158806 0.008592
12 7 0.162778 0.158806 0.008592
12 8 0.161250 0.158806 0.008592
12 9 0.160000 0.158806 0.008592
12 10 0.160833 0.158806 0.008592
12 11 0.159861 0.158806 0.008592
12 12 0.159306 0.158806 0.008592
12 13 0.161806 0.158806 0.008592
12 14 0.160139 0.158806 0.008592
12 15 0.157639 0.158806 0.008592
12 16 0.156528 0.158806 0.008592
12 17 0.153333 0.158806 0.008592
12 18 0.149861 0.158806 0.008592
12 19 0.148194 0.158806 0.008592
12 20 0.140417 0.158806 0.008592
13 0 0.160556 0.158806 0.008592
13 1 0.163056 0.158806 0.008592
13 2 0.165833 0.158806 0.008592
13 3 0.166250 0.158806 0.008592
13 4 0.163889 0.158806 0.008592
13 5 0.164722 0.158806 0.008592
13 6 0.164722 0.158806 0.008592
13 7 0.163611 0.158806 0.008592
13 8 0.162639 0.158806 0.008592
13 9 0.162361 0.158806 0.008592
13 10 0.161111 0.158806 0.008592
13 11 0.159167 0.158806 0.008592
13 12 0.160417 0.158806 0.008592
13 13 0.159722 0.158806 0.008592
13 14 0.159306 0.158806 0.008592
13 15 0.157917 0.158806 0.008592
13 16 0.153611 0.158806 0.008592
13 17 0.152917 0.158806 0.008592
13 18 0.150556 0.158806 0.008592
13 19 0.145000 0.158806 0.008592
13 20 0.137083 0.158806 0.008592
14 0 0.162778 0.158806 0.008592
14 1 0.164306 0.158806 0.008592
14 2 0.166528 0.158806 0.008592
14 3 0.165972 0.158806 0.008592
14 4 0.165694 0.158806 0.008592
14 5 0.166944 0.158806 0.008592
14 6 0.165972 0.158806 0.008592
14 7 0.165000 0.158806 0.008592
14 8 0.164167 0.158806 0.008592
14 9 0.163333 0.158806 0.008592
14 10 0.162361 0.158806 0.008592
14 11 0.160139 0.158806 0.008592
14 12 0.160556 0.158806 0.008592
14 13 0.160556 0.158806 0.008592
14 14 0.157917 0.158806 0.008592
14 15 0.156250 0.158806 0.008592
14 16 0.152361 0.158806 0.008592
14 17 0.152222 0.158806 0.008592
14 18 0.149583 0.158806 0.008592
14 19 0.142222 0.158806 0.008592
14 20 0.134861 0.158806 0.008592
15 0 0.163194 0.158806 0.008592
15 1 0.164444 0.158806 0.008592
15 2 0.166806 0.158806 0.008592
15 3 0.166944 0.158806 0.008592
15 4 0.166250 0.158806 0.008592
15 5 0.165278 0.158806 0.008592
15 6 0.166528 0.158806 0.008592
15 7 0.167083 0.158806 0.008592
15 8 0.166389 0.158806 0.008592
15 9 0.163750 0.158806 0.008592
15 10 0.163194 0.158806 0.008592
15 11 0.160278 0.158806 0.008592
15 12 0.160417 0.158806 0.008592
15 13 0.159722 0.158806 0.008592
15 14 0.156111 0.158806 0.008592
15 15 0.156250 0.158806 0.008592
15 16 0.152083 0.158806 0.008592
15 17 0.149583 0.158806 0.008592
15 18 0.147778 0.158806 0.008592
15 19 0.142778 0.158806 0.008592
15 20 0.132222 0.158806 0.008592
16 0 0.163750 0.158806 0.008592
16 1 0.163889 0.158806 0.008592
16 2 0.166389 0.158806 0.008592
16 3 0.166806 0.158806 0.008592
16 4 0.166111 0.158806 0.008592
16 5 0.164306 0.158806 0.008592
16 6 0.163611 0.158806 0.008592
16 7 0.164028 0.158806 0.008592
16 8 0.165417 0.158806 0.008592
16 9 0.163472 0.158806 0.008592
16 10 0.163333 0.158806 0.008592
16 11 0.161250 0.158806 0.008592
16 12 0.160833 0.158806 0.008592
16 13 0.156389 0.158806 0.008592
16 14 0.153472 0.158806 0.008592
16 15 0.152361 0.158806 0.008592
16 16 0.149583 0.158806 0.008592
16 17 0.149444 0.158806 0.008592
16 18 0.144167 0.158806 0.008592
16 19 0.141667 0.158806 0.008592
16 20 0.133056 0.158806 0.008592
17 0 0.162500 0.158806 0.008592
17 1 0.163611 0.158806 0.008592
17 2 0.165139 0.158806 0.008592
17 3 0.164861 0.158806 0.008592
17 4 0.165833 0.158806 0.008592
17 5 0.163333 0.158806 0.008592
17 6 0.166944 0.158806 0.008592
17 7 0.167083 0.158806 0.008592
17 8 0.164583 0.158806 0.008592
17 9 0.162917 0.158806 0.008592
17 10 0.163056 0.158806 0.008592
17 11 0.160972 0.158806 0.008592
17 12 0.158333 0.158806 0.008592
17 13 0.155833 0.158806 0.008592
17 14 0.151944 0.158806 0.008592
17 15 0.148750 0.158806 0.008592
17 16 0.147361 0.158806 0.008592
17 17 0.145833 0.158806 0.008592
17 18 0.142639 0.158806 0.008592
17 19 0.137083 0.158806 0.008592
17 20 0.127917 0.158806 0.008592
18 0 0.157361 0.158806 0.008592
18 1 0.158472 0.158806 0.008592
18 2 0.162083 0.158806 0.008592
18 3 0.163472 0.158806 0.008592
18 4 0.161806 0.158806 0.008592
18 5 0.162500 0.158806 0.008592
18 6 0.160833 0.158806 0.008592
18 7 0.161944 0.158806 0.008592
18 8 0.163333 0.158806 0.008592
18 9 0.161111 0.158806 0.008592
18 10 0.163056 0.158806 0.008592
18 11 0.159028 0.158806 0.008592
18 12 0.157500 0.158806 0.008592
18 13 0.154167 0.158806 0.008592
18 14 0.151389 0.158806 0.008592
18 15 0.146806 0.158806 0.008592
18 16 0.145278 0.158806 0.008592
18 17 0.144306 0.158806 0.008592
18 18 0.139583 0.158806 0.008592
18 19 0.132500 0.158806 0.008592
18 20 0.125139 0.158806 0.008592
19 0 0.154583 0.158806 0.008592
19 1 0.155694 0.158806 0.008592
19 2 0.157500 0.158806 0.008592
19 3 0.159444 0.158806 0.008592
19 4 0.159306 0.158806 0.008592
19 5 0.157222 0.158806 0.008592
19 6 0.160417 0.158806 0.008592
19 7 0.160556 0.158806 0.008592
19 8 0.161250 0.158806 0.008592
19 9 0.159306 0.158806 0.008592
19 10 0.158194 0.158806 0.008592
19 11 0.152778 0.158806 0.008592
19 12 0.152361 0.158806 0.008592
19 13 0.148611 0.158806 0.008592
19 14 0.146528 0.158806 0.008592
19 15 0.142917 0.158806 0.008592
19 16 0.140278 0.158806 0.008592
19 17 0.137778 0.158806 0.008592
19 18 0.131667 0.158806 0.008592
19 19 0.126111 0.158806 0.008592
19 20 0.118472 0.158806 0.008592
20 0 0.149722 0.158806 0.008592
20 1 0.150556 0.158806 0.008592
20 2 0.152917 0.158806 0.008592
20 3 0.153889 0.158806 0.008592
20 4 0.153611 0.158806 0.008592
20 5 0.153611 0.158806 0.008592
20 6 0.156667 0.158806 0.008592
20 7 0.158056 0.158806 0.008592
20 8 0.155833 0.158806 0.008592
20 9 0.152222 0.158806 0.008592
20 10 0.149306 0.158806 0.008592
20 11 0.148889 0.158806 0.008592
20 12 0.144861 0.158806 0.008592
20 13 0.142222 0.158806 0.008592
20 14 0.141111 0.158806 0.008592
20 15 0.139306 0.158806 0.008592
20 16 0.137778 0.158806 0.008592
20 17 0.132083 0.158806 0.008592
20 18 0.126806 0.158806 0.008592
20 19 0.118333 0.158806 0.008592
20 20 0.113056 0.158806 0.008592
