# contact distance = 28.0 Angstroms
# F = 0.4 kJ/mol

# i j contact_probability mean_contact_probability stddev_contact_probability
0 0 0.154107 0.151064 0.007172
0 1 0.156714 0.151064 0.007172
0 2 0.155541 0.151064 0.007172
0 3 0.151760 0.151064 0.007172
0 4 0.148631 0.151064 0.007172
0 5 0.143155 0.151064 0.007172
0 6 0.140548 0.151064 0.007172
0 7 0.140026 0.151064 0.007172
0 8 0.139765 0.151064 0.007172
0 9 0.141982 0.151064 0.007172
0 10 0.146936 0.151064 0.007172
0 11 0.148501 0.151064 0.007172
0 12 0.150326 0.151064 0.007172
0 13 0.152542 0.151064 0.007172
0 14 0.156584 0.151064 0.007172
0 15 0.156975 0.151064 0.007172
0 16 0.156714 0.151064 0.007172
0 17 0.155411 0.151064 0.007172
0 18 0.152803 0.151064 0.007172
0 19 0.150065 0.151064 0.007172
0 20 0.149022 0.151064 0.007172
1 0 0.158801 0.151064 0.007172
1 1 0.159452 0.151064 0.007172
1 2 0.158018 0.151064 0.007172
1 3 0.155932 0.151064 0.007172
1 4 0.152282 0.151064 0.007172
1 5 0.148631 0.151064 0.007172
1 6 0.146545 0.151064 0.007172
1 7 0.142112 0.151064 0.007172
1 8 0.144068 0.151064 0.007172
1 9 0.146284 0.151064 0.007172
1 10 0.148631 0.151064 0.007172
1 11 0.153455 0.151064 0.007172
1 12 0.156323 0.151064 0.007172
1 13 0.158409 0.151064 0.007172
1 14 0.160887 0.151064 0.007172
1 15 0.159322 0.151064 0.007172
1 16 0.160104 0.151064 0.007172
1 17 0.158670 0.151064 0.007172
1 18 0.155280 0.151064 0.007172
1 19 0.153064 0.151064 0.007172
1 20 0.150456 0.151064 0.007172
2 0 0.159322 0.151064 0.007172
2 1 0.161799 0.151064 0.007172
2 2 0.161017 0.151064 0.007172
2 3 0.159061 0.151064 0.007172
2 4 0.155411 0.151064 0.007172
2 5 0.152412 0.151064 0.007172
2 6 0.150065 0.151064 0.007172
2 7 0.146936 0.151064 0.007172
2 8 0.145502 0.151064 0.007172
2 9 0.147718 0.151064 0.007172
2 10 0.149544 0.151064 0.007172
2 11 0.154237 0.151064 0.007172
2 12 0.155541 0.151064 0.007172
2 13 0.156845 0.151064 0.007172
2 14 0.157888 0.151064 0.007172
2 15 0.161408 0.151064 0.007172
2 16 0.162190 0.151064 0.007172
2 17 0.161538 0.151064 0.007172
2 18 0.159452 0.151064 0.007172
2 19 0.157366 0.151064 0.007172
2 20 0.153716 0.151064 0.007172
3 0 0.156063 0.151064 0.007172
3 1 0.159974 0.151064 0.007172
3 2 0.159974 0.151064 0.007172
3 3 0.158540 0.151064 0.007172
3 4 0.152673 0.151064 0.007172
3 5 0.151760 0.151064 0.007172
3 6 0.148110 0.151064 0.007172
3 7 0.145632 0.151064 0.007172
3 8 0.144459 0.151064 0.007172
3 9 0.147718 0.151064 0.007172
3 10 0.149283 0.151064 0.007172
3 11 0.152803 0.151064 0.007172
3 12 0.154368 0.151064 0.007172
3 13 0.155671 0.151064 0.007172
3 14 0.157497 0.151064 0.007172
3 15 0.161017 0.151064 0.007172
3 16 0.161799 0.151064 0.007172
3 17 0.161147 0.151064 0.007172
3 18 0.158149 0.151064 0.007172
3 19 0.157366 0.151064 0.007172
3 20 0.152021 0.151064 0.007172
4 0 0.152673 0.151064 0.007172
4 1 0.157497 0.151064 0.007172
4 2 0.158018 0.151064 0.007172
4 3 0.156454 0.151064 0.007172
4 4 0.152803 0.151064 0.007172
4 5 0.150717 0.151064 0.007172
4 6 0.147588 0.151064 0.007172
4 7 0.147849 0.151064 0.007172
4 8 0.145372 0.151064 0.007172
4 9 0.146545 0.151064 0.007172
4 10 0.148110 0.151064 0.007172
4 11 0.153194 0.151064 0.007172
4 12 0.155671 0.151064 0.007172
4 13 0.156714 0.151064 0.007172
4 14 0.158801 0.151064 0.007172
4 15 0.159192 0.151064 0.007172
4 16 0.160626 0.151064 0.007172
4 17 0.158931 0.151064 0.007172
4 18 0.156454 0.151064 0.007172
4 19 0.153977 0.151064 0.007172
4 20 0.151630 0.151064 0.007172
5 0 0.147327 0.151064 0.007172
5 1 0.152673 0.151064 0.007172
5 2 0.155411 0.151064 0.007172
5 3 0.153977 0.151064 0.007172
5 4 0.152803 0.151064 0.007172
5 5 0.148110 0.151064 0.007172
5 6 0.145893 0.151064 0.007172
5 7 0.146154 0.151064 0.007172
5 8 0.144459 0.151064 0.007172
5 9 0.145372 0.151064 0.007172
5 10 0.146936 0.151064 0.007172
5 11 0.149413 0.151064 0.007172
5 12 0.154498 0.151064 0.007172
5 13 0.157106 0.151064 0.007172
5 14 0.156323 0.151064 0.007172
5 15 0.157497 0.151064 0.007172
5 16 0.160104 0.151064 0.007172
5 17 0.157888 0.151064 0.007172
5 18 0.154368 0.151064 0.007172
5 19 0.151239 0.151064 0.007172
5 20 0.148110 0.151064 0.007172
6 0 0.145111 0.151064 0.007172
6 1 0.152021 0.151064 0.007172
6 2 0.153846 0.151064 0.007172
6 3 0.153194 0.151064 0.007172
6 4 0.152934 0.151064 0.007172
6 5 0.147066 0.151064 0.007172
6 6 0.145372 0.151064 0.007172
6 7 0.147718 0.151064 0.007172
6 8 0.144980 0.151064 0.007172
6 9 0.146675 0.151064 0.007172
6 10 0.146806 0.151064 0.007172
6 11 0.150196 0.151064 0.007172
6 12 0.153977 0.151064 0.007172
6 13 0.156584 0.151064 0.007172
6 14 0.159583 0.151064 0.007172
6 15 0.156193 0.151064 0.007172
6 16 0.156454 0.151064 0.007172
6 17 0.155541 0.151064 0.007172
6 18 0.153194 0.151064 0.007172
6 19 0.149544 0.151064 0.007172
6 20 0.146023 0.151064 0.007172
7 0 0.140548 0.151064 0.007172
7 1 0.148501 0.151064 0.007172
7 2 0.151890 0.151064 0.007172
7 3 0.151630 0.151064 0.007172
7 4 0.150326 0.151064 0.007172
7 5 0.147718 0.151064 0.007172
7 6 0.145372 0.151064 0.007172
7 7 0.143677 0.151064 0.007172
7 8 0.144329 0.151064 0.007172
7 9 0.145632 0.151064 0.007172
7 10 0.144720 0.151064 0.007172
7 11 0.146936 0.151064 0.007172
7 12 0.152151 0.151064 0.007172
7 13 0.154759 0.151064 0.007172
7 14 0.154889 0.151064 0.007172
7 15 0.154889 0.151064 0.007172
7 16 0.155280 0.151064 0.007172
7 17 0.154759 0.151064 0.007172
7 18 0.150456 0.151064 0.007172
7 19 0.147327 0.151064 0.007172
7 20 0.144329 0.151064 0.007172
8 0 0.143677 0.151064 0.007172
8 1 0.149674 0.151064 0.007172
8 2 0.154498 0.151064 0.007172
8 3 0.155802 0.151064 0.007172
8 4 0.152542 0.151064 0.007172
8 5 0.150326 0.151064 0.007172
8 6 0.150456 0.151064 0.007172
8 7 0.146023 0.151064 0.007172
8 8 0.146415 0.151064 0.007172
8 9 0.146284 0.151064 0.007172
8 10 0.147066 0.151064 0.007172
8 11 0.148892 0.151064 0.007172
8 12 0.149283 0.151064 0.007172
8 13 0.152282 0.151064 0.007172
8 14 0.153455 0.151064 0.007172
8 15 0.155411 0.151064 0.007172
8 16 0.155020 0.151064 0.007172
8 17 0.153846 0.151064 0.007172
8 18 0.152803 0.151064 0.007172
8 19 0.146806 0.151064 0.007172
8 20 0.142894 0.151064 0.007172
9 0 0.143546 0.151064 0.007172
9 1 0.151108 0.151064 0.007172
9 2 0.155411 0.151064 0.007172
9 3 0.155150 0.151064 0.007172
9 4 0.153194 0.151064 0.007172
9 5 0.150326 0.151064 0.007172
9 6 0.147849 0.151064 0.007172
9 7 0.146936 0.151064 0.007172
9 8 0.146415 0.151064 0.007172
9 9 0.146284 0.151064 0.007172
9 10 0.147849 0.151064 0.007172
9 11 0.148110 0.151064 0.007172
9 12 0.149283 0.151064 0.007172
9 13 0.147979 0.151064 0.007172
9 14 0.151108 0.151064 0.007172
9 15 0.154628 0.151064 0.007172
9 16 0.154498 0.151064 0.007172
9 17 0.152282 0.151064 0.007172
9 18 0.149022 0.151064 0.007172
9 19 0.144459 0.151064 0.007172
9 20 0.141460 0.151064 0.007172
10 0 0.146284 0.151064 0.007172
10 1 0.151369 0.151064 0.007172
10 2 0.155150 0.151064 0.007172
10 3 0.155932 0.151064 0.007172
10 4 0.154889 0.151064 0.007172
10 5 0.150587 0.151064 0.007172
10 6 0.150587 0.151064 0.007172
10 7 0.149804 0.151064 0.007172
10 8 0.148240 0.151064 0.007172
10 9 0.146806 0.151064 0.007172
10 10 0.147327 0.151064 0.007172
10 11 0.147458 0.151064 0.007172
10 12 0.148892 0.151064 0.007172
10 13 0.151239 0.151064 0.007172
10 14 0.153846 0.151064 0.007172
10 15 0.154498 0.151064 0.007172
10 16 0.152151 0.151064 0.007172
10 17 0.151499 0.151064 0.007172
10 18 0.146675 0.151064 0.007172
10 19 0.145372 0.151064 0.007172
10 20 0.141851 0.151064 0.007172
11 0 0.149804 0.151064 0.007172
11 1 0.154237 0.151064 0.007172
11 2 0.154628 0.151064 0.007172
11 3 0.156193 0.151064 0.007172
11 4 0.153585 0.151064 0.007172
11 5 0.151890 0.151064 0.007172
11 6 0.151760 0.151064 0.007172
11 7 0.152282 0.151064 0.007172
11 8 0.149804 0.151064 0.007172
11 9 0.149544 0.151064 0.007172
11 10 0.150456 0.151064 0.007172
11 11 0.150587 0.151064 0.007172
11 12 0.153977 0.151064 0.007172
11 13 0.151369 0.151064 0.007172
11 14 0.153977 0.151064 0.007172
11 15 0.155020 0.151064 0.007172
11 16 0.152412 0.151064 0.007172
11 17 0.153716 0.151064 0.007172
11 18 0.149674 0.151064 0.007172
11 19 0.143416 0.151064 0.007172
11 20 0.139635 0.151064 0.007172
12 0 0.150326 0.151064 0.007172
12 1 0.155671 0.151064 0.007172
12 2 0.158149 0.151064 0.007172
12 3 0.157888 0.151064 0.007172
12 4 0.156714 0.151064 0.007172
12 5 0.155020 0.151064 0.007172
12 6 0.154759 0.151064 0.007172
12 7 0.154759 0.151064 0.007172
12 8 0.151630 0.151064 0.007172
12 9 0.151108 0.151064 0.007172
12 10 0.153585 0.151064 0.007172
12 11 0.152412 0.151064 0.007172
12 12 0.154889 0.151064 0.007172
12 13 0.153585 0.151064 0.007172
12 14 0.154368 0.151064 0.007172
12 15 0.152542 0.151064 0.007172
12 16 0.150847 0.151064 0.007172
12 17 0.151499 0.151064 0.007172
12 18 0.148892 0.151064 0.007172
12 19 0.143937 0.151064 0.007172
12 20 0.138462 0.151064 0.007172
13 0 0.152021 0.151064 0.007172
13 1 0.157627 0.151064 0.007172
13 2 0.158540 0.151064 0.007172
13 3 0.159974 0.151064 0.007172
13 4 0.159974 0.151064 0.007172
13 5 0.156584 0.151064 0.007172
13 6 0.154759 0.151064 0.007172
13 7 0.155671 0.151064 0.007172
13 8 0.153716 0.151064 0.007172
13 9 0.155541 0.151064 0.007172
13 10 0.156714 0.151064 0.007172
13 11 0.156454 0.151064 0.007172
13 12 0.154889 0.151064 0.007172
13 13 0.156714 0.151064 0.007172
13 14 0.156193 0.151064 0.007172
13 15 0.155280 0.151064 0.007172
13 16 0.152542 0.151064 0.007172
13 17 0.151239 0.151064 0.007172
13 18 0.150326 0.151064 0.007172
13 19 0.146415 0.151064 0.007172
13 20 0.141069 0.151064 0.007172
14 0 0.154237 0.151064 0.007172
14 1 0.157757 0.151064 0.007172
14 2 0.161408 0.151064 0.007172
14 3 0.162712 0.151064 0.007172
14 4 0.162712 0.151064 0.007172
14 5 0.158409 0.151064 0.007172
14 6 0.158149 0.151064 0.007172
14 7 0.156714 0.151064 0.007172
14 8 0.155411 0.151064 0.007172
14 9 0.155802 0.151064 0.007172
14 10 0.157497 0.151064 0.007172
14 11 0.156323 0.151064 0.007172
14 12 0.155932 0.151064 0.007172
14 13 0.156845 0.151064 0.007172
14 14 0.156063 0.151064 0.007172
14 15 0.155150 0.151064 0.007172
14 16 0.153585 0.151064 0.007172
14 17 0.152282 0.151064 0.007172
14 18 0.148240 0.151064 0.007172
14 19 0.145502 0.151064 0.007172
14 20 0.141982 0.151064 0.007172
15 0 0.154889 0.151064 0.007172
15 1 0.160104 0.151064 0.007172
15 2 0.164146 0.151064 0.007172
15 3 0.163364 0.151064 0.007172
15 4 0.163103 0.151064 0.007172
15 5 0.158409 0.151064 0.007172
15 6 0.156714 0.151064 0.007172
15 7 0.156193 0.151064 0.007172
15 8 0.155280 0.151064 0.007172
15 9 0.155411 0.151064 0.007172
15 10 0.155020 0.151064 0.007172
15 11 0.154237 0.151064 0.007172
15 12 0.155020 0.151064 0.007172
15 13 0.155150 0.151064 0.007172
15 14 0.155932 0.151064 0.007172
15 15 0.155802 0.151064 0.007172
15 16 0.154237 0.151064 0.007172
15 17 0.151760 0.151064 0.007172
15 18 0.148240 0.151064 0.007172
15 19 0.141851 0.151064 0.007172
15 20 0.137940 0.151064 0.007172
16 0 0.155802 0.151064 0.007172
16 1 0.160365 0.151064 0.007172
16 2 0.163103 0.151064 0.007172
16 3 0.162451 0.151064 0.007172
16 4 0.162451 0.151064 0.007172
16 5 0.159583 0.151064 0.007172
16 6 0.155280 0.151064 0.007172
16 7 0.155280 0.151064 0.007172
16 8 0.151890 0.151064 0.007172
16 9 0.153716 0.151064 0.007172
16 10 0.152803 0.151064 0.007172
16 11 0.152021 0.151064 0.007172
16 12 0.153716 0.151064 0.007172
16 13 0.153716 0.151064 0.007172
16 14 0.153325 0.151064 0.007172
16 15 0.153977 0.151064 0.007172
16 16 0.153977 0.151064 0.007172
16 17 0.149022 0.151064 0.007172
16 18 0.144198 0.151064 0.007172
16 19 0.139244 0.151064 0.007172
16 20 0.135463 0.151064 0.007172
17 0 0.153325 0.151064 0.007172
17 1 0.158018 0.151064 0.007172
17 2 0.162321 0.151064 0.007172
17 3 0.162973 0.151064 0.007172
17 4 0.162321 0.151064 0.007172
17 5 0.158670 0.151064 0.007172
17 6 0.158931 0.151064 0.007172
17 7 0.155020 0.151064 0.007172
17 8 0.151239 0.151064 0.007172
17 9 0.153064 0.151064 0.007172
17 10 0.151369 0.151064 0.007172
17 11 0.149935 0.151064 0.007172
17 12 0.147979 0.151064 0.007172
17 13 0.152021 0.151064 0.007172
17 14 0.153064 0.151064 0.007172
17 15 0.150065 0.151064 0.007172
17 16 0.149935 0.151064 0.007172
17 17 0.145372 0.151064 0.007172
17 18 0.137549 0.151064 0.007172
17 19 0.136636 0.151064 0.007172
17 20 0.130248 0.151064 0.007172
18 0 0.151499 0.151064 0.007172
18 1 0.155411 0.151064 0.007172
18 2 0.159322 0.151064 0.007172
18 3 0.159192 0.151064 0.007172
18 4 0.155150 0.151064 0.007172
18 5 0.158149 0.151064 0.007172
18 6 0.157236 0.151064 0.007172
18 7 0.152282 0.151064 0.007172
18 8 0.148892 0.151064 0.007172
18 9 0.151108 0.151064 0.007172
18 10 0.148761 0.151064 0.007172
18 11 0.146936 0.151064 0.007172
18 12 0.146936 0.151064 0.007172
18 13 0.148370 0.151064 0.007172
18 14 0.150326 0.151064 0.007172
18 15 0.149413 0.151064 0.007172
18 16 0.145632 0.151064 0.007172
18 17 0.140026 0.151064 0.007172
18 18 0.135984 0.151064 0.007172
18 19 0.130378 0.151064 0.007172
18 20 0.126076 0.151064 0.007172
19 0 0.147979 0.151064 0.007172
19 1 0.151239 0.151064 0.007172
19 2 0.155541 0.151064 0.007172
19 3 0.154498 0.151064 0.007172
19 4 0.155280 0.151064 0.007172
19 5 0.153194 0.151064 0.007172
19 6 0.153716 0.151064 0.007172
19 7 0.146154 0.151064 0.007172
19 8 0.145632 0.151064 0.007172
19 9 0.144459 0.151064 0.007172
19 10 0.142373 0.151064 0.007172
19 11 0.142503 0.151064 0.007172
19 12 0.142373 0.151064 0.007172
19 13 0.144850 0.151064 0.007172
19 14 0.144068 0.151064 0.007172
19 15 0.145111 0.151064 0.007172
19 16 0.140287 0.151064 0.007172
19 17 0.135854 0.151064 0.007172
19 18 0.130248 0.151064 0.007172
19 19 0.127249 0.151064 0.007172
19 20 0.119557 0.151064 0.007172
20 0 0.144329 0.151064 0.007172
20 1 0.147197 0.151064 0.007172
20 2 0.149283 0.151064 0.007172
20 3 0.149544 0.151064 0.007172
20 4 0.151239 0.151064 0.007172
20 5 0.149153 0.151064 0.007172
20 6 0.147327 0.151064 0.007172
20 7 0.144329 0.151064 0.007172
20 8 0.140287 0.151064 0.007172
20 9 0.138331 0.151064 0.007172
20 10 0.136245 0.151064 0.007172
20 11 0.135593 0.151064 0.007172
20 12 0.135463 0.151064 0.007172
20 13 0.136767 0.151064 0.007172
20 14 0.136897 0.151064 0.007172
20 15 0.134289 0.151064 0.007172
20 16 0.134159 0.151064 0.007172
20 17 0.127379 0.151064 0.007172
20 18 0.124902 0.151064 0.007172
20 19 0.118253 0.151064 0.007172
20 20 0.112777 0.151064 0.007172
