# contact distance = 28.0 Angstroms
# F = 0.4 kJ/mol

# i j contact_probability mean_contact_probability stddev_contact_probability
0 0 0.153832 0.163848 0.007639
0 1 0.153472 0.163848 0.007639
0 2 0.157078 0.163848 0.007639
0 3 0.156177 0.163848 0.007639
0 4 0.156537 0.163848 0.007639
0 5 0.152390 0.163848 0.007639
0 6 0.152750 0.163848 0.007639
0 7 0.144635 0.163848 0.007639
0 8 0.143012 0.163848 0.007639
0 9 0.141208 0.163848 0.007639
0 10 0.143192 0.163848 0.007639
0 11 0.145897 0.163848 0.007639
0 12 0.149324 0.163848 0.007639
0 13 0.158161 0.163848 0.007639
0 14 0.159062 0.163848 0.007639
0 15 0.162849 0.163848 0.007639
0 16 0.163390 0.163848 0.007639
0 17 0.160685 0.163848 0.007639
0 18 0.161046 0.163848 0.007639
0 19 0.159603 0.163848 0.007639
0 20 0.152931 0.163848 0.007639
1 0 0.153472 0.163848 0.007639
1 1 0.159964 0.163848 0.007639
1 2 0.158882 0.163848 0.007639
1 3 0.159603 0.163848 0.007639
1 4 0.160144 0.163848 0.007639
1 5 0.158341 0.163848 0.007639
1 6 0.158702 0.163848 0.007639
1 7 0.153652 0.163848 0.007639
1 8 0.149324 0.163848 0.007639
1 9 0.149684 0.163848 0.007639
1 10 0.150586 0.163848 0.007639
1 11 0.153111 0.163848 0.007639
1 12 0.155996 0.163848 0.007639
1 13 0.160685 0.163848 0.007639
1 14 0.165915 0.163848 0.007639
1 15 0.166997 0.163848 0.007639
1 16 0.168620 0.163848 0.007639
1 17 0.166997 0.163848 0.007639
1 18 0.165555 0.163848 0.007639
1 19 0.162128 0.163848 0.007639
1 20 0.155996 0.163848 0.007639
2 0 0.154914 0.163848 0.007639
2 1 0.158882 0.163848 0.007639
2 2 0.161767 0.163848 0.007639
2 3 0.165194 0.163848 0.007639
2 4 0.165014 0.163848 0.007639
2 5 0.163571 0.163848 0.007639
2 6 0.164472 0.163848 0.007639
2 7 0.161587 0.163848 0.007639
2 8 0.157078 0.163848 0.007639
2 9 0.153111 0.163848 0.007639
2 10 0.156357 0.163848 0.007639
2 11 0.158882 0.163848 0.007639
2 12 0.163751 0.163848 0.007639
2 13 0.167719 0.163848 0.007639
2 14 0.170965 0.163848 0.007639
2 15 0.171145 0.163848 0.007639
2 16 0.169342 0.163848 0.007639
2 17 0.167538 0.163848 0.007639
2 18 0.167899 0.163848 0.007639
2 19 0.160505 0.163848 0.007639
2 20 0.159062 0.163848 0.007639
3 0 0.154013 0.163848 0.007639
3 1 0.157078 0.163848 0.007639
3 2 0.161046 0.163848 0.007639
3 3 0.165915 0.163848 0.007639
3 4 0.164472 0.163848 0.007639
3 5 0.167178 0.163848 0.007639
3 6 0.168440 0.163848 0.007639
3 7 0.164292 0.163848 0.007639
3 8 0.162308 0.163848 0.007639
3 9 0.162308 0.163848 0.007639
3 10 0.162128 0.163848 0.007639
3 11 0.162669 0.163848 0.007639
3 12 0.169522 0.163848 0.007639
3 13 0.171145 0.163848 0.007639
3 14 0.172588 0.163848 0.007639
3 15 0.171686 0.163848 0.007639
3 16 0.171686 0.163848 0.007639
3 17 0.170243 0.163848 0.007639
3 18 0.166997 0.163848 0.007639
3 19 0.161767 0.163848 0.007639
3 20 0.162308 0.163848 0.007639
4 0 0.151849 0.163848 0.007639
4 1 0.156718 0.163848 0.007639
4 2 0.158341 0.163848 0.007639
4 3 0.163390 0.163848 0.007639
4 4 0.167538 0.163848 0.007639
4 5 0.167178 0.163848 0.007639
4 6 0.171506 0.163848 0.007639
4 7 0.168620 0.163848 0.007639
4 8 0.166096 0.163848 0.007639
4 9 0.165735 0.163848 0.007639
4 10 0.165915 0.163848 0.007639
4 11 0.168079 0.163848 0.007639
4 12 0.171686 0.163848 0.007639
4 13 0.176736 0.163848 0.007639
4 14 0.176014 0.163848 0.007639
4 15 0.174932 0.163848 0.007639
4 16 0.172768 0.163848 0.007639
4 17 0.173490 0.163848 0.007639
4 18 0.169522 0.163848 0.007639
4 19 0.165555 0.163848 0.007639
4 20 0.163390 0.163848 0.007639
5 0 0.149865 0.163848 0.007639
5 1 0.154373 0.163848 0.007639
5 2 0.158521 0.163848 0.007639
5 3 0.163390 0.163848 0.007639
5 4 0.165374 0.163848 0.007639
5 5 0.168079 0.163848 0.007639
5 6 0.169161 0.163848 0.007639
5 7 0.167719 0.163848 0.007639
5 8 0.166817 0.163848 0.007639
5 9 0.163751 0.163848 0.007639
5 10 0.166637 0.163848 0.007639
5 11 0.167719 0.163848 0.007639
5 12 0.171686 0.163848 0.007639
5 13 0.176375 0.163848 0.007639
5 14 0.177638 0.163848 0.007639
5 15 0.177096 0.163848 0.007639
5 16 0.172588 0.163848 0.007639
5 17 0.172949 0.163848 0.007639
5 18 0.170424 0.163848 0.007639
5 19 0.166817 0.163848 0.007639
5 20 0.163571 0.163848 0.007639
6 0 0.147520 0.163848 0.007639
6 1 0.155095 0.163848 0.007639
6 2 0.159784 0.163848 0.007639
6 3 0.161948 0.163848 0.007639
6 4 0.167358 0.163848 0.007639
6 5 0.166997 0.163848 0.007639
6 6 0.172408 0.163848 0.007639
6 7 0.169161 0.163848 0.007639
6 8 0.165735 0.163848 0.007639
6 9 0.164292 0.163848 0.007639
6 10 0.164472 0.163848 0.007639
6 11 0.166456 0.163848 0.007639
6 12 0.170063 0.163848 0.007639
6 13 0.173309 0.163848 0.007639
6 14 0.177818 0.163848 0.007639
6 15 0.176916 0.163848 0.007639
6 16 0.173309 0.163848 0.007639
6 17 0.174752 0.163848 0.007639
6 18 0.171326 0.163848 0.007639
6 19 0.167538 0.163848 0.007639
6 20 0.163931 0.163848 0.007639
7 0 0.145717 0.163848 0.007639
7 1 0.152209 0.163848 0.007639
7 2 0.159603 0.163848 0.007639
7 3 0.161767 0.163848 0.007639
7 4 0.167358 0.163848 0.007639
7 5 0.165915 0.163848 0.007639
7 6 0.172408 0.163848 0.007639
7 7 0.170784 0.163848 0.007639
7 8 0.165915 0.163848 0.007639
7 9 0.166276 0.163848 0.007639
7 10 0.163751 0.163848 0.007639
7 11 0.163751 0.163848 0.007639
7 12 0.167899 0.163848 0.007639
7 13 0.170243 0.163848 0.007639
7 14 0.172949 0.163848 0.007639
7 15 0.176916 0.163848 0.007639
7 16 0.175834 0.163848 0.007639
7 17 0.175654 0.163848 0.007639
7 18 0.172227 0.163848 0.007639
7 19 0.168079 0.163848 0.007639
7 20 0.163571 0.163848 0.007639
8 0 0.142651 0.163848 0.007639
8 1 0.151127 0.163848 0.007639
8 2 0.158521 0.163848 0.007639
8 3 0.161948 0.163848 0.007639
8 4 0.164292 0.163848 0.007639
8 5 0.165735 0.163848 0.007639
8 6 0.168981 0.163848 0.007639
8 7 0.170784 0.163848 0.007639
8 8 0.164472 0.163848 0.007639
8 9 0.162669 0.163848 0.007639
8 10 0.163571 0.163848 0.007639
8 11 0.163571 0.163848 0.007639
8 12 0.166096 0.163848 0.007639
8 13 0.167538 0.163848 0.007639
8 14 0.172227 0.163848 0.007639
8 15 0.173670 0.163848 0.007639
8 16 0.173670 0.163848 0.007639
8 17 0.176375 0.163848 0.007639
8 18 0.171686 0.163848 0.007639
8 19 0.165014 0.163848 0.007639
8 20 0.160505 0.163848 0.007639
9 0 0.141569 0.163848 0.007639
9 1 0.146979 0.163848 0.007639
9 2 0.155996 0.163848 0.007639
9 3 0.161767 0.163848 0.007639
9 4 0.164472 0.163848 0.007639
9 5 0.167178 0.163848 0.007639
9 6 0.169522 0.163848 0.007639
9 7 0.171867 0.163848 0.007639
9 8 0.166817 0.163848 0.007639
9 9 0.164112 0.163848 0.007639
9 10 0.163390 0.163848 0.007639
9 11 0.163390 0.163848 0.007639
9 12 0.165735 0.163848 0.007639
9 13 0.166997 0.163848 0.007639
9 14 0.170604 0.163848 0.007639
9 15 0.170604 0.163848 0.007639
9 16 0.172227 0.163848 0.007639
9 17 0.174031 0.163848 0.007639
9 18 0.169883 0.163848 0.007639
9 19 0.163751 0.163848 0.007639
9 20 0.157980 0.163848 0.007639
10 0 0.138323 0.163848 0.007639
10 1 0.145356 0.163848 0.007639
10 2 0.153652 0.163848 0.007639
10 3 0.159964 0.163848 0.007639
10 4 0.165014 0.163848 0.007639
10 5 0.166637 0.163848 0.007639
10 6 0.166637 0.163848 0.007639
10 7 0.167719 0.163848 0.007639
10 8 0.163751 0.163848 0.007639
10 9 0.161587 0.163848 0.007639
10 10 0.159603 0.163848 0.007639
10 11 0.159964 0.163848 0.007639
10 12 0.161767 0.163848 0.007639
10 13 0.165374 0.163848 0.007639
10 14 0.165735 0.163848 0.007639
10 15 0.169883 0.163848 0.007639
10 16 0.169883 0.163848 0.007639
10 17 0.173129 0.163848 0.007639
10 18 0.168620 0.163848 0.007639
10 19 0.165374 0.163848 0.007639
10 20 0.154554 0.163848 0.007639
11 0 0.139766 0.163848 0.007639
11 1 0.145717 0.163848 0.007639
11 2 0.153111 0.163848 0.007639
11 3 0.159964 0.163848 0.007639
11 4 0.166637 0.163848 0.007639
11 5 0.167358 0.163848 0.007639
11 6 0.170243 0.163848 0.007639
11 7 0.167899 0.163848 0.007639
11 8 0.162128 0.163848 0.007639
11 9 0.160685 0.163848 0.007639
11 10 0.161767 0.163848 0.007639
11 11 0.159062 0.163848 0.007639
11 12 0.160144 0.163848 0.007639
11 13 0.164653 0.163848 0.007639
11 14 0.166997 0.163848 0.007639
11 15 0.171506 0.163848 0.007639
11 16 0.172949 0.163848 0.007639
11 17 0.172227 0.163848 0.007639
11 18 0.167538 0.163848 0.007639
11 19 0.161587 0.163848 0.007639
11 20 0.153111 0.163848 0.007639
12 0 0.147160 0.163848 0.007639
12 1 0.148963 0.163848 0.007639
12 2 0.155636 0.163848 0.007639
12 3 0.162128 0.163848 0.007639
12 4 0.164472 0.163848 0.007639
12 5 0.166637 0.163848 0.007639
12 6 0.167899 0.163848 0.007639
12 7 0.168079 0.163848 0.007639
12 8 0.164292 0.163848 0.007639
12 9 0.162849 0.163848 0.007639
12 10 0.159603 0.163848 0.007639
12 11 0.158161 0.163848 0.007639
12 12 0.162489 0.163848 0.007639
12 13 0.163571 0.163848 0.007639
12 14 0.168981 0.163848 0.007639
12 15 0.170243 0.163848 0.007639
12 16 0.170604 0.163848 0.007639
12 17 0.170965 0.163848 0.007639
12 18 0.165194 0.163848 0.007639
12 19 0.159603 0.163848 0.007639
12 20 0.149684 0.163848 0.007639
13 0 0.151849 0.163848 0.007639
13 1 0.151668 0.163848 0.007639
13 2 0.154734 0.163848 0.007639
13 3 0.161948 0.163848 0.007639
13 4 0.166997 0.163848 0.007639
13 5 0.168620 0.163848 0.007639
13 6 0.170784 0.163848 0.007639
13 7 0.172047 0.163848 0.007639
13 8 0.165555 0.163848 0.007639
13 9 0.164292 0.163848 0.007639
13 10 0.162128 0.163848 0.007639
13 11 0.161948 0.163848 0.007639
13 12 0.165915 0.163848 0.007639
13 13 0.163931 0.163848 0.007639
13 14 0.167719 0.163848 0.007639
13 15 0.170784 0.163848 0.007639
13 16 0.170965 0.163848 0.007639
13 17 0.169883 0.163848 0.007639
13 18 0.164472 0.163848 0.007639
13 19 0.158341 0.163848 0.007639
13 20 0.148602 0.163848 0.007639
14 0 0.150586 0.163848 0.007639
14 1 0.156357 0.163848 0.007639
14 2 0.160866 0.163848 0.007639
14 3 0.166276 0.163848 0.007639
14 4 0.168801 0.163848 0.007639
14 5 0.169522 0.163848 0.007639
14 6 0.172047 0.163848 0.007639
14 7 0.168801 0.163848 0.007639
14 8 0.167358 0.163848 0.007639
14 9 0.165915 0.163848 0.007639
14 10 0.165014 0.163848 0.007639
14 11 0.163571 0.163848 0.007639
14 12 0.166817 0.163848 0.007639
14 13 0.166276 0.163848 0.007639
14 14 0.165735 0.163848 0.007639
14 15 0.172047 0.163848 0.007639
14 16 0.172408 0.163848 0.007639
14 17 0.171506 0.163848 0.007639
14 18 0.163751 0.163848 0.007639
14 19 0.159423 0.163848 0.007639
14 20 0.150406 0.163848 0.007639
15 0 0.156357 0.163848 0.007639
15 1 0.159062 0.163848 0.007639
15 2 0.163210 0.163848 0.007639
15 3 0.168801 0.163848 0.007639
15 4 0.171145 0.163848 0.007639
15 5 0.173129 0.163848 0.007639
15 6 0.173129 0.163848 0.007639
15 7 0.173309 0.163848 0.007639
15 8 0.171686 0.163848 0.007639
15 9 0.169702 0.163848 0.007639
15 10 0.168260 0.163848 0.007639
15 11 0.167178 0.163848 0.007639
15 12 0.165735 0.163848 0.007639
15 13 0.170965 0.163848 0.007639
15 14 0.171145 0.163848 0.007639
15 15 0.174752 0.163848 0.007639
15 16 0.174391 0.163848 0.007639
15 17 0.173670 0.163848 0.007639
15 18 0.167358 0.163848 0.007639
15 19 0.161407 0.163848 0.007639
15 20 0.152390 0.163848 0.007639
16 0 0.157259 0.163848 0.007639
16 1 0.162489 0.163848 0.007639
16 2 0.166096 0.163848 0.007639
16 3 0.165915 0.163848 0.007639
16 4 0.172227 0.163848 0.007639
16 5 0.172408 0.163848 0.007639
16 6 0.170784 0.163848 0.007639
16 7 0.171867 0.163848 0.007639
16 8 0.170604 0.163848 0.007639
16 9 0.171686 0.163848 0.007639
16 10 0.170424 0.163848 0.007639
16 11 0.166637 0.163848 0.007639
16 12 0.166276 0.163848 0.007639
16 13 0.166276 0.163848 0.007639
16 14 0.172047 0.163848 0.007639
16 15 0.174031 0.163848 0.007639
16 16 0.177096 0.163848 0.007639
16 17 0.176375 0.163848 0.007639
16 18 0.169883 0.163848 0.007639
16 19 0.164112 0.163848 0.007639
16 20 0.155275 0.163848 0.007639
17 0 0.157259 0.163848 0.007639
17 1 0.160866 0.163848 0.007639
17 2 0.165735 0.163848 0.007639
17 3 0.167899 0.163848 0.007639
17 4 0.169883 0.163848 0.007639
17 5 0.172408 0.163848 0.007639
17 6 0.170784 0.163848 0.007639
17 7 0.169522 0.163848 0.007639
17 8 0.170604 0.163848 0.007639
17 9 0.170965 0.163848 0.007639
17 10 0.171686 0.163848 0.007639
17 11 0.168260 0.163848 0.007639
17 12 0.168981 0.163848 0.007639
17 13 0.167178 0.163848 0.007639
17 14 0.172588 0.163848 0.007639
17 15 0.174211 0.163848 0.007639
17 16 0.175654 0.163848 0.007639
17 17 0.175113 0.163848 0.007639
17 18 0.170424 0.163848 0.007639
17 19 0.163030 0.163848 0.007639
17 20 0.154554 0.163848 0.007639
18 0 0.156357 0.163848 0.007639
18 1 0.159784 0.163848 0.007639
18 2 0.162669 0.163848 0.007639
18 3 0.166817 0.163848 0.007639
18 4 0.168981 0.163848 0.007639
18 5 0.166817 0.163848 0.007639
18 6 0.167719 0.163848 0.007639
18 7 0.167178 0.163848 0.007639
18 8 0.167358 0.163848 0.007639
18 9 0.165194 0.163848 0.007639
18 10 0.165915 0.163848 0.007639
18 11 0.165555 0.163848 0.007639
18 12 0.163931 0.163848 0.007639
18 13 0.165374 0.163848 0.007639
18 14 0.167899 0.163848 0.007639
18 15 0.171686 0.163848 0.007639
18 16 0.172768 0.163848 0.007639
18 17 0.168981 0.163848 0.007639
18 18 0.164472 0.163848 0.007639
18 19 0.158341 0.163848 0.007639
18 20 0.150947 0.163848 0.007639
19 0 0.152570 0.163848 0.007639
19 1 0.158702 0.163848 0.007639
19 2 0.160685 0.163848 0.007639
19 3 0.165194 0.163848 0.007639
19 4 0.167178 0.163848 0.007639
19 5 0.167899 0.163848 0.007639
19 6 0.167719 0.163848 0.007639
19 7 0.165915 0.163848 0.007639
19 8 0.165915 0.163848 0.007639
19 9 0.163390 0.163848 0.007639
19 10 0.163751 0.163848 0.007639
19 11 0.161226 0.163848 0.007639
19 12 0.162669 0.163848 0.007639
19 13 0.161046 0.163848 0.007639
19 14 0.162849 0.163848 0.007639
19 15 0.165374 0.163848 0.007639
19 16 0.166637 0.163848 0.007639
19 17 0.164292 0.163848 0.007639
19 18 0.159062 0.163848 0.007639
19 19 0.152931 0.163848 0.007639
19 20 0.142831 0.163848 0.007639
20 0 0.145897 0.163848 0.007639
20 1 0.154013 0.163848 0.007639
20 2 0.158882 0.163848 0.007639
20 3 0.162128 0.163848 0.007639
20 4 0.164833 0.163848 0.007639
20 5 0.162128 0.163848 0.007639
20 6 0.161226 0.163848 0.007639
20 7 0.161948 0.163848 0.007639
20 8 0.159964 0.163848 0.007639
20 9 0.162669 0.163848 0.007639
20 10 0.160685 0.163848 0.007639
20 11 0.156537 0.163848 0.007639
20 12 0.157439 0.163848 0.007639
20 13 0.155636 0.163848 0.007639
20 14 0.157619 0.163848 0.007639
20 15 0.158341 0.163848 0.007639
20 16 0.158161 0.163848 0.007639
20 17 0.156177 0.163848 0.007639
20 18 0.150406 0.163848 0.007639
20 19 0.141208 0.163848 0.007639
20 20 0.133995 0.163848 0.007639
