# contact distance = 28.0 Angstroms
# F = 0.4 kJ/mol

# i j contact_probability mean_contact_probability stddev_contact_probability
0 0 0.164098 0.157247 0.005571
0 1 0.164762 0.157247 0.005571
0 2 0.163965 0.157247 0.005571
0 3 0.160112 0.157247 0.005571
0 4 0.158119 0.157247 0.005571
0 5 0.150013 0.157247 0.005571
0 6 0.147622 0.157247 0.005571
0 7 0.144698 0.157247 0.005571
0 8 0.144831 0.157247 0.005571
0 9 0.145894 0.157247 0.005571
0 10 0.147090 0.157247 0.005571
0 11 0.149349 0.157247 0.005571
0 12 0.152272 0.157247 0.005571
0 13 0.155062 0.157247 0.005571
0 14 0.158916 0.157247 0.005571
0 15 0.161573 0.157247 0.005571
0 16 0.158916 0.157247 0.005571
0 17 0.157853 0.157247 0.005571
0 18 0.157853 0.157247 0.005571
0 19 0.157321 0.157247 0.005571
0 20 0.152139 0.157247 0.005571
1 0 0.163965 0.157247 0.005571
1 1 0.165028 0.157247 0.005571
1 2 0.165692 0.157247 0.005571
1 3 0.163168 0.157247 0.005571
1 4 0.159580 0.157247 0.005571
1 5 0.153999 0.157247 0.005571
1 6 0.150811 0.157247 0.005571
1 7 0.148153 0.157247 0.005571
1 8 0.148552 0.157247 0.005571
1 9 0.149482 0.157247 0.005571
1 10 0.152006 0.157247 0.005571
1 11 0.151209 0.157247 0.005571
1 12 0.156923 0.157247 0.005571
1 13 0.159314 0.157247 0.005571
1 14 0.161839 0.157247 0.005571
1 15 0.163301 0.157247 0.005571
1 16 0.164496 0.157247 0.005571
1 17 0.164895 0.157247 0.005571
1 18 0.162370 0.157247 0.005571
1 19 0.160112 0.157247 0.005571
1 20 0.154664 0.157247 0.005571
2 0 0.163035 0.157247 0.005571
2 1 0.164762 0.157247 0.005571
2 2 0.163035 0.157247 0.005571
2 3 0.163965 0.157247 0.005571
2 4 0.161573 0.157247 0.005571
2 5 0.155993 0.157247 0.005571
2 6 0.151741 0.157247 0.005571
2 7 0.150146 0.157247 0.005571
2 8 0.150678 0.157247 0.005571
2 9 0.149482 0.157247 0.005571
2 10 0.152936 0.157247 0.005571
2 11 0.155062 0.157247 0.005571
2 12 0.158783 0.157247 0.005571
2 13 0.160377 0.157247 0.005571
2 14 0.164629 0.157247 0.005571
2 15 0.165692 0.157247 0.005571
2 16 0.167685 0.157247 0.005571
2 17 0.168748 0.157247 0.005571
2 18 0.163699 0.157247 0.005571
2 19 0.159049 0.157247 0.005571
2 20 0.155727 0.157247 0.005571
3 0 0.161573 0.157247 0.005571
3 1 0.162503 0.157247 0.005571
3 2 0.163832 0.157247 0.005571
3 3 0.161839 0.157247 0.005571
3 4 0.159447 0.157247 0.005571
3 5 0.155195 0.157247 0.005571
3 6 0.152804 0.157247 0.005571
3 7 0.150279 0.157247 0.005571
3 8 0.149083 0.157247 0.005571
3 9 0.149748 0.157247 0.005571
3 10 0.153069 0.157247 0.005571
3 11 0.155594 0.157247 0.005571
3 12 0.155195 0.157247 0.005571
3 13 0.160909 0.157247 0.005571
3 14 0.163832 0.157247 0.005571
3 15 0.167420 0.157247 0.005571
3 16 0.166755 0.157247 0.005571
3 17 0.166357 0.157247 0.005571
3 18 0.161573 0.157247 0.005571
3 19 0.156391 0.157247 0.005571
3 20 0.155993 0.157247 0.005571
4 0 0.157056 0.157247 0.005571
4 1 0.160510 0.157247 0.005571
4 2 0.160244 0.157247 0.005571
4 3 0.161307 0.157247 0.005571
4 4 0.157587 0.157247 0.005571
4 5 0.153202 0.157247 0.005571
4 6 0.150545 0.157247 0.005571
4 7 0.149748 0.157247 0.005571
4 8 0.148950 0.157247 0.005571
4 9 0.148817 0.157247 0.005571
4 10 0.154265 0.157247 0.005571
4 11 0.154930 0.157247 0.005571
4 12 0.154797 0.157247 0.005571
4 13 0.158783 0.157247 0.005571
4 14 0.165161 0.157247 0.005571
4 15 0.167154 0.157247 0.005571
4 16 0.166622 0.157247 0.005571
4 17 0.164364 0.157247 0.005571
4 18 0.164098 0.157247 0.005571
4 19 0.159182 0.157247 0.005571
4 20 0.156125 0.157247 0.005571
5 0 0.157454 0.157247 0.005571
5 1 0.160909 0.157247 0.005571
5 2 0.160776 0.157247 0.005571
5 3 0.159447 0.157247 0.005571
5 4 0.159580 0.157247 0.005571
5 5 0.151874 0.157247 0.005571
5 6 0.151342 0.157247 0.005571
5 7 0.148286 0.157247 0.005571
5 8 0.149482 0.157247 0.005571
5 9 0.149748 0.157247 0.005571
5 10 0.153069 0.157247 0.005571
5 11 0.155993 0.157247 0.005571
5 12 0.157056 0.157247 0.005571
5 13 0.159447 0.157247 0.005571
5 14 0.163566 0.157247 0.005571
5 15 0.165161 0.157247 0.005571
5 16 0.166490 0.157247 0.005571
5 17 0.166755 0.157247 0.005571
5 18 0.164231 0.157247 0.005571
5 19 0.158916 0.157247 0.005571
5 20 0.155594 0.157247 0.005571
6 0 0.153601 0.157247 0.005571
6 1 0.157720 0.157247 0.005571
6 2 0.159846 0.157247 0.005571
6 3 0.159713 0.157247 0.005571
6 4 0.157188 0.157247 0.005571
6 5 0.152804 0.157247 0.005571
6 6 0.150545 0.157247 0.005571
6 7 0.150013 0.157247 0.005571
6 8 0.153069 0.157247 0.005571
6 9 0.149880 0.157247 0.005571
6 10 0.154398 0.157247 0.005571
6 11 0.155195 0.157247 0.005571
6 12 0.157720 0.157247 0.005571
6 13 0.159979 0.157247 0.005571
6 14 0.161972 0.157247 0.005571
6 15 0.165559 0.157247 0.005571
6 16 0.166224 0.157247 0.005571
6 17 0.168217 0.157247 0.005571
6 18 0.164364 0.157247 0.005571
6 19 0.158517 0.157247 0.005571
6 20 0.154398 0.157247 0.005571
7 0 0.151475 0.157247 0.005571
7 1 0.155328 0.157247 0.005571
7 2 0.157853 0.157247 0.005571
7 3 0.155195 0.157247 0.005571
7 4 0.153867 0.157247 0.005571
7 5 0.151076 0.157247 0.005571
7 6 0.149748 0.157247 0.005571
7 7 0.149083 0.157247 0.005571
7 8 0.151475 0.157247 0.005571
7 9 0.151076 0.157247 0.005571
7 10 0.151076 0.157247 0.005571
7 11 0.153202 0.157247 0.005571
7 12 0.155195 0.157247 0.005571
7 13 0.157587 0.157247 0.005571
7 14 0.161307 0.157247 0.005571
7 15 0.162769 0.157247 0.005571
7 16 0.163035 0.157247 0.005571
7 17 0.166755 0.157247 0.005571
7 18 0.162636 0.157247 0.005571
7 19 0.159846 0.157247 0.005571
7 20 0.152936 0.157247 0.005571
8 0 0.150943 0.157247 0.005571
8 1 0.155860 0.157247 0.005571
8 2 0.155594 0.157247 0.005571
8 3 0.155860 0.157247 0.005571
8 4 0.152936 0.157247 0.005571
8 5 0.151342 0.157247 0.005571
8 6 0.151076 0.157247 0.005571
8 7 0.150013 0.157247 0.005571
8 8 0.151741 0.157247 0.005571
8 9 0.149216 0.157247 0.005571
8 10 0.149615 0.157247 0.005571
8 11 0.151741 0.157247 0.005571
8 12 0.153601 0.157247 0.005571
8 13 0.156923 0.157247 0.005571
8 14 0.160112 0.157247 0.005571
8 15 0.161706 0.157247 0.005571
8 16 0.162370 0.157247 0.005571
8 17 0.164895 0.157247 0.005571
8 18 0.163433 0.157247 0.005571
8 19 0.157587 0.157247 0.005571
8 20 0.150412 0.157247 0.005571
9 0 0.149083 0.157247 0.005571
9 1 0.152538 0.157247 0.005571
9 2 0.154132 0.157247 0.005571
9 3 0.154132 0.157247 0.005571
9 4 0.150943 0.157247 0.005571
9 5 0.147090 0.157247 0.005571
9 6 0.149748 0.157247 0.005571
9 7 0.147622 0.157247 0.005571
9 8 0.147622 0.157247 0.005571
9 9 0.147090 0.157247 0.005571
9 10 0.148950 0.157247 0.005571
9 11 0.149880 0.157247 0.005571
9 12 0.151741 0.157247 0.005571
9 13 0.154797 0.157247 0.005571
9 14 0.157188 0.157247 0.005571
9 15 0.160643 0.157247 0.005571
9 16 0.162769 0.157247 0.005571
9 17 0.162636 0.157247 0.005571
9 18 0.158783 0.157247 0.005571
9 19 0.155594 0.157247 0.005571
9 20 0.149615 0.157247 0.005571
10 0 0.148552 0.157247 0.005571
10 1 0.154132 0.157247 0.005571
10 2 0.155328 0.157247 0.005571
10 3 0.155461 0.157247 0.005571
10 4 0.152671 0.157247 0.005571
10 5 0.146957 0.157247 0.005571
10 6 0.148817 0.157247 0.005571
10 7 0.149349 0.157247 0.005571
10 8 0.150943 0.157247 0.005571
10 9 0.150146 0.157247 0.005571
10 10 0.150811 0.157247 0.005571
10 11 0.153069 0.157247 0.005571
10 12 0.152139 0.157247 0.005571
10 13 0.153867 0.157247 0.005571
10 14 0.157720 0.157247 0.005571
10 15 0.160909 0.157247 0.005571
10 16 0.161573 0.157247 0.005571
10 17 0.157454 0.157247 0.005571
10 18 0.155195 0.157247 0.005571
10 19 0.151741 0.157247 0.005571
10 20 0.146293 0.157247 0.005571
11 0 0.154664 0.157247 0.005571
11 1 0.155727 0.157247 0.005571
11 2 0.158916 0.157247 0.005571
11 3 0.158119 0.157247 0.005571
11 4 0.154398 0.157247 0.005571
11 5 0.152405 0.157247 0.005571
11 6 0.152804 0.157247 0.005571
11 7 0.152272 0.157247 0.005571
11 8 0.153867 0.157247 0.005571
11 9 0.153999 0.157247 0.005571
11 10 0.157188 0.157247 0.005571
11 11 0.156258 0.157247 0.005571
11 12 0.155993 0.157247 0.005571
11 13 0.155860 0.157247 0.005571
11 14 0.162238 0.157247 0.005571
11 15 0.161307 0.157247 0.005571
11 16 0.160776 0.157247 0.005571
11 17 0.158916 0.157247 0.005571
11 18 0.153999 0.157247 0.005571
11 19 0.151741 0.157247 0.005571
11 20 0.145363 0.157247 0.005571
12 0 0.155195 0.157247 0.005571
12 1 0.158650 0.157247 0.005571
12 2 0.159713 0.157247 0.005571
12 3 0.159314 0.157247 0.005571
12 4 0.157587 0.157247 0.005571
12 5 0.155993 0.157247 0.005571
12 6 0.155461 0.157247 0.005571
12 7 0.154132 0.157247 0.005571
12 8 0.154664 0.157247 0.005571
12 9 0.155860 0.157247 0.005571
12 10 0.157056 0.157247 0.005571
12 11 0.159049 0.157247 0.005571
12 12 0.156524 0.157247 0.005571
12 13 0.158916 0.157247 0.005571
12 14 0.161042 0.157247 0.005571
12 15 0.162238 0.157247 0.005571
12 16 0.160909 0.157247 0.005571
12 17 0.159979 0.157247 0.005571
12 18 0.157454 0.157247 0.005571
12 19 0.153867 0.157247 0.005571
12 20 0.146426 0.157247 0.005571
13 0 0.158650 0.157247 0.005571
13 1 0.162105 0.157247 0.005571
13 2 0.161175 0.157247 0.005571
13 3 0.162769 0.157247 0.005571
13 4 0.159713 0.157247 0.005571
13 5 0.157587 0.157247 0.005571
13 6 0.156125 0.157247 0.005571
13 7 0.155727 0.157247 0.005571
13 8 0.155860 0.157247 0.005571
13 9 0.155993 0.157247 0.005571
13 10 0.158119 0.157247 0.005571
13 11 0.159580 0.157247 0.005571
13 12 0.160776 0.157247 0.005571
13 13 0.159049 0.157247 0.005571
13 14 0.161839 0.157247 0.005571
13 15 0.160776 0.157247 0.005571
13 16 0.159979 0.157247 0.005571
13 17 0.159314 0.157247 0.005571
13 18 0.158384 0.157247 0.005571
13 19 0.154398 0.157247 0.005571
13 20 0.147090 0.157247 0.005571
14 0 0.159447 0.157247 0.005571
14 1 0.164629 0.157247 0.005571
14 2 0.163433 0.157247 0.005571
14 3 0.163965 0.157247 0.005571
14 4 0.163433 0.157247 0.005571
14 5 0.161573 0.157247 0.005571
14 6 0.160377 0.157247 0.005571
14 7 0.157853 0.157247 0.005571
14 8 0.158650 0.157247 0.005571
14 9 0.156790 0.157247 0.005571
14 10 0.159314 0.157247 0.005571
14 11 0.162636 0.157247 0.005571
14 12 0.162636 0.157247 0.005571
14 13 0.161839 0.157247 0.005571
14 14 0.163965 0.157247 0.005571
14 15 0.162769 0.157247 0.005571
14 16 0.163566 0.157247 0.005571
14 17 0.165161 0.157247 0.005571
14 18 0.160776 0.157247 0.005571
14 19 0.156258 0.157247 0.005571
14 20 0.147754 0.157247 0.005571
15 0 0.159447 0.157247 0.005571
15 1 0.161706 0.157247 0.005571
15 2 0.163832 0.157247 0.005571
15 3 0.163965 0.157247 0.005571
15 4 0.163301 0.157247 0.005571
15 5 0.161042 0.157247 0.005571
15 6 0.159846 0.157247 0.005571
15 7 0.157188 0.157247 0.005571
15 8 0.156657 0.157247 0.005571
15 9 0.157454 0.157247 0.005571
15 10 0.159713 0.157247 0.005571
15 11 0.161573 0.157247 0.005571
15 12 0.162105 0.157247 0.005571
15 13 0.161175 0.157247 0.005571
15 14 0.161972 0.157247 0.005571
15 15 0.163965 0.157247 0.005571
15 16 0.164895 0.157247 0.005571
15 17 0.166091 0.157247 0.005571
15 18 0.161042 0.157247 0.005571
15 19 0.155993 0.157247 0.005571
15 20 0.146691 0.157247 0.005571
16 0 0.162503 0.157247 0.005571
16 1 0.163699 0.157247 0.005571
16 2 0.164231 0.157247 0.005571
16 3 0.162503 0.157247 0.005571
16 4 0.164895 0.157247 0.005571
16 5 0.161573 0.157247 0.005571
16 6 0.159580 0.157247 0.005571
16 7 0.158119 0.157247 0.005571
16 8 0.157321 0.157247 0.005571
16 9 0.157720 0.157247 0.005571
16 10 0.161307 0.157247 0.005571
16 11 0.163035 0.157247 0.005571
16 12 0.159713 0.157247 0.005571
16 13 0.162370 0.157247 0.005571
16 14 0.164496 0.157247 0.005571
16 15 0.166091 0.157247 0.005571
16 16 0.165028 0.157247 0.005571
16 17 0.165294 0.157247 0.005571
16 18 0.161440 0.157247 0.005571
16 19 0.154531 0.157247 0.005571
16 20 0.148286 0.157247 0.005571
17 0 0.161972 0.157247 0.005571
17 1 0.163832 0.157247 0.005571
17 2 0.166490 0.157247 0.005571
17 3 0.163832 0.157247 0.005571
17 4 0.163433 0.157247 0.005571
17 5 0.163433 0.157247 0.005571
17 6 0.159846 0.157247 0.005571
17 7 0.160112 0.157247 0.005571
17 8 0.158916 0.157247 0.005571
17 9 0.157720 0.157247 0.005571
17 10 0.161573 0.157247 0.005571
17 11 0.160643 0.157247 0.005571
17 12 0.160909 0.157247 0.005571
17 13 0.160112 0.157247 0.005571
17 14 0.160244 0.157247 0.005571
17 15 0.164098 0.157247 0.005571
17 16 0.161839 0.157247 0.005571
17 17 0.162636 0.157247 0.005571
17 18 0.158119 0.157247 0.005571
17 19 0.153069 0.157247 0.005571
17 20 0.145894 0.157247 0.005571
18 0 0.159713 0.157247 0.005571
18 1 0.162503 0.157247 0.005571
18 2 0.161440 0.157247 0.005571
18 3 0.161307 0.157247 0.005571
18 4 0.161175 0.157247 0.005571
18 5 0.161706 0.157247 0.005571
18 6 0.161175 0.157247 0.005571
18 7 0.157454 0.157247 0.005571
18 8 0.158916 0.157247 0.005571
18 9 0.157056 0.157247 0.005571
18 10 0.157587 0.157247 0.005571
18 11 0.158384 0.157247 0.005571
18 12 0.160909 0.157247 0.005571
18 13 0.161839 0.157247 0.005571
18 14 0.163035 0.157247 0.005571
18 15 0.162636 0.157247 0.005571
18 16 0.160643 0.157247 0.005571
18 17 0.159447 0.157247 0.005571
18 18 0.156790 0.157247 0.005571
18 19 0.150013 0.157247 0.005571
18 20 0.143237 0.157247 0.005571
19 0 0.158650 0.157247 0.005571
19 1 0.159447 0.157247 0.005571
19 2 0.160510 0.157247 0.005571
19 3 0.161440 0.157247 0.005571
19 4 0.159447 0.157247 0.005571
19 5 0.158517 0.157247 0.005571
19 6 0.158384 0.157247 0.005571
19 7 0.157853 0.157247 0.005571
19 8 0.158517 0.157247 0.005571
19 9 0.155062 0.157247 0.005571
19 10 0.154664 0.157247 0.005571
19 11 0.155062 0.157247 0.005571
19 12 0.156790 0.157247 0.005571
19 13 0.157056 0.157247 0.005571
19 14 0.156790 0.157247 0.005571
19 15 0.160112 0.157247 0.005571
19 16 0.160244 0.157247 0.005571
19 17 0.155993 0.157247 0.005571
19 18 0.152936 0.157247 0.005571
19 19 0.148020 0.157247 0.005571
19 20 0.138719 0.157247 0.005571
20 0 0.156125 0.157247 0.005571
20 1 0.157853 0.157247 0.005571
20 2 0.158783 0.157247 0.005571
20 3 0.157454 0.157247 0.005571
20 4 0.158251 0.157247 0.005571
20 5 0.156790 0.157247 0.005571
20 6 0.155195 0.157247 0.005571
20 7 0.154664 0.157247 0.005571
20 8 0.155062 0.157247 0.005571
20 9 0.151209 0.157247 0.005571
20 10 0.148419 0.157247 0.005571
20 11 0.150545 0.157247 0.005571
20 12 0.149748 0.157247 0.005571
20 13 0.153202 0.157247 0.005571
20 14 0.151741 0.157247 0.005571
20 15 0.153734 0.157247 0.005571
20 16 0.156125 0.157247 0.005571
20 17 0.149615 0.157247 0.005571
20 18 0.145496 0.157247 0.005571
20 19 0.139251 0.157247 0.005571
20 20 0.131810 0.157247 0.005571
