# contact distance = 28.0 Angstroms
# F = 0.4 kJ/mol

# i j contact_probability mean_contact_probability stddev_contact_probability
0 0 0.153161 0.181276 0.010926
0 1 0.156562 0.181276 0.010926
0 2 0.159142 0.181276 0.010926
0 3 0.158086 0.181276 0.010926
0 4 0.158790 0.181276 0.010926
0 5 0.161604 0.181276 0.010926
0 6 0.163950 0.181276 0.010926
0 7 0.164302 0.181276 0.010926
0 8 0.165123 0.181276 0.010926
0 9 0.167351 0.181276 0.010926
0 10 0.169931 0.181276 0.010926
0 11 0.175091 0.181276 0.010926
0 12 0.179313 0.181276 0.010926
0 13 0.182948 0.181276 0.010926
0 14 0.184238 0.181276 0.010926
0 15 0.184473 0.181276 0.010926
0 16 0.179430 0.181276 0.010926
0 17 0.180368 0.181276 0.010926
0 18 0.176967 0.181276 0.010926
0 19 0.173214 0.181276 0.010926
0 20 0.168875 0.181276 0.010926
1 0 0.154920 0.181276 0.010926
1 1 0.159376 0.181276 0.010926
1 2 0.163363 0.181276 0.010926
1 3 0.164302 0.181276 0.010926
1 4 0.165826 0.181276 0.010926
1 5 0.167703 0.181276 0.010926
1 6 0.168641 0.181276 0.010926
1 7 0.165357 0.181276 0.010926
1 8 0.169227 0.181276 0.010926
1 9 0.170283 0.181276 0.010926
1 10 0.173918 0.181276 0.010926
1 11 0.179195 0.181276 0.010926
1 12 0.183535 0.181276 0.010926
1 13 0.186467 0.181276 0.010926
1 14 0.189985 0.181276 0.010926
1 15 0.189281 0.181276 0.010926
1 16 0.187639 0.181276 0.010926
1 17 0.185294 0.181276 0.010926
1 18 0.181189 0.181276 0.010926
1 19 0.178375 0.181276 0.010926
1 20 0.174153 0.181276 0.010926
2 0 0.155037 0.181276 0.010926
2 1 0.161604 0.181276 0.010926
2 2 0.164184 0.181276 0.010926
2 3 0.166061 0.181276 0.010926
2 4 0.167820 0.181276 0.010926
2 5 0.169462 0.181276 0.010926
2 6 0.170400 0.181276 0.010926
2 7 0.169814 0.181276 0.010926
2 8 0.171338 0.181276 0.010926
2 9 0.173918 0.181276 0.010926
2 10 0.178961 0.181276 0.010926
2 11 0.181424 0.181276 0.010926
2 12 0.184121 0.181276 0.010926
2 13 0.187405 0.181276 0.010926
2 14 0.188226 0.181276 0.010926
2 15 0.192682 0.181276 0.010926
2 16 0.191627 0.181276 0.010926
2 17 0.189516 0.181276 0.010926
2 18 0.186349 0.181276 0.010926
2 19 0.180251 0.181276 0.010926
2 20 0.176146 0.181276 0.010926
3 0 0.154685 0.181276 0.010926
3 1 0.159493 0.181276 0.010926
3 2 0.165709 0.181276 0.010926
3 3 0.169227 0.181276 0.010926
3 4 0.173684 0.181276 0.010926
3 5 0.172511 0.181276 0.010926
3 6 0.173332 0.181276 0.010926
3 7 0.173332 0.181276 0.010926
3 8 0.175443 0.181276 0.010926
3 9 0.177436 0.181276 0.010926
3 10 0.180955 0.181276 0.010926
3 11 0.184356 0.181276 0.010926
3 12 0.186115 0.181276 0.010926
3 13 0.189867 0.181276 0.010926
3 14 0.190454 0.181276 0.010926
3 15 0.191978 0.181276 0.010926
3 16 0.192565 0.181276 0.010926
3 17 0.189164 0.181276 0.010926
3 18 0.186936 0.181276 0.010926
3 19 0.182127 0.181276 0.010926
3 20 0.179313 0.181276 0.010926
4 0 0.155506 0.181276 0.010926
4 1 0.158321 0.181276 0.010926
4 2 0.165826 0.181276 0.010926
4 3 0.167703 0.181276 0.010926
4 4 0.170165 0.181276 0.010926
4 5 0.174974 0.181276 0.010926
4 6 0.175677 0.181276 0.010926
4 7 0.176498 0.181276 0.010926
4 8 0.176733 0.181276 0.010926
4 9 0.181541 0.181276 0.010926
4 10 0.184825 0.181276 0.010926
4 11 0.188226 0.181276 0.010926
4 12 0.189750 0.181276 0.010926
4 13 0.190806 0.181276 0.010926
4 14 0.191627 0.181276 0.010926
4 15 0.193620 0.181276 0.010926
4 16 0.191978 0.181276 0.010926
4 17 0.190337 0.181276 0.010926
4 18 0.187053 0.181276 0.010926
4 19 0.183183 0.181276 0.010926
4 20 0.179547 0.181276 0.010926
5 0 0.155741 0.181276 0.010926
5 1 0.160432 0.181276 0.010926
5 2 0.165826 0.181276 0.010926
5 3 0.169110 0.181276 0.010926
5 4 0.172511 0.181276 0.010926
5 5 0.173801 0.181276 0.010926
5 6 0.173684 0.181276 0.010926
5 7 0.175912 0.181276 0.010926
5 8 0.179195 0.181276 0.010926
5 9 0.180251 0.181276 0.010926
5 10 0.184238 0.181276 0.010926
5 11 0.187991 0.181276 0.010926
5 12 0.188577 0.181276 0.010926
5 13 0.189164 0.181276 0.010926
5 14 0.191392 0.181276 0.010926
5 15 0.193738 0.181276 0.010926
5 16 0.193268 0.181276 0.010926
5 17 0.190571 0.181276 0.010926
5 18 0.188226 0.181276 0.010926
5 19 0.183300 0.181276 0.010926
5 20 0.178492 0.181276 0.010926
6 0 0.158086 0.181276 0.010926
6 1 0.161370 0.181276 0.010926
6 2 0.167233 0.181276 0.010926
6 3 0.170869 0.181276 0.010926
6 4 0.173097 0.181276 0.010926
6 5 0.173332 0.181276 0.010926
6 6 0.173097 0.181276 0.010926
6 7 0.174622 0.181276 0.010926
6 8 0.177319 0.181276 0.010926
6 9 0.180603 0.181276 0.010926
6 10 0.182714 0.181276 0.010926
6 11 0.184825 0.181276 0.010926
6 12 0.187053 0.181276 0.010926
6 13 0.190337 0.181276 0.010926
6 14 0.190337 0.181276 0.010926
6 15 0.192565 0.181276 0.010926
6 16 0.192330 0.181276 0.010926
6 17 0.191040 0.181276 0.010926
6 18 0.188577 0.181276 0.010926
6 19 0.182831 0.181276 0.010926
6 20 0.177671 0.181276 0.010926
7 0 0.161135 0.181276 0.010926
7 1 0.163363 0.181276 0.010926
7 2 0.170752 0.181276 0.010926
7 3 0.171573 0.181276 0.010926
7 4 0.173918 0.181276 0.010926
7 5 0.175795 0.181276 0.010926
7 6 0.174505 0.181276 0.010926
7 7 0.176733 0.181276 0.010926
7 8 0.180016 0.181276 0.010926
7 9 0.182010 0.181276 0.010926
7 10 0.181776 0.181276 0.010926
7 11 0.184004 0.181276 0.010926
7 12 0.189750 0.181276 0.010926
7 13 0.191157 0.181276 0.010926
7 14 0.191861 0.181276 0.010926
7 15 0.194207 0.181276 0.010926
7 16 0.192565 0.181276 0.010926
7 17 0.190102 0.181276 0.010926
7 18 0.188929 0.181276 0.010926
7 19 0.182127 0.181276 0.010926
7 20 0.175677 0.181276 0.010926
8 0 0.162073 0.181276 0.010926
8 1 0.165826 0.181276 0.010926
8 2 0.171573 0.181276 0.010926
8 3 0.174856 0.181276 0.010926
8 4 0.176733 0.181276 0.010926
8 5 0.177905 0.181276 0.010926
8 6 0.177436 0.181276 0.010926
8 7 0.177788 0.181276 0.010926
8 8 0.181072 0.181276 0.010926
8 9 0.182948 0.181276 0.010926
8 10 0.183886 0.181276 0.010926
8 11 0.188929 0.181276 0.010926
8 12 0.188577 0.181276 0.010926
8 13 0.191040 0.181276 0.010926
8 14 0.194207 0.181276 0.010926
8 15 0.194793 0.181276 0.010926
8 16 0.192213 0.181276 0.010926
8 17 0.190806 0.181276 0.010926
8 18 0.186232 0.181276 0.010926
8 19 0.182245 0.181276 0.010926
8 20 0.174856 0.181276 0.010926
9 0 0.165709 0.181276 0.010926
9 1 0.170986 0.181276 0.010926
9 2 0.175677 0.181276 0.010926
9 3 0.179547 0.181276 0.010926
9 4 0.178023 0.181276 0.010926
9 5 0.179665 0.181276 0.010926
9 6 0.178609 0.181276 0.010926
9 7 0.180368 0.181276 0.010926
9 8 0.182596 0.181276 0.010926
9 9 0.183300 0.181276 0.010926
9 10 0.185763 0.181276 0.010926
9 11 0.187405 0.181276 0.010926
9 12 0.188695 0.181276 0.010926
9 13 0.189516 0.181276 0.010926
9 14 0.194324 0.181276 0.010926
9 15 0.194441 0.181276 0.010926
9 16 0.192330 0.181276 0.010926
9 17 0.189281 0.181276 0.010926
9 18 0.184590 0.181276 0.010926
9 19 0.180837 0.181276 0.010926
9 20 0.174739 0.181276 0.010926
10 0 0.169344 0.181276 0.010926
10 1 0.175091 0.181276 0.010926
10 2 0.179547 0.181276 0.010926
10 3 0.180603 0.181276 0.010926
10 4 0.181776 0.181276 0.010926
10 5 0.182362 0.181276 0.010926
10 6 0.181658 0.181276 0.010926
10 7 0.183183 0.181276 0.010926
10 8 0.182831 0.181276 0.010926
10 9 0.182362 0.181276 0.010926
10 10 0.184356 0.181276 0.010926
10 11 0.187874 0.181276 0.010926
10 12 0.188460 0.181276 0.010926
10 13 0.190337 0.181276 0.010926
10 14 0.192565 0.181276 0.010926
10 15 0.195731 0.181276 0.010926
10 16 0.195379 0.181276 0.010926
10 17 0.188108 0.181276 0.010926
10 18 0.185059 0.181276 0.010926
10 19 0.179430 0.181276 0.010926
10 20 0.173684 0.181276 0.010926
11 0 0.172980 0.181276 0.010926
11 1 0.177319 0.181276 0.010926
11 2 0.182831 0.181276 0.010926
11 3 0.185059 0.181276 0.010926
11 4 0.187170 0.181276 0.010926
11 5 0.185763 0.181276 0.010926
11 6 0.186818 0.181276 0.010926
11 7 0.186467 0.181276 0.010926
11 8 0.187991 0.181276 0.010926
11 9 0.187991 0.181276 0.010926
11 10 0.186701 0.181276 0.010926
11 11 0.190454 0.181276 0.010926
11 12 0.191509 0.181276 0.010926
11 13 0.193034 0.181276 0.010926
11 14 0.194207 0.181276 0.010926
11 15 0.196200 0.181276 0.010926
11 16 0.196669 0.181276 0.010926
11 17 0.190337 0.181276 0.010926
11 18 0.185528 0.181276 0.010926
11 19 0.180720 0.181276 0.010926
11 20 0.173214 0.181276 0.010926
12 0 0.177319 0.181276 0.010926
12 1 0.177202 0.181276 0.010926
12 2 0.183183 0.181276 0.010926
12 3 0.184590 0.181276 0.010926
12 4 0.188460 0.181276 0.010926
12 5 0.189867 0.181276 0.010926
12 6 0.189750 0.181276 0.010926
12 7 0.189164 0.181276 0.010926
12 8 0.192448 0.181276 0.010926
12 9 0.193034 0.181276 0.010926
12 10 0.191275 0.181276 0.010926
12 11 0.194441 0.181276 0.010926
12 12 0.195614 0.181276 0.010926
12 13 0.196083 0.181276 0.010926
12 14 0.196552 0.181276 0.010926
12 15 0.195848 0.181276 0.010926
12 16 0.193503 0.181276 0.010926
12 17 0.191157 0.181276 0.010926
12 18 0.188812 0.181276 0.010926
12 19 0.182714 0.181276 0.010926
12 20 0.173918 0.181276 0.010926
13 0 0.177319 0.181276 0.010926
13 1 0.179195 0.181276 0.010926
13 2 0.185411 0.181276 0.010926
13 3 0.186701 0.181276 0.010926
13 4 0.190806 0.181276 0.010926
13 5 0.190219 0.181276 0.010926
13 6 0.193151 0.181276 0.010926
13 7 0.192330 0.181276 0.010926
13 8 0.192213 0.181276 0.010926
13 9 0.192917 0.181276 0.010926
13 10 0.192917 0.181276 0.010926
13 11 0.194441 0.181276 0.010926
13 12 0.195966 0.181276 0.010926
13 13 0.194910 0.181276 0.010926
13 14 0.195966 0.181276 0.010926
13 15 0.194089 0.181276 0.010926
13 16 0.193268 0.181276 0.010926
13 17 0.191157 0.181276 0.010926
13 18 0.189047 0.181276 0.010926
13 19 0.180720 0.181276 0.010926
13 20 0.168406 0.181276 0.010926
14 0 0.178257 0.181276 0.010926
14 1 0.182010 0.181276 0.010926
14 2 0.184942 0.181276 0.010926
14 3 0.190102 0.181276 0.010926
14 4 0.191157 0.181276 0.010926
14 5 0.193855 0.181276 0.010926
14 6 0.193855 0.181276 0.010926
14 7 0.193738 0.181276 0.010926
14 8 0.193151 0.181276 0.010926
14 9 0.193034 0.181276 0.010926
14 10 0.194910 0.181276 0.010926
14 11 0.197373 0.181276 0.010926
14 12 0.195028 0.181276 0.010926
14 13 0.196435 0.181276 0.010926
14 14 0.195262 0.181276 0.010926
14 15 0.196318 0.181276 0.010926
14 16 0.195731 0.181276 0.010926
14 17 0.193503 0.181276 0.010926
14 18 0.187170 0.181276 0.010926
14 19 0.178726 0.181276 0.010926
14 20 0.169110 0.181276 0.010926
15 0 0.174974 0.181276 0.010926
15 1 0.179547 0.181276 0.010926
15 2 0.184942 0.181276 0.010926
15 3 0.187170 0.181276 0.010926
15 4 0.189047 0.181276 0.010926
15 5 0.192565 0.181276 0.010926
15 6 0.193620 0.181276 0.010926
15 7 0.194207 0.181276 0.010926
15 8 0.193972 0.181276 0.010926
15 9 0.194089 0.181276 0.010926
15 10 0.193620 0.181276 0.010926
15 11 0.197842 0.181276 0.010926
15 12 0.196318 0.181276 0.010926
15 13 0.195497 0.181276 0.010926
15 14 0.194441 0.181276 0.010926
15 15 0.194324 0.181276 0.010926
15 16 0.193972 0.181276 0.010926
15 17 0.190337 0.181276 0.010926
15 18 0.185176 0.181276 0.010926
15 19 0.176381 0.181276 0.010926
15 20 0.167820 0.181276 0.010926
16 0 0.176146 0.181276 0.010926
16 1 0.178844 0.181276 0.010926
16 2 0.185763 0.181276 0.010926
16 3 0.187874 0.181276 0.010926
16 4 0.189164 0.181276 0.010926
16 5 0.192213 0.181276 0.010926
16 6 0.192799 0.181276 0.010926
16 7 0.196435 0.181276 0.010926
16 8 0.195028 0.181276 0.010926
16 9 0.194207 0.181276 0.010926
16 10 0.194910 0.181276 0.010926
16 11 0.195497 0.181276 0.010926
16 12 0.194324 0.181276 0.010926
16 13 0.193151 0.181276 0.010926
16 14 0.194089 0.181276 0.010926
16 15 0.194558 0.181276 0.010926
16 16 0.191275 0.181276 0.010926
16 17 0.188108 0.181276 0.010926
16 18 0.182362 0.181276 0.010926
16 19 0.172042 0.181276 0.010926
16 20 0.163715 0.181276 0.010926
17 0 0.173918 0.181276 0.010926
17 1 0.178023 0.181276 0.010926
17 2 0.183066 0.181276 0.010926
17 3 0.184356 0.181276 0.010926
17 4 0.187991 0.181276 0.010926
17 5 0.191978 0.181276 0.010926
17 6 0.191627 0.181276 0.010926
17 7 0.193503 0.181276 0.010926
17 8 0.193972 0.181276 0.010926
17 9 0.193034 0.181276 0.010926
17 10 0.191744 0.181276 0.010926
17 11 0.193034 0.181276 0.010926
17 12 0.190337 0.181276 0.010926
17 13 0.190454 0.181276 0.010926
17 14 0.188929 0.181276 0.010926
17 15 0.188460 0.181276 0.010926
17 16 0.185411 0.181276 0.010926
17 17 0.181189 0.181276 0.010926
17 18 0.175677 0.181276 0.010926
17 19 0.168641 0.181276 0.010926
17 20 0.157265 0.181276 0.010926
18 0 0.172980 0.181276 0.010926
18 1 0.175912 0.181276 0.010926
18 2 0.178726 0.181276 0.010926
18 3 0.181072 0.181276 0.010926
18 4 0.182245 0.181276 0.010926
18 5 0.186349 0.181276 0.010926
18 6 0.188108 0.181276 0.010926
18 7 0.189281 0.181276 0.010926
18 8 0.189516 0.181276 0.010926
18 9 0.189398 0.181276 0.010926
18 10 0.186584 0.181276 0.010926
18 11 0.189516 0.181276 0.010926
18 12 0.185880 0.181276 0.010926
18 13 0.185411 0.181276 0.010926
18 14 0.182714 0.181276 0.010926
18 15 0.182479 0.181276 0.010926
18 16 0.180016 0.181276 0.010926
18 17 0.174153 0.181276 0.010926
18 18 0.169931 0.181276 0.010926
18 19 0.159962 0.181276 0.010926
18 20 0.151988 0.181276 0.010926
19 0 0.170986 0.181276 0.010926
19 1 0.172394 0.181276 0.010926
19 2 0.175560 0.181276 0.010926
19 3 0.177436 0.181276 0.010926
19 4 0.179195 0.181276 0.010926
19 5 0.182714 0.181276 0.010926
19 6 0.186115 0.181276 0.010926
19 7 0.181893 0.181276 0.010926
19 8 0.184942 0.181276 0.010926
19 9 0.183769 0.181276 0.010926
19 10 0.181424 0.181276 0.010926
19 11 0.183886 0.181276 0.010926
19 12 0.179782 0.181276 0.010926
19 13 0.179899 0.181276 0.010926
19 14 0.176967 0.181276 0.010926
19 15 0.176733 0.181276 0.010926
19 16 0.171807 0.181276 0.010926
19 17 0.168641 0.181276 0.010926
19 18 0.160314 0.181276 0.010926
19 19 0.153981 0.181276 0.010926
19 20 0.148235 0.181276 0.010926
20 0 0.164771 0.181276 0.010926
20 1 0.165826 0.181276 0.010926
20 2 0.170634 0.181276 0.010926
20 3 0.172394 0.181276 0.010926
20 4 0.174270 0.181276 0.010926
20 5 0.177788 0.181276 0.010926
20 6 0.178492 0.181276 0.010926
20 7 0.177554 0.181276 0.010926
20 8 0.177905 0.181276 0.010926
20 9 0.175091 0.181276 0.010926
20 10 0.175208 0.181276 0.010926
20 11 0.178023 0.181276 0.010926
20 12 0.175560 0.181276 0.010926
20 13 0.172276 0.181276 0.010926
20 14 0.165592 0.181276 0.010926
20 15 0.164184 0.181276 0.010926
20 16 0.161839 0.181276 0.010926
20 17 0.160314 0.181276 0.010926
20 18 0.155271 0.181276 0.010926
20 19 0.148704 0.181276 0.010926
20 20 0.139088 0.181276 0.010926
