# contact distance = 28.0 Angstroms
# F = 0.4 kJ/mol

# i j contact_probability mean_contact_probability stddev_contact_probability
0 0 0.138023 0.146668 0.006037
0 1 0.143758 0.146668 0.006037
0 2 0.139744 0.146668 0.006037
0 3 0.139170 0.146668 0.006037
0 4 0.138979 0.146668 0.006037
0 5 0.137067 0.146668 0.006037
0 6 0.137450 0.146668 0.006037
0 7 0.135156 0.146668 0.006037
0 8 0.132862 0.146668 0.006037
0 9 0.130568 0.146668 0.006037
0 10 0.127127 0.146668 0.006037
0 11 0.128083 0.146668 0.006037
0 12 0.129612 0.146668 0.006037
0 13 0.131141 0.146668 0.006037
0 14 0.134200 0.146668 0.006037
0 15 0.135347 0.146668 0.006037
0 16 0.138788 0.146668 0.006037
0 17 0.137832 0.146668 0.006037
0 18 0.140317 0.146668 0.006037
0 19 0.139170 0.146668 0.006037
0 20 0.136876 0.146668 0.006037
1 0 0.139170 0.146668 0.006037
1 1 0.145288 0.146668 0.006037
1 2 0.146435 0.146668 0.006037
1 3 0.143567 0.146668 0.006037
1 4 0.142611 0.146668 0.006037
1 5 0.143185 0.146668 0.006037
1 6 0.142229 0.146668 0.006037
1 7 0.142803 0.146668 0.006037
1 8 0.138406 0.146668 0.006037
1 9 0.135347 0.146668 0.006037
1 10 0.133244 0.146668 0.006037
1 11 0.131524 0.146668 0.006037
1 12 0.132097 0.146668 0.006037
1 13 0.137259 0.146668 0.006037
1 14 0.139744 0.146668 0.006037
1 15 0.140126 0.146668 0.006037
1 16 0.143758 0.146668 0.006037
1 17 0.142229 0.146668 0.006037
1 18 0.143758 0.146668 0.006037
1 19 0.142229 0.146668 0.006037
1 20 0.141082 0.146668 0.006037
2 0 0.140317 0.146668 0.006037
2 1 0.145670 0.146668 0.006037
2 2 0.146435 0.146668 0.006037
2 3 0.147199 0.146668 0.006037
2 4 0.146052 0.146668 0.006037
2 5 0.145670 0.146668 0.006037
2 6 0.148155 0.146668 0.006037
2 7 0.146626 0.146668 0.006037
2 8 0.144905 0.146668 0.006037
2 9 0.135920 0.146668 0.006037
2 10 0.138406 0.146668 0.006037
2 11 0.140700 0.146668 0.006037
2 12 0.140509 0.146668 0.006037
2 13 0.142038 0.146668 0.006037
2 14 0.143950 0.146668 0.006037
2 15 0.146435 0.146668 0.006037
2 16 0.145861 0.146668 0.006037
2 17 0.141273 0.146668 0.006037
2 18 0.141847 0.146668 0.006037
2 19 0.144714 0.146668 0.006037
2 20 0.142803 0.146668 0.006037
3 0 0.140700 0.146668 0.006037
3 1 0.145479 0.146668 0.006037
3 2 0.145479 0.146668 0.006037
3 3 0.147964 0.146668 0.006037
3 4 0.149493 0.146668 0.006037
3 5 0.150067 0.146668 0.006037
3 6 0.150449 0.146668 0.006037
3 7 0.149493 0.146668 0.006037
3 8 0.148538 0.146668 0.006037
3 9 0.143567 0.146668 0.006037
3 10 0.143950 0.146668 0.006037
3 11 0.147008 0.146668 0.006037
3 12 0.146626 0.146668 0.006037
3 13 0.145861 0.146668 0.006037
3 14 0.147582 0.146668 0.006037
3 15 0.147199 0.146668 0.006037
3 16 0.145670 0.146668 0.006037
3 17 0.143950 0.146668 0.006037
3 18 0.145479 0.146668 0.006037
3 19 0.146244 0.146668 0.006037
3 20 0.143950 0.146668 0.006037
4 0 0.134391 0.146668 0.006037
4 1 0.142420 0.146668 0.006037
4 2 0.142803 0.146668 0.006037
4 3 0.143758 0.146668 0.006037
4 4 0.150832 0.146668 0.006037
4 5 0.151405 0.146668 0.006037
4 6 0.149876 0.146668 0.006037
4 7 0.151023 0.146668 0.006037
4 8 0.147008 0.146668 0.006037
4 9 0.145861 0.146668 0.006037
4 10 0.144905 0.146668 0.006037
4 11 0.145288 0.146668 0.006037
4 12 0.147391 0.146668 0.006037
4 13 0.147773 0.146668 0.006037
4 14 0.146052 0.146668 0.006037
4 15 0.145861 0.146668 0.006037
4 16 0.146244 0.146668 0.006037
4 17 0.147199 0.146668 0.006037
4 18 0.147773 0.146668 0.006037
4 19 0.148920 0.146668 0.006037
4 20 0.145479 0.146668 0.006037
5 0 0.135156 0.146668 0.006037
5 1 0.138406 0.146668 0.006037
5 2 0.142038 0.146668 0.006037
5 3 0.146626 0.146668 0.006037
5 4 0.149685 0.146668 0.006037
5 5 0.151214 0.146668 0.006037
5 6 0.147773 0.146668 0.006037
5 7 0.148920 0.146668 0.006037
5 8 0.148155 0.146668 0.006037
5 9 0.145097 0.146668 0.006037
5 10 0.144714 0.146668 0.006037
5 11 0.146817 0.146668 0.006037
5 12 0.147773 0.146668 0.006037
5 13 0.151214 0.146668 0.006037
5 14 0.148155 0.146668 0.006037
5 15 0.147964 0.146668 0.006037
5 16 0.150067 0.146668 0.006037
5 17 0.149685 0.146668 0.006037
5 18 0.148729 0.146668 0.006037
5 19 0.146435 0.146668 0.006037
5 20 0.146435 0.146668 0.006037
6 0 0.134009 0.146668 0.006037
6 1 0.137450 0.146668 0.006037
6 2 0.142229 0.146668 0.006037
6 3 0.146052 0.146668 0.006037
6 4 0.148346 0.146668 0.006037
6 5 0.149685 0.146668 0.006037
6 6 0.147582 0.146668 0.006037
6 7 0.144905 0.146668 0.006037
6 8 0.146435 0.146668 0.006037
6 9 0.146244 0.146668 0.006037
6 10 0.146626 0.146668 0.006037
6 11 0.145861 0.146668 0.006037
6 12 0.149493 0.146668 0.006037
6 13 0.149876 0.146668 0.006037
6 14 0.147008 0.146668 0.006037
6 15 0.148729 0.146668 0.006037
6 16 0.150832 0.146668 0.006037
6 17 0.150832 0.146668 0.006037
6 18 0.150258 0.146668 0.006037
6 19 0.145861 0.146668 0.006037
6 20 0.144523 0.146668 0.006037
7 0 0.133435 0.146668 0.006037
7 1 0.138023 0.146668 0.006037
7 2 0.143567 0.146668 0.006037
7 3 0.147582 0.146668 0.006037
7 4 0.149685 0.146668 0.006037
7 5 0.150258 0.146668 0.006037
7 6 0.148729 0.146668 0.006037
7 7 0.148729 0.146668 0.006037
7 8 0.147391 0.146668 0.006037
7 9 0.145097 0.146668 0.006037
7 10 0.147582 0.146668 0.006037
7 11 0.146244 0.146668 0.006037
7 12 0.150832 0.146668 0.006037
7 13 0.151596 0.146668 0.006037
7 14 0.152934 0.146668 0.006037
7 15 0.152552 0.146668 0.006037
7 16 0.153317 0.146668 0.006037
7 17 0.154273 0.146668 0.006037
7 18 0.154273 0.146668 0.006037
7 19 0.150832 0.146668 0.006037
7 20 0.145861 0.146668 0.006037
8 0 0.130377 0.146668 0.006037
8 1 0.134009 0.146668 0.006037
8 2 0.139935 0.146668 0.006037
8 3 0.143758 0.146668 0.006037
8 4 0.146244 0.146668 0.006037
8 5 0.145288 0.146668 0.006037
8 6 0.145670 0.146668 0.006037
8 7 0.145861 0.146668 0.006037
8 8 0.146052 0.146668 0.006037
8 9 0.142803 0.146668 0.006037
8 10 0.145288 0.146668 0.006037
8 11 0.147008 0.146668 0.006037
8 12 0.149685 0.146668 0.006037
8 13 0.150832 0.146668 0.006037
8 14 0.151023 0.146668 0.006037
8 15 0.149111 0.146668 0.006037
8 16 0.151979 0.146668 0.006037
8 17 0.151023 0.146668 0.006037
8 18 0.152170 0.146668 0.006037
8 19 0.147391 0.146668 0.006037
8 20 0.145288 0.146668 0.006037
9 0 0.128083 0.146668 0.006037
9 1 0.136494 0.146668 0.006037
9 2 0.140126 0.146668 0.006037
9 3 0.144714 0.146668 0.006037
9 4 0.146817 0.146668 0.006037
9 5 0.148346 0.146668 0.006037
9 6 0.148538 0.146668 0.006037
9 7 0.148729 0.146668 0.006037
9 8 0.146244 0.146668 0.006037
9 9 0.146244 0.146668 0.006037
9 10 0.144523 0.146668 0.006037
9 11 0.148155 0.146668 0.006037
9 12 0.149493 0.146668 0.006037
9 13 0.148538 0.146668 0.006037
9 14 0.150640 0.146668 0.006037
9 15 0.150832 0.146668 0.006037
9 16 0.151023 0.146668 0.006037
9 17 0.150449 0.146668 0.006037
9 18 0.152170 0.146668 0.006037
9 19 0.143950 0.146668 0.006037
9 20 0.140700 0.146668 0.006037
10 0 0.132097 0.146668 0.006037
10 1 0.137067 0.146668 0.006037
10 2 0.140317 0.146668 0.006037
10 3 0.147199 0.146668 0.006037
10 4 0.147391 0.146668 0.006037
10 5 0.144332 0.146668 0.006037
10 6 0.146435 0.146668 0.006037
10 7 0.147199 0.146668 0.006037
10 8 0.147773 0.146668 0.006037
10 9 0.147582 0.146668 0.006037
10 10 0.145097 0.146668 0.006037
10 11 0.143185 0.146668 0.006037
10 12 0.148346 0.146668 0.006037
10 13 0.149302 0.146668 0.006037
10 14 0.149685 0.146668 0.006037
10 15 0.149876 0.146668 0.006037
10 16 0.149876 0.146668 0.006037
10 17 0.151023 0.146668 0.006037
10 18 0.149876 0.146668 0.006037
10 19 0.140700 0.146668 0.006037
10 20 0.136876 0.146668 0.006037
11 0 0.132862 0.146668 0.006037
11 1 0.141082 0.146668 0.006037
11 2 0.144905 0.146668 0.006037
11 3 0.146817 0.146668 0.006037
11 4 0.145097 0.146668 0.006037
11 5 0.149302 0.146668 0.006037
11 6 0.149685 0.146668 0.006037
11 7 0.149302 0.146668 0.006037
11 8 0.146626 0.146668 0.006037
11 9 0.146435 0.146668 0.006037
11 10 0.144905 0.146668 0.006037
11 11 0.146626 0.146668 0.006037
11 12 0.149111 0.146668 0.006037
11 13 0.150640 0.146668 0.006037
11 14 0.150449 0.146668 0.006037
11 15 0.147964 0.146668 0.006037
11 16 0.148155 0.146668 0.006037
11 17 0.148920 0.146668 0.006037
11 18 0.149111 0.146668 0.006037
11 19 0.143376 0.146668 0.006037
11 20 0.136685 0.146668 0.006037
12 0 0.134200 0.146668 0.006037
12 1 0.141847 0.146668 0.006037
12 2 0.145288 0.146668 0.006037
12 3 0.149111 0.146668 0.006037
12 4 0.151979 0.146668 0.006037
12 5 0.154655 0.146668 0.006037
12 6 0.152552 0.146668 0.006037
12 7 0.151979 0.146668 0.006037
12 8 0.149302 0.146668 0.006037
12 9 0.148729 0.146668 0.006037
12 10 0.143950 0.146668 0.006037
12 11 0.148538 0.146668 0.006037
12 12 0.151023 0.146668 0.006037
12 13 0.153699 0.146668 0.006037
12 14 0.152743 0.146668 0.006037
12 15 0.149302 0.146668 0.006037
12 16 0.150449 0.146668 0.006037
12 17 0.149302 0.146668 0.006037
12 18 0.148346 0.146668 0.006037
12 19 0.144332 0.146668 0.006037
12 20 0.138979 0.146668 0.006037
13 0 0.139744 0.146668 0.006037
13 1 0.146626 0.146668 0.006037
13 2 0.148920 0.146668 0.006037
13 3 0.153317 0.146668 0.006037
13 4 0.158478 0.146668 0.006037
13 5 0.158478 0.146668 0.006037
13 6 0.156375 0.146668 0.006037
13 7 0.152934 0.146668 0.006037
13 8 0.150832 0.146668 0.006037
13 9 0.149111 0.146668 0.006037
13 10 0.147773 0.146668 0.006037
13 11 0.149111 0.146668 0.006037
13 12 0.151405 0.146668 0.006037
13 13 0.153317 0.146668 0.006037
13 14 0.153508 0.146668 0.006037
13 15 0.153317 0.146668 0.006037
13 16 0.152170 0.146668 0.006037
13 17 0.149111 0.146668 0.006037
13 18 0.147582 0.146668 0.006037
13 19 0.144332 0.146668 0.006037
13 20 0.142229 0.146668 0.006037
14 0 0.144714 0.146668 0.006037
14 1 0.150640 0.146668 0.006037
14 2 0.154273 0.146668 0.006037
14 3 0.155611 0.146668 0.006037
14 4 0.158669 0.146668 0.006037
14 5 0.159243 0.146668 0.006037
14 6 0.157905 0.146668 0.006037
14 7 0.157714 0.146668 0.006037
14 8 0.154846 0.146668 0.006037
14 9 0.148920 0.146668 0.006037
14 10 0.147964 0.146668 0.006037
14 11 0.150640 0.146668 0.006037
14 12 0.150832 0.146668 0.006037
14 13 0.153699 0.146668 0.006037
14 14 0.153126 0.146668 0.006037
14 15 0.151023 0.146668 0.006037
14 16 0.150832 0.146668 0.006037
14 17 0.149685 0.146668 0.006037
14 18 0.147008 0.146668 0.006037
14 19 0.141847 0.146668 0.006037
14 20 0.138788 0.146668 0.006037
15 0 0.148346 0.146668 0.006037
15 1 0.154846 0.146668 0.006037
15 2 0.157714 0.146668 0.006037
15 3 0.157905 0.146668 0.006037
15 4 0.158861 0.146668 0.006037
15 5 0.160390 0.146668 0.006037
15 6 0.162684 0.146668 0.006037
15 7 0.159816 0.146668 0.006037
15 8 0.154081 0.146668 0.006037
15 9 0.151979 0.146668 0.006037
15 10 0.149685 0.146668 0.006037
15 11 0.149685 0.146668 0.006037
15 12 0.151596 0.146668 0.006037
15 13 0.150832 0.146668 0.006037
15 14 0.152552 0.146668 0.006037
15 15 0.149493 0.146668 0.006037
15 16 0.148538 0.146668 0.006037
15 17 0.148155 0.146668 0.006037
15 18 0.148920 0.146668 0.006037
15 19 0.143376 0.146668 0.006037
15 20 0.140509 0.146668 0.006037
16 0 0.146817 0.146668 0.006037
16 1 0.153317 0.146668 0.006037
16 2 0.154846 0.146668 0.006037
16 3 0.156184 0.146668 0.006037
16 4 0.155993 0.146668 0.006037
16 5 0.157522 0.146668 0.006037
16 6 0.160581 0.146668 0.006037
16 7 0.158287 0.146668 0.006037
16 8 0.155228 0.146668 0.006037
16 9 0.152170 0.146668 0.006037
16 10 0.148920 0.146668 0.006037
16 11 0.149685 0.146668 0.006037
16 12 0.151405 0.146668 0.006037
16 13 0.150449 0.146668 0.006037
16 14 0.148920 0.146668 0.006037
16 15 0.147964 0.146668 0.006037
16 16 0.148155 0.146668 0.006037
16 17 0.145288 0.146668 0.006037
16 18 0.148538 0.146668 0.006037
16 19 0.143567 0.146668 0.006037
16 20 0.139170 0.146668 0.006037
17 0 0.147391 0.146668 0.006037
17 1 0.150832 0.146668 0.006037
17 2 0.153317 0.146668 0.006037
17 3 0.154273 0.146668 0.006037
17 4 0.158096 0.146668 0.006037
17 5 0.159434 0.146668 0.006037
17 6 0.158861 0.146668 0.006037
17 7 0.156758 0.146668 0.006037
17 8 0.151023 0.146668 0.006037
17 9 0.151979 0.146668 0.006037
17 10 0.149111 0.146668 0.006037
17 11 0.148538 0.146668 0.006037
17 12 0.147391 0.146668 0.006037
17 13 0.150067 0.146668 0.006037
17 14 0.147582 0.146668 0.006037
17 15 0.147199 0.146668 0.006037
17 16 0.147391 0.146668 0.006037
17 17 0.149493 0.146668 0.006037
17 18 0.147391 0.146668 0.006037
17 19 0.139744 0.146668 0.006037
17 20 0.137259 0.146668 0.006037
18 0 0.144332 0.146668 0.006037
18 1 0.150640 0.146668 0.006037
18 2 0.152934 0.146668 0.006037
18 3 0.156758 0.146668 0.006037
18 4 0.156949 0.146668 0.006037
18 5 0.157905 0.146668 0.006037
18 6 0.155228 0.146668 0.006037
18 7 0.153126 0.146668 0.006037
18 8 0.150067 0.146668 0.006037
18 9 0.151405 0.146668 0.006037
18 10 0.151214 0.146668 0.006037
18 11 0.148538 0.146668 0.006037
18 12 0.148538 0.146668 0.006037
18 13 0.148155 0.146668 0.006037
18 14 0.147199 0.146668 0.006037
18 15 0.146244 0.146668 0.006037
18 16 0.149876 0.146668 0.006037
18 17 0.147391 0.146668 0.006037
18 18 0.147582 0.146668 0.006037
18 19 0.141082 0.146668 0.006037
18 20 0.136303 0.146668 0.006037
19 0 0.143376 0.146668 0.006037
19 1 0.148920 0.146668 0.006037
19 2 0.149111 0.146668 0.006037
19 3 0.151405 0.146668 0.006037
19 4 0.153890 0.146668 0.006037
19 5 0.152934 0.146668 0.006037
19 6 0.152934 0.146668 0.006037
19 7 0.150640 0.146668 0.006037
19 8 0.148920 0.146668 0.006037
19 9 0.147964 0.146668 0.006037
19 10 0.146626 0.146668 0.006037
19 11 0.145670 0.146668 0.006037
19 12 0.144141 0.146668 0.006037
19 13 0.143758 0.146668 0.006037
19 14 0.142803 0.146668 0.006037
19 15 0.144523 0.146668 0.006037
19 16 0.145479 0.146668 0.006037
19 17 0.146435 0.146668 0.006037
19 18 0.142611 0.146668 0.006037
19 19 0.136685 0.146668 0.006037
19 20 0.135156 0.146668 0.006037
20 0 0.143950 0.146668 0.006037
20 1 0.147008 0.146668 0.006037
20 2 0.148729 0.146668 0.006037
20 3 0.151023 0.146668 0.006037
20 4 0.150258 0.146668 0.006037
20 5 0.151405 0.146668 0.006037
20 6 0.152170 0.146668 0.006037
20 7 0.151023 0.146668 0.006037
20 8 0.145479 0.146668 0.006037
20 9 0.142420 0.146668 0.006037
20 10 0.140891 0.146668 0.006037
20 11 0.140700 0.146668 0.006037
20 12 0.141464 0.146668 0.006037
20 13 0.142994 0.146668 0.006037
20 14 0.142420 0.146668 0.006037
20 15 0.142420 0.146668 0.006037
20 16 0.143758 0.146668 0.006037
20 17 0.140891 0.146668 0.006037
20 18 0.140126 0.146668 0.006037
20 19 0.133626 0.146668 0.006037
20 20 0.128083 0.146668 0.006037
