# contact distance = 28.0 Angstroms
# F = 0.4 kJ/mol

# i j contact_probability mean_contact_probability stddev_contact_probability
0 0 0.145305 0.167359 0.009118
0 1 0.147090 0.167359 0.009118
0 2 0.147566 0.167359 0.009118
0 3 0.146376 0.167359 0.009118
0 4 0.144472 0.167359 0.009118
0 5 0.146257 0.167359 0.009118
0 6 0.147923 0.167359 0.009118
0 7 0.149589 0.167359 0.009118
0 8 0.152803 0.167359 0.009118
0 9 0.153398 0.167359 0.009118
0 10 0.155421 0.167359 0.009118
0 11 0.159943 0.167359 0.009118
0 12 0.163037 0.167359 0.009118
0 13 0.167916 0.167359 0.009118
0 14 0.171010 0.167359 0.009118
0 15 0.170772 0.167359 0.009118
0 16 0.169820 0.167359 0.009118
0 17 0.167797 0.167359 0.009118
0 18 0.167440 0.167359 0.009118
0 19 0.164227 0.167359 0.009118
0 20 0.158872 0.167359 0.009118
1 0 0.145186 0.167359 0.009118
1 1 0.148161 0.167359 0.009118
1 2 0.148637 0.167359 0.009118
1 3 0.150660 0.167359 0.009118
1 4 0.149113 0.167359 0.009118
1 5 0.149708 0.167359 0.009118
1 6 0.150541 0.167359 0.009118
1 7 0.151017 0.167359 0.009118
1 8 0.155064 0.167359 0.009118
1 9 0.156254 0.167359 0.009118
1 10 0.159705 0.167359 0.009118
1 11 0.162799 0.167359 0.009118
1 12 0.169344 0.167359 0.009118
1 13 0.170772 0.167359 0.009118
1 14 0.171962 0.167359 0.009118
1 15 0.173985 0.167359 0.009118
1 16 0.174104 0.167359 0.009118
1 17 0.172319 0.167359 0.009118
1 18 0.170891 0.167359 0.009118
1 19 0.167678 0.167359 0.009118
1 20 0.165060 0.167359 0.009118
2 0 0.144353 0.167359 0.009118
2 1 0.149827 0.167359 0.009118
2 2 0.148875 0.167359 0.009118
2 3 0.150541 0.167359 0.009118
2 4 0.148399 0.167359 0.009118
2 5 0.152446 0.167359 0.009118
2 6 0.155064 0.167359 0.009118
2 7 0.154826 0.167359 0.009118
2 8 0.158634 0.167359 0.009118
2 9 0.160657 0.167359 0.009118
2 10 0.163989 0.167359 0.009118
2 11 0.166845 0.167359 0.009118
2 12 0.171248 0.167359 0.009118
2 13 0.174342 0.167359 0.009118
2 14 0.177437 0.167359 0.009118
2 15 0.176247 0.167359 0.009118
2 16 0.174938 0.167359 0.009118
2 17 0.175652 0.167359 0.009118
2 18 0.174342 0.167359 0.009118
2 19 0.171248 0.167359 0.009118
2 20 0.169701 0.167359 0.009118
3 0 0.143282 0.167359 0.009118
3 1 0.146257 0.167359 0.009118
3 2 0.150660 0.167359 0.009118
3 3 0.150779 0.167359 0.009118
3 4 0.148875 0.167359 0.009118
3 5 0.153993 0.167359 0.009118
3 6 0.154707 0.167359 0.009118
3 7 0.154945 0.167359 0.009118
3 8 0.160300 0.167359 0.009118
3 9 0.162918 0.167359 0.009118
3 10 0.164941 0.167359 0.009118
3 11 0.166726 0.167359 0.009118
3 12 0.171843 0.167359 0.009118
3 13 0.171724 0.167359 0.009118
3 14 0.175533 0.167359 0.009118
3 15 0.177199 0.167359 0.009118
3 16 0.176961 0.167359 0.009118
3 17 0.177080 0.167359 0.009118
3 18 0.175890 0.167359 0.009118
3 19 0.173033 0.167359 0.009118
3 20 0.169701 0.167359 0.009118
4 0 0.142211 0.167359 0.009118
4 1 0.147328 0.167359 0.009118
4 2 0.151136 0.167359 0.009118
4 3 0.152208 0.167359 0.009118
4 4 0.151732 0.167359 0.009118
4 5 0.156016 0.167359 0.009118
4 6 0.156016 0.167359 0.009118
4 7 0.157682 0.167359 0.009118
4 8 0.162204 0.167359 0.009118
4 9 0.163870 0.167359 0.009118
4 10 0.165893 0.167359 0.009118
4 11 0.167321 0.167359 0.009118
4 12 0.168273 0.167359 0.009118
4 13 0.172557 0.167359 0.009118
4 14 0.175652 0.167359 0.009118
4 15 0.177318 0.167359 0.009118
4 16 0.176604 0.167359 0.009118
4 17 0.174700 0.167359 0.009118
4 18 0.176723 0.167359 0.009118
4 19 0.173390 0.167359 0.009118
4 20 0.169820 0.167359 0.009118
5 0 0.144234 0.167359 0.009118
5 1 0.149589 0.167359 0.009118
5 2 0.151256 0.167359 0.009118
5 3 0.153160 0.167359 0.009118
5 4 0.153160 0.167359 0.009118
5 5 0.157444 0.167359 0.009118
5 6 0.157206 0.167359 0.009118
5 7 0.160657 0.167359 0.009118
5 8 0.165060 0.167359 0.009118
5 9 0.165774 0.167359 0.009118
5 10 0.167321 0.167359 0.009118
5 11 0.169225 0.167359 0.009118
5 12 0.171605 0.167359 0.009118
5 13 0.172319 0.167359 0.009118
5 14 0.175533 0.167359 0.009118
5 15 0.176009 0.167359 0.009118
5 16 0.175533 0.167359 0.009118
5 17 0.174700 0.167359 0.009118
5 18 0.173866 0.167359 0.009118
5 19 0.173985 0.167359 0.009118
5 20 0.170534 0.167359 0.009118
6 0 0.144353 0.167359 0.009118
6 1 0.149946 0.167359 0.009118
6 2 0.150184 0.167359 0.009118
6 3 0.151851 0.167359 0.009118
6 4 0.151732 0.167359 0.009118
6 5 0.156968 0.167359 0.009118
6 6 0.156849 0.167359 0.009118
6 7 0.157444 0.167359 0.009118
6 8 0.161847 0.167359 0.009118
6 9 0.162561 0.167359 0.009118
6 10 0.167440 0.167359 0.009118
6 11 0.168868 0.167359 0.009118
6 12 0.169463 0.167359 0.009118
6 13 0.172795 0.167359 0.009118
6 14 0.173271 0.167359 0.009118
6 15 0.175176 0.167359 0.009118
6 16 0.174819 0.167359 0.009118
6 17 0.173628 0.167359 0.009118
6 18 0.173747 0.167359 0.009118
6 19 0.171724 0.167359 0.009118
6 20 0.167797 0.167359 0.009118
7 0 0.147447 0.167359 0.009118
7 1 0.152684 0.167359 0.009118
7 2 0.153636 0.167359 0.009118
7 3 0.156016 0.167359 0.009118
7 4 0.158277 0.167359 0.009118
7 5 0.161609 0.167359 0.009118
7 6 0.161371 0.167359 0.009118
7 7 0.162204 0.167359 0.009118
7 8 0.164584 0.167359 0.009118
7 9 0.165774 0.167359 0.009118
7 10 0.168154 0.167359 0.009118
7 11 0.171010 0.167359 0.009118
7 12 0.172557 0.167359 0.009118
7 13 0.173866 0.167359 0.009118
7 14 0.175771 0.167359 0.009118
7 15 0.175533 0.167359 0.009118
7 16 0.175295 0.167359 0.009118
7 17 0.174104 0.167359 0.009118
7 18 0.174462 0.167359 0.009118
7 19 0.173509 0.167359 0.009118
7 20 0.170415 0.167359 0.009118
8 0 0.152565 0.167359 0.009118
8 1 0.155302 0.167359 0.009118
8 2 0.157682 0.167359 0.009118
8 3 0.160062 0.167359 0.009118
8 4 0.162204 0.167359 0.009118
8 5 0.164584 0.167359 0.009118
8 6 0.163632 0.167359 0.009118
8 7 0.164584 0.167359 0.009118
8 8 0.167797 0.167359 0.009118
8 9 0.168868 0.167359 0.009118
8 10 0.171605 0.167359 0.009118
8 11 0.172438 0.167359 0.009118
8 12 0.175414 0.167359 0.009118
8 13 0.176961 0.167359 0.009118
8 14 0.176961 0.167359 0.009118
8 15 0.177080 0.167359 0.009118
8 16 0.176604 0.167359 0.009118
8 17 0.176485 0.167359 0.009118
8 18 0.174819 0.167359 0.009118
8 19 0.173152 0.167359 0.009118
8 20 0.169939 0.167359 0.009118
9 0 0.153041 0.167359 0.009118
9 1 0.157801 0.167359 0.009118
9 2 0.157444 0.167359 0.009118
9 3 0.160419 0.167359 0.009118
9 4 0.162799 0.167359 0.009118
9 5 0.165893 0.167359 0.009118
9 6 0.164584 0.167359 0.009118
9 7 0.163870 0.167359 0.009118
9 8 0.166250 0.167359 0.009118
9 9 0.167440 0.167359 0.009118
9 10 0.168273 0.167359 0.009118
9 11 0.169820 0.167359 0.009118
9 12 0.172676 0.167359 0.009118
9 13 0.173390 0.167359 0.009118
9 14 0.177318 0.167359 0.009118
9 15 0.177318 0.167359 0.009118
9 16 0.177318 0.167359 0.009118
9 17 0.176247 0.167359 0.009118
9 18 0.172795 0.167359 0.009118
9 19 0.171248 0.167359 0.009118
9 20 0.166250 0.167359 0.009118
10 0 0.153398 0.167359 0.009118
10 1 0.158396 0.167359 0.009118
10 2 0.159110 0.167359 0.009118
10 3 0.160062 0.167359 0.009118
10 4 0.164822 0.167359 0.009118
10 5 0.168035 0.167359 0.009118
10 6 0.164822 0.167359 0.009118
10 7 0.166012 0.167359 0.009118
10 8 0.167083 0.167359 0.009118
10 9 0.166726 0.167359 0.009118
10 10 0.166726 0.167359 0.009118
10 11 0.167321 0.167359 0.009118
10 12 0.170534 0.167359 0.009118
10 13 0.172438 0.167359 0.009118
10 14 0.176604 0.167359 0.009118
10 15 0.177794 0.167359 0.009118
10 16 0.177437 0.167359 0.009118
10 17 0.176961 0.167359 0.009118
10 18 0.175771 0.167359 0.009118
10 19 0.172081 0.167359 0.009118
10 20 0.165060 0.167359 0.009118
11 0 0.156968 0.167359 0.009118
11 1 0.161014 0.167359 0.009118
11 2 0.161014 0.167359 0.009118
11 3 0.163751 0.167359 0.009118
11 4 0.165536 0.167359 0.009118
11 5 0.169344 0.167359 0.009118
11 6 0.167916 0.167359 0.009118
11 7 0.168035 0.167359 0.009118
11 8 0.168273 0.167359 0.009118
11 9 0.166726 0.167359 0.009118
11 10 0.167083 0.167359 0.009118
11 11 0.168868 0.167359 0.009118
11 12 0.168630 0.167359 0.009118
11 13 0.172914 0.167359 0.009118
11 14 0.174462 0.167359 0.009118
11 15 0.175771 0.167359 0.009118
11 16 0.177675 0.167359 0.009118
11 17 0.176604 0.167359 0.009118
11 18 0.173271 0.167359 0.009118
11 19 0.168035 0.167359 0.009118
11 20 0.162918 0.167359 0.009118
12 0 0.158158 0.167359 0.009118
12 1 0.161966 0.167359 0.009118
12 2 0.162085 0.167359 0.009118
12 3 0.165298 0.167359 0.009118
12 4 0.166607 0.167359 0.009118
12 5 0.169225 0.167359 0.009118
12 6 0.169820 0.167359 0.009118
12 7 0.169225 0.167359 0.009118
12 8 0.167440 0.167359 0.009118
12 9 0.167083 0.167359 0.009118
12 10 0.167202 0.167359 0.009118
12 11 0.169820 0.167359 0.009118
12 12 0.169820 0.167359 0.009118
12 13 0.173985 0.167359 0.009118
12 14 0.176485 0.167359 0.009118
12 15 0.176961 0.167359 0.009118
12 16 0.175176 0.167359 0.009118
12 17 0.175890 0.167359 0.009118
12 18 0.173390 0.167359 0.009118
12 19 0.170177 0.167359 0.009118
12 20 0.160419 0.167359 0.009118
13 0 0.162561 0.167359 0.009118
13 1 0.166369 0.167359 0.009118
13 2 0.166012 0.167359 0.009118
13 3 0.166607 0.167359 0.009118
13 4 0.168035 0.167359 0.009118
13 5 0.169582 0.167359 0.009118
13 6 0.168987 0.167359 0.009118
13 7 0.171129 0.167359 0.009118
13 8 0.168511 0.167359 0.009118
13 9 0.168630 0.167359 0.009118
13 10 0.168511 0.167359 0.009118
13 11 0.170772 0.167359 0.009118
13 12 0.169820 0.167359 0.009118
13 13 0.172557 0.167359 0.009118
13 14 0.175890 0.167359 0.009118
13 15 0.176604 0.167359 0.009118
13 16 0.175771 0.167359 0.009118
13 17 0.174819 0.167359 0.009118
13 18 0.176366 0.167359 0.009118
13 19 0.171248 0.167359 0.009118
13 20 0.163989 0.167359 0.009118
14 0 0.163751 0.167359 0.009118
14 1 0.166131 0.167359 0.009118
14 2 0.168392 0.167359 0.009118
14 3 0.170891 0.167359 0.009118
14 4 0.170415 0.167359 0.009118
14 5 0.172438 0.167359 0.009118
14 6 0.171605 0.167359 0.009118
14 7 0.173747 0.167359 0.009118
14 8 0.172200 0.167359 0.009118
14 9 0.171129 0.167359 0.009118
14 10 0.171129 0.167359 0.009118
14 11 0.172676 0.167359 0.009118
14 12 0.172200 0.167359 0.009118
14 13 0.175771 0.167359 0.009118
14 14 0.177080 0.167359 0.009118
14 15 0.178865 0.167359 0.009118
14 16 0.177913 0.167359 0.009118
14 17 0.176366 0.167359 0.009118
14 18 0.176366 0.167359 0.009118
14 19 0.171605 0.167359 0.009118
14 20 0.164465 0.167359 0.009118
15 0 0.164584 0.167359 0.009118
15 1 0.165774 0.167359 0.009118
15 2 0.167321 0.167359 0.009118
15 3 0.171605 0.167359 0.009118
15 4 0.171248 0.167359 0.009118
15 5 0.174819 0.167359 0.009118
15 6 0.175176 0.167359 0.009118
15 7 0.177199 0.167359 0.009118
15 8 0.177437 0.167359 0.009118
15 9 0.173033 0.167359 0.009118
15 10 0.173271 0.167359 0.009118
15 11 0.174938 0.167359 0.009118
15 12 0.176723 0.167359 0.009118
15 13 0.179460 0.167359 0.009118
15 14 0.180769 0.167359 0.009118
15 15 0.181602 0.167359 0.009118
15 16 0.181602 0.167359 0.009118
15 17 0.179936 0.167359 0.009118
15 18 0.176009 0.167359 0.009118
15 19 0.171486 0.167359 0.009118
15 20 0.165298 0.167359 0.009118
16 0 0.165179 0.167359 0.009118
16 1 0.168868 0.167359 0.009118
16 2 0.170415 0.167359 0.009118
16 3 0.173152 0.167359 0.009118
16 4 0.174938 0.167359 0.009118
16 5 0.176842 0.167359 0.009118
16 6 0.177199 0.167359 0.009118
16 7 0.177556 0.167359 0.009118
16 8 0.176961 0.167359 0.009118
16 9 0.176604 0.167359 0.009118
16 10 0.175414 0.167359 0.009118
16 11 0.177199 0.167359 0.009118
16 12 0.179936 0.167359 0.009118
16 13 0.182435 0.167359 0.009118
16 14 0.182911 0.167359 0.009118
16 15 0.183506 0.167359 0.009118
16 16 0.181959 0.167359 0.009118
16 17 0.182792 0.167359 0.009118
16 18 0.177080 0.167359 0.009118
16 19 0.172200 0.167359 0.009118
16 20 0.164108 0.167359 0.009118
17 0 0.164941 0.167359 0.009118
17 1 0.167678 0.167359 0.009118
17 2 0.170296 0.167359 0.009118
17 3 0.173033 0.167359 0.009118
17 4 0.172914 0.167359 0.009118
17 5 0.176247 0.167359 0.009118
17 6 0.176842 0.167359 0.009118
17 7 0.176485 0.167359 0.009118
17 8 0.177318 0.167359 0.009118
17 9 0.175176 0.167359 0.009118
17 10 0.175176 0.167359 0.009118
17 11 0.176961 0.167359 0.009118
17 12 0.179341 0.167359 0.009118
17 13 0.181721 0.167359 0.009118
17 14 0.182554 0.167359 0.009118
17 15 0.182911 0.167359 0.009118
17 16 0.180055 0.167359 0.009118
17 17 0.178508 0.167359 0.009118
17 18 0.176604 0.167359 0.009118
17 19 0.166607 0.167359 0.009118
17 20 0.158277 0.167359 0.009118
18 0 0.162680 0.167359 0.009118
18 1 0.167321 0.167359 0.009118
18 2 0.168630 0.167359 0.009118
18 3 0.171010 0.167359 0.009118
18 4 0.172676 0.167359 0.009118
18 5 0.175057 0.167359 0.009118
18 6 0.175890 0.167359 0.009118
18 7 0.173628 0.167359 0.009118
18 8 0.174819 0.167359 0.009118
18 9 0.173390 0.167359 0.009118
18 10 0.173271 0.167359 0.009118
18 11 0.176723 0.167359 0.009118
18 12 0.177437 0.167359 0.009118
18 13 0.176961 0.167359 0.009118
18 14 0.180055 0.167359 0.009118
18 15 0.181007 0.167359 0.009118
18 16 0.179579 0.167359 0.009118
18 17 0.175057 0.167359 0.009118
18 18 0.171962 0.167359 0.009118
18 19 0.164465 0.167359 0.009118
18 20 0.154588 0.167359 0.009118
19 0 0.161609 0.167359 0.009118
19 1 0.164584 0.167359 0.009118
19 2 0.167916 0.167359 0.009118
19 3 0.169106 0.167359 0.009118
19 4 0.168392 0.167359 0.009118
19 5 0.171486 0.167359 0.009118
19 6 0.170653 0.167359 0.009118
19 7 0.171248 0.167359 0.009118
19 8 0.171367 0.167359 0.009118
19 9 0.170415 0.167359 0.009118
19 10 0.171724 0.167359 0.009118
19 11 0.173033 0.167359 0.009118
19 12 0.171724 0.167359 0.009118
19 13 0.172676 0.167359 0.009118
19 14 0.173033 0.167359 0.009118
19 15 0.175414 0.167359 0.009118
19 16 0.175057 0.167359 0.009118
19 17 0.169106 0.167359 0.009118
19 18 0.164941 0.167359 0.009118
19 19 0.157682 0.167359 0.009118
19 20 0.148875 0.167359 0.009118
20 0 0.159229 0.167359 0.009118
20 1 0.162085 0.167359 0.009118
20 2 0.164227 0.167359 0.009118
20 3 0.166369 0.167359 0.009118
20 4 0.166369 0.167359 0.009118
20 5 0.167678 0.167359 0.009118
20 6 0.169463 0.167359 0.009118
20 7 0.169701 0.167359 0.009118
20 8 0.166845 0.167359 0.009118
20 9 0.165774 0.167359 0.009118
20 10 0.164108 0.167359 0.009118
20 11 0.165179 0.167359 0.009118
20 12 0.165536 0.167359 0.009118
20 13 0.165655 0.167359 0.009118
20 14 0.166131 0.167359 0.009118
20 15 0.168511 0.167359 0.009118
20 16 0.166726 0.167359 0.009118
20 17 0.163513 0.167359 0.009118
20 18 0.157087 0.167359 0.009118
20 19 0.149470 0.167359 0.009118
20 20 0.141854 0.167359 0.009118
