# contact distance = 28.0 Angstroms
# F = 0.4 kJ/mol

# i j contact_probability mean_contact_probability stddev_contact_probability
0 0 0.213547 0.209498 0.013953
0 1 0.214039 0.209498 0.013953
0 2 0.212808 0.209498 0.013953
0 3 0.212808 0.209498 0.013953
0 4 0.211330 0.209498 0.013953
0 5 0.207635 0.209498 0.013953
0 6 0.203448 0.209498 0.013953
0 7 0.200246 0.209498 0.013953
0 8 0.199754 0.209498 0.013953
0 9 0.199015 0.209498 0.013953
0 10 0.195320 0.209498 0.013953
0 11 0.190148 0.209498 0.013953
0 12 0.184729 0.209498 0.013953
0 13 0.178079 0.209498 0.013953
0 14 0.172414 0.209498 0.013953
0 15 0.171675 0.209498 0.013953
0 16 0.174631 0.209498 0.013953
0 17 0.175616 0.209498 0.013953
0 18 0.173399 0.209498 0.013953
0 19 0.164532 0.209498 0.013953
0 20 0.160345 0.209498 0.013953
1 0 0.214286 0.209498 0.013953
1 1 0.216502 0.209498 0.013953
1 2 0.216256 0.209498 0.013953
1 3 0.217488 0.209498 0.013953
1 4 0.213793 0.209498 0.013953
1 5 0.212315 0.209498 0.013953
1 6 0.208128 0.209498 0.013953
1 7 0.208128 0.209498 0.013953
1 8 0.204433 0.209498 0.013953
1 9 0.203448 0.209498 0.013953
1 10 0.201232 0.209498 0.013953
1 11 0.200739 0.209498 0.013953
1 12 0.195813 0.209498 0.013953
1 13 0.188670 0.209498 0.013953
1 14 0.186700 0.209498 0.013953
1 15 0.183005 0.209498 0.013953
1 16 0.185468 0.209498 0.013953
1 17 0.183744 0.209498 0.013953
1 18 0.181034 0.209498 0.013953
1 19 0.175369 0.209498 0.013953
1 20 0.167241 0.209498 0.013953
2 0 0.213793 0.209498 0.013953
2 1 0.216995 0.209498 0.013953
2 2 0.219458 0.209498 0.013953
2 3 0.217241 0.209498 0.013953
2 4 0.215025 0.209498 0.013953
2 5 0.212562 0.209498 0.013953
2 6 0.211084 0.209498 0.013953
2 7 0.211330 0.209498 0.013953
2 8 0.206650 0.209498 0.013953
2 9 0.208128 0.209498 0.013953
2 10 0.209360 0.209498 0.013953
2 11 0.206650 0.209498 0.013953
2 12 0.201232 0.209498 0.013953
2 13 0.198522 0.209498 0.013953
2 14 0.196798 0.209498 0.013953
2 15 0.192857 0.209498 0.013953
2 16 0.193350 0.209498 0.013953
2 17 0.192365 0.209498 0.013953
2 18 0.186207 0.209498 0.013953
2 19 0.182266 0.209498 0.013953
2 20 0.172660 0.209498 0.013953
3 0 0.210345 0.209498 0.013953
3 1 0.214778 0.209498 0.013953
3 2 0.216749 0.209498 0.013953
3 3 0.216749 0.209498 0.013953
3 4 0.214532 0.209498 0.013953
3 5 0.213547 0.209498 0.013953
3 6 0.212069 0.209498 0.013953
3 7 0.213793 0.209498 0.013953
3 8 0.210099 0.209498 0.013953
3 9 0.209852 0.209498 0.013953
3 10 0.209360 0.209498 0.013953
3 11 0.208867 0.209498 0.013953
3 12 0.208374 0.209498 0.013953
3 13 0.202463 0.209498 0.013953
3 14 0.201232 0.209498 0.013953
3 15 0.200985 0.209498 0.013953
3 16 0.199261 0.209498 0.013953
3 17 0.196552 0.209498 0.013953
3 18 0.189163 0.209498 0.013953
3 19 0.183990 0.209498 0.013953
3 20 0.176108 0.209498 0.013953
4 0 0.206158 0.209498 0.013953
4 1 0.212808 0.209498 0.013953
4 2 0.212562 0.209498 0.013953
4 3 0.217734 0.209498 0.013953
4 4 0.219212 0.209498 0.013953
4 5 0.217734 0.209498 0.013953
4 6 0.214039 0.209498 0.013953
4 7 0.217734 0.209498 0.013953
4 8 0.216749 0.209498 0.013953
4 9 0.215271 0.209498 0.013953
4 10 0.211823 0.209498 0.013953
4 11 0.214286 0.209498 0.013953
4 12 0.211084 0.209498 0.013953
4 13 0.207143 0.209498 0.013953
4 14 0.205419 0.209498 0.013953
4 15 0.207389 0.209498 0.013953
4 16 0.204433 0.209498 0.013953
4 17 0.200493 0.209498 0.013953
4 18 0.196059 0.209498 0.013953
4 19 0.188177 0.209498 0.013953
4 20 0.183498 0.209498 0.013953
5 0 0.201724 0.209498 0.013953
5 1 0.210345 0.209498 0.013953
5 2 0.213300 0.209498 0.013953
5 3 0.216749 0.209498 0.013953
5 4 0.217734 0.209498 0.013953
5 5 0.217488 0.209498 0.013953
5 6 0.215271 0.209498 0.013953
5 7 0.216995 0.209498 0.013953
5 8 0.216502 0.209498 0.013953
5 9 0.218966 0.209498 0.013953
5 10 0.214286 0.209498 0.013953
5 11 0.216256 0.209498 0.013953
5 12 0.216010 0.209498 0.013953
5 13 0.211823 0.209498 0.013953
5 14 0.210591 0.209498 0.013953
5 15 0.211084 0.209498 0.013953
5 16 0.205911 0.209498 0.013953
5 17 0.207635 0.209498 0.013953
5 18 0.200246 0.209498 0.013953
5 19 0.194581 0.209498 0.013953
5 20 0.186207 0.209498 0.013953
6 0 0.200000 0.209498 0.013953
6 1 0.209113 0.209498 0.013953
6 2 0.212562 0.209498 0.013953
6 3 0.212069 0.209498 0.013953
6 4 0.213793 0.209498 0.013953
6 5 0.216995 0.209498 0.013953
6 6 0.214286 0.209498 0.013953
6 7 0.215271 0.209498 0.013953
6 8 0.219212 0.209498 0.013953
6 9 0.218966 0.209498 0.013953
6 10 0.219212 0.209498 0.013953
6 11 0.215025 0.209498 0.013953
6 12 0.216502 0.209498 0.013953
6 13 0.213793 0.209498 0.013953
6 14 0.214039 0.209498 0.013953
6 15 0.209852 0.209498 0.013953
6 16 0.209852 0.209498 0.013953
6 17 0.209113 0.209498 0.013953
6 18 0.203941 0.209498 0.013953
6 19 0.197537 0.209498 0.013953
6 20 0.193103 0.209498 0.013953
7 0 0.197044 0.209498 0.013953
7 1 0.208867 0.209498 0.013953
7 2 0.214532 0.209498 0.013953
7 3 0.213054 0.209498 0.013953
7 4 0.213793 0.209498 0.013953
7 5 0.216995 0.209498 0.013953
7 6 0.214286 0.209498 0.013953
7 7 0.217488 0.209498 0.013953
7 8 0.219704 0.209498 0.013953
7 9 0.224138 0.209498 0.013953
7 10 0.224384 0.209498 0.013953
7 11 0.220197 0.209498 0.013953
7 12 0.218966 0.209498 0.013953
7 13 0.216749 0.209498 0.013953
7 14 0.217241 0.209498 0.013953
7 15 0.209360 0.209498 0.013953
7 16 0.216010 0.209498 0.013953
7 17 0.214532 0.209498 0.013953
7 18 0.206897 0.209498 0.013953
7 19 0.202217 0.209498 0.013953
7 20 0.195320 0.209498 0.013953
8 0 0.197537 0.209498 0.013953
8 1 0.203941 0.209498 0.013953
8 2 0.206158 0.209498 0.013953
8 3 0.211823 0.209498 0.013953
8 4 0.214532 0.209498 0.013953
8 5 0.214532 0.209498 0.013953
8 6 0.213547 0.209498 0.013953
8 7 0.216749 0.209498 0.013953
8 8 0.219951 0.209498 0.013953
8 9 0.222906 0.209498 0.013953
8 10 0.223645 0.209498 0.013953
8 11 0.219951 0.209498 0.013953
8 12 0.221182 0.209498 0.013953
8 13 0.216749 0.209498 0.013953
8 14 0.219212 0.209498 0.013953
8 15 0.215764 0.209498 0.013953
8 16 0.213300 0.209498 0.013953
8 17 0.212315 0.209498 0.013953
8 18 0.211330 0.209498 0.013953
8 19 0.202217 0.209498 0.013953
8 20 0.194581 0.209498 0.013953
9 0 0.195074 0.209498 0.013953
9 1 0.202217 0.209498 0.013953
9 2 0.209606 0.209498 0.013953
9 3 0.213547 0.209498 0.013953
9 4 0.216749 0.209498 0.013953
9 5 0.219212 0.209498 0.013953
9 6 0.216502 0.209498 0.013953
9 7 0.220443 0.209498 0.013953
9 8 0.221429 0.209498 0.013953
9 9 0.222660 0.209498 0.013953
9 10 0.223399 0.209498 0.013953
9 11 0.225616 0.209498 0.013953
9 12 0.222660 0.209498 0.013953
9 13 0.224631 0.209498 0.013953
9 14 0.222906 0.209498 0.013953
9 15 0.217734 0.209498 0.013953
9 16 0.215025 0.209498 0.013953
9 17 0.215764 0.209498 0.013953
9 18 0.215517 0.209498 0.013953
9 19 0.211084 0.209498 0.013953
9 20 0.204433 0.209498 0.013953
10 0 0.194089 0.209498 0.013953
10 1 0.201724 0.209498 0.013953
10 2 0.208374 0.209498 0.013953
10 3 0.212808 0.209498 0.013953
10 4 0.219951 0.209498 0.013953
10 5 0.219458 0.209498 0.013953
10 6 0.218966 0.209498 0.013953
10 7 0.222906 0.209498 0.013953
10 8 0.219704 0.209498 0.013953
10 9 0.225616 0.209498 0.013953
10 10 0.227586 0.209498 0.013953
10 11 0.228818 0.209498 0.013953
10 12 0.226601 0.209498 0.013953
10 13 0.225616 0.209498 0.013953
10 14 0.223892 0.209498 0.013953
10 15 0.219951 0.209498 0.013953
10 16 0.216749 0.209498 0.013953
10 17 0.217980 0.209498 0.013953
10 18 0.217488 0.209498 0.013953
10 19 0.212069 0.209498 0.013953
10 20 0.206158 0.209498 0.013953
11 0 0.189409 0.209498 0.013953
11 1 0.197537 0.209498 0.013953
11 2 0.206158 0.209498 0.013953
11 3 0.212808 0.209498 0.013953
11 4 0.217980 0.209498 0.013953
11 5 0.218719 0.209498 0.013953
11 6 0.222660 0.209498 0.013953
11 7 0.225616 0.209498 0.013953
11 8 0.223399 0.209498 0.013953
11 9 0.225616 0.209498 0.013953
11 10 0.225616 0.209498 0.013953
11 11 0.227833 0.209498 0.013953
11 12 0.226847 0.209498 0.013953
11 13 0.226355 0.209498 0.013953
11 14 0.226601 0.209498 0.013953
11 15 0.221675 0.209498 0.013953
11 16 0.220936 0.209498 0.013953
11 17 0.220197 0.209498 0.013953
11 18 0.220936 0.209498 0.013953
11 19 0.215764 0.209498 0.013953
11 20 0.210591 0.209498 0.013953
12 0 0.187685 0.209498 0.013953
12 1 0.196059 0.209498 0.013953
12 2 0.202956 0.209498 0.013953
12 3 0.210099 0.209498 0.013953
12 4 0.215764 0.209498 0.013953
12 5 0.219458 0.209498 0.013953
12 6 0.220690 0.209498 0.013953
12 7 0.224138 0.209498 0.013953
12 8 0.223153 0.209498 0.013953
12 9 0.227586 0.209498 0.013953
12 10 0.227833 0.209498 0.013953
12 11 0.230788 0.209498 0.013953
12 12 0.229557 0.209498 0.013953
12 13 0.229064 0.209498 0.013953
12 14 0.224877 0.209498 0.013953
12 15 0.224384 0.209498 0.013953
12 16 0.221429 0.209498 0.013953
12 17 0.221182 0.209498 0.013953
12 18 0.220936 0.209498 0.013953
12 19 0.216502 0.209498 0.013953
12 20 0.207882 0.209498 0.013953
13 0 0.184729 0.209498 0.013953
13 1 0.192118 0.209498 0.013953
13 2 0.197537 0.209498 0.013953
13 3 0.206404 0.209498 0.013953
13 4 0.213547 0.209498 0.013953
13 5 0.217241 0.209498 0.013953
13 6 0.218227 0.209498 0.013953
13 7 0.223153 0.209498 0.013953
13 8 0.221429 0.209498 0.013953
13 9 0.226108 0.209498 0.013953
13 10 0.227586 0.209498 0.013953
13 11 0.230542 0.209498 0.013953
13 12 0.231034 0.209498 0.013953
13 13 0.226108 0.209498 0.013953
13 14 0.223645 0.209498 0.013953
13 15 0.217488 0.209498 0.013953
13 16 0.218719 0.209498 0.013953
13 17 0.220690 0.209498 0.013953
13 18 0.218719 0.209498 0.013953
13 19 0.211084 0.209498 0.013953
13 20 0.201478 0.209498 0.013953
14 0 0.179557 0.209498 0.013953
14 1 0.190640 0.209498 0.013953
14 2 0.196552 0.209498 0.013953
14 3 0.206158 0.209498 0.013953
14 4 0.212315 0.209498 0.013953
14 5 0.216256 0.209498 0.013953
14 6 0.216995 0.209498 0.013953
14 7 0.224138 0.209498 0.013953
14 8 0.221921 0.209498 0.013953
14 9 0.222414 0.209498 0.013953
14 10 0.225123 0.209498 0.013953
14 11 0.227586 0.209498 0.013953
14 12 0.226847 0.209498 0.013953
14 13 0.225369 0.209498 0.013953
14 14 0.221429 0.209498 0.013953
14 15 0.216749 0.209498 0.013953
14 16 0.215271 0.209498 0.013953
14 17 0.217241 0.209498 0.013953
14 18 0.215271 0.209498 0.013953
14 19 0.211084 0.209498 0.013953
14 20 0.207143 0.209498 0.013953
15 0 0.177586 0.209498 0.013953
15 1 0.188670 0.209498 0.013953
15 2 0.196305 0.209498 0.013953
15 3 0.204680 0.209498 0.013953
15 4 0.207143 0.209498 0.013953
15 5 0.214532 0.209498 0.013953
15 6 0.217241 0.209498 0.013953
15 7 0.219458 0.209498 0.013953
15 8 0.222414 0.209498 0.013953
15 9 0.224877 0.209498 0.013953
15 10 0.224631 0.209498 0.013953
15 11 0.223892 0.209498 0.013953
15 12 0.224877 0.209498 0.013953
15 13 0.220690 0.209498 0.013953
15 14 0.219212 0.209498 0.013953
15 15 0.217734 0.209498 0.013953
15 16 0.217488 0.209498 0.013953
15 17 0.212562 0.209498 0.013953
15 18 0.211084 0.209498 0.013953
15 19 0.205665 0.209498 0.013953
15 20 0.200000 0.209498 0.013953
16 0 0.177094 0.209498 0.013953
16 1 0.189163 0.209498 0.013953
16 2 0.195320 0.209498 0.013953
16 3 0.202217 0.209498 0.013953
16 4 0.205419 0.209498 0.013953
16 5 0.210591 0.209498 0.013953
16 6 0.214286 0.209498 0.013953
16 7 0.218719 0.209498 0.013953
16 8 0.221921 0.209498 0.013953
16 9 0.225862 0.209498 0.013953
16 10 0.229310 0.209498 0.013953
16 11 0.225123 0.209498 0.013953
16 12 0.223892 0.209498 0.013953
16 13 0.226108 0.209498 0.013953
16 14 0.223645 0.209498 0.013953
16 15 0.220936 0.209498 0.013953
16 16 0.218227 0.209498 0.013953
16 17 0.213793 0.209498 0.013953
16 18 0.210591 0.209498 0.013953
16 19 0.204433 0.209498 0.013953
16 20 0.198522 0.209498 0.013953
17 0 0.170197 0.209498 0.013953
17 1 0.183990 0.209498 0.013953
17 2 0.192857 0.209498 0.013953
17 3 0.195567 0.209498 0.013953
17 4 0.202956 0.209498 0.013953
17 5 0.203941 0.209498 0.013953
17 6 0.210591 0.209498 0.013953
17 7 0.216010 0.209498 0.013953
17 8 0.221921 0.209498 0.013953
17 9 0.221921 0.209498 0.013953
17 10 0.223892 0.209498 0.013953
17 11 0.224631 0.209498 0.013953
17 12 0.226108 0.209498 0.013953
17 13 0.222906 0.209498 0.013953
17 14 0.224138 0.209498 0.013953
17 15 0.219458 0.209498 0.013953
17 16 0.217980 0.209498 0.013953
17 17 0.215271 0.209498 0.013953
17 18 0.211823 0.209498 0.013953
17 19 0.202463 0.209498 0.013953
17 20 0.194089 0.209498 0.013953
18 0 0.165764 0.209498 0.013953
18 1 0.176108 0.209498 0.013953
18 2 0.185468 0.209498 0.013953
18 3 0.193350 0.209498 0.013953
18 4 0.198276 0.209498 0.013953
18 5 0.203448 0.209498 0.013953
18 6 0.211084 0.209498 0.013953
18 7 0.214532 0.209498 0.013953
18 8 0.218719 0.209498 0.013953
18 9 0.221675 0.209498 0.013953
18 10 0.219951 0.209498 0.013953
18 11 0.223892 0.209498 0.013953
18 12 0.225862 0.209498 0.013953
18 13 0.220443 0.209498 0.013953
18 14 0.217241 0.209498 0.013953
18 15 0.215764 0.209498 0.013953
18 16 0.212808 0.209498 0.013953
18 17 0.212562 0.209498 0.013953
18 18 0.207882 0.209498 0.013953
18 19 0.201724 0.209498 0.013953
18 20 0.194335 0.209498 0.013953
19 0 0.162315 0.209498 0.013953
19 1 0.172414 0.209498 0.013953
19 2 0.184483 0.209498 0.013953
19 3 0.192365 0.209498 0.013953
19 4 0.196552 0.209498 0.013953
19 5 0.203448 0.209498 0.013953
19 6 0.206897 0.209498 0.013953
19 7 0.215764 0.209498 0.013953
19 8 0.217734 0.209498 0.013953
19 9 0.221429 0.209498 0.013953
19 10 0.221675 0.209498 0.013953
19 11 0.220690 0.209498 0.013953
19 12 0.220936 0.209498 0.013953
19 13 0.216502 0.209498 0.013953
19 14 0.216995 0.209498 0.013953
19 15 0.212069 0.209498 0.013953
19 16 0.212069 0.209498 0.013953
19 17 0.209360 0.209498 0.013953
19 18 0.207389 0.209498 0.013953
19 19 0.202709 0.209498 0.013953
19 20 0.194581 0.209498 0.013953
20 0 0.156897 0.209498 0.013953
20 1 0.168966 0.209498 0.013953
20 2 0.182266 0.209498 0.013953
20 3 0.192118 0.209498 0.013953
20 4 0.193103 0.209498 0.013953
20 5 0.198522 0.209498 0.013953
20 6 0.202463 0.209498 0.013953
20 7 0.206897 0.209498 0.013953
20 8 0.211330 0.209498 0.013953
20 9 0.215025 0.209498 0.013953
20 10 0.219951 0.209498 0.013953
20 11 0.216010 0.209498 0.013953
20 12 0.215764 0.209498 0.013953
20 13 0.214286 0.209498 0.013953
20 14 0.211330 0.209498 0.013953
20 15 0.204187 0.209498 0.013953
20 16 0.203695 0.209498 0.013953
20 17 0.202463 0.209498 0.013953
20 18 0.200000 0.209498 0.013953
20 19 0.193842 0.209498 0.013953
20 20 0.189655 0.209498 0.013953
