# contact distance = 28.0 Angstroms
# F = 0.4 kJ/mol

# i j contact_probability mean_contact_probability stddev_contact_probability
0 0 0.140768 0.145199 0.007733
0 1 0.142058 0.145199 0.007733
0 2 0.145499 0.145199 0.007733
0 3 0.144639 0.145199 0.007733
0 4 0.142489 0.145199 0.007733
0 5 0.138618 0.145199 0.007733
0 6 0.137615 0.145199 0.007733
0 7 0.136755 0.145199 0.007733
0 8 0.134461 0.145199 0.007733
0 9 0.134891 0.145199 0.007733
0 10 0.137185 0.145199 0.007733
0 11 0.136755 0.145199 0.007733
0 12 0.137041 0.145199 0.007733
0 13 0.138761 0.145199 0.007733
0 14 0.140625 0.145199 0.007733
0 15 0.144639 0.145199 0.007733
0 16 0.144782 0.145199 0.007733
0 17 0.145642 0.145199 0.007733
0 18 0.143492 0.145199 0.007733
0 19 0.140768 0.145199 0.007733
0 20 0.135894 0.145199 0.007733
1 0 0.141915 0.145199 0.007733
1 1 0.146932 0.145199 0.007733
1 2 0.150803 0.145199 0.007733
1 3 0.148939 0.145199 0.007733
1 4 0.148079 0.145199 0.007733
1 5 0.144639 0.145199 0.007733
1 6 0.144209 0.145199 0.007733
1 7 0.141915 0.145199 0.007733
1 8 0.139622 0.145199 0.007733
1 9 0.139478 0.145199 0.007733
1 10 0.139192 0.145199 0.007733
1 11 0.141772 0.145199 0.007733
1 12 0.141055 0.145199 0.007733
1 13 0.143205 0.145199 0.007733
1 14 0.144925 0.145199 0.007733
1 15 0.146646 0.145199 0.007733
1 16 0.148079 0.145199 0.007733
1 17 0.149083 0.145199 0.007733
1 18 0.145786 0.145199 0.007733
1 19 0.142632 0.145199 0.007733
1 20 0.137328 0.145199 0.007733
2 0 0.141915 0.145199 0.007733
2 1 0.148366 0.145199 0.007733
2 2 0.149083 0.145199 0.007733
2 3 0.149943 0.145199 0.007733
2 4 0.149226 0.145199 0.007733
2 5 0.148079 0.145199 0.007733
2 6 0.146502 0.145199 0.007733
2 7 0.145356 0.145199 0.007733
2 8 0.142919 0.145199 0.007733
2 9 0.144639 0.145199 0.007733
2 10 0.143349 0.145199 0.007733
2 11 0.145786 0.145199 0.007733
2 12 0.145786 0.145199 0.007733
2 13 0.147506 0.145199 0.007733
2 14 0.149656 0.145199 0.007733
2 15 0.147792 0.145199 0.007733
2 16 0.147649 0.145199 0.007733
2 17 0.149943 0.145199 0.007733
2 18 0.151663 0.145199 0.007733
2 19 0.146789 0.145199 0.007733
2 20 0.142058 0.145199 0.007733
3 0 0.143349 0.145199 0.007733
3 1 0.143635 0.145199 0.007733
3 2 0.148509 0.145199 0.007733
3 3 0.152236 0.145199 0.007733
3 4 0.150373 0.145199 0.007733
3 5 0.149369 0.145199 0.007733
3 6 0.147076 0.145199 0.007733
3 7 0.147649 0.145199 0.007733
3 8 0.146789 0.145199 0.007733
3 9 0.147936 0.145199 0.007733
3 10 0.145786 0.145199 0.007733
3 11 0.147219 0.145199 0.007733
3 12 0.149083 0.145199 0.007733
3 13 0.149226 0.145199 0.007733
3 14 0.150373 0.145199 0.007733
3 15 0.151089 0.145199 0.007733
3 16 0.152523 0.145199 0.007733
3 17 0.154100 0.145199 0.007733
3 18 0.152666 0.145199 0.007733
3 19 0.149226 0.145199 0.007733
3 20 0.144209 0.145199 0.007733
4 0 0.138618 0.145199 0.007733
4 1 0.144782 0.145199 0.007733
4 2 0.145642 0.145199 0.007733
4 3 0.148366 0.145199 0.007733
4 4 0.150229 0.145199 0.007733
4 5 0.148079 0.145199 0.007733
4 6 0.147649 0.145199 0.007733
4 7 0.146072 0.145199 0.007733
4 8 0.147219 0.145199 0.007733
4 9 0.148509 0.145199 0.007733
4 10 0.146072 0.145199 0.007733
4 11 0.149513 0.145199 0.007733
4 12 0.148653 0.145199 0.007733
4 13 0.149226 0.145199 0.007733
4 14 0.150803 0.145199 0.007733
4 15 0.150516 0.145199 0.007733
4 16 0.154530 0.145199 0.007733
4 17 0.154817 0.145199 0.007733
4 18 0.152953 0.145199 0.007733
4 19 0.150803 0.145199 0.007733
4 20 0.144065 0.145199 0.007733
5 0 0.137328 0.145199 0.007733
5 1 0.141772 0.145199 0.007733
5 2 0.144782 0.145199 0.007733
5 3 0.147506 0.145199 0.007733
5 4 0.148509 0.145199 0.007733
5 5 0.148796 0.145199 0.007733
5 6 0.148079 0.145199 0.007733
5 7 0.147792 0.145199 0.007733
5 8 0.145499 0.145199 0.007733
5 9 0.146216 0.145199 0.007733
5 10 0.146072 0.145199 0.007733
5 11 0.149943 0.145199 0.007733
5 12 0.150659 0.145199 0.007733
5 13 0.151663 0.145199 0.007733
5 14 0.153670 0.145199 0.007733
5 15 0.153240 0.145199 0.007733
5 16 0.157397 0.145199 0.007733
5 17 0.157540 0.145199 0.007733
5 18 0.155963 0.145199 0.007733
5 19 0.151089 0.145199 0.007733
5 20 0.146072 0.145199 0.007733
6 0 0.136755 0.145199 0.007733
6 1 0.142489 0.145199 0.007733
6 2 0.143349 0.145199 0.007733
6 3 0.145356 0.145199 0.007733
6 4 0.149799 0.145199 0.007733
6 5 0.149513 0.145199 0.007733
6 6 0.148939 0.145199 0.007733
6 7 0.148796 0.145199 0.007733
6 8 0.146789 0.145199 0.007733
6 9 0.148079 0.145199 0.007733
6 10 0.149226 0.145199 0.007733
6 11 0.153526 0.145199 0.007733
6 12 0.153813 0.145199 0.007733
6 13 0.154530 0.145199 0.007733
6 14 0.155533 0.145199 0.007733
6 15 0.155247 0.145199 0.007733
6 16 0.156823 0.145199 0.007733
6 17 0.156823 0.145199 0.007733
6 18 0.155103 0.145199 0.007733
6 19 0.149799 0.145199 0.007733
6 20 0.144639 0.145199 0.007733
7 0 0.136325 0.145199 0.007733
7 1 0.139478 0.145199 0.007733
7 2 0.142489 0.145199 0.007733
7 3 0.145929 0.145199 0.007733
7 4 0.148796 0.145199 0.007733
7 5 0.148939 0.145199 0.007733
7 6 0.147362 0.145199 0.007733
7 7 0.148079 0.145199 0.007733
7 8 0.149369 0.145199 0.007733
7 9 0.148939 0.145199 0.007733
7 10 0.149226 0.145199 0.007733
7 11 0.150803 0.145199 0.007733
7 12 0.149513 0.145199 0.007733
7 13 0.153383 0.145199 0.007733
7 14 0.156537 0.145199 0.007733
7 15 0.155533 0.145199 0.007733
7 16 0.155247 0.145199 0.007733
7 17 0.155820 0.145199 0.007733
7 18 0.154243 0.145199 0.007733
7 19 0.150803 0.145199 0.007733
7 20 0.142058 0.145199 0.007733
8 0 0.134748 0.145199 0.007733
8 1 0.140912 0.145199 0.007733
8 2 0.145069 0.145199 0.007733
8 3 0.145212 0.145199 0.007733
8 4 0.149656 0.145199 0.007733
8 5 0.149226 0.145199 0.007733
8 6 0.148079 0.145199 0.007733
8 7 0.148509 0.145199 0.007733
8 8 0.149656 0.145199 0.007733
8 9 0.150516 0.145199 0.007733
8 10 0.148939 0.145199 0.007733
8 11 0.150229 0.145199 0.007733
8 12 0.149226 0.145199 0.007733
8 13 0.151233 0.145199 0.007733
8 14 0.155533 0.145199 0.007733
8 15 0.152666 0.145199 0.007733
8 16 0.154960 0.145199 0.007733
8 17 0.155390 0.145199 0.007733
8 18 0.151376 0.145199 0.007733
8 19 0.146932 0.145199 0.007733
8 20 0.141055 0.145199 0.007733
9 0 0.132741 0.145199 0.007733
9 1 0.139335 0.145199 0.007733
9 2 0.144495 0.145199 0.007733
9 3 0.145212 0.145199 0.007733
9 4 0.146216 0.145199 0.007733
9 5 0.149799 0.145199 0.007733
9 6 0.149799 0.145199 0.007733
9 7 0.149656 0.145199 0.007733
9 8 0.148222 0.145199 0.007733
9 9 0.150229 0.145199 0.007733
9 10 0.148796 0.145199 0.007733
9 11 0.146502 0.145199 0.007733
9 12 0.148222 0.145199 0.007733
9 13 0.150803 0.145199 0.007733
9 14 0.148653 0.145199 0.007733
9 15 0.151376 0.145199 0.007733
9 16 0.152666 0.145199 0.007733
9 17 0.149083 0.145199 0.007733
9 18 0.146789 0.145199 0.007733
9 19 0.143492 0.145199 0.007733
9 20 0.137758 0.145199 0.007733
10 0 0.133458 0.145199 0.007733
10 1 0.138618 0.145199 0.007733
10 2 0.145929 0.145199 0.007733
10 3 0.146216 0.145199 0.007733
10 4 0.147076 0.145199 0.007733
10 5 0.149226 0.145199 0.007733
10 6 0.148939 0.145199 0.007733
10 7 0.149799 0.145199 0.007733
10 8 0.146789 0.145199 0.007733
10 9 0.147076 0.145199 0.007733
10 10 0.148079 0.145199 0.007733
10 11 0.145786 0.145199 0.007733
10 12 0.145356 0.145199 0.007733
10 13 0.147936 0.145199 0.007733
10 14 0.146932 0.145199 0.007733
10 15 0.149943 0.145199 0.007733
10 16 0.149656 0.145199 0.007733
10 17 0.146072 0.145199 0.007733
10 18 0.144495 0.145199 0.007733
10 19 0.141915 0.145199 0.007733
10 20 0.137615 0.145199 0.007733
11 0 0.134604 0.145199 0.007733
11 1 0.141628 0.145199 0.007733
11 2 0.147362 0.145199 0.007733
11 3 0.148366 0.145199 0.007733
11 4 0.148079 0.145199 0.007733
11 5 0.149656 0.145199 0.007733
11 6 0.148653 0.145199 0.007733
11 7 0.148939 0.145199 0.007733
11 8 0.146646 0.145199 0.007733
11 9 0.147506 0.145199 0.007733
11 10 0.147936 0.145199 0.007733
11 11 0.149943 0.145199 0.007733
11 12 0.146216 0.145199 0.007733
11 13 0.144065 0.145199 0.007733
11 14 0.145786 0.145199 0.007733
11 15 0.147649 0.145199 0.007733
11 16 0.149083 0.145199 0.007733
11 17 0.145929 0.145199 0.007733
11 18 0.139048 0.145199 0.007733
11 19 0.136611 0.145199 0.007733
11 20 0.133601 0.145199 0.007733
12 0 0.134748 0.145199 0.007733
12 1 0.141198 0.145199 0.007733
12 2 0.146789 0.145199 0.007733
12 3 0.148366 0.145199 0.007733
12 4 0.151233 0.145199 0.007733
12 5 0.148509 0.145199 0.007733
12 6 0.150803 0.145199 0.007733
12 7 0.149513 0.145199 0.007733
12 8 0.150803 0.145199 0.007733
12 9 0.150516 0.145199 0.007733
12 10 0.149369 0.145199 0.007733
12 11 0.150086 0.145199 0.007733
12 12 0.146072 0.145199 0.007733
12 13 0.147362 0.145199 0.007733
12 14 0.146216 0.145199 0.007733
12 15 0.148222 0.145199 0.007733
12 16 0.146502 0.145199 0.007733
12 17 0.143635 0.145199 0.007733
12 18 0.138905 0.145199 0.007733
12 19 0.135178 0.145199 0.007733
12 20 0.128584 0.145199 0.007733
13 0 0.138761 0.145199 0.007733
13 1 0.147936 0.145199 0.007733
13 2 0.148653 0.145199 0.007733
13 3 0.151376 0.145199 0.007733
13 4 0.153240 0.145199 0.007733
13 5 0.153383 0.145199 0.007733
13 6 0.149799 0.145199 0.007733
13 7 0.153240 0.145199 0.007733
13 8 0.152523 0.145199 0.007733
13 9 0.153096 0.145199 0.007733
13 10 0.151089 0.145199 0.007733
13 11 0.151376 0.145199 0.007733
13 12 0.148222 0.145199 0.007733
13 13 0.145929 0.145199 0.007733
13 14 0.147936 0.145199 0.007733
13 15 0.147076 0.145199 0.007733
13 16 0.146646 0.145199 0.007733
13 17 0.144782 0.145199 0.007733
13 18 0.138188 0.145199 0.007733
13 19 0.134318 0.145199 0.007733
13 20 0.126864 0.145199 0.007733
14 0 0.144065 0.145199 0.007733
14 1 0.146216 0.145199 0.007733
14 2 0.149369 0.145199 0.007733
14 3 0.152953 0.145199 0.007733
14 4 0.153813 0.145199 0.007733
14 5 0.153956 0.145199 0.007733
14 6 0.151950 0.145199 0.007733
14 7 0.151519 0.145199 0.007733
14 8 0.153813 0.145199 0.007733
14 9 0.152380 0.145199 0.007733
14 10 0.150229 0.145199 0.007733
14 11 0.151806 0.145199 0.007733
14 12 0.147506 0.145199 0.007733
14 13 0.146216 0.145199 0.007733
14 14 0.147936 0.145199 0.007733
14 15 0.145356 0.145199 0.007733
14 16 0.144925 0.145199 0.007733
14 17 0.143349 0.145199 0.007733
14 18 0.135321 0.145199 0.007733
14 19 0.131451 0.145199 0.007733
14 20 0.125000 0.145199 0.007733
15 0 0.144639 0.145199 0.007733
15 1 0.147792 0.145199 0.007733
15 2 0.149799 0.145199 0.007733
15 3 0.151806 0.145199 0.007733
15 4 0.154530 0.145199 0.007733
15 5 0.156393 0.145199 0.007733
15 6 0.152810 0.145199 0.007733
15 7 0.153383 0.145199 0.007733
15 8 0.153956 0.145199 0.007733
15 9 0.152380 0.145199 0.007733
15 10 0.150516 0.145199 0.007733
15 11 0.148939 0.145199 0.007733
15 12 0.148079 0.145199 0.007733
15 13 0.144495 0.145199 0.007733
15 14 0.144639 0.145199 0.007733
15 15 0.142632 0.145199 0.007733
15 16 0.144352 0.145199 0.007733
15 17 0.140338 0.145199 0.007733
15 18 0.135894 0.145199 0.007733
15 19 0.128870 0.145199 0.007733
15 20 0.123423 0.145199 0.007733
16 0 0.142058 0.145199 0.007733
16 1 0.147792 0.145199 0.007733
16 2 0.150086 0.145199 0.007733
16 3 0.152093 0.145199 0.007733
16 4 0.151376 0.145199 0.007733
16 5 0.155963 0.145199 0.007733
16 6 0.156107 0.145199 0.007733
16 7 0.155247 0.145199 0.007733
16 8 0.153240 0.145199 0.007733
16 9 0.151089 0.145199 0.007733
16 10 0.148509 0.145199 0.007733
16 11 0.146789 0.145199 0.007733
16 12 0.146502 0.145199 0.007733
16 13 0.143635 0.145199 0.007733
16 14 0.141485 0.145199 0.007733
16 15 0.141342 0.145199 0.007733
16 16 0.142919 0.145199 0.007733
16 17 0.139622 0.145199 0.007733
16 18 0.136181 0.145199 0.007733
16 19 0.129157 0.145199 0.007733
16 20 0.122276 0.145199 0.007733
17 0 0.142202 0.145199 0.007733
17 1 0.146789 0.145199 0.007733
17 2 0.149083 0.145199 0.007733
17 3 0.150803 0.145199 0.007733
17 4 0.150803 0.145199 0.007733
17 5 0.151663 0.145199 0.007733
17 6 0.151806 0.145199 0.007733
17 7 0.153096 0.145199 0.007733
17 8 0.151089 0.145199 0.007733
17 9 0.148366 0.145199 0.007733
17 10 0.145499 0.145199 0.007733
17 11 0.143062 0.145199 0.007733
17 12 0.139908 0.145199 0.007733
17 13 0.140768 0.145199 0.007733
17 14 0.139765 0.145199 0.007733
17 15 0.140052 0.145199 0.007733
17 16 0.141628 0.145199 0.007733
17 17 0.138045 0.145199 0.007733
17 18 0.134174 0.145199 0.007733
17 19 0.126433 0.145199 0.007733
17 20 0.119409 0.145199 0.007733
18 0 0.142345 0.145199 0.007733
18 1 0.147076 0.145199 0.007733
18 2 0.150946 0.145199 0.007733
18 3 0.150803 0.145199 0.007733
18 4 0.150659 0.145199 0.007733
18 5 0.151950 0.145199 0.007733
18 6 0.149943 0.145199 0.007733
18 7 0.151376 0.145199 0.007733
18 8 0.149513 0.145199 0.007733
18 9 0.146789 0.145199 0.007733
18 10 0.144495 0.145199 0.007733
18 11 0.141915 0.145199 0.007733
18 12 0.138045 0.145199 0.007733
18 13 0.137901 0.145199 0.007733
18 14 0.135608 0.145199 0.007733
18 15 0.136898 0.145199 0.007733
18 16 0.140482 0.145199 0.007733
18 17 0.136755 0.145199 0.007733
18 18 0.130304 0.145199 0.007733
18 19 0.124427 0.145199 0.007733
18 20 0.115252 0.145199 0.007733
19 0 0.140768 0.145199 0.007733
19 1 0.145212 0.145199 0.007733
19 2 0.149369 0.145199 0.007733
19 3 0.149799 0.145199 0.007733
19 4 0.149513 0.145199 0.007733
19 5 0.150946 0.145199 0.007733
19 6 0.149943 0.145199 0.007733
19 7 0.149799 0.145199 0.007733
19 8 0.146646 0.145199 0.007733
19 9 0.145929 0.145199 0.007733
19 10 0.141198 0.145199 0.007733
19 11 0.137901 0.145199 0.007733
19 12 0.133744 0.145199 0.007733
19 13 0.133744 0.145199 0.007733
19 14 0.132884 0.145199 0.007733
19 15 0.134748 0.145199 0.007733
19 16 0.132884 0.145199 0.007733
19 17 0.130591 0.145199 0.007733
19 18 0.123997 0.145199 0.007733
19 19 0.117833 0.145199 0.007733
19 20 0.110952 0.145199 0.007733
20 0 0.140625 0.145199 0.007733
20 1 0.142919 0.145199 0.007733
20 2 0.146216 0.145199 0.007733
20 3 0.148079 0.145199 0.007733
20 4 0.145642 0.145199 0.007733
20 5 0.147362 0.145199 0.007733
20 6 0.147506 0.145199 0.007733
20 7 0.144639 0.145199 0.007733
20 8 0.143062 0.145199 0.007733
20 9 0.138905 0.145199 0.007733
20 10 0.136611 0.145199 0.007733
20 11 0.133744 0.145199 0.007733
20 12 0.129444 0.145199 0.007733
20 13 0.129731 0.145199 0.007733
20 14 0.128584 0.145199 0.007733
20 15 0.127437 0.145199 0.007733
20 16 0.125430 0.145199 0.007733
20 17 0.120556 0.145199 0.007733
20 18 0.115252 0.145199 0.007733
20 19 0.108802 0.145199 0.007733
20 20 0.106795 0.145199 0.007733
