# contact distance = 28.0 Angstroms
# F = 0.4 kJ/mol

# i j contact_probability mean_contact_probability stddev_contact_probability
0 0 0.157208 0.150426 0.008768
0 1 0.161510 0.150426 0.008768
0 2 0.162758 0.150426 0.008768
0 3 0.160955 0.150426 0.008768
0 4 0.157486 0.150426 0.008768
0 5 0.155959 0.150426 0.008768
0 6 0.154433 0.150426 0.008768
0 7 0.147912 0.150426 0.008768
0 8 0.141252 0.150426 0.008768
0 9 0.143194 0.150426 0.008768
0 10 0.144998 0.150426 0.008768
0 11 0.145969 0.150426 0.008768
0 12 0.144720 0.150426 0.008768
0 13 0.147079 0.150426 0.008768
0 14 0.150964 0.150426 0.008768
0 15 0.149716 0.150426 0.008768
0 16 0.146385 0.150426 0.008768
0 17 0.143749 0.150426 0.008768
0 18 0.144998 0.150426 0.008768
0 19 0.141113 0.150426 0.008768
0 20 0.142500 0.150426 0.008768
1 0 0.157347 0.150426 0.008768
1 1 0.162065 0.150426 0.008768
1 2 0.164146 0.150426 0.008768
1 3 0.163175 0.150426 0.008768
1 4 0.160400 0.150426 0.008768
1 5 0.158180 0.150426 0.008768
1 6 0.155266 0.150426 0.008768
1 7 0.151381 0.150426 0.008768
1 8 0.146247 0.150426 0.008768
1 9 0.147773 0.150426 0.008768
1 10 0.150548 0.150426 0.008768
1 11 0.151103 0.150426 0.008768
1 12 0.151519 0.150426 0.008768
1 13 0.152074 0.150426 0.008768
1 14 0.154433 0.150426 0.008768
1 15 0.153601 0.150426 0.008768
1 16 0.151519 0.150426 0.008768
1 17 0.150409 0.150426 0.008768
1 18 0.147495 0.150426 0.008768
1 19 0.145414 0.150426 0.008768
1 20 0.144720 0.150426 0.008768
2 0 0.158873 0.150426 0.008768
2 1 0.163036 0.150426 0.008768
2 2 0.164423 0.150426 0.008768
2 3 0.165672 0.150426 0.008768
2 4 0.164146 0.150426 0.008768
2 5 0.160677 0.150426 0.008768
2 6 0.158318 0.150426 0.008768
2 7 0.155127 0.150426 0.008768
2 8 0.152907 0.150426 0.008768
2 9 0.154017 0.150426 0.008768
2 10 0.157070 0.150426 0.008768
2 11 0.156792 0.150426 0.008768
2 12 0.154711 0.150426 0.008768
2 13 0.153184 0.150426 0.008768
2 14 0.155266 0.150426 0.008768
2 15 0.154849 0.150426 0.008768
2 16 0.153323 0.150426 0.008768
2 17 0.152074 0.150426 0.008768
2 18 0.150548 0.150426 0.008768
2 19 0.146940 0.150426 0.008768
2 20 0.145137 0.150426 0.008768
3 0 0.155127 0.150426 0.008768
3 1 0.161232 0.150426 0.008768
3 2 0.165395 0.150426 0.008768
3 3 0.166505 0.150426 0.008768
3 4 0.163313 0.150426 0.008768
3 5 0.161232 0.150426 0.008768
3 6 0.156653 0.150426 0.008768
3 7 0.155821 0.150426 0.008768
3 8 0.154433 0.150426 0.008768
3 9 0.154849 0.150426 0.008768
3 10 0.156098 0.150426 0.008768
3 11 0.156514 0.150426 0.008768
3 12 0.155821 0.150426 0.008768
3 13 0.156514 0.150426 0.008768
3 14 0.157486 0.150426 0.008768
3 15 0.157208 0.150426 0.008768
3 16 0.158041 0.150426 0.008768
3 17 0.154433 0.150426 0.008768
3 18 0.152907 0.150426 0.008768
3 19 0.149161 0.150426 0.008768
3 20 0.147773 0.150426 0.008768
4 0 0.155266 0.150426 0.008768
4 1 0.160400 0.150426 0.008768
4 2 0.165395 0.150426 0.008768
4 3 0.164007 0.150426 0.008768
4 4 0.162481 0.150426 0.008768
4 5 0.160400 0.150426 0.008768
4 6 0.157486 0.150426 0.008768
4 7 0.156098 0.150426 0.008768
4 8 0.156792 0.150426 0.008768
4 9 0.155543 0.150426 0.008768
4 10 0.159151 0.150426 0.008768
4 11 0.157625 0.150426 0.008768
4 12 0.157208 0.150426 0.008768
4 13 0.158041 0.150426 0.008768
4 14 0.159567 0.150426 0.008768
4 15 0.157625 0.150426 0.008768
4 16 0.157763 0.150426 0.008768
4 17 0.155266 0.150426 0.008768
4 18 0.156237 0.150426 0.008768
4 19 0.152907 0.150426 0.008768
4 20 0.149716 0.150426 0.008768
5 0 0.155266 0.150426 0.008768
5 1 0.160261 0.150426 0.008768
5 2 0.162065 0.150426 0.008768
5 3 0.163175 0.150426 0.008768
5 4 0.162065 0.150426 0.008768
5 5 0.158735 0.150426 0.008768
5 6 0.156514 0.150426 0.008768
5 7 0.154433 0.150426 0.008768
5 8 0.153739 0.150426 0.008768
5 9 0.156931 0.150426 0.008768
5 10 0.158457 0.150426 0.008768
5 11 0.158041 0.150426 0.008768
5 12 0.157070 0.150426 0.008768
5 13 0.156098 0.150426 0.008768
5 14 0.157625 0.150426 0.008768
5 15 0.157347 0.150426 0.008768
5 16 0.158318 0.150426 0.008768
5 17 0.157070 0.150426 0.008768
5 18 0.157763 0.150426 0.008768
5 19 0.155127 0.150426 0.008768
5 20 0.150964 0.150426 0.008768
6 0 0.150409 0.150426 0.008768
6 1 0.156792 0.150426 0.008768
6 2 0.156792 0.150426 0.008768
6 3 0.160955 0.150426 0.008768
6 4 0.158735 0.150426 0.008768
6 5 0.156098 0.150426 0.008768
6 6 0.152074 0.150426 0.008768
6 7 0.152907 0.150426 0.008768
6 8 0.154017 0.150426 0.008768
6 9 0.152907 0.150426 0.008768
6 10 0.154294 0.150426 0.008768
6 11 0.153739 0.150426 0.008768
6 12 0.154572 0.150426 0.008768
6 13 0.151936 0.150426 0.008768
6 14 0.154294 0.150426 0.008768
6 15 0.156653 0.150426 0.008768
6 16 0.156792 0.150426 0.008768
6 17 0.156237 0.150426 0.008768
6 18 0.154433 0.150426 0.008768
6 19 0.151519 0.150426 0.008768
6 20 0.148051 0.150426 0.008768
7 0 0.150687 0.150426 0.008768
7 1 0.155543 0.150426 0.008768
7 2 0.155821 0.150426 0.008768
7 3 0.158873 0.150426 0.008768
7 4 0.158596 0.150426 0.008768
7 5 0.153739 0.150426 0.008768
7 6 0.147495 0.150426 0.008768
7 7 0.149716 0.150426 0.008768
7 8 0.152768 0.150426 0.008768
7 9 0.153878 0.150426 0.008768
7 10 0.155127 0.150426 0.008768
7 11 0.154156 0.150426 0.008768
7 12 0.155959 0.150426 0.008768
7 13 0.154017 0.150426 0.008768
7 14 0.157347 0.150426 0.008768
7 15 0.156792 0.150426 0.008768
7 16 0.157625 0.150426 0.008768
7 17 0.155682 0.150426 0.008768
7 18 0.154294 0.150426 0.008768
7 19 0.148883 0.150426 0.008768
7 20 0.146108 0.150426 0.008768
8 0 0.148051 0.150426 0.008768
8 1 0.151797 0.150426 0.008768
8 2 0.156792 0.150426 0.008768
8 3 0.158735 0.150426 0.008768
8 4 0.159983 0.150426 0.008768
8 5 0.154156 0.150426 0.008768
8 6 0.151103 0.150426 0.008768
8 7 0.149993 0.150426 0.008768
8 8 0.149161 0.150426 0.008768
8 9 0.152907 0.150426 0.008768
8 10 0.154572 0.150426 0.008768
8 11 0.155404 0.150426 0.008768
8 12 0.152629 0.150426 0.008768
8 13 0.153184 0.150426 0.008768
8 14 0.153046 0.150426 0.008768
8 15 0.154572 0.150426 0.008768
8 16 0.156514 0.150426 0.008768
8 17 0.154988 0.150426 0.008768
8 18 0.153462 0.150426 0.008768
8 19 0.148189 0.150426 0.008768
8 20 0.143888 0.150426 0.008768
9 0 0.149299 0.150426 0.008768
9 1 0.153323 0.150426 0.008768
9 2 0.156514 0.150426 0.008768
9 3 0.161787 0.150426 0.008768
9 4 0.159428 0.150426 0.008768
9 5 0.158180 0.150426 0.008768
9 6 0.153878 0.150426 0.008768
9 7 0.154572 0.150426 0.008768
9 8 0.150409 0.150426 0.008768
9 9 0.153878 0.150426 0.008768
9 10 0.156653 0.150426 0.008768
9 11 0.154017 0.150426 0.008768
9 12 0.153601 0.150426 0.008768
9 13 0.153323 0.150426 0.008768
9 14 0.152907 0.150426 0.008768
9 15 0.154711 0.150426 0.008768
9 16 0.155404 0.150426 0.008768
9 17 0.154988 0.150426 0.008768
9 18 0.152629 0.150426 0.008768
9 19 0.149161 0.150426 0.008768
9 20 0.142639 0.150426 0.008768
10 0 0.148883 0.150426 0.008768
10 1 0.154988 0.150426 0.008768
10 2 0.157763 0.150426 0.008768
10 3 0.161787 0.150426 0.008768
10 4 0.159290 0.150426 0.008768
10 5 0.158318 0.150426 0.008768
10 6 0.155404 0.150426 0.008768
10 7 0.151242 0.150426 0.008768
10 8 0.149161 0.150426 0.008768
10 9 0.151103 0.150426 0.008768
10 10 0.153046 0.150426 0.008768
10 11 0.152352 0.150426 0.008768
10 12 0.150409 0.150426 0.008768
10 13 0.150964 0.150426 0.008768
10 14 0.152074 0.150426 0.008768
10 15 0.152352 0.150426 0.008768
10 16 0.152213 0.150426 0.008768
10 17 0.152352 0.150426 0.008768
10 18 0.147912 0.150426 0.008768
10 19 0.145137 0.150426 0.008768
10 20 0.141529 0.150426 0.008768
11 0 0.149161 0.150426 0.008768
11 1 0.155682 0.150426 0.008768
11 2 0.157486 0.150426 0.008768
11 3 0.159706 0.150426 0.008768
11 4 0.161232 0.150426 0.008768
11 5 0.159290 0.150426 0.008768
11 6 0.154433 0.150426 0.008768
11 7 0.152213 0.150426 0.008768
11 8 0.150687 0.150426 0.008768
11 9 0.150271 0.150426 0.008768
11 10 0.152491 0.150426 0.008768
11 11 0.151936 0.150426 0.008768
11 12 0.152491 0.150426 0.008768
11 13 0.149993 0.150426 0.008768
11 14 0.150132 0.150426 0.008768
11 15 0.148189 0.150426 0.008768
11 16 0.148328 0.150426 0.008768
11 17 0.148328 0.150426 0.008768
11 18 0.147495 0.150426 0.008768
11 19 0.142778 0.150426 0.008768
11 20 0.139309 0.150426 0.008768
12 0 0.147773 0.150426 0.008768
12 1 0.152213 0.150426 0.008768
12 2 0.155404 0.150426 0.008768
12 3 0.159151 0.150426 0.008768
12 4 0.160261 0.150426 0.008768
12 5 0.157763 0.150426 0.008768
12 6 0.155543 0.150426 0.008768
12 7 0.152074 0.150426 0.008768
12 8 0.150132 0.150426 0.008768
12 9 0.150964 0.150426 0.008768
12 10 0.154433 0.150426 0.008768
12 11 0.154711 0.150426 0.008768
12 12 0.154294 0.150426 0.008768
12 13 0.152074 0.150426 0.008768
12 14 0.148606 0.150426 0.008768
12 15 0.144859 0.150426 0.008768
12 16 0.147357 0.150426 0.008768
12 17 0.146802 0.150426 0.008768
12 18 0.145692 0.150426 0.008768
12 19 0.142639 0.150426 0.008768
12 20 0.136534 0.150426 0.008768
13 0 0.148467 0.150426 0.008768
13 1 0.151658 0.150426 0.008768
13 2 0.155127 0.150426 0.008768
13 3 0.159428 0.150426 0.008768
13 4 0.158873 0.150426 0.008768
13 5 0.155821 0.150426 0.008768
13 6 0.155127 0.150426 0.008768
13 7 0.151103 0.150426 0.008768
13 8 0.149993 0.150426 0.008768
13 9 0.151103 0.150426 0.008768
13 10 0.152768 0.150426 0.008768
13 11 0.150826 0.150426 0.008768
13 12 0.150687 0.150426 0.008768
13 13 0.150132 0.150426 0.008768
13 14 0.148744 0.150426 0.008768
13 15 0.145830 0.150426 0.008768
13 16 0.146524 0.150426 0.008768
13 17 0.145692 0.150426 0.008768
13 18 0.144998 0.150426 0.008768
13 19 0.139587 0.150426 0.008768
13 20 0.135008 0.150426 0.008768
14 0 0.149993 0.150426 0.008768
14 1 0.151936 0.150426 0.008768
14 2 0.154294 0.150426 0.008768
14 3 0.159151 0.150426 0.008768
14 4 0.158873 0.150426 0.008768
14 5 0.155959 0.150426 0.008768
14 6 0.155266 0.150426 0.008768
14 7 0.154433 0.150426 0.008768
14 8 0.152907 0.150426 0.008768
14 9 0.151381 0.150426 0.008768
14 10 0.149161 0.150426 0.008768
14 11 0.150271 0.150426 0.008768
14 12 0.150687 0.150426 0.008768
14 13 0.149577 0.150426 0.008768
14 14 0.147079 0.150426 0.008768
14 15 0.145969 0.150426 0.008768
14 16 0.144720 0.150426 0.008768
14 17 0.143749 0.150426 0.008768
14 18 0.142639 0.150426 0.008768
14 19 0.135424 0.150426 0.008768
14 20 0.130984 0.150426 0.008768
15 0 0.151797 0.150426 0.008768
15 1 0.155682 0.150426 0.008768
15 2 0.156931 0.150426 0.008768
15 3 0.158457 0.150426 0.008768
15 4 0.157347 0.150426 0.008768
15 5 0.153878 0.150426 0.008768
15 6 0.155266 0.150426 0.008768
15 7 0.156098 0.150426 0.008768
15 8 0.151936 0.150426 0.008768
15 9 0.150548 0.150426 0.008768
15 10 0.149161 0.150426 0.008768
15 11 0.148328 0.150426 0.008768
15 12 0.149161 0.150426 0.008768
15 13 0.147912 0.150426 0.008768
15 14 0.146247 0.150426 0.008768
15 15 0.146108 0.150426 0.008768
15 16 0.143610 0.150426 0.008768
15 17 0.140974 0.150426 0.008768
15 18 0.138199 0.150426 0.008768
15 19 0.135701 0.150426 0.008768
15 20 0.128764 0.150426 0.008768
16 0 0.150409 0.150426 0.008768
16 1 0.153878 0.150426 0.008768
16 2 0.156098 0.150426 0.008768
16 3 0.157763 0.150426 0.008768
16 4 0.156792 0.150426 0.008768
16 5 0.156931 0.150426 0.008768
16 6 0.156237 0.150426 0.008768
16 7 0.155127 0.150426 0.008768
16 8 0.152352 0.150426 0.008768
16 9 0.151242 0.150426 0.008768
16 10 0.150132 0.150426 0.008768
16 11 0.148328 0.150426 0.008768
16 12 0.148328 0.150426 0.008768
16 13 0.147079 0.150426 0.008768
16 14 0.148189 0.150426 0.008768
16 15 0.143749 0.150426 0.008768
16 16 0.142362 0.150426 0.008768
16 17 0.139864 0.150426 0.008768
16 18 0.135840 0.150426 0.008768
16 19 0.130845 0.150426 0.008768
16 20 0.127376 0.150426 0.008768
17 0 0.149716 0.150426 0.008768
17 1 0.152491 0.150426 0.008768
17 2 0.151797 0.150426 0.008768
17 3 0.155543 0.150426 0.008768
17 4 0.157902 0.150426 0.008768
17 5 0.157208 0.150426 0.008768
17 6 0.155266 0.150426 0.008768
17 7 0.153462 0.150426 0.008768
17 8 0.148328 0.150426 0.008768
17 9 0.147912 0.150426 0.008768
17 10 0.148606 0.150426 0.008768
17 11 0.147079 0.150426 0.008768
17 12 0.146802 0.150426 0.008768
17 13 0.145969 0.150426 0.008768
17 14 0.144443 0.150426 0.008768
17 15 0.142778 0.150426 0.008768
17 16 0.140974 0.150426 0.008768
17 17 0.139170 0.150426 0.008768
17 18 0.135008 0.150426 0.008768
17 19 0.130012 0.150426 0.008768
17 20 0.124185 0.150426 0.008768
18 0 0.145414 0.150426 0.008768
18 1 0.148051 0.150426 0.008768
18 2 0.151381 0.150426 0.008768
18 3 0.152907 0.150426 0.008768
18 4 0.156376 0.150426 0.008768
18 5 0.153601 0.150426 0.008768
18 6 0.151381 0.150426 0.008768
18 7 0.148467 0.150426 0.008768
18 8 0.145692 0.150426 0.008768
18 9 0.145553 0.150426 0.008768
18 10 0.145137 0.150426 0.008768
18 11 0.144304 0.150426 0.008768
18 12 0.145275 0.150426 0.008768
18 13 0.144859 0.150426 0.008768
18 14 0.142084 0.150426 0.008768
18 15 0.140280 0.150426 0.008768
18 16 0.138199 0.150426 0.008768
18 17 0.135285 0.150426 0.008768
18 18 0.130845 0.150426 0.008768
18 19 0.127376 0.150426 0.008768
18 20 0.121965 0.150426 0.008768
19 0 0.139864 0.150426 0.008768
19 1 0.145969 0.150426 0.008768
19 2 0.149577 0.150426 0.008768
19 3 0.152074 0.150426 0.008768
19 4 0.152629 0.150426 0.008768
19 5 0.149022 0.150426 0.008768
19 6 0.148189 0.150426 0.008768
19 7 0.142639 0.150426 0.008768
19 8 0.142223 0.150426 0.008768
19 9 0.141390 0.150426 0.008768
19 10 0.138338 0.150426 0.008768
19 11 0.138476 0.150426 0.008768
19 12 0.138338 0.150426 0.008768
19 13 0.136534 0.150426 0.008768
19 14 0.135563 0.150426 0.008768
19 15 0.133481 0.150426 0.008768
19 16 0.132094 0.150426 0.008768
19 17 0.124046 0.150426 0.008768
19 18 0.123214 0.150426 0.008768
19 19 0.118773 0.150426 0.008768
19 20 0.114056 0.150426 0.008768
20 0 0.137644 0.150426 0.008768
20 1 0.142639 0.150426 0.008768
20 2 0.146940 0.150426 0.008768
20 3 0.148883 0.150426 0.008768
20 4 0.150409 0.150426 0.008768
20 5 0.144998 0.150426 0.008768
20 6 0.141807 0.150426 0.008768
20 7 0.140974 0.150426 0.008768
20 8 0.138338 0.150426 0.008768
20 9 0.135840 0.150426 0.008768
20 10 0.133898 0.150426 0.008768
20 11 0.134036 0.150426 0.008768
20 12 0.133759 0.150426 0.008768
20 13 0.132094 0.150426 0.008768
20 14 0.130845 0.150426 0.008768
20 15 0.129457 0.150426 0.008768
20 16 0.126544 0.150426 0.008768
20 17 0.120716 0.150426 0.008768
20 18 0.117663 0.150426 0.008768
20 19 0.113778 0.150426 0.008768
20 20 0.107812 0.150426 0.008768
