# contact distance = 28.0 Angstroms
# F = 0.4 kJ/mol

# i j contact_probability mean_contact_probability stddev_contact_probability
0 0 0.168626 0.188884 0.011770
0 1 0.170656 0.188884 0.011770
0 2 0.176213 0.188884 0.011770
0 3 0.176533 0.188884 0.011770
0 4 0.174717 0.188884 0.011770
0 5 0.173541 0.188884 0.011770
0 6 0.174717 0.188884 0.011770
0 7 0.173541 0.188884 0.011770
0 8 0.174503 0.188884 0.011770
0 9 0.178564 0.188884 0.011770
0 10 0.177923 0.188884 0.011770
0 11 0.183907 0.188884 0.011770
0 12 0.188181 0.188884 0.011770
0 13 0.193311 0.188884 0.011770
0 14 0.192669 0.188884 0.011770
0 15 0.191387 0.188884 0.011770
0 16 0.191601 0.188884 0.011770
0 17 0.189357 0.188884 0.011770
0 18 0.186578 0.188884 0.011770
0 19 0.180701 0.188884 0.011770
0 20 0.176854 0.188884 0.011770
1 0 0.172259 0.188884 0.011770
1 1 0.177175 0.188884 0.011770
1 2 0.181342 0.188884 0.011770
1 3 0.179312 0.188884 0.011770
1 4 0.180167 0.188884 0.011770
1 5 0.180701 0.188884 0.011770
1 6 0.180808 0.188884 0.011770
1 7 0.178991 0.188884 0.011770
1 8 0.180380 0.188884 0.011770
1 9 0.184227 0.188884 0.011770
1 10 0.184441 0.188884 0.011770
1 11 0.188074 0.188884 0.011770
1 12 0.192349 0.188884 0.011770
1 13 0.198333 0.188884 0.011770
1 14 0.196837 0.188884 0.011770
1 15 0.196303 0.188884 0.011770
1 16 0.195127 0.188884 0.011770
1 17 0.191173 0.188884 0.011770
1 18 0.187647 0.188884 0.011770
1 19 0.184655 0.188884 0.011770
1 20 0.179739 0.188884 0.011770
2 0 0.174183 0.188884 0.011770
2 1 0.182304 0.188884 0.011770
2 2 0.185189 0.188884 0.011770
2 3 0.184975 0.188884 0.011770
2 4 0.186151 0.188884 0.011770
2 5 0.186365 0.188884 0.011770
2 6 0.187326 0.188884 0.011770
2 7 0.185296 0.188884 0.011770
2 8 0.187754 0.188884 0.011770
2 9 0.189143 0.188884 0.011770
2 10 0.190960 0.188884 0.011770
2 11 0.193311 0.188884 0.011770
2 12 0.197158 0.188884 0.011770
2 13 0.201539 0.188884 0.011770
2 14 0.202607 0.188884 0.011770
2 15 0.200256 0.188884 0.011770
2 16 0.198012 0.188884 0.011770
2 17 0.196730 0.188884 0.011770
2 18 0.192242 0.188884 0.011770
2 19 0.188609 0.188884 0.011770
2 20 0.185189 0.188884 0.011770
3 0 0.176106 0.188884 0.011770
3 1 0.182731 0.188884 0.011770
3 2 0.184869 0.188884 0.011770
3 3 0.185082 0.188884 0.011770
3 4 0.188288 0.188884 0.011770
3 5 0.191387 0.188884 0.011770
3 6 0.191387 0.188884 0.011770
3 7 0.189250 0.188884 0.011770
3 8 0.190318 0.188884 0.011770
3 9 0.191494 0.188884 0.011770
3 10 0.194165 0.188884 0.011770
3 11 0.197051 0.188884 0.011770
3 12 0.197799 0.188884 0.011770
3 13 0.202394 0.188884 0.011770
3 14 0.201966 0.188884 0.011770
3 15 0.201859 0.188884 0.011770
3 16 0.200470 0.188884 0.011770
3 17 0.197906 0.188884 0.011770
3 18 0.197051 0.188884 0.011770
3 19 0.192028 0.188884 0.011770
3 20 0.186792 0.188884 0.011770
4 0 0.175465 0.188884 0.011770
4 1 0.184014 0.188884 0.011770
4 2 0.187006 0.188884 0.011770
4 3 0.188395 0.188884 0.011770
4 4 0.192028 0.188884 0.011770
4 5 0.192242 0.188884 0.011770
4 6 0.191280 0.188884 0.011770
4 7 0.190532 0.188884 0.011770
4 8 0.191814 0.188884 0.011770
4 9 0.193097 0.188884 0.011770
4 10 0.194379 0.188884 0.011770
4 11 0.197264 0.188884 0.011770
4 12 0.201432 0.188884 0.011770
4 13 0.202394 0.188884 0.011770
4 14 0.202928 0.188884 0.011770
4 15 0.201004 0.188884 0.011770
4 16 0.201432 0.188884 0.011770
4 17 0.198440 0.188884 0.011770
4 18 0.197051 0.188884 0.011770
4 19 0.193524 0.188884 0.011770
4 20 0.188609 0.188884 0.011770
5 0 0.173755 0.188884 0.011770
5 1 0.183373 0.188884 0.011770
5 2 0.186792 0.188884 0.011770
5 3 0.187754 0.188884 0.011770
5 4 0.189784 0.188884 0.011770
5 5 0.191494 0.188884 0.011770
5 6 0.192242 0.188884 0.011770
5 7 0.191066 0.188884 0.011770
5 8 0.191601 0.188884 0.011770
5 9 0.194165 0.188884 0.011770
5 10 0.192883 0.188884 0.011770
5 11 0.195982 0.188884 0.011770
5 12 0.200577 0.188884 0.011770
5 13 0.202180 0.188884 0.011770
5 14 0.200898 0.188884 0.011770
5 15 0.199295 0.188884 0.011770
5 16 0.197478 0.188884 0.011770
5 17 0.195341 0.188884 0.011770
5 18 0.195555 0.188884 0.011770
5 19 0.192135 0.188884 0.011770
5 20 0.187326 0.188884 0.011770
6 0 0.174503 0.188884 0.011770
6 1 0.182518 0.188884 0.011770
6 2 0.186365 0.188884 0.011770
6 3 0.189570 0.188884 0.011770
6 4 0.190853 0.188884 0.011770
6 5 0.191708 0.188884 0.011770
6 6 0.192349 0.188884 0.011770
6 7 0.191494 0.188884 0.011770
6 8 0.193311 0.188884 0.011770
6 9 0.194486 0.188884 0.011770
6 10 0.195982 0.188884 0.011770
6 11 0.197158 0.188884 0.011770
6 12 0.199295 0.188884 0.011770
6 13 0.200898 0.188884 0.011770
6 14 0.202073 0.188884 0.011770
6 15 0.201966 0.188884 0.011770
6 16 0.199936 0.188884 0.011770
6 17 0.195875 0.188884 0.011770
6 18 0.195661 0.188884 0.011770
6 19 0.194272 0.188884 0.011770
6 20 0.188716 0.188884 0.011770
7 0 0.172259 0.188884 0.011770
7 1 0.179632 0.188884 0.011770
7 2 0.184121 0.188884 0.011770
7 3 0.188288 0.188884 0.011770
7 4 0.192135 0.188884 0.011770
7 5 0.191708 0.188884 0.011770
7 6 0.193738 0.188884 0.011770
7 7 0.190960 0.188884 0.011770
7 8 0.192669 0.188884 0.011770
7 9 0.194379 0.188884 0.011770
7 10 0.193524 0.188884 0.011770
7 11 0.193845 0.188884 0.011770
7 12 0.196730 0.188884 0.011770
7 13 0.199508 0.188884 0.011770
7 14 0.200791 0.188884 0.011770
7 15 0.203035 0.188884 0.011770
7 16 0.198440 0.188884 0.011770
7 17 0.195555 0.188884 0.011770
7 18 0.193845 0.188884 0.011770
7 19 0.190318 0.188884 0.011770
7 20 0.185937 0.188884 0.011770
8 0 0.175037 0.188884 0.011770
8 1 0.181449 0.188884 0.011770
8 2 0.186792 0.188884 0.011770
8 3 0.191814 0.188884 0.011770
8 4 0.194593 0.188884 0.011770
8 5 0.193204 0.188884 0.011770
8 6 0.192990 0.188884 0.011770
8 7 0.192349 0.188884 0.011770
8 8 0.192990 0.188884 0.011770
8 9 0.194807 0.188884 0.011770
8 10 0.193524 0.188884 0.011770
8 11 0.194486 0.188884 0.011770
8 12 0.195555 0.188884 0.011770
8 13 0.196516 0.188884 0.011770
8 14 0.198119 0.188884 0.011770
8 15 0.199295 0.188884 0.011770
8 16 0.196303 0.188884 0.011770
8 17 0.194272 0.188884 0.011770
8 18 0.192563 0.188884 0.011770
8 19 0.191601 0.188884 0.011770
8 20 0.184227 0.188884 0.011770
9 0 0.178136 0.188884 0.011770
9 1 0.185403 0.188884 0.011770
9 2 0.187861 0.188884 0.011770
9 3 0.192776 0.188884 0.011770
9 4 0.194272 0.188884 0.011770
9 5 0.194379 0.188884 0.011770
9 6 0.193524 0.188884 0.011770
9 7 0.192669 0.188884 0.011770
9 8 0.193631 0.188884 0.011770
9 9 0.195234 0.188884 0.011770
9 10 0.195555 0.188884 0.011770
9 11 0.195875 0.188884 0.011770
9 12 0.195234 0.188884 0.011770
9 13 0.199081 0.188884 0.011770
9 14 0.199295 0.188884 0.011770
9 15 0.198867 0.188884 0.011770
9 16 0.196944 0.188884 0.011770
9 17 0.193845 0.188884 0.011770
9 18 0.192563 0.188884 0.011770
9 19 0.189570 0.188884 0.011770
9 20 0.180701 0.188884 0.011770
10 0 0.178457 0.188884 0.011770
10 1 0.184441 0.188884 0.011770
10 2 0.190105 0.188884 0.011770
10 3 0.192669 0.188884 0.011770
10 4 0.194059 0.188884 0.011770
10 5 0.196196 0.188884 0.011770
10 6 0.193845 0.188884 0.011770
10 7 0.192883 0.188884 0.011770
10 8 0.193417 0.188884 0.011770
10 9 0.195661 0.188884 0.011770
10 10 0.195341 0.188884 0.011770
10 11 0.195234 0.188884 0.011770
10 12 0.195982 0.188884 0.011770
10 13 0.197478 0.188884 0.011770
10 14 0.197371 0.188884 0.011770
10 15 0.197906 0.188884 0.011770
10 16 0.194272 0.188884 0.011770
10 17 0.190532 0.188884 0.011770
10 18 0.188929 0.188884 0.011770
10 19 0.185723 0.188884 0.011770
10 20 0.178884 0.188884 0.011770
11 0 0.180915 0.188884 0.011770
11 1 0.186258 0.188884 0.011770
11 2 0.190853 0.188884 0.011770
11 3 0.195661 0.188884 0.011770
11 4 0.196837 0.188884 0.011770
11 5 0.196944 0.188884 0.011770
11 6 0.193204 0.188884 0.011770
11 7 0.191601 0.188884 0.011770
11 8 0.193845 0.188884 0.011770
11 9 0.193845 0.188884 0.011770
11 10 0.194486 0.188884 0.011770
11 11 0.195555 0.188884 0.011770
11 12 0.196303 0.188884 0.011770
11 13 0.196196 0.188884 0.011770
11 14 0.195448 0.188884 0.011770
11 15 0.195448 0.188884 0.011770
11 16 0.193631 0.188884 0.011770
11 17 0.190212 0.188884 0.011770
11 18 0.188074 0.188884 0.011770
11 19 0.182838 0.188884 0.011770
11 20 0.174931 0.188884 0.011770
12 0 0.183052 0.188884 0.011770
12 1 0.189677 0.188884 0.011770
12 2 0.193952 0.188884 0.011770
12 3 0.198226 0.188884 0.011770
12 4 0.199295 0.188884 0.011770
12 5 0.199188 0.188884 0.011770
12 6 0.197906 0.188884 0.011770
12 7 0.197371 0.188884 0.011770
12 8 0.196837 0.188884 0.011770
12 9 0.197585 0.188884 0.011770
12 10 0.195982 0.188884 0.011770
12 11 0.195768 0.188884 0.011770
12 12 0.196089 0.188884 0.011770
12 13 0.194807 0.188884 0.011770
12 14 0.194593 0.188884 0.011770
12 15 0.194059 0.188884 0.011770
12 16 0.190853 0.188884 0.011770
12 17 0.190639 0.188884 0.011770
12 18 0.185937 0.188884 0.011770
12 19 0.179953 0.188884 0.011770
12 20 0.171618 0.188884 0.011770
13 0 0.187754 0.188884 0.011770
13 1 0.192349 0.188884 0.011770
13 2 0.196303 0.188884 0.011770
13 3 0.201111 0.188884 0.011770
13 4 0.202607 0.188884 0.011770
13 5 0.202821 0.188884 0.011770
13 6 0.201859 0.188884 0.011770
13 7 0.198012 0.188884 0.011770
13 8 0.199936 0.188884 0.011770
13 9 0.198119 0.188884 0.011770
13 10 0.195448 0.188884 0.011770
13 11 0.197051 0.188884 0.011770
13 12 0.196089 0.188884 0.011770
13 13 0.193524 0.188884 0.011770
13 14 0.193845 0.188884 0.011770
13 15 0.189250 0.188884 0.011770
13 16 0.190639 0.188884 0.011770
13 17 0.187540 0.188884 0.011770
13 18 0.183159 0.188884 0.011770
13 19 0.175679 0.188884 0.011770
13 20 0.167130 0.188884 0.011770
14 0 0.188822 0.188884 0.011770
14 1 0.192776 0.188884 0.011770
14 2 0.197371 0.188884 0.011770
14 3 0.201966 0.188884 0.011770
14 4 0.203355 0.188884 0.011770
14 5 0.203035 0.188884 0.011770
14 6 0.201111 0.188884 0.011770
14 7 0.200470 0.188884 0.011770
14 8 0.199936 0.188884 0.011770
14 9 0.199188 0.188884 0.011770
14 10 0.197158 0.188884 0.011770
14 11 0.194700 0.188884 0.011770
14 12 0.197371 0.188884 0.011770
14 13 0.192883 0.188884 0.011770
14 14 0.191494 0.188884 0.011770
14 15 0.188502 0.188884 0.011770
14 16 0.187540 0.188884 0.011770
14 17 0.184548 0.188884 0.011770
14 18 0.180701 0.188884 0.011770
14 19 0.170656 0.188884 0.011770
14 20 0.161359 0.188884 0.011770
15 0 0.189357 0.188884 0.011770
15 1 0.195768 0.188884 0.011770
15 2 0.197478 0.188884 0.011770
15 3 0.201966 0.188884 0.011770
15 4 0.202928 0.188884 0.011770
15 5 0.203569 0.188884 0.011770
15 6 0.203462 0.188884 0.011770
15 7 0.199829 0.188884 0.011770
15 8 0.198440 0.188884 0.011770
15 9 0.198760 0.188884 0.011770
15 10 0.199081 0.188884 0.011770
15 11 0.195982 0.188884 0.011770
15 12 0.198119 0.188884 0.011770
15 13 0.194379 0.188884 0.011770
15 14 0.191173 0.188884 0.011770
15 15 0.187006 0.188884 0.011770
15 16 0.184762 0.188884 0.011770
15 17 0.180701 0.188884 0.011770
15 18 0.174503 0.188884 0.011770
15 19 0.167237 0.188884 0.011770
15 20 0.158795 0.188884 0.011770
16 0 0.192028 0.188884 0.011770
16 1 0.196303 0.188884 0.011770
16 2 0.199188 0.188884 0.011770
16 3 0.202073 0.188884 0.011770
16 4 0.202394 0.188884 0.011770
16 5 0.202501 0.188884 0.011770
16 6 0.201218 0.188884 0.011770
16 7 0.200043 0.188884 0.011770
16 8 0.198974 0.188884 0.011770
16 9 0.198333 0.188884 0.011770
16 10 0.197692 0.188884 0.011770
16 11 0.197692 0.188884 0.011770
16 12 0.198547 0.188884 0.011770
16 13 0.195234 0.188884 0.011770
16 14 0.189464 0.188884 0.011770
16 15 0.184975 0.188884 0.011770
16 16 0.181449 0.188884 0.011770
16 17 0.176427 0.188884 0.011770
16 18 0.171832 0.188884 0.011770
16 19 0.163390 0.188884 0.011770
16 20 0.154948 0.188884 0.011770
17 0 0.192669 0.188884 0.011770
17 1 0.198012 0.188884 0.011770
17 2 0.201325 0.188884 0.011770
17 3 0.201111 0.188884 0.011770
17 4 0.200256 0.188884 0.011770
17 5 0.200363 0.188884 0.011770
17 6 0.199188 0.188884 0.011770
17 7 0.198119 0.188884 0.011770
17 8 0.197585 0.188884 0.011770
17 9 0.195661 0.188884 0.011770
17 10 0.196944 0.188884 0.011770
17 11 0.196516 0.188884 0.011770
17 12 0.193738 0.188884 0.011770
17 13 0.192990 0.188884 0.011770
17 14 0.186792 0.188884 0.011770
17 15 0.181983 0.188884 0.011770
17 16 0.176961 0.188884 0.011770
17 17 0.171618 0.188884 0.011770
17 18 0.164031 0.188884 0.011770
17 19 0.158367 0.188884 0.011770
17 20 0.148963 0.188884 0.011770
18 0 0.187647 0.188884 0.011770
18 1 0.193524 0.188884 0.011770
18 2 0.195768 0.188884 0.011770
18 3 0.198119 0.188884 0.011770
18 4 0.196837 0.188884 0.011770
18 5 0.195875 0.188884 0.011770
18 6 0.195448 0.188884 0.011770
18 7 0.192883 0.188884 0.011770
18 8 0.194807 0.188884 0.011770
18 9 0.193097 0.188884 0.011770
18 10 0.192456 0.188884 0.011770
18 11 0.189891 0.188884 0.011770
18 12 0.185617 0.188884 0.011770
18 13 0.186044 0.188884 0.011770
18 14 0.181983 0.188884 0.011770
18 15 0.174931 0.188884 0.011770
18 16 0.169267 0.188884 0.011770
18 17 0.164458 0.188884 0.011770
18 18 0.159008 0.188884 0.011770
18 19 0.151635 0.188884 0.011770
18 20 0.143941 0.188884 0.011770
19 0 0.183266 0.188884 0.011770
19 1 0.188181 0.188884 0.011770
19 2 0.190853 0.188884 0.011770
19 3 0.193952 0.188884 0.011770
19 4 0.193417 0.188884 0.011770
19 5 0.192028 0.188884 0.011770
19 6 0.190746 0.188884 0.011770
19 7 0.189891 0.188884 0.011770
19 8 0.189570 0.188884 0.011770
19 9 0.188181 0.188884 0.011770
19 10 0.186365 0.188884 0.011770
19 11 0.182518 0.188884 0.011770
19 12 0.180167 0.188884 0.011770
19 13 0.178029 0.188884 0.011770
19 14 0.172366 0.188884 0.011770
19 15 0.167237 0.188884 0.011770
19 16 0.162000 0.188884 0.011770
19 17 0.155803 0.188884 0.011770
19 18 0.151314 0.188884 0.011770
19 19 0.143941 0.188884 0.011770
19 20 0.136675 0.188884 0.011770
20 0 0.179205 0.188884 0.011770
20 1 0.182624 0.188884 0.011770
20 2 0.186044 0.188884 0.011770
20 3 0.191066 0.188884 0.011770
20 4 0.188822 0.188884 0.011770
20 5 0.186792 0.188884 0.011770
20 6 0.186365 0.188884 0.011770
20 7 0.184014 0.188884 0.011770
20 8 0.182838 0.188884 0.011770
20 9 0.180594 0.188884 0.011770
20 10 0.178671 0.188884 0.011770
20 11 0.174396 0.188884 0.011770
20 12 0.171297 0.188884 0.011770
20 13 0.170656 0.188884 0.011770
20 14 0.164779 0.188884 0.011770
20 15 0.161146 0.188884 0.011770
20 16 0.155268 0.188884 0.011770
20 17 0.148215 0.188884 0.011770
20 18 0.143834 0.188884 0.011770
20 19 0.135713 0.188884 0.011770
20 20 0.129408 0.188884 0.011770
