# contact distance = 32.0 Angstroms
# F = 0.4 kJ/mol

# i j contact_probability mean_contact_probability stddev_contact_probability
0 0 0.173824 0.198650 0.011797
0 1 0.177930 0.198650 0.011797
0 2 0.182720 0.198650 0.011797
0 3 0.183576 0.198650 0.011797
0 4 0.180496 0.198650 0.011797
0 5 0.180496 0.198650 0.011797
0 6 0.179470 0.198650 0.011797
0 7 0.176732 0.198650 0.011797
0 8 0.178785 0.198650 0.011797
0 9 0.179470 0.198650 0.011797
0 10 0.181009 0.198650 0.011797
0 11 0.180325 0.198650 0.011797
0 12 0.184431 0.198650 0.011797
0 13 0.187511 0.198650 0.011797
0 14 0.188879 0.198650 0.011797
0 15 0.193157 0.198650 0.011797
0 16 0.193841 0.198650 0.011797
0 17 0.193157 0.198650 0.011797
0 18 0.193328 0.198650 0.011797
0 19 0.189735 0.198650 0.011797
0 20 0.188195 0.198650 0.011797
1 0 0.177074 0.198650 0.011797
1 1 0.183062 0.198650 0.011797
1 2 0.183918 0.198650 0.011797
1 3 0.189393 0.198650 0.011797
1 4 0.188024 0.198650 0.011797
1 5 0.187511 0.198650 0.011797
1 6 0.185458 0.198650 0.011797
1 7 0.181694 0.198650 0.011797
1 8 0.181352 0.198650 0.011797
1 9 0.182036 0.198650 0.011797
1 10 0.182720 0.198650 0.011797
1 11 0.185287 0.198650 0.011797
1 12 0.188708 0.198650 0.011797
1 13 0.189222 0.198650 0.011797
1 14 0.193328 0.198650 0.011797
1 15 0.197776 0.198650 0.011797
1 16 0.195723 0.198650 0.011797
1 17 0.197092 0.198650 0.011797
1 18 0.193157 0.198650 0.011797
1 19 0.192301 0.198650 0.011797
1 20 0.192301 0.198650 0.011797
2 0 0.176390 0.198650 0.011797
2 1 0.180325 0.198650 0.011797
2 2 0.185287 0.198650 0.011797
2 3 0.189906 0.198650 0.011797
2 4 0.188195 0.198650 0.011797
2 5 0.188366 0.198650 0.011797
2 6 0.187853 0.198650 0.011797
2 7 0.184773 0.198650 0.011797
2 8 0.185971 0.198650 0.011797
2 9 0.186142 0.198650 0.011797
2 10 0.187853 0.198650 0.011797
2 11 0.188879 0.198650 0.011797
2 12 0.196065 0.198650 0.011797
2 13 0.194012 0.198650 0.011797
2 14 0.196749 0.198650 0.011797
2 15 0.201198 0.198650 0.011797
2 16 0.200342 0.198650 0.011797
2 17 0.198118 0.198650 0.011797
2 18 0.198289 0.198650 0.011797
2 19 0.195381 0.198650 0.011797
2 20 0.195723 0.198650 0.011797
3 0 0.177246 0.198650 0.011797
3 1 0.180325 0.198650 0.011797
3 2 0.183918 0.198650 0.011797
3 3 0.187682 0.198650 0.011797
3 4 0.189906 0.198650 0.011797
3 5 0.189050 0.198650 0.011797
3 6 0.188708 0.198650 0.011797
3 7 0.185971 0.198650 0.011797
3 8 0.186826 0.198650 0.011797
3 9 0.189393 0.198650 0.011797
3 10 0.188024 0.198650 0.011797
3 11 0.192301 0.198650 0.011797
3 12 0.198118 0.198650 0.011797
3 13 0.198802 0.198650 0.011797
3 14 0.201540 0.198650 0.011797
3 15 0.204277 0.198650 0.011797
3 16 0.203764 0.198650 0.011797
3 17 0.202053 0.198650 0.011797
3 18 0.201198 0.198650 0.011797
3 19 0.195381 0.198650 0.011797
3 20 0.198631 0.198650 0.011797
4 0 0.174850 0.198650 0.011797
4 1 0.177246 0.198650 0.011797
4 2 0.182720 0.198650 0.011797
4 3 0.185971 0.198650 0.011797
4 4 0.188366 0.198650 0.011797
4 5 0.190761 0.198650 0.011797
4 6 0.189564 0.198650 0.011797
4 7 0.187853 0.198650 0.011797
4 8 0.189222 0.198650 0.011797
4 9 0.190419 0.198650 0.011797
4 10 0.191788 0.198650 0.011797
4 11 0.194696 0.198650 0.011797
4 12 0.201540 0.198650 0.011797
4 13 0.203593 0.198650 0.011797
4 14 0.204106 0.198650 0.011797
4 15 0.205133 0.198650 0.011797
4 16 0.203935 0.198650 0.011797
4 17 0.205304 0.198650 0.011797
4 18 0.202053 0.198650 0.011797
4 19 0.201711 0.198650 0.011797
4 20 0.198460 0.198650 0.011797
5 0 0.172113 0.198650 0.011797
5 1 0.175021 0.198650 0.011797
5 2 0.178272 0.198650 0.011797
5 3 0.183405 0.198650 0.011797
5 4 0.187169 0.198650 0.011797
5 5 0.187169 0.198650 0.011797
5 6 0.187682 0.198650 0.011797
5 7 0.187511 0.198650 0.011797
5 8 0.188195 0.198650 0.011797
5 9 0.190590 0.198650 0.011797
5 10 0.194696 0.198650 0.011797
5 11 0.195381 0.198650 0.011797
5 12 0.200684 0.198650 0.011797
5 13 0.202566 0.198650 0.011797
5 14 0.206330 0.198650 0.011797
5 15 0.206330 0.198650 0.011797
5 16 0.204448 0.198650 0.011797
5 17 0.205646 0.198650 0.011797
5 18 0.204277 0.198650 0.011797
5 19 0.202395 0.198650 0.011797
5 20 0.198631 0.198650 0.011797
6 0 0.173653 0.198650 0.011797
6 1 0.178614 0.198650 0.011797
6 2 0.181523 0.198650 0.011797
6 3 0.185287 0.198650 0.011797
6 4 0.189906 0.198650 0.011797
6 5 0.189393 0.198650 0.011797
6 6 0.188879 0.198650 0.011797
6 7 0.189906 0.198650 0.011797
6 8 0.192130 0.198650 0.011797
6 9 0.193499 0.198650 0.011797
6 10 0.197776 0.198650 0.011797
6 11 0.198289 0.198650 0.011797
6 12 0.203935 0.198650 0.011797
6 13 0.205817 0.198650 0.011797
6 14 0.210094 0.198650 0.011797
6 15 0.207870 0.198650 0.011797
6 16 0.209923 0.198650 0.011797
6 17 0.206501 0.198650 0.011797
6 18 0.207870 0.198650 0.011797
6 19 0.201540 0.198650 0.011797
6 20 0.198973 0.198650 0.011797
7 0 0.174166 0.198650 0.011797
7 1 0.179127 0.198650 0.011797
7 2 0.180667 0.198650 0.011797
7 3 0.185458 0.198650 0.011797
7 4 0.188879 0.198650 0.011797
7 5 0.189735 0.198650 0.011797
7 6 0.191959 0.198650 0.011797
7 7 0.191788 0.198650 0.011797
7 8 0.192130 0.198650 0.011797
7 9 0.195038 0.198650 0.011797
7 10 0.199145 0.198650 0.011797
7 11 0.203422 0.198650 0.011797
7 12 0.205646 0.198650 0.011797
7 13 0.207699 0.198650 0.011797
7 14 0.207870 0.198650 0.011797
7 15 0.212318 0.198650 0.011797
7 16 0.209068 0.198650 0.011797
7 17 0.208554 0.198650 0.011797
7 18 0.205475 0.198650 0.011797
7 19 0.203935 0.198650 0.011797
7 20 0.203422 0.198650 0.011797
8 0 0.176732 0.198650 0.011797
8 1 0.179127 0.198650 0.011797
8 2 0.182720 0.198650 0.011797
8 3 0.186313 0.198650 0.011797
8 4 0.189735 0.198650 0.011797
8 5 0.189393 0.198650 0.011797
8 6 0.193499 0.198650 0.011797
8 7 0.193499 0.198650 0.011797
8 8 0.191788 0.198650 0.011797
8 9 0.194867 0.198650 0.011797
8 10 0.200171 0.198650 0.011797
8 11 0.201540 0.198650 0.011797
8 12 0.209923 0.198650 0.011797
8 13 0.208383 0.198650 0.011797
8 14 0.210265 0.198650 0.011797
8 15 0.211463 0.198650 0.011797
8 16 0.213345 0.198650 0.011797
8 17 0.211805 0.198650 0.011797
8 18 0.209410 0.198650 0.011797
8 19 0.207357 0.198650 0.011797
8 20 0.205133 0.198650 0.011797
9 0 0.174166 0.198650 0.011797
9 1 0.179127 0.198650 0.011797
9 2 0.182891 0.198650 0.011797
9 3 0.188366 0.198650 0.011797
9 4 0.189735 0.198650 0.011797
9 5 0.190761 0.198650 0.011797
9 6 0.193328 0.198650 0.011797
9 7 0.193841 0.198650 0.011797
9 8 0.195381 0.198650 0.011797
9 9 0.195894 0.198650 0.011797
9 10 0.199487 0.198650 0.011797
9 11 0.203764 0.198650 0.011797
9 12 0.205988 0.198650 0.011797
9 13 0.204448 0.198650 0.011797
9 14 0.211121 0.198650 0.011797
9 15 0.212831 0.198650 0.011797
9 16 0.215056 0.198650 0.011797
9 17 0.212489 0.198650 0.011797
9 18 0.210607 0.198650 0.011797
9 19 0.205817 0.198650 0.011797
9 20 0.202908 0.198650 0.011797
10 0 0.170573 0.198650 0.011797
10 1 0.177074 0.198650 0.011797
10 2 0.182549 0.198650 0.011797
10 3 0.190248 0.198650 0.011797
10 4 0.193499 0.198650 0.011797
10 5 0.194183 0.198650 0.011797
10 6 0.195552 0.198650 0.011797
10 7 0.194354 0.198650 0.011797
10 8 0.196578 0.198650 0.011797
10 9 0.197605 0.198650 0.011797
10 10 0.198973 0.198650 0.011797
10 11 0.204962 0.198650 0.011797
10 12 0.208041 0.198650 0.011797
10 13 0.207870 0.198650 0.011797
10 14 0.209068 0.198650 0.011797
10 15 0.212489 0.198650 0.011797
10 16 0.212489 0.198650 0.011797
10 17 0.209410 0.198650 0.011797
10 18 0.208896 0.198650 0.011797
10 19 0.205817 0.198650 0.011797
10 20 0.201369 0.198650 0.011797
11 0 0.173653 0.198650 0.011797
11 1 0.177417 0.198650 0.011797
11 2 0.182036 0.198650 0.011797
11 3 0.187340 0.198650 0.011797
11 4 0.192985 0.198650 0.011797
11 5 0.195038 0.198650 0.011797
11 6 0.196749 0.198650 0.011797
11 7 0.196749 0.198650 0.011797
11 8 0.200000 0.198650 0.011797
11 9 0.198118 0.198650 0.011797
11 10 0.199145 0.198650 0.011797
11 11 0.205817 0.198650 0.011797
11 12 0.208383 0.198650 0.011797
11 13 0.210094 0.198650 0.011797
11 14 0.212489 0.198650 0.011797
11 15 0.214542 0.198650 0.011797
11 16 0.213516 0.198650 0.011797
11 17 0.209068 0.198650 0.011797
11 18 0.207186 0.198650 0.011797
11 19 0.203422 0.198650 0.011797
11 20 0.198460 0.198650 0.011797
12 0 0.173824 0.198650 0.011797
12 1 0.180496 0.198650 0.011797
12 2 0.184773 0.198650 0.011797
12 3 0.190419 0.198650 0.011797
12 4 0.193499 0.198650 0.011797
12 5 0.196749 0.198650 0.011797
12 6 0.200171 0.198650 0.011797
12 7 0.198289 0.198650 0.011797
12 8 0.195894 0.198650 0.011797
12 9 0.196749 0.198650 0.011797
12 10 0.201198 0.198650 0.011797
12 11 0.204277 0.198650 0.011797
12 12 0.207870 0.198650 0.011797
12 13 0.210778 0.198650 0.011797
12 14 0.213174 0.198650 0.011797
12 15 0.215569 0.198650 0.011797
12 16 0.214371 0.198650 0.011797
12 17 0.209581 0.198650 0.011797
12 18 0.207528 0.198650 0.011797
12 19 0.204962 0.198650 0.011797
12 20 0.198118 0.198650 0.011797
13 0 0.175877 0.198650 0.011797
13 1 0.183062 0.198650 0.011797
13 2 0.184089 0.198650 0.011797
13 3 0.190419 0.198650 0.011797
13 4 0.194696 0.198650 0.011797
13 5 0.198118 0.198650 0.011797
13 6 0.202737 0.198650 0.011797
13 7 0.202224 0.198650 0.011797
13 8 0.202053 0.198650 0.011797
13 9 0.203251 0.198650 0.011797
13 10 0.205304 0.198650 0.011797
13 11 0.208725 0.198650 0.011797
13 12 0.213516 0.198650 0.011797
13 13 0.213687 0.198650 0.011797
13 14 0.215227 0.198650 0.011797
13 15 0.217109 0.198650 0.011797
13 16 0.216595 0.198650 0.011797
13 17 0.213003 0.198650 0.011797
13 18 0.211292 0.198650 0.011797
13 19 0.206330 0.198650 0.011797
13 20 0.200342 0.198650 0.011797
14 0 0.178443 0.198650 0.011797
14 1 0.183918 0.198650 0.011797
14 2 0.187682 0.198650 0.011797
14 3 0.195210 0.198650 0.011797
14 4 0.196065 0.198650 0.011797
14 5 0.199658 0.198650 0.011797
14 6 0.202224 0.198650 0.011797
14 7 0.204448 0.198650 0.011797
14 8 0.203422 0.198650 0.011797
14 9 0.207186 0.198650 0.011797
14 10 0.208554 0.198650 0.011797
14 11 0.211634 0.198650 0.011797
14 12 0.215398 0.198650 0.011797
14 13 0.215569 0.198650 0.011797
14 14 0.216938 0.198650 0.011797
14 15 0.217451 0.198650 0.011797
14 16 0.217451 0.198650 0.011797
14 17 0.212318 0.198650 0.011797
14 18 0.211976 0.198650 0.011797
14 19 0.210436 0.198650 0.011797
14 20 0.203251 0.198650 0.011797
15 0 0.179299 0.198650 0.011797
15 1 0.186484 0.198650 0.011797
15 2 0.190590 0.198650 0.011797
15 3 0.194183 0.198650 0.011797
15 4 0.198289 0.198650 0.011797
15 5 0.199829 0.198650 0.011797
15 6 0.203422 0.198650 0.011797
15 7 0.205304 0.198650 0.011797
15 8 0.207186 0.198650 0.011797
15 9 0.208725 0.198650 0.011797
15 10 0.212147 0.198650 0.011797
15 11 0.214713 0.198650 0.011797
15 12 0.215569 0.198650 0.011797
15 13 0.217622 0.198650 0.011797
15 14 0.220701 0.198650 0.011797
15 15 0.221215 0.198650 0.011797
15 16 0.218477 0.198650 0.011797
15 17 0.217451 0.198650 0.011797
15 18 0.215740 0.198650 0.011797
15 19 0.213003 0.198650 0.011797
15 20 0.206843 0.198650 0.011797
16 0 0.180496 0.198650 0.011797
16 1 0.186142 0.198650 0.011797
16 2 0.192301 0.198650 0.011797
16 3 0.197605 0.198650 0.011797
16 4 0.198460 0.198650 0.011797
16 5 0.201198 0.198650 0.011797
16 6 0.203593 0.198650 0.011797
16 7 0.205475 0.198650 0.011797
16 8 0.207528 0.198650 0.011797
16 9 0.208383 0.198650 0.011797
16 10 0.209581 0.198650 0.011797
16 11 0.213174 0.198650 0.011797
16 12 0.218477 0.198650 0.011797
16 13 0.218477 0.198650 0.011797
16 14 0.220530 0.198650 0.011797
16 15 0.219333 0.198650 0.011797
16 16 0.218135 0.198650 0.011797
16 17 0.216595 0.198650 0.011797
16 18 0.214542 0.198650 0.011797
16 19 0.213516 0.198650 0.011797
16 20 0.207870 0.198650 0.011797
17 0 0.183062 0.198650 0.011797
17 1 0.187682 0.198650 0.011797
17 2 0.192814 0.198650 0.011797
17 3 0.196749 0.198650 0.011797
17 4 0.198631 0.198650 0.011797
17 5 0.202224 0.198650 0.011797
17 6 0.203593 0.198650 0.011797
17 7 0.204448 0.198650 0.011797
17 8 0.209068 0.198650 0.011797
17 9 0.207357 0.198650 0.011797
17 10 0.209923 0.198650 0.011797
17 11 0.214542 0.198650 0.011797
17 12 0.216938 0.198650 0.011797
17 13 0.215911 0.198650 0.011797
17 14 0.220873 0.198650 0.011797
17 15 0.219333 0.198650 0.011797
17 16 0.216424 0.198650 0.011797
17 17 0.215227 0.198650 0.011797
17 18 0.212489 0.198650 0.011797
17 19 0.211805 0.198650 0.011797
17 20 0.206672 0.198650 0.011797
18 0 0.184944 0.198650 0.011797
18 1 0.189050 0.198650 0.011797
18 2 0.193328 0.198650 0.011797
18 3 0.195210 0.198650 0.011797
18 4 0.197434 0.198650 0.011797
18 5 0.201540 0.198650 0.011797
18 6 0.204962 0.198650 0.011797
18 7 0.206330 0.198650 0.011797
18 8 0.207357 0.198650 0.011797
18 9 0.208896 0.198650 0.011797
18 10 0.211805 0.198650 0.011797
18 11 0.211634 0.198650 0.011797
18 12 0.216424 0.198650 0.011797
18 13 0.215911 0.198650 0.011797
18 14 0.217109 0.198650 0.011797
18 15 0.217280 0.198650 0.011797
18 16 0.216253 0.198650 0.011797
18 17 0.213687 0.198650 0.011797
18 18 0.214371 0.198650 0.011797
18 19 0.210607 0.198650 0.011797
18 20 0.205133 0.198650 0.011797
19 0 0.183405 0.198650 0.011797
19 1 0.188195 0.198650 0.011797
19 2 0.193328 0.198650 0.011797
19 3 0.193670 0.198650 0.011797
19 4 0.198118 0.198650 0.011797
19 5 0.201882 0.198650 0.011797
19 6 0.202908 0.198650 0.011797
19 7 0.205133 0.198650 0.011797
19 8 0.208896 0.198650 0.011797
19 9 0.209239 0.198650 0.011797
19 10 0.207528 0.198650 0.011797
19 11 0.211121 0.198650 0.011797
19 12 0.214713 0.198650 0.011797
19 13 0.214713 0.198650 0.011797
19 14 0.213003 0.198650 0.011797
19 15 0.214371 0.198650 0.011797
19 16 0.212831 0.198650 0.011797
19 17 0.211292 0.198650 0.011797
19 18 0.209239 0.198650 0.011797
19 19 0.208725 0.198650 0.011797
19 20 0.201540 0.198650 0.011797
20 0 0.181523 0.198650 0.011797
20 1 0.187682 0.198650 0.011797
20 2 0.189735 0.198650 0.011797
20 3 0.192301 0.198650 0.011797
20 4 0.196920 0.198650 0.011797
20 5 0.198802 0.198650 0.011797
20 6 0.202224 0.198650 0.011797
20 7 0.203935 0.198650 0.011797
20 8 0.205133 0.198650 0.011797
20 9 0.205817 0.198650 0.011797
20 10 0.207186 0.198650 0.011797
20 11 0.206501 0.198650 0.011797
20 12 0.210436 0.198650 0.011797
20 13 0.209410 0.198650 0.011797
20 14 0.209068 0.198650 0.011797
20 15 0.209239 0.198650 0.011797
20 16 0.210094 0.198650 0.011797
20 17 0.208725 0.198650 0.011797
20 18 0.205475 0.198650 0.011797
20 19 0.201711 0.198650 0.011797
20 20 0.194525 0.198650 0.011797
