# contact distance = 32.0 Angstroms
# F = 0.4 kJ/mol

# i j contact_probability mean_contact_probability stddev_contact_probability
0 0 0.210039 0.218071 0.007538
0 1 0.210648 0.218071 0.007538
0 2 0.210283 0.218071 0.007538
0 3 0.213207 0.218071 0.007538
0 4 0.213816 0.218071 0.007538
0 5 0.213207 0.218071 0.007538
0 6 0.212841 0.218071 0.007538
0 7 0.212719 0.218071 0.007538
0 8 0.212354 0.218071 0.007538
0 9 0.212719 0.218071 0.007538
0 10 0.210892 0.218071 0.007538
0 11 0.211623 0.218071 0.007538
0 12 0.212597 0.218071 0.007538
0 13 0.213938 0.218071 0.007538
0 14 0.213450 0.218071 0.007538
0 15 0.215278 0.218071 0.007538
0 16 0.213328 0.218071 0.007538
0 17 0.211014 0.218071 0.007538
0 18 0.208577 0.218071 0.007538
0 19 0.206262 0.218071 0.007538
0 20 0.204800 0.218071 0.007538
1 0 0.215278 0.218071 0.007538
1 1 0.216252 0.218071 0.007538
1 2 0.217349 0.218071 0.007538
1 3 0.218811 0.218071 0.007538
1 4 0.216740 0.218071 0.007538
1 5 0.216252 0.218071 0.007538
1 6 0.213450 0.218071 0.007538
1 7 0.215278 0.218071 0.007538
1 8 0.214912 0.218071 0.007538
1 9 0.215887 0.218071 0.007538
1 10 0.217836 0.218071 0.007538
1 11 0.216009 0.218071 0.007538
1 12 0.218567 0.218071 0.007538
1 13 0.217714 0.218071 0.007538
1 14 0.218933 0.218071 0.007538
1 15 0.216862 0.218071 0.007538
1 16 0.217105 0.218071 0.007538
1 17 0.215034 0.218071 0.007538
1 18 0.213207 0.218071 0.007538
1 19 0.211379 0.218071 0.007538
1 20 0.206871 0.218071 0.007538
2 0 0.214303 0.218071 0.007538
2 1 0.216009 0.218071 0.007538
2 2 0.218445 0.218071 0.007538
2 3 0.219420 0.218071 0.007538
2 4 0.218324 0.218071 0.007538
2 5 0.217714 0.218071 0.007538
2 6 0.215278 0.218071 0.007538
2 7 0.218080 0.218071 0.007538
2 8 0.216009 0.218071 0.007538
2 9 0.217593 0.218071 0.007538
2 10 0.220517 0.218071 0.007538
2 11 0.218324 0.218071 0.007538
2 12 0.219664 0.218071 0.007538
2 13 0.222344 0.218071 0.007538
2 14 0.221369 0.218071 0.007538
2 15 0.223441 0.218071 0.007538
2 16 0.221613 0.218071 0.007538
2 17 0.219420 0.218071 0.007538
2 18 0.216740 0.218071 0.007538
2 19 0.211745 0.218071 0.007538
2 20 0.207846 0.218071 0.007538
3 0 0.214669 0.218071 0.007538
3 1 0.217105 0.218071 0.007538
3 2 0.218567 0.218071 0.007538
3 3 0.218567 0.218071 0.007538
3 4 0.221735 0.218071 0.007538
3 5 0.217227 0.218071 0.007538
3 6 0.217836 0.218071 0.007538
3 7 0.219298 0.218071 0.007538
3 8 0.220517 0.218071 0.007538
3 9 0.219420 0.218071 0.007538
3 10 0.222344 0.218071 0.007538
3 11 0.223075 0.218071 0.007538
3 12 0.222588 0.218071 0.007538
3 13 0.223441 0.218071 0.007538
3 14 0.225512 0.218071 0.007538
3 15 0.223684 0.218071 0.007538
3 16 0.221248 0.218071 0.007538
3 17 0.218445 0.218071 0.007538
3 18 0.216862 0.218071 0.007538
3 19 0.211501 0.218071 0.007538
3 20 0.207602 0.218071 0.007538
4 0 0.212841 0.218071 0.007538
4 1 0.214547 0.218071 0.007538
4 2 0.216374 0.218071 0.007538
4 3 0.216131 0.218071 0.007538
4 4 0.218202 0.218071 0.007538
4 5 0.216252 0.218071 0.007538
4 6 0.216131 0.218071 0.007538
4 7 0.217349 0.218071 0.007538
4 8 0.220029 0.218071 0.007538
4 9 0.217836 0.218071 0.007538
4 10 0.219664 0.218071 0.007538
4 11 0.220760 0.218071 0.007538
4 12 0.222588 0.218071 0.007538
4 13 0.222831 0.218071 0.007538
4 14 0.223075 0.218071 0.007538
4 15 0.224659 0.218071 0.007538
4 16 0.222344 0.218071 0.007538
4 17 0.217714 0.218071 0.007538
4 18 0.216983 0.218071 0.007538
4 19 0.214059 0.218071 0.007538
4 20 0.209552 0.218071 0.007538
5 0 0.213816 0.218071 0.007538
5 1 0.214425 0.218071 0.007538
5 2 0.217105 0.218071 0.007538
5 3 0.216618 0.218071 0.007538
5 4 0.217836 0.218071 0.007538
5 5 0.217836 0.218071 0.007538
5 6 0.219786 0.218071 0.007538
5 7 0.219298 0.218071 0.007538
5 8 0.220151 0.218071 0.007538
5 9 0.219542 0.218071 0.007538
5 10 0.221613 0.218071 0.007538
5 11 0.223075 0.218071 0.007538
5 12 0.223319 0.218071 0.007538
5 13 0.222466 0.218071 0.007538
5 14 0.223806 0.218071 0.007538
5 15 0.226243 0.218071 0.007538
5 16 0.224172 0.218071 0.007538
5 17 0.220882 0.218071 0.007538
5 18 0.217593 0.218071 0.007538
5 19 0.215521 0.218071 0.007538
5 20 0.210892 0.218071 0.007538
6 0 0.210770 0.218071 0.007538
6 1 0.213328 0.218071 0.007538
6 2 0.220517 0.218071 0.007538
6 3 0.219907 0.218071 0.007538
6 4 0.221735 0.218071 0.007538
6 5 0.219420 0.218071 0.007538
6 6 0.220029 0.218071 0.007538
6 7 0.218811 0.218071 0.007538
6 8 0.219786 0.218071 0.007538
6 9 0.221369 0.218071 0.007538
6 10 0.222466 0.218071 0.007538
6 11 0.223197 0.218071 0.007538
6 12 0.224537 0.218071 0.007538
6 13 0.226486 0.218071 0.007538
6 14 0.225268 0.218071 0.007538
6 15 0.227461 0.218071 0.007538
6 16 0.226486 0.218071 0.007538
6 17 0.223806 0.218071 0.007538
6 18 0.221735 0.218071 0.007538
6 19 0.220151 0.218071 0.007538
6 20 0.214790 0.218071 0.007538
7 0 0.209795 0.218071 0.007538
7 1 0.214425 0.218071 0.007538
7 2 0.218689 0.218071 0.007538
7 3 0.220273 0.218071 0.007538
7 4 0.221491 0.218071 0.007538
7 5 0.219298 0.218071 0.007538
7 6 0.218080 0.218071 0.007538
7 7 0.219786 0.218071 0.007538
7 8 0.220151 0.218071 0.007538
7 9 0.219786 0.218071 0.007538
7 10 0.222222 0.218071 0.007538
7 11 0.221004 0.218071 0.007538
7 12 0.221735 0.218071 0.007538
7 13 0.224415 0.218071 0.007538
7 14 0.223441 0.218071 0.007538
7 15 0.225877 0.218071 0.007538
7 16 0.225877 0.218071 0.007538
7 17 0.223684 0.218071 0.007538
7 18 0.220638 0.218071 0.007538
7 19 0.218202 0.218071 0.007538
7 20 0.214790 0.218071 0.007538
8 0 0.207481 0.218071 0.007538
8 1 0.213938 0.218071 0.007538
8 2 0.216618 0.218071 0.007538
8 3 0.223075 0.218071 0.007538
8 4 0.221979 0.218071 0.007538
8 5 0.221369 0.218071 0.007538
8 6 0.220029 0.218071 0.007538
8 7 0.220273 0.218071 0.007538
8 8 0.220760 0.218071 0.007538
8 9 0.221248 0.218071 0.007538
8 10 0.221126 0.218071 0.007538
8 11 0.220273 0.218071 0.007538
8 12 0.221369 0.218071 0.007538
8 13 0.222222 0.218071 0.007538
8 14 0.222831 0.218071 0.007538
8 15 0.224659 0.218071 0.007538
8 16 0.223684 0.218071 0.007538
8 17 0.222344 0.218071 0.007538
8 18 0.219907 0.218071 0.007538
8 19 0.216618 0.218071 0.007538
8 20 0.214059 0.218071 0.007538
9 0 0.209673 0.218071 0.007538
9 1 0.215521 0.218071 0.007538
9 2 0.220273 0.218071 0.007538
9 3 0.220029 0.218071 0.007538
9 4 0.220638 0.218071 0.007538
9 5 0.220273 0.218071 0.007538
9 6 0.221369 0.218071 0.007538
9 7 0.222466 0.218071 0.007538
9 8 0.221004 0.218071 0.007538
9 9 0.223197 0.218071 0.007538
9 10 0.222344 0.218071 0.007538
9 11 0.220882 0.218071 0.007538
9 12 0.223319 0.218071 0.007538
9 13 0.224415 0.218071 0.007538
9 14 0.223197 0.218071 0.007538
9 15 0.222222 0.218071 0.007538
9 16 0.222953 0.218071 0.007538
9 17 0.222100 0.218071 0.007538
9 18 0.221613 0.218071 0.007538
9 19 0.217836 0.218071 0.007538
9 20 0.211866 0.218071 0.007538
10 0 0.207968 0.218071 0.007538
10 1 0.215278 0.218071 0.007538
10 2 0.219907 0.218071 0.007538
10 3 0.220882 0.218071 0.007538
10 4 0.222222 0.218071 0.007538
10 5 0.222466 0.218071 0.007538
10 6 0.222222 0.218071 0.007538
10 7 0.222953 0.218071 0.007538
10 8 0.221369 0.218071 0.007538
10 9 0.221491 0.218071 0.007538
10 10 0.223684 0.218071 0.007538
10 11 0.222953 0.218071 0.007538
10 12 0.224781 0.218071 0.007538
10 13 0.224903 0.218071 0.007538
10 14 0.222100 0.218071 0.007538
10 15 0.222466 0.218071 0.007538
10 16 0.221857 0.218071 0.007538
10 17 0.221613 0.218071 0.007538
10 18 0.219542 0.218071 0.007538
10 19 0.216252 0.218071 0.007538
10 20 0.211014 0.218071 0.007538
11 0 0.211988 0.218071 0.007538
11 1 0.215643 0.218071 0.007538
11 2 0.220151 0.218071 0.007538
11 3 0.222831 0.218071 0.007538
11 4 0.223562 0.218071 0.007538
11 5 0.222953 0.218071 0.007538
11 6 0.225146 0.218071 0.007538
11 7 0.224415 0.218071 0.007538
11 8 0.221613 0.218071 0.007538
11 9 0.224050 0.218071 0.007538
11 10 0.225755 0.218071 0.007538
11 11 0.225268 0.218071 0.007538
11 12 0.224050 0.218071 0.007538
11 13 0.226243 0.218071 0.007538
11 14 0.221491 0.218071 0.007538
11 15 0.223441 0.218071 0.007538
11 16 0.222222 0.218071 0.007538
11 17 0.223562 0.218071 0.007538
11 18 0.220395 0.218071 0.007538
11 19 0.217105 0.218071 0.007538
11 20 0.209430 0.218071 0.007538
12 0 0.216374 0.218071 0.007538
12 1 0.220638 0.218071 0.007538
12 2 0.221613 0.218071 0.007538
12 3 0.224172 0.218071 0.007538
12 4 0.226486 0.218071 0.007538
12 5 0.226121 0.218071 0.007538
12 6 0.226121 0.218071 0.007538
12 7 0.228436 0.218071 0.007538
12 8 0.226486 0.218071 0.007538
12 9 0.225024 0.218071 0.007538
12 10 0.225999 0.218071 0.007538
12 11 0.225024 0.218071 0.007538
12 12 0.225755 0.218071 0.007538
12 13 0.226243 0.218071 0.007538
12 14 0.223684 0.218071 0.007538
12 15 0.224415 0.218071 0.007538
12 16 0.223928 0.218071 0.007538
12 17 0.223075 0.218071 0.007538
12 18 0.219786 0.218071 0.007538
12 19 0.213816 0.218071 0.007538
12 20 0.206019 0.218071 0.007538
13 0 0.217471 0.218071 0.007538
13 1 0.221613 0.218071 0.007538
13 2 0.224781 0.218071 0.007538
13 3 0.225755 0.218071 0.007538
13 4 0.227217 0.218071 0.007538
13 5 0.227339 0.218071 0.007538
13 6 0.228192 0.218071 0.007538
13 7 0.230019 0.218071 0.007538
13 8 0.229410 0.218071 0.007538
13 9 0.227339 0.218071 0.007538
13 10 0.225268 0.218071 0.007538
13 11 0.226608 0.218071 0.007538
13 12 0.227583 0.218071 0.007538
13 13 0.227583 0.218071 0.007538
13 14 0.225999 0.218071 0.007538
13 15 0.224903 0.218071 0.007538
13 16 0.224050 0.218071 0.007538
13 17 0.221613 0.218071 0.007538
13 18 0.218567 0.218071 0.007538
13 19 0.213207 0.218071 0.007538
13 20 0.206871 0.218071 0.007538
14 0 0.218324 0.218071 0.007538
14 1 0.221491 0.218071 0.007538
14 2 0.223928 0.218071 0.007538
14 3 0.224537 0.218071 0.007538
14 4 0.225999 0.218071 0.007538
14 5 0.226730 0.218071 0.007538
14 6 0.229776 0.218071 0.007538
14 7 0.229045 0.218071 0.007538
14 8 0.229167 0.218071 0.007538
14 9 0.229167 0.218071 0.007538
14 10 0.226974 0.218071 0.007538
14 11 0.227583 0.218071 0.007538
14 12 0.229898 0.218071 0.007538
14 13 0.229654 0.218071 0.007538
14 14 0.226974 0.218071 0.007538
14 15 0.225146 0.218071 0.007538
14 16 0.224172 0.218071 0.007538
14 17 0.222222 0.218071 0.007538
14 18 0.218202 0.218071 0.007538
14 19 0.211866 0.218071 0.007538
14 20 0.205409 0.218071 0.007538
15 0 0.218202 0.218071 0.007538
15 1 0.220760 0.218071 0.007538
15 2 0.222100 0.218071 0.007538
15 3 0.221979 0.218071 0.007538
15 4 0.228192 0.218071 0.007538
15 5 0.227217 0.218071 0.007538
15 6 0.226608 0.218071 0.007538
15 7 0.227827 0.218071 0.007538
15 8 0.227827 0.218071 0.007538
15 9 0.227948 0.218071 0.007538
15 10 0.226974 0.218071 0.007538
15 11 0.225512 0.218071 0.007538
15 12 0.228314 0.218071 0.007538
15 13 0.225999 0.218071 0.007538
15 14 0.224537 0.218071 0.007538
15 15 0.225146 0.218071 0.007538
15 16 0.222953 0.218071 0.007538
15 17 0.218567 0.218071 0.007538
15 18 0.215887 0.218071 0.007538
15 19 0.207968 0.218071 0.007538
15 20 0.202364 0.218071 0.007538
16 0 0.213450 0.218071 0.007538
16 1 0.217471 0.218071 0.007538
16 2 0.218689 0.218071 0.007538
16 3 0.220638 0.218071 0.007538
16 4 0.224659 0.218071 0.007538
16 5 0.223684 0.218071 0.007538
16 6 0.224659 0.218071 0.007538
16 7 0.224659 0.218071 0.007538
16 8 0.224050 0.218071 0.007538
16 9 0.225512 0.218071 0.007538
16 10 0.222588 0.218071 0.007538
16 11 0.222953 0.218071 0.007538
16 12 0.223806 0.218071 0.007538
16 13 0.222466 0.218071 0.007538
16 14 0.220760 0.218071 0.007538
16 15 0.221613 0.218071 0.007538
16 16 0.217714 0.218071 0.007538
16 17 0.214912 0.218071 0.007538
16 18 0.212232 0.218071 0.007538
16 19 0.205897 0.218071 0.007538
16 20 0.198099 0.218071 0.007538
17 0 0.210892 0.218071 0.007538
17 1 0.212476 0.218071 0.007538
17 2 0.217349 0.218071 0.007538
17 3 0.219786 0.218071 0.007538
17 4 0.220882 0.218071 0.007538
17 5 0.221126 0.218071 0.007538
17 6 0.223684 0.218071 0.007538
17 7 0.224050 0.218071 0.007538
17 8 0.221613 0.218071 0.007538
17 9 0.222100 0.218071 0.007538
17 10 0.221004 0.218071 0.007538
17 11 0.219298 0.218071 0.007538
17 12 0.220151 0.218071 0.007538
17 13 0.220760 0.218071 0.007538
17 14 0.219055 0.218071 0.007538
17 15 0.216740 0.218071 0.007538
17 16 0.214303 0.218071 0.007538
17 17 0.211623 0.218071 0.007538
17 18 0.206384 0.218071 0.007538
17 19 0.200292 0.218071 0.007538
17 20 0.197003 0.218071 0.007538
18 0 0.208455 0.218071 0.007538
18 1 0.210892 0.218071 0.007538
18 2 0.214303 0.218071 0.007538
18 3 0.215887 0.218071 0.007538
18 4 0.217958 0.218071 0.007538
18 5 0.218324 0.218071 0.007538
18 6 0.219055 0.218071 0.007538
18 7 0.222100 0.218071 0.007538
18 8 0.219542 0.218071 0.007538
18 9 0.220517 0.218071 0.007538
18 10 0.219298 0.218071 0.007538
18 11 0.217227 0.218071 0.007538
18 12 0.219055 0.218071 0.007538
18 13 0.219176 0.218071 0.007538
18 14 0.216374 0.218071 0.007538
18 15 0.212719 0.218071 0.007538
18 16 0.212719 0.218071 0.007538
18 17 0.208455 0.218071 0.007538
18 18 0.201633 0.218071 0.007538
18 19 0.195054 0.218071 0.007538
18 20 0.189327 0.218071 0.007538
19 0 0.205531 0.218071 0.007538
19 1 0.207602 0.218071 0.007538
19 2 0.210648 0.218071 0.007538
19 3 0.212354 0.218071 0.007538
19 4 0.213816 0.218071 0.007538
19 5 0.215887 0.218071 0.007538
19 6 0.215400 0.218071 0.007538
19 7 0.216496 0.218071 0.007538
19 8 0.215034 0.218071 0.007538
19 9 0.215887 0.218071 0.007538
19 10 0.216618 0.218071 0.007538
19 11 0.212963 0.218071 0.007538
19 12 0.213938 0.218071 0.007538
19 13 0.213085 0.218071 0.007538
19 14 0.212354 0.218071 0.007538
19 15 0.213085 0.218071 0.007538
19 16 0.208942 0.218071 0.007538
19 17 0.205409 0.218071 0.007538
19 18 0.198465 0.218071 0.007538
19 19 0.188353 0.218071 0.007538
19 20 0.182383 0.218071 0.007538
20 0 0.201023 0.218071 0.007538
20 1 0.201998 0.218071 0.007538
20 2 0.205775 0.218071 0.007538
20 3 0.208577 0.218071 0.007538
20 4 0.211501 0.218071 0.007538
20 5 0.211014 0.218071 0.007538
20 6 0.212354 0.218071 0.007538
20 7 0.210526 0.218071 0.007538
20 8 0.209186 0.218071 0.007538
20 9 0.211379 0.218071 0.007538
20 10 0.210648 0.218071 0.007538
20 11 0.209308 0.218071 0.007538
20 12 0.210404 0.218071 0.007538
20 13 0.208699 0.218071 0.007538
20 14 0.207968 0.218071 0.007538
20 15 0.206019 0.218071 0.007538
20 16 0.201511 0.218071 0.007538
20 17 0.195175 0.218071 0.007538
20 18 0.190058 0.218071 0.007538
20 19 0.179094 0.218071 0.007538
20 20 0.171174 0.218071 0.007538
