# contact distance = 32.0 Angstroms
# F = 0.4 kJ/mol

# i j contact_probability mean_contact_probability stddev_contact_probability
0 0 0.198543 0.220989 0.007535
0 1 0.201833 0.220989 0.007535
0 2 0.203125 0.220989 0.007535
0 3 0.202890 0.220989 0.007535
0 4 0.205827 0.220989 0.007535
0 5 0.204652 0.220989 0.007535
0 6 0.205005 0.220989 0.007535
0 7 0.208177 0.220989 0.007535
0 8 0.209939 0.220989 0.007535
0 9 0.207354 0.220989 0.007535
0 10 0.211114 0.220989 0.007535
0 11 0.211584 0.220989 0.007535
0 12 0.213698 0.220989 0.007535
0 13 0.216400 0.220989 0.007535
0 14 0.218750 0.220989 0.007535
0 15 0.218985 0.220989 0.007535
0 16 0.217575 0.220989 0.007535
0 17 0.215226 0.220989 0.007535
0 18 0.212641 0.220989 0.007535
0 19 0.210409 0.220989 0.007535
0 20 0.205240 0.220989 0.007535
1 0 0.202185 0.220989 0.007535
1 1 0.203830 0.220989 0.007535
1 2 0.204065 0.220989 0.007535
1 3 0.207707 0.220989 0.007535
1 4 0.207237 0.220989 0.007535
1 5 0.207942 0.220989 0.007535
1 6 0.210879 0.220989 0.007535
1 7 0.214168 0.220989 0.007535
1 8 0.213816 0.220989 0.007535
1 9 0.211584 0.220989 0.007535
1 10 0.213111 0.220989 0.007535
1 11 0.213463 0.220989 0.007535
1 12 0.216048 0.220989 0.007535
1 13 0.216518 0.220989 0.007535
1 14 0.217693 0.220989 0.007535
1 15 0.217693 0.220989 0.007535
1 16 0.219220 0.220989 0.007535
1 17 0.216283 0.220989 0.007535
1 18 0.214521 0.220989 0.007535
1 19 0.213581 0.220989 0.007535
1 20 0.207824 0.220989 0.007535
2 0 0.203360 0.220989 0.007535
2 1 0.205945 0.220989 0.007535
2 2 0.207824 0.220989 0.007535
2 3 0.211466 0.220989 0.007535
2 4 0.212993 0.220989 0.007535
2 5 0.212641 0.220989 0.007535
2 6 0.213463 0.220989 0.007535
2 7 0.216165 0.220989 0.007535
2 8 0.217340 0.220989 0.007535
2 9 0.216753 0.220989 0.007535
2 10 0.216518 0.220989 0.007535
2 11 0.217693 0.220989 0.007535
2 12 0.218398 0.220989 0.007535
2 13 0.218045 0.220989 0.007535
2 14 0.219690 0.220989 0.007535
2 15 0.219572 0.220989 0.007535
2 16 0.219925 0.220989 0.007535
2 17 0.217340 0.220989 0.007535
2 18 0.216048 0.220989 0.007535
2 19 0.214403 0.220989 0.007535
2 20 0.210879 0.220989 0.007535
3 0 0.204417 0.220989 0.007535
3 1 0.209234 0.220989 0.007535
3 2 0.209704 0.220989 0.007535
3 3 0.213816 0.220989 0.007535
3 4 0.212406 0.220989 0.007535
3 5 0.212523 0.220989 0.007535
3 6 0.214051 0.220989 0.007535
3 7 0.218398 0.220989 0.007535
3 8 0.220042 0.220989 0.007535
3 9 0.215695 0.220989 0.007535
3 10 0.217693 0.220989 0.007535
3 11 0.219337 0.220989 0.007535
3 12 0.219807 0.220989 0.007535
3 13 0.220630 0.220989 0.007535
3 14 0.223332 0.220989 0.007535
3 15 0.221335 0.220989 0.007535
3 16 0.221805 0.220989 0.007535
3 17 0.219220 0.220989 0.007535
3 18 0.218633 0.220989 0.007535
3 19 0.216283 0.220989 0.007535
3 20 0.213111 0.220989 0.007535
4 0 0.203830 0.220989 0.007535
4 1 0.206884 0.220989 0.007535
4 2 0.208177 0.220989 0.007535
4 3 0.210526 0.220989 0.007535
4 4 0.214756 0.220989 0.007535
4 5 0.216283 0.220989 0.007535
4 6 0.216165 0.220989 0.007535
4 7 0.218280 0.220989 0.007535
4 8 0.219925 0.220989 0.007535
4 9 0.220042 0.220989 0.007535
4 10 0.219690 0.220989 0.007535
4 11 0.220395 0.220989 0.007535
4 12 0.223919 0.220989 0.007535
4 13 0.225329 0.220989 0.007535
4 14 0.225916 0.220989 0.007535
4 15 0.226386 0.220989 0.007535
4 16 0.226504 0.220989 0.007535
4 17 0.224859 0.220989 0.007535
4 18 0.222274 0.220989 0.007535
4 19 0.219807 0.220989 0.007535
4 20 0.214991 0.220989 0.007535
5 0 0.204065 0.220989 0.007535
5 1 0.208294 0.220989 0.007535
5 2 0.208059 0.220989 0.007535
5 3 0.211231 0.220989 0.007535
5 4 0.214521 0.220989 0.007535
5 5 0.217575 0.220989 0.007535
5 6 0.216870 0.220989 0.007535
5 7 0.219102 0.220989 0.007535
5 8 0.218633 0.220989 0.007535
5 9 0.219455 0.220989 0.007535
5 10 0.221805 0.220989 0.007535
5 11 0.222157 0.220989 0.007535
5 12 0.224977 0.220989 0.007535
5 13 0.227326 0.220989 0.007535
5 14 0.227561 0.220989 0.007535
5 15 0.228031 0.220989 0.007535
5 16 0.228031 0.220989 0.007535
5 17 0.229206 0.220989 0.007535
5 18 0.224859 0.220989 0.007535
5 19 0.220042 0.220989 0.007535
5 20 0.213463 0.220989 0.007535
6 0 0.205357 0.220989 0.007535
6 1 0.206884 0.220989 0.007535
6 2 0.209117 0.220989 0.007535
6 3 0.214286 0.220989 0.007535
6 4 0.217575 0.220989 0.007535
6 5 0.218867 0.220989 0.007535
6 6 0.220277 0.220989 0.007535
6 7 0.218867 0.220989 0.007535
6 8 0.220042 0.220989 0.007535
6 9 0.219925 0.220989 0.007535
6 10 0.221217 0.220989 0.007535
6 11 0.221687 0.220989 0.007535
6 12 0.224742 0.220989 0.007535
6 13 0.227914 0.220989 0.007535
6 14 0.228148 0.220989 0.007535
6 15 0.229676 0.220989 0.007535
6 16 0.227561 0.220989 0.007535
6 17 0.227444 0.220989 0.007535
6 18 0.223449 0.220989 0.007535
6 19 0.222627 0.220989 0.007535
6 20 0.216165 0.220989 0.007535
7 0 0.203125 0.220989 0.007535
7 1 0.205592 0.220989 0.007535
7 2 0.209352 0.220989 0.007535
7 3 0.212523 0.220989 0.007535
7 4 0.215108 0.220989 0.007535
7 5 0.217458 0.220989 0.007535
7 6 0.216400 0.220989 0.007535
7 7 0.219337 0.220989 0.007535
7 8 0.217928 0.220989 0.007535
7 9 0.218985 0.220989 0.007535
7 10 0.219925 0.220989 0.007535
7 11 0.220630 0.220989 0.007535
7 12 0.224272 0.220989 0.007535
7 13 0.225681 0.220989 0.007535
7 14 0.228853 0.220989 0.007535
7 15 0.227914 0.220989 0.007535
7 16 0.227209 0.220989 0.007535
7 17 0.226034 0.220989 0.007535
7 18 0.222039 0.220989 0.007535
7 19 0.222509 0.220989 0.007535
7 20 0.215813 0.220989 0.007535
8 0 0.202420 0.220989 0.007535
8 1 0.209352 0.220989 0.007535
8 2 0.210761 0.220989 0.007535
8 3 0.213463 0.220989 0.007535
8 4 0.216635 0.220989 0.007535
8 5 0.215461 0.220989 0.007535
8 6 0.217340 0.220989 0.007535
8 7 0.219572 0.220989 0.007535
8 8 0.219572 0.220989 0.007535
8 9 0.221570 0.220989 0.007535
8 10 0.221335 0.220989 0.007535
8 11 0.222509 0.220989 0.007535
8 12 0.223214 0.220989 0.007535
8 13 0.227444 0.220989 0.007535
8 14 0.228618 0.220989 0.007535
8 15 0.226504 0.220989 0.007535
8 16 0.226386 0.220989 0.007535
8 17 0.225681 0.220989 0.007535
8 18 0.221570 0.220989 0.007535
8 19 0.220160 0.220989 0.007535
8 20 0.215461 0.220989 0.007535
9 0 0.204770 0.220989 0.007535
9 1 0.208059 0.220989 0.007535
9 2 0.211701 0.220989 0.007535
9 3 0.219337 0.220989 0.007535
9 4 0.218280 0.220989 0.007535
9 5 0.219572 0.220989 0.007535
9 6 0.218867 0.220989 0.007535
9 7 0.221217 0.220989 0.007535
9 8 0.221335 0.220989 0.007535
9 9 0.220512 0.220989 0.007535
9 10 0.223214 0.220989 0.007535
9 11 0.225211 0.220989 0.007535
9 12 0.225211 0.220989 0.007535
9 13 0.225916 0.220989 0.007535
9 14 0.226621 0.220989 0.007535
9 15 0.226739 0.220989 0.007535
9 16 0.226621 0.220989 0.007535
9 17 0.225564 0.220989 0.007535
9 18 0.221805 0.220989 0.007535
9 19 0.220277 0.220989 0.007535
9 20 0.214756 0.220989 0.007535
10 0 0.206180 0.220989 0.007535
10 1 0.210996 0.220989 0.007535
10 2 0.214873 0.220989 0.007535
10 3 0.217810 0.220989 0.007535
10 4 0.219220 0.220989 0.007535
10 5 0.220982 0.220989 0.007535
10 6 0.220982 0.220989 0.007535
10 7 0.224389 0.220989 0.007535
10 8 0.222157 0.220989 0.007535
10 9 0.222627 0.220989 0.007535
10 10 0.224037 0.220989 0.007535
10 11 0.225564 0.220989 0.007535
10 12 0.225329 0.220989 0.007535
10 13 0.224977 0.220989 0.007535
10 14 0.227209 0.220989 0.007535
10 15 0.228853 0.220989 0.007535
10 16 0.226386 0.220989 0.007535
10 17 0.227326 0.220989 0.007535
10 18 0.222274 0.220989 0.007535
10 19 0.220865 0.220989 0.007535
10 20 0.212993 0.220989 0.007535
11 0 0.207002 0.220989 0.007535
11 1 0.213228 0.220989 0.007535
11 2 0.216753 0.220989 0.007535
11 3 0.219690 0.220989 0.007535
11 4 0.221100 0.220989 0.007535
11 5 0.222392 0.220989 0.007535
11 6 0.223449 0.220989 0.007535
11 7 0.222744 0.220989 0.007535
11 8 0.224507 0.220989 0.007535
11 9 0.224154 0.220989 0.007535
11 10 0.225094 0.220989 0.007535
11 11 0.226034 0.220989 0.007535
11 12 0.224154 0.220989 0.007535
11 13 0.224389 0.220989 0.007535
11 14 0.227914 0.220989 0.007535
11 15 0.227914 0.220989 0.007535
11 16 0.228266 0.220989 0.007535
11 17 0.224624 0.220989 0.007535
11 18 0.222744 0.220989 0.007535
11 19 0.217693 0.220989 0.007535
11 20 0.212289 0.220989 0.007535
12 0 0.210291 0.220989 0.007535
12 1 0.216518 0.220989 0.007535
12 2 0.220277 0.220989 0.007535
12 3 0.221335 0.220989 0.007535
12 4 0.223214 0.220989 0.007535
12 5 0.223097 0.220989 0.007535
12 6 0.222979 0.220989 0.007535
12 7 0.224624 0.220989 0.007535
12 8 0.225446 0.220989 0.007535
12 9 0.224859 0.220989 0.007535
12 10 0.228031 0.220989 0.007535
12 11 0.227209 0.220989 0.007535
12 12 0.224272 0.220989 0.007535
12 13 0.225329 0.220989 0.007535
12 14 0.228736 0.220989 0.007535
12 15 0.230498 0.220989 0.007535
12 16 0.228736 0.220989 0.007535
12 17 0.226386 0.220989 0.007535
12 18 0.224154 0.220989 0.007535
12 19 0.220982 0.220989 0.007535
12 20 0.215343 0.220989 0.007535
13 0 0.213228 0.220989 0.007535
13 1 0.216400 0.220989 0.007535
13 2 0.219925 0.220989 0.007535
13 3 0.223567 0.220989 0.007535
13 4 0.224154 0.220989 0.007535
13 5 0.224977 0.220989 0.007535
13 6 0.227679 0.220989 0.007535
13 7 0.227679 0.220989 0.007535
13 8 0.226621 0.220989 0.007535
13 9 0.225446 0.220989 0.007535
13 10 0.228501 0.220989 0.007535
13 11 0.227326 0.220989 0.007535
13 12 0.227326 0.220989 0.007535
13 13 0.227561 0.220989 0.007535
13 14 0.229323 0.220989 0.007535
13 15 0.228266 0.220989 0.007535
13 16 0.229911 0.220989 0.007535
13 17 0.227914 0.220989 0.007535
13 18 0.225094 0.220989 0.007535
13 19 0.223567 0.220989 0.007535
13 20 0.217575 0.220989 0.007535
14 0 0.216635 0.220989 0.007535
14 1 0.218985 0.220989 0.007535
14 2 0.222157 0.220989 0.007535
14 3 0.225446 0.220989 0.007535
14 4 0.226269 0.220989 0.007535
14 5 0.226386 0.220989 0.007535
14 6 0.228736 0.220989 0.007535
14 7 0.229676 0.220989 0.007535
14 8 0.228031 0.220989 0.007535
14 9 0.229088 0.220989 0.007535
14 10 0.228853 0.220989 0.007535
14 11 0.228736 0.220989 0.007535
14 12 0.229441 0.220989 0.007535
14 13 0.230263 0.220989 0.007535
14 14 0.232965 0.220989 0.007535
14 15 0.229441 0.220989 0.007535
14 16 0.230616 0.220989 0.007535
14 17 0.227914 0.220989 0.007535
14 18 0.227444 0.220989 0.007535
14 19 0.226034 0.220989 0.007535
14 20 0.218515 0.220989 0.007535
15 0 0.217575 0.220989 0.007535
15 1 0.220160 0.220989 0.007535
15 2 0.222627 0.220989 0.007535
15 3 0.224859 0.220989 0.007535
15 4 0.225211 0.220989 0.007535
15 5 0.229323 0.220989 0.007535
15 6 0.228853 0.220989 0.007535
15 7 0.233670 0.220989 0.007535
15 8 0.232025 0.220989 0.007535
15 9 0.230498 0.220989 0.007535
15 10 0.230616 0.220989 0.007535
15 11 0.230851 0.220989 0.007535
15 12 0.229206 0.220989 0.007535
15 13 0.229911 0.220989 0.007535
15 14 0.232260 0.220989 0.007535
15 15 0.229088 0.220989 0.007535
15 16 0.229793 0.220989 0.007535
15 17 0.228148 0.220989 0.007535
15 18 0.228031 0.220989 0.007535
15 19 0.227209 0.220989 0.007535
15 20 0.219102 0.220989 0.007535
16 0 0.216165 0.220989 0.007535
16 1 0.221570 0.220989 0.007535
16 2 0.223802 0.220989 0.007535
16 3 0.224977 0.220989 0.007535
16 4 0.226269 0.220989 0.007535
16 5 0.229676 0.220989 0.007535
16 6 0.229911 0.220989 0.007535
16 7 0.233083 0.220989 0.007535
16 8 0.233083 0.220989 0.007535
16 9 0.231673 0.220989 0.007535
16 10 0.233083 0.220989 0.007535
16 11 0.232848 0.220989 0.007535
16 12 0.232378 0.220989 0.007535
16 13 0.230968 0.220989 0.007535
16 14 0.230851 0.220989 0.007535
16 15 0.232143 0.220989 0.007535
16 16 0.231086 0.220989 0.007535
16 17 0.229088 0.220989 0.007535
16 18 0.228031 0.220989 0.007535
16 19 0.225446 0.220989 0.007535
16 20 0.219690 0.220989 0.007535
17 0 0.217458 0.220989 0.007535
17 1 0.218985 0.220989 0.007535
17 2 0.222744 0.220989 0.007535
17 3 0.226269 0.220989 0.007535
17 4 0.226386 0.220989 0.007535
17 5 0.228148 0.220989 0.007535
17 6 0.230851 0.220989 0.007535
17 7 0.232378 0.220989 0.007535
17 8 0.233435 0.220989 0.007535
17 9 0.230263 0.220989 0.007535
17 10 0.232495 0.220989 0.007535
17 11 0.230616 0.220989 0.007535
17 12 0.232613 0.220989 0.007535
17 13 0.231320 0.220989 0.007535
17 14 0.232965 0.220989 0.007535
17 15 0.231086 0.220989 0.007535
17 16 0.231908 0.220989 0.007535
17 17 0.228618 0.220989 0.007535
17 18 0.227444 0.220989 0.007535
17 19 0.222744 0.220989 0.007535
17 20 0.216400 0.220989 0.007535
18 0 0.214873 0.220989 0.007535
18 1 0.217810 0.220989 0.007535
18 2 0.221335 0.220989 0.007535
18 3 0.224272 0.220989 0.007535
18 4 0.225916 0.220989 0.007535
18 5 0.226034 0.220989 0.007535
18 6 0.229088 0.220989 0.007535
18 7 0.229676 0.220989 0.007535
18 8 0.231790 0.220989 0.007535
18 9 0.230381 0.220989 0.007535
18 10 0.230616 0.220989 0.007535
18 11 0.228971 0.220989 0.007535
18 12 0.231438 0.220989 0.007535
18 13 0.230263 0.220989 0.007535
18 14 0.230028 0.220989 0.007535
18 15 0.230381 0.220989 0.007535
18 16 0.228736 0.220989 0.007535
18 17 0.228853 0.220989 0.007535
18 18 0.225681 0.220989 0.007535
18 19 0.219690 0.220989 0.007535
18 20 0.212523 0.220989 0.007535
19 0 0.213933 0.220989 0.007535
19 1 0.216518 0.220989 0.007535
19 2 0.218985 0.220989 0.007535
19 3 0.222039 0.220989 0.007535
19 4 0.224507 0.220989 0.007535
19 5 0.225564 0.220989 0.007535
19 6 0.226856 0.220989 0.007535
19 7 0.229793 0.220989 0.007535
19 8 0.230733 0.220989 0.007535
19 9 0.230028 0.220989 0.007535
19 10 0.228383 0.220989 0.007535
19 11 0.229323 0.220989 0.007535
19 12 0.227914 0.220989 0.007535
19 13 0.226974 0.220989 0.007535
19 14 0.226974 0.220989 0.007535
19 15 0.228618 0.220989 0.007535
19 16 0.229206 0.220989 0.007535
19 17 0.226504 0.220989 0.007535
19 18 0.221922 0.220989 0.007535
19 19 0.214991 0.220989 0.007535
19 20 0.209704 0.220989 0.007535
20 0 0.207942 0.220989 0.007535
20 1 0.215578 0.220989 0.007535
20 2 0.219572 0.220989 0.007535
20 3 0.220277 0.220989 0.007535
20 4 0.222274 0.220989 0.007535
20 5 0.223802 0.220989 0.007535
20 6 0.224154 0.220989 0.007535
20 7 0.226621 0.220989 0.007535
20 8 0.227679 0.220989 0.007535
20 9 0.224037 0.220989 0.007535
20 10 0.226386 0.220989 0.007535
20 11 0.224977 0.220989 0.007535
20 12 0.222979 0.220989 0.007535
20 13 0.220512 0.220989 0.007535
20 14 0.222392 0.220989 0.007535
20 15 0.225211 0.220989 0.007535
20 16 0.222157 0.220989 0.007535
20 17 0.220982 0.220989 0.007535
20 18 0.215226 0.220989 0.007535
20 19 0.210056 0.220989 0.007535
20 20 0.201715 0.220989 0.007535
