# contact distance = 32.0 Angstroms
# F = 0.4 kJ/mol

# i j contact_probability mean_contact_probability stddev_contact_probability
0 0 0.207275 0.209260 0.005903
0 1 0.210135 0.209260 0.005903
0 2 0.211393 0.209260 0.005903
0 3 0.209563 0.209260 0.005903
0 4 0.205903 0.209260 0.005903
0 5 0.204415 0.209260 0.005903
0 6 0.200069 0.209260 0.005903
0 7 0.199611 0.209260 0.005903
0 8 0.195379 0.209260 0.005903
0 9 0.198810 0.209260 0.005903
0 10 0.200869 0.209260 0.005903
0 11 0.202013 0.209260 0.005903
0 12 0.202700 0.209260 0.005903
0 13 0.204530 0.209260 0.005903
0 14 0.205559 0.209260 0.005903
0 15 0.203157 0.209260 0.005903
0 16 0.202128 0.209260 0.005903
0 17 0.201899 0.209260 0.005903
0 18 0.200412 0.209260 0.005903
0 19 0.195722 0.209260 0.005903
0 20 0.195035 0.209260 0.005903
1 0 0.210707 0.209260 0.005903
1 1 0.213681 0.209260 0.005903
1 2 0.216541 0.209260 0.005903
1 3 0.215969 0.209260 0.005903
1 4 0.212995 0.209260 0.005903
1 5 0.210478 0.209260 0.005903
1 6 0.207733 0.209260 0.005903
1 7 0.204873 0.209260 0.005903
1 8 0.203729 0.209260 0.005903
1 9 0.202814 0.209260 0.005903
1 10 0.205331 0.209260 0.005903
1 11 0.206474 0.209260 0.005903
1 12 0.207618 0.209260 0.005903
1 13 0.210478 0.209260 0.005903
1 14 0.208305 0.209260 0.005903
1 15 0.206703 0.209260 0.005903
1 16 0.207962 0.209260 0.005903
1 17 0.206246 0.209260 0.005903
1 18 0.203844 0.209260 0.005903
1 19 0.201556 0.209260 0.005903
1 20 0.200755 0.209260 0.005903
2 0 0.211851 0.209260 0.005903
2 1 0.216312 0.209260 0.005903
2 2 0.218600 0.209260 0.005903
2 3 0.219057 0.209260 0.005903
2 4 0.216655 0.209260 0.005903
2 5 0.214367 0.209260 0.005903
2 6 0.213910 0.209260 0.005903
2 7 0.207390 0.209260 0.005903
2 8 0.206246 0.209260 0.005903
2 9 0.209105 0.209260 0.005903
2 10 0.207847 0.209260 0.005903
2 11 0.208305 0.209260 0.005903
2 12 0.209677 0.209260 0.005903
2 13 0.213681 0.209260 0.005903
2 14 0.211622 0.209260 0.005903
2 15 0.210249 0.209260 0.005903
2 16 0.207390 0.209260 0.005903
2 17 0.209334 0.209260 0.005903
2 18 0.209449 0.209260 0.005903
2 19 0.206589 0.209260 0.005903
2 20 0.204530 0.209260 0.005903
3 0 0.213910 0.209260 0.005903
3 1 0.218600 0.209260 0.005903
3 2 0.218028 0.209260 0.005903
3 3 0.218943 0.209260 0.005903
3 4 0.215397 0.209260 0.005903
3 5 0.215511 0.209260 0.005903
3 6 0.216541 0.209260 0.005903
3 7 0.212995 0.209260 0.005903
3 8 0.207962 0.209260 0.005903
3 9 0.210249 0.209260 0.005903
3 10 0.210135 0.209260 0.005903
3 11 0.208877 0.209260 0.005903
3 12 0.210936 0.209260 0.005903
3 13 0.213910 0.209260 0.005903
3 14 0.212995 0.209260 0.005903
3 15 0.210821 0.209260 0.005903
3 16 0.210135 0.209260 0.005903
3 17 0.211393 0.209260 0.005903
3 18 0.212880 0.209260 0.005903
3 19 0.208762 0.209260 0.005903
3 20 0.206818 0.209260 0.005903
4 0 0.214596 0.209260 0.005903
4 1 0.218028 0.209260 0.005903
4 2 0.220316 0.209260 0.005903
4 3 0.221688 0.209260 0.005903
4 4 0.219858 0.209260 0.005903
4 5 0.216884 0.209260 0.005903
4 6 0.216884 0.209260 0.005903
4 7 0.213681 0.209260 0.005903
4 8 0.209563 0.209260 0.005903
4 9 0.210249 0.209260 0.005903
4 10 0.210249 0.209260 0.005903
4 11 0.212308 0.209260 0.005903
4 12 0.212880 0.209260 0.005903
4 13 0.212766 0.209260 0.005903
4 14 0.212537 0.209260 0.005903
4 15 0.212308 0.209260 0.005903
4 16 0.211050 0.209260 0.005903
4 17 0.209906 0.209260 0.005903
4 18 0.210936 0.209260 0.005903
4 19 0.208877 0.209260 0.005903
4 20 0.207962 0.209260 0.005903
5 0 0.209792 0.209260 0.005903
5 1 0.214825 0.209260 0.005903
5 2 0.219515 0.209260 0.005903
5 3 0.220773 0.209260 0.005903
5 4 0.220659 0.209260 0.005903
5 5 0.218257 0.209260 0.005903
5 6 0.218028 0.209260 0.005903
5 7 0.215054 0.209260 0.005903
5 8 0.211164 0.209260 0.005903
5 9 0.211050 0.209260 0.005903
5 10 0.213224 0.209260 0.005903
5 11 0.212080 0.209260 0.005903
5 12 0.215969 0.209260 0.005903
5 13 0.214939 0.209260 0.005903
5 14 0.211851 0.209260 0.005903
5 15 0.213567 0.209260 0.005903
5 16 0.213109 0.209260 0.005903
5 17 0.212537 0.209260 0.005903
5 18 0.213224 0.209260 0.005903
5 19 0.208991 0.209260 0.005903
5 20 0.207504 0.209260 0.005903
6 0 0.206589 0.209260 0.005903
6 1 0.215283 0.209260 0.005903
6 2 0.218485 0.209260 0.005903
6 3 0.219057 0.209260 0.005903
6 4 0.218943 0.209260 0.005903
6 5 0.216083 0.209260 0.005903
6 6 0.215511 0.209260 0.005903
6 7 0.211622 0.209260 0.005903
6 8 0.208877 0.209260 0.005903
6 9 0.213224 0.209260 0.005903
6 10 0.211279 0.209260 0.005903
6 11 0.211622 0.209260 0.005903
6 12 0.213338 0.209260 0.005903
6 13 0.212080 0.209260 0.005903
6 14 0.211508 0.209260 0.005903
6 15 0.211164 0.209260 0.005903
6 16 0.209677 0.209260 0.005903
6 17 0.211622 0.209260 0.005903
6 18 0.212537 0.209260 0.005903
6 19 0.209792 0.209260 0.005903
6 20 0.205903 0.209260 0.005903
7 0 0.206589 0.209260 0.005903
7 1 0.212766 0.209260 0.005903
7 2 0.215969 0.209260 0.005903
7 3 0.219401 0.209260 0.005903
7 4 0.218028 0.209260 0.005903
7 5 0.215511 0.209260 0.005903
7 6 0.213795 0.209260 0.005903
7 7 0.212537 0.209260 0.005903
7 8 0.209220 0.209260 0.005903
7 9 0.210936 0.209260 0.005903
7 10 0.211622 0.209260 0.005903
7 11 0.211164 0.209260 0.005903
7 12 0.210821 0.209260 0.005903
7 13 0.211393 0.209260 0.005903
7 14 0.211736 0.209260 0.005903
7 15 0.211393 0.209260 0.005903
7 16 0.211050 0.209260 0.005903
7 17 0.211851 0.209260 0.005903
7 18 0.213567 0.209260 0.005903
7 19 0.209563 0.209260 0.005903
7 20 0.207390 0.209260 0.005903
8 0 0.206360 0.209260 0.005903
8 1 0.211279 0.209260 0.005903
8 2 0.213224 0.209260 0.005903
8 3 0.215969 0.209260 0.005903
8 4 0.216998 0.209260 0.005903
8 5 0.215168 0.209260 0.005903
8 6 0.211050 0.209260 0.005903
8 7 0.210821 0.209260 0.005903
8 8 0.207504 0.209260 0.005903
8 9 0.207847 0.209260 0.005903
8 10 0.208648 0.209260 0.005903
8 11 0.208648 0.209260 0.005903
8 12 0.211736 0.209260 0.005903
8 13 0.211508 0.209260 0.005903
8 14 0.212537 0.209260 0.005903
8 15 0.211050 0.209260 0.005903
8 16 0.209334 0.209260 0.005903
8 17 0.210021 0.209260 0.005903
8 18 0.210021 0.209260 0.005903
8 19 0.208534 0.209260 0.005903
8 20 0.205788 0.209260 0.005903
9 0 0.203500 0.209260 0.005903
9 1 0.210364 0.209260 0.005903
9 2 0.212537 0.209260 0.005903
9 3 0.216541 0.209260 0.005903
9 4 0.213795 0.209260 0.005903
9 5 0.211393 0.209260 0.005903
9 6 0.211393 0.209260 0.005903
9 7 0.209449 0.209260 0.005903
9 8 0.206818 0.209260 0.005903
9 9 0.206818 0.209260 0.005903
9 10 0.207733 0.209260 0.005903
9 11 0.206474 0.209260 0.005903
9 12 0.209220 0.209260 0.005903
9 13 0.211508 0.209260 0.005903
9 14 0.211508 0.209260 0.005903
9 15 0.210021 0.209260 0.005903
9 16 0.210593 0.209260 0.005903
9 17 0.209220 0.209260 0.005903
9 18 0.210364 0.209260 0.005903
9 19 0.207962 0.209260 0.005903
9 20 0.202700 0.209260 0.005903
10 0 0.202928 0.209260 0.005903
10 1 0.208648 0.209260 0.005903
10 2 0.214825 0.209260 0.005903
10 3 0.214711 0.209260 0.005903
10 4 0.212652 0.209260 0.005903
10 5 0.210021 0.209260 0.005903
10 6 0.209449 0.209260 0.005903
10 7 0.208305 0.209260 0.005903
10 8 0.204759 0.209260 0.005903
10 9 0.206818 0.209260 0.005903
10 10 0.206017 0.209260 0.005903
10 11 0.206017 0.209260 0.005903
10 12 0.207504 0.209260 0.005903
10 13 0.207733 0.209260 0.005903
10 14 0.208762 0.209260 0.005903
10 15 0.207046 0.209260 0.005903
10 16 0.206818 0.209260 0.005903
10 17 0.207275 0.209260 0.005903
10 18 0.208419 0.209260 0.005903
10 19 0.205674 0.209260 0.005903
10 20 0.202242 0.209260 0.005903
11 0 0.203615 0.209260 0.005903
11 1 0.207962 0.209260 0.005903
11 2 0.211164 0.209260 0.005903
11 3 0.214253 0.209260 0.005903
11 4 0.214253 0.209260 0.005903
11 5 0.211851 0.209260 0.005903
11 6 0.209792 0.209260 0.005903
11 7 0.207618 0.209260 0.005903
11 8 0.205445 0.209260 0.005903
11 9 0.207161 0.209260 0.005903
11 10 0.208877 0.209260 0.005903
11 11 0.206246 0.209260 0.005903
11 12 0.204987 0.209260 0.005903
11 13 0.207847 0.209260 0.005903
11 14 0.209334 0.209260 0.005903
11 15 0.208762 0.209260 0.005903
11 16 0.209677 0.209260 0.005903
11 17 0.209677 0.209260 0.005903
11 18 0.207618 0.209260 0.005903
11 19 0.203844 0.209260 0.005903
11 20 0.199268 0.209260 0.005903
12 0 0.206589 0.209260 0.005903
12 1 0.210821 0.209260 0.005903
12 2 0.214139 0.209260 0.005903
12 3 0.213452 0.209260 0.005903
12 4 0.216198 0.209260 0.005903
12 5 0.214367 0.209260 0.005903
12 6 0.211965 0.209260 0.005903
12 7 0.209220 0.209260 0.005903
12 8 0.207161 0.209260 0.005903
12 9 0.209792 0.209260 0.005903
12 10 0.208419 0.209260 0.005903
12 11 0.208648 0.209260 0.005903
12 12 0.210707 0.209260 0.005903
12 13 0.209220 0.209260 0.005903
12 14 0.208419 0.209260 0.005903
12 15 0.208076 0.209260 0.005903
12 16 0.209449 0.209260 0.005903
12 17 0.211393 0.209260 0.005903
12 18 0.207962 0.209260 0.005903
12 19 0.204530 0.209260 0.005903
12 20 0.199840 0.209260 0.005903
13 0 0.207962 0.209260 0.005903
13 1 0.211164 0.209260 0.005903
13 2 0.214253 0.209260 0.005903
13 3 0.216884 0.209260 0.005903
13 4 0.217227 0.209260 0.005903
13 5 0.216312 0.209260 0.005903
13 6 0.213452 0.209260 0.005903
13 7 0.210021 0.209260 0.005903
13 8 0.206589 0.209260 0.005903
13 9 0.207161 0.209260 0.005903
13 10 0.210249 0.209260 0.005903
13 11 0.212995 0.209260 0.005903
13 12 0.212080 0.209260 0.005903
13 13 0.211508 0.209260 0.005903
13 14 0.211622 0.209260 0.005903
13 15 0.208877 0.209260 0.005903
13 16 0.208076 0.209260 0.005903
13 17 0.208648 0.209260 0.005903
13 18 0.206932 0.209260 0.005903
13 19 0.202928 0.209260 0.005903
13 20 0.197895 0.209260 0.005903
14 0 0.209105 0.209260 0.005903
14 1 0.212652 0.209260 0.005903
14 2 0.215397 0.209260 0.005903
14 3 0.217685 0.209260 0.005903
14 4 0.219057 0.209260 0.005903
14 5 0.218371 0.209260 0.005903
14 6 0.212652 0.209260 0.005903
14 7 0.212880 0.209260 0.005903
14 8 0.209334 0.209260 0.005903
14 9 0.212194 0.209260 0.005903
14 10 0.212652 0.209260 0.005903
14 11 0.214139 0.209260 0.005903
14 12 0.212995 0.209260 0.005903
14 13 0.212080 0.209260 0.005903
14 14 0.211736 0.209260 0.005903
14 15 0.208534 0.209260 0.005903
14 16 0.208076 0.209260 0.005903
14 17 0.208648 0.209260 0.005903
14 18 0.205216 0.209260 0.005903
14 19 0.202242 0.209260 0.005903
14 20 0.197895 0.209260 0.005903
15 0 0.209906 0.209260 0.005903
15 1 0.213910 0.209260 0.005903
15 2 0.217914 0.209260 0.005903
15 3 0.217914 0.209260 0.005903
15 4 0.219286 0.209260 0.005903
15 5 0.217456 0.209260 0.005903
15 6 0.215397 0.209260 0.005903
15 7 0.210821 0.209260 0.005903
15 8 0.209563 0.209260 0.005903
15 9 0.211736 0.209260 0.005903
15 10 0.215283 0.209260 0.005903
15 11 0.215168 0.209260 0.005903
15 12 0.211050 0.209260 0.005903
15 13 0.212995 0.209260 0.005903
15 14 0.212080 0.209260 0.005903
15 15 0.211736 0.209260 0.005903
15 16 0.208419 0.209260 0.005903
15 17 0.206818 0.209260 0.005903
15 18 0.206474 0.209260 0.005903
15 19 0.200183 0.209260 0.005903
15 20 0.196751 0.209260 0.005903
16 0 0.207733 0.209260 0.005903
16 1 0.212995 0.209260 0.005903
16 2 0.214825 0.209260 0.005903
16 3 0.217227 0.209260 0.005903
16 4 0.217113 0.209260 0.005903
16 5 0.216198 0.209260 0.005903
16 6 0.216198 0.209260 0.005903
16 7 0.214482 0.209260 0.005903
16 8 0.209563 0.209260 0.005903
16 9 0.211965 0.209260 0.005903
16 10 0.213567 0.209260 0.005903
16 11 0.213567 0.209260 0.005903
16 12 0.212537 0.209260 0.005903
16 13 0.213452 0.209260 0.005903
16 14 0.210821 0.209260 0.005903
16 15 0.211279 0.209260 0.005903
16 16 0.211279 0.209260 0.005903
16 17 0.211050 0.209260 0.005903
16 18 0.207962 0.209260 0.005903
16 19 0.201670 0.209260 0.005903
16 20 0.194464 0.209260 0.005903
17 0 0.206474 0.209260 0.005903
17 1 0.207962 0.209260 0.005903
17 2 0.212880 0.209260 0.005903
17 3 0.213910 0.209260 0.005903
17 4 0.215168 0.209260 0.005903
17 5 0.215511 0.209260 0.005903
17 6 0.214482 0.209260 0.005903
17 7 0.210936 0.209260 0.005903
17 8 0.208648 0.209260 0.005903
17 9 0.209449 0.209260 0.005903
17 10 0.209792 0.209260 0.005903
17 11 0.212194 0.209260 0.005903
17 12 0.212194 0.209260 0.005903
17 13 0.210821 0.209260 0.005903
17 14 0.210135 0.209260 0.005903
17 15 0.208076 0.209260 0.005903
17 16 0.208991 0.209260 0.005903
17 17 0.208305 0.209260 0.005903
17 18 0.204987 0.209260 0.005903
17 19 0.199268 0.209260 0.005903
17 20 0.189659 0.209260 0.005903
18 0 0.204301 0.209260 0.005903
18 1 0.208419 0.209260 0.005903
18 2 0.210249 0.209260 0.005903
18 3 0.210936 0.209260 0.005903
18 4 0.212880 0.209260 0.005903
18 5 0.213338 0.209260 0.005903
18 6 0.211622 0.209260 0.005903
18 7 0.209334 0.209260 0.005903
18 8 0.206360 0.209260 0.005903
18 9 0.205788 0.209260 0.005903
18 10 0.206589 0.209260 0.005903
18 11 0.208877 0.209260 0.005903
18 12 0.206932 0.209260 0.005903
18 13 0.207962 0.209260 0.005903
18 14 0.208190 0.209260 0.005903
18 15 0.206131 0.209260 0.005903
18 16 0.204987 0.209260 0.005903
18 17 0.204987 0.209260 0.005903
18 18 0.202128 0.209260 0.005903
18 19 0.195035 0.209260 0.005903
18 20 0.187371 0.209260 0.005903
19 0 0.201556 0.209260 0.005903
19 1 0.205788 0.209260 0.005903
19 2 0.209449 0.209260 0.005903
19 3 0.208648 0.209260 0.005903
19 4 0.209105 0.209260 0.005903
19 5 0.207618 0.209260 0.005903
19 6 0.210249 0.209260 0.005903
19 7 0.208877 0.209260 0.005903
19 8 0.203272 0.209260 0.005903
19 9 0.204301 0.209260 0.005903
19 10 0.207733 0.209260 0.005903
19 11 0.207275 0.209260 0.005903
19 12 0.204530 0.209260 0.005903
19 13 0.205102 0.209260 0.005903
19 14 0.205559 0.209260 0.005903
19 15 0.203729 0.209260 0.005903
19 16 0.203157 0.209260 0.005903
19 17 0.199725 0.209260 0.005903
19 18 0.197209 0.209260 0.005903
19 19 0.192061 0.209260 0.005903
19 20 0.181766 0.209260 0.005903
20 0 0.196866 0.209260 0.005903
20 1 0.201098 0.209260 0.005903
20 2 0.206246 0.209260 0.005903
20 3 0.207161 0.209260 0.005903
20 4 0.205559 0.209260 0.005903
20 5 0.206360 0.209260 0.005903
20 6 0.206589 0.209260 0.005903
20 7 0.203729 0.209260 0.005903
20 8 0.201556 0.209260 0.005903
20 9 0.200297 0.209260 0.005903
20 10 0.199497 0.209260 0.005903
20 11 0.199840 0.209260 0.005903
20 12 0.201784 0.209260 0.005903
20 13 0.200526 0.209260 0.005903
20 14 0.200755 0.209260 0.005903
20 15 0.200869 0.209260 0.005903
20 16 0.199611 0.209260 0.005903
20 17 0.194120 0.209260 0.005903
20 18 0.189545 0.209260 0.005903
20 19 0.182681 0.209260 0.005903
20 20 0.173301 0.209260 0.005903
