# contact distance = 32.0 Angstroms
# F = 0.4 kJ/mol

# i j contact_probability mean_contact_probability stddev_contact_probability
0 0 0.181235 0.199012 0.008815
0 1 0.184779 0.199012 0.008815
0 2 0.185791 0.199012 0.008815
0 3 0.183598 0.199012 0.008815
0 4 0.185285 0.199012 0.008815
0 5 0.186635 0.199012 0.008815
0 6 0.185454 0.199012 0.008815
0 7 0.184779 0.199012 0.008815
0 8 0.186298 0.199012 0.008815
0 9 0.183766 0.199012 0.008815
0 10 0.184948 0.199012 0.008815
0 11 0.187816 0.199012 0.008815
0 12 0.184610 0.199012 0.008815
0 13 0.187479 0.199012 0.008815
0 14 0.186635 0.199012 0.008815
0 15 0.186298 0.199012 0.008815
0 16 0.184779 0.199012 0.008815
0 17 0.180391 0.199012 0.008815
0 18 0.179717 0.199012 0.008815
0 19 0.176848 0.199012 0.008815
0 20 0.176510 0.199012 0.008815
1 0 0.182416 0.199012 0.008815
1 1 0.188154 0.199012 0.008815
1 2 0.187816 0.199012 0.008815
1 3 0.188998 0.199012 0.008815
1 4 0.189841 0.199012 0.008815
1 5 0.189673 0.199012 0.008815
1 6 0.187816 0.199012 0.008815
1 7 0.189841 0.199012 0.008815
1 8 0.188154 0.199012 0.008815
1 9 0.188829 0.199012 0.008815
1 10 0.189335 0.199012 0.008815
1 11 0.188998 0.199012 0.008815
1 12 0.192035 0.199012 0.008815
1 13 0.188154 0.199012 0.008815
1 14 0.186973 0.199012 0.008815
1 15 0.186129 0.199012 0.008815
1 16 0.188660 0.199012 0.008815
1 17 0.186635 0.199012 0.008815
1 18 0.184273 0.199012 0.008815
1 19 0.181404 0.199012 0.008815
1 20 0.182585 0.199012 0.008815
2 0 0.185960 0.199012 0.008815
2 1 0.188998 0.199012 0.008815
2 2 0.190179 0.199012 0.008815
2 3 0.191698 0.199012 0.008815
2 4 0.189673 0.199012 0.008815
2 5 0.191866 0.199012 0.008815
2 6 0.192541 0.199012 0.008815
2 7 0.193723 0.199012 0.008815
2 8 0.193723 0.199012 0.008815
2 9 0.192204 0.199012 0.008815
2 10 0.194229 0.199012 0.008815
2 11 0.195241 0.199012 0.008815
2 12 0.193723 0.199012 0.008815
2 13 0.191529 0.199012 0.008815
2 14 0.192035 0.199012 0.008815
2 15 0.190854 0.199012 0.008815
2 16 0.190348 0.199012 0.008815
2 17 0.188323 0.199012 0.008815
2 18 0.188323 0.199012 0.008815
2 19 0.187479 0.199012 0.008815
2 20 0.185623 0.199012 0.008815
3 0 0.185285 0.199012 0.008815
3 1 0.189504 0.199012 0.008815
3 2 0.192710 0.199012 0.008815
3 3 0.192541 0.199012 0.008815
3 4 0.189841 0.199012 0.008815
3 5 0.194060 0.199012 0.008815
3 6 0.196254 0.199012 0.008815
3 7 0.194229 0.199012 0.008815
3 8 0.194229 0.199012 0.008815
3 9 0.194229 0.199012 0.008815
3 10 0.195748 0.199012 0.008815
3 11 0.196423 0.199012 0.008815
3 12 0.194735 0.199012 0.008815
3 13 0.195916 0.199012 0.008815
3 14 0.195410 0.199012 0.008815
3 15 0.192204 0.199012 0.008815
3 16 0.193723 0.199012 0.008815
3 17 0.190516 0.199012 0.008815
3 18 0.188154 0.199012 0.008815
3 19 0.188998 0.199012 0.008815
3 20 0.184441 0.199012 0.008815
4 0 0.185791 0.199012 0.008815
4 1 0.189166 0.199012 0.008815
4 2 0.192035 0.199012 0.008815
4 3 0.191023 0.199012 0.008815
4 4 0.193048 0.199012 0.008815
4 5 0.196423 0.199012 0.008815
4 6 0.196254 0.199012 0.008815
4 7 0.197435 0.199012 0.008815
4 8 0.197773 0.199012 0.008815
4 9 0.195916 0.199012 0.008815
4 10 0.196591 0.199012 0.008815
4 11 0.199629 0.199012 0.008815
4 12 0.200304 0.199012 0.008815
4 13 0.199798 0.199012 0.008815
4 14 0.199629 0.199012 0.008815
4 15 0.196929 0.199012 0.008815
4 16 0.197098 0.199012 0.008815
4 17 0.197266 0.199012 0.008815
4 18 0.194060 0.199012 0.008815
4 19 0.194060 0.199012 0.008815
4 20 0.191360 0.199012 0.008815
5 0 0.184610 0.199012 0.008815
5 1 0.188491 0.199012 0.008815
5 2 0.191023 0.199012 0.008815
5 3 0.192541 0.199012 0.008815
5 4 0.191866 0.199012 0.008815
5 5 0.194229 0.199012 0.008815
5 6 0.198110 0.199012 0.008815
5 7 0.200135 0.199012 0.008815
5 8 0.199629 0.199012 0.008815
5 9 0.197773 0.199012 0.008815
5 10 0.197435 0.199012 0.008815
5 11 0.198616 0.199012 0.008815
5 12 0.199123 0.199012 0.008815
5 13 0.201654 0.199012 0.008815
5 14 0.201147 0.199012 0.008815
5 15 0.199291 0.199012 0.008815
5 16 0.199123 0.199012 0.008815
5 17 0.196423 0.199012 0.008815
5 18 0.195916 0.199012 0.008815
5 19 0.195410 0.199012 0.008815
5 20 0.193554 0.199012 0.008815
6 0 0.183260 0.199012 0.008815
6 1 0.186635 0.199012 0.008815
6 2 0.190516 0.199012 0.008815
6 3 0.192035 0.199012 0.008815
6 4 0.195579 0.199012 0.008815
6 5 0.194398 0.199012 0.008815
6 6 0.199798 0.199012 0.008815
6 7 0.200304 0.199012 0.008815
6 8 0.200135 0.199012 0.008815
6 9 0.199123 0.199012 0.008815
6 10 0.201485 0.199012 0.008815
6 11 0.201991 0.199012 0.008815
6 12 0.201147 0.199012 0.008815
6 13 0.201316 0.199012 0.008815
6 14 0.204860 0.199012 0.008815
6 15 0.202160 0.199012 0.008815
6 16 0.199629 0.199012 0.008815
6 17 0.200979 0.199012 0.008815
6 18 0.201147 0.199012 0.008815
6 19 0.197098 0.199012 0.008815
6 20 0.195579 0.199012 0.008815
7 0 0.185285 0.199012 0.008815
7 1 0.188491 0.199012 0.008815
7 2 0.193216 0.199012 0.008815
7 3 0.192710 0.199012 0.008815
7 4 0.198785 0.199012 0.008815
7 5 0.199629 0.199012 0.008815
7 6 0.201485 0.199012 0.008815
7 7 0.200472 0.199012 0.008815
7 8 0.199460 0.199012 0.008815
7 9 0.198616 0.199012 0.008815
7 10 0.201485 0.199012 0.008815
7 11 0.204522 0.199012 0.008815
7 12 0.204016 0.199012 0.008815
7 13 0.202329 0.199012 0.008815
7 14 0.204016 0.199012 0.008815
7 15 0.204860 0.199012 0.008815
7 16 0.205704 0.199012 0.008815
7 17 0.203679 0.199012 0.008815
7 18 0.201316 0.199012 0.008815
7 19 0.198785 0.199012 0.008815
7 20 0.197266 0.199012 0.008815
8 0 0.187310 0.199012 0.008815
8 1 0.188323 0.199012 0.008815
8 2 0.190010 0.199012 0.008815
8 3 0.191866 0.199012 0.008815
8 4 0.196760 0.199012 0.008815
8 5 0.197773 0.199012 0.008815
8 6 0.199798 0.199012 0.008815
8 7 0.201147 0.199012 0.008815
8 8 0.199629 0.199012 0.008815
8 9 0.198954 0.199012 0.008815
8 10 0.200810 0.199012 0.008815
8 11 0.200810 0.199012 0.008815
8 12 0.204016 0.199012 0.008815
8 13 0.204185 0.199012 0.008815
8 14 0.206716 0.199012 0.008815
8 15 0.204185 0.199012 0.008815
8 16 0.204016 0.199012 0.008815
8 17 0.202329 0.199012 0.008815
8 18 0.200472 0.199012 0.008815
8 19 0.201654 0.199012 0.008815
8 20 0.194904 0.199012 0.008815
9 0 0.184610 0.199012 0.008815
9 1 0.189335 0.199012 0.008815
9 2 0.194229 0.199012 0.008815
9 3 0.196760 0.199012 0.008815
9 4 0.197941 0.199012 0.008815
9 5 0.197435 0.199012 0.008815
9 6 0.201316 0.199012 0.008815
9 7 0.203847 0.199012 0.008815
9 8 0.205704 0.199012 0.008815
9 9 0.202497 0.199012 0.008815
9 10 0.205704 0.199012 0.008815
9 11 0.206210 0.199012 0.008815
9 12 0.207560 0.199012 0.008815
9 13 0.208235 0.199012 0.008815
9 14 0.208066 0.199012 0.008815
9 15 0.209754 0.199012 0.008815
9 16 0.206041 0.199012 0.008815
9 17 0.202160 0.199012 0.008815
9 18 0.200472 0.199012 0.008815
9 19 0.199966 0.199012 0.008815
9 20 0.198616 0.199012 0.008815
10 0 0.183260 0.199012 0.008815
10 1 0.187648 0.199012 0.008815
10 2 0.193723 0.199012 0.008815
10 3 0.197098 0.199012 0.008815
10 4 0.197773 0.199012 0.008815
10 5 0.202160 0.199012 0.008815
10 6 0.204016 0.199012 0.008815
10 7 0.205366 0.199012 0.008815
10 8 0.205366 0.199012 0.008815
10 9 0.204860 0.199012 0.008815
10 10 0.207560 0.199012 0.008815
10 11 0.210260 0.199012 0.008815
10 12 0.208910 0.199012 0.008815
10 13 0.210597 0.199012 0.008815
10 14 0.209247 0.199012 0.008815
10 15 0.209754 0.199012 0.008815
10 16 0.207054 0.199012 0.008815
10 17 0.201991 0.199012 0.008815
10 18 0.200810 0.199012 0.008815
10 19 0.199123 0.199012 0.008815
10 20 0.195579 0.199012 0.008815
11 0 0.187310 0.199012 0.008815
11 1 0.193554 0.199012 0.008815
11 2 0.196254 0.199012 0.008815
11 3 0.195073 0.199012 0.008815
11 4 0.199460 0.199012 0.008815
11 5 0.202160 0.199012 0.008815
11 6 0.206547 0.199012 0.008815
11 7 0.206041 0.199012 0.008815
11 8 0.209079 0.199012 0.008815
11 9 0.208066 0.199012 0.008815
11 10 0.207560 0.199012 0.008815
11 11 0.211947 0.199012 0.008815
11 12 0.208910 0.199012 0.008815
11 13 0.207897 0.199012 0.008815
11 14 0.209585 0.199012 0.008815
11 15 0.209079 0.199012 0.008815
11 16 0.206041 0.199012 0.008815
11 17 0.202666 0.199012 0.008815
11 18 0.198448 0.199012 0.008815
11 19 0.195579 0.199012 0.008815
11 20 0.197435 0.199012 0.008815
12 0 0.186298 0.199012 0.008815
12 1 0.192879 0.199012 0.008815
12 2 0.199629 0.199012 0.008815
12 3 0.199629 0.199012 0.008815
12 4 0.203004 0.199012 0.008815
12 5 0.204522 0.199012 0.008815
12 6 0.205872 0.199012 0.008815
12 7 0.207897 0.199012 0.008815
12 8 0.207560 0.199012 0.008815
12 9 0.210429 0.199012 0.008815
12 10 0.208404 0.199012 0.008815
12 11 0.210429 0.199012 0.008815
12 12 0.212285 0.199012 0.008815
12 13 0.212285 0.199012 0.008815
12 14 0.209247 0.199012 0.008815
12 15 0.208235 0.199012 0.008815
12 16 0.205704 0.199012 0.008815
12 17 0.203679 0.199012 0.008815
12 18 0.200810 0.199012 0.008815
12 19 0.199966 0.199012 0.008815
12 20 0.197941 0.199012 0.008815
13 0 0.189504 0.199012 0.008815
13 1 0.193216 0.199012 0.008815
13 2 0.199123 0.199012 0.008815
13 3 0.200472 0.199012 0.008815
13 4 0.205366 0.199012 0.008815
13 5 0.206547 0.199012 0.008815
13 6 0.206547 0.199012 0.008815
13 7 0.211947 0.199012 0.008815
13 8 0.210935 0.199012 0.008815
13 9 0.211272 0.199012 0.008815
13 10 0.211272 0.199012 0.008815
13 11 0.211947 0.199012 0.008815
13 12 0.213129 0.199012 0.008815
13 13 0.212791 0.199012 0.008815
13 14 0.212960 0.199012 0.008815
13 15 0.211610 0.199012 0.008815
13 16 0.208572 0.199012 0.008815
13 17 0.205704 0.199012 0.008815
13 18 0.204522 0.199012 0.008815
13 19 0.203172 0.199012 0.008815
13 20 0.198616 0.199012 0.008815
14 0 0.191529 0.199012 0.008815
14 1 0.192541 0.199012 0.008815
14 2 0.196591 0.199012 0.008815
14 3 0.201654 0.199012 0.008815
14 4 0.202160 0.199012 0.008815
14 5 0.205535 0.199012 0.008815
14 6 0.207729 0.199012 0.008815
14 7 0.209247 0.199012 0.008815
14 8 0.210935 0.199012 0.008815
14 9 0.211441 0.199012 0.008815
14 10 0.211104 0.199012 0.008815
14 11 0.214816 0.199012 0.008815
14 12 0.214479 0.199012 0.008815
14 13 0.213466 0.199012 0.008815
14 14 0.216335 0.199012 0.008815
14 15 0.210597 0.199012 0.008815
14 16 0.205872 0.199012 0.008815
14 17 0.206379 0.199012 0.008815
14 18 0.203172 0.199012 0.008815
14 19 0.202329 0.199012 0.008815
14 20 0.199123 0.199012 0.008815
15 0 0.191191 0.199012 0.008815
15 1 0.197266 0.199012 0.008815
15 2 0.201485 0.199012 0.008815
15 3 0.203172 0.199012 0.008815
15 4 0.204354 0.199012 0.008815
15 5 0.208910 0.199012 0.008815
15 6 0.209922 0.199012 0.008815
15 7 0.213635 0.199012 0.008815
15 8 0.213297 0.199012 0.008815
15 9 0.213804 0.199012 0.008815
15 10 0.212960 0.199012 0.008815
15 11 0.217685 0.199012 0.008815
15 12 0.218191 0.199012 0.008815
15 13 0.215660 0.199012 0.008815
15 14 0.215829 0.199012 0.008815
15 15 0.212791 0.199012 0.008815
15 16 0.208741 0.199012 0.008815
15 17 0.205029 0.199012 0.008815
15 18 0.204185 0.199012 0.008815
15 19 0.202835 0.199012 0.008815
15 20 0.200641 0.199012 0.008815
16 0 0.190516 0.199012 0.008815
16 1 0.196085 0.199012 0.008815
16 2 0.198616 0.199012 0.008815
16 3 0.200304 0.199012 0.008815
16 4 0.206041 0.199012 0.008815
16 5 0.211272 0.199012 0.008815
16 6 0.211272 0.199012 0.008815
16 7 0.211947 0.199012 0.008815
16 8 0.214141 0.199012 0.008815
16 9 0.212285 0.199012 0.008815
16 10 0.213297 0.199012 0.008815
16 11 0.215154 0.199012 0.008815
16 12 0.217516 0.199012 0.008815
16 13 0.215829 0.199012 0.008815
16 14 0.214310 0.199012 0.008815
16 15 0.212960 0.199012 0.008815
16 16 0.211104 0.199012 0.008815
16 17 0.209922 0.199012 0.008815
16 18 0.204185 0.199012 0.008815
16 19 0.201147 0.199012 0.008815
16 20 0.199798 0.199012 0.008815
17 0 0.188998 0.199012 0.008815
17 1 0.192541 0.199012 0.008815
17 2 0.197773 0.199012 0.008815
17 3 0.199291 0.199012 0.008815
17 4 0.205366 0.199012 0.008815
17 5 0.210091 0.199012 0.008815
17 6 0.206716 0.199012 0.008815
17 7 0.211779 0.199012 0.008815
17 8 0.213297 0.199012 0.008815
17 9 0.211779 0.199012 0.008815
17 10 0.209416 0.199012 0.008815
17 11 0.213297 0.199012 0.008815
17 12 0.213129 0.199012 0.008815
17 13 0.213635 0.199012 0.008815
17 14 0.210766 0.199012 0.008815
17 15 0.209079 0.199012 0.008815
17 16 0.207222 0.199012 0.008815
17 17 0.207560 0.199012 0.008815
17 18 0.200810 0.199012 0.008815
17 19 0.196591 0.199012 0.008815
17 20 0.193048 0.199012 0.008815
18 0 0.187816 0.199012 0.008815
18 1 0.190348 0.199012 0.008815
18 2 0.194735 0.199012 0.008815
18 3 0.196591 0.199012 0.008815
18 4 0.199966 0.199012 0.008815
18 5 0.204016 0.199012 0.008815
18 6 0.205366 0.199012 0.008815
18 7 0.211104 0.199012 0.008815
18 8 0.207729 0.199012 0.008815
18 9 0.206885 0.199012 0.008815
18 10 0.207391 0.199012 0.008815
18 11 0.208235 0.199012 0.008815
18 12 0.209922 0.199012 0.008815
18 13 0.208572 0.199012 0.008815
18 14 0.210429 0.199012 0.008815
18 15 0.206379 0.199012 0.008815
18 16 0.204522 0.199012 0.008815
18 17 0.203004 0.199012 0.008815
18 18 0.201147 0.199012 0.008815
18 19 0.194398 0.199012 0.008815
18 20 0.190854 0.199012 0.008815
19 0 0.181741 0.199012 0.008815
19 1 0.188491 0.199012 0.008815
19 2 0.190854 0.199012 0.008815
19 3 0.195916 0.199012 0.008815
19 4 0.199291 0.199012 0.008815
19 5 0.202329 0.199012 0.008815
19 6 0.204185 0.199012 0.008815
19 7 0.205029 0.199012 0.008815
19 8 0.204860 0.199012 0.008815
19 9 0.203510 0.199012 0.008815
19 10 0.202329 0.199012 0.008815
19 11 0.204016 0.199012 0.008815
19 12 0.204185 0.199012 0.008815
19 13 0.204185 0.199012 0.008815
19 14 0.205029 0.199012 0.008815
19 15 0.203847 0.199012 0.008815
19 16 0.201147 0.199012 0.008815
19 17 0.199629 0.199012 0.008815
19 18 0.196085 0.199012 0.008815
19 19 0.190348 0.199012 0.008815
19 20 0.186298 0.199012 0.008815
20 0 0.178704 0.199012 0.008815
20 1 0.183260 0.199012 0.008815
20 2 0.186973 0.199012 0.008815
20 3 0.189166 0.199012 0.008815
20 4 0.193385 0.199012 0.008815
20 5 0.197266 0.199012 0.008815
20 6 0.197773 0.199012 0.008815
20 7 0.198616 0.199012 0.008815
20 8 0.198616 0.199012 0.008815
20 9 0.198110 0.199012 0.008815
20 10 0.195241 0.199012 0.008815
20 11 0.198616 0.199012 0.008815
20 12 0.198616 0.199012 0.008815
20 13 0.198110 0.199012 0.008815
20 14 0.199966 0.199012 0.008815
20 15 0.196423 0.199012 0.008815
20 16 0.194229 0.199012 0.008815
20 17 0.189673 0.199012 0.008815
20 18 0.188154 0.199012 0.008815
20 19 0.183935 0.199012 0.008815
20 20 0.178535 0.199012 0.008815
