# contact distance = 32.0 Angstroms
# F = 0.4 kJ/mol

# i j contact_probability mean_contact_probability stddev_contact_probability
0 0 0.187520 0.190610 0.005734
0 1 0.188005 0.190610 0.005734
0 2 0.190268 0.190610 0.005734
0 3 0.189622 0.190610 0.005734
0 4 0.189622 0.190610 0.005734
0 5 0.184610 0.190610 0.005734
0 6 0.184610 0.190610 0.005734
0 7 0.180569 0.190610 0.005734
0 8 0.181216 0.190610 0.005734
0 9 0.179437 0.190610 0.005734
0 10 0.177983 0.190610 0.005734
0 11 0.180246 0.190610 0.005734
0 12 0.180569 0.190610 0.005734
0 13 0.179761 0.190610 0.005734
0 14 0.179761 0.190610 0.005734
0 15 0.182832 0.190610 0.005734
0 16 0.185095 0.190610 0.005734
0 17 0.184287 0.190610 0.005734
0 18 0.179761 0.190610 0.005734
0 19 0.179276 0.190610 0.005734
0 20 0.176528 0.190610 0.005734
1 0 0.194148 0.190610 0.005734
1 1 0.192208 0.190610 0.005734
1 2 0.192370 0.190610 0.005734
1 3 0.192047 0.190610 0.005734
1 4 0.193986 0.190610 0.005734
1 5 0.191077 0.190610 0.005734
1 6 0.190107 0.190610 0.005734
1 7 0.186874 0.190610 0.005734
1 8 0.187035 0.190610 0.005734
1 9 0.185257 0.190610 0.005734
1 10 0.184934 0.190610 0.005734
1 11 0.186874 0.190610 0.005734
1 12 0.185904 0.190610 0.005734
1 13 0.185095 0.190610 0.005734
1 14 0.186389 0.190610 0.005734
1 15 0.184934 0.190610 0.005734
1 16 0.186065 0.190610 0.005734
1 17 0.185419 0.190610 0.005734
1 18 0.186227 0.190610 0.005734
1 19 0.184772 0.190610 0.005734
1 20 0.180892 0.190610 0.005734
2 0 0.198028 0.190610 0.005734
2 1 0.197058 0.190610 0.005734
2 2 0.196250 0.190610 0.005734
2 3 0.195441 0.190610 0.005734
2 4 0.194148 0.190610 0.005734
2 5 0.194633 0.190610 0.005734
2 6 0.195280 0.190610 0.005734
2 7 0.192532 0.190610 0.005734
2 8 0.193986 0.190610 0.005734
2 9 0.192855 0.190610 0.005734
2 10 0.189783 0.190610 0.005734
2 11 0.188005 0.190610 0.005734
2 12 0.188813 0.190610 0.005734
2 13 0.188490 0.190610 0.005734
2 14 0.188005 0.190610 0.005734
2 15 0.188975 0.190610 0.005734
2 16 0.189622 0.190610 0.005734
2 17 0.190430 0.190610 0.005734
2 18 0.187359 0.190610 0.005734
2 19 0.185419 0.190610 0.005734
2 20 0.181054 0.190610 0.005734
3 0 0.197704 0.190610 0.005734
3 1 0.199644 0.190610 0.005734
3 2 0.199806 0.190610 0.005734
3 3 0.199159 0.190610 0.005734
3 4 0.197058 0.190610 0.005734
3 5 0.196735 0.190610 0.005734
3 6 0.196896 0.190610 0.005734
3 7 0.196735 0.190610 0.005734
3 8 0.195441 0.190610 0.005734
3 9 0.195280 0.190610 0.005734
3 10 0.192532 0.190610 0.005734
3 11 0.193825 0.190610 0.005734
3 12 0.192855 0.190610 0.005734
3 13 0.190915 0.190610 0.005734
3 14 0.191562 0.190610 0.005734
3 15 0.193340 0.190610 0.005734
3 16 0.193016 0.190610 0.005734
3 17 0.192532 0.190610 0.005734
3 18 0.190268 0.190610 0.005734
3 19 0.187197 0.190610 0.005734
3 20 0.183317 0.190610 0.005734
4 0 0.197866 0.190610 0.005734
4 1 0.200938 0.190610 0.005734
4 2 0.203362 0.190610 0.005734
4 3 0.199483 0.190610 0.005734
4 4 0.199806 0.190610 0.005734
4 5 0.197866 0.190610 0.005734
4 6 0.196896 0.190610 0.005734
4 7 0.195441 0.190610 0.005734
4 8 0.195441 0.190610 0.005734
4 9 0.195441 0.190610 0.005734
4 10 0.194795 0.190610 0.005734
4 11 0.194795 0.190610 0.005734
4 12 0.192532 0.190610 0.005734
4 13 0.193986 0.190610 0.005734
4 14 0.192855 0.190610 0.005734
4 15 0.196573 0.190610 0.005734
4 16 0.195441 0.190610 0.005734
4 17 0.194633 0.190610 0.005734
4 18 0.193501 0.190610 0.005734
4 19 0.191400 0.190610 0.005734
4 20 0.185095 0.190610 0.005734
5 0 0.194471 0.190610 0.005734
5 1 0.197220 0.190610 0.005734
5 2 0.198674 0.190610 0.005734
5 3 0.198189 0.190610 0.005734
5 4 0.200129 0.190610 0.005734
5 5 0.198351 0.190610 0.005734
5 6 0.195441 0.190610 0.005734
5 7 0.193986 0.190610 0.005734
5 8 0.193178 0.190610 0.005734
5 9 0.190753 0.190610 0.005734
5 10 0.190592 0.190610 0.005734
5 11 0.194148 0.190610 0.005734
5 12 0.192855 0.190610 0.005734
5 13 0.193340 0.190610 0.005734
5 14 0.195280 0.190610 0.005734
5 15 0.198351 0.190610 0.005734
5 16 0.198836 0.190610 0.005734
5 17 0.198189 0.190610 0.005734
5 18 0.194148 0.190610 0.005734
5 19 0.192693 0.190610 0.005734
5 20 0.185580 0.190610 0.005734
6 0 0.190753 0.190610 0.005734
6 1 0.195603 0.190610 0.005734
6 2 0.198836 0.190610 0.005734
6 3 0.202069 0.190610 0.005734
6 4 0.201261 0.190610 0.005734
6 5 0.198513 0.190610 0.005734
6 6 0.196250 0.190610 0.005734
6 7 0.193663 0.190610 0.005734
6 8 0.191077 0.190610 0.005734
6 9 0.190268 0.190610 0.005734
6 10 0.189945 0.190610 0.005734
6 11 0.194148 0.190610 0.005734
6 12 0.192855 0.190610 0.005734
6 13 0.196088 0.190610 0.005734
6 14 0.198513 0.190610 0.005734
6 15 0.200291 0.190610 0.005734
6 16 0.202231 0.190610 0.005734
6 17 0.197704 0.190610 0.005734
6 18 0.195603 0.190610 0.005734
6 19 0.194471 0.190610 0.005734
6 20 0.187844 0.190610 0.005734
7 0 0.187197 0.190610 0.005734
7 1 0.190915 0.190610 0.005734
7 2 0.196411 0.190610 0.005734
7 3 0.198189 0.190610 0.005734
7 4 0.199483 0.190610 0.005734
7 5 0.196411 0.190610 0.005734
7 6 0.192047 0.190610 0.005734
7 7 0.191400 0.190610 0.005734
7 8 0.186712 0.190610 0.005734
7 9 0.189460 0.190610 0.005734
7 10 0.187844 0.190610 0.005734
7 11 0.189945 0.190610 0.005734
7 12 0.190753 0.190610 0.005734
7 13 0.194310 0.190610 0.005734
7 14 0.197220 0.190610 0.005734
7 15 0.198189 0.190610 0.005734
7 16 0.198998 0.190610 0.005734
7 17 0.199321 0.190610 0.005734
7 18 0.194956 0.190610 0.005734
7 19 0.190753 0.190610 0.005734
7 20 0.185742 0.190610 0.005734
8 0 0.186874 0.190610 0.005734
8 1 0.190107 0.190610 0.005734
8 2 0.193016 0.190610 0.005734
8 3 0.198513 0.190610 0.005734
8 4 0.197543 0.190610 0.005734
8 5 0.195603 0.190610 0.005734
8 6 0.197866 0.190610 0.005734
8 7 0.194148 0.190610 0.005734
8 8 0.191077 0.190610 0.005734
8 9 0.188005 0.190610 0.005734
8 10 0.188490 0.190610 0.005734
8 11 0.192208 0.190610 0.005734
8 12 0.192855 0.190610 0.005734
8 13 0.193825 0.190610 0.005734
8 14 0.201261 0.190610 0.005734
8 15 0.198189 0.190610 0.005734
8 16 0.198674 0.190610 0.005734
8 17 0.197704 0.190610 0.005734
8 18 0.194310 0.190610 0.005734
8 19 0.190268 0.190610 0.005734
8 20 0.185419 0.190610 0.005734
9 0 0.185580 0.190610 0.005734
9 1 0.186712 0.190610 0.005734
9 2 0.190753 0.190610 0.005734
9 3 0.193016 0.190610 0.005734
9 4 0.195280 0.190610 0.005734
9 5 0.195926 0.190610 0.005734
9 6 0.193663 0.190610 0.005734
9 7 0.193178 0.190610 0.005734
9 8 0.191400 0.190610 0.005734
9 9 0.188167 0.190610 0.005734
9 10 0.185580 0.190610 0.005734
9 11 0.189298 0.190610 0.005734
9 12 0.191562 0.190610 0.005734
9 13 0.191885 0.190610 0.005734
9 14 0.196250 0.190610 0.005734
9 15 0.196735 0.190610 0.005734
9 16 0.195765 0.190610 0.005734
9 17 0.194148 0.190610 0.005734
9 18 0.189622 0.190610 0.005734
9 19 0.188005 0.190610 0.005734
9 20 0.183156 0.190610 0.005734
10 0 0.182186 0.190610 0.005734
10 1 0.184610 0.190610 0.005734
10 2 0.186389 0.190610 0.005734
10 3 0.187844 0.190610 0.005734
10 4 0.190753 0.190610 0.005734
10 5 0.191400 0.190610 0.005734
10 6 0.190592 0.190610 0.005734
10 7 0.193340 0.190610 0.005734
10 8 0.190753 0.190610 0.005734
10 9 0.186550 0.190610 0.005734
10 10 0.185742 0.190610 0.005734
10 11 0.187035 0.190610 0.005734
10 12 0.189460 0.190610 0.005734
10 13 0.191723 0.190610 0.005734
10 14 0.195765 0.190610 0.005734
10 15 0.194310 0.190610 0.005734
10 16 0.195280 0.190610 0.005734
10 17 0.193178 0.190610 0.005734
10 18 0.193016 0.190610 0.005734
10 19 0.188005 0.190610 0.005734
10 20 0.180731 0.190610 0.005734
11 0 0.185095 0.190610 0.005734
11 1 0.187520 0.190610 0.005734
11 2 0.187682 0.190610 0.005734
11 3 0.187520 0.190610 0.005734
11 4 0.189460 0.190610 0.005734
11 5 0.192370 0.190610 0.005734
11 6 0.193501 0.190610 0.005734
11 7 0.193663 0.190610 0.005734
11 8 0.193663 0.190610 0.005734
11 9 0.191238 0.190610 0.005734
11 10 0.187682 0.190610 0.005734
11 11 0.191400 0.190610 0.005734
11 12 0.191400 0.190610 0.005734
11 13 0.191562 0.190610 0.005734
11 14 0.196088 0.190610 0.005734
11 15 0.196250 0.190610 0.005734
11 16 0.195441 0.190610 0.005734
11 17 0.192532 0.190610 0.005734
11 18 0.189945 0.190610 0.005734
11 19 0.188328 0.190610 0.005734
11 20 0.180569 0.190610 0.005734
12 0 0.187844 0.190610 0.005734
12 1 0.187035 0.190610 0.005734
12 2 0.184934 0.190610 0.005734
12 3 0.188005 0.190610 0.005734
12 4 0.191400 0.190610 0.005734
12 5 0.194956 0.190610 0.005734
12 6 0.195603 0.190610 0.005734
12 7 0.193825 0.190610 0.005734
12 8 0.193986 0.190610 0.005734
12 9 0.191077 0.190610 0.005734
12 10 0.188813 0.190610 0.005734
12 11 0.193016 0.190610 0.005734
12 12 0.190753 0.190610 0.005734
12 13 0.194148 0.190610 0.005734
12 14 0.196735 0.190610 0.005734
12 15 0.197704 0.190610 0.005734
12 16 0.198028 0.190610 0.005734
12 17 0.193825 0.190610 0.005734
12 18 0.188167 0.190610 0.005734
12 19 0.184934 0.190610 0.005734
12 20 0.182024 0.190610 0.005734
13 0 0.188005 0.190610 0.005734
13 1 0.188167 0.190610 0.005734
13 2 0.188328 0.190610 0.005734
13 3 0.190107 0.190610 0.005734
13 4 0.191723 0.190610 0.005734
13 5 0.193986 0.190610 0.005734
13 6 0.197220 0.190610 0.005734
13 7 0.195280 0.190610 0.005734
13 8 0.194633 0.190610 0.005734
13 9 0.191723 0.190610 0.005734
13 10 0.192208 0.190610 0.005734
13 11 0.193825 0.190610 0.005734
13 12 0.194471 0.190610 0.005734
13 13 0.195280 0.190610 0.005734
13 14 0.196088 0.190610 0.005734
13 15 0.194148 0.190610 0.005734
13 16 0.196573 0.190610 0.005734
13 17 0.193986 0.190610 0.005734
13 18 0.191885 0.190610 0.005734
13 19 0.188652 0.190610 0.005734
13 20 0.182509 0.190610 0.005734
14 0 0.185580 0.190610 0.005734
14 1 0.190107 0.190610 0.005734
14 2 0.189460 0.190610 0.005734
14 3 0.191238 0.190610 0.005734
14 4 0.192047 0.190610 0.005734
14 5 0.193663 0.190610 0.005734
14 6 0.194956 0.190610 0.005734
14 7 0.195926 0.190610 0.005734
14 8 0.195118 0.190610 0.005734
14 9 0.193663 0.190610 0.005734
14 10 0.192855 0.190610 0.005734
14 11 0.193340 0.190610 0.005734
14 12 0.194633 0.190610 0.005734
14 13 0.194956 0.190610 0.005734
14 14 0.196573 0.190610 0.005734
14 15 0.195441 0.190610 0.005734
14 16 0.196573 0.190610 0.005734
14 17 0.194471 0.190610 0.005734
14 18 0.192693 0.190610 0.005734
14 19 0.190753 0.190610 0.005734
14 20 0.182186 0.190610 0.005734
15 0 0.187035 0.190610 0.005734
15 1 0.189460 0.190610 0.005734
15 2 0.189945 0.190610 0.005734
15 3 0.191562 0.190610 0.005734
15 4 0.189298 0.190610 0.005734
15 5 0.191238 0.190610 0.005734
15 6 0.191885 0.190610 0.005734
15 7 0.192532 0.190610 0.005734
15 8 0.192855 0.190610 0.005734
15 9 0.192370 0.190610 0.005734
15 10 0.193016 0.190610 0.005734
15 11 0.195603 0.190610 0.005734
15 12 0.194471 0.190610 0.005734
15 13 0.198028 0.190610 0.005734
15 14 0.197704 0.190610 0.005734
15 15 0.198836 0.190610 0.005734
15 16 0.199483 0.190610 0.005734
15 17 0.195441 0.190610 0.005734
15 18 0.194471 0.190610 0.005734
15 19 0.189298 0.190610 0.005734
15 20 0.184125 0.190610 0.005734
16 0 0.183640 0.190610 0.005734
16 1 0.185742 0.190610 0.005734
16 2 0.187844 0.190610 0.005734
16 3 0.188975 0.190610 0.005734
16 4 0.190915 0.190610 0.005734
16 5 0.191400 0.190610 0.005734
16 6 0.188975 0.190610 0.005734
16 7 0.190915 0.190610 0.005734
16 8 0.192855 0.190610 0.005734
16 9 0.191400 0.190610 0.005734
16 10 0.192208 0.190610 0.005734
16 11 0.196250 0.190610 0.005734
16 12 0.195118 0.190610 0.005734
16 13 0.199483 0.190610 0.005734
16 14 0.198674 0.190610 0.005734
16 15 0.196411 0.190610 0.005734
16 16 0.198028 0.190610 0.005734
16 17 0.195926 0.190610 0.005734
16 18 0.192370 0.190610 0.005734
16 19 0.190592 0.190610 0.005734
16 20 0.184287 0.190610 0.005734
17 0 0.182509 0.190610 0.005734
17 1 0.185580 0.190610 0.005734
17 2 0.186712 0.190610 0.005734
17 3 0.188328 0.190610 0.005734
17 4 0.186712 0.190610 0.005734
17 5 0.187520 0.190610 0.005734
17 6 0.189137 0.190610 0.005734
17 7 0.191400 0.190610 0.005734
17 8 0.190592 0.190610 0.005734
17 9 0.191400 0.190610 0.005734
17 10 0.193340 0.190610 0.005734
17 11 0.193825 0.190610 0.005734
17 12 0.193825 0.190610 0.005734
17 13 0.194956 0.190610 0.005734
17 14 0.195441 0.190610 0.005734
17 15 0.193663 0.190610 0.005734
17 16 0.193016 0.190610 0.005734
17 17 0.192208 0.190610 0.005734
17 18 0.189783 0.190610 0.005734
17 19 0.187035 0.190610 0.005734
17 20 0.181377 0.190610 0.005734
18 0 0.180569 0.190610 0.005734
18 1 0.181539 0.190610 0.005734
18 2 0.183317 0.190610 0.005734
18 3 0.185580 0.190610 0.005734
18 4 0.185257 0.190610 0.005734
18 5 0.187844 0.190610 0.005734
18 6 0.186227 0.190610 0.005734
18 7 0.187844 0.190610 0.005734
18 8 0.187844 0.190610 0.005734
18 9 0.188005 0.190610 0.005734
18 10 0.188328 0.190610 0.005734
18 11 0.192370 0.190610 0.005734
18 12 0.191562 0.190610 0.005734
18 13 0.191400 0.190610 0.005734
18 14 0.192370 0.190610 0.005734
18 15 0.193016 0.190610 0.005734
18 16 0.191562 0.190610 0.005734
18 17 0.189137 0.190610 0.005734
18 18 0.186065 0.190610 0.005734
18 19 0.185257 0.190610 0.005734
18 20 0.178952 0.190610 0.005734
19 0 0.178468 0.190610 0.005734
19 1 0.182509 0.190610 0.005734
19 2 0.180246 0.190610 0.005734
19 3 0.182024 0.190610 0.005734
19 4 0.182994 0.190610 0.005734
19 5 0.185419 0.190610 0.005734
19 6 0.188813 0.190610 0.005734
19 7 0.187844 0.190610 0.005734
19 8 0.185419 0.190610 0.005734
19 9 0.186874 0.190610 0.005734
19 10 0.185580 0.190610 0.005734
19 11 0.190268 0.190610 0.005734
19 12 0.191723 0.190610 0.005734
19 13 0.188975 0.190610 0.005734
19 14 0.185257 0.190610 0.005734
19 15 0.186227 0.190610 0.005734
19 16 0.184610 0.190610 0.005734
19 17 0.182832 0.190610 0.005734
19 18 0.180731 0.190610 0.005734
19 19 0.177498 0.190610 0.005734
19 20 0.171840 0.190610 0.005734
20 0 0.175881 0.190610 0.005734
20 1 0.179276 0.190610 0.005734
20 2 0.178306 0.190610 0.005734
20 3 0.180892 0.190610 0.005734
20 4 0.179114 0.190610 0.005734
20 5 0.183964 0.190610 0.005734
20 6 0.183964 0.190610 0.005734
20 7 0.183479 0.190610 0.005734
20 8 0.184125 0.190610 0.005734
20 9 0.183479 0.190610 0.005734
20 10 0.181862 0.190610 0.005734
20 11 0.185742 0.190610 0.005734
20 12 0.185580 0.190610 0.005734
20 13 0.180892 0.190610 0.005734
20 14 0.182509 0.190610 0.005734
20 15 0.183479 0.190610 0.005734
20 16 0.183802 0.190610 0.005734
20 17 0.176851 0.190610 0.005734
20 18 0.175073 0.190610 0.005734
20 19 0.169415 0.190610 0.005734
20 20 0.164242 0.190610 0.005734
