# contact distance = 32.0 Angstroms
# F = 0.4 kJ/mol

# i j contact_probability mean_contact_probability stddev_contact_probability
0 0 0.206966 0.223416 0.006590
0 1 0.209344 0.223416 0.006590
0 2 0.212553 0.223416 0.006590
0 3 0.215288 0.223416 0.006590
0 4 0.216595 0.223416 0.006590
0 5 0.215050 0.223416 0.006590
0 6 0.214099 0.223416 0.006590
0 7 0.213029 0.223416 0.006590
0 8 0.211840 0.223416 0.006590
0 9 0.210533 0.223416 0.006590
0 10 0.213267 0.223416 0.006590
0 11 0.215169 0.223416 0.006590
0 12 0.215644 0.223416 0.006590
0 13 0.218141 0.223416 0.006590
0 14 0.219330 0.223416 0.006590
0 15 0.219211 0.223416 0.006590
0 16 0.221113 0.223416 0.006590
0 17 0.220637 0.223416 0.006590
0 18 0.218735 0.223416 0.006590
0 19 0.213386 0.223416 0.006590
0 20 0.210057 0.223416 0.006590
1 0 0.209463 0.223416 0.006590
1 1 0.211721 0.223416 0.006590
1 2 0.218735 0.223416 0.006590
1 3 0.219924 0.223416 0.006590
1 4 0.221826 0.223416 0.006590
1 5 0.220399 0.223416 0.006590
1 6 0.220756 0.223416 0.006590
1 7 0.217546 0.223416 0.006590
1 8 0.217546 0.223416 0.006590
1 9 0.215525 0.223416 0.006590
1 10 0.218022 0.223416 0.006590
1 11 0.219211 0.223416 0.006590
1 12 0.219330 0.223416 0.006590
1 13 0.220043 0.223416 0.006590
1 14 0.223252 0.223416 0.006590
1 15 0.223966 0.223416 0.006590
1 16 0.222658 0.223416 0.006590
1 17 0.223728 0.223416 0.006590
1 18 0.218497 0.223416 0.006590
1 19 0.211959 0.223416 0.006590
1 20 0.212910 0.223416 0.006590
2 0 0.212672 0.223416 0.006590
2 1 0.216120 0.223416 0.006590
2 2 0.218973 0.223416 0.006590
2 3 0.221469 0.223416 0.006590
2 4 0.225868 0.223416 0.006590
2 5 0.223728 0.223416 0.006590
2 6 0.224679 0.223416 0.006590
2 7 0.223134 0.223416 0.006590
2 8 0.218616 0.223416 0.006590
2 9 0.219330 0.223416 0.006590
2 10 0.219567 0.223416 0.006590
2 11 0.220281 0.223416 0.006590
2 12 0.221350 0.223416 0.006590
2 13 0.225273 0.223416 0.006590
2 14 0.225511 0.223416 0.006590
2 15 0.227413 0.223416 0.006590
2 16 0.228483 0.223416 0.006590
2 17 0.225273 0.223416 0.006590
2 18 0.222183 0.223416 0.006590
2 19 0.216120 0.223416 0.006590
2 20 0.214099 0.223416 0.006590
3 0 0.212316 0.223416 0.006590
3 1 0.215407 0.223416 0.006590
3 2 0.220162 0.223416 0.006590
3 3 0.220518 0.223416 0.006590
3 4 0.227651 0.223416 0.006590
3 5 0.227175 0.223416 0.006590
3 6 0.224917 0.223416 0.006590
3 7 0.221113 0.223416 0.006590
3 8 0.221707 0.223416 0.006590
3 9 0.218973 0.223416 0.006590
3 10 0.222658 0.223416 0.006590
3 11 0.225987 0.223416 0.006590
3 12 0.225036 0.223416 0.006590
3 13 0.225868 0.223416 0.006590
3 14 0.227294 0.223416 0.006590
3 15 0.228126 0.223416 0.006590
3 16 0.229196 0.223416 0.006590
3 17 0.225155 0.223416 0.006590
3 18 0.223728 0.223416 0.006590
3 19 0.218379 0.223416 0.006590
3 20 0.214812 0.223416 0.006590
4 0 0.209582 0.223416 0.006590
4 1 0.214693 0.223416 0.006590
4 2 0.219924 0.223416 0.006590
4 3 0.221588 0.223416 0.006590
4 4 0.225392 0.223416 0.006590
4 5 0.226106 0.223416 0.006590
4 6 0.226106 0.223416 0.006590
4 7 0.222658 0.223416 0.006590
4 8 0.222183 0.223416 0.006590
4 9 0.222896 0.223416 0.006590
4 10 0.223252 0.223416 0.006590
4 11 0.224798 0.223416 0.006590
4 12 0.223728 0.223416 0.006590
4 13 0.226343 0.223416 0.006590
4 14 0.227770 0.223416 0.006590
4 15 0.230504 0.223416 0.006590
4 16 0.230266 0.223416 0.006590
4 17 0.228245 0.223416 0.006590
4 18 0.224679 0.223416 0.006590
4 19 0.220875 0.223416 0.006590
4 20 0.216952 0.223416 0.006590
5 0 0.211246 0.223416 0.006590
5 1 0.213148 0.223416 0.006590
5 2 0.216476 0.223416 0.006590
5 3 0.221707 0.223416 0.006590
5 4 0.224917 0.223416 0.006590
5 5 0.226224 0.223416 0.006590
5 6 0.225273 0.223416 0.006590
5 7 0.221113 0.223416 0.006590
5 8 0.219092 0.223416 0.006590
5 9 0.221469 0.223416 0.006590
5 10 0.223490 0.223416 0.006590
5 11 0.223252 0.223416 0.006590
5 12 0.224322 0.223416 0.006590
5 13 0.225511 0.223416 0.006590
5 14 0.227413 0.223416 0.006590
5 15 0.229553 0.223416 0.006590
5 16 0.229791 0.223416 0.006590
5 17 0.228364 0.223416 0.006590
5 18 0.226581 0.223416 0.006590
5 19 0.223847 0.223416 0.006590
5 20 0.218616 0.223416 0.006590
6 0 0.213742 0.223416 0.006590
6 1 0.217665 0.223416 0.006590
6 2 0.221350 0.223416 0.006590
6 3 0.222896 0.223416 0.006590
6 4 0.225749 0.223416 0.006590
6 5 0.225987 0.223416 0.006590
6 6 0.224679 0.223416 0.006590
6 7 0.223252 0.223416 0.006590
6 8 0.220756 0.223416 0.006590
6 9 0.221469 0.223416 0.006590
6 10 0.223371 0.223416 0.006590
6 11 0.226106 0.223416 0.006590
6 12 0.225392 0.223416 0.006590
6 13 0.226700 0.223416 0.006590
6 14 0.230504 0.223416 0.006590
6 15 0.232168 0.223416 0.006590
6 16 0.233000 0.223416 0.006590
6 17 0.230504 0.223416 0.006590
6 18 0.228483 0.223416 0.006590
6 19 0.224917 0.223416 0.006590
6 20 0.220162 0.223416 0.006590
7 0 0.213148 0.223416 0.006590
7 1 0.216833 0.223416 0.006590
7 2 0.221588 0.223416 0.006590
7 3 0.222420 0.223416 0.006590
7 4 0.225155 0.223416 0.006590
7 5 0.225511 0.223416 0.006590
7 6 0.226224 0.223416 0.006590
7 7 0.226938 0.223416 0.006590
7 8 0.225155 0.223416 0.006590
7 9 0.224441 0.223416 0.006590
7 10 0.223847 0.223416 0.006590
7 11 0.224322 0.223416 0.006590
7 12 0.225511 0.223416 0.006590
7 13 0.226343 0.223416 0.006590
7 14 0.228483 0.223416 0.006590
7 15 0.232644 0.223416 0.006590
7 16 0.230385 0.223416 0.006590
7 17 0.228840 0.223416 0.006590
7 18 0.226700 0.223416 0.006590
7 19 0.222183 0.223416 0.006590
7 20 0.217903 0.223416 0.006590
8 0 0.212791 0.223416 0.006590
8 1 0.217903 0.223416 0.006590
8 2 0.219567 0.223416 0.006590
8 3 0.220756 0.223416 0.006590
8 4 0.224085 0.223416 0.006590
8 5 0.226106 0.223416 0.006590
8 6 0.225749 0.223416 0.006590
8 7 0.227889 0.223416 0.006590
8 8 0.227057 0.223416 0.006590
8 9 0.225868 0.223416 0.006590
8 10 0.224322 0.223416 0.006590
8 11 0.225392 0.223416 0.006590
8 12 0.228126 0.223416 0.006590
8 13 0.226938 0.223416 0.006590
8 14 0.229434 0.223416 0.006590
8 15 0.231931 0.223416 0.006590
8 16 0.230742 0.223416 0.006590
8 17 0.228008 0.223416 0.006590
8 18 0.225511 0.223416 0.006590
8 19 0.219924 0.223416 0.006590
8 20 0.216476 0.223416 0.006590
9 0 0.210889 0.223416 0.006590
9 1 0.214931 0.223416 0.006590
9 2 0.217903 0.223416 0.006590
9 3 0.220043 0.223416 0.006590
9 4 0.222777 0.223416 0.006590
9 5 0.224679 0.223416 0.006590
9 6 0.224085 0.223416 0.006590
9 7 0.228126 0.223416 0.006590
9 8 0.226343 0.223416 0.006590
9 9 0.224679 0.223416 0.006590
9 10 0.223371 0.223416 0.006590
9 11 0.225036 0.223416 0.006590
9 12 0.227294 0.223416 0.006590
9 13 0.226462 0.223416 0.006590
9 14 0.227889 0.223416 0.006590
9 15 0.230385 0.223416 0.006590
9 16 0.231336 0.223416 0.006590
9 17 0.228840 0.223416 0.006590
9 18 0.225155 0.223416 0.006590
9 19 0.219805 0.223416 0.006590
9 20 0.217190 0.223416 0.006590
10 0 0.211484 0.223416 0.006590
10 1 0.215644 0.223416 0.006590
10 2 0.220043 0.223416 0.006590
10 3 0.219448 0.223416 0.006590
10 4 0.225155 0.223416 0.006590
10 5 0.223490 0.223416 0.006590
10 6 0.223015 0.223416 0.006590
10 7 0.225273 0.223416 0.006590
10 8 0.225155 0.223416 0.006590
10 9 0.223966 0.223416 0.006590
10 10 0.224204 0.223416 0.006590
10 11 0.223015 0.223416 0.006590
10 12 0.225511 0.223416 0.006590
10 13 0.226224 0.223416 0.006590
10 14 0.230504 0.223416 0.006590
10 15 0.233595 0.223416 0.006590
10 16 0.231217 0.223416 0.006590
10 17 0.230029 0.223416 0.006590
10 18 0.226819 0.223416 0.006590
10 19 0.220518 0.223416 0.006590
10 20 0.215763 0.223416 0.006590
11 0 0.211959 0.223416 0.006590
11 1 0.217309 0.223416 0.006590
11 2 0.219805 0.223416 0.006590
11 3 0.222896 0.223416 0.006590
11 4 0.225273 0.223416 0.006590
11 5 0.224204 0.223416 0.006590
11 6 0.223966 0.223416 0.006590
11 7 0.224441 0.223416 0.006590
11 8 0.224204 0.223416 0.006590
11 9 0.224798 0.223416 0.006590
11 10 0.224204 0.223416 0.006590
11 11 0.224441 0.223416 0.006590
11 12 0.225749 0.223416 0.006590
11 13 0.226462 0.223416 0.006590
11 14 0.228126 0.223416 0.006590
11 15 0.232049 0.223416 0.006590
11 16 0.230504 0.223416 0.006590
11 17 0.228245 0.223416 0.006590
11 18 0.226224 0.223416 0.006590
11 19 0.221232 0.223416 0.006590
11 20 0.214456 0.223416 0.006590
12 0 0.213267 0.223416 0.006590
12 1 0.218854 0.223416 0.006590
12 2 0.222896 0.223416 0.006590
12 3 0.223252 0.223416 0.006590
12 4 0.227057 0.223416 0.006590
12 5 0.228126 0.223416 0.006590
12 6 0.226700 0.223416 0.006590
12 7 0.228008 0.223416 0.006590
12 8 0.227413 0.223416 0.006590
12 9 0.227294 0.223416 0.006590
12 10 0.226938 0.223416 0.006590
12 11 0.229553 0.223416 0.006590
12 12 0.226700 0.223416 0.006590
12 13 0.229078 0.223416 0.006590
12 14 0.230029 0.223416 0.006590
12 15 0.232287 0.223416 0.006590
12 16 0.232882 0.223416 0.006590
12 17 0.229553 0.223416 0.006590
12 18 0.226224 0.223416 0.006590
12 19 0.219567 0.223416 0.006590
12 20 0.216358 0.223416 0.006590
13 0 0.214812 0.223416 0.006590
13 1 0.220281 0.223416 0.006590
13 2 0.223728 0.223416 0.006590
13 3 0.225630 0.223416 0.006590
13 4 0.228483 0.223416 0.006590
13 5 0.230385 0.223416 0.006590
13 6 0.229672 0.223416 0.006590
13 7 0.231098 0.223416 0.006590
13 8 0.230861 0.223416 0.006590
13 9 0.231574 0.223416 0.006590
13 10 0.230147 0.223416 0.006590
13 11 0.231217 0.223416 0.006590
13 12 0.230504 0.223416 0.006590
13 13 0.229553 0.223416 0.006590
13 14 0.233238 0.223416 0.006590
13 15 0.235259 0.223416 0.006590
13 16 0.237042 0.223416 0.006590
13 17 0.233476 0.223416 0.006590
13 18 0.228721 0.223416 0.006590
13 19 0.222420 0.223416 0.006590
13 20 0.216239 0.223416 0.006590
14 0 0.216714 0.223416 0.006590
14 1 0.220518 0.223416 0.006590
14 2 0.223252 0.223416 0.006590
14 3 0.226224 0.223416 0.006590
14 4 0.229196 0.223416 0.006590
14 5 0.231931 0.223416 0.006590
14 6 0.230266 0.223416 0.006590
14 7 0.232763 0.223416 0.006590
14 8 0.232406 0.223416 0.006590
14 9 0.232644 0.223416 0.006590
14 10 0.231217 0.223416 0.006590
14 11 0.230029 0.223416 0.006590
14 12 0.231098 0.223416 0.006590
14 13 0.232168 0.223416 0.006590
14 14 0.234427 0.223416 0.006590
14 15 0.237161 0.223416 0.006590
14 16 0.235972 0.223416 0.006590
14 17 0.230980 0.223416 0.006590
14 18 0.228008 0.223416 0.006590
14 19 0.222183 0.223416 0.006590
14 20 0.215407 0.223416 0.006590
15 0 0.218260 0.223416 0.006590
15 1 0.222064 0.223416 0.006590
15 2 0.225987 0.223416 0.006590
15 3 0.226819 0.223416 0.006590
15 4 0.231217 0.223416 0.006590
15 5 0.230385 0.223416 0.006590
15 6 0.231455 0.223416 0.006590
15 7 0.232168 0.223416 0.006590
15 8 0.232525 0.223416 0.006590
15 9 0.234308 0.223416 0.006590
15 10 0.231336 0.223416 0.006590
15 11 0.232287 0.223416 0.006590
15 12 0.231693 0.223416 0.006590
15 13 0.233951 0.223416 0.006590
15 14 0.234784 0.223416 0.006590
15 15 0.236686 0.223416 0.006590
15 16 0.235735 0.223416 0.006590
15 17 0.230029 0.223416 0.006590
15 18 0.226819 0.223416 0.006590
15 19 0.221588 0.223416 0.006590
15 20 0.212316 0.223416 0.006590
16 0 0.215407 0.223416 0.006590
16 1 0.218260 0.223416 0.006590
16 2 0.222420 0.223416 0.006590
16 3 0.223490 0.223416 0.006590
16 4 0.229078 0.223416 0.006590
16 5 0.228721 0.223416 0.006590
16 6 0.229078 0.223416 0.006590
16 7 0.232168 0.223416 0.006590
16 8 0.231217 0.223416 0.006590
16 9 0.233476 0.223416 0.006590
16 10 0.232525 0.223416 0.006590
16 11 0.230623 0.223416 0.006590
16 12 0.231574 0.223416 0.006590
16 13 0.230504 0.223416 0.006590
16 14 0.234784 0.223416 0.006590
16 15 0.235021 0.223416 0.006590
16 16 0.233714 0.223416 0.006590
16 17 0.228245 0.223416 0.006590
16 18 0.222420 0.223416 0.006590
16 19 0.216833 0.223416 0.006590
16 20 0.212197 0.223416 0.006590
17 0 0.214456 0.223416 0.006590
17 1 0.216001 0.223416 0.006590
17 2 0.219567 0.223416 0.006590
17 3 0.220637 0.223416 0.006590
17 4 0.228602 0.223416 0.006590
17 5 0.227889 0.223416 0.006590
17 6 0.227651 0.223416 0.006590
17 7 0.228840 0.223416 0.006590
17 8 0.227294 0.223416 0.006590
17 9 0.228245 0.223416 0.006590
17 10 0.228959 0.223416 0.006590
17 11 0.229315 0.223416 0.006590
17 12 0.228721 0.223416 0.006590
17 13 0.229672 0.223416 0.006590
17 14 0.232525 0.223416 0.006590
17 15 0.232406 0.223416 0.006590
17 16 0.229910 0.223416 0.006590
17 17 0.225630 0.223416 0.006590
17 18 0.220281 0.223416 0.006590
17 19 0.215050 0.223416 0.006590
17 20 0.209938 0.223416 0.006590
18 0 0.211246 0.223416 0.006590
18 1 0.216833 0.223416 0.006590
18 2 0.220399 0.223416 0.006590
18 3 0.222777 0.223416 0.006590
18 4 0.227532 0.223416 0.006590
18 5 0.226700 0.223416 0.006590
18 6 0.227532 0.223416 0.006590
18 7 0.226581 0.223416 0.006590
18 8 0.225273 0.223416 0.006590
18 9 0.226819 0.223416 0.006590
18 10 0.227057 0.223416 0.006590
18 11 0.224798 0.223416 0.006590
18 12 0.227057 0.223416 0.006590
18 13 0.228245 0.223416 0.006590
18 14 0.230385 0.223416 0.006590
18 15 0.228721 0.223416 0.006590
18 16 0.226819 0.223416 0.006590
18 17 0.223847 0.223416 0.006590
18 18 0.218616 0.223416 0.006590
18 19 0.212316 0.223416 0.006590
18 20 0.205302 0.223416 0.006590
19 0 0.208036 0.223416 0.006590
19 1 0.214099 0.223416 0.006590
19 2 0.218260 0.223416 0.006590
19 3 0.220043 0.223416 0.006590
19 4 0.225155 0.223416 0.006590
19 5 0.225155 0.223416 0.006590
19 6 0.225630 0.223416 0.006590
19 7 0.224204 0.223416 0.006590
19 8 0.222183 0.223416 0.006590
19 9 0.223847 0.223416 0.006590
19 10 0.223015 0.223416 0.006590
19 11 0.224679 0.223416 0.006590
19 12 0.224441 0.223416 0.006590
19 13 0.225749 0.223416 0.006590
19 14 0.228364 0.223416 0.006590
19 15 0.227175 0.223416 0.006590
19 16 0.224085 0.223416 0.006590
19 17 0.220875 0.223416 0.006590
19 18 0.215525 0.223416 0.006590
19 19 0.208512 0.223416 0.006590
19 20 0.200309 0.223416 0.006590
20 0 0.205302 0.223416 0.006590
20 1 0.210414 0.223416 0.006590
20 2 0.214693 0.223416 0.006590
20 3 0.217309 0.223416 0.006590
20 4 0.221826 0.223416 0.006590
20 5 0.220162 0.223416 0.006590
20 6 0.223252 0.223416 0.006590
20 7 0.222064 0.223416 0.006590
20 8 0.219924 0.223416 0.006590
20 9 0.218379 0.223416 0.006590
20 10 0.217071 0.223416 0.006590
20 11 0.220162 0.223416 0.006590
20 12 0.218973 0.223416 0.006590
20 13 0.220162 0.223416 0.006590
20 14 0.223134 0.223416 0.006590
20 15 0.220875 0.223416 0.006590
20 16 0.217784 0.223416 0.006590
20 17 0.214337 0.223416 0.006590
20 18 0.207917 0.223416 0.006590
20 19 0.201141 0.223416 0.006590
20 20 0.191750 0.223416 0.006590
