# contact distance = 32.0 Angstroms
# F = 0.4 kJ/mol

# i j contact_probability mean_contact_probability stddev_contact_probability
0 0 0.203095 0.207716 0.006475
0 1 0.203477 0.207716 0.006475
0 2 0.202904 0.207716 0.006475
0 3 0.206534 0.207716 0.006475
0 4 0.200229 0.207716 0.006475
0 5 0.196981 0.207716 0.006475
0 6 0.196790 0.207716 0.006475
0 7 0.194115 0.207716 0.006475
0 8 0.193160 0.207716 0.006475
0 9 0.192969 0.207716 0.006475
0 10 0.195453 0.207716 0.006475
0 11 0.199847 0.207716 0.006475
0 12 0.198319 0.207716 0.006475
0 13 0.197363 0.207716 0.006475
0 14 0.195644 0.207716 0.006475
0 15 0.198128 0.207716 0.006475
0 16 0.201949 0.207716 0.006475
0 17 0.200994 0.207716 0.006475
0 18 0.196790 0.207716 0.006475
0 19 0.197746 0.207716 0.006475
0 20 0.194880 0.207716 0.006475
1 0 0.205961 0.207716 0.006475
1 1 0.206916 0.207716 0.006475
1 2 0.203095 0.207716 0.006475
1 3 0.210929 0.207716 0.006475
1 4 0.206152 0.207716 0.006475
1 5 0.205006 0.207716 0.006475
1 6 0.200994 0.207716 0.006475
1 7 0.202713 0.207716 0.006475
1 8 0.199274 0.207716 0.006475
1 9 0.201376 0.207716 0.006475
1 10 0.202331 0.207716 0.006475
1 11 0.203477 0.207716 0.006475
1 12 0.200420 0.207716 0.006475
1 13 0.200229 0.207716 0.006475
1 14 0.200420 0.207716 0.006475
1 15 0.200611 0.207716 0.006475
1 16 0.203095 0.207716 0.006475
1 17 0.202904 0.207716 0.006475
1 18 0.200038 0.207716 0.006475
1 19 0.200038 0.207716 0.006475
1 20 0.198892 0.207716 0.006475
2 0 0.205579 0.207716 0.006475
2 1 0.208445 0.207716 0.006475
2 2 0.208827 0.207716 0.006475
2 3 0.209209 0.207716 0.006475
2 4 0.208063 0.207716 0.006475
2 5 0.208827 0.207716 0.006475
2 6 0.204050 0.207716 0.006475
2 7 0.202904 0.207716 0.006475
2 8 0.204050 0.207716 0.006475
2 9 0.203668 0.207716 0.006475
2 10 0.204433 0.207716 0.006475
2 11 0.203859 0.207716 0.006475
2 12 0.205197 0.207716 0.006475
2 13 0.201758 0.207716 0.006475
2 14 0.201567 0.207716 0.006475
2 15 0.203859 0.207716 0.006475
2 16 0.205579 0.207716 0.006475
2 17 0.203286 0.207716 0.006475
2 18 0.201758 0.207716 0.006475
2 19 0.203477 0.207716 0.006475
2 20 0.200611 0.207716 0.006475
3 0 0.205006 0.207716 0.006475
3 1 0.208445 0.207716 0.006475
3 2 0.209209 0.207716 0.006475
3 3 0.210737 0.207716 0.006475
3 4 0.210355 0.207716 0.006475
3 5 0.207107 0.207716 0.006475
3 6 0.204624 0.207716 0.006475
3 7 0.204050 0.207716 0.006475
3 8 0.207107 0.207716 0.006475
3 9 0.203859 0.207716 0.006475
3 10 0.205197 0.207716 0.006475
3 11 0.208636 0.207716 0.006475
3 12 0.208636 0.207716 0.006475
3 13 0.205961 0.207716 0.006475
3 14 0.204624 0.207716 0.006475
3 15 0.207872 0.207716 0.006475
3 16 0.206534 0.207716 0.006475
3 17 0.207489 0.207716 0.006475
3 18 0.203859 0.207716 0.006475
3 19 0.203477 0.207716 0.006475
3 20 0.203477 0.207716 0.006475
4 0 0.197554 0.207716 0.006475
4 1 0.204050 0.207716 0.006475
4 2 0.205579 0.207716 0.006475
4 3 0.210737 0.207716 0.006475
4 4 0.209782 0.207716 0.006475
4 5 0.206725 0.207716 0.006475
4 6 0.206916 0.207716 0.006475
4 7 0.205197 0.207716 0.006475
4 8 0.206916 0.207716 0.006475
4 9 0.208063 0.207716 0.006475
4 10 0.205770 0.207716 0.006475
4 11 0.207872 0.207716 0.006475
4 12 0.209209 0.207716 0.006475
4 13 0.206152 0.207716 0.006475
4 14 0.202713 0.207716 0.006475
4 15 0.206152 0.207716 0.006475
4 16 0.208063 0.207716 0.006475
4 17 0.209400 0.207716 0.006475
4 18 0.205197 0.207716 0.006475
4 19 0.205579 0.207716 0.006475
4 20 0.200802 0.207716 0.006475
5 0 0.199465 0.207716 0.006475
5 1 0.205770 0.207716 0.006475
5 2 0.208063 0.207716 0.006475
5 3 0.209782 0.207716 0.006475
5 4 0.211311 0.207716 0.006475
5 5 0.209973 0.207716 0.006475
5 6 0.209591 0.207716 0.006475
5 7 0.206916 0.207716 0.006475
5 8 0.209973 0.207716 0.006475
5 9 0.210164 0.207716 0.006475
5 10 0.208827 0.207716 0.006475
5 11 0.209018 0.207716 0.006475
5 12 0.211120 0.207716 0.006475
5 13 0.211120 0.207716 0.006475
5 14 0.205388 0.207716 0.006475
5 15 0.209591 0.207716 0.006475
5 16 0.209591 0.207716 0.006475
5 17 0.208827 0.207716 0.006475
5 18 0.206534 0.207716 0.006475
5 19 0.207107 0.207716 0.006475
5 20 0.201567 0.207716 0.006475
6 0 0.195262 0.207716 0.006475
6 1 0.204050 0.207716 0.006475
6 2 0.204050 0.207716 0.006475
6 3 0.207872 0.207716 0.006475
6 4 0.206343 0.207716 0.006475
6 5 0.208445 0.207716 0.006475
6 6 0.209018 0.207716 0.006475
6 7 0.210355 0.207716 0.006475
6 8 0.211120 0.207716 0.006475
6 9 0.209973 0.207716 0.006475
6 10 0.208827 0.207716 0.006475
6 11 0.211120 0.207716 0.006475
6 12 0.213794 0.207716 0.006475
6 13 0.211120 0.207716 0.006475
6 14 0.208063 0.207716 0.006475
6 15 0.209591 0.207716 0.006475
6 16 0.212075 0.207716 0.006475
6 17 0.210355 0.207716 0.006475
6 18 0.206152 0.207716 0.006475
6 19 0.206725 0.207716 0.006475
6 20 0.202713 0.207716 0.006475
7 0 0.192778 0.207716 0.006475
7 1 0.200611 0.207716 0.006475
7 2 0.204433 0.207716 0.006475
7 3 0.209018 0.207716 0.006475
7 4 0.205579 0.207716 0.006475
7 5 0.205770 0.207716 0.006475
7 6 0.207489 0.207716 0.006475
7 7 0.205770 0.207716 0.006475
7 8 0.207107 0.207716 0.006475
7 9 0.210737 0.207716 0.006475
7 10 0.210164 0.207716 0.006475
7 11 0.210929 0.207716 0.006475
7 12 0.216278 0.207716 0.006475
7 13 0.214750 0.207716 0.006475
7 14 0.212266 0.207716 0.006475
7 15 0.212266 0.207716 0.006475
7 16 0.211311 0.207716 0.006475
7 17 0.212266 0.207716 0.006475
7 18 0.208827 0.207716 0.006475
7 19 0.205006 0.207716 0.006475
7 20 0.202331 0.207716 0.006475
8 0 0.194306 0.207716 0.006475
8 1 0.200038 0.207716 0.006475
8 2 0.205388 0.207716 0.006475
8 3 0.208254 0.207716 0.006475
8 4 0.205961 0.207716 0.006475
8 5 0.204241 0.207716 0.006475
8 6 0.206343 0.207716 0.006475
8 7 0.203286 0.207716 0.006475
8 8 0.203477 0.207716 0.006475
8 9 0.208254 0.207716 0.006475
8 10 0.208636 0.207716 0.006475
8 11 0.211120 0.207716 0.006475
8 12 0.215514 0.207716 0.006475
8 13 0.216660 0.207716 0.006475
8 14 0.212457 0.207716 0.006475
8 15 0.212839 0.207716 0.006475
8 16 0.210164 0.207716 0.006475
8 17 0.210737 0.207716 0.006475
8 18 0.209782 0.207716 0.006475
8 19 0.206343 0.207716 0.006475
8 20 0.202140 0.207716 0.006475
9 0 0.196790 0.207716 0.006475
9 1 0.200802 0.207716 0.006475
9 2 0.205006 0.207716 0.006475
9 3 0.207681 0.207716 0.006475
9 4 0.208063 0.207716 0.006475
9 5 0.207872 0.207716 0.006475
9 6 0.210164 0.207716 0.006475
9 7 0.208827 0.207716 0.006475
9 8 0.207681 0.207716 0.006475
9 9 0.207107 0.207716 0.006475
9 10 0.209591 0.207716 0.006475
9 11 0.210164 0.207716 0.006475
9 12 0.211693 0.207716 0.006475
9 13 0.214559 0.207716 0.006475
9 14 0.214559 0.207716 0.006475
9 15 0.213221 0.207716 0.006475
9 16 0.211884 0.207716 0.006475
9 17 0.211502 0.207716 0.006475
9 18 0.207681 0.207716 0.006475
9 19 0.209400 0.207716 0.006475
9 20 0.201376 0.207716 0.006475
10 0 0.198128 0.207716 0.006475
10 1 0.204050 0.207716 0.006475
10 2 0.207107 0.207716 0.006475
10 3 0.211502 0.207716 0.006475
10 4 0.210164 0.207716 0.006475
10 5 0.211311 0.207716 0.006475
10 6 0.213030 0.207716 0.006475
10 7 0.211311 0.207716 0.006475
10 8 0.209209 0.207716 0.006475
10 9 0.209018 0.207716 0.006475
10 10 0.209591 0.207716 0.006475
10 11 0.209400 0.207716 0.006475
10 12 0.214750 0.207716 0.006475
10 13 0.213985 0.207716 0.006475
10 14 0.213412 0.207716 0.006475
10 15 0.210737 0.207716 0.006475
10 16 0.213985 0.207716 0.006475
10 17 0.214368 0.207716 0.006475
10 18 0.211502 0.207716 0.006475
10 19 0.209973 0.207716 0.006475
10 20 0.205388 0.207716 0.006475
11 0 0.199083 0.207716 0.006475
11 1 0.206152 0.207716 0.006475
11 2 0.209591 0.207716 0.006475
11 3 0.214368 0.207716 0.006475
11 4 0.212075 0.207716 0.006475
11 5 0.216087 0.207716 0.006475
11 6 0.212839 0.207716 0.006475
11 7 0.214177 0.207716 0.006475
11 8 0.212457 0.207716 0.006475
11 9 0.210546 0.207716 0.006475
11 10 0.210737 0.207716 0.006475
11 11 0.211120 0.207716 0.006475
11 12 0.215896 0.207716 0.006475
11 13 0.214368 0.207716 0.006475
11 14 0.212648 0.207716 0.006475
11 15 0.215323 0.207716 0.006475
11 16 0.217616 0.207716 0.006475
11 17 0.216469 0.207716 0.006475
11 18 0.211693 0.207716 0.006475
11 19 0.212266 0.207716 0.006475
11 20 0.209018 0.207716 0.006475
12 0 0.199274 0.207716 0.006475
12 1 0.204624 0.207716 0.006475
12 2 0.208827 0.207716 0.006475
12 3 0.215705 0.207716 0.006475
12 4 0.215705 0.207716 0.006475
12 5 0.215705 0.207716 0.006475
12 6 0.215514 0.207716 0.006475
12 7 0.213985 0.207716 0.006475
12 8 0.214559 0.207716 0.006475
12 9 0.215323 0.207716 0.006475
12 10 0.215514 0.207716 0.006475
12 11 0.215323 0.207716 0.006475
12 12 0.217042 0.207716 0.006475
12 13 0.216469 0.207716 0.006475
12 14 0.215132 0.207716 0.006475
12 15 0.217807 0.207716 0.006475
12 16 0.219717 0.207716 0.006475
12 17 0.218380 0.207716 0.006475
12 18 0.212839 0.207716 0.006475
12 19 0.212648 0.207716 0.006475
12 20 0.207681 0.207716 0.006475
13 0 0.196408 0.207716 0.006475
13 1 0.203668 0.207716 0.006475
13 2 0.209209 0.207716 0.006475
13 3 0.214368 0.207716 0.006475
13 4 0.216087 0.207716 0.006475
13 5 0.216851 0.207716 0.006475
13 6 0.214177 0.207716 0.006475
13 7 0.214177 0.207716 0.006475
13 8 0.215705 0.207716 0.006475
13 9 0.215132 0.207716 0.006475
13 10 0.215514 0.207716 0.006475
13 11 0.213794 0.207716 0.006475
13 12 0.216851 0.207716 0.006475
13 13 0.215323 0.207716 0.006475
13 14 0.214750 0.207716 0.006475
13 15 0.219526 0.207716 0.006475
13 16 0.221055 0.207716 0.006475
13 17 0.219717 0.207716 0.006475
13 18 0.215896 0.207716 0.006475
13 19 0.213603 0.207716 0.006475
13 20 0.208445 0.207716 0.006475
14 0 0.198128 0.207716 0.006475
14 1 0.204050 0.207716 0.006475
14 2 0.207872 0.207716 0.006475
14 3 0.213412 0.207716 0.006475
14 4 0.217233 0.207716 0.006475
14 5 0.215323 0.207716 0.006475
14 6 0.214750 0.207716 0.006475
14 7 0.213030 0.207716 0.006475
14 8 0.216087 0.207716 0.006475
14 9 0.215132 0.207716 0.006475
14 10 0.215705 0.207716 0.006475
14 11 0.214368 0.207716 0.006475
14 12 0.213030 0.207716 0.006475
14 13 0.215896 0.207716 0.006475
14 14 0.214941 0.207716 0.006475
14 15 0.219144 0.207716 0.006475
14 16 0.218571 0.207716 0.006475
14 17 0.218380 0.207716 0.006475
14 18 0.213603 0.207716 0.006475
14 19 0.214177 0.207716 0.006475
14 20 0.206725 0.207716 0.006475
15 0 0.199274 0.207716 0.006475
15 1 0.202713 0.207716 0.006475
15 2 0.207489 0.207716 0.006475
15 3 0.213412 0.207716 0.006475
15 4 0.214177 0.207716 0.006475
15 5 0.216087 0.207716 0.006475
15 6 0.215132 0.207716 0.006475
15 7 0.213412 0.207716 0.006475
15 8 0.213603 0.207716 0.006475
15 9 0.212075 0.207716 0.006475
15 10 0.215323 0.207716 0.006475
15 11 0.215323 0.207716 0.006475
15 12 0.215132 0.207716 0.006475
15 13 0.213794 0.207716 0.006475
15 14 0.219144 0.207716 0.006475
15 15 0.221628 0.207716 0.006475
15 16 0.220099 0.207716 0.006475
15 17 0.217042 0.207716 0.006475
15 18 0.215323 0.207716 0.006475
15 19 0.213412 0.207716 0.006475
15 20 0.208254 0.207716 0.006475
16 0 0.200229 0.207716 0.006475
16 1 0.203859 0.207716 0.006475
16 2 0.207107 0.207716 0.006475
16 3 0.215323 0.207716 0.006475
16 4 0.213794 0.207716 0.006475
16 5 0.211311 0.207716 0.006475
16 6 0.211693 0.207716 0.006475
16 7 0.210737 0.207716 0.006475
16 8 0.213221 0.207716 0.006475
16 9 0.211502 0.207716 0.006475
16 10 0.214368 0.207716 0.006475
16 11 0.213603 0.207716 0.006475
16 12 0.216087 0.207716 0.006475
16 13 0.214368 0.207716 0.006475
16 14 0.213985 0.207716 0.006475
16 15 0.218189 0.207716 0.006475
16 16 0.213221 0.207716 0.006475
16 17 0.213221 0.207716 0.006475
16 18 0.212839 0.207716 0.006475
16 19 0.210164 0.207716 0.006475
16 20 0.202140 0.207716 0.006475
17 0 0.197172 0.207716 0.006475
17 1 0.201949 0.207716 0.006475
17 2 0.201949 0.207716 0.006475
17 3 0.209591 0.207716 0.006475
17 4 0.213221 0.207716 0.006475
17 5 0.210355 0.207716 0.006475
17 6 0.211693 0.207716 0.006475
17 7 0.207681 0.207716 0.006475
17 8 0.209400 0.207716 0.006475
17 9 0.211693 0.207716 0.006475
17 10 0.213985 0.207716 0.006475
17 11 0.214368 0.207716 0.006475
17 12 0.215132 0.207716 0.006475
17 13 0.214750 0.207716 0.006475
17 14 0.212075 0.207716 0.006475
17 15 0.216851 0.207716 0.006475
17 16 0.215514 0.207716 0.006475
17 17 0.213603 0.207716 0.006475
17 18 0.211311 0.207716 0.006475
17 19 0.205770 0.207716 0.006475
17 20 0.199083 0.207716 0.006475
18 0 0.193542 0.207716 0.006475
18 1 0.198319 0.207716 0.006475
18 2 0.201758 0.207716 0.006475
18 3 0.204815 0.207716 0.006475
18 4 0.206725 0.207716 0.006475
18 5 0.207489 0.207716 0.006475
18 6 0.207872 0.207716 0.006475
18 7 0.208063 0.207716 0.006475
18 8 0.210164 0.207716 0.006475
18 9 0.212457 0.207716 0.006475
18 10 0.209973 0.207716 0.006475
18 11 0.210164 0.207716 0.006475
18 12 0.209591 0.207716 0.006475
18 13 0.209782 0.207716 0.006475
18 14 0.208445 0.207716 0.006475
18 15 0.212648 0.207716 0.006475
18 16 0.212648 0.207716 0.006475
18 17 0.208827 0.207716 0.006475
18 18 0.204624 0.207716 0.006475
18 19 0.201376 0.207716 0.006475
18 20 0.196217 0.207716 0.006475
19 0 0.192014 0.207716 0.006475
19 1 0.193924 0.207716 0.006475
19 2 0.197746 0.207716 0.006475
19 3 0.203095 0.207716 0.006475
19 4 0.203286 0.207716 0.006475
19 5 0.203477 0.207716 0.006475
19 6 0.205388 0.207716 0.006475
19 7 0.207298 0.207716 0.006475
19 8 0.208827 0.207716 0.006475
19 9 0.208636 0.207716 0.006475
19 10 0.207298 0.207716 0.006475
19 11 0.207489 0.207716 0.006475
19 12 0.206916 0.207716 0.006475
19 13 0.206534 0.207716 0.006475
19 14 0.204433 0.207716 0.006475
19 15 0.205579 0.207716 0.006475
19 16 0.203286 0.207716 0.006475
19 17 0.198701 0.207716 0.006475
19 18 0.198510 0.207716 0.006475
19 19 0.192969 0.207716 0.006475
19 20 0.188002 0.207716 0.006475
20 0 0.188384 0.207716 0.006475
20 1 0.190103 0.207716 0.006475
20 2 0.193351 0.207716 0.006475
20 3 0.198319 0.207716 0.006475
20 4 0.200611 0.207716 0.006475
20 5 0.201185 0.207716 0.006475
20 6 0.202331 0.207716 0.006475
20 7 0.205388 0.207716 0.006475
20 8 0.204624 0.207716 0.006475
20 9 0.205006 0.207716 0.006475
20 10 0.204241 0.207716 0.006475
20 11 0.203477 0.207716 0.006475
20 12 0.205006 0.207716 0.006475
20 13 0.203668 0.207716 0.006475
20 14 0.199847 0.207716 0.006475
20 15 0.200802 0.207716 0.006475
20 16 0.196790 0.207716 0.006475
20 17 0.192969 0.207716 0.006475
20 18 0.187810 0.207716 0.006475
20 19 0.185900 0.207716 0.006475
20 20 0.180168 0.207716 0.006475
