# contact distance = 32.0 Angstroms
# F = 0.4 kJ/mol

# i j contact_probability mean_contact_probability stddev_contact_probability
0 0 0.183948 0.204124 0.009535
0 1 0.185973 0.204124 0.009535
0 2 0.188865 0.204124 0.009535
0 3 0.186262 0.204124 0.009535
0 4 0.186551 0.204124 0.009535
0 5 0.187274 0.204124 0.009535
0 6 0.188142 0.204124 0.009535
0 7 0.189588 0.204124 0.009535
0 8 0.191179 0.204124 0.009535
0 9 0.189877 0.204124 0.009535
0 10 0.192046 0.204124 0.009535
0 11 0.193637 0.204124 0.009535
0 12 0.193492 0.204124 0.009535
0 13 0.195083 0.204124 0.009535
0 14 0.196963 0.204124 0.009535
0 15 0.197108 0.204124 0.009535
0 16 0.197252 0.204124 0.009535
0 17 0.198120 0.204124 0.009535
0 18 0.194939 0.204124 0.009535
0 19 0.190600 0.204124 0.009535
0 20 0.186985 0.204124 0.009535
1 0 0.185539 0.204124 0.009535
1 1 0.191034 0.204124 0.009535
1 2 0.191034 0.204124 0.009535
1 3 0.190745 0.204124 0.009535
1 4 0.191612 0.204124 0.009535
1 5 0.192191 0.204124 0.009535
1 6 0.194649 0.204124 0.009535
1 7 0.193782 0.204124 0.009535
1 8 0.192336 0.204124 0.009535
1 9 0.193782 0.204124 0.009535
1 10 0.195951 0.204124 0.009535
1 11 0.199711 0.204124 0.009535
1 12 0.200145 0.204124 0.009535
1 13 0.202314 0.204124 0.009535
1 14 0.204049 0.204124 0.009535
1 15 0.203181 0.204124 0.009535
1 16 0.204772 0.204124 0.009535
1 17 0.202892 0.204124 0.009535
1 18 0.199855 0.204124 0.009535
1 19 0.196963 0.204124 0.009535
1 20 0.193926 0.204124 0.009535
2 0 0.188142 0.204124 0.009535
2 1 0.191323 0.204124 0.009535
2 2 0.193059 0.204124 0.009535
2 3 0.192480 0.204124 0.009535
2 4 0.193782 0.204124 0.009535
2 5 0.194649 0.204124 0.009535
2 6 0.194649 0.204124 0.009535
2 7 0.194505 0.204124 0.009535
2 8 0.195228 0.204124 0.009535
2 9 0.194794 0.204124 0.009535
2 10 0.198409 0.204124 0.009535
2 11 0.201735 0.204124 0.009535
2 12 0.204772 0.204124 0.009535
2 13 0.207520 0.204124 0.009535
2 14 0.209978 0.204124 0.009535
2 15 0.208388 0.204124 0.009535
2 16 0.208532 0.204124 0.009535
2 17 0.207809 0.204124 0.009535
2 18 0.204917 0.204124 0.009535
2 19 0.202169 0.204124 0.009535
2 20 0.197542 0.204124 0.009535
3 0 0.185828 0.204124 0.009535
3 1 0.190022 0.204124 0.009535
3 2 0.191468 0.204124 0.009535
3 3 0.191468 0.204124 0.009535
3 4 0.195372 0.204124 0.009535
3 5 0.194505 0.204124 0.009535
3 6 0.195083 0.204124 0.009535
3 7 0.193782 0.204124 0.009535
3 8 0.194649 0.204124 0.009535
3 9 0.197252 0.204124 0.009535
3 10 0.199566 0.204124 0.009535
3 11 0.201591 0.204124 0.009535
3 12 0.204483 0.204124 0.009535
3 13 0.207809 0.204124 0.009535
3 14 0.210412 0.204124 0.009535
3 15 0.210846 0.204124 0.009535
3 16 0.209255 0.204124 0.009535
3 17 0.207954 0.204124 0.009535
3 18 0.207664 0.204124 0.009535
3 19 0.202169 0.204124 0.009535
3 20 0.198265 0.204124 0.009535
4 0 0.185683 0.204124 0.009535
4 1 0.189299 0.204124 0.009535
4 2 0.189588 0.204124 0.009535
4 3 0.191323 0.204124 0.009535
4 4 0.195806 0.204124 0.009535
4 5 0.193059 0.204124 0.009535
4 6 0.196095 0.204124 0.009535
4 7 0.195951 0.204124 0.009535
4 8 0.198265 0.204124 0.009535
4 9 0.195228 0.204124 0.009535
4 10 0.198843 0.204124 0.009535
4 11 0.204628 0.204124 0.009535
4 12 0.206652 0.204124 0.009535
4 13 0.208821 0.204124 0.009535
4 14 0.210412 0.204124 0.009535
4 15 0.210991 0.204124 0.009535
4 16 0.209400 0.204124 0.009535
4 17 0.209111 0.204124 0.009535
4 18 0.207231 0.204124 0.009535
4 19 0.204338 0.204124 0.009535
4 20 0.199422 0.204124 0.009535
5 0 0.186117 0.204124 0.009535
5 1 0.186262 0.204124 0.009535
5 2 0.189588 0.204124 0.009535
5 3 0.190311 0.204124 0.009535
5 4 0.195806 0.204124 0.009535
5 5 0.197108 0.204124 0.009535
5 6 0.198843 0.204124 0.009535
5 7 0.200145 0.204124 0.009535
5 8 0.199422 0.204124 0.009535
5 9 0.197542 0.204124 0.009535
5 10 0.199855 0.204124 0.009535
5 11 0.204772 0.204124 0.009535
5 12 0.205351 0.204124 0.009535
5 13 0.209255 0.204124 0.009535
5 14 0.212726 0.204124 0.009535
5 15 0.211714 0.204124 0.009535
5 16 0.213738 0.204124 0.009535
5 17 0.210557 0.204124 0.009535
5 18 0.210123 0.204124 0.009535
5 19 0.204772 0.204124 0.009535
5 20 0.198265 0.204124 0.009535
6 0 0.182213 0.204124 0.009535
6 1 0.187997 0.204124 0.009535
6 2 0.187708 0.204124 0.009535
6 3 0.187997 0.204124 0.009535
6 4 0.195517 0.204124 0.009535
6 5 0.196240 0.204124 0.009535
6 6 0.198988 0.204124 0.009535
6 7 0.197542 0.204124 0.009535
6 8 0.199277 0.204124 0.009535
6 9 0.200145 0.204124 0.009535
6 10 0.199566 0.204124 0.009535
6 11 0.201735 0.204124 0.009535
6 12 0.203905 0.204124 0.009535
6 13 0.208098 0.204124 0.009535
6 14 0.211714 0.204124 0.009535
6 15 0.213304 0.204124 0.009535
6 16 0.213738 0.204124 0.009535
6 17 0.213738 0.204124 0.009535
6 18 0.211714 0.204124 0.009535
6 19 0.208677 0.204124 0.009535
6 20 0.203326 0.204124 0.009535
7 0 0.181345 0.204124 0.009535
7 1 0.185828 0.204124 0.009535
7 2 0.185973 0.204124 0.009535
7 3 0.188286 0.204124 0.009535
7 4 0.191612 0.204124 0.009535
7 5 0.193926 0.204124 0.009535
7 6 0.197397 0.204124 0.009535
7 7 0.198265 0.204124 0.009535
7 8 0.199566 0.204124 0.009535
7 9 0.199277 0.204124 0.009535
7 10 0.197686 0.204124 0.009535
7 11 0.201880 0.204124 0.009535
7 12 0.205640 0.204124 0.009535
7 13 0.209400 0.204124 0.009535
7 14 0.211280 0.204124 0.009535
7 15 0.211135 0.204124 0.009535
7 16 0.211135 0.204124 0.009535
7 17 0.213304 0.204124 0.009535
7 18 0.211280 0.204124 0.009535
7 19 0.208532 0.204124 0.009535
7 20 0.203037 0.204124 0.009535
8 0 0.181200 0.204124 0.009535
8 1 0.183948 0.204124 0.009535
8 2 0.185683 0.204124 0.009535
8 3 0.187274 0.204124 0.009535
8 4 0.193203 0.204124 0.009535
8 5 0.195372 0.204124 0.009535
8 6 0.197252 0.204124 0.009535
8 7 0.197686 0.204124 0.009535
8 8 0.199711 0.204124 0.009535
8 9 0.201012 0.204124 0.009535
8 10 0.202314 0.204124 0.009535
8 11 0.204338 0.204124 0.009535
8 12 0.207375 0.204124 0.009535
8 13 0.211714 0.204124 0.009535
8 14 0.211714 0.204124 0.009535
8 15 0.210557 0.204124 0.009535
8 16 0.211280 0.204124 0.009535
8 17 0.210268 0.204124 0.009535
8 18 0.209689 0.204124 0.009535
8 19 0.207664 0.204124 0.009535
8 20 0.200000 0.204124 0.009535
9 0 0.187274 0.204124 0.009535
9 1 0.189732 0.204124 0.009535
9 2 0.188720 0.204124 0.009535
9 3 0.192191 0.204124 0.009535
9 4 0.197108 0.204124 0.009535
9 5 0.200434 0.204124 0.009535
9 6 0.200145 0.204124 0.009535
9 7 0.200000 0.204124 0.009535
9 8 0.199277 0.204124 0.009535
9 9 0.201157 0.204124 0.009535
9 10 0.203471 0.204124 0.009535
9 11 0.206797 0.204124 0.009535
9 12 0.210123 0.204124 0.009535
9 13 0.210701 0.204124 0.009535
9 14 0.212148 0.204124 0.009535
9 15 0.212292 0.204124 0.009535
9 16 0.214606 0.204124 0.009535
9 17 0.212148 0.204124 0.009535
9 18 0.210412 0.204124 0.009535
9 19 0.209689 0.204124 0.009535
9 20 0.202025 0.204124 0.009535
10 0 0.188431 0.204124 0.009535
10 1 0.192914 0.204124 0.009535
10 2 0.190745 0.204124 0.009535
10 3 0.194360 0.204124 0.009535
10 4 0.198843 0.204124 0.009535
10 5 0.203037 0.204124 0.009535
10 6 0.201880 0.204124 0.009535
10 7 0.203905 0.204124 0.009535
10 8 0.203471 0.204124 0.009535
10 9 0.203181 0.204124 0.009535
10 10 0.204483 0.204124 0.009535
10 11 0.212726 0.204124 0.009535
10 12 0.214317 0.204124 0.009535
10 13 0.213594 0.204124 0.009535
10 14 0.215763 0.204124 0.009535
10 15 0.215040 0.204124 0.009535
10 16 0.213738 0.204124 0.009535
10 17 0.212437 0.204124 0.009535
10 18 0.214751 0.204124 0.009535
10 19 0.209255 0.204124 0.009535
10 20 0.204049 0.204124 0.009535
11 0 0.187419 0.204124 0.009535
11 1 0.192769 0.204124 0.009535
11 2 0.196385 0.204124 0.009535
11 3 0.198988 0.204124 0.009535
11 4 0.203181 0.204124 0.009535
11 5 0.205640 0.204124 0.009535
11 6 0.204917 0.204124 0.009535
11 7 0.206652 0.204124 0.009535
11 8 0.207375 0.204124 0.009535
11 9 0.206797 0.204124 0.009535
11 10 0.208821 0.204124 0.009535
11 11 0.213883 0.204124 0.009535
11 12 0.217354 0.204124 0.009535
11 13 0.216197 0.204124 0.009535
11 14 0.219234 0.204124 0.009535
11 15 0.216920 0.204124 0.009535
11 16 0.215329 0.204124 0.009535
11 17 0.215329 0.204124 0.009535
11 18 0.215763 0.204124 0.009535
11 19 0.213594 0.204124 0.009535
11 20 0.207375 0.204124 0.009535
12 0 0.190745 0.204124 0.009535
12 1 0.192914 0.204124 0.009535
12 2 0.196819 0.204124 0.009535
12 3 0.201012 0.204124 0.009535
12 4 0.205351 0.204124 0.009535
12 5 0.207520 0.204124 0.009535
12 6 0.207809 0.204124 0.009535
12 7 0.208098 0.204124 0.009535
12 8 0.208821 0.204124 0.009535
12 9 0.207954 0.204124 0.009535
12 10 0.211569 0.204124 0.009535
12 11 0.213160 0.204124 0.009535
12 12 0.217064 0.204124 0.009535
12 13 0.220535 0.204124 0.009535
12 14 0.219957 0.204124 0.009535
12 15 0.217643 0.204124 0.009535
12 16 0.217064 0.204124 0.009535
12 17 0.219234 0.204124 0.009535
12 18 0.214461 0.204124 0.009535
12 19 0.211714 0.204124 0.009535
12 20 0.209255 0.204124 0.009535
13 0 0.191902 0.204124 0.009535
13 1 0.196240 0.204124 0.009535
13 2 0.200868 0.204124 0.009535
13 3 0.205495 0.204124 0.009535
13 4 0.208966 0.204124 0.009535
13 5 0.208677 0.204124 0.009535
13 6 0.208243 0.204124 0.009535
13 7 0.209111 0.204124 0.009535
13 8 0.210991 0.204124 0.009535
13 9 0.209689 0.204124 0.009535
13 10 0.211858 0.204124 0.009535
13 11 0.215763 0.204124 0.009535
13 12 0.218510 0.204124 0.009535
13 13 0.219812 0.204124 0.009535
13 14 0.223572 0.204124 0.009535
13 15 0.218221 0.204124 0.009535
13 16 0.218944 0.204124 0.009535
13 17 0.217643 0.204124 0.009535
13 18 0.212581 0.204124 0.009535
13 19 0.209400 0.204124 0.009535
13 20 0.208677 0.204124 0.009535
14 0 0.191179 0.204124 0.009535
14 1 0.196674 0.204124 0.009535
14 2 0.201591 0.204124 0.009535
14 3 0.205206 0.204124 0.009535
14 4 0.209111 0.204124 0.009535
14 5 0.210991 0.204124 0.009535
14 6 0.209255 0.204124 0.009535
14 7 0.208966 0.204124 0.009535
14 8 0.210991 0.204124 0.009535
14 9 0.209689 0.204124 0.009535
14 10 0.210991 0.204124 0.009535
14 11 0.214751 0.204124 0.009535
14 12 0.219523 0.204124 0.009535
14 13 0.221547 0.204124 0.009535
14 14 0.220969 0.204124 0.009535
14 15 0.219667 0.204124 0.009535
14 16 0.218655 0.204124 0.009535
14 17 0.216341 0.204124 0.009535
14 18 0.211714 0.204124 0.009535
14 19 0.209255 0.204124 0.009535
14 20 0.205785 0.204124 0.009535
15 0 0.191902 0.204124 0.009535
15 1 0.197252 0.204124 0.009535
15 2 0.201735 0.204124 0.009535
15 3 0.203037 0.204124 0.009535
15 4 0.207520 0.204124 0.009535
15 5 0.211569 0.204124 0.009535
15 6 0.212581 0.204124 0.009535
15 7 0.209111 0.204124 0.009535
15 8 0.210268 0.204124 0.009535
15 9 0.210846 0.204124 0.009535
15 10 0.215040 0.204124 0.009535
15 11 0.217643 0.204124 0.009535
15 12 0.220535 0.204124 0.009535
15 13 0.219812 0.204124 0.009535
15 14 0.220969 0.204124 0.009535
15 15 0.219523 0.204124 0.009535
15 16 0.219812 0.204124 0.009535
15 17 0.215618 0.204124 0.009535
15 18 0.212726 0.204124 0.009535
15 19 0.210412 0.204124 0.009535
15 20 0.202603 0.204124 0.009535
16 0 0.192191 0.204124 0.009535
16 1 0.197252 0.204124 0.009535
16 2 0.200289 0.204124 0.009535
16 3 0.202603 0.204124 0.009535
16 4 0.204628 0.204124 0.009535
16 5 0.206218 0.204124 0.009535
16 6 0.211135 0.204124 0.009535
16 7 0.210701 0.204124 0.009535
16 8 0.212581 0.204124 0.009535
16 9 0.213304 0.204124 0.009535
16 10 0.214461 0.204124 0.009535
16 11 0.219089 0.204124 0.009535
16 12 0.219812 0.204124 0.009535
16 13 0.220824 0.204124 0.009535
16 14 0.220535 0.204124 0.009535
16 15 0.220246 0.204124 0.009535
16 16 0.219957 0.204124 0.009535
16 17 0.219089 0.204124 0.009535
16 18 0.214027 0.204124 0.009535
16 19 0.210557 0.204124 0.009535
16 20 0.202892 0.204124 0.009535
17 0 0.194360 0.204124 0.009535
17 1 0.198843 0.204124 0.009535
17 2 0.199566 0.204124 0.009535
17 3 0.202458 0.204124 0.009535
17 4 0.204049 0.204124 0.009535
17 5 0.207086 0.204124 0.009535
17 6 0.210268 0.204124 0.009535
17 7 0.208677 0.204124 0.009535
17 8 0.211569 0.204124 0.009535
17 9 0.213738 0.204124 0.009535
17 10 0.216631 0.204124 0.009535
17 11 0.219523 0.204124 0.009535
17 12 0.219089 0.204124 0.009535
17 13 0.220246 0.204124 0.009535
17 14 0.220101 0.204124 0.009535
17 15 0.217932 0.204124 0.009535
17 16 0.217787 0.204124 0.009535
17 17 0.217209 0.204124 0.009535
17 18 0.214606 0.204124 0.009535
17 19 0.210123 0.204124 0.009535
17 20 0.203326 0.204124 0.009535
18 0 0.194794 0.204124 0.009535
18 1 0.197542 0.204124 0.009535
18 2 0.199277 0.204124 0.009535
18 3 0.201446 0.204124 0.009535
18 4 0.202025 0.204124 0.009535
18 5 0.205206 0.204124 0.009535
18 6 0.207086 0.204124 0.009535
18 7 0.210268 0.204124 0.009535
18 8 0.213883 0.204124 0.009535
18 9 0.212871 0.204124 0.009535
18 10 0.212726 0.204124 0.009535
18 11 0.215618 0.204124 0.009535
18 12 0.218655 0.204124 0.009535
18 13 0.218077 0.204124 0.009535
18 14 0.217064 0.204124 0.009535
18 15 0.216486 0.204124 0.009535
18 16 0.215618 0.204124 0.009535
18 17 0.215474 0.204124 0.009535
18 18 0.211858 0.204124 0.009535
18 19 0.209978 0.204124 0.009535
18 20 0.206074 0.204124 0.009535
19 0 0.193492 0.204124 0.009535
19 1 0.196529 0.204124 0.009535
19 2 0.197542 0.204124 0.009535
19 3 0.199566 0.204124 0.009535
19 4 0.200000 0.204124 0.009535
19 5 0.204917 0.204124 0.009535
19 6 0.207520 0.204124 0.009535
19 7 0.208532 0.204124 0.009535
19 8 0.211280 0.204124 0.009535
19 9 0.210123 0.204124 0.009535
19 10 0.207520 0.204124 0.009535
19 11 0.213015 0.204124 0.009535
19 12 0.213883 0.204124 0.009535
19 13 0.213883 0.204124 0.009535
19 14 0.213449 0.204124 0.009535
19 15 0.213449 0.204124 0.009535
19 16 0.213160 0.204124 0.009535
19 17 0.211858 0.204124 0.009535
19 18 0.208532 0.204124 0.009535
19 19 0.205929 0.204124 0.009535
19 20 0.201302 0.204124 0.009535
20 0 0.187419 0.204124 0.009535
20 1 0.190745 0.204124 0.009535
20 2 0.192914 0.204124 0.009535
20 3 0.195517 0.204124 0.009535
20 4 0.197686 0.204124 0.009535
20 5 0.200434 0.204124 0.009535
20 6 0.201880 0.204124 0.009535
20 7 0.203905 0.204124 0.009535
20 8 0.205495 0.204124 0.009535
20 9 0.203760 0.204124 0.009535
20 10 0.202748 0.204124 0.009535
20 11 0.207664 0.204124 0.009535
20 12 0.207809 0.204124 0.009535
20 13 0.208966 0.204124 0.009535
20 14 0.208966 0.204124 0.009535
20 15 0.207954 0.204124 0.009535
20 16 0.206074 0.204124 0.009535
20 17 0.204628 0.204124 0.009535
20 18 0.199422 0.204124 0.009535
20 19 0.197686 0.204124 0.009535
20 20 0.192480 0.204124 0.009535
