# contact distance = 32.0 Angstroms
# F = 0.4 kJ/mol

# i j contact_probability mean_contact_probability stddev_contact_probability
0 0 0.209724 0.207965 0.006265
0 1 0.212447 0.207965 0.006265
0 2 0.211494 0.207965 0.006265
0 3 0.213537 0.207965 0.006265
0 4 0.208770 0.207965 0.006265
0 5 0.206047 0.207965 0.006265
0 6 0.203051 0.207965 0.006265
0 7 0.202642 0.207965 0.006265
0 8 0.200463 0.207965 0.006265
0 9 0.201961 0.207965 0.006265
0 10 0.201008 0.207965 0.006265
0 11 0.201825 0.207965 0.006265
0 12 0.202233 0.207965 0.006265
0 13 0.200191 0.207965 0.006265
0 14 0.201689 0.207965 0.006265
0 15 0.199646 0.207965 0.006265
0 16 0.201144 0.207965 0.006265
0 17 0.198829 0.207965 0.006265
0 18 0.197331 0.207965 0.006265
0 19 0.191339 0.207965 0.006265
0 20 0.186572 0.207965 0.006265
1 0 0.215171 0.207965 0.006265
1 1 0.215988 0.207965 0.006265
1 2 0.215988 0.207965 0.006265
1 3 0.217214 0.207965 0.006265
1 4 0.214081 0.207965 0.006265
1 5 0.209860 0.207965 0.006265
1 6 0.207953 0.207965 0.006265
1 7 0.207136 0.207965 0.006265
1 8 0.204004 0.207965 0.006265
1 9 0.207000 0.207965 0.006265
1 10 0.205638 0.207965 0.006265
1 11 0.204821 0.207965 0.006265
1 12 0.207000 0.207965 0.006265
1 13 0.208906 0.207965 0.006265
1 14 0.206864 0.207965 0.006265
1 15 0.206183 0.207965 0.006265
1 16 0.204140 0.207965 0.006265
1 17 0.203187 0.207965 0.006265
1 18 0.202097 0.207965 0.006265
1 19 0.196514 0.207965 0.006265
1 20 0.192156 0.207965 0.006265
2 0 0.211494 0.207965 0.006265
2 1 0.212175 0.207965 0.006265
2 2 0.215579 0.207965 0.006265
2 3 0.215307 0.207965 0.006265
2 4 0.212039 0.207965 0.006265
2 5 0.211766 0.207965 0.006265
2 6 0.210541 0.207965 0.006265
2 7 0.206319 0.207965 0.006265
2 8 0.206455 0.207965 0.006265
2 9 0.204549 0.207965 0.006265
2 10 0.206727 0.207965 0.006265
2 11 0.207000 0.207965 0.006265
2 12 0.206591 0.207965 0.006265
2 13 0.207681 0.207965 0.006265
2 14 0.207272 0.207965 0.006265
2 15 0.204957 0.207965 0.006265
2 16 0.204140 0.207965 0.006265
2 17 0.203459 0.207965 0.006265
2 18 0.201008 0.207965 0.006265
2 19 0.197331 0.207965 0.006265
2 20 0.193790 0.207965 0.006265
3 0 0.208226 0.207965 0.006265
3 1 0.209179 0.207965 0.006265
3 2 0.213537 0.207965 0.006265
3 3 0.215716 0.207965 0.006265
3 4 0.214626 0.207965 0.006265
3 5 0.211085 0.207965 0.006265
3 6 0.211494 0.207965 0.006265
3 7 0.207817 0.207965 0.006265
3 8 0.208770 0.207965 0.006265
3 9 0.207545 0.207965 0.006265
3 10 0.207681 0.207965 0.006265
3 11 0.208634 0.207965 0.006265
3 12 0.207817 0.207965 0.006265
3 13 0.207681 0.207965 0.006265
3 14 0.208089 0.207965 0.006265
3 15 0.207272 0.207965 0.006265
3 16 0.206183 0.207965 0.006265
3 17 0.204957 0.207965 0.006265
3 18 0.204957 0.207965 0.006265
3 19 0.201008 0.207965 0.006265
3 20 0.195969 0.207965 0.006265
4 0 0.208770 0.207965 0.006265
4 1 0.209996 0.207965 0.006265
4 2 0.213945 0.207965 0.006265
4 3 0.213809 0.207965 0.006265
4 4 0.213128 0.207965 0.006265
4 5 0.209724 0.207965 0.006265
4 6 0.209587 0.207965 0.006265
4 7 0.207953 0.207965 0.006265
4 8 0.209451 0.207965 0.006265
4 9 0.208634 0.207965 0.006265
4 10 0.207545 0.207965 0.006265
4 11 0.207953 0.207965 0.006265
4 12 0.207272 0.207965 0.006265
4 13 0.209724 0.207965 0.006265
4 14 0.209451 0.207965 0.006265
4 15 0.207817 0.207965 0.006265
4 16 0.207681 0.207965 0.006265
4 17 0.205502 0.207965 0.006265
4 18 0.203459 0.207965 0.006265
4 19 0.198965 0.207965 0.006265
4 20 0.193381 0.207965 0.006265
5 0 0.209860 0.207965 0.006265
5 1 0.210677 0.207965 0.006265
5 2 0.213809 0.207965 0.006265
5 3 0.213809 0.207965 0.006265
5 4 0.211085 0.207965 0.006265
5 5 0.209179 0.207965 0.006265
5 6 0.210404 0.207965 0.006265
5 7 0.209179 0.207965 0.006265
5 8 0.209996 0.207965 0.006265
5 9 0.209451 0.207965 0.006265
5 10 0.207000 0.207965 0.006265
5 11 0.209724 0.207965 0.006265
5 12 0.209451 0.207965 0.006265
5 13 0.208634 0.207965 0.006265
5 14 0.212447 0.207965 0.006265
5 15 0.207272 0.207965 0.006265
5 16 0.208634 0.207965 0.006265
5 17 0.206591 0.207965 0.006265
5 18 0.204276 0.207965 0.006265
5 19 0.201008 0.207965 0.006265
5 20 0.194879 0.207965 0.006265
6 0 0.208906 0.207965 0.006265
6 1 0.210404 0.207965 0.006265
6 2 0.212039 0.207965 0.006265
6 3 0.212856 0.207965 0.006265
6 4 0.210404 0.207965 0.006265
6 5 0.210132 0.207965 0.006265
6 6 0.208906 0.207965 0.006265
6 7 0.208770 0.207965 0.006265
6 8 0.208498 0.207965 0.006265
6 9 0.209315 0.207965 0.006265
6 10 0.207545 0.207965 0.006265
6 11 0.208634 0.207965 0.006265
6 12 0.208906 0.207965 0.006265
6 13 0.209587 0.207965 0.006265
6 14 0.211766 0.207965 0.006265
6 15 0.210677 0.207965 0.006265
6 16 0.208498 0.207965 0.006265
6 17 0.208089 0.207965 0.006265
6 18 0.205910 0.207965 0.006265
6 19 0.202370 0.207965 0.006265
6 20 0.197331 0.207965 0.006265
7 0 0.209724 0.207965 0.006265
7 1 0.208498 0.207965 0.006265
7 2 0.211085 0.207965 0.006265
7 3 0.211902 0.207965 0.006265
7 4 0.212311 0.207965 0.006265
7 5 0.210132 0.207965 0.006265
7 6 0.210813 0.207965 0.006265
7 7 0.209860 0.207965 0.006265
7 8 0.207953 0.207965 0.006265
7 9 0.210677 0.207965 0.006265
7 10 0.206591 0.207965 0.006265
7 11 0.209043 0.207965 0.006265
7 12 0.211766 0.207965 0.006265
7 13 0.210813 0.207965 0.006265
7 14 0.210949 0.207965 0.006265
7 15 0.208770 0.207965 0.006265
7 16 0.208906 0.207965 0.006265
7 17 0.208770 0.207965 0.006265
7 18 0.204412 0.207965 0.006265
7 19 0.200872 0.207965 0.006265
7 20 0.197195 0.207965 0.006265
8 0 0.207681 0.207965 0.006265
8 1 0.208906 0.207965 0.006265
8 2 0.209451 0.207965 0.006265
8 3 0.211358 0.207965 0.006265
8 4 0.210268 0.207965 0.006265
8 5 0.209860 0.207965 0.006265
8 6 0.211766 0.207965 0.006265
8 7 0.208362 0.207965 0.006265
8 8 0.206727 0.207965 0.006265
8 9 0.209315 0.207965 0.006265
8 10 0.208634 0.207965 0.006265
8 11 0.208089 0.207965 0.006265
8 12 0.210949 0.207965 0.006265
8 13 0.209315 0.207965 0.006265
8 14 0.210132 0.207965 0.006265
8 15 0.209179 0.207965 0.006265
8 16 0.209587 0.207965 0.006265
8 17 0.210268 0.207965 0.006265
8 18 0.206183 0.207965 0.006265
8 19 0.203323 0.207965 0.006265
8 20 0.197603 0.207965 0.006265
9 0 0.204276 0.207965 0.006265
9 1 0.206727 0.207965 0.006265
9 2 0.209996 0.207965 0.006265
9 3 0.210949 0.207965 0.006265
9 4 0.214354 0.207965 0.006265
9 5 0.214354 0.207965 0.006265
9 6 0.213673 0.207965 0.006265
9 7 0.210132 0.207965 0.006265
9 8 0.212447 0.207965 0.006265
9 9 0.210404 0.207965 0.006265
9 10 0.209587 0.207965 0.006265
9 11 0.208498 0.207965 0.006265
9 12 0.210813 0.207965 0.006265
9 13 0.211766 0.207965 0.006265
9 14 0.211902 0.207965 0.006265
9 15 0.212039 0.207965 0.006265
9 16 0.211085 0.207965 0.006265
9 17 0.208498 0.207965 0.006265
9 18 0.205229 0.207965 0.006265
9 19 0.205502 0.207965 0.006265
9 20 0.199237 0.207965 0.006265
10 0 0.207953 0.207965 0.006265
10 1 0.208226 0.207965 0.006265
10 2 0.207817 0.207965 0.006265
10 3 0.211902 0.207965 0.006265
10 4 0.213673 0.207965 0.006265
10 5 0.212175 0.207965 0.006265
10 6 0.212856 0.207965 0.006265
10 7 0.212447 0.207965 0.006265
10 8 0.210541 0.207965 0.006265
10 9 0.211494 0.207965 0.006265
10 10 0.210949 0.207965 0.006265
10 11 0.206591 0.207965 0.006265
10 12 0.208498 0.207965 0.006265
10 13 0.212447 0.207965 0.006265
10 14 0.213809 0.207965 0.006265
10 15 0.214762 0.207965 0.006265
10 16 0.212856 0.207965 0.006265
10 17 0.209315 0.207965 0.006265
10 18 0.206183 0.207965 0.006265
10 19 0.204685 0.207965 0.006265
10 20 0.200191 0.207965 0.006265
11 0 0.209724 0.207965 0.006265
11 1 0.210949 0.207965 0.006265
11 2 0.209587 0.207965 0.006265
11 3 0.214490 0.207965 0.006265
11 4 0.214490 0.207965 0.006265
11 5 0.212583 0.207965 0.006265
11 6 0.215443 0.207965 0.006265
11 7 0.213128 0.207965 0.006265
11 8 0.211902 0.207965 0.006265
11 9 0.212447 0.207965 0.006265
11 10 0.209587 0.207965 0.006265
11 11 0.210541 0.207965 0.006265
11 12 0.212039 0.207965 0.006265
11 13 0.213945 0.207965 0.006265
11 14 0.215443 0.207965 0.006265
11 15 0.213537 0.207965 0.006265
11 16 0.214354 0.207965 0.006265
11 17 0.213128 0.207965 0.006265
11 18 0.208906 0.207965 0.006265
11 19 0.205774 0.207965 0.006265
11 20 0.201144 0.207965 0.006265
12 0 0.209179 0.207965 0.006265
12 1 0.212856 0.207965 0.006265
12 2 0.213673 0.207965 0.006265
12 3 0.216124 0.207965 0.006265
12 4 0.216533 0.207965 0.006265
12 5 0.214762 0.207965 0.006265
12 6 0.217758 0.207965 0.006265
12 7 0.214899 0.207965 0.006265
12 8 0.213809 0.207965 0.006265
12 9 0.211630 0.207965 0.006265
12 10 0.209179 0.207965 0.006265
12 11 0.211358 0.207965 0.006265
12 12 0.213673 0.207965 0.006265
12 13 0.215988 0.207965 0.006265
12 14 0.215171 0.207965 0.006265
12 15 0.213401 0.207965 0.006265
12 16 0.213673 0.207965 0.006265
12 17 0.212447 0.207965 0.006265
12 18 0.209179 0.207965 0.006265
12 19 0.204549 0.207965 0.006265
12 20 0.198148 0.207965 0.006265
13 0 0.207817 0.207965 0.006265
13 1 0.212175 0.207965 0.006265
13 2 0.214081 0.207965 0.006265
13 3 0.218303 0.207965 0.006265
13 4 0.217622 0.207965 0.006265
13 5 0.215852 0.207965 0.006265
13 6 0.218167 0.207965 0.006265
13 7 0.216941 0.207965 0.006265
13 8 0.213809 0.207965 0.006265
13 9 0.212175 0.207965 0.006265
13 10 0.211085 0.207965 0.006265
13 11 0.211085 0.207965 0.006265
13 12 0.215988 0.207965 0.006265
13 13 0.216260 0.207965 0.006265
13 14 0.215035 0.207965 0.006265
13 15 0.210677 0.207965 0.006265
13 16 0.210813 0.207965 0.006265
13 17 0.208089 0.207965 0.006265
13 18 0.205774 0.207965 0.006265
13 19 0.201008 0.207965 0.006265
13 20 0.193381 0.207965 0.006265
14 0 0.207408 0.207965 0.006265
14 1 0.211085 0.207965 0.006265
14 2 0.212583 0.207965 0.006265
14 3 0.216805 0.207965 0.006265
14 4 0.218576 0.207965 0.006265
14 5 0.215307 0.207965 0.006265
14 6 0.214762 0.207965 0.006265
14 7 0.214762 0.207965 0.006265
14 8 0.215852 0.207965 0.006265
14 9 0.212583 0.207965 0.006265
14 10 0.213128 0.207965 0.006265
14 11 0.212992 0.207965 0.006265
14 12 0.215307 0.207965 0.006265
14 13 0.217214 0.207965 0.006265
14 14 0.215988 0.207965 0.006265
14 15 0.210677 0.207965 0.006265
14 16 0.209724 0.207965 0.006265
14 17 0.209451 0.207965 0.006265
14 18 0.202642 0.207965 0.006265
14 19 0.198284 0.207965 0.006265
14 20 0.189977 0.207965 0.006265
15 0 0.210813 0.207965 0.006265
15 1 0.212720 0.207965 0.006265
15 2 0.214354 0.207965 0.006265
15 3 0.213945 0.207965 0.006265
15 4 0.217758 0.207965 0.006265
15 5 0.215171 0.207965 0.006265
15 6 0.215579 0.207965 0.006265
15 7 0.215852 0.207965 0.006265
15 8 0.214490 0.207965 0.006265
15 9 0.211630 0.207965 0.006265
15 10 0.210268 0.207965 0.006265
15 11 0.210268 0.207965 0.006265
15 12 0.213537 0.207965 0.006265
15 13 0.214490 0.207965 0.006265
15 14 0.212447 0.207965 0.006265
15 15 0.210132 0.207965 0.006265
15 16 0.207408 0.207965 0.006265
15 17 0.207817 0.207965 0.006265
15 18 0.204412 0.207965 0.006265
15 19 0.196241 0.207965 0.006265
15 20 0.189568 0.207965 0.006265
16 0 0.210132 0.207965 0.006265
16 1 0.212856 0.207965 0.006265
16 2 0.211630 0.207965 0.006265
16 3 0.212992 0.207965 0.006265
16 4 0.214762 0.207965 0.006265
16 5 0.214626 0.207965 0.006265
16 6 0.215443 0.207965 0.006265
16 7 0.214626 0.207965 0.006265
16 8 0.213401 0.207965 0.006265
16 9 0.212311 0.207965 0.006265
16 10 0.211358 0.207965 0.006265
16 11 0.209996 0.207965 0.006265
16 12 0.211222 0.207965 0.006265
16 13 0.211358 0.207965 0.006265
16 14 0.212720 0.207965 0.006265
16 15 0.209860 0.207965 0.006265
16 16 0.207681 0.207965 0.006265
16 17 0.204276 0.207965 0.006265
16 18 0.201008 0.207965 0.006265
16 19 0.196650 0.207965 0.006265
16 20 0.189296 0.207965 0.006265
17 0 0.206864 0.207965 0.006265
17 1 0.209451 0.207965 0.006265
17 2 0.211358 0.207965 0.006265
17 3 0.212583 0.207965 0.006265
17 4 0.213537 0.207965 0.006265
17 5 0.213537 0.207965 0.006265
17 6 0.212175 0.207965 0.006265
17 7 0.213673 0.207965 0.006265
17 8 0.211630 0.207965 0.006265
17 9 0.208906 0.207965 0.006265
17 10 0.210404 0.207965 0.006265
17 11 0.209587 0.207965 0.006265
17 12 0.209587 0.207965 0.006265
17 13 0.207545 0.207965 0.006265
17 14 0.207817 0.207965 0.006265
17 15 0.208089 0.207965 0.006265
17 16 0.205774 0.207965 0.006265
17 17 0.203459 0.207965 0.006265
17 18 0.201961 0.207965 0.006265
17 19 0.196922 0.207965 0.006265
17 20 0.188887 0.207965 0.006265
18 0 0.204004 0.207965 0.006265
18 1 0.209179 0.207965 0.006265
18 2 0.207817 0.207965 0.006265
18 3 0.209860 0.207965 0.006265
18 4 0.211222 0.207965 0.006265
18 5 0.210404 0.207965 0.006265
18 6 0.211085 0.207965 0.006265
18 7 0.211358 0.207965 0.006265
18 8 0.210813 0.207965 0.006265
18 9 0.207953 0.207965 0.006265
18 10 0.209315 0.207965 0.006265
18 11 0.206727 0.207965 0.006265
18 12 0.205229 0.207965 0.006265
18 13 0.204549 0.207965 0.006265
18 14 0.205638 0.207965 0.006265
18 15 0.205093 0.207965 0.006265
18 16 0.206727 0.207965 0.006265
18 17 0.204276 0.207965 0.006265
18 18 0.198693 0.207965 0.006265
18 19 0.192156 0.207965 0.006265
18 20 0.187117 0.207965 0.006265
19 0 0.201416 0.207965 0.006265
19 1 0.204004 0.207965 0.006265
19 2 0.205774 0.207965 0.006265
19 3 0.207681 0.207965 0.006265
19 4 0.209587 0.207965 0.006265
19 5 0.208089 0.207965 0.006265
19 6 0.209179 0.207965 0.006265
19 7 0.208089 0.207965 0.006265
19 8 0.209451 0.207965 0.006265
19 9 0.209043 0.207965 0.006265
19 10 0.206319 0.207965 0.006265
19 11 0.204821 0.207965 0.006265
19 12 0.203459 0.207965 0.006265
19 13 0.201689 0.207965 0.006265
19 14 0.204004 0.207965 0.006265
19 15 0.204412 0.207965 0.006265
19 16 0.204140 0.207965 0.006265
19 17 0.200191 0.207965 0.006265
19 18 0.193654 0.207965 0.006265
19 19 0.190522 0.207965 0.006265
19 20 0.182487 0.207965 0.006265
20 0 0.195152 0.207965 0.006265
20 1 0.199918 0.207965 0.006265
20 2 0.202642 0.207965 0.006265
20 3 0.204821 0.207965 0.006265
20 4 0.205229 0.207965 0.006265
20 5 0.204549 0.207965 0.006265
20 6 0.206319 0.207965 0.006265
20 7 0.203459 0.207965 0.006265
20 8 0.204549 0.207965 0.006265
20 9 0.203731 0.207965 0.006265
20 10 0.201552 0.207965 0.006265
20 11 0.200735 0.207965 0.006265
20 12 0.198284 0.207965 0.006265
20 13 0.197331 0.207965 0.006265
20 14 0.197603 0.207965 0.006265
20 15 0.194743 0.207965 0.006265
20 16 0.194335 0.207965 0.006265
20 17 0.192428 0.207965 0.006265
20 18 0.187662 0.207965 0.006265
20 19 0.183031 0.207965 0.006265
20 20 0.176086 0.207965 0.006265
