# contact distance = 32.0 Angstroms
# F = 0.4 kJ/mol

# i j contact_probability mean_contact_probability stddev_contact_probability
0 0 0.199885 0.217537 0.006089
0 1 0.202178 0.217537 0.006089
0 2 0.206189 0.217537 0.006089
0 3 0.207679 0.217537 0.006089
0 4 0.207106 0.217537 0.006089
0 5 0.205387 0.217537 0.006089
0 6 0.203438 0.217537 0.006089
0 7 0.205501 0.217537 0.006089
0 8 0.202980 0.217537 0.006089
0 9 0.203782 0.217537 0.006089
0 10 0.206074 0.217537 0.006089
0 11 0.207106 0.217537 0.006089
0 12 0.208138 0.217537 0.006089
0 13 0.210430 0.217537 0.006089
0 14 0.210659 0.217537 0.006089
0 15 0.213410 0.217537 0.006089
0 16 0.216046 0.217537 0.006089
0 17 0.217536 0.217537 0.006089
0 18 0.215702 0.217537 0.006089
0 19 0.210430 0.217537 0.006089
0 20 0.206877 0.217537 0.006089
1 0 0.204126 0.217537 0.006089
1 1 0.206304 0.217537 0.006089
1 2 0.208825 0.217537 0.006089
1 3 0.208825 0.217537 0.006089
1 4 0.208138 0.217537 0.006089
1 5 0.208596 0.217537 0.006089
1 6 0.206533 0.217537 0.006089
1 7 0.208023 0.217537 0.006089
1 8 0.206533 0.217537 0.006089
1 9 0.208138 0.217537 0.006089
1 10 0.210201 0.217537 0.006089
1 11 0.210430 0.217537 0.006089
1 12 0.211691 0.217537 0.006089
1 13 0.211920 0.217537 0.006089
1 14 0.214670 0.217537 0.006089
1 15 0.218682 0.217537 0.006089
1 16 0.219943 0.217537 0.006089
1 17 0.220401 0.217537 0.006089
1 18 0.215931 0.217537 0.006089
1 19 0.213066 0.217537 0.006089
1 20 0.208138 0.217537 0.006089
2 0 0.207450 0.217537 0.006089
2 1 0.208252 0.217537 0.006089
2 2 0.211576 0.217537 0.006089
2 3 0.211461 0.217537 0.006089
2 4 0.210774 0.217537 0.006089
2 5 0.213181 0.217537 0.006089
2 6 0.211920 0.217537 0.006089
2 7 0.212034 0.217537 0.006089
2 8 0.209857 0.217537 0.006089
2 9 0.209513 0.217537 0.006089
2 10 0.212149 0.217537 0.006089
2 11 0.213066 0.217537 0.006089
2 12 0.215702 0.217537 0.006089
2 13 0.216963 0.217537 0.006089
2 14 0.217192 0.217537 0.006089
2 15 0.220516 0.217537 0.006089
2 16 0.223381 0.217537 0.006089
2 17 0.222923 0.217537 0.006089
2 18 0.219026 0.217537 0.006089
2 19 0.215702 0.217537 0.006089
2 20 0.212722 0.217537 0.006089
3 0 0.207564 0.217537 0.006089
3 1 0.210201 0.217537 0.006089
3 2 0.211920 0.217537 0.006089
3 3 0.211805 0.217537 0.006089
3 4 0.212493 0.217537 0.006089
3 5 0.214785 0.217537 0.006089
3 6 0.214441 0.217537 0.006089
3 7 0.213754 0.217537 0.006089
3 8 0.211920 0.217537 0.006089
3 9 0.213524 0.217537 0.006089
3 10 0.216619 0.217537 0.006089
3 11 0.215473 0.217537 0.006089
3 12 0.217765 0.217537 0.006089
3 13 0.219370 0.217537 0.006089
3 14 0.219828 0.217537 0.006089
3 15 0.223152 0.217537 0.006089
3 16 0.223152 0.217537 0.006089
3 17 0.222923 0.217537 0.006089
3 18 0.219255 0.217537 0.006089
3 19 0.217650 0.217537 0.006089
3 20 0.214556 0.217537 0.006089
4 0 0.209169 0.217537 0.006089
4 1 0.210659 0.217537 0.006089
4 2 0.214212 0.217537 0.006089
4 3 0.212722 0.217537 0.006089
4 4 0.215129 0.217537 0.006089
4 5 0.216390 0.217537 0.006089
4 6 0.216275 0.217537 0.006089
4 7 0.215473 0.217537 0.006089
4 8 0.213868 0.217537 0.006089
4 9 0.216504 0.217537 0.006089
4 10 0.217307 0.217537 0.006089
4 11 0.215358 0.217537 0.006089
4 12 0.218567 0.217537 0.006089
4 13 0.219026 0.217537 0.006089
4 14 0.222006 0.217537 0.006089
4 15 0.221547 0.217537 0.006089
4 16 0.224527 0.217537 0.006089
4 17 0.223037 0.217537 0.006089
4 18 0.221547 0.217537 0.006089
4 19 0.220401 0.217537 0.006089
4 20 0.217307 0.217537 0.006089
5 0 0.206877 0.217537 0.006089
5 1 0.212607 0.217537 0.006089
5 2 0.214900 0.217537 0.006089
5 3 0.215587 0.217537 0.006089
5 4 0.216619 0.217537 0.006089
5 5 0.219828 0.217537 0.006089
5 6 0.218797 0.217537 0.006089
5 7 0.217536 0.217537 0.006089
5 8 0.216390 0.217537 0.006089
5 9 0.216160 0.217537 0.006089
5 10 0.217994 0.217537 0.006089
5 11 0.217421 0.217537 0.006089
5 12 0.221777 0.217537 0.006089
5 13 0.222350 0.217537 0.006089
5 14 0.222693 0.217537 0.006089
5 15 0.223954 0.217537 0.006089
5 16 0.227278 0.217537 0.006089
5 17 0.225444 0.217537 0.006089
5 18 0.225330 0.217537 0.006089
5 19 0.223840 0.217537 0.006089
5 20 0.217994 0.217537 0.006089
6 0 0.204699 0.217537 0.006089
6 1 0.209742 0.217537 0.006089
6 2 0.211003 0.217537 0.006089
6 3 0.214212 0.217537 0.006089
6 4 0.215931 0.217537 0.006089
6 5 0.217536 0.217537 0.006089
6 6 0.215817 0.217537 0.006089
6 7 0.215587 0.217537 0.006089
6 8 0.215014 0.217537 0.006089
6 9 0.215817 0.217537 0.006089
6 10 0.216046 0.217537 0.006089
6 11 0.214556 0.217537 0.006089
6 12 0.218682 0.217537 0.006089
6 13 0.221777 0.217537 0.006089
6 14 0.223266 0.217537 0.006089
6 15 0.226246 0.217537 0.006089
6 16 0.228195 0.217537 0.006089
6 17 0.225673 0.217537 0.006089
6 18 0.222006 0.217537 0.006089
6 19 0.221547 0.217537 0.006089
6 20 0.214441 0.217537 0.006089
7 0 0.204470 0.217537 0.006089
7 1 0.211003 0.217537 0.006089
7 2 0.213410 0.217537 0.006089
7 3 0.215358 0.217537 0.006089
7 4 0.216619 0.217537 0.006089
7 5 0.217192 0.217537 0.006089
7 6 0.218453 0.217537 0.006089
7 7 0.219484 0.217537 0.006089
7 8 0.216848 0.217537 0.006089
7 9 0.216160 0.217537 0.006089
7 10 0.216390 0.217537 0.006089
7 11 0.216848 0.217537 0.006089
7 12 0.219599 0.217537 0.006089
7 13 0.222350 0.217537 0.006089
7 14 0.224413 0.217537 0.006089
7 15 0.227163 0.217537 0.006089
7 16 0.229799 0.217537 0.006089
7 17 0.227163 0.217537 0.006089
7 18 0.224298 0.217537 0.006089
7 19 0.221318 0.217537 0.006089
7 20 0.217421 0.217537 0.006089
8 0 0.203209 0.217537 0.006089
8 1 0.210888 0.217537 0.006089
8 2 0.214441 0.217537 0.006089
8 3 0.215702 0.217537 0.006089
8 4 0.217421 0.217537 0.006089
8 5 0.217994 0.217537 0.006089
8 6 0.217880 0.217537 0.006089
8 7 0.217650 0.217537 0.006089
8 8 0.215473 0.217537 0.006089
8 9 0.214670 0.217537 0.006089
8 10 0.217880 0.217537 0.006089
8 11 0.217994 0.217537 0.006089
8 12 0.219026 0.217537 0.006089
8 13 0.220172 0.217537 0.006089
8 14 0.224183 0.217537 0.006089
8 15 0.226705 0.217537 0.006089
8 16 0.229570 0.217537 0.006089
8 17 0.228309 0.217537 0.006089
8 18 0.225788 0.217537 0.006089
8 19 0.221891 0.217537 0.006089
8 20 0.217765 0.217537 0.006089
9 0 0.204355 0.217537 0.006089
9 1 0.212264 0.217537 0.006089
9 2 0.214441 0.217537 0.006089
9 3 0.215473 0.217537 0.006089
9 4 0.214900 0.217537 0.006089
9 5 0.218109 0.217537 0.006089
9 6 0.218911 0.217537 0.006089
9 7 0.216046 0.217537 0.006089
9 8 0.211920 0.217537 0.006089
9 9 0.213181 0.217537 0.006089
9 10 0.214670 0.217537 0.006089
9 11 0.215129 0.217537 0.006089
9 12 0.217536 0.217537 0.006089
9 13 0.219255 0.217537 0.006089
9 14 0.222808 0.217537 0.006089
9 15 0.224069 0.217537 0.006089
9 16 0.227966 0.217537 0.006089
9 17 0.226590 0.217537 0.006089
9 18 0.226246 0.217537 0.006089
9 19 0.221203 0.217537 0.006089
9 20 0.216963 0.217537 0.006089
10 0 0.205272 0.217537 0.006089
10 1 0.211232 0.217537 0.006089
10 2 0.215014 0.217537 0.006089
10 3 0.215702 0.217537 0.006089
10 4 0.215702 0.217537 0.006089
10 5 0.217536 0.217537 0.006089
10 6 0.217307 0.217537 0.006089
10 7 0.216963 0.217537 0.006089
10 8 0.214670 0.217537 0.006089
10 9 0.216160 0.217537 0.006089
10 10 0.214785 0.217537 0.006089
10 11 0.216963 0.217537 0.006089
10 12 0.218797 0.217537 0.006089
10 13 0.220287 0.217537 0.006089
10 14 0.222464 0.217537 0.006089
10 15 0.223610 0.217537 0.006089
10 16 0.226361 0.217537 0.006089
10 17 0.225444 0.217537 0.006089
10 18 0.225444 0.217537 0.006089
10 19 0.220287 0.217537 0.006089
10 20 0.215129 0.217537 0.006089
11 0 0.205501 0.217537 0.006089
11 1 0.210544 0.217537 0.006089
11 2 0.214556 0.217537 0.006089
11 3 0.215702 0.217537 0.006089
11 4 0.216390 0.217537 0.006089
11 5 0.219140 0.217537 0.006089
11 6 0.217421 0.217537 0.006089
11 7 0.215702 0.217537 0.006089
11 8 0.214327 0.217537 0.006089
11 9 0.213295 0.217537 0.006089
11 10 0.216734 0.217537 0.006089
11 11 0.217077 0.217537 0.006089
11 12 0.218109 0.217537 0.006089
11 13 0.217077 0.217537 0.006089
11 14 0.222693 0.217537 0.006089
11 15 0.224986 0.217537 0.006089
11 16 0.225330 0.217537 0.006089
11 17 0.223496 0.217537 0.006089
11 18 0.222350 0.217537 0.006089
11 19 0.219370 0.217537 0.006089
11 20 0.214097 0.217537 0.006089
12 0 0.208023 0.217537 0.006089
12 1 0.209742 0.217537 0.006089
12 2 0.215014 0.217537 0.006089
12 3 0.218338 0.217537 0.006089
12 4 0.219943 0.217537 0.006089
12 5 0.220745 0.217537 0.006089
12 6 0.217421 0.217537 0.006089
12 7 0.217307 0.217537 0.006089
12 8 0.215817 0.217537 0.006089
12 9 0.214556 0.217537 0.006089
12 10 0.217421 0.217537 0.006089
12 11 0.219484 0.217537 0.006089
12 12 0.221662 0.217537 0.006089
12 13 0.220860 0.217537 0.006089
12 14 0.222350 0.217537 0.006089
12 15 0.223496 0.217537 0.006089
12 16 0.225100 0.217537 0.006089
12 17 0.223037 0.217537 0.006089
12 18 0.222808 0.217537 0.006089
12 19 0.217880 0.217537 0.006089
12 20 0.211805 0.217537 0.006089
13 0 0.208825 0.217537 0.006089
13 1 0.211691 0.217537 0.006089
13 2 0.215817 0.217537 0.006089
13 3 0.219370 0.217537 0.006089
13 4 0.219713 0.217537 0.006089
13 5 0.221203 0.217537 0.006089
13 6 0.222808 0.217537 0.006089
13 7 0.219484 0.217537 0.006089
13 8 0.216275 0.217537 0.006089
13 9 0.216734 0.217537 0.006089
13 10 0.218567 0.217537 0.006089
13 11 0.219828 0.217537 0.006089
13 12 0.219370 0.217537 0.006089
13 13 0.221777 0.217537 0.006089
13 14 0.222693 0.217537 0.006089
13 15 0.223610 0.217537 0.006089
13 16 0.223496 0.217537 0.006089
13 17 0.225330 0.217537 0.006089
13 18 0.222808 0.217537 0.006089
13 19 0.217421 0.217537 0.006089
13 20 0.212378 0.217537 0.006089
14 0 0.210888 0.217537 0.006089
14 1 0.214670 0.217537 0.006089
14 2 0.219026 0.217537 0.006089
14 3 0.220745 0.217537 0.006089
14 4 0.222808 0.217537 0.006089
14 5 0.224183 0.217537 0.006089
14 6 0.223266 0.217537 0.006089
14 7 0.221891 0.217537 0.006089
14 8 0.219828 0.217537 0.006089
14 9 0.222579 0.217537 0.006089
14 10 0.222923 0.217537 0.006089
14 11 0.222235 0.217537 0.006089
14 12 0.224069 0.217537 0.006089
14 13 0.222693 0.217537 0.006089
14 14 0.225673 0.217537 0.006089
14 15 0.225673 0.217537 0.006089
14 16 0.224871 0.217537 0.006089
14 17 0.224298 0.217537 0.006089
14 18 0.223152 0.217537 0.006089
14 19 0.217421 0.217537 0.006089
14 20 0.213295 0.217537 0.006089
15 0 0.213295 0.217537 0.006089
15 1 0.216504 0.217537 0.006089
15 2 0.221203 0.217537 0.006089
15 3 0.220630 0.217537 0.006089
15 4 0.222120 0.217537 0.006089
15 5 0.225215 0.217537 0.006089
15 6 0.224527 0.217537 0.006089
15 7 0.222923 0.217537 0.006089
15 8 0.221777 0.217537 0.006089
15 9 0.221089 0.217537 0.006089
15 10 0.224642 0.217537 0.006089
15 11 0.224183 0.217537 0.006089
15 12 0.225559 0.217537 0.006089
15 13 0.223725 0.217537 0.006089
15 14 0.225788 0.217537 0.006089
15 15 0.224871 0.217537 0.006089
15 16 0.225673 0.217537 0.006089
15 17 0.226132 0.217537 0.006089
15 18 0.223840 0.217537 0.006089
15 19 0.219828 0.217537 0.006089
15 20 0.213754 0.217537 0.006089
16 0 0.211920 0.217537 0.006089
16 1 0.215931 0.217537 0.006089
16 2 0.218223 0.217537 0.006089
16 3 0.220630 0.217537 0.006089
16 4 0.223266 0.217537 0.006089
16 5 0.225559 0.217537 0.006089
16 6 0.226017 0.217537 0.006089
16 7 0.227163 0.217537 0.006089
16 8 0.223610 0.217537 0.006089
16 9 0.224527 0.217537 0.006089
16 10 0.225559 0.217537 0.006089
16 11 0.225559 0.217537 0.006089
16 12 0.224642 0.217537 0.006089
16 13 0.223381 0.217537 0.006089
16 14 0.225330 0.217537 0.006089
16 15 0.226361 0.217537 0.006089
16 16 0.226934 0.217537 0.006089
16 17 0.226819 0.217537 0.006089
16 18 0.224642 0.217537 0.006089
16 19 0.219484 0.217537 0.006089
16 20 0.215702 0.217537 0.006089
17 0 0.209742 0.217537 0.006089
17 1 0.214900 0.217537 0.006089
17 2 0.217192 0.217537 0.006089
17 3 0.220172 0.217537 0.006089
17 4 0.221777 0.217537 0.006089
17 5 0.224183 0.217537 0.006089
17 6 0.223725 0.217537 0.006089
17 7 0.223266 0.217537 0.006089
17 8 0.222808 0.217537 0.006089
17 9 0.224298 0.217537 0.006089
17 10 0.225559 0.217537 0.006089
17 11 0.226017 0.217537 0.006089
17 12 0.222923 0.217537 0.006089
17 13 0.223037 0.217537 0.006089
17 14 0.224871 0.217537 0.006089
17 15 0.224413 0.217537 0.006089
17 16 0.225444 0.217537 0.006089
17 17 0.224183 0.217537 0.006089
17 18 0.221662 0.217537 0.006089
17 19 0.215931 0.217537 0.006089
17 20 0.209398 0.217537 0.006089
18 0 0.209513 0.217537 0.006089
18 1 0.212493 0.217537 0.006089
18 2 0.219713 0.217537 0.006089
18 3 0.220745 0.217537 0.006089
18 4 0.221777 0.217537 0.006089
18 5 0.223840 0.217537 0.006089
18 6 0.222693 0.217537 0.006089
18 7 0.222464 0.217537 0.006089
18 8 0.222006 0.217537 0.006089
18 9 0.225330 0.217537 0.006089
18 10 0.224986 0.217537 0.006089
18 11 0.225330 0.217537 0.006089
18 12 0.223381 0.217537 0.006089
18 13 0.222808 0.217537 0.006089
18 14 0.224871 0.217537 0.006089
18 15 0.225788 0.217537 0.006089
18 16 0.224756 0.217537 0.006089
18 17 0.224183 0.217537 0.006089
18 18 0.219255 0.217537 0.006089
18 19 0.211461 0.217537 0.006089
18 20 0.204011 0.217537 0.006089
19 0 0.208711 0.217537 0.006089
19 1 0.212149 0.217537 0.006089
19 2 0.216160 0.217537 0.006089
19 3 0.220287 0.217537 0.006089
19 4 0.218682 0.217537 0.006089
19 5 0.221433 0.217537 0.006089
19 6 0.221777 0.217537 0.006089
19 7 0.221433 0.217537 0.006089
19 8 0.220057 0.217537 0.006089
19 9 0.218682 0.217537 0.006089
19 10 0.222350 0.217537 0.006089
19 11 0.222923 0.217537 0.006089
19 12 0.219943 0.217537 0.006089
19 13 0.218338 0.217537 0.006089
19 14 0.219713 0.217537 0.006089
19 15 0.220974 0.217537 0.006089
19 16 0.220745 0.217537 0.006089
19 17 0.221662 0.217537 0.006089
19 18 0.214670 0.217537 0.006089
19 19 0.208138 0.217537 0.006089
19 20 0.200229 0.217537 0.006089
20 0 0.206762 0.217537 0.006089
20 1 0.207564 0.217537 0.006089
20 2 0.212607 0.217537 0.006089
20 3 0.214097 0.217537 0.006089
20 4 0.215702 0.217537 0.006089
20 5 0.214670 0.217537 0.006089
20 6 0.216619 0.217537 0.006089
20 7 0.216619 0.217537 0.006089
20 8 0.214900 0.217537 0.006089
20 9 0.214670 0.217537 0.006089
20 10 0.216046 0.217537 0.006089
20 11 0.217880 0.217537 0.006089
20 12 0.214670 0.217537 0.006089
20 13 0.213295 0.217537 0.006089
20 14 0.211805 0.217537 0.006089
20 15 0.215587 0.217537 0.006089
20 16 0.216848 0.217537 0.006089
20 17 0.214556 0.217537 0.006089
20 18 0.208252 0.217537 0.006089
20 19 0.201948 0.217537 0.006089
20 20 0.191404 0.217537 0.006089
