# contact distance = 32.0 Angstroms
# F = 0.4 kJ/mol

# i j contact_probability mean_contact_probability stddev_contact_probability
0 0 0.192040 0.210247 0.007814
0 1 0.194745 0.210247 0.007814
0 2 0.195518 0.210247 0.007814
0 3 0.194101 0.210247 0.007814
0 4 0.192942 0.210247 0.007814
0 5 0.191911 0.210247 0.007814
0 6 0.190752 0.210247 0.007814
0 7 0.190752 0.210247 0.007814
0 8 0.190366 0.210247 0.007814
0 9 0.190237 0.210247 0.007814
0 10 0.192169 0.210247 0.007814
0 11 0.193843 0.210247 0.007814
0 12 0.195904 0.210247 0.007814
0 13 0.200412 0.210247 0.007814
0 14 0.201700 0.210247 0.007814
0 15 0.203761 0.210247 0.007814
0 16 0.204920 0.210247 0.007814
0 17 0.202087 0.210247 0.007814
0 18 0.202344 0.210247 0.007814
0 19 0.198738 0.210247 0.007814
0 20 0.196033 0.210247 0.007814
1 0 0.195260 0.210247 0.007814
1 1 0.195775 0.210247 0.007814
1 2 0.196806 0.210247 0.007814
1 3 0.197321 0.210247 0.007814
1 4 0.196419 0.210247 0.007814
1 5 0.196419 0.210247 0.007814
1 6 0.196162 0.210247 0.007814
1 7 0.198609 0.210247 0.007814
1 8 0.193328 0.210247 0.007814
1 9 0.195518 0.210247 0.007814
1 10 0.196806 0.210247 0.007814
1 11 0.198480 0.210247 0.007814
1 12 0.200670 0.210247 0.007814
1 13 0.204791 0.210247 0.007814
1 14 0.205049 0.210247 0.007814
1 15 0.207110 0.210247 0.007814
1 16 0.207367 0.210247 0.007814
1 17 0.208011 0.210247 0.007814
1 18 0.206852 0.210247 0.007814
1 19 0.203503 0.210247 0.007814
1 20 0.198738 0.210247 0.007814
2 0 0.195775 0.210247 0.007814
2 1 0.197965 0.210247 0.007814
2 2 0.196935 0.210247 0.007814
2 3 0.198738 0.210247 0.007814
2 4 0.199124 0.210247 0.007814
2 5 0.199124 0.210247 0.007814
2 6 0.198609 0.210247 0.007814
2 7 0.203375 0.210247 0.007814
2 8 0.201443 0.210247 0.007814
2 9 0.201056 0.210247 0.007814
2 10 0.200283 0.210247 0.007814
2 11 0.203503 0.210247 0.007814
2 12 0.204405 0.210247 0.007814
2 13 0.204663 0.210247 0.007814
2 14 0.206595 0.210247 0.007814
2 15 0.208784 0.210247 0.007814
2 16 0.209815 0.210247 0.007814
2 17 0.210072 0.210247 0.007814
2 18 0.209299 0.210247 0.007814
2 19 0.208140 0.210247 0.007814
2 20 0.200541 0.210247 0.007814
3 0 0.194230 0.210247 0.007814
3 1 0.195518 0.210247 0.007814
3 2 0.198094 0.210247 0.007814
3 3 0.200026 0.210247 0.007814
3 4 0.199382 0.210247 0.007814
3 5 0.198223 0.210247 0.007814
3 6 0.200026 0.210247 0.007814
3 7 0.202859 0.210247 0.007814
3 8 0.200799 0.210247 0.007814
3 9 0.202859 0.210247 0.007814
3 10 0.203375 0.210247 0.007814
3 11 0.204534 0.210247 0.007814
3 12 0.204920 0.210247 0.007814
3 13 0.206079 0.210247 0.007814
3 14 0.207625 0.210247 0.007814
3 15 0.209042 0.210247 0.007814
3 16 0.211231 0.210247 0.007814
3 17 0.211231 0.210247 0.007814
3 18 0.211231 0.210247 0.007814
3 19 0.207110 0.210247 0.007814
3 20 0.205049 0.210247 0.007814
4 0 0.195389 0.210247 0.007814
4 1 0.198094 0.210247 0.007814
4 2 0.201443 0.210247 0.007814
4 3 0.203246 0.210247 0.007814
4 4 0.203246 0.210247 0.007814
4 5 0.203632 0.210247 0.007814
4 6 0.202731 0.210247 0.007814
4 7 0.203503 0.210247 0.007814
4 8 0.201443 0.210247 0.007814
4 9 0.203890 0.210247 0.007814
4 10 0.205435 0.210247 0.007814
4 11 0.209557 0.210247 0.007814
4 12 0.207496 0.210247 0.007814
4 13 0.210845 0.210247 0.007814
4 14 0.212262 0.210247 0.007814
4 15 0.214580 0.210247 0.007814
4 16 0.213936 0.210247 0.007814
4 17 0.213421 0.210247 0.007814
4 18 0.212133 0.210247 0.007814
4 19 0.209815 0.210247 0.007814
4 20 0.206079 0.210247 0.007814
5 0 0.194487 0.210247 0.007814
5 1 0.199382 0.210247 0.007814
5 2 0.198094 0.210247 0.007814
5 3 0.202087 0.210247 0.007814
5 4 0.202473 0.210247 0.007814
5 5 0.200541 0.210247 0.007814
5 6 0.203632 0.210247 0.007814
5 7 0.202215 0.210247 0.007814
5 8 0.201056 0.210247 0.007814
5 9 0.201829 0.210247 0.007814
5 10 0.203246 0.210247 0.007814
5 11 0.207883 0.210247 0.007814
5 12 0.208011 0.210247 0.007814
5 13 0.210330 0.210247 0.007814
5 14 0.211875 0.210247 0.007814
5 15 0.212391 0.210247 0.007814
5 16 0.211618 0.210247 0.007814
5 17 0.212648 0.210247 0.007814
5 18 0.212262 0.210247 0.007814
5 19 0.210330 0.210247 0.007814
5 20 0.206852 0.210247 0.007814
6 0 0.195518 0.210247 0.007814
6 1 0.198738 0.210247 0.007814
6 2 0.202602 0.210247 0.007814
6 3 0.202087 0.210247 0.007814
6 4 0.203761 0.210247 0.007814
6 5 0.202988 0.210247 0.007814
6 6 0.203632 0.210247 0.007814
6 7 0.205822 0.210247 0.007814
6 8 0.201958 0.210247 0.007814
6 9 0.205564 0.210247 0.007814
6 10 0.206981 0.210247 0.007814
6 11 0.209557 0.210247 0.007814
6 12 0.211489 0.210247 0.007814
6 13 0.214194 0.210247 0.007814
6 14 0.214838 0.210247 0.007814
6 15 0.215353 0.210247 0.007814
6 16 0.215739 0.210247 0.007814
6 17 0.213292 0.210247 0.007814
6 18 0.214323 0.210247 0.007814
6 19 0.215482 0.210247 0.007814
6 20 0.208527 0.210247 0.007814
7 0 0.197063 0.210247 0.007814
7 1 0.203117 0.210247 0.007814
7 2 0.205693 0.210247 0.007814
7 3 0.205822 0.210247 0.007814
7 4 0.206208 0.210247 0.007814
7 5 0.206208 0.210247 0.007814
7 6 0.208398 0.210247 0.007814
7 7 0.208140 0.210247 0.007814
7 8 0.206981 0.210247 0.007814
7 9 0.210716 0.210247 0.007814
7 10 0.210330 0.210247 0.007814
7 11 0.213421 0.210247 0.007814
7 12 0.212133 0.210247 0.007814
7 13 0.214580 0.210247 0.007814
7 14 0.216126 0.210247 0.007814
7 15 0.216770 0.210247 0.007814
7 16 0.217543 0.210247 0.007814
7 17 0.217027 0.210247 0.007814
7 18 0.216126 0.210247 0.007814
7 19 0.214194 0.210247 0.007814
7 20 0.209815 0.210247 0.007814
8 0 0.197707 0.210247 0.007814
8 1 0.202215 0.210247 0.007814
8 2 0.205693 0.210247 0.007814
8 3 0.206466 0.210247 0.007814
8 4 0.206208 0.210247 0.007814
8 5 0.206208 0.210247 0.007814
8 6 0.209042 0.210247 0.007814
8 7 0.210072 0.210247 0.007814
8 8 0.210072 0.210247 0.007814
8 9 0.210459 0.210247 0.007814
8 10 0.208913 0.210247 0.007814
8 11 0.212519 0.210247 0.007814
8 12 0.214709 0.210247 0.007814
8 13 0.217800 0.210247 0.007814
8 14 0.216126 0.210247 0.007814
8 15 0.215611 0.210247 0.007814
8 16 0.218573 0.210247 0.007814
8 17 0.219603 0.210247 0.007814
8 18 0.216383 0.210247 0.007814
8 19 0.214967 0.210247 0.007814
8 20 0.209299 0.210247 0.007814
9 0 0.201829 0.210247 0.007814
9 1 0.205307 0.210247 0.007814
9 2 0.205951 0.210247 0.007814
9 3 0.208269 0.210247 0.007814
9 4 0.206981 0.210247 0.007814
9 5 0.208140 0.210247 0.007814
9 6 0.208398 0.210247 0.007814
9 7 0.211489 0.210247 0.007814
9 8 0.211231 0.210247 0.007814
9 9 0.210974 0.210247 0.007814
9 10 0.209686 0.210247 0.007814
9 11 0.212777 0.210247 0.007814
9 12 0.212519 0.210247 0.007814
9 13 0.215739 0.210247 0.007814
9 14 0.216255 0.210247 0.007814
9 15 0.217027 0.210247 0.007814
9 16 0.219603 0.210247 0.007814
9 17 0.218573 0.210247 0.007814
9 18 0.218444 0.210247 0.007814
9 19 0.213163 0.210247 0.007814
9 20 0.210459 0.210247 0.007814
10 0 0.203246 0.210247 0.007814
10 1 0.208655 0.210247 0.007814
10 2 0.211875 0.210247 0.007814
10 3 0.212133 0.210247 0.007814
10 4 0.212906 0.210247 0.007814
10 5 0.212519 0.210247 0.007814
10 6 0.210072 0.210247 0.007814
10 7 0.212777 0.210247 0.007814
10 8 0.213936 0.210247 0.007814
10 9 0.213292 0.210247 0.007814
10 10 0.211875 0.210247 0.007814
10 11 0.213421 0.210247 0.007814
10 12 0.213679 0.210247 0.007814
10 13 0.216126 0.210247 0.007814
10 14 0.215739 0.210247 0.007814
10 15 0.219217 0.210247 0.007814
10 16 0.221020 0.210247 0.007814
10 17 0.220247 0.210247 0.007814
10 18 0.220376 0.210247 0.007814
10 19 0.215224 0.210247 0.007814
10 20 0.209042 0.210247 0.007814
11 0 0.205049 0.210247 0.007814
11 1 0.208913 0.210247 0.007814
11 2 0.212519 0.210247 0.007814
11 3 0.214580 0.210247 0.007814
11 4 0.213035 0.210247 0.007814
11 5 0.211103 0.210247 0.007814
11 6 0.212648 0.210247 0.007814
11 7 0.213679 0.210247 0.007814
11 8 0.211618 0.210247 0.007814
11 9 0.214451 0.210247 0.007814
11 10 0.215224 0.210247 0.007814
11 11 0.216641 0.210247 0.007814
11 12 0.216383 0.210247 0.007814
11 13 0.219861 0.210247 0.007814
11 14 0.221278 0.210247 0.007814
11 15 0.222308 0.210247 0.007814
11 16 0.223725 0.210247 0.007814
11 17 0.223467 0.210247 0.007814
11 18 0.220891 0.210247 0.007814
11 19 0.215739 0.210247 0.007814
11 20 0.210330 0.210247 0.007814
12 0 0.203761 0.210247 0.007814
12 1 0.209428 0.210247 0.007814
12 2 0.212777 0.210247 0.007814
12 3 0.213421 0.210247 0.007814
12 4 0.211747 0.210247 0.007814
12 5 0.215482 0.210247 0.007814
12 6 0.215095 0.210247 0.007814
12 7 0.216383 0.210247 0.007814
12 8 0.212133 0.210247 0.007814
12 9 0.214967 0.210247 0.007814
12 10 0.216641 0.210247 0.007814
12 11 0.217800 0.210247 0.007814
12 12 0.217800 0.210247 0.007814
12 13 0.221535 0.210247 0.007814
12 14 0.223081 0.210247 0.007814
12 15 0.222179 0.210247 0.007814
12 16 0.221793 0.210247 0.007814
12 17 0.221793 0.210247 0.007814
12 18 0.219603 0.210247 0.007814
12 19 0.215868 0.210247 0.007814
12 20 0.211618 0.210247 0.007814
13 0 0.208655 0.210247 0.007814
13 1 0.213292 0.210247 0.007814
13 2 0.214065 0.210247 0.007814
13 3 0.213936 0.210247 0.007814
13 4 0.215353 0.210247 0.007814
13 5 0.217543 0.210247 0.007814
13 6 0.219603 0.210247 0.007814
13 7 0.217671 0.210247 0.007814
13 8 0.217285 0.210247 0.007814
13 9 0.216126 0.210247 0.007814
13 10 0.216126 0.210247 0.007814
13 11 0.220634 0.210247 0.007814
13 12 0.219861 0.210247 0.007814
13 13 0.224240 0.210247 0.007814
13 14 0.221922 0.210247 0.007814
13 15 0.223081 0.210247 0.007814
13 16 0.221664 0.210247 0.007814
13 17 0.222823 0.210247 0.007814
13 18 0.221406 0.210247 0.007814
13 19 0.218573 0.210247 0.007814
13 20 0.214194 0.210247 0.007814
14 0 0.211103 0.210247 0.007814
14 1 0.212519 0.210247 0.007814
14 2 0.213163 0.210247 0.007814
14 3 0.213292 0.210247 0.007814
14 4 0.214451 0.210247 0.007814
14 5 0.217543 0.210247 0.007814
14 6 0.217929 0.210247 0.007814
14 7 0.216899 0.210247 0.007814
14 8 0.217543 0.210247 0.007814
14 9 0.214194 0.210247 0.007814
14 10 0.216899 0.210247 0.007814
14 11 0.220634 0.210247 0.007814
14 12 0.221535 0.210247 0.007814
14 13 0.221278 0.210247 0.007814
14 14 0.220376 0.210247 0.007814
14 15 0.221278 0.210247 0.007814
14 16 0.222566 0.210247 0.007814
14 17 0.222566 0.210247 0.007814
14 18 0.222823 0.210247 0.007814
14 19 0.220118 0.210247 0.007814
14 20 0.214709 0.210247 0.007814
15 0 0.211103 0.210247 0.007814
15 1 0.212004 0.210247 0.007814
15 2 0.213807 0.210247 0.007814
15 3 0.213421 0.210247 0.007814
15 4 0.213035 0.210247 0.007814
15 5 0.214709 0.210247 0.007814
15 6 0.214709 0.210247 0.007814
15 7 0.217027 0.210247 0.007814
15 8 0.217800 0.210247 0.007814
15 9 0.217671 0.210247 0.007814
15 10 0.216641 0.210247 0.007814
15 11 0.219603 0.210247 0.007814
15 12 0.220762 0.210247 0.007814
15 13 0.222437 0.210247 0.007814
15 14 0.220762 0.210247 0.007814
15 15 0.221793 0.210247 0.007814
15 16 0.222308 0.210247 0.007814
15 17 0.221793 0.210247 0.007814
15 18 0.222437 0.210247 0.007814
15 19 0.220118 0.210247 0.007814
15 20 0.212262 0.210247 0.007814
16 0 0.210330 0.210247 0.007814
16 1 0.212262 0.210247 0.007814
16 2 0.212133 0.210247 0.007814
16 3 0.213936 0.210247 0.007814
16 4 0.214838 0.210247 0.007814
16 5 0.213421 0.210247 0.007814
16 6 0.213807 0.210247 0.007814
16 7 0.214580 0.210247 0.007814
16 8 0.217156 0.210247 0.007814
16 9 0.217156 0.210247 0.007814
16 10 0.219346 0.210247 0.007814
16 11 0.218959 0.210247 0.007814
16 12 0.219474 0.210247 0.007814
16 13 0.222823 0.210247 0.007814
16 14 0.221793 0.210247 0.007814
16 15 0.224369 0.210247 0.007814
16 16 0.223854 0.210247 0.007814
16 17 0.222437 0.210247 0.007814
16 18 0.221793 0.210247 0.007814
16 19 0.218444 0.210247 0.007814
16 20 0.212648 0.210247 0.007814
17 0 0.208398 0.210247 0.007814
17 1 0.212004 0.210247 0.007814
17 2 0.211489 0.210247 0.007814
17 3 0.211489 0.210247 0.007814
17 4 0.214838 0.210247 0.007814
17 5 0.213292 0.210247 0.007814
17 6 0.212648 0.210247 0.007814
17 7 0.214967 0.210247 0.007814
17 8 0.217414 0.210247 0.007814
17 9 0.216512 0.210247 0.007814
17 10 0.217285 0.210247 0.007814
17 11 0.219603 0.210247 0.007814
17 12 0.220118 0.210247 0.007814
17 13 0.221793 0.210247 0.007814
17 14 0.221922 0.210247 0.007814
17 15 0.224626 0.210247 0.007814
17 16 0.224369 0.210247 0.007814
17 17 0.221020 0.210247 0.007814
17 18 0.218444 0.210247 0.007814
17 19 0.214967 0.210247 0.007814
17 20 0.208655 0.210247 0.007814
18 0 0.205178 0.210247 0.007814
18 1 0.208269 0.210247 0.007814
18 2 0.210587 0.210247 0.007814
18 3 0.208913 0.210247 0.007814
18 4 0.210201 0.210247 0.007814
18 5 0.211489 0.210247 0.007814
18 6 0.212391 0.210247 0.007814
18 7 0.212133 0.210247 0.007814
18 8 0.211618 0.210247 0.007814
18 9 0.212906 0.210247 0.007814
18 10 0.211875 0.210247 0.007814
18 11 0.214194 0.210247 0.007814
18 12 0.216383 0.210247 0.007814
18 13 0.217285 0.210247 0.007814
18 14 0.217800 0.210247 0.007814
18 15 0.219732 0.210247 0.007814
18 16 0.220247 0.210247 0.007814
18 17 0.218702 0.210247 0.007814
18 18 0.215611 0.210247 0.007814
18 19 0.211875 0.210247 0.007814
18 20 0.204019 0.210247 0.007814
19 0 0.203503 0.210247 0.007814
19 1 0.206208 0.210247 0.007814
19 2 0.206595 0.210247 0.007814
19 3 0.207754 0.210247 0.007814
19 4 0.209815 0.210247 0.007814
19 5 0.210459 0.210247 0.007814
19 6 0.211231 0.210247 0.007814
19 7 0.211618 0.210247 0.007814
19 8 0.209943 0.210247 0.007814
19 9 0.209686 0.210247 0.007814
19 10 0.212391 0.210247 0.007814
19 11 0.212648 0.210247 0.007814
19 12 0.214323 0.210247 0.007814
19 13 0.213936 0.210247 0.007814
19 14 0.213550 0.210247 0.007814
19 15 0.217543 0.210247 0.007814
19 16 0.215868 0.210247 0.007814
19 17 0.213936 0.210247 0.007814
19 18 0.211231 0.210247 0.007814
19 19 0.206852 0.210247 0.007814
19 20 0.198351 0.210247 0.007814
20 0 0.196548 0.210247 0.007814
20 1 0.200799 0.210247 0.007814
20 2 0.201571 0.210247 0.007814
20 3 0.203761 0.210247 0.007814
20 4 0.206723 0.210247 0.007814
20 5 0.205564 0.210247 0.007814
20 6 0.208527 0.210247 0.007814
20 7 0.209171 0.210247 0.007814
20 8 0.208269 0.210247 0.007814
20 9 0.204276 0.210247 0.007814
20 10 0.205435 0.210247 0.007814
20 11 0.208398 0.210247 0.007814
20 12 0.207883 0.210247 0.007814
20 13 0.208913 0.210247 0.007814
20 14 0.209943 0.210247 0.007814
20 15 0.212004 0.210247 0.007814
20 16 0.210459 0.210247 0.007814
20 17 0.206723 0.210247 0.007814
20 18 0.204405 0.210247 0.007814
20 19 0.199768 0.210247 0.007814
20 20 0.194616 0.210247 0.007814
