# contact distance = 32.0 Angstroms
# F = 0.4 kJ/mol

# i j contact_probability mean_contact_probability stddev_contact_probability
0 0 0.198864 0.198282 0.005053
0 1 0.202524 0.198282 0.005053
0 2 0.205426 0.198282 0.005053
0 3 0.203155 0.198282 0.005053
0 4 0.199369 0.198282 0.005053
0 5 0.198864 0.198282 0.005053
0 6 0.195205 0.198282 0.005053
0 7 0.193565 0.198282 0.005053
0 8 0.193438 0.198282 0.005053
0 9 0.193060 0.198282 0.005053
0 10 0.193565 0.198282 0.005053
0 11 0.192177 0.198282 0.005053
0 12 0.191293 0.198282 0.005053
0 13 0.192555 0.198282 0.005053
0 14 0.193060 0.198282 0.005053
0 15 0.193186 0.198282 0.005053
0 16 0.193943 0.198282 0.005053
0 17 0.192177 0.198282 0.005053
0 18 0.190662 0.198282 0.005053
0 19 0.190032 0.198282 0.005053
0 20 0.184353 0.198282 0.005053
1 0 0.203407 0.198282 0.005053
1 1 0.205804 0.198282 0.005053
1 2 0.207192 0.198282 0.005053
1 3 0.206562 0.198282 0.005053
1 4 0.204290 0.198282 0.005053
1 5 0.202397 0.198282 0.005053
1 6 0.200252 0.198282 0.005053
1 7 0.198864 0.198282 0.005053
1 8 0.196467 0.198282 0.005053
1 9 0.197098 0.198282 0.005053
1 10 0.197098 0.198282 0.005053
1 11 0.196341 0.198282 0.005053
1 12 0.195710 0.198282 0.005053
1 13 0.193943 0.198282 0.005053
1 14 0.194069 0.198282 0.005053
1 15 0.194069 0.198282 0.005053
1 16 0.197603 0.198282 0.005053
1 17 0.193691 0.198282 0.005053
1 18 0.195710 0.198282 0.005053
1 19 0.192303 0.198282 0.005053
1 20 0.188139 0.198282 0.005053
2 0 0.205174 0.198282 0.005053
2 1 0.208580 0.198282 0.005053
2 2 0.208328 0.198282 0.005053
2 3 0.206814 0.198282 0.005053
2 4 0.207823 0.198282 0.005053
2 5 0.205426 0.198282 0.005053
2 6 0.201640 0.198282 0.005053
2 7 0.200126 0.198282 0.005053
2 8 0.200757 0.198282 0.005053
2 9 0.200000 0.198282 0.005053
2 10 0.198991 0.198282 0.005053
2 11 0.199117 0.198282 0.005053
2 12 0.198360 0.198282 0.005053
2 13 0.196215 0.198282 0.005053
2 14 0.199243 0.198282 0.005053
2 15 0.195584 0.198282 0.005053
2 16 0.199621 0.198282 0.005053
2 17 0.197224 0.198282 0.005053
2 18 0.196845 0.198282 0.005053
2 19 0.193565 0.198282 0.005053
2 20 0.191672 0.198282 0.005053
3 0 0.202397 0.198282 0.005053
3 1 0.205931 0.198282 0.005053
3 2 0.209464 0.198282 0.005053
3 3 0.210347 0.198282 0.005053
3 4 0.206814 0.198282 0.005053
3 5 0.205804 0.198282 0.005053
3 6 0.202776 0.198282 0.005053
3 7 0.201893 0.198282 0.005053
3 8 0.199621 0.198282 0.005053
3 9 0.200000 0.198282 0.005053
3 10 0.200252 0.198282 0.005053
3 11 0.198738 0.198282 0.005053
3 12 0.197729 0.198282 0.005053
3 13 0.195710 0.198282 0.005053
3 14 0.198612 0.198282 0.005053
3 15 0.197350 0.198282 0.005053
3 16 0.196972 0.198282 0.005053
3 17 0.195457 0.198282 0.005053
3 18 0.197603 0.198282 0.005053
3 19 0.195079 0.198282 0.005053
3 20 0.192303 0.198282 0.005053
4 0 0.200126 0.198282 0.005053
4 1 0.204543 0.198282 0.005053
4 2 0.207571 0.198282 0.005053
4 3 0.210095 0.198282 0.005053
4 4 0.206688 0.198282 0.005053
4 5 0.204921 0.198282 0.005053
4 6 0.202019 0.198282 0.005053
4 7 0.201262 0.198282 0.005053
4 8 0.198233 0.198282 0.005053
4 9 0.203028 0.198282 0.005053
4 10 0.200631 0.198282 0.005053
4 11 0.200505 0.198282 0.005053
4 12 0.197855 0.198282 0.005053
4 13 0.195457 0.198282 0.005053
4 14 0.196845 0.198282 0.005053
4 15 0.198233 0.198282 0.005053
4 16 0.197476 0.198282 0.005053
4 17 0.198738 0.198282 0.005053
4 18 0.198486 0.198282 0.005053
4 19 0.194448 0.198282 0.005053
4 20 0.192934 0.198282 0.005053
5 0 0.195962 0.198282 0.005053
5 1 0.202776 0.198282 0.005053
5 2 0.205426 0.198282 0.005053
5 3 0.207319 0.198282 0.005053
5 4 0.205804 0.198282 0.005053
5 5 0.204164 0.198282 0.005053
5 6 0.201009 0.198282 0.005053
5 7 0.197098 0.198282 0.005053
5 8 0.198738 0.198282 0.005053
5 9 0.201136 0.198282 0.005053
5 10 0.201136 0.198282 0.005053
5 11 0.200252 0.198282 0.005053
5 12 0.200126 0.198282 0.005053
5 13 0.199117 0.198282 0.005053
5 14 0.198612 0.198282 0.005053
5 15 0.196593 0.198282 0.005053
5 16 0.198233 0.198282 0.005053
5 17 0.197855 0.198282 0.005053
5 18 0.198991 0.198282 0.005053
5 19 0.195584 0.198282 0.005053
5 20 0.193817 0.198282 0.005053
6 0 0.196341 0.198282 0.005053
6 1 0.200505 0.198282 0.005053
6 2 0.203659 0.198282 0.005053
6 3 0.204921 0.198282 0.005053
6 4 0.204669 0.198282 0.005053
6 5 0.203281 0.198282 0.005053
6 6 0.201388 0.198282 0.005053
6 7 0.198107 0.198282 0.005053
6 8 0.196593 0.198282 0.005053
6 9 0.201388 0.198282 0.005053
6 10 0.201136 0.198282 0.005053
6 11 0.200883 0.198282 0.005053
6 12 0.201009 0.198282 0.005053
6 13 0.200631 0.198282 0.005053
6 14 0.196845 0.198282 0.005053
6 15 0.195962 0.198282 0.005053
6 16 0.197476 0.198282 0.005053
6 17 0.199117 0.198282 0.005053
6 18 0.197855 0.198282 0.005053
6 19 0.195079 0.198282 0.005053
6 20 0.192050 0.198282 0.005053
7 0 0.195079 0.198282 0.005053
7 1 0.199621 0.198282 0.005053
7 2 0.201388 0.198282 0.005053
7 3 0.204543 0.198282 0.005053
7 4 0.204921 0.198282 0.005053
7 5 0.203028 0.198282 0.005053
7 6 0.200252 0.198282 0.005053
7 7 0.200126 0.198282 0.005053
7 8 0.198612 0.198282 0.005053
7 9 0.198486 0.198282 0.005053
7 10 0.200252 0.198282 0.005053
7 11 0.198738 0.198282 0.005053
7 12 0.200757 0.198282 0.005053
7 13 0.199369 0.198282 0.005053
7 14 0.197476 0.198282 0.005053
7 15 0.195584 0.198282 0.005053
7 16 0.198486 0.198282 0.005053
7 17 0.199117 0.198282 0.005053
7 18 0.196341 0.198282 0.005053
7 19 0.196088 0.198282 0.005053
7 20 0.192808 0.198282 0.005053
8 0 0.195584 0.198282 0.005053
8 1 0.199243 0.198282 0.005053
8 2 0.202902 0.198282 0.005053
8 3 0.204290 0.198282 0.005053
8 4 0.203281 0.198282 0.005053
8 5 0.203281 0.198282 0.005053
8 6 0.201388 0.198282 0.005053
8 7 0.197855 0.198282 0.005053
8 8 0.197855 0.198282 0.005053
8 9 0.199748 0.198282 0.005053
8 10 0.197224 0.198282 0.005053
8 11 0.200505 0.198282 0.005053
8 12 0.199369 0.198282 0.005053
8 13 0.197729 0.198282 0.005053
8 14 0.197098 0.198282 0.005053
8 15 0.195205 0.198282 0.005053
8 16 0.196845 0.198282 0.005053
8 17 0.197729 0.198282 0.005053
8 18 0.197350 0.198282 0.005053
8 19 0.196467 0.198282 0.005053
8 20 0.192555 0.198282 0.005053
9 0 0.194322 0.198282 0.005053
9 1 0.198864 0.198282 0.005053
9 2 0.205931 0.198282 0.005053
9 3 0.205678 0.198282 0.005053
9 4 0.204290 0.198282 0.005053
9 5 0.203407 0.198282 0.005053
9 6 0.203533 0.198282 0.005053
9 7 0.198360 0.198282 0.005053
9 8 0.200126 0.198282 0.005053
9 9 0.200757 0.198282 0.005053
9 10 0.200883 0.198282 0.005053
9 11 0.201514 0.198282 0.005053
9 12 0.203028 0.198282 0.005053
9 13 0.200757 0.198282 0.005053
9 14 0.197603 0.198282 0.005053
9 15 0.197981 0.198282 0.005053
9 16 0.198864 0.198282 0.005053
9 17 0.195079 0.198282 0.005053
9 18 0.198107 0.198282 0.005053
9 19 0.194448 0.198282 0.005053
9 20 0.189527 0.198282 0.005053
10 0 0.195205 0.198282 0.005053
10 1 0.200883 0.198282 0.005053
10 2 0.205931 0.198282 0.005053
10 3 0.206814 0.198282 0.005053
10 4 0.203912 0.198282 0.005053
10 5 0.207445 0.198282 0.005053
10 6 0.204164 0.198282 0.005053
10 7 0.200000 0.198282 0.005053
10 8 0.197981 0.198282 0.005053
10 9 0.201514 0.198282 0.005053
10 10 0.201514 0.198282 0.005053
10 11 0.202650 0.198282 0.005053
10 12 0.200126 0.198282 0.005053
10 13 0.199495 0.198282 0.005053
10 14 0.198107 0.198282 0.005053
10 15 0.198864 0.198282 0.005053
10 16 0.197855 0.198282 0.005053
10 17 0.200126 0.198282 0.005053
10 18 0.195710 0.198282 0.005053
10 19 0.196215 0.198282 0.005053
10 20 0.190284 0.198282 0.005053
11 0 0.193691 0.198282 0.005053
11 1 0.200126 0.198282 0.005053
11 2 0.201136 0.198282 0.005053
11 3 0.203407 0.198282 0.005053
11 4 0.204543 0.198282 0.005053
11 5 0.204921 0.198282 0.005053
11 6 0.200757 0.198282 0.005053
11 7 0.199369 0.198282 0.005053
11 8 0.199117 0.198282 0.005053
11 9 0.198486 0.198282 0.005053
11 10 0.199748 0.198282 0.005053
11 11 0.202019 0.198282 0.005053
11 12 0.199748 0.198282 0.005053
11 13 0.199748 0.198282 0.005053
11 14 0.198107 0.198282 0.005053
11 15 0.198233 0.198282 0.005053
11 16 0.200126 0.198282 0.005053
11 17 0.199621 0.198282 0.005053
11 18 0.200252 0.198282 0.005053
11 19 0.195331 0.198282 0.005053
11 20 0.189401 0.198282 0.005053
12 0 0.194322 0.198282 0.005053
12 1 0.198864 0.198282 0.005053
12 2 0.201136 0.198282 0.005053
12 3 0.201767 0.198282 0.005053
12 4 0.200505 0.198282 0.005053
12 5 0.204416 0.198282 0.005053
12 6 0.201009 0.198282 0.005053
12 7 0.202271 0.198282 0.005053
12 8 0.199369 0.198282 0.005053
12 9 0.198107 0.198282 0.005053
12 10 0.197476 0.198282 0.005053
12 11 0.201136 0.198282 0.005053
12 12 0.201009 0.198282 0.005053
12 13 0.195584 0.198282 0.005053
12 14 0.198233 0.198282 0.005053
12 15 0.197603 0.198282 0.005053
12 16 0.199748 0.198282 0.005053
12 17 0.201262 0.198282 0.005053
12 18 0.199117 0.198282 0.005053
12 19 0.194574 0.198282 0.005053
12 20 0.187382 0.198282 0.005053
13 0 0.194448 0.198282 0.005053
13 1 0.200000 0.198282 0.005053
13 2 0.200757 0.198282 0.005053
13 3 0.202397 0.198282 0.005053
13 4 0.202776 0.198282 0.005053
13 5 0.205174 0.198282 0.005053
13 6 0.204795 0.198282 0.005053
13 7 0.200631 0.198282 0.005053
13 8 0.201136 0.198282 0.005053
13 9 0.198991 0.198282 0.005053
13 10 0.196467 0.198282 0.005053
13 11 0.203028 0.198282 0.005053
13 12 0.200631 0.198282 0.005053
13 13 0.198612 0.198282 0.005053
13 14 0.197855 0.198282 0.005053
13 15 0.196467 0.198282 0.005053
13 16 0.200000 0.198282 0.005053
13 17 0.200379 0.198282 0.005053
13 18 0.198738 0.198282 0.005053
13 19 0.194700 0.198282 0.005053
13 20 0.186498 0.198282 0.005053
14 0 0.193565 0.198282 0.005053
14 1 0.198360 0.198282 0.005053
14 2 0.202524 0.198282 0.005053
14 3 0.205552 0.198282 0.005053
14 4 0.204038 0.198282 0.005053
14 5 0.205678 0.198282 0.005053
14 6 0.204669 0.198282 0.005053
14 7 0.202271 0.198282 0.005053
14 8 0.200379 0.198282 0.005053
14 9 0.202776 0.198282 0.005053
14 10 0.197981 0.198282 0.005053
14 11 0.198360 0.198282 0.005053
14 12 0.199243 0.198282 0.005053
14 13 0.196972 0.198282 0.005053
14 14 0.199874 0.198282 0.005053
14 15 0.198360 0.198282 0.005053
14 16 0.197855 0.198282 0.005053
14 17 0.197603 0.198282 0.005053
14 18 0.196341 0.198282 0.005053
14 19 0.194322 0.198282 0.005053
14 20 0.187760 0.198282 0.005053
15 0 0.195205 0.198282 0.005053
15 1 0.197855 0.198282 0.005053
15 2 0.201009 0.198282 0.005053
15 3 0.205804 0.198282 0.005053
15 4 0.204038 0.198282 0.005053
15 5 0.205804 0.198282 0.005053
15 6 0.202902 0.198282 0.005053
15 7 0.200883 0.198282 0.005053
15 8 0.201388 0.198282 0.005053
15 9 0.200631 0.198282 0.005053
15 10 0.199621 0.198282 0.005053
15 11 0.200000 0.198282 0.005053
15 12 0.200252 0.198282 0.005053
15 13 0.200000 0.198282 0.005053
15 14 0.200631 0.198282 0.005053
15 15 0.199621 0.198282 0.005053
15 16 0.202145 0.198282 0.005053
15 17 0.199243 0.198282 0.005053
15 18 0.197855 0.198282 0.005053
15 19 0.193817 0.198282 0.005053
15 20 0.188265 0.198282 0.005053
16 0 0.195710 0.198282 0.005053
16 1 0.198864 0.198282 0.005053
16 2 0.203785 0.198282 0.005053
16 3 0.205174 0.198282 0.005053
16 4 0.204921 0.198282 0.005053
16 5 0.205804 0.198282 0.005053
16 6 0.203533 0.198282 0.005053
16 7 0.202271 0.198282 0.005053
16 8 0.201136 0.198282 0.005053
16 9 0.201136 0.198282 0.005053
16 10 0.200000 0.198282 0.005053
16 11 0.200252 0.198282 0.005053
16 12 0.200757 0.198282 0.005053
16 13 0.199117 0.198282 0.005053
16 14 0.201514 0.198282 0.005053
16 15 0.200379 0.198282 0.005053
16 16 0.200252 0.198282 0.005053
16 17 0.200631 0.198282 0.005053
16 18 0.196972 0.198282 0.005053
16 19 0.192050 0.198282 0.005053
16 20 0.186625 0.198282 0.005053
17 0 0.195457 0.198282 0.005053
17 1 0.197098 0.198282 0.005053
17 2 0.203912 0.198282 0.005053
17 3 0.205047 0.198282 0.005053
17 4 0.204038 0.198282 0.005053
17 5 0.203785 0.198282 0.005053
17 6 0.202902 0.198282 0.005053
17 7 0.200883 0.198282 0.005053
17 8 0.200000 0.198282 0.005053
17 9 0.198864 0.198282 0.005053
17 10 0.198233 0.198282 0.005053
17 11 0.200379 0.198282 0.005053
17 12 0.198486 0.198282 0.005053
17 13 0.198738 0.198282 0.005053
17 14 0.197224 0.198282 0.005053
17 15 0.197855 0.198282 0.005053
17 16 0.198233 0.198282 0.005053
17 17 0.196845 0.198282 0.005053
17 18 0.194700 0.198282 0.005053
17 19 0.190410 0.198282 0.005053
17 20 0.184606 0.198282 0.005053
18 0 0.194700 0.198282 0.005053
18 1 0.197098 0.198282 0.005053
18 2 0.200757 0.198282 0.005053
18 3 0.200252 0.198282 0.005053
18 4 0.199621 0.198282 0.005053
18 5 0.198612 0.198282 0.005053
18 6 0.195962 0.198282 0.005053
18 7 0.197224 0.198282 0.005053
18 8 0.196972 0.198282 0.005053
18 9 0.195962 0.198282 0.005053
18 10 0.196088 0.198282 0.005053
18 11 0.196467 0.198282 0.005053
18 12 0.196593 0.198282 0.005053
18 13 0.196719 0.198282 0.005053
18 14 0.197224 0.198282 0.005053
18 15 0.192934 0.198282 0.005053
18 16 0.195331 0.198282 0.005053
18 17 0.195710 0.198282 0.005053
18 18 0.193186 0.198282 0.005053
18 19 0.187886 0.198282 0.005053
18 20 0.179811 0.198282 0.005053
19 0 0.192303 0.198282 0.005053
19 1 0.196467 0.198282 0.005053
19 2 0.199369 0.198282 0.005053
19 3 0.196845 0.198282 0.005053
19 4 0.195710 0.198282 0.005053
19 5 0.195457 0.198282 0.005053
19 6 0.193817 0.198282 0.005053
19 7 0.193943 0.198282 0.005053
19 8 0.196341 0.198282 0.005053
19 9 0.195205 0.198282 0.005053
19 10 0.194196 0.198282 0.005053
19 11 0.193060 0.198282 0.005053
19 12 0.192808 0.198282 0.005053
19 13 0.192177 0.198282 0.005053
19 14 0.191672 0.198282 0.005053
19 15 0.191167 0.198282 0.005053
19 16 0.193438 0.198282 0.005053
19 17 0.193312 0.198282 0.005053
19 18 0.190789 0.198282 0.005053
19 19 0.184353 0.198282 0.005053
19 20 0.179432 0.198282 0.005053
20 0 0.188391 0.198282 0.005053
20 1 0.192050 0.198282 0.005053
20 2 0.197224 0.198282 0.005053
20 3 0.194069 0.198282 0.005053
20 4 0.194069 0.198282 0.005053
20 5 0.192429 0.198282 0.005053
20 6 0.190662 0.198282 0.005053
20 7 0.190410 0.198282 0.005053
20 8 0.192429 0.198282 0.005053
20 9 0.191672 0.198282 0.005053
20 10 0.189905 0.198282 0.005053
20 11 0.189653 0.198282 0.005053
20 12 0.188644 0.198282 0.005053
20 13 0.187634 0.198282 0.005053
20 14 0.187886 0.198282 0.005053
20 15 0.186372 0.198282 0.005053
20 16 0.189905 0.198282 0.005053
20 17 0.185237 0.198282 0.005053
20 18 0.181956 0.198282 0.005053
20 19 0.178549 0.198282 0.005053
20 20 0.174385 0.198282 0.005053
