# contact distance = 32.0 Angstroms
# F = 0.4 kJ/mol

# i j contact_probability mean_contact_probability stddev_contact_probability
0 0 0.221339 0.226805 0.005352
0 1 0.223914 0.226805 0.005352
0 2 0.225481 0.226805 0.005352
0 3 0.224810 0.226805 0.005352
0 4 0.223354 0.226805 0.005352
0 5 0.224026 0.226805 0.005352
0 6 0.221563 0.226805 0.005352
0 7 0.219212 0.226805 0.005352
0 8 0.216301 0.226805 0.005352
0 9 0.216637 0.226805 0.005352
0 10 0.218428 0.226805 0.005352
0 11 0.219436 0.226805 0.005352
0 12 0.225593 0.226805 0.005352
0 13 0.224138 0.226805 0.005352
0 14 0.224474 0.226805 0.005352
0 15 0.225258 0.226805 0.005352
0 16 0.224138 0.226805 0.005352
0 17 0.223130 0.226805 0.005352
0 18 0.219772 0.226805 0.005352
0 19 0.217197 0.226805 0.005352
0 20 0.213278 0.226805 0.005352
1 0 0.223354 0.226805 0.005352
1 1 0.227049 0.226805 0.005352
1 2 0.225929 0.226805 0.005352
1 3 0.226825 0.226805 0.005352
1 4 0.225593 0.226805 0.005352
1 5 0.224810 0.226805 0.005352
1 6 0.223466 0.226805 0.005352
1 7 0.222794 0.226805 0.005352
1 8 0.220443 0.226805 0.005352
1 9 0.220107 0.226805 0.005352
1 10 0.221451 0.226805 0.005352
1 11 0.225929 0.226805 0.005352
1 12 0.227609 0.226805 0.005352
1 13 0.227944 0.226805 0.005352
1 14 0.226377 0.226805 0.005352
1 15 0.226825 0.226805 0.005352
1 16 0.228504 0.226805 0.005352
1 17 0.223802 0.226805 0.005352
1 18 0.221787 0.226805 0.005352
1 19 0.219772 0.226805 0.005352
1 20 0.215069 0.226805 0.005352
2 0 0.224362 0.226805 0.005352
2 1 0.227049 0.226805 0.005352
2 2 0.225817 0.226805 0.005352
2 3 0.224810 0.226805 0.005352
2 4 0.226377 0.226805 0.005352
2 5 0.226377 0.226805 0.005352
2 6 0.226265 0.226805 0.005352
2 7 0.224474 0.226805 0.005352
2 8 0.225146 0.226805 0.005352
2 9 0.224474 0.226805 0.005352
2 10 0.225258 0.226805 0.005352
2 11 0.227609 0.226805 0.005352
2 12 0.231191 0.226805 0.005352
2 13 0.232759 0.226805 0.005352
2 14 0.230072 0.226805 0.005352
2 15 0.231975 0.226805 0.005352
2 16 0.230408 0.226805 0.005352
2 17 0.228504 0.226805 0.005352
2 18 0.226041 0.226805 0.005352
2 19 0.223354 0.226805 0.005352
2 20 0.218652 0.226805 0.005352
3 0 0.222571 0.226805 0.005352
3 1 0.226265 0.226805 0.005352
3 2 0.224474 0.226805 0.005352
3 3 0.226041 0.226805 0.005352
3 4 0.226377 0.226805 0.005352
3 5 0.226937 0.226805 0.005352
3 6 0.226265 0.226805 0.005352
3 7 0.224698 0.226805 0.005352
3 8 0.223914 0.226805 0.005352
3 9 0.227497 0.226805 0.005352
3 10 0.227049 0.226805 0.005352
3 11 0.228504 0.226805 0.005352
3 12 0.230519 0.226805 0.005352
3 13 0.232087 0.226805 0.005352
3 14 0.233542 0.226805 0.005352
3 15 0.232087 0.226805 0.005352
3 16 0.232087 0.226805 0.005352
3 17 0.229848 0.226805 0.005352
3 18 0.225705 0.226805 0.005352
3 19 0.221899 0.226805 0.005352
3 20 0.220107 0.226805 0.005352
4 0 0.222682 0.226805 0.005352
4 1 0.225929 0.226805 0.005352
4 2 0.227497 0.226805 0.005352
4 3 0.227049 0.226805 0.005352
4 4 0.224474 0.226805 0.005352
4 5 0.226937 0.226805 0.005352
4 6 0.227049 0.226805 0.005352
4 7 0.223914 0.226805 0.005352
4 8 0.223018 0.226805 0.005352
4 9 0.225929 0.226805 0.005352
4 10 0.228616 0.226805 0.005352
4 11 0.229176 0.226805 0.005352
4 12 0.232759 0.226805 0.005352
4 13 0.235893 0.226805 0.005352
4 14 0.234550 0.226805 0.005352
4 15 0.232199 0.226805 0.005352
4 16 0.232759 0.226805 0.005352
4 17 0.231191 0.226805 0.005352
4 18 0.227161 0.226805 0.005352
4 19 0.223130 0.226805 0.005352
4 20 0.219324 0.226805 0.005352
5 0 0.217980 0.226805 0.005352
5 1 0.224250 0.226805 0.005352
5 2 0.225258 0.226805 0.005352
5 3 0.226489 0.226805 0.005352
5 4 0.228168 0.226805 0.005352
5 5 0.226041 0.226805 0.005352
5 6 0.225817 0.226805 0.005352
5 7 0.223242 0.226805 0.005352
5 8 0.222235 0.226805 0.005352
5 9 0.222906 0.226805 0.005352
5 10 0.226825 0.226805 0.005352
5 11 0.229400 0.226805 0.005352
5 12 0.233206 0.226805 0.005352
5 13 0.232759 0.226805 0.005352
5 14 0.232199 0.226805 0.005352
5 15 0.230631 0.226805 0.005352
5 16 0.232087 0.226805 0.005352
5 17 0.230296 0.226805 0.005352
5 18 0.227161 0.226805 0.005352
5 19 0.225481 0.226805 0.005352
5 20 0.219548 0.226805 0.005352
6 0 0.214845 0.226805 0.005352
6 1 0.220779 0.226805 0.005352
6 2 0.221899 0.226805 0.005352
6 3 0.224586 0.226805 0.005352
6 4 0.225481 0.226805 0.005352
6 5 0.224138 0.226805 0.005352
6 6 0.221787 0.226805 0.005352
6 7 0.220331 0.226805 0.005352
6 8 0.221227 0.226805 0.005352
6 9 0.222347 0.226805 0.005352
6 10 0.224138 0.226805 0.005352
6 11 0.228952 0.226805 0.005352
6 12 0.232087 0.226805 0.005352
6 13 0.233318 0.226805 0.005352
6 14 0.228504 0.226805 0.005352
6 15 0.231079 0.226805 0.005352
6 16 0.233430 0.226805 0.005352
6 17 0.231863 0.226805 0.005352
6 18 0.227161 0.226805 0.005352
6 19 0.224922 0.226805 0.005352
6 20 0.219100 0.226805 0.005352
7 0 0.214286 0.226805 0.005352
7 1 0.218540 0.226805 0.005352
7 2 0.222682 0.226805 0.005352
7 3 0.226041 0.226805 0.005352
7 4 0.224922 0.226805 0.005352
7 5 0.224586 0.226805 0.005352
7 6 0.223130 0.226805 0.005352
7 7 0.220779 0.226805 0.005352
7 8 0.220331 0.226805 0.005352
7 9 0.221451 0.226805 0.005352
7 10 0.224362 0.226805 0.005352
7 11 0.226601 0.226805 0.005352
7 12 0.231415 0.226805 0.005352
7 13 0.230855 0.226805 0.005352
7 14 0.230184 0.226805 0.005352
7 15 0.231191 0.226805 0.005352
7 16 0.233766 0.226805 0.005352
7 17 0.232311 0.226805 0.005352
7 18 0.229176 0.226805 0.005352
7 19 0.226489 0.226805 0.005352
7 20 0.218876 0.226805 0.005352
8 0 0.217421 0.226805 0.005352
8 1 0.220107 0.226805 0.005352
8 2 0.224362 0.226805 0.005352
8 3 0.227273 0.226805 0.005352
8 4 0.224922 0.226805 0.005352
8 5 0.225593 0.226805 0.005352
8 6 0.225369 0.226805 0.005352
8 7 0.223914 0.226805 0.005352
8 8 0.220891 0.226805 0.005352
8 9 0.224586 0.226805 0.005352
8 10 0.225705 0.226805 0.005352
8 11 0.227609 0.226805 0.005352
8 12 0.232535 0.226805 0.005352
8 13 0.232871 0.226805 0.005352
8 14 0.233430 0.226805 0.005352
8 15 0.233206 0.226805 0.005352
8 16 0.232647 0.226805 0.005352
8 17 0.233206 0.226805 0.005352
8 18 0.231191 0.226805 0.005352
8 19 0.226489 0.226805 0.005352
8 20 0.218988 0.226805 0.005352
9 0 0.219548 0.226805 0.005352
9 1 0.224026 0.226805 0.005352
9 2 0.227273 0.226805 0.005352
9 3 0.228952 0.226805 0.005352
9 4 0.226713 0.226805 0.005352
9 5 0.228168 0.226805 0.005352
9 6 0.226713 0.226805 0.005352
9 7 0.224810 0.226805 0.005352
9 8 0.223802 0.226805 0.005352
9 9 0.225481 0.226805 0.005352
9 10 0.229848 0.226805 0.005352
9 11 0.227944 0.226805 0.005352
9 12 0.233430 0.226805 0.005352
9 13 0.232647 0.226805 0.005352
9 14 0.234774 0.226805 0.005352
9 15 0.232759 0.226805 0.005352
9 16 0.231415 0.226805 0.005352
9 17 0.231639 0.226805 0.005352
9 18 0.228728 0.226805 0.005352
9 19 0.226041 0.226805 0.005352
9 20 0.219884 0.226805 0.005352
10 0 0.221003 0.226805 0.005352
10 1 0.223130 0.226805 0.005352
10 2 0.226265 0.226805 0.005352
10 3 0.228056 0.226805 0.005352
10 4 0.226265 0.226805 0.005352
10 5 0.226713 0.226805 0.005352
10 6 0.227161 0.226805 0.005352
10 7 0.225258 0.226805 0.005352
10 8 0.225481 0.226805 0.005352
10 9 0.227609 0.226805 0.005352
10 10 0.230855 0.226805 0.005352
10 11 0.229400 0.226805 0.005352
10 12 0.232759 0.226805 0.005352
10 13 0.231863 0.226805 0.005352
10 14 0.232759 0.226805 0.005352
10 15 0.232983 0.226805 0.005352
10 16 0.232087 0.226805 0.005352
10 17 0.230743 0.226805 0.005352
10 18 0.228056 0.226805 0.005352
10 19 0.223578 0.226805 0.005352
10 20 0.217421 0.226805 0.005352
11 0 0.219884 0.226805 0.005352
11 1 0.223690 0.226805 0.005352
11 2 0.225034 0.226805 0.005352
11 3 0.227497 0.226805 0.005352
11 4 0.228504 0.226805 0.005352
11 5 0.229960 0.226805 0.005352
11 6 0.228952 0.226805 0.005352
11 7 0.226041 0.226805 0.005352
11 8 0.226489 0.226805 0.005352
11 9 0.226713 0.226805 0.005352
11 10 0.230296 0.226805 0.005352
11 11 0.232535 0.226805 0.005352
11 12 0.233206 0.226805 0.005352
11 13 0.230519 0.226805 0.005352
11 14 0.230519 0.226805 0.005352
11 15 0.230967 0.226805 0.005352
11 16 0.231415 0.226805 0.005352
11 17 0.229960 0.226805 0.005352
11 18 0.227721 0.226805 0.005352
11 19 0.222459 0.226805 0.005352
11 20 0.215629 0.226805 0.005352
12 0 0.219996 0.226805 0.005352
12 1 0.223242 0.226805 0.005352
12 2 0.227161 0.226805 0.005352
12 3 0.228728 0.226805 0.005352
12 4 0.227049 0.226805 0.005352
12 5 0.228168 0.226805 0.005352
12 6 0.228280 0.226805 0.005352
12 7 0.227497 0.226805 0.005352
12 8 0.227385 0.226805 0.005352
12 9 0.229624 0.226805 0.005352
12 10 0.229176 0.226805 0.005352
12 11 0.227833 0.226805 0.005352
12 12 0.232647 0.226805 0.005352
12 13 0.231527 0.226805 0.005352
12 14 0.229512 0.226805 0.005352
12 15 0.230296 0.226805 0.005352
12 16 0.230072 0.226805 0.005352
12 17 0.229848 0.226805 0.005352
12 18 0.225258 0.226805 0.005352
12 19 0.222347 0.226805 0.005352
12 20 0.216413 0.226805 0.005352
13 0 0.219884 0.226805 0.005352
13 1 0.223242 0.226805 0.005352
13 2 0.227385 0.226805 0.005352
13 3 0.228616 0.226805 0.005352
13 4 0.228056 0.226805 0.005352
13 5 0.226489 0.226805 0.005352
13 6 0.228504 0.226805 0.005352
13 7 0.226601 0.226805 0.005352
13 8 0.228056 0.226805 0.005352
13 9 0.228728 0.226805 0.005352
13 10 0.229064 0.226805 0.005352
13 11 0.230855 0.226805 0.005352
13 12 0.232983 0.226805 0.005352
13 13 0.231639 0.226805 0.005352
13 14 0.231303 0.226805 0.005352
13 15 0.233430 0.226805 0.005352
13 16 0.232311 0.226805 0.005352
13 17 0.232647 0.226805 0.005352
13 18 0.229176 0.226805 0.005352
13 19 0.224698 0.226805 0.005352
13 20 0.215853 0.226805 0.005352
14 0 0.222347 0.226805 0.005352
14 1 0.225258 0.226805 0.005352
14 2 0.228280 0.226805 0.005352
14 3 0.230296 0.226805 0.005352
14 4 0.229848 0.226805 0.005352
14 5 0.229064 0.226805 0.005352
14 6 0.227721 0.226805 0.005352
14 7 0.227049 0.226805 0.005352
14 8 0.231191 0.226805 0.005352
14 9 0.232311 0.226805 0.005352
14 10 0.230296 0.226805 0.005352
14 11 0.231303 0.226805 0.005352
14 12 0.233094 0.226805 0.005352
14 13 0.236005 0.226805 0.005352
14 14 0.233206 0.226805 0.005352
14 15 0.234550 0.226805 0.005352
14 16 0.233654 0.226805 0.005352
14 17 0.233878 0.226805 0.005352
14 18 0.231079 0.226805 0.005352
14 19 0.225705 0.226805 0.005352
14 20 0.219324 0.226805 0.005352
15 0 0.222571 0.226805 0.005352
15 1 0.226601 0.226805 0.005352
15 2 0.228952 0.226805 0.005352
15 3 0.231751 0.226805 0.005352
15 4 0.232535 0.226805 0.005352
15 5 0.230967 0.226805 0.005352
15 6 0.229624 0.226805 0.005352
15 7 0.228392 0.226805 0.005352
15 8 0.230743 0.226805 0.005352
15 9 0.232759 0.226805 0.005352
15 10 0.230296 0.226805 0.005352
15 11 0.232647 0.226805 0.005352
15 12 0.234214 0.226805 0.005352
15 13 0.234662 0.226805 0.005352
15 14 0.234550 0.226805 0.005352
15 15 0.234550 0.226805 0.005352
15 16 0.235334 0.226805 0.005352
15 17 0.236005 0.226805 0.005352
15 18 0.231415 0.226805 0.005352
15 19 0.224586 0.226805 0.005352
15 20 0.217197 0.226805 0.005352
16 0 0.226713 0.226805 0.005352
16 1 0.229288 0.226805 0.005352
16 2 0.232087 0.226805 0.005352
16 3 0.234550 0.226805 0.005352
16 4 0.233318 0.226805 0.005352
16 5 0.232759 0.226805 0.005352
16 6 0.231863 0.226805 0.005352
16 7 0.229624 0.226805 0.005352
16 8 0.231079 0.226805 0.005352
16 9 0.231079 0.226805 0.005352
16 10 0.229848 0.226805 0.005352
16 11 0.231863 0.226805 0.005352
16 12 0.234550 0.226805 0.005352
16 13 0.235670 0.226805 0.005352
16 14 0.235558 0.226805 0.005352
16 15 0.234998 0.226805 0.005352
16 16 0.235334 0.226805 0.005352
16 17 0.235893 0.226805 0.005352
16 18 0.229960 0.226805 0.005352
16 19 0.223690 0.226805 0.005352
16 20 0.217868 0.226805 0.005352
17 0 0.226601 0.226805 0.005352
17 1 0.228504 0.226805 0.005352
17 2 0.232199 0.226805 0.005352
17 3 0.234662 0.226805 0.005352
17 4 0.232759 0.226805 0.005352
17 5 0.232535 0.226805 0.005352
17 6 0.228952 0.226805 0.005352
17 7 0.229736 0.226805 0.005352
17 8 0.227944 0.226805 0.005352
17 9 0.229512 0.226805 0.005352
17 10 0.231191 0.226805 0.005352
17 11 0.231303 0.226805 0.005352
17 12 0.233542 0.226805 0.005352
17 13 0.234102 0.226805 0.005352
17 14 0.236229 0.226805 0.005352
17 15 0.236005 0.226805 0.005352
17 16 0.234438 0.226805 0.005352
17 17 0.231863 0.226805 0.005352
17 18 0.227944 0.226805 0.005352
17 19 0.221451 0.226805 0.005352
17 20 0.216413 0.226805 0.005352
18 0 0.225369 0.226805 0.005352
18 1 0.228840 0.226805 0.005352
18 2 0.230743 0.226805 0.005352
18 3 0.234662 0.226805 0.005352
18 4 0.231527 0.226805 0.005352
18 5 0.230743 0.226805 0.005352
18 6 0.228056 0.226805 0.005352
18 7 0.227161 0.226805 0.005352
18 8 0.227049 0.226805 0.005352
18 9 0.227833 0.226805 0.005352
18 10 0.227609 0.226805 0.005352
18 11 0.227385 0.226805 0.005352
18 12 0.230631 0.226805 0.005352
18 13 0.232983 0.226805 0.005352
18 14 0.234774 0.226805 0.005352
18 15 0.232759 0.226805 0.005352
18 16 0.230967 0.226805 0.005352
18 17 0.229848 0.226805 0.005352
18 18 0.223130 0.226805 0.005352
18 19 0.218092 0.226805 0.005352
18 20 0.210367 0.226805 0.005352
19 0 0.221899 0.226805 0.005352
19 1 0.226601 0.226805 0.005352
19 2 0.228504 0.226805 0.005352
19 3 0.229848 0.226805 0.005352
19 4 0.229848 0.226805 0.005352
19 5 0.228616 0.226805 0.005352
19 6 0.227049 0.226805 0.005352
19 7 0.227161 0.226805 0.005352
19 8 0.224698 0.226805 0.005352
19 9 0.224026 0.226805 0.005352
19 10 0.223018 0.226805 0.005352
19 11 0.223578 0.226805 0.005352
19 12 0.224138 0.226805 0.005352
19 13 0.225593 0.226805 0.005352
19 14 0.227497 0.226805 0.005352
19 15 0.226825 0.226805 0.005352
19 16 0.225593 0.226805 0.005352
19 17 0.224474 0.226805 0.005352
19 18 0.218092 0.226805 0.005352
19 19 0.209695 0.226805 0.005352
19 20 0.203202 0.226805 0.005352
20 0 0.217085 0.226805 0.005352
20 1 0.222682 0.226805 0.005352
20 2 0.225481 0.226805 0.005352
20 3 0.226265 0.226805 0.005352
20 4 0.226713 0.226805 0.005352
20 5 0.225817 0.226805 0.005352
20 6 0.223914 0.226805 0.005352
20 7 0.222794 0.226805 0.005352
20 8 0.220443 0.226805 0.005352
20 9 0.220331 0.226805 0.005352
20 10 0.219100 0.226805 0.005352
20 11 0.219324 0.226805 0.005352
20 12 0.219324 0.226805 0.005352
20 13 0.220667 0.226805 0.005352
20 14 0.222794 0.226805 0.005352
20 15 0.221899 0.226805 0.005352
20 16 0.222571 0.226805 0.005352
20 17 0.218764 0.226805 0.005352
20 18 0.213726 0.226805 0.005352
20 19 0.203762 0.226805 0.005352
20 20 0.196149 0.226805 0.005352
