# contact distance = 32.0 Angstroms
# F = 0.4 kJ/mol

# i j contact_probability mean_contact_probability stddev_contact_probability
0 0 0.195367 0.185342 0.010535
0 1 0.199361 0.185342 0.010535
0 2 0.202236 0.185342 0.010535
0 3 0.197444 0.185342 0.010535
0 4 0.194569 0.185342 0.010535
0 5 0.194728 0.185342 0.010535
0 6 0.192173 0.185342 0.010535
0 7 0.189617 0.185342 0.010535
0 8 0.189297 0.185342 0.010535
0 9 0.187061 0.185342 0.010535
0 10 0.186262 0.185342 0.010535
0 11 0.184185 0.185342 0.010535
0 12 0.184345 0.185342 0.010535
0 13 0.185304 0.185342 0.010535
0 14 0.184505 0.185342 0.010535
0 15 0.185463 0.185342 0.010535
0 16 0.185463 0.185342 0.010535
0 17 0.181470 0.185342 0.010535
0 18 0.177955 0.185342 0.010535
0 19 0.171725 0.185342 0.010535
0 20 0.168690 0.185342 0.010535
1 0 0.196805 0.185342 0.010535
1 1 0.203674 0.185342 0.010535
1 2 0.202396 0.185342 0.010535
1 3 0.201278 0.185342 0.010535
1 4 0.197764 0.185342 0.010535
1 5 0.198083 0.185342 0.010535
1 6 0.195208 0.185342 0.010535
1 7 0.191693 0.185342 0.010535
1 8 0.192652 0.185342 0.010535
1 9 0.188818 0.185342 0.010535
1 10 0.188179 0.185342 0.010535
1 11 0.187220 0.185342 0.010535
1 12 0.187380 0.185342 0.010535
1 13 0.189297 0.185342 0.010535
1 14 0.192971 0.185342 0.010535
1 15 0.187859 0.185342 0.010535
1 16 0.185783 0.185342 0.010535
1 17 0.184185 0.185342 0.010535
1 18 0.181470 0.185342 0.010535
1 19 0.176997 0.185342 0.010535
1 20 0.174281 0.185342 0.010535
2 0 0.196965 0.185342 0.010535
2 1 0.200799 0.185342 0.010535
2 2 0.204633 0.185342 0.010535
2 3 0.201917 0.185342 0.010535
2 4 0.197125 0.185342 0.010535
2 5 0.199521 0.185342 0.010535
2 6 0.198243 0.185342 0.010535
2 7 0.194728 0.185342 0.010535
2 8 0.192812 0.185342 0.010535
2 9 0.190895 0.185342 0.010535
2 10 0.190415 0.185342 0.010535
2 11 0.189936 0.185342 0.010535
2 12 0.190256 0.185342 0.010535
2 13 0.191054 0.185342 0.010535
2 14 0.190415 0.185342 0.010535
2 15 0.188498 0.185342 0.010535
2 16 0.185783 0.185342 0.010535
2 17 0.186581 0.185342 0.010535
2 18 0.185144 0.185342 0.010535
2 19 0.180032 0.185342 0.010535
2 20 0.174281 0.185342 0.010535
3 0 0.197923 0.185342 0.010535
3 1 0.202556 0.185342 0.010535
3 2 0.205112 0.185342 0.010535
3 3 0.203674 0.185342 0.010535
3 4 0.200000 0.185342 0.010535
3 5 0.199840 0.185342 0.010535
3 6 0.198083 0.185342 0.010535
3 7 0.196166 0.185342 0.010535
3 8 0.193610 0.185342 0.010535
3 9 0.193930 0.185342 0.010535
3 10 0.193610 0.185342 0.010535
3 11 0.194089 0.185342 0.010535
3 12 0.194728 0.185342 0.010535
3 13 0.194089 0.185342 0.010535
3 14 0.193291 0.185342 0.010535
3 15 0.189617 0.185342 0.010535
3 16 0.189457 0.185342 0.010535
3 17 0.187700 0.185342 0.010535
3 18 0.186262 0.185342 0.010535
3 19 0.181150 0.185342 0.010535
3 20 0.174601 0.185342 0.010535
4 0 0.194888 0.185342 0.010535
4 1 0.199201 0.185342 0.010535
4 2 0.203994 0.185342 0.010535
4 3 0.203035 0.185342 0.010535
4 4 0.199840 0.185342 0.010535
4 5 0.199201 0.185342 0.010535
4 6 0.197604 0.185342 0.010535
4 7 0.198403 0.185342 0.010535
4 8 0.197604 0.185342 0.010535
4 9 0.195527 0.185342 0.010535
4 10 0.194409 0.185342 0.010535
4 11 0.195048 0.185342 0.010535
4 12 0.195367 0.185342 0.010535
4 13 0.194089 0.185342 0.010535
4 14 0.192332 0.185342 0.010535
4 15 0.188498 0.185342 0.010535
4 16 0.187859 0.185342 0.010535
4 17 0.190096 0.185342 0.010535
4 18 0.187061 0.185342 0.010535
4 19 0.180990 0.185342 0.010535
4 20 0.172843 0.185342 0.010535
5 0 0.192492 0.185342 0.010535
5 1 0.194888 0.185342 0.010535
5 2 0.200000 0.185342 0.010535
5 3 0.198882 0.185342 0.010535
5 4 0.197764 0.185342 0.010535
5 5 0.198083 0.185342 0.010535
5 6 0.197764 0.185342 0.010535
5 7 0.198403 0.185342 0.010535
5 8 0.197284 0.185342 0.010535
5 9 0.197444 0.185342 0.010535
5 10 0.190575 0.185342 0.010535
5 11 0.192013 0.185342 0.010535
5 12 0.192332 0.185342 0.010535
5 13 0.191374 0.185342 0.010535
5 14 0.192332 0.185342 0.010535
5 15 0.191534 0.185342 0.010535
5 16 0.190256 0.185342 0.010535
5 17 0.186102 0.185342 0.010535
5 18 0.184345 0.185342 0.010535
5 19 0.180192 0.185342 0.010535
5 20 0.173163 0.185342 0.010535
6 0 0.191054 0.185342 0.010535
6 1 0.194569 0.185342 0.010535
6 2 0.194569 0.185342 0.010535
6 3 0.197125 0.185342 0.010535
6 4 0.195847 0.185342 0.010535
6 5 0.195367 0.185342 0.010535
6 6 0.195048 0.185342 0.010535
6 7 0.195367 0.185342 0.010535
6 8 0.197764 0.185342 0.010535
6 9 0.192173 0.185342 0.010535
6 10 0.189936 0.185342 0.010535
6 11 0.192971 0.185342 0.010535
6 12 0.194728 0.185342 0.010535
6 13 0.193770 0.185342 0.010535
6 14 0.192173 0.185342 0.010535
6 15 0.192652 0.185342 0.010535
6 16 0.191054 0.185342 0.010535
6 17 0.188179 0.185342 0.010535
6 18 0.181310 0.185342 0.010535
6 19 0.177157 0.185342 0.010535
6 20 0.172843 0.185342 0.010535
7 0 0.186262 0.185342 0.010535
7 1 0.188978 0.185342 0.010535
7 2 0.192173 0.185342 0.010535
7 3 0.194089 0.185342 0.010535
7 4 0.190575 0.185342 0.010535
7 5 0.193610 0.185342 0.010535
7 6 0.193610 0.185342 0.010535
7 7 0.193131 0.185342 0.010535
7 8 0.194728 0.185342 0.010535
7 9 0.194089 0.185342 0.010535
7 10 0.189776 0.185342 0.010535
7 11 0.191534 0.185342 0.010535
7 12 0.193930 0.185342 0.010535
7 13 0.192812 0.185342 0.010535
7 14 0.191853 0.185342 0.010535
7 15 0.190575 0.185342 0.010535
7 16 0.187859 0.185342 0.010535
7 17 0.183866 0.185342 0.010535
7 18 0.180831 0.185342 0.010535
7 19 0.174920 0.185342 0.010535
7 20 0.174121 0.185342 0.010535
8 0 0.183706 0.185342 0.010535
8 1 0.186581 0.185342 0.010535
8 2 0.190575 0.185342 0.010535
8 3 0.192332 0.185342 0.010535
8 4 0.192492 0.185342 0.010535
8 5 0.193291 0.185342 0.010535
8 6 0.191853 0.185342 0.010535
8 7 0.194249 0.185342 0.010535
8 8 0.195527 0.185342 0.010535
8 9 0.191214 0.185342 0.010535
8 10 0.190575 0.185342 0.010535
8 11 0.192652 0.185342 0.010535
8 12 0.193131 0.185342 0.010535
8 13 0.192812 0.185342 0.010535
8 14 0.191534 0.185342 0.010535
8 15 0.190575 0.185342 0.010535
8 16 0.188978 0.185342 0.010535
8 17 0.184026 0.185342 0.010535
8 18 0.177955 0.185342 0.010535
8 19 0.174601 0.185342 0.010535
8 20 0.171406 0.185342 0.010535
9 0 0.184185 0.185342 0.010535
9 1 0.184345 0.185342 0.010535
9 2 0.189936 0.185342 0.010535
9 3 0.192013 0.185342 0.010535
9 4 0.192492 0.185342 0.010535
9 5 0.193770 0.185342 0.010535
9 6 0.192971 0.185342 0.010535
9 7 0.192812 0.185342 0.010535
9 8 0.193930 0.185342 0.010535
9 9 0.192013 0.185342 0.010535
9 10 0.188658 0.185342 0.010535
9 11 0.193131 0.185342 0.010535
9 12 0.194249 0.185342 0.010535
9 13 0.192173 0.185342 0.010535
9 14 0.192652 0.185342 0.010535
9 15 0.190096 0.185342 0.010535
9 16 0.190256 0.185342 0.010535
9 17 0.182588 0.185342 0.010535
9 18 0.178435 0.185342 0.010535
9 19 0.173962 0.185342 0.010535
9 20 0.169968 0.185342 0.010535
10 0 0.183227 0.185342 0.010535
10 1 0.186262 0.185342 0.010535
10 2 0.186741 0.185342 0.010535
10 3 0.188339 0.185342 0.010535
10 4 0.191214 0.185342 0.010535
10 5 0.193930 0.185342 0.010535
10 6 0.192492 0.185342 0.010535
10 7 0.192492 0.185342 0.010535
10 8 0.191853 0.185342 0.010535
10 9 0.192812 0.185342 0.010535
10 10 0.192492 0.185342 0.010535
10 11 0.192013 0.185342 0.010535
10 12 0.192971 0.185342 0.010535
10 13 0.190575 0.185342 0.010535
10 14 0.187859 0.185342 0.010535
10 15 0.188019 0.185342 0.010535
10 16 0.188498 0.185342 0.010535
10 17 0.185623 0.185342 0.010535
10 18 0.180511 0.185342 0.010535
10 19 0.174281 0.185342 0.010535
10 20 0.167891 0.185342 0.010535
11 0 0.181310 0.185342 0.010535
11 1 0.186581 0.185342 0.010535
11 2 0.187540 0.185342 0.010535
11 3 0.190575 0.185342 0.010535
11 4 0.189936 0.185342 0.010535
11 5 0.190575 0.185342 0.010535
11 6 0.190415 0.185342 0.010535
11 7 0.191374 0.185342 0.010535
11 8 0.191054 0.185342 0.010535
11 9 0.192013 0.185342 0.010535
11 10 0.192971 0.185342 0.010535
11 11 0.194569 0.185342 0.010535
11 12 0.193450 0.185342 0.010535
11 13 0.189776 0.185342 0.010535
11 14 0.190895 0.185342 0.010535
11 15 0.188339 0.185342 0.010535
11 16 0.186581 0.185342 0.010535
11 17 0.182428 0.185342 0.010535
11 18 0.180192 0.185342 0.010535
11 19 0.173642 0.185342 0.010535
11 20 0.168530 0.185342 0.010535
12 0 0.180192 0.185342 0.010535
12 1 0.188339 0.185342 0.010535
12 2 0.192492 0.185342 0.010535
12 3 0.192492 0.185342 0.010535
12 4 0.191693 0.185342 0.010535
12 5 0.191054 0.185342 0.010535
12 6 0.190895 0.185342 0.010535
12 7 0.192971 0.185342 0.010535
12 8 0.191054 0.185342 0.010535
12 9 0.190096 0.185342 0.010535
12 10 0.190895 0.185342 0.010535
12 11 0.190735 0.185342 0.010535
12 12 0.190415 0.185342 0.010535
12 13 0.188978 0.185342 0.010535
12 14 0.190096 0.185342 0.010535
12 15 0.187220 0.185342 0.010535
12 16 0.184665 0.185342 0.010535
12 17 0.179233 0.185342 0.010535
12 18 0.177476 0.185342 0.010535
12 19 0.173003 0.185342 0.010535
12 20 0.168530 0.185342 0.010535
13 0 0.183067 0.185342 0.010535
13 1 0.186262 0.185342 0.010535
13 2 0.190256 0.185342 0.010535
13 3 0.190096 0.185342 0.010535
13 4 0.192971 0.185342 0.010535
13 5 0.191374 0.185342 0.010535
13 6 0.192332 0.185342 0.010535
13 7 0.191374 0.185342 0.010535
13 8 0.190415 0.185342 0.010535
13 9 0.190256 0.185342 0.010535
13 10 0.190575 0.185342 0.010535
13 11 0.188019 0.185342 0.010535
13 12 0.188818 0.185342 0.010535
13 13 0.188498 0.185342 0.010535
13 14 0.188658 0.185342 0.010535
13 15 0.187380 0.185342 0.010535
13 16 0.182109 0.185342 0.010535
13 17 0.180032 0.185342 0.010535
13 18 0.176198 0.185342 0.010535
13 19 0.174281 0.185342 0.010535
13 20 0.166773 0.185342 0.010535
14 0 0.184345 0.185342 0.010535
14 1 0.184185 0.185342 0.010535
14 2 0.188179 0.185342 0.010535
14 3 0.189297 0.185342 0.010535
14 4 0.192492 0.185342 0.010535
14 5 0.189776 0.185342 0.010535
14 6 0.189457 0.185342 0.010535
14 7 0.191054 0.185342 0.010535
14 8 0.196166 0.185342 0.010535
14 9 0.194249 0.185342 0.010535
14 10 0.191693 0.185342 0.010535
14 11 0.185463 0.185342 0.010535
14 12 0.187540 0.185342 0.010535
14 13 0.188818 0.185342 0.010535
14 14 0.188978 0.185342 0.010535
14 15 0.186581 0.185342 0.010535
14 16 0.183706 0.185342 0.010535
14 17 0.178435 0.185342 0.010535
14 18 0.177316 0.185342 0.010535
14 19 0.172364 0.185342 0.010535
14 20 0.167732 0.185342 0.010535
15 0 0.182109 0.185342 0.010535
15 1 0.183387 0.185342 0.010535
15 2 0.187380 0.185342 0.010535
15 3 0.187220 0.185342 0.010535
15 4 0.188818 0.185342 0.010535
15 5 0.191374 0.185342 0.010535
15 6 0.188179 0.185342 0.010535
15 7 0.189936 0.185342 0.010535
15 8 0.190895 0.185342 0.010535
15 9 0.191214 0.185342 0.010535
15 10 0.189617 0.185342 0.010535
15 11 0.187061 0.185342 0.010535
15 12 0.186262 0.185342 0.010535
15 13 0.184824 0.185342 0.010535
15 14 0.186102 0.185342 0.010535
15 15 0.183067 0.185342 0.010535
15 16 0.180192 0.185342 0.010535
15 17 0.177796 0.185342 0.010535
15 18 0.172524 0.185342 0.010535
15 19 0.170128 0.185342 0.010535
15 20 0.167891 0.185342 0.010535
16 0 0.179393 0.185342 0.010535
16 1 0.181310 0.185342 0.010535
16 2 0.182428 0.185342 0.010535
16 3 0.185463 0.185342 0.010535
16 4 0.187380 0.185342 0.010535
16 5 0.187859 0.185342 0.010535
16 6 0.189776 0.185342 0.010535
16 7 0.190575 0.185342 0.010535
16 8 0.188179 0.185342 0.010535
16 9 0.187859 0.185342 0.010535
16 10 0.183706 0.185342 0.010535
16 11 0.185463 0.185342 0.010535
16 12 0.184345 0.185342 0.010535
16 13 0.182268 0.185342 0.010535
16 14 0.181789 0.185342 0.010535
16 15 0.181310 0.185342 0.010535
16 16 0.177157 0.185342 0.010535
16 17 0.174281 0.185342 0.010535
16 18 0.171406 0.185342 0.010535
16 19 0.166454 0.185342 0.010535
16 20 0.162780 0.185342 0.010535
17 0 0.177476 0.185342 0.010535
17 1 0.177636 0.185342 0.010535
17 2 0.180511 0.185342 0.010535
17 3 0.183227 0.185342 0.010535
17 4 0.185144 0.185342 0.010535
17 5 0.187859 0.185342 0.010535
17 6 0.184984 0.185342 0.010535
17 7 0.184824 0.185342 0.010535
17 8 0.183866 0.185342 0.010535
17 9 0.183387 0.185342 0.010535
17 10 0.181150 0.185342 0.010535
17 11 0.179872 0.185342 0.010535
17 12 0.181789 0.185342 0.010535
17 13 0.176997 0.185342 0.010535
17 14 0.175879 0.185342 0.010535
17 15 0.177316 0.185342 0.010535
17 16 0.173802 0.185342 0.010535
17 17 0.170767 0.185342 0.010535
17 18 0.167891 0.185342 0.010535
17 19 0.164217 0.185342 0.010535
17 20 0.159265 0.185342 0.010535
18 0 0.173323 0.185342 0.010535
18 1 0.176198 0.185342 0.010535
18 2 0.178435 0.185342 0.010535
18 3 0.179233 0.185342 0.010535
18 4 0.179393 0.185342 0.010535
18 5 0.183067 0.185342 0.010535
18 6 0.183387 0.185342 0.010535
18 7 0.183387 0.185342 0.010535
18 8 0.182428 0.185342 0.010535
18 9 0.178914 0.185342 0.010535
18 10 0.176038 0.185342 0.010535
18 11 0.172684 0.185342 0.010535
18 12 0.176038 0.185342 0.010535
18 13 0.175399 0.185342 0.010535
18 14 0.174441 0.185342 0.010535
18 15 0.171725 0.185342 0.010535
18 16 0.168211 0.185342 0.010535
18 17 0.165815 0.185342 0.010535
18 18 0.159585 0.185342 0.010535
18 19 0.156070 0.185342 0.010535
18 20 0.154952 0.185342 0.010535
19 0 0.170288 0.185342 0.010535
19 1 0.173323 0.185342 0.010535
19 2 0.174920 0.185342 0.010535
19 3 0.176677 0.185342 0.010535
19 4 0.176038 0.185342 0.010535
19 5 0.178754 0.185342 0.010535
19 6 0.178435 0.185342 0.010535
19 7 0.180671 0.185342 0.010535
19 8 0.179233 0.185342 0.010535
19 9 0.175399 0.185342 0.010535
19 10 0.171885 0.185342 0.010535
19 11 0.169968 0.185342 0.010535
19 12 0.171406 0.185342 0.010535
19 13 0.171885 0.185342 0.010535
19 14 0.170447 0.185342 0.010535
19 15 0.165815 0.185342 0.010535
19 16 0.161022 0.185342 0.010535
19 17 0.159744 0.185342 0.010535
19 18 0.156070 0.185342 0.010535
19 19 0.151597 0.185342 0.010535
19 20 0.147923 0.185342 0.010535
20 0 0.167572 0.185342 0.010535
20 1 0.165974 0.185342 0.010535
20 2 0.168690 0.185342 0.010535
20 3 0.171086 0.185342 0.010535
20 4 0.173163 0.185342 0.010535
20 5 0.173642 0.185342 0.010535
20 6 0.173802 0.185342 0.010535
20 7 0.173642 0.185342 0.010535
20 8 0.171885 0.185342 0.010535
20 9 0.169968 0.185342 0.010535
20 10 0.165974 0.185342 0.010535
20 11 0.166134 0.185342 0.010535
20 12 0.164537 0.185342 0.010535
20 13 0.165495 0.185342 0.010535
20 14 0.164537 0.185342 0.010535
20 15 0.159585 0.185342 0.010535
20 16 0.155751 0.185342 0.010535
20 17 0.154313 0.185342 0.010535
20 18 0.151917 0.185342 0.010535
20 19 0.147284 0.185342 0.010535
20 20 0.143291 0.185342 0.010535
