# contact distance = 32.0 Angstroms
# F = 0.4 kJ/mol

# i j contact_probability mean_contact_probability stddev_contact_probability
0 0 0.187346 0.185701 0.007165
0 1 0.189806 0.185701 0.007165
0 2 0.190899 0.185701 0.007165
0 3 0.190353 0.185701 0.007165
0 4 0.189669 0.185701 0.007165
0 5 0.188439 0.185701 0.007165
0 6 0.186800 0.185701 0.007165
0 7 0.188166 0.185701 0.007165
0 8 0.188030 0.185701 0.007165
0 9 0.185297 0.185701 0.007165
0 10 0.186390 0.185701 0.007165
0 11 0.183793 0.185701 0.007165
0 12 0.186390 0.185701 0.007165
0 13 0.185433 0.185701 0.007165
0 14 0.183793 0.185701 0.007165
0 15 0.182564 0.185701 0.007165
0 16 0.180514 0.185701 0.007165
0 17 0.179011 0.185701 0.007165
0 18 0.175731 0.185701 0.007165
0 19 0.174228 0.185701 0.007165
0 20 0.171905 0.185701 0.007165
1 0 0.193222 0.185701 0.007165
1 1 0.194179 0.185701 0.007165
1 2 0.194862 0.185701 0.007165
1 3 0.192539 0.185701 0.007165
1 4 0.193905 0.185701 0.007165
1 5 0.191036 0.185701 0.007165
1 6 0.190216 0.185701 0.007165
1 7 0.190763 0.185701 0.007165
1 8 0.190079 0.185701 0.007165
1 9 0.190216 0.185701 0.007165
1 10 0.190079 0.185701 0.007165
1 11 0.188303 0.185701 0.007165
1 12 0.188713 0.185701 0.007165
1 13 0.187210 0.185701 0.007165
1 14 0.185433 0.185701 0.007165
1 15 0.186253 0.185701 0.007165
1 16 0.182700 0.185701 0.007165
1 17 0.180377 0.185701 0.007165
1 18 0.180241 0.185701 0.007165
1 19 0.176414 0.185701 0.007165
1 20 0.174775 0.185701 0.007165
2 0 0.193632 0.185701 0.007165
2 1 0.192949 0.185701 0.007165
2 2 0.195409 0.185701 0.007165
2 3 0.194452 0.185701 0.007165
2 4 0.193359 0.185701 0.007165
2 5 0.191172 0.185701 0.007165
2 6 0.190489 0.185701 0.007165
2 7 0.191446 0.185701 0.007165
2 8 0.190353 0.185701 0.007165
2 9 0.190626 0.185701 0.007165
2 10 0.192539 0.185701 0.007165
2 11 0.191856 0.185701 0.007165
2 12 0.191856 0.185701 0.007165
2 13 0.189669 0.185701 0.007165
2 14 0.187620 0.185701 0.007165
2 15 0.187756 0.185701 0.007165
2 16 0.183930 0.185701 0.007165
2 17 0.182837 0.185701 0.007165
2 18 0.181607 0.185701 0.007165
2 19 0.180104 0.185701 0.007165
2 20 0.177644 0.185701 0.007165
3 0 0.192539 0.185701 0.007165
3 1 0.194725 0.185701 0.007165
3 2 0.195272 0.185701 0.007165
3 3 0.195955 0.185701 0.007165
3 4 0.194315 0.185701 0.007165
3 5 0.192266 0.185701 0.007165
3 6 0.189806 0.185701 0.007165
3 7 0.190899 0.185701 0.007165
3 8 0.191856 0.185701 0.007165
3 9 0.194315 0.185701 0.007165
3 10 0.193222 0.185701 0.007165
3 11 0.194042 0.185701 0.007165
3 12 0.193905 0.185701 0.007165
3 13 0.191856 0.185701 0.007165
3 14 0.189669 0.185701 0.007165
3 15 0.189123 0.185701 0.007165
3 16 0.185980 0.185701 0.007165
3 17 0.184203 0.185701 0.007165
3 18 0.184613 0.185701 0.007165
3 19 0.183247 0.185701 0.007165
3 20 0.180104 0.185701 0.007165
4 0 0.188576 0.185701 0.007165
4 1 0.195682 0.185701 0.007165
4 2 0.195545 0.185701 0.007165
4 3 0.195135 0.185701 0.007165
4 4 0.191582 0.185701 0.007165
4 5 0.191992 0.185701 0.007165
4 6 0.189259 0.185701 0.007165
4 7 0.188713 0.185701 0.007165
4 8 0.190216 0.185701 0.007165
4 9 0.191446 0.185701 0.007165
4 10 0.193359 0.185701 0.007165
4 11 0.191719 0.185701 0.007165
4 12 0.193359 0.185701 0.007165
4 13 0.192539 0.185701 0.007165
4 14 0.189533 0.185701 0.007165
4 15 0.189259 0.185701 0.007165
4 16 0.189806 0.185701 0.007165
4 17 0.186390 0.185701 0.007165
4 18 0.184340 0.185701 0.007165
4 19 0.185023 0.185701 0.007165
4 20 0.182290 0.185701 0.007165
5 0 0.189943 0.185701 0.007165
5 1 0.194452 0.185701 0.007165
5 2 0.198278 0.185701 0.007165
5 3 0.196502 0.185701 0.007165
5 4 0.194589 0.185701 0.007165
5 5 0.190079 0.185701 0.007165
5 6 0.188986 0.185701 0.007165
5 7 0.188439 0.185701 0.007165
5 8 0.188030 0.185701 0.007165
5 9 0.192539 0.185701 0.007165
5 10 0.194452 0.185701 0.007165
5 11 0.194862 0.185701 0.007165
5 12 0.195135 0.185701 0.007165
5 13 0.192539 0.185701 0.007165
5 14 0.191309 0.185701 0.007165
5 15 0.188986 0.185701 0.007165
5 16 0.189396 0.185701 0.007165
5 17 0.187620 0.185701 0.007165
5 18 0.186663 0.185701 0.007165
5 19 0.185160 0.185701 0.007165
5 20 0.182427 0.185701 0.007165
6 0 0.186526 0.185701 0.007165
6 1 0.192402 0.185701 0.007165
6 2 0.194452 0.185701 0.007165
6 3 0.193632 0.185701 0.007165
6 4 0.189259 0.185701 0.007165
6 5 0.188439 0.185701 0.007165
6 6 0.187756 0.185701 0.007165
6 7 0.185706 0.185701 0.007165
6 8 0.186800 0.185701 0.007165
6 9 0.188303 0.185701 0.007165
6 10 0.192676 0.185701 0.007165
6 11 0.191992 0.185701 0.007165
6 12 0.192402 0.185701 0.007165
6 13 0.191992 0.185701 0.007165
6 14 0.188439 0.185701 0.007165
6 15 0.189943 0.185701 0.007165
6 16 0.186390 0.185701 0.007165
6 17 0.186116 0.185701 0.007165
6 18 0.185570 0.185701 0.007165
6 19 0.185570 0.185701 0.007165
6 20 0.181607 0.185701 0.007165
7 0 0.185433 0.185701 0.007165
7 1 0.193359 0.185701 0.007165
7 2 0.194315 0.185701 0.007165
7 3 0.190899 0.185701 0.007165
7 4 0.189396 0.185701 0.007165
7 5 0.186663 0.185701 0.007165
7 6 0.187210 0.185701 0.007165
7 7 0.186936 0.185701 0.007165
7 8 0.186800 0.185701 0.007165
7 9 0.188849 0.185701 0.007165
7 10 0.190626 0.185701 0.007165
7 11 0.190763 0.185701 0.007165
7 12 0.192266 0.185701 0.007165
7 13 0.191992 0.185701 0.007165
7 14 0.190079 0.185701 0.007165
7 15 0.188576 0.185701 0.007165
7 16 0.188030 0.185701 0.007165
7 17 0.187346 0.185701 0.007165
7 18 0.186663 0.185701 0.007165
7 19 0.185843 0.185701 0.007165
7 20 0.178737 0.185701 0.007165
8 0 0.186800 0.185701 0.007165
8 1 0.190079 0.185701 0.007165
8 2 0.191446 0.185701 0.007165
8 3 0.189943 0.185701 0.007165
8 4 0.189669 0.185701 0.007165
8 5 0.188166 0.185701 0.007165
8 6 0.188576 0.185701 0.007165
8 7 0.186936 0.185701 0.007165
8 8 0.188166 0.185701 0.007165
8 9 0.188439 0.185701 0.007165
8 10 0.188849 0.185701 0.007165
8 11 0.190626 0.185701 0.007165
8 12 0.191582 0.185701 0.007165
8 13 0.191992 0.185701 0.007165
8 14 0.190079 0.185701 0.007165
8 15 0.189259 0.185701 0.007165
8 16 0.189533 0.185701 0.007165
8 17 0.187893 0.185701 0.007165
8 18 0.188303 0.185701 0.007165
8 19 0.184477 0.185701 0.007165
8 20 0.179011 0.185701 0.007165
9 0 0.184613 0.185701 0.007165
9 1 0.188166 0.185701 0.007165
9 2 0.188713 0.185701 0.007165
9 3 0.190353 0.185701 0.007165
9 4 0.189533 0.185701 0.007165
9 5 0.189123 0.185701 0.007165
9 6 0.189123 0.185701 0.007165
9 7 0.187756 0.185701 0.007165
9 8 0.187210 0.185701 0.007165
9 9 0.189396 0.185701 0.007165
9 10 0.189533 0.185701 0.007165
9 11 0.191719 0.185701 0.007165
9 12 0.192266 0.185701 0.007165
9 13 0.191309 0.185701 0.007165
9 14 0.189669 0.185701 0.007165
9 15 0.187073 0.185701 0.007165
9 16 0.188439 0.185701 0.007165
9 17 0.186936 0.185701 0.007165
9 18 0.184477 0.185701 0.007165
9 19 0.182290 0.185701 0.007165
9 20 0.178054 0.185701 0.007165
10 0 0.182973 0.185701 0.007165
10 1 0.186663 0.185701 0.007165
10 2 0.188713 0.185701 0.007165
10 3 0.189669 0.185701 0.007165
10 4 0.192402 0.185701 0.007165
10 5 0.191036 0.185701 0.007165
10 6 0.191309 0.185701 0.007165
10 7 0.189943 0.185701 0.007165
10 8 0.188576 0.185701 0.007165
10 9 0.189806 0.185701 0.007165
10 10 0.189806 0.185701 0.007165
10 11 0.191582 0.185701 0.007165
10 12 0.190489 0.185701 0.007165
10 13 0.188166 0.185701 0.007165
10 14 0.189669 0.185701 0.007165
10 15 0.187073 0.185701 0.007165
10 16 0.189123 0.185701 0.007165
10 17 0.186390 0.185701 0.007165
10 18 0.183793 0.185701 0.007165
10 19 0.180104 0.185701 0.007165
10 20 0.174911 0.185701 0.007165
11 0 0.182973 0.185701 0.007165
11 1 0.187210 0.185701 0.007165
11 2 0.188303 0.185701 0.007165
11 3 0.190079 0.185701 0.007165
11 4 0.189396 0.185701 0.007165
11 5 0.191992 0.185701 0.007165
11 6 0.191172 0.185701 0.007165
11 7 0.190353 0.185701 0.007165
11 8 0.188713 0.185701 0.007165
11 9 0.188849 0.185701 0.007165
11 10 0.189943 0.185701 0.007165
11 11 0.188713 0.185701 0.007165
11 12 0.187346 0.185701 0.007165
11 13 0.186253 0.185701 0.007165
11 14 0.185297 0.185701 0.007165
11 15 0.186936 0.185701 0.007165
11 16 0.187620 0.185701 0.007165
11 17 0.187483 0.185701 0.007165
11 18 0.182017 0.185701 0.007165
11 19 0.178737 0.185701 0.007165
11 20 0.173545 0.185701 0.007165
12 0 0.184477 0.185701 0.007165
12 1 0.187346 0.185701 0.007165
12 2 0.189533 0.185701 0.007165
12 3 0.190216 0.185701 0.007165
12 4 0.189669 0.185701 0.007165
12 5 0.190216 0.185701 0.007165
12 6 0.190353 0.185701 0.007165
12 7 0.189669 0.185701 0.007165
12 8 0.189259 0.185701 0.007165
12 9 0.191446 0.185701 0.007165
12 10 0.190489 0.185701 0.007165
12 11 0.189669 0.185701 0.007165
12 12 0.189396 0.185701 0.007165
12 13 0.187346 0.185701 0.007165
12 14 0.186800 0.185701 0.007165
12 15 0.185297 0.185701 0.007165
12 16 0.186800 0.185701 0.007165
12 17 0.184203 0.185701 0.007165
12 18 0.181470 0.185701 0.007165
12 19 0.175731 0.185701 0.007165
12 20 0.170265 0.185701 0.007165
13 0 0.183930 0.185701 0.007165
13 1 0.185570 0.185701 0.007165
13 2 0.186390 0.185701 0.007165
13 3 0.189259 0.185701 0.007165
13 4 0.189123 0.185701 0.007165
13 5 0.189396 0.185701 0.007165
13 6 0.188303 0.185701 0.007165
13 7 0.187620 0.185701 0.007165
13 8 0.188439 0.185701 0.007165
13 9 0.191856 0.185701 0.007165
13 10 0.192949 0.185701 0.007165
13 11 0.190763 0.185701 0.007165
13 12 0.189806 0.185701 0.007165
13 13 0.188439 0.185701 0.007165
13 14 0.186526 0.185701 0.007165
13 15 0.184477 0.185701 0.007165
13 16 0.184750 0.185701 0.007165
13 17 0.181607 0.185701 0.007165
13 18 0.176961 0.185701 0.007165
13 19 0.173818 0.185701 0.007165
13 20 0.168352 0.185701 0.007165
14 0 0.183793 0.185701 0.007165
14 1 0.186390 0.185701 0.007165
14 2 0.188439 0.185701 0.007165
14 3 0.188849 0.185701 0.007165
14 4 0.186390 0.185701 0.007165
14 5 0.189396 0.185701 0.007165
14 6 0.188030 0.185701 0.007165
14 7 0.188576 0.185701 0.007165
14 8 0.189669 0.185701 0.007165
14 9 0.190763 0.185701 0.007165
14 10 0.191719 0.185701 0.007165
14 11 0.188576 0.185701 0.007165
14 12 0.190353 0.185701 0.007165
14 13 0.188576 0.185701 0.007165
14 14 0.187073 0.185701 0.007165
14 15 0.186663 0.185701 0.007165
14 16 0.183383 0.185701 0.007165
14 17 0.182837 0.185701 0.007165
14 18 0.177644 0.185701 0.007165
14 19 0.170402 0.185701 0.007165
14 20 0.167259 0.185701 0.007165
15 0 0.183247 0.185701 0.007165
15 1 0.183930 0.185701 0.007165
15 2 0.183793 0.185701 0.007165
15 3 0.185160 0.185701 0.007165
15 4 0.186390 0.185701 0.007165
15 5 0.188576 0.185701 0.007165
15 6 0.186936 0.185701 0.007165
15 7 0.187073 0.185701 0.007165
15 8 0.189806 0.185701 0.007165
15 9 0.191172 0.185701 0.007165
15 10 0.189806 0.185701 0.007165
15 11 0.189669 0.185701 0.007165
15 12 0.189943 0.185701 0.007165
15 13 0.189806 0.185701 0.007165
15 14 0.188576 0.185701 0.007165
15 15 0.185023 0.185701 0.007165
15 16 0.183247 0.185701 0.007165
15 17 0.179557 0.185701 0.007165
15 18 0.176551 0.185701 0.007165
15 19 0.168352 0.185701 0.007165
15 20 0.164253 0.185701 0.007165
16 0 0.184477 0.185701 0.007165
16 1 0.184340 0.185701 0.007165
16 2 0.183247 0.185701 0.007165
16 3 0.182973 0.185701 0.007165
16 4 0.183383 0.185701 0.007165
16 5 0.185980 0.185701 0.007165
16 6 0.187483 0.185701 0.007165
16 7 0.187756 0.185701 0.007165
16 8 0.189533 0.185701 0.007165
16 9 0.189806 0.185701 0.007165
16 10 0.191446 0.185701 0.007165
16 11 0.190626 0.185701 0.007165
16 12 0.190763 0.185701 0.007165
16 13 0.190899 0.185701 0.007165
16 14 0.188303 0.185701 0.007165
16 15 0.187483 0.185701 0.007165
16 16 0.184203 0.185701 0.007165
16 17 0.180104 0.185701 0.007165
16 18 0.174091 0.185701 0.007165
16 19 0.170128 0.185701 0.007165
16 20 0.162886 0.185701 0.007165
17 0 0.182154 0.185701 0.007165
17 1 0.183930 0.185701 0.007165
17 2 0.186526 0.185701 0.007165
17 3 0.183657 0.185701 0.007165
17 4 0.184613 0.185701 0.007165
17 5 0.184067 0.185701 0.007165
17 6 0.188166 0.185701 0.007165
17 7 0.188303 0.185701 0.007165
17 8 0.190353 0.185701 0.007165
17 9 0.191036 0.185701 0.007165
17 10 0.191036 0.185701 0.007165
17 11 0.190079 0.185701 0.007165
17 12 0.191036 0.185701 0.007165
17 13 0.188849 0.185701 0.007165
17 14 0.185570 0.185701 0.007165
17 15 0.183793 0.185701 0.007165
17 16 0.180650 0.185701 0.007165
17 17 0.178464 0.185701 0.007165
17 18 0.172588 0.185701 0.007165
17 19 0.167259 0.185701 0.007165
17 20 0.162613 0.185701 0.007165
18 0 0.177371 0.185701 0.007165
18 1 0.180104 0.185701 0.007165
18 2 0.182564 0.185701 0.007165
18 3 0.182564 0.185701 0.007165
18 4 0.182973 0.185701 0.007165
18 5 0.182837 0.185701 0.007165
18 6 0.184613 0.185701 0.007165
18 7 0.185570 0.185701 0.007165
18 8 0.187346 0.185701 0.007165
18 9 0.188576 0.185701 0.007165
18 10 0.187073 0.185701 0.007165
18 11 0.189806 0.185701 0.007165
18 12 0.187346 0.185701 0.007165
18 13 0.186253 0.185701 0.007165
18 14 0.181197 0.185701 0.007165
18 15 0.177781 0.185701 0.007165
18 16 0.176278 0.185701 0.007165
18 17 0.173408 0.185701 0.007165
18 18 0.169035 0.185701 0.007165
18 19 0.164799 0.185701 0.007165
18 20 0.159333 0.185701 0.007165
19 0 0.176961 0.185701 0.007165
19 1 0.178191 0.185701 0.007165
19 2 0.180787 0.185701 0.007165
19 3 0.179831 0.185701 0.007165
19 4 0.178464 0.185701 0.007165
19 5 0.180104 0.185701 0.007165
19 6 0.178737 0.185701 0.007165
19 7 0.179557 0.185701 0.007165
19 8 0.183520 0.185701 0.007165
19 9 0.183930 0.185701 0.007165
19 10 0.181880 0.185701 0.007165
19 11 0.182017 0.185701 0.007165
19 12 0.181607 0.185701 0.007165
19 13 0.179967 0.185701 0.007165
19 14 0.175731 0.185701 0.007165
19 15 0.175048 0.185701 0.007165
19 16 0.170948 0.185701 0.007165
19 17 0.167669 0.185701 0.007165
19 18 0.166029 0.185701 0.007165
19 19 0.162203 0.185701 0.007165
19 20 0.158513 0.185701 0.007165
20 0 0.174091 0.185701 0.007165
20 1 0.175184 0.185701 0.007165
20 2 0.176824 0.185701 0.007165
20 3 0.174911 0.185701 0.007165
20 4 0.176141 0.185701 0.007165
20 5 0.177508 0.185701 0.007165
20 6 0.175594 0.185701 0.007165
20 7 0.177234 0.185701 0.007165
20 8 0.179967 0.185701 0.007165
20 9 0.179011 0.185701 0.007165
20 10 0.177234 0.185701 0.007165
20 11 0.173955 0.185701 0.007165
20 12 0.173271 0.185701 0.007165
20 13 0.173271 0.185701 0.007165
20 14 0.170265 0.185701 0.007165
20 15 0.170402 0.185701 0.007165
20 16 0.167942 0.185701 0.007165
20 17 0.162613 0.185701 0.007165
20 18 0.160426 0.185701 0.007165
20 19 0.156600 0.185701 0.007165
20 20 0.151954 0.185701 0.007165
