# contact distance = 32.0 Angstroms
# F = 0.4 kJ/mol

# i j contact_probability mean_contact_probability stddev_contact_probability
0 0 0.194341 0.208003 0.006596
0 1 0.195670 0.208003 0.006596
0 2 0.195935 0.208003 0.006596
0 3 0.194607 0.208003 0.006596
0 4 0.194341 0.208003 0.006596
0 5 0.197131 0.208003 0.006596
0 6 0.196334 0.208003 0.006596
0 7 0.196599 0.208003 0.006596
0 8 0.195005 0.208003 0.006596
0 9 0.195271 0.208003 0.006596
0 10 0.196599 0.208003 0.006596
0 11 0.198592 0.208003 0.006596
0 12 0.197396 0.208003 0.006596
0 13 0.196334 0.208003 0.006596
0 14 0.196201 0.208003 0.006596
0 15 0.197131 0.208003 0.006596
0 16 0.200452 0.208003 0.006596
0 17 0.200186 0.208003 0.006596
0 18 0.200053 0.208003 0.006596
0 19 0.196599 0.208003 0.006596
0 20 0.193544 0.208003 0.006596
1 0 0.201514 0.208003 0.006596
1 1 0.200850 0.208003 0.006596
1 2 0.200850 0.208003 0.006596
1 3 0.202046 0.208003 0.006596
1 4 0.203507 0.208003 0.006596
1 5 0.205101 0.208003 0.006596
1 6 0.204437 0.208003 0.006596
1 7 0.204171 0.208003 0.006596
1 8 0.202444 0.208003 0.006596
1 9 0.202311 0.208003 0.006596
1 10 0.201116 0.208003 0.006596
1 11 0.204437 0.208003 0.006596
1 12 0.204437 0.208003 0.006596
1 13 0.204171 0.208003 0.006596
1 14 0.204437 0.208003 0.006596
1 15 0.206164 0.208003 0.006596
1 16 0.207094 0.208003 0.006596
1 17 0.205632 0.208003 0.006596
1 18 0.203108 0.208003 0.006596
1 19 0.201382 0.208003 0.006596
1 20 0.197662 0.208003 0.006596
2 0 0.199655 0.208003 0.006596
2 1 0.199920 0.208003 0.006596
2 2 0.199920 0.208003 0.006596
2 3 0.202046 0.208003 0.006596
2 4 0.206562 0.208003 0.006596
2 5 0.204968 0.208003 0.006596
2 6 0.205499 0.208003 0.006596
2 7 0.205499 0.208003 0.006596
2 8 0.206164 0.208003 0.006596
2 9 0.203905 0.208003 0.006596
2 10 0.203640 0.208003 0.006596
2 11 0.203905 0.208003 0.006596
2 12 0.206562 0.208003 0.006596
2 13 0.207359 0.208003 0.006596
2 14 0.207226 0.208003 0.006596
2 15 0.208555 0.208003 0.006596
2 16 0.209485 0.208003 0.006596
2 17 0.206296 0.208003 0.006596
2 18 0.206296 0.208003 0.006596
2 19 0.202710 0.208003 0.006596
2 20 0.201514 0.208003 0.006596
3 0 0.199123 0.208003 0.006596
3 1 0.199256 0.208003 0.006596
3 2 0.200186 0.208003 0.006596
3 3 0.200452 0.208003 0.006596
3 4 0.205101 0.208003 0.006596
3 5 0.206429 0.208003 0.006596
3 6 0.205898 0.208003 0.006596
3 7 0.206961 0.208003 0.006596
3 8 0.206562 0.208003 0.006596
3 9 0.205499 0.208003 0.006596
3 10 0.206031 0.208003 0.006596
3 11 0.204968 0.208003 0.006596
3 12 0.209883 0.208003 0.006596
3 13 0.207758 0.208003 0.006596
3 14 0.209883 0.208003 0.006596
3 15 0.209883 0.208003 0.006596
3 16 0.207891 0.208003 0.006596
3 17 0.208422 0.208003 0.006596
3 18 0.206296 0.208003 0.006596
3 19 0.203374 0.208003 0.006596
3 20 0.204171 0.208003 0.006596
4 0 0.197529 0.208003 0.006596
4 1 0.197396 0.208003 0.006596
4 2 0.198725 0.208003 0.006596
4 3 0.201116 0.208003 0.006596
4 4 0.203905 0.208003 0.006596
4 5 0.203640 0.208003 0.006596
4 6 0.204968 0.208003 0.006596
4 7 0.205101 0.208003 0.006596
4 8 0.204038 0.208003 0.006596
4 9 0.203108 0.208003 0.006596
4 10 0.207891 0.208003 0.006596
4 11 0.208023 0.208003 0.006596
4 12 0.210813 0.208003 0.006596
4 13 0.211477 0.208003 0.006596
4 14 0.212806 0.208003 0.006596
4 15 0.211211 0.208003 0.006596
4 16 0.211610 0.208003 0.006596
4 17 0.211211 0.208003 0.006596
4 18 0.208688 0.208003 0.006596
4 19 0.206562 0.208003 0.006596
4 20 0.205499 0.208003 0.006596
5 0 0.196599 0.208003 0.006596
5 1 0.197396 0.208003 0.006596
5 2 0.198193 0.208003 0.006596
5 3 0.200584 0.208003 0.006596
5 4 0.202179 0.208003 0.006596
5 5 0.203241 0.208003 0.006596
5 6 0.204570 0.208003 0.006596
5 7 0.204835 0.208003 0.006596
5 8 0.205632 0.208003 0.006596
5 9 0.204570 0.208003 0.006596
5 10 0.206031 0.208003 0.006596
5 11 0.208953 0.208003 0.006596
5 12 0.210414 0.208003 0.006596
5 13 0.210016 0.208003 0.006596
5 14 0.213603 0.208003 0.006596
5 15 0.213470 0.208003 0.006596
5 16 0.214665 0.208003 0.006596
5 17 0.214665 0.208003 0.006596
5 18 0.212274 0.208003 0.006596
5 19 0.209352 0.208003 0.006596
5 20 0.206296 0.208003 0.006596
6 0 0.198592 0.208003 0.006596
6 1 0.201647 0.208003 0.006596
6 2 0.198858 0.208003 0.006596
6 3 0.203374 0.208003 0.006596
6 4 0.204570 0.208003 0.006596
6 5 0.206429 0.208003 0.006596
6 6 0.205499 0.208003 0.006596
6 7 0.207226 0.208003 0.006596
6 8 0.209485 0.208003 0.006596
6 9 0.207094 0.208003 0.006596
6 10 0.207758 0.208003 0.006596
6 11 0.209352 0.208003 0.006596
6 12 0.210016 0.208003 0.006596
6 13 0.212938 0.208003 0.006596
6 14 0.216658 0.208003 0.006596
6 15 0.218518 0.208003 0.006596
6 16 0.216126 0.208003 0.006596
6 17 0.216126 0.208003 0.006596
6 18 0.214665 0.208003 0.006596
6 19 0.211876 0.208003 0.006596
6 20 0.210016 0.208003 0.006596
7 0 0.198193 0.208003 0.006596
7 1 0.200053 0.208003 0.006596
7 2 0.200186 0.208003 0.006596
7 3 0.204304 0.208003 0.006596
7 4 0.204702 0.208003 0.006596
7 5 0.204968 0.208003 0.006596
7 6 0.204437 0.208003 0.006596
7 7 0.207758 0.208003 0.006596
7 8 0.209086 0.208003 0.006596
7 9 0.208820 0.208003 0.006596
7 10 0.209750 0.208003 0.006596
7 11 0.211876 0.208003 0.006596
7 12 0.212806 0.208003 0.006596
7 13 0.214532 0.208003 0.006596
7 14 0.215728 0.208003 0.006596
7 15 0.217322 0.208003 0.006596
7 16 0.217853 0.208003 0.006596
7 17 0.218518 0.208003 0.006596
7 18 0.214267 0.208003 0.006596
7 19 0.210680 0.208003 0.006596
7 20 0.208953 0.208003 0.006596
8 0 0.199123 0.208003 0.006596
8 1 0.202444 0.208003 0.006596
8 2 0.203108 0.208003 0.006596
8 3 0.203905 0.208003 0.006596
8 4 0.206164 0.208003 0.006596
8 5 0.207226 0.208003 0.006596
8 6 0.206562 0.208003 0.006596
8 7 0.207359 0.208003 0.006596
8 8 0.209617 0.208003 0.006596
8 9 0.210282 0.208003 0.006596
8 10 0.211211 0.208003 0.006596
8 11 0.213735 0.208003 0.006596
8 12 0.213204 0.208003 0.006596
8 13 0.215064 0.208003 0.006596
8 14 0.217721 0.208003 0.006596
8 15 0.215329 0.208003 0.006596
8 16 0.217189 0.208003 0.006596
8 17 0.215994 0.208003 0.006596
8 18 0.214798 0.208003 0.006596
8 19 0.211344 0.208003 0.006596
8 20 0.206961 0.208003 0.006596
9 0 0.202843 0.208003 0.006596
9 1 0.204968 0.208003 0.006596
9 2 0.205101 0.208003 0.006596
9 3 0.206828 0.208003 0.006596
9 4 0.205765 0.208003 0.006596
9 5 0.209883 0.208003 0.006596
9 6 0.209485 0.208003 0.006596
9 7 0.211610 0.208003 0.006596
9 8 0.211610 0.208003 0.006596
9 9 0.208023 0.208003 0.006596
9 10 0.210813 0.208003 0.006596
9 11 0.213868 0.208003 0.006596
9 12 0.214400 0.208003 0.006596
9 13 0.216525 0.208003 0.006596
9 14 0.219713 0.208003 0.006596
9 15 0.217322 0.208003 0.006596
9 16 0.219182 0.208003 0.006596
9 17 0.217721 0.208003 0.006596
9 18 0.215595 0.208003 0.006596
9 19 0.213470 0.208003 0.006596
9 20 0.209617 0.208003 0.006596
10 0 0.200850 0.208003 0.006596
10 1 0.205234 0.208003 0.006596
10 2 0.206164 0.208003 0.006596
10 3 0.207492 0.208003 0.006596
10 4 0.208156 0.208003 0.006596
10 5 0.208953 0.208003 0.006596
10 6 0.212407 0.208003 0.006596
10 7 0.212009 0.208003 0.006596
10 8 0.212141 0.208003 0.006596
10 9 0.211477 0.208003 0.006596
10 10 0.210282 0.208003 0.006596
10 11 0.214134 0.208003 0.006596
10 12 0.214134 0.208003 0.006596
10 13 0.216923 0.208003 0.006596
10 14 0.219315 0.208003 0.006596
10 15 0.219182 0.208003 0.006596
10 16 0.218916 0.208003 0.006596
10 17 0.217986 0.208003 0.006596
10 18 0.216923 0.208003 0.006596
10 19 0.210149 0.208003 0.006596
10 20 0.208289 0.208003 0.006596
11 0 0.199787 0.208003 0.006596
11 1 0.202843 0.208003 0.006596
11 2 0.205632 0.208003 0.006596
11 3 0.206031 0.208003 0.006596
11 4 0.208688 0.208003 0.006596
11 5 0.213204 0.208003 0.006596
11 6 0.213337 0.208003 0.006596
11 7 0.211344 0.208003 0.006596
11 8 0.212141 0.208003 0.006596
11 9 0.211079 0.208003 0.006596
11 10 0.212407 0.208003 0.006596
11 11 0.213337 0.208003 0.006596
11 12 0.214267 0.208003 0.006596
11 13 0.216259 0.208003 0.006596
11 14 0.219315 0.208003 0.006596
11 15 0.219315 0.208003 0.006596
11 16 0.220909 0.208003 0.006596
11 17 0.217056 0.208003 0.006596
11 18 0.215064 0.208003 0.006596
11 19 0.210282 0.208003 0.006596
11 20 0.205898 0.208003 0.006596
12 0 0.203108 0.208003 0.006596
12 1 0.204171 0.208003 0.006596
12 2 0.206164 0.208003 0.006596
12 3 0.207625 0.208003 0.006596
12 4 0.211477 0.208003 0.006596
12 5 0.212673 0.208003 0.006596
12 6 0.213603 0.208003 0.006596
12 7 0.213071 0.208003 0.006596
12 8 0.211477 0.208003 0.006596
12 9 0.210946 0.208003 0.006596
12 10 0.212673 0.208003 0.006596
12 11 0.214134 0.208003 0.006596
12 12 0.215064 0.208003 0.006596
12 13 0.216791 0.208003 0.006596
12 14 0.217189 0.208003 0.006596
12 15 0.219580 0.208003 0.006596
12 16 0.218783 0.208003 0.006596
12 17 0.215728 0.208003 0.006596
12 18 0.212274 0.208003 0.006596
12 19 0.209883 0.208003 0.006596
12 20 0.203640 0.208003 0.006596
13 0 0.203640 0.208003 0.006596
13 1 0.205632 0.208003 0.006596
13 2 0.206961 0.208003 0.006596
13 3 0.210414 0.208003 0.006596
13 4 0.211743 0.208003 0.006596
13 5 0.213603 0.208003 0.006596
13 6 0.215064 0.208003 0.006596
13 7 0.211610 0.208003 0.006596
13 8 0.210414 0.208003 0.006596
13 9 0.210414 0.208003 0.006596
13 10 0.211477 0.208003 0.006596
13 11 0.213204 0.208003 0.006596
13 12 0.216126 0.208003 0.006596
13 13 0.212673 0.208003 0.006596
13 14 0.217588 0.208003 0.006596
13 15 0.217721 0.208003 0.006596
13 16 0.214798 0.208003 0.006596
13 17 0.211344 0.208003 0.006596
13 18 0.210813 0.208003 0.006596
13 19 0.205499 0.208003 0.006596
13 20 0.200186 0.208003 0.006596
14 0 0.203374 0.208003 0.006596
14 1 0.205898 0.208003 0.006596
14 2 0.208555 0.208003 0.006596
14 3 0.212938 0.208003 0.006596
14 4 0.214798 0.208003 0.006596
14 5 0.215197 0.208003 0.006596
14 6 0.214798 0.208003 0.006596
14 7 0.213868 0.208003 0.006596
14 8 0.212673 0.208003 0.006596
14 9 0.211743 0.208003 0.006596
14 10 0.211610 0.208003 0.006596
14 11 0.211610 0.208003 0.006596
14 12 0.214267 0.208003 0.006596
14 13 0.214532 0.208003 0.006596
14 14 0.219846 0.208003 0.006596
14 15 0.217322 0.208003 0.006596
14 16 0.217986 0.208003 0.006596
14 17 0.215329 0.208003 0.006596
14 18 0.212673 0.208003 0.006596
14 19 0.207758 0.208003 0.006596
14 20 0.199256 0.208003 0.006596
15 0 0.203905 0.208003 0.006596
15 1 0.206695 0.208003 0.006596
15 2 0.208156 0.208003 0.006596
15 3 0.209617 0.208003 0.006596
15 4 0.212009 0.208003 0.006596
15 5 0.215462 0.208003 0.006596
15 6 0.215728 0.208003 0.006596
15 7 0.214798 0.208003 0.006596
15 8 0.213868 0.208003 0.006596
15 9 0.214134 0.208003 0.006596
15 10 0.213204 0.208003 0.006596
15 11 0.212274 0.208003 0.006596
15 12 0.213071 0.208003 0.006596
15 13 0.217322 0.208003 0.006596
15 14 0.218916 0.208003 0.006596
15 15 0.220643 0.208003 0.006596
15 16 0.219049 0.208003 0.006596
15 17 0.217056 0.208003 0.006596
15 18 0.214134 0.208003 0.006596
15 19 0.210282 0.208003 0.006596
15 20 0.201913 0.208003 0.006596
16 0 0.201647 0.208003 0.006596
16 1 0.204570 0.208003 0.006596
16 2 0.208156 0.208003 0.006596
16 3 0.209617 0.208003 0.006596
16 4 0.212274 0.208003 0.006596
16 5 0.215595 0.208003 0.006596
16 6 0.216126 0.208003 0.006596
16 7 0.215064 0.208003 0.006596
16 8 0.213337 0.208003 0.006596
16 9 0.214267 0.208003 0.006596
16 10 0.214400 0.208003 0.006596
16 11 0.213337 0.208003 0.006596
16 12 0.213868 0.208003 0.006596
16 13 0.215861 0.208003 0.006596
16 14 0.218252 0.208003 0.006596
16 15 0.219182 0.208003 0.006596
16 16 0.220643 0.208003 0.006596
16 17 0.215329 0.208003 0.006596
16 18 0.213470 0.208003 0.006596
16 19 0.210414 0.208003 0.006596
16 20 0.204570 0.208003 0.006596
17 0 0.203374 0.208003 0.006596
17 1 0.206031 0.208003 0.006596
17 2 0.207625 0.208003 0.006596
17 3 0.210282 0.208003 0.006596
17 4 0.212938 0.208003 0.006596
17 5 0.215595 0.208003 0.006596
17 6 0.216392 0.208003 0.006596
17 7 0.215861 0.208003 0.006596
17 8 0.212938 0.208003 0.006596
17 9 0.213868 0.208003 0.006596
17 10 0.213337 0.208003 0.006596
17 11 0.212938 0.208003 0.006596
17 12 0.211743 0.208003 0.006596
17 13 0.212806 0.208003 0.006596
17 14 0.216392 0.208003 0.006596
17 15 0.216923 0.208003 0.006596
17 16 0.216392 0.208003 0.006596
17 17 0.212141 0.208003 0.006596
17 18 0.210547 0.208003 0.006596
17 19 0.206296 0.208003 0.006596
17 20 0.201514 0.208003 0.006596
18 0 0.198725 0.208003 0.006596
18 1 0.203108 0.208003 0.006596
18 2 0.205632 0.208003 0.006596
18 3 0.208555 0.208003 0.006596
18 4 0.210813 0.208003 0.006596
18 5 0.211876 0.208003 0.006596
18 6 0.212009 0.208003 0.006596
18 7 0.213071 0.208003 0.006596
18 8 0.211876 0.208003 0.006596
18 9 0.211211 0.208003 0.006596
18 10 0.210149 0.208003 0.006596
18 11 0.210680 0.208003 0.006596
18 12 0.211477 0.208003 0.006596
18 13 0.210813 0.208003 0.006596
18 14 0.212673 0.208003 0.006596
18 15 0.212938 0.208003 0.006596
18 16 0.210813 0.208003 0.006596
18 17 0.207226 0.208003 0.006596
18 18 0.203108 0.208003 0.006596
18 19 0.199655 0.208003 0.006596
18 20 0.196068 0.208003 0.006596
19 0 0.194740 0.208003 0.006596
19 1 0.197795 0.208003 0.006596
19 2 0.199920 0.208003 0.006596
19 3 0.203108 0.208003 0.006596
19 4 0.207094 0.208003 0.006596
19 5 0.207492 0.208003 0.006596
19 6 0.206695 0.208003 0.006596
19 7 0.208688 0.208003 0.006596
19 8 0.205632 0.208003 0.006596
19 9 0.205765 0.208003 0.006596
19 10 0.204702 0.208003 0.006596
19 11 0.205632 0.208003 0.006596
19 12 0.206031 0.208003 0.006596
19 13 0.207226 0.208003 0.006596
19 14 0.208953 0.208003 0.006596
19 15 0.207625 0.208003 0.006596
19 16 0.206164 0.208003 0.006596
19 17 0.202444 0.208003 0.006596
19 18 0.198858 0.208003 0.006596
19 19 0.193544 0.208003 0.006596
19 20 0.188496 0.208003 0.006596
20 0 0.189293 0.208003 0.006596
20 1 0.193146 0.208003 0.006596
20 2 0.196732 0.208003 0.006596
20 3 0.199123 0.208003 0.006596
20 4 0.202311 0.208003 0.006596
20 5 0.202179 0.208003 0.006596
20 6 0.204304 0.208003 0.006596
20 7 0.203905 0.208003 0.006596
20 8 0.203640 0.208003 0.006596
20 9 0.201647 0.208003 0.006596
20 10 0.199920 0.208003 0.006596
20 11 0.198990 0.208003 0.006596
20 12 0.198990 0.208003 0.006596
20 13 0.201514 0.208003 0.006596
20 14 0.203773 0.208003 0.006596
20 15 0.202843 0.208003 0.006596
20 16 0.199655 0.208003 0.006596
20 17 0.196334 0.208003 0.006596
20 18 0.192216 0.208003 0.006596
20 19 0.186769 0.208003 0.006596
20 20 0.184245 0.208003 0.006596
