# contact distance = 32.0 Angstroms
# F = 0.4 kJ/mol

# i j contact_probability mean_contact_probability stddev_contact_probability
0 0 0.208419 0.203401 0.005273
0 1 0.208936 0.203401 0.005273
0 2 0.211260 0.203401 0.005273
0 3 0.213843 0.203401 0.005273
0 4 0.212681 0.203401 0.005273
0 5 0.204416 0.203401 0.005273
0 6 0.203125 0.203401 0.005273
0 7 0.202996 0.203401 0.005273
0 8 0.200542 0.203401 0.005273
0 9 0.200801 0.203401 0.005273
0 10 0.200801 0.203401 0.005273
0 11 0.201446 0.203401 0.005273
0 12 0.204416 0.203401 0.005273
0 13 0.203771 0.203401 0.005273
0 14 0.202092 0.203401 0.005273
0 15 0.200155 0.203401 0.005273
0 16 0.197572 0.203401 0.005273
0 17 0.196410 0.203401 0.005273
0 18 0.194731 0.203401 0.005273
0 19 0.192278 0.203401 0.005273
0 20 0.188533 0.203401 0.005273
1 0 0.209582 0.203401 0.005273
1 1 0.210873 0.203401 0.005273
1 2 0.213972 0.203401 0.005273
1 3 0.211002 0.203401 0.005273
1 4 0.213714 0.203401 0.005273
1 5 0.207386 0.203401 0.005273
1 6 0.206482 0.203401 0.005273
1 7 0.204029 0.203401 0.005273
1 8 0.203771 0.203401 0.005273
1 9 0.202608 0.203401 0.005273
1 10 0.203512 0.203401 0.005273
1 11 0.204158 0.203401 0.005273
1 12 0.204029 0.203401 0.005273
1 13 0.203771 0.203401 0.005273
1 14 0.204287 0.203401 0.005273
1 15 0.201317 0.203401 0.005273
1 16 0.200542 0.203401 0.005273
1 17 0.200413 0.203401 0.005273
1 18 0.197701 0.203401 0.005273
1 19 0.196281 0.203401 0.005273
1 20 0.191374 0.203401 0.005273
2 0 0.208549 0.203401 0.005273
2 1 0.212293 0.203401 0.005273
2 2 0.211777 0.203401 0.005273
2 3 0.212293 0.203401 0.005273
2 4 0.212810 0.203401 0.005273
2 5 0.209065 0.203401 0.005273
2 6 0.207645 0.203401 0.005273
2 7 0.207386 0.203401 0.005273
2 8 0.206999 0.203401 0.005273
2 9 0.205579 0.203401 0.005273
2 10 0.205708 0.203401 0.005273
2 11 0.205837 0.203401 0.005273
2 12 0.206741 0.203401 0.005273
2 13 0.206095 0.203401 0.005273
2 14 0.205449 0.203401 0.005273
2 15 0.204287 0.203401 0.005273
2 16 0.203642 0.203401 0.005273
2 17 0.201834 0.203401 0.005273
2 18 0.198864 0.203401 0.005273
2 19 0.197960 0.203401 0.005273
2 20 0.192924 0.203401 0.005273
3 0 0.205449 0.203401 0.005273
3 1 0.209065 0.203401 0.005273
3 2 0.211906 0.203401 0.005273
3 3 0.210227 0.203401 0.005273
3 4 0.211777 0.203401 0.005273
3 5 0.206870 0.203401 0.005273
3 6 0.205579 0.203401 0.005273
3 7 0.207515 0.203401 0.005273
3 8 0.205837 0.203401 0.005273
3 9 0.205062 0.203401 0.005273
3 10 0.205837 0.203401 0.005273
3 11 0.205062 0.203401 0.005273
3 12 0.206870 0.203401 0.005273
3 13 0.204933 0.203401 0.005273
3 14 0.204029 0.203401 0.005273
3 15 0.203254 0.203401 0.005273
3 16 0.202867 0.203401 0.005273
3 17 0.201188 0.203401 0.005273
3 18 0.200413 0.203401 0.005273
3 19 0.197831 0.203401 0.005273
3 20 0.191761 0.203401 0.005273
4 0 0.205966 0.203401 0.005273
4 1 0.209452 0.203401 0.005273
4 2 0.209452 0.203401 0.005273
4 3 0.209452 0.203401 0.005273
4 4 0.209065 0.203401 0.005273
4 5 0.203771 0.203401 0.005273
4 6 0.205062 0.203401 0.005273
4 7 0.206870 0.203401 0.005273
4 8 0.204287 0.203401 0.005273
4 9 0.203512 0.203401 0.005273
4 10 0.204545 0.203401 0.005273
4 11 0.208290 0.203401 0.005273
4 12 0.209582 0.203401 0.005273
4 13 0.205837 0.203401 0.005273
4 14 0.204933 0.203401 0.005273
4 15 0.203771 0.203401 0.005273
4 16 0.203383 0.203401 0.005273
4 17 0.202996 0.203401 0.005273
4 18 0.201575 0.203401 0.005273
4 19 0.198089 0.203401 0.005273
4 20 0.192794 0.203401 0.005273
5 0 0.203383 0.203401 0.005273
5 1 0.207128 0.203401 0.005273
5 2 0.208419 0.203401 0.005273
5 3 0.205579 0.203401 0.005273
5 4 0.205837 0.203401 0.005273
5 5 0.202350 0.203401 0.005273
5 6 0.203254 0.203401 0.005273
5 7 0.201188 0.203401 0.005273
5 8 0.200801 0.203401 0.005273
5 9 0.202221 0.203401 0.005273
5 10 0.201963 0.203401 0.005273
5 11 0.205579 0.203401 0.005273
5 12 0.206224 0.203401 0.005273
5 13 0.205320 0.203401 0.005273
5 14 0.205062 0.203401 0.005273
5 15 0.204545 0.203401 0.005273
5 16 0.202479 0.203401 0.005273
5 17 0.200801 0.203401 0.005273
5 18 0.198864 0.203401 0.005273
5 19 0.196281 0.203401 0.005273
5 20 0.190599 0.203401 0.005273
6 0 0.201317 0.203401 0.005273
6 1 0.206224 0.203401 0.005273
6 2 0.208161 0.203401 0.005273
6 3 0.206999 0.203401 0.005273
6 4 0.207515 0.203401 0.005273
6 5 0.204029 0.203401 0.005273
6 6 0.203254 0.203401 0.005273
6 7 0.201575 0.203401 0.005273
6 8 0.201834 0.203401 0.005273
6 9 0.203771 0.203401 0.005273
6 10 0.205062 0.203401 0.005273
6 11 0.205320 0.203401 0.005273
6 12 0.205837 0.203401 0.005273
6 13 0.205191 0.203401 0.005273
6 14 0.203771 0.203401 0.005273
6 15 0.203125 0.203401 0.005273
6 16 0.203512 0.203401 0.005273
6 17 0.199509 0.203401 0.005273
6 18 0.198993 0.203401 0.005273
6 19 0.194215 0.203401 0.005273
6 20 0.190987 0.203401 0.005273
7 0 0.199897 0.203401 0.005273
7 1 0.203900 0.203401 0.005273
7 2 0.206482 0.203401 0.005273
7 3 0.206612 0.203401 0.005273
7 4 0.204804 0.203401 0.005273
7 5 0.203125 0.203401 0.005273
7 6 0.202350 0.203401 0.005273
7 7 0.200413 0.203401 0.005273
7 8 0.198735 0.203401 0.005273
7 9 0.201059 0.203401 0.005273
7 10 0.201059 0.203401 0.005273
7 11 0.203383 0.203401 0.005273
7 12 0.204416 0.203401 0.005273
7 13 0.203771 0.203401 0.005273
7 14 0.204416 0.203401 0.005273
7 15 0.202092 0.203401 0.005273
7 16 0.199768 0.203401 0.005273
7 17 0.200026 0.203401 0.005273
7 18 0.199897 0.203401 0.005273
7 19 0.198089 0.203401 0.005273
7 20 0.189824 0.203401 0.005273
8 0 0.197443 0.203401 0.005273
8 1 0.205320 0.203401 0.005273
8 2 0.207257 0.203401 0.005273
8 3 0.211519 0.203401 0.005273
8 4 0.208290 0.203401 0.005273
8 5 0.205320 0.203401 0.005273
8 6 0.205191 0.203401 0.005273
8 7 0.202738 0.203401 0.005273
8 8 0.200801 0.203401 0.005273
8 9 0.203125 0.203401 0.005273
8 10 0.202221 0.203401 0.005273
8 11 0.202350 0.203401 0.005273
8 12 0.202350 0.203401 0.005273
8 13 0.202867 0.203401 0.005273
8 14 0.204416 0.203401 0.005273
8 15 0.201446 0.203401 0.005273
8 16 0.200930 0.203401 0.005273
8 17 0.200413 0.203401 0.005273
8 18 0.199897 0.203401 0.005273
8 19 0.198347 0.203401 0.005273
8 20 0.192020 0.203401 0.005273
9 0 0.201317 0.203401 0.005273
9 1 0.205062 0.203401 0.005273
9 2 0.207515 0.203401 0.005273
9 3 0.209582 0.203401 0.005273
9 4 0.209323 0.203401 0.005273
9 5 0.205191 0.203401 0.005273
9 6 0.205966 0.203401 0.005273
9 7 0.203125 0.203401 0.005273
9 8 0.202479 0.203401 0.005273
9 9 0.199768 0.203401 0.005273
9 10 0.198864 0.203401 0.005273
9 11 0.202738 0.203401 0.005273
9 12 0.204416 0.203401 0.005273
9 13 0.203512 0.203401 0.005273
9 14 0.204029 0.203401 0.005273
9 15 0.204675 0.203401 0.005273
9 16 0.201317 0.203401 0.005273
9 17 0.201317 0.203401 0.005273
9 18 0.201834 0.203401 0.005273
9 19 0.197185 0.203401 0.005273
9 20 0.190857 0.203401 0.005273
10 0 0.198864 0.203401 0.005273
10 1 0.204029 0.203401 0.005273
10 2 0.207257 0.203401 0.005273
10 3 0.210227 0.203401 0.005273
10 4 0.208936 0.203401 0.005273
10 5 0.207386 0.203401 0.005273
10 6 0.206612 0.203401 0.005273
10 7 0.207128 0.203401 0.005273
10 8 0.204287 0.203401 0.005273
10 9 0.200155 0.203401 0.005273
10 10 0.199897 0.203401 0.005273
10 11 0.201963 0.203401 0.005273
10 12 0.204545 0.203401 0.005273
10 13 0.205966 0.203401 0.005273
10 14 0.207257 0.203401 0.005273
10 15 0.205320 0.203401 0.005273
10 16 0.203254 0.203401 0.005273
10 17 0.201317 0.203401 0.005273
10 18 0.198735 0.203401 0.005273
10 19 0.196668 0.203401 0.005273
10 20 0.190599 0.203401 0.005273
11 0 0.197831 0.203401 0.005273
11 1 0.202350 0.203401 0.005273
11 2 0.205966 0.203401 0.005273
11 3 0.207903 0.203401 0.005273
11 4 0.212035 0.203401 0.005273
11 5 0.206999 0.203401 0.005273
11 6 0.207515 0.203401 0.005273
11 7 0.207645 0.203401 0.005273
11 8 0.205966 0.203401 0.005273
11 9 0.204029 0.203401 0.005273
11 10 0.202479 0.203401 0.005273
11 11 0.202738 0.203401 0.005273
11 12 0.207128 0.203401 0.005273
11 13 0.208807 0.203401 0.005273
11 14 0.208678 0.203401 0.005273
11 15 0.207128 0.203401 0.005273
11 16 0.205191 0.203401 0.005273
11 17 0.202479 0.203401 0.005273
11 18 0.202738 0.203401 0.005273
11 19 0.199897 0.203401 0.005273
11 20 0.193182 0.203401 0.005273
12 0 0.201963 0.203401 0.005273
12 1 0.205837 0.203401 0.005273
12 2 0.206999 0.203401 0.005273
12 3 0.210356 0.203401 0.005273
12 4 0.209969 0.203401 0.005273
12 5 0.209452 0.203401 0.005273
12 6 0.208807 0.203401 0.005273
12 7 0.208678 0.203401 0.005273
12 8 0.207645 0.203401 0.005273
12 9 0.206224 0.203401 0.005273
12 10 0.205320 0.203401 0.005273
12 11 0.205708 0.203401 0.005273
12 12 0.209323 0.203401 0.005273
12 13 0.209065 0.203401 0.005273
12 14 0.210486 0.203401 0.005273
12 15 0.210356 0.203401 0.005273
12 16 0.207386 0.203401 0.005273
12 17 0.204416 0.203401 0.005273
12 18 0.203125 0.203401 0.005273
12 19 0.200284 0.203401 0.005273
12 20 0.193827 0.203401 0.005273
13 0 0.203125 0.203401 0.005273
13 1 0.206741 0.203401 0.005273
13 2 0.209711 0.203401 0.005273
13 3 0.209711 0.203401 0.005273
13 4 0.209194 0.203401 0.005273
13 5 0.209323 0.203401 0.005273
13 6 0.208549 0.203401 0.005273
13 7 0.208290 0.203401 0.005273
13 8 0.206612 0.203401 0.005273
13 9 0.206353 0.203401 0.005273
13 10 0.203254 0.203401 0.005273
13 11 0.202996 0.203401 0.005273
13 12 0.207774 0.203401 0.005273
13 13 0.207774 0.203401 0.005273
13 14 0.210615 0.203401 0.005273
13 15 0.210356 0.203401 0.005273
13 16 0.206095 0.203401 0.005273
13 17 0.203512 0.203401 0.005273
13 18 0.204416 0.203401 0.005273
13 19 0.201188 0.203401 0.005273
13 20 0.194473 0.203401 0.005273
14 0 0.202608 0.203401 0.005273
14 1 0.204675 0.203401 0.005273
14 2 0.208161 0.203401 0.005273
14 3 0.210744 0.203401 0.005273
14 4 0.209065 0.203401 0.005273
14 5 0.208936 0.203401 0.005273
14 6 0.208419 0.203401 0.005273
14 7 0.205449 0.203401 0.005273
14 8 0.205449 0.203401 0.005273
14 9 0.203642 0.203401 0.005273
14 10 0.202092 0.203401 0.005273
14 11 0.203125 0.203401 0.005273
14 12 0.206095 0.203401 0.005273
14 13 0.209065 0.203401 0.005273
14 14 0.209711 0.203401 0.005273
14 15 0.210486 0.203401 0.005273
14 16 0.206999 0.203401 0.005273
14 17 0.205837 0.203401 0.005273
14 18 0.205708 0.203401 0.005273
14 19 0.200671 0.203401 0.005273
14 20 0.193440 0.203401 0.005273
15 0 0.202479 0.203401 0.005273
15 1 0.206482 0.203401 0.005273
15 2 0.208678 0.203401 0.005273
15 3 0.209194 0.203401 0.005273
15 4 0.210098 0.203401 0.005273
15 5 0.208678 0.203401 0.005273
15 6 0.210098 0.203401 0.005273
15 7 0.206612 0.203401 0.005273
15 8 0.205320 0.203401 0.005273
15 9 0.205449 0.203401 0.005273
15 10 0.204158 0.203401 0.005273
15 11 0.202350 0.203401 0.005273
15 12 0.203512 0.203401 0.005273
15 13 0.205320 0.203401 0.005273
15 14 0.208549 0.203401 0.005273
15 15 0.207903 0.203401 0.005273
15 16 0.206870 0.203401 0.005273
15 17 0.206353 0.203401 0.005273
15 18 0.203125 0.203401 0.005273
15 19 0.201188 0.203401 0.005273
15 20 0.193311 0.203401 0.005273
16 0 0.205708 0.203401 0.005273
16 1 0.205708 0.203401 0.005273
16 2 0.208936 0.203401 0.005273
16 3 0.209711 0.203401 0.005273
16 4 0.211002 0.203401 0.005273
16 5 0.209582 0.203401 0.005273
16 6 0.206999 0.203401 0.005273
16 7 0.206482 0.203401 0.005273
16 8 0.204545 0.203401 0.005273
16 9 0.204029 0.203401 0.005273
16 10 0.202738 0.203401 0.005273
16 11 0.201834 0.203401 0.005273
16 12 0.202221 0.203401 0.005273
16 13 0.204158 0.203401 0.005273
16 14 0.207774 0.203401 0.005273
16 15 0.207386 0.203401 0.005273
16 16 0.203771 0.203401 0.005273
16 17 0.203383 0.203401 0.005273
16 18 0.201834 0.203401 0.005273
16 19 0.197701 0.203401 0.005273
16 20 0.190987 0.203401 0.005273
17 0 0.204545 0.203401 0.005273
17 1 0.205062 0.203401 0.005273
17 2 0.207386 0.203401 0.005273
17 3 0.206612 0.203401 0.005273
17 4 0.208807 0.203401 0.005273
17 5 0.207903 0.203401 0.005273
17 6 0.207386 0.203401 0.005273
17 7 0.204675 0.203401 0.005273
17 8 0.203383 0.203401 0.005273
17 9 0.202996 0.203401 0.005273
17 10 0.203512 0.203401 0.005273
17 11 0.204933 0.203401 0.005273
17 12 0.203383 0.203401 0.005273
17 13 0.204287 0.203401 0.005273
17 14 0.206612 0.203401 0.005273
17 15 0.205708 0.203401 0.005273
17 16 0.203254 0.203401 0.005273
17 17 0.198347 0.203401 0.005273
17 18 0.201317 0.203401 0.005273
17 19 0.195894 0.203401 0.005273
17 20 0.189050 0.203401 0.005273
18 0 0.202221 0.203401 0.005273
18 1 0.206224 0.203401 0.005273
18 2 0.207645 0.203401 0.005273
18 3 0.206999 0.203401 0.005273
18 4 0.208032 0.203401 0.005273
18 5 0.207128 0.203401 0.005273
18 6 0.206224 0.203401 0.005273
18 7 0.204675 0.203401 0.005273
18 8 0.206224 0.203401 0.005273
18 9 0.202996 0.203401 0.005273
18 10 0.202996 0.203401 0.005273
18 11 0.204933 0.203401 0.005273
18 12 0.205579 0.203401 0.005273
18 13 0.205062 0.203401 0.005273
18 14 0.205966 0.203401 0.005273
18 15 0.205062 0.203401 0.005273
18 16 0.200155 0.203401 0.005273
18 17 0.201188 0.203401 0.005273
18 18 0.197185 0.203401 0.005273
18 19 0.195119 0.203401 0.005273
18 20 0.188791 0.203401 0.005273
19 0 0.197056 0.203401 0.005273
19 1 0.199897 0.203401 0.005273
19 2 0.202479 0.203401 0.005273
19 3 0.202996 0.203401 0.005273
19 4 0.204933 0.203401 0.005273
19 5 0.204029 0.203401 0.005273
19 6 0.204804 0.203401 0.005273
19 7 0.202996 0.203401 0.005273
19 8 0.201963 0.203401 0.005273
19 9 0.199509 0.203401 0.005273
19 10 0.197572 0.203401 0.005273
19 11 0.199768 0.203401 0.005273
19 12 0.200413 0.203401 0.005273
19 13 0.200671 0.203401 0.005273
19 14 0.201446 0.203401 0.005273
19 15 0.199251 0.203401 0.005273
19 16 0.197314 0.203401 0.005273
19 17 0.196668 0.203401 0.005273
19 18 0.195248 0.203401 0.005273
19 19 0.189437 0.203401 0.005273
19 20 0.179881 0.203401 0.005273
20 0 0.190083 0.203401 0.005273
20 1 0.190341 0.203401 0.005273
20 2 0.196798 0.203401 0.005273
20 3 0.198218 0.203401 0.005273
20 4 0.203512 0.203401 0.005273
20 5 0.199897 0.203401 0.005273
20 6 0.199122 0.203401 0.005273
20 7 0.197831 0.203401 0.005273
20 8 0.195894 0.203401 0.005273
20 9 0.192924 0.203401 0.005273
20 10 0.194731 0.203401 0.005273
20 11 0.195764 0.203401 0.005273
20 12 0.196410 0.203401 0.005273
20 13 0.194861 0.203401 0.005273
20 14 0.195506 0.203401 0.005273
20 15 0.195764 0.203401 0.005273
20 16 0.194215 0.203401 0.005273
20 17 0.192149 0.203401 0.005273
20 18 0.188404 0.203401 0.005273
20 19 0.183497 0.203401 0.005273
20 20 0.176653 0.203401 0.005273
