# contact distance = 32.0 Angstroms
# F = 0.4 kJ/mol

# i j contact_probability mean_contact_probability stddev_contact_probability
0 0 0.206086 0.211640 0.006618
0 1 0.208654 0.211640 0.006618
0 2 0.208783 0.211640 0.006618
0 3 0.207756 0.211640 0.006618
0 4 0.205059 0.211640 0.006618
0 5 0.205444 0.211640 0.006618
0 6 0.203903 0.211640 0.006618
0 7 0.201464 0.211640 0.006618
0 8 0.199153 0.211640 0.006618
0 9 0.192476 0.211640 0.006618
0 10 0.190293 0.211640 0.006618
0 11 0.194145 0.211640 0.006618
0 12 0.197740 0.211640 0.006618
0 13 0.200437 0.211640 0.006618
0 14 0.204289 0.211640 0.006618
0 15 0.206728 0.211640 0.006618
0 16 0.205958 0.211640 0.006618
0 17 0.206086 0.211640 0.006618
0 18 0.206215 0.211640 0.006618
0 19 0.202106 0.211640 0.006618
0 20 0.197098 0.211640 0.006618
1 0 0.212121 0.211640 0.006618
1 1 0.212635 0.211640 0.006618
1 2 0.213277 0.211640 0.006618
1 3 0.212506 0.211640 0.006618
1 4 0.209553 0.211640 0.006618
1 5 0.210580 0.211640 0.006618
1 6 0.210195 0.211640 0.006618
1 7 0.205701 0.211640 0.006618
1 8 0.204289 0.211640 0.006618
1 9 0.200437 0.211640 0.006618
1 10 0.199024 0.211640 0.006618
1 11 0.198382 0.211640 0.006618
1 12 0.200180 0.211640 0.006618
1 13 0.203133 0.211640 0.006618
1 14 0.208012 0.211640 0.006618
1 15 0.210966 0.211640 0.006618
1 16 0.208654 0.211640 0.006618
1 17 0.209938 0.211640 0.006618
1 18 0.207884 0.211640 0.006618
1 19 0.207756 0.211640 0.006618
1 20 0.200051 0.211640 0.006618
2 0 0.209040 0.211640 0.006618
2 1 0.213148 0.211640 0.006618
2 2 0.213919 0.211640 0.006618
2 3 0.215588 0.211640 0.006618
2 4 0.214689 0.211640 0.006618
2 5 0.213534 0.211640 0.006618
2 6 0.213534 0.211640 0.006618
2 7 0.210837 0.211640 0.006618
2 8 0.207627 0.211640 0.006618
2 9 0.205829 0.211640 0.006618
2 10 0.203133 0.211640 0.006618
2 11 0.201592 0.211640 0.006618
2 12 0.203261 0.211640 0.006618
2 13 0.207114 0.211640 0.006618
2 14 0.211864 0.211640 0.006618
2 15 0.214176 0.211640 0.006618
2 16 0.215588 0.211640 0.006618
2 17 0.212763 0.211640 0.006618
2 18 0.212121 0.211640 0.006618
2 19 0.209810 0.211640 0.006618
2 20 0.205316 0.211640 0.006618
3 0 0.206728 0.211640 0.006618
3 1 0.210966 0.211640 0.006618
3 2 0.214304 0.211640 0.006618
3 3 0.217257 0.211640 0.006618
3 4 0.216487 0.211640 0.006618
3 5 0.217771 0.211640 0.006618
3 6 0.217386 0.211640 0.006618
3 7 0.215074 0.211640 0.006618
3 8 0.212250 0.211640 0.006618
3 9 0.207756 0.211640 0.006618
3 10 0.206471 0.211640 0.006618
3 11 0.206600 0.211640 0.006618
3 12 0.205829 0.211640 0.006618
3 13 0.207627 0.211640 0.006618
3 14 0.210966 0.211640 0.006618
3 15 0.215460 0.211640 0.006618
3 16 0.216872 0.211640 0.006618
3 17 0.214304 0.211640 0.006618
3 18 0.214176 0.211640 0.006618
3 19 0.212378 0.211640 0.006618
3 20 0.206857 0.211640 0.006618
4 0 0.207884 0.211640 0.006618
4 1 0.213148 0.211640 0.006618
4 2 0.217257 0.211640 0.006618
4 3 0.218028 0.211640 0.006618
4 4 0.220082 0.211640 0.006618
4 5 0.220596 0.211640 0.006618
4 6 0.220467 0.211640 0.006618
4 7 0.215973 0.211640 0.006618
4 8 0.214176 0.211640 0.006618
4 9 0.210966 0.211640 0.006618
4 10 0.209938 0.211640 0.006618
4 11 0.209296 0.211640 0.006618
4 12 0.207884 0.211640 0.006618
4 13 0.211864 0.211640 0.006618
4 14 0.216102 0.211640 0.006618
4 15 0.216487 0.211640 0.006618
4 16 0.215973 0.211640 0.006618
4 17 0.216615 0.211640 0.006618
4 18 0.216744 0.211640 0.006618
4 19 0.213790 0.211640 0.006618
4 20 0.210966 0.211640 0.006618
5 0 0.207370 0.211640 0.006618
5 1 0.213790 0.211640 0.006618
5 2 0.216872 0.211640 0.006618
5 3 0.220082 0.211640 0.006618
5 4 0.222137 0.211640 0.006618
5 5 0.223164 0.211640 0.006618
5 6 0.222907 0.211640 0.006618
5 7 0.220339 0.211640 0.006618
5 8 0.217386 0.211640 0.006618
5 9 0.214304 0.211640 0.006618
5 10 0.211864 0.211640 0.006618
5 11 0.210195 0.211640 0.006618
5 12 0.210067 0.211640 0.006618
5 13 0.214304 0.211640 0.006618
5 14 0.218156 0.211640 0.006618
5 15 0.218156 0.211640 0.006618
5 16 0.220339 0.211640 0.006618
5 17 0.219954 0.211640 0.006618
5 18 0.219440 0.211640 0.006618
5 19 0.217386 0.211640 0.006618
5 20 0.213790 0.211640 0.006618
6 0 0.204674 0.211640 0.006618
6 1 0.211222 0.211640 0.006618
6 2 0.213919 0.211640 0.006618
6 3 0.218028 0.211640 0.006618
6 4 0.223035 0.211640 0.006618
6 5 0.221366 0.211640 0.006618
6 6 0.222008 0.211640 0.006618
6 7 0.222650 0.211640 0.006618
6 8 0.218028 0.211640 0.006618
6 9 0.214561 0.211640 0.006618
6 10 0.211993 0.211640 0.006618
6 11 0.210067 0.211640 0.006618
6 12 0.210580 0.211640 0.006618
6 13 0.215331 0.211640 0.006618
6 14 0.218156 0.211640 0.006618
6 15 0.219954 0.211640 0.006618
6 16 0.221623 0.211640 0.006618
6 17 0.217771 0.211640 0.006618
6 18 0.220596 0.211640 0.006618
6 19 0.218156 0.211640 0.006618
6 20 0.212763 0.211640 0.006618
7 0 0.202491 0.211640 0.006618
7 1 0.209682 0.211640 0.006618
7 2 0.213534 0.211640 0.006618
7 3 0.215203 0.211640 0.006618
7 4 0.221495 0.211640 0.006618
7 5 0.222265 0.211640 0.006618
7 6 0.222650 0.211640 0.006618
7 7 0.222265 0.211640 0.006618
7 8 0.218927 0.211640 0.006618
7 9 0.216230 0.211640 0.006618
7 10 0.210452 0.211640 0.006618
7 11 0.209040 0.211640 0.006618
7 12 0.209168 0.211640 0.006618
7 13 0.212378 0.211640 0.006618
7 14 0.214047 0.211640 0.006618
7 15 0.219697 0.211640 0.006618
7 16 0.220082 0.211640 0.006618
7 17 0.219055 0.211640 0.006618
7 18 0.220339 0.211640 0.006618
7 19 0.218541 0.211640 0.006618
7 20 0.211479 0.211640 0.006618
8 0 0.201977 0.211640 0.006618
8 1 0.207884 0.211640 0.006618
8 2 0.211736 0.211640 0.006618
8 3 0.214689 0.211640 0.006618
8 4 0.217001 0.211640 0.006618
8 5 0.218927 0.211640 0.006618
8 6 0.218156 0.211640 0.006618
8 7 0.220981 0.211640 0.006618
8 8 0.220981 0.211640 0.006618
8 9 0.213534 0.211640 0.006618
8 10 0.210452 0.211640 0.006618
8 11 0.208012 0.211640 0.006618
8 12 0.208911 0.211640 0.006618
8 13 0.208654 0.211640 0.006618
8 14 0.214304 0.211640 0.006618
8 15 0.216872 0.211640 0.006618
8 16 0.219183 0.211640 0.006618
8 17 0.219055 0.211640 0.006618
8 18 0.219183 0.211640 0.006618
8 19 0.214561 0.211640 0.006618
8 20 0.209938 0.211640 0.006618
9 0 0.196713 0.211640 0.006618
9 1 0.205187 0.211640 0.006618
9 2 0.210324 0.211640 0.006618
9 3 0.211479 0.211640 0.006618
9 4 0.214818 0.211640 0.006618
9 5 0.216102 0.211640 0.006618
9 6 0.219954 0.211640 0.006618
9 7 0.219440 0.211640 0.006618
9 8 0.217771 0.211640 0.006618
9 9 0.212635 0.211640 0.006618
9 10 0.208398 0.211640 0.006618
9 11 0.208141 0.211640 0.006618
9 12 0.207370 0.211640 0.006618
9 13 0.208269 0.211640 0.006618
9 14 0.214304 0.211640 0.006618
9 15 0.216230 0.211640 0.006618
9 16 0.216102 0.211640 0.006618
9 17 0.215460 0.211640 0.006618
9 18 0.215845 0.211640 0.006618
9 19 0.210452 0.211640 0.006618
9 20 0.206600 0.211640 0.006618
10 0 0.193118 0.211640 0.006618
10 1 0.201721 0.211640 0.006618
10 2 0.203647 0.211640 0.006618
10 3 0.208398 0.211640 0.006618
10 4 0.211094 0.211640 0.006618
10 5 0.213790 0.211640 0.006618
10 6 0.215203 0.211640 0.006618
10 7 0.215460 0.211640 0.006618
10 8 0.213662 0.211640 0.006618
10 9 0.208012 0.211640 0.006618
10 10 0.207114 0.211640 0.006618
10 11 0.204417 0.211640 0.006618
10 12 0.205701 0.211640 0.006618
10 13 0.208012 0.211640 0.006618
10 14 0.210966 0.211640 0.006618
10 15 0.213534 0.211640 0.006618
10 16 0.212506 0.211640 0.006618
10 17 0.211222 0.211640 0.006618
10 18 0.211608 0.211640 0.006618
10 19 0.210966 0.211640 0.006618
10 20 0.205701 0.211640 0.006618
11 0 0.191063 0.211640 0.006618
11 1 0.197483 0.211640 0.006618
11 2 0.200565 0.211640 0.006618
11 3 0.206215 0.211640 0.006618
11 4 0.210709 0.211640 0.006618
11 5 0.213405 0.211640 0.006618
11 6 0.215203 0.211640 0.006618
11 7 0.215460 0.211640 0.006618
11 8 0.211479 0.211640 0.006618
11 9 0.207114 0.211640 0.006618
11 10 0.203775 0.211640 0.006618
11 11 0.202748 0.211640 0.006618
11 12 0.201849 0.211640 0.006618
11 13 0.206086 0.211640 0.006618
11 14 0.211479 0.211640 0.006618
11 15 0.211479 0.211640 0.006618
11 16 0.212635 0.211640 0.006618
11 17 0.212378 0.211640 0.006618
11 18 0.211222 0.211640 0.006618
11 19 0.209810 0.211640 0.006618
11 20 0.205187 0.211640 0.006618
12 0 0.194658 0.211640 0.006618
12 1 0.199024 0.211640 0.006618
12 2 0.200950 0.211640 0.006618
12 3 0.206985 0.211640 0.006618
12 4 0.210067 0.211640 0.006618
12 5 0.214432 0.211640 0.006618
12 6 0.216615 0.211640 0.006618
12 7 0.216359 0.211640 0.006618
12 8 0.213919 0.211640 0.006618
12 9 0.209168 0.211640 0.006618
12 10 0.203775 0.211640 0.006618
12 11 0.202363 0.211640 0.006618
12 12 0.204289 0.211640 0.006618
12 13 0.206215 0.211640 0.006618
12 14 0.209810 0.211640 0.006618
12 15 0.211479 0.211640 0.006618
12 16 0.211608 0.211640 0.006618
12 17 0.210452 0.211640 0.006618
12 18 0.210580 0.211640 0.006618
12 19 0.206471 0.211640 0.006618
12 20 0.202491 0.211640 0.006618
13 0 0.198125 0.211640 0.006618
13 1 0.203261 0.211640 0.006618
13 2 0.203133 0.211640 0.006618
13 3 0.208398 0.211640 0.006618
13 4 0.212892 0.211640 0.006618
13 5 0.218541 0.211640 0.006618
13 6 0.219697 0.211640 0.006618
13 7 0.218285 0.211640 0.006618
13 8 0.216359 0.211640 0.006618
13 9 0.212121 0.211640 0.006618
13 10 0.207499 0.211640 0.006618
13 11 0.206857 0.211640 0.006618
13 12 0.208141 0.211640 0.006618
13 13 0.210067 0.211640 0.006618
13 14 0.212121 0.211640 0.006618
13 15 0.214176 0.211640 0.006618
13 16 0.214047 0.211640 0.006618
13 17 0.211736 0.211640 0.006618
13 18 0.211479 0.211640 0.006618
13 19 0.209553 0.211640 0.006618
13 20 0.205059 0.211640 0.006618
14 0 0.201207 0.211640 0.006618
14 1 0.203775 0.211640 0.006618
14 2 0.207499 0.211640 0.006618
14 3 0.212121 0.211640 0.006618
14 4 0.214176 0.211640 0.006618
14 5 0.218413 0.211640 0.006618
14 6 0.220339 0.211640 0.006618
14 7 0.219183 0.211640 0.006618
14 8 0.216102 0.211640 0.006618
14 9 0.214689 0.211640 0.006618
14 10 0.211479 0.211640 0.006618
14 11 0.209682 0.211640 0.006618
14 12 0.212121 0.211640 0.006618
14 13 0.214047 0.211640 0.006618
14 14 0.215973 0.211640 0.006618
14 15 0.216230 0.211640 0.006618
14 16 0.216487 0.211640 0.006618
14 17 0.214946 0.211640 0.006618
14 18 0.213919 0.211640 0.006618
14 19 0.211351 0.211640 0.006618
14 20 0.204032 0.211640 0.006618
15 0 0.201721 0.211640 0.006618
15 1 0.206215 0.211640 0.006618
15 2 0.209168 0.211640 0.006618
15 3 0.213790 0.211640 0.006618
15 4 0.217899 0.211640 0.006618
15 5 0.218541 0.211640 0.006618
15 6 0.220596 0.211640 0.006618
15 7 0.220339 0.211640 0.006618
15 8 0.219569 0.211640 0.006618
15 9 0.217386 0.211640 0.006618
15 10 0.214432 0.211640 0.006618
15 11 0.213020 0.211640 0.006618
15 12 0.213405 0.211640 0.006618
15 13 0.215716 0.211640 0.006618
15 14 0.218541 0.211640 0.006618
15 15 0.217771 0.211640 0.006618
15 16 0.218670 0.211640 0.006618
15 17 0.216615 0.211640 0.006618
15 18 0.215203 0.211640 0.006618
15 19 0.213405 0.211640 0.006618
15 20 0.206471 0.211640 0.006618
16 0 0.203775 0.211640 0.006618
16 1 0.207370 0.211640 0.006618
16 2 0.212892 0.211640 0.006618
16 3 0.215716 0.211640 0.006618
16 4 0.218413 0.211640 0.006618
16 5 0.220724 0.211640 0.006618
16 6 0.222779 0.211640 0.006618
16 7 0.222522 0.211640 0.006618
16 8 0.218028 0.211640 0.006618
16 9 0.217643 0.211640 0.006618
16 10 0.216872 0.211640 0.006618
16 11 0.215460 0.211640 0.006618
16 12 0.214946 0.211640 0.006618
16 13 0.216615 0.211640 0.006618
16 14 0.221880 0.211640 0.006618
16 15 0.220981 0.211640 0.006618
16 16 0.220339 0.211640 0.006618
16 17 0.220981 0.211640 0.006618
16 18 0.216487 0.211640 0.006618
16 19 0.211993 0.211640 0.006618
16 20 0.205829 0.211640 0.006618
17 0 0.205059 0.211640 0.006618
17 1 0.208654 0.211640 0.006618
17 2 0.212378 0.211640 0.006618
17 3 0.216872 0.211640 0.006618
17 4 0.216872 0.211640 0.006618
17 5 0.219440 0.211640 0.006618
17 6 0.219697 0.211640 0.006618
17 7 0.220467 0.211640 0.006618
17 8 0.217001 0.211640 0.006618
17 9 0.218541 0.211640 0.006618
17 10 0.217643 0.211640 0.006618
17 11 0.217386 0.211640 0.006618
17 12 0.214432 0.211640 0.006618
17 13 0.215588 0.211640 0.006618
17 14 0.220467 0.211640 0.006618
17 15 0.219697 0.211640 0.006618
17 16 0.219954 0.211640 0.006618
17 17 0.220339 0.211640 0.006618
17 18 0.216615 0.211640 0.006618
17 19 0.209938 0.211640 0.006618
17 20 0.203005 0.211640 0.006618
18 0 0.203390 0.211640 0.006618
18 1 0.209296 0.211640 0.006618
18 2 0.214561 0.211640 0.006618
18 3 0.218541 0.211640 0.006618
18 4 0.219055 0.211640 0.006618
18 5 0.220724 0.211640 0.006618
18 6 0.219055 0.211640 0.006618
18 7 0.218413 0.211640 0.006618
18 8 0.216487 0.211640 0.006618
18 9 0.218156 0.211640 0.006618
18 10 0.215845 0.211640 0.006618
18 11 0.214689 0.211640 0.006618
18 12 0.213662 0.211640 0.006618
18 13 0.213148 0.211640 0.006618
18 14 0.216359 0.211640 0.006618
18 15 0.218028 0.211640 0.006618
18 16 0.217514 0.211640 0.006618
18 17 0.216359 0.211640 0.006618
18 18 0.213662 0.211640 0.006618
18 19 0.204802 0.211640 0.006618
18 20 0.197483 0.211640 0.006618
19 0 0.199409 0.211640 0.006618
19 1 0.205701 0.211640 0.006618
19 2 0.213277 0.211640 0.006618
19 3 0.214561 0.211640 0.006618
19 4 0.215074 0.211640 0.006618
19 5 0.217129 0.211640 0.006618
19 6 0.218156 0.211640 0.006618
19 7 0.217001 0.211640 0.006618
19 8 0.215460 0.211640 0.006618
19 9 0.214304 0.211640 0.006618
19 10 0.210067 0.211640 0.006618
19 11 0.212250 0.211640 0.006618
19 12 0.209553 0.211640 0.006618
19 13 0.211351 0.211640 0.006618
19 14 0.212635 0.211640 0.006618
19 15 0.213148 0.211640 0.006618
19 16 0.212635 0.211640 0.006618
19 17 0.210067 0.211640 0.006618
19 18 0.204545 0.211640 0.006618
19 19 0.202619 0.211640 0.006618
19 20 0.190935 0.211640 0.006618
20 0 0.196584 0.211640 0.006618
20 1 0.201464 0.211640 0.006618
20 2 0.208269 0.211640 0.006618
20 3 0.211222 0.211640 0.006618
20 4 0.211479 0.211640 0.006618
20 5 0.213020 0.211640 0.006618
20 6 0.213919 0.211640 0.006618
20 7 0.210324 0.211640 0.006618
20 8 0.208911 0.211640 0.006618
20 9 0.207242 0.211640 0.006618
20 10 0.204931 0.211640 0.006618
20 11 0.204417 0.211640 0.006618
20 12 0.205316 0.211640 0.006618
20 13 0.206600 0.211640 0.006618
20 14 0.208526 0.211640 0.006618
20 15 0.204674 0.211640 0.006618
20 16 0.204289 0.211640 0.006618
20 17 0.201335 0.211640 0.006618
20 18 0.200180 0.211640 0.006618
20 19 0.192861 0.211640 0.006618
20 20 0.182203 0.211640 0.006618
