# contact distance = 32.0 Angstroms
# F = 0.4 kJ/mol

# i j contact_probability mean_contact_probability stddev_contact_probability
0 0 0.197300 0.200446 0.006238
0 1 0.197437 0.200446 0.006238
0 2 0.198936 0.200446 0.006238
0 3 0.197437 0.200446 0.006238
0 4 0.195937 0.200446 0.006238
0 5 0.193073 0.200446 0.006238
0 6 0.189256 0.200446 0.006238
0 7 0.189665 0.200446 0.006238
0 8 0.186392 0.200446 0.006238
0 9 0.187892 0.200446 0.006238
0 10 0.188028 0.200446 0.006238
0 11 0.190483 0.200446 0.006238
0 12 0.194982 0.200446 0.006238
0 13 0.196618 0.200446 0.006238
0 14 0.196346 0.200446 0.006238
0 15 0.198527 0.200446 0.006238
0 16 0.196073 0.200446 0.006238
0 17 0.194164 0.200446 0.006238
0 18 0.193073 0.200446 0.006238
0 19 0.189392 0.200446 0.006238
0 20 0.184074 0.200446 0.006238
1 0 0.195391 0.200446 0.006238
1 1 0.198664 0.200446 0.006238
1 2 0.200436 0.200446 0.006238
1 3 0.200982 0.200446 0.006238
1 4 0.199755 0.200446 0.006238
1 5 0.198255 0.200446 0.006238
1 6 0.193891 0.200446 0.006238
1 7 0.193482 0.200446 0.006238
1 8 0.191983 0.200446 0.006238
1 9 0.193891 0.200446 0.006238
1 10 0.192801 0.200446 0.006238
1 11 0.197028 0.200446 0.006238
1 12 0.200027 0.200446 0.006238
1 13 0.200164 0.200446 0.006238
1 14 0.200845 0.200446 0.006238
1 15 0.199346 0.200446 0.006238
1 16 0.198255 0.200446 0.006238
1 17 0.198800 0.200446 0.006238
1 18 0.197437 0.200446 0.006238
1 19 0.194573 0.200446 0.006238
1 20 0.187756 0.200446 0.006238
2 0 0.196755 0.200446 0.006238
2 1 0.201800 0.200446 0.006238
2 2 0.201118 0.200446 0.006238
2 3 0.204118 0.200446 0.006238
2 4 0.205754 0.200446 0.006238
2 5 0.201800 0.200446 0.006238
2 6 0.198255 0.200446 0.006238
2 7 0.197300 0.200446 0.006238
2 8 0.194164 0.200446 0.006238
2 9 0.197709 0.200446 0.006238
2 10 0.199891 0.200446 0.006238
2 11 0.205481 0.200446 0.006238
2 12 0.203300 0.200446 0.006238
2 13 0.204800 0.200446 0.006238
2 14 0.204527 0.200446 0.006238
2 15 0.202754 0.200446 0.006238
2 16 0.202482 0.200446 0.006238
2 17 0.202209 0.200446 0.006238
2 18 0.199891 0.200446 0.006238
2 19 0.195119 0.200446 0.006238
2 20 0.191164 0.200446 0.006238
3 0 0.192801 0.200446 0.006238
3 1 0.198391 0.200446 0.006238
3 2 0.199755 0.200446 0.006238
3 3 0.199755 0.200446 0.006238
3 4 0.201800 0.200446 0.006238
3 5 0.200709 0.200446 0.006238
3 6 0.199209 0.200446 0.006238
3 7 0.197573 0.200446 0.006238
3 8 0.197982 0.200446 0.006238
3 9 0.198936 0.200446 0.006238
3 10 0.199346 0.200446 0.006238
3 11 0.204118 0.200446 0.006238
3 12 0.204663 0.200446 0.006238
3 13 0.204118 0.200446 0.006238
3 14 0.205209 0.200446 0.006238
3 15 0.203709 0.200446 0.006238
3 16 0.203981 0.200446 0.006238
3 17 0.202345 0.200446 0.006238
3 18 0.200845 0.200446 0.006238
3 19 0.195800 0.200446 0.006238
3 20 0.191164 0.200446 0.006238
4 0 0.192255 0.200446 0.006238
4 1 0.197437 0.200446 0.006238
4 2 0.199209 0.200446 0.006238
4 3 0.199618 0.200446 0.006238
4 4 0.201800 0.200446 0.006238
4 5 0.201527 0.200446 0.006238
4 6 0.199618 0.200446 0.006238
4 7 0.200027 0.200446 0.006238
4 8 0.198800 0.200446 0.006238
4 9 0.201527 0.200446 0.006238
4 10 0.200436 0.200446 0.006238
4 11 0.204391 0.200446 0.006238
4 12 0.204800 0.200446 0.006238
4 13 0.207118 0.200446 0.006238
4 14 0.206027 0.200446 0.006238
4 15 0.206299 0.200446 0.006238
4 16 0.203300 0.200446 0.006238
4 17 0.203300 0.200446 0.006238
4 18 0.203436 0.200446 0.006238
4 19 0.196891 0.200446 0.006238
4 20 0.193346 0.200446 0.006238
5 0 0.190346 0.200446 0.006238
5 1 0.194982 0.200446 0.006238
5 2 0.198664 0.200446 0.006238
5 3 0.199209 0.200446 0.006238
5 4 0.200027 0.200446 0.006238
5 5 0.200982 0.200446 0.006238
5 6 0.197709 0.200446 0.006238
5 7 0.198936 0.200446 0.006238
5 8 0.196618 0.200446 0.006238
5 9 0.200436 0.200446 0.006238
5 10 0.199073 0.200446 0.006238
5 11 0.202618 0.200446 0.006238
5 12 0.204527 0.200446 0.006238
5 13 0.203981 0.200446 0.006238
5 14 0.204527 0.200446 0.006238
5 15 0.205072 0.200446 0.006238
5 16 0.201663 0.200446 0.006238
5 17 0.200300 0.200446 0.006238
5 18 0.201118 0.200446 0.006238
5 19 0.196209 0.200446 0.006238
5 20 0.192255 0.200446 0.006238
6 0 0.188301 0.200446 0.006238
6 1 0.193619 0.200446 0.006238
6 2 0.197709 0.200446 0.006238
6 3 0.199482 0.200446 0.006238
6 4 0.197982 0.200446 0.006238
6 5 0.200845 0.200446 0.006238
6 6 0.197028 0.200446 0.006238
6 7 0.195937 0.200446 0.006238
6 8 0.200436 0.200446 0.006238
6 9 0.203163 0.200446 0.006238
6 10 0.199755 0.200446 0.006238
6 11 0.203027 0.200446 0.006238
6 12 0.205072 0.200446 0.006238
6 13 0.206163 0.200446 0.006238
6 14 0.205209 0.200446 0.006238
6 15 0.204800 0.200446 0.006238
6 16 0.200709 0.200446 0.006238
6 17 0.200300 0.200446 0.006238
6 18 0.198664 0.200446 0.006238
6 19 0.194028 0.200446 0.006238
6 20 0.189801 0.200446 0.006238
7 0 0.188574 0.200446 0.006238
7 1 0.191573 0.200446 0.006238
7 2 0.196073 0.200446 0.006238
7 3 0.199073 0.200446 0.006238
7 4 0.199755 0.200446 0.006238
7 5 0.199482 0.200446 0.006238
7 6 0.197437 0.200446 0.006238
7 7 0.198664 0.200446 0.006238
7 8 0.200845 0.200446 0.006238
7 9 0.202073 0.200446 0.006238
7 10 0.200982 0.200446 0.006238
7 11 0.204663 0.200446 0.006238
7 12 0.205072 0.200446 0.006238
7 13 0.204936 0.200446 0.006238
7 14 0.203845 0.200446 0.006238
7 15 0.203845 0.200446 0.006238
7 16 0.201527 0.200446 0.006238
7 17 0.198936 0.200446 0.006238
7 18 0.199618 0.200446 0.006238
7 19 0.194028 0.200446 0.006238
7 20 0.189392 0.200446 0.006238
8 0 0.188301 0.200446 0.006238
8 1 0.193210 0.200446 0.006238
8 2 0.192255 0.200446 0.006238
8 3 0.196618 0.200446 0.006238
8 4 0.198936 0.200446 0.006238
8 5 0.197573 0.200446 0.006238
8 6 0.196073 0.200446 0.006238
8 7 0.198255 0.200446 0.006238
8 8 0.199346 0.200446 0.006238
8 9 0.201254 0.200446 0.006238
8 10 0.203300 0.200446 0.006238
8 11 0.203300 0.200446 0.006238
8 12 0.201663 0.200446 0.006238
8 13 0.202073 0.200446 0.006238
8 14 0.202891 0.200446 0.006238
8 15 0.202891 0.200446 0.006238
8 16 0.200709 0.200446 0.006238
8 17 0.202073 0.200446 0.006238
8 18 0.199209 0.200446 0.006238
8 19 0.195391 0.200446 0.006238
8 20 0.188710 0.200446 0.006238
9 0 0.190483 0.200446 0.006238
9 1 0.193755 0.200446 0.006238
9 2 0.194846 0.200446 0.006238
9 3 0.197437 0.200446 0.006238
9 4 0.200027 0.200446 0.006238
9 5 0.200027 0.200446 0.006238
9 6 0.196209 0.200446 0.006238
9 7 0.197573 0.200446 0.006238
9 8 0.200982 0.200446 0.006238
9 9 0.201527 0.200446 0.006238
9 10 0.201118 0.200446 0.006238
9 11 0.202073 0.200446 0.006238
9 12 0.199891 0.200446 0.006238
9 13 0.199755 0.200446 0.006238
9 14 0.204118 0.200446 0.006238
9 15 0.203572 0.200446 0.006238
9 16 0.203572 0.200446 0.006238
9 17 0.200709 0.200446 0.006238
9 18 0.197846 0.200446 0.006238
9 19 0.193755 0.200446 0.006238
9 20 0.187892 0.200446 0.006238
10 0 0.189256 0.200446 0.006238
10 1 0.194573 0.200446 0.006238
10 2 0.197709 0.200446 0.006238
10 3 0.198936 0.200446 0.006238
10 4 0.200845 0.200446 0.006238
10 5 0.201800 0.200446 0.006238
10 6 0.197573 0.200446 0.006238
10 7 0.198936 0.200446 0.006238
10 8 0.200164 0.200446 0.006238
10 9 0.200300 0.200446 0.006238
10 10 0.202345 0.200446 0.006238
10 11 0.203981 0.200446 0.006238
10 12 0.203027 0.200446 0.006238
10 13 0.204254 0.200446 0.006238
10 14 0.203027 0.200446 0.006238
10 15 0.206436 0.200446 0.006238
10 16 0.205890 0.200446 0.006238
10 17 0.202345 0.200446 0.006238
10 18 0.199346 0.200446 0.006238
10 19 0.193210 0.200446 0.006238
10 20 0.186528 0.200446 0.006238
11 0 0.191301 0.200446 0.006238
11 1 0.194846 0.200446 0.006238
11 2 0.197028 0.200446 0.006238
11 3 0.198255 0.200446 0.006238
11 4 0.199209 0.200446 0.006238
11 5 0.202891 0.200446 0.006238
11 6 0.200300 0.200446 0.006238
11 7 0.202209 0.200446 0.006238
11 8 0.204118 0.200446 0.006238
11 9 0.204527 0.200446 0.006238
11 10 0.204527 0.200446 0.006238
11 11 0.208481 0.200446 0.006238
11 12 0.205072 0.200446 0.006238
11 13 0.206436 0.200446 0.006238
11 14 0.205754 0.200446 0.006238
11 15 0.204663 0.200446 0.006238
11 16 0.205890 0.200446 0.006238
11 17 0.202891 0.200446 0.006238
11 18 0.200573 0.200446 0.006238
11 19 0.196209 0.200446 0.006238
11 20 0.185847 0.200446 0.006238
12 0 0.191710 0.200446 0.006238
12 1 0.195119 0.200446 0.006238
12 2 0.198255 0.200446 0.006238
12 3 0.200300 0.200446 0.006238
12 4 0.201118 0.200446 0.006238
12 5 0.202618 0.200446 0.006238
12 6 0.201391 0.200446 0.006238
12 7 0.203981 0.200446 0.006238
12 8 0.202482 0.200446 0.006238
12 9 0.205754 0.200446 0.006238
12 10 0.207799 0.200446 0.006238
12 11 0.209708 0.200446 0.006238
12 12 0.208208 0.200446 0.006238
12 13 0.207936 0.200446 0.006238
12 14 0.208208 0.200446 0.006238
12 15 0.205890 0.200446 0.006238
12 16 0.205345 0.200446 0.006238
12 17 0.205618 0.200446 0.006238
12 18 0.202482 0.200446 0.006238
12 19 0.197982 0.200446 0.006238
12 20 0.187347 0.200446 0.006238
13 0 0.191301 0.200446 0.006238
13 1 0.196346 0.200446 0.006238
13 2 0.199073 0.200446 0.006238
13 3 0.202754 0.200446 0.006238
13 4 0.204663 0.200446 0.006238
13 5 0.203300 0.200446 0.006238
13 6 0.201527 0.200446 0.006238
13 7 0.203572 0.200446 0.006238
13 8 0.203845 0.200446 0.006238
13 9 0.206163 0.200446 0.006238
13 10 0.208617 0.200446 0.006238
13 11 0.211617 0.200446 0.006238
13 12 0.210254 0.200446 0.006238
13 13 0.209708 0.200446 0.006238
13 14 0.208072 0.200446 0.006238
13 15 0.210799 0.200446 0.006238
13 16 0.208754 0.200446 0.006238
13 17 0.207254 0.200446 0.006238
13 18 0.201527 0.200446 0.006238
13 19 0.197437 0.200446 0.006238
13 20 0.186392 0.200446 0.006238
14 0 0.192937 0.200446 0.006238
14 1 0.197846 0.200446 0.006238
14 2 0.200436 0.200446 0.006238
14 3 0.205890 0.200446 0.006238
14 4 0.205209 0.200446 0.006238
14 5 0.206163 0.200446 0.006238
14 6 0.204118 0.200446 0.006238
14 7 0.206027 0.200446 0.006238
14 8 0.205345 0.200446 0.006238
14 9 0.206572 0.200446 0.006238
14 10 0.207663 0.200446 0.006238
14 11 0.210799 0.200446 0.006238
14 12 0.212163 0.200446 0.006238
14 13 0.209436 0.200446 0.006238
14 14 0.209981 0.200446 0.006238
14 15 0.210526 0.200446 0.006238
14 16 0.210117 0.200446 0.006238
14 17 0.208617 0.200446 0.006238
14 18 0.202754 0.200446 0.006238
14 19 0.197573 0.200446 0.006238
14 20 0.190210 0.200446 0.006238
15 0 0.192664 0.200446 0.006238
15 1 0.197300 0.200446 0.006238
15 2 0.204800 0.200446 0.006238
15 3 0.207254 0.200446 0.006238
15 4 0.208208 0.200446 0.006238
15 5 0.207118 0.200446 0.006238
15 6 0.205481 0.200446 0.006238
15 7 0.206845 0.200446 0.006238
15 8 0.205754 0.200446 0.006238
15 9 0.209299 0.200446 0.006238
15 10 0.208890 0.200446 0.006238
15 11 0.212708 0.200446 0.006238
15 12 0.213526 0.200446 0.006238
15 13 0.212844 0.200446 0.006238
15 14 0.211890 0.200446 0.006238
15 15 0.212844 0.200446 0.006238
15 16 0.211208 0.200446 0.006238
15 17 0.209163 0.200446 0.006238
15 18 0.205345 0.200446 0.006238
15 19 0.198800 0.200446 0.006238
15 20 0.192392 0.200446 0.006238
16 0 0.192392 0.200446 0.006238
16 1 0.196618 0.200446 0.006238
16 2 0.203436 0.200446 0.006238
16 3 0.205481 0.200446 0.006238
16 4 0.209572 0.200446 0.006238
16 5 0.208617 0.200446 0.006238
16 6 0.205209 0.200446 0.006238
16 7 0.204800 0.200446 0.006238
16 8 0.205345 0.200446 0.006238
16 9 0.206299 0.200446 0.006238
16 10 0.206845 0.200446 0.006238
16 11 0.210390 0.200446 0.006238
16 12 0.210526 0.200446 0.006238
16 13 0.212435 0.200446 0.006238
16 14 0.210254 0.200446 0.006238
16 15 0.211890 0.200446 0.006238
16 16 0.210663 0.200446 0.006238
16 17 0.206845 0.200446 0.006238
16 18 0.203845 0.200446 0.006238
16 19 0.198391 0.200446 0.006238
16 20 0.190892 0.200446 0.006238
17 0 0.191983 0.200446 0.006238
17 1 0.199073 0.200446 0.006238
17 2 0.203709 0.200446 0.006238
17 3 0.207799 0.200446 0.006238
17 4 0.207936 0.200446 0.006238
17 5 0.206436 0.200446 0.006238
17 6 0.201391 0.200446 0.006238
17 7 0.203163 0.200446 0.006238
17 8 0.204527 0.200446 0.006238
17 9 0.205209 0.200446 0.006238
17 10 0.204936 0.200446 0.006238
17 11 0.211072 0.200446 0.006238
17 12 0.209026 0.200446 0.006238
17 13 0.212572 0.200446 0.006238
17 14 0.211890 0.200446 0.006238
17 15 0.211208 0.200446 0.006238
17 16 0.211890 0.200446 0.006238
17 17 0.206163 0.200446 0.006238
17 18 0.201527 0.200446 0.006238
17 19 0.194437 0.200446 0.006238
17 20 0.186256 0.200446 0.006238
18 0 0.192664 0.200446 0.006238
18 1 0.197300 0.200446 0.006238
18 2 0.200982 0.200446 0.006238
18 3 0.204800 0.200446 0.006238
18 4 0.206027 0.200446 0.006238
18 5 0.206027 0.200446 0.006238
18 6 0.202482 0.200446 0.006238
18 7 0.201254 0.200446 0.006238
18 8 0.200709 0.200446 0.006238
18 9 0.203300 0.200446 0.006238
18 10 0.202209 0.200446 0.006238
18 11 0.207799 0.200446 0.006238
18 12 0.208617 0.200446 0.006238
18 13 0.211481 0.200446 0.006238
18 14 0.211208 0.200446 0.006238
18 15 0.209436 0.200446 0.006238
18 16 0.209981 0.200446 0.006238
18 17 0.204800 0.200446 0.006238
18 18 0.198391 0.200446 0.006238
18 19 0.191028 0.200446 0.006238
18 20 0.181756 0.200446 0.006238
19 0 0.191301 0.200446 0.006238
19 1 0.196209 0.200446 0.006238
19 2 0.199891 0.200446 0.006238
19 3 0.200027 0.200446 0.006238
19 4 0.202618 0.200446 0.006238
19 5 0.202618 0.200446 0.006238
19 6 0.200436 0.200446 0.006238
19 7 0.199209 0.200446 0.006238
19 8 0.196073 0.200446 0.006238
19 9 0.198391 0.200446 0.006238
19 10 0.200982 0.200446 0.006238
19 11 0.204663 0.200446 0.006238
19 12 0.204800 0.200446 0.006238
19 13 0.206027 0.200446 0.006238
19 14 0.206163 0.200446 0.006238
19 15 0.209026 0.200446 0.006238
19 16 0.205890 0.200446 0.006238
19 17 0.201254 0.200446 0.006238
19 18 0.194573 0.200446 0.006238
19 19 0.188165 0.200446 0.006238
19 20 0.179302 0.200446 0.006238
20 0 0.189256 0.200446 0.006238
20 1 0.192801 0.200446 0.006238
20 2 0.195528 0.200446 0.006238
20 3 0.196482 0.200446 0.006238
20 4 0.199346 0.200446 0.006238
20 5 0.196482 0.200446 0.006238
20 6 0.196482 0.200446 0.006238
20 7 0.193755 0.200446 0.006238
20 8 0.191846 0.200446 0.006238
20 9 0.195800 0.200446 0.006238
20 10 0.196209 0.200446 0.006238
20 11 0.197709 0.200446 0.006238
20 12 0.199073 0.200446 0.006238
20 13 0.201936 0.200446 0.006238
20 14 0.198936 0.200446 0.006238
20 15 0.199891 0.200446 0.006238
20 16 0.200164 0.200446 0.006238
20 17 0.193755 0.200446 0.006238
20 18 0.187892 0.200446 0.006238
20 19 0.181756 0.200446 0.006238
20 20 0.174666 0.200446 0.006238
