# contact distance = 32.0 Angstroms
# F = 0.4 kJ/mol

# i j contact_probability mean_contact_probability stddev_contact_probability
0 0 0.186019 0.206390 0.009998
0 1 0.184702 0.206390 0.009998
0 2 0.184308 0.206390 0.009998
0 3 0.183254 0.206390 0.009998
0 4 0.181016 0.206390 0.009998
0 5 0.182859 0.206390 0.009998
0 6 0.184571 0.206390 0.009998
0 7 0.187862 0.206390 0.009998
0 8 0.190363 0.206390 0.009998
0 9 0.191548 0.206390 0.009998
0 10 0.193128 0.206390 0.009998
0 11 0.194444 0.206390 0.009998
0 12 0.200500 0.206390 0.009998
0 13 0.201685 0.206390 0.009998
0 14 0.202738 0.206390 0.009998
0 15 0.203133 0.206390 0.009998
0 16 0.200105 0.206390 0.009998
0 17 0.197736 0.206390 0.009998
0 18 0.199447 0.206390 0.009998
0 19 0.197867 0.206390 0.009998
0 20 0.195366 0.206390 0.009998
1 0 0.184966 0.206390 0.009998
1 1 0.185229 0.206390 0.009998
1 2 0.187994 0.206390 0.009998
1 3 0.187467 0.206390 0.009998
1 4 0.186019 0.206390 0.009998
1 5 0.185492 0.206390 0.009998
1 6 0.187467 0.206390 0.009998
1 7 0.190627 0.206390 0.009998
1 8 0.195103 0.206390 0.009998
1 9 0.194181 0.206390 0.009998
1 10 0.196156 0.206390 0.009998
1 11 0.199579 0.206390 0.009998
1 12 0.204581 0.206390 0.009998
1 13 0.204581 0.206390 0.009998
1 14 0.205108 0.206390 0.009998
1 15 0.204186 0.206390 0.009998
1 16 0.203397 0.206390 0.009998
1 17 0.203265 0.206390 0.009998
1 18 0.203133 0.206390 0.009998
1 19 0.199974 0.206390 0.009998
1 20 0.196682 0.206390 0.009998
2 0 0.184966 0.206390 0.009998
2 1 0.185097 0.206390 0.009998
2 2 0.188652 0.206390 0.009998
2 3 0.189310 0.206390 0.009998
2 4 0.189310 0.206390 0.009998
2 5 0.186677 0.206390 0.009998
2 6 0.187467 0.206390 0.009998
2 7 0.194313 0.206390 0.009998
2 8 0.195498 0.206390 0.009998
2 9 0.195498 0.206390 0.009998
2 10 0.200105 0.206390 0.009998
2 11 0.202212 0.206390 0.009998
2 12 0.206424 0.206390 0.009998
2 13 0.206424 0.206390 0.009998
2 14 0.204318 0.206390 0.009998
2 15 0.207478 0.206390 0.009998
2 16 0.204976 0.206390 0.009998
2 17 0.204055 0.206390 0.009998
2 18 0.201027 0.206390 0.009998
2 19 0.200895 0.206390 0.009998
2 20 0.196946 0.206390 0.009998
3 0 0.184966 0.206390 0.009998
3 1 0.186677 0.206390 0.009998
3 2 0.186546 0.206390 0.009998
3 3 0.189310 0.206390 0.009998
3 4 0.191548 0.206390 0.009998
3 5 0.192338 0.206390 0.009998
3 6 0.191548 0.206390 0.009998
3 7 0.194049 0.206390 0.009998
3 8 0.196024 0.206390 0.009998
3 9 0.198262 0.206390 0.009998
3 10 0.201948 0.206390 0.009998
3 11 0.203791 0.206390 0.009998
3 12 0.206951 0.206390 0.009998
3 13 0.208794 0.206390 0.009998
3 14 0.210900 0.206390 0.009998
3 15 0.210769 0.206390 0.009998
3 16 0.207609 0.206390 0.009998
3 17 0.205635 0.206390 0.009998
3 18 0.202080 0.206390 0.009998
3 19 0.200632 0.206390 0.009998
3 20 0.198920 0.206390 0.009998
4 0 0.184176 0.206390 0.009998
4 1 0.186151 0.206390 0.009998
4 2 0.188520 0.206390 0.009998
4 3 0.192865 0.206390 0.009998
4 4 0.194839 0.206390 0.009998
4 5 0.194971 0.206390 0.009998
4 6 0.194049 0.206390 0.009998
4 7 0.194444 0.206390 0.009998
4 8 0.196551 0.206390 0.009998
4 9 0.197867 0.206390 0.009998
4 10 0.204581 0.206390 0.009998
4 11 0.205108 0.206390 0.009998
4 12 0.206293 0.206390 0.009998
4 13 0.206556 0.206390 0.009998
4 14 0.211295 0.206390 0.009998
4 15 0.212480 0.206390 0.009998
4 16 0.208531 0.206390 0.009998
4 17 0.205108 0.206390 0.009998
4 18 0.201685 0.206390 0.009998
4 19 0.201422 0.206390 0.009998
4 20 0.201553 0.206390 0.009998
5 0 0.183386 0.206390 0.009998
5 1 0.186546 0.206390 0.009998
5 2 0.189310 0.206390 0.009998
5 3 0.193391 0.206390 0.009998
5 4 0.197077 0.206390 0.009998
5 5 0.199447 0.206390 0.009998
5 6 0.198526 0.206390 0.009998
5 7 0.199052 0.206390 0.009998
5 8 0.200105 0.206390 0.009998
5 9 0.201685 0.206390 0.009998
5 10 0.207346 0.206390 0.009998
5 11 0.210374 0.206390 0.009998
5 12 0.211822 0.206390 0.009998
5 13 0.211032 0.206390 0.009998
5 14 0.215245 0.206390 0.009998
5 15 0.215771 0.206390 0.009998
5 16 0.211032 0.206390 0.009998
5 17 0.206951 0.206390 0.009998
5 18 0.203660 0.206390 0.009998
5 19 0.202738 0.206390 0.009998
5 20 0.201685 0.206390 0.009998
6 0 0.182333 0.206390 0.009998
6 1 0.187467 0.206390 0.009998
6 2 0.187599 0.206390 0.009998
6 3 0.193918 0.206390 0.009998
6 4 0.198394 0.206390 0.009998
6 5 0.202080 0.206390 0.009998
6 6 0.200632 0.206390 0.009998
6 7 0.202870 0.206390 0.009998
6 8 0.204318 0.206390 0.009998
6 9 0.205503 0.206390 0.009998
6 10 0.210242 0.206390 0.009998
6 11 0.213007 0.206390 0.009998
6 12 0.214060 0.206390 0.009998
6 13 0.212085 0.206390 0.009998
6 14 0.214850 0.206390 0.009998
6 15 0.215508 0.206390 0.009998
6 16 0.211822 0.206390 0.009998
6 17 0.209716 0.206390 0.009998
6 18 0.205898 0.206390 0.009998
6 19 0.204845 0.206390 0.009998
6 20 0.203397 0.206390 0.009998
7 0 0.186414 0.206390 0.009998
7 1 0.188125 0.206390 0.009998
7 2 0.189968 0.206390 0.009998
7 3 0.198920 0.206390 0.009998
7 4 0.203528 0.206390 0.009998
7 5 0.205503 0.206390 0.009998
7 6 0.205108 0.206390 0.009998
7 7 0.207214 0.206390 0.009998
7 8 0.207873 0.206390 0.009998
7 9 0.206819 0.206390 0.009998
7 10 0.210374 0.206390 0.009998
7 11 0.213402 0.206390 0.009998
7 12 0.214982 0.206390 0.009998
7 13 0.215640 0.206390 0.009998
7 14 0.214982 0.206390 0.009998
7 15 0.218404 0.206390 0.009998
7 16 0.212217 0.206390 0.009998
7 17 0.212875 0.206390 0.009998
7 18 0.210637 0.206390 0.009998
7 19 0.211032 0.206390 0.009998
7 20 0.207478 0.206390 0.009998
8 0 0.189179 0.206390 0.009998
8 1 0.190100 0.206390 0.009998
8 2 0.192470 0.206390 0.009998
8 3 0.198394 0.206390 0.009998
8 4 0.204450 0.206390 0.009998
8 5 0.205898 0.206390 0.009998
8 6 0.205635 0.206390 0.009998
8 7 0.208399 0.206390 0.009998
8 8 0.208794 0.206390 0.009998
8 9 0.208136 0.206390 0.009998
8 10 0.210374 0.206390 0.009998
8 11 0.212349 0.206390 0.009998
8 12 0.214323 0.206390 0.009998
8 13 0.219853 0.206390 0.009998
8 14 0.219721 0.206390 0.009998
8 15 0.219984 0.206390 0.009998
8 16 0.216561 0.206390 0.009998
8 17 0.213928 0.206390 0.009998
8 18 0.212217 0.206390 0.009998
8 19 0.211164 0.206390 0.009998
8 20 0.208926 0.206390 0.009998
9 0 0.191943 0.206390 0.009998
9 1 0.193523 0.206390 0.009998
9 2 0.197077 0.206390 0.009998
9 3 0.202080 0.206390 0.009998
9 4 0.204976 0.206390 0.009998
9 5 0.208926 0.206390 0.009998
9 6 0.207741 0.206390 0.009998
9 7 0.210506 0.206390 0.009998
9 8 0.208662 0.206390 0.009998
9 9 0.210111 0.206390 0.009998
9 10 0.210111 0.206390 0.009998
9 11 0.216693 0.206390 0.009998
9 12 0.218273 0.206390 0.009998
9 13 0.220116 0.206390 0.009998
9 14 0.219984 0.206390 0.009998
9 15 0.219721 0.206390 0.009998
9 16 0.217878 0.206390 0.009998
9 17 0.216035 0.206390 0.009998
9 18 0.213138 0.206390 0.009998
9 19 0.211559 0.206390 0.009998
9 20 0.209979 0.206390 0.009998
10 0 0.195234 0.206390 0.009998
10 1 0.195234 0.206390 0.009998
10 2 0.198526 0.206390 0.009998
10 3 0.202738 0.206390 0.009998
10 4 0.207478 0.206390 0.009998
10 5 0.209057 0.206390 0.009998
10 6 0.210111 0.206390 0.009998
10 7 0.211690 0.206390 0.009998
10 8 0.210111 0.206390 0.009998
10 9 0.210637 0.206390 0.009998
10 10 0.212480 0.206390 0.009998
10 11 0.218009 0.206390 0.009998
10 12 0.219063 0.206390 0.009998
10 13 0.222880 0.206390 0.009998
10 14 0.220247 0.206390 0.009998
10 15 0.220247 0.206390 0.009998
10 16 0.216825 0.206390 0.009998
10 17 0.216035 0.206390 0.009998
10 18 0.214850 0.206390 0.009998
10 19 0.213270 0.206390 0.009998
10 20 0.209321 0.206390 0.009998
11 0 0.197341 0.206390 0.009998
11 1 0.195761 0.206390 0.009998
11 2 0.199315 0.206390 0.009998
11 3 0.202738 0.206390 0.009998
11 4 0.207741 0.206390 0.009998
11 5 0.209716 0.206390 0.009998
11 6 0.213007 0.206390 0.009998
11 7 0.211164 0.206390 0.009998
11 8 0.211954 0.206390 0.009998
11 9 0.211295 0.206390 0.009998
11 10 0.214850 0.206390 0.009998
11 11 0.216430 0.206390 0.009998
11 12 0.217615 0.206390 0.009998
11 13 0.220774 0.206390 0.009998
11 14 0.220116 0.206390 0.009998
11 15 0.219589 0.206390 0.009998
11 16 0.216035 0.206390 0.009998
11 17 0.213665 0.206390 0.009998
11 18 0.214323 0.206390 0.009998
11 19 0.213928 0.206390 0.009998
11 20 0.211295 0.206390 0.009998
12 0 0.200764 0.206390 0.009998
12 1 0.203133 0.206390 0.009998
12 2 0.203397 0.206390 0.009998
12 3 0.208004 0.206390 0.009998
12 4 0.210111 0.206390 0.009998
12 5 0.214718 0.206390 0.009998
12 6 0.213270 0.206390 0.009998
12 7 0.214455 0.206390 0.009998
12 8 0.213797 0.206390 0.009998
12 9 0.213138 0.206390 0.009998
12 10 0.214982 0.206390 0.009998
12 11 0.219063 0.206390 0.009998
12 12 0.220906 0.206390 0.009998
12 13 0.220379 0.206390 0.009998
12 14 0.220906 0.206390 0.009998
12 15 0.221696 0.206390 0.009998
12 16 0.219458 0.206390 0.009998
12 17 0.214587 0.206390 0.009998
12 18 0.214060 0.206390 0.009998
12 19 0.213797 0.206390 0.009998
12 20 0.211690 0.206390 0.009998
13 0 0.200632 0.206390 0.009998
13 1 0.204845 0.206390 0.009998
13 2 0.208136 0.206390 0.009998
13 3 0.208794 0.206390 0.009998
13 4 0.211427 0.206390 0.009998
13 5 0.214718 0.206390 0.009998
13 6 0.214982 0.206390 0.009998
13 7 0.215508 0.206390 0.009998
13 8 0.216956 0.206390 0.009998
13 9 0.216430 0.206390 0.009998
13 10 0.215771 0.206390 0.009998
13 11 0.217088 0.206390 0.009998
13 12 0.220116 0.206390 0.009998
13 13 0.224065 0.206390 0.009998
13 14 0.222091 0.206390 0.009998
13 15 0.219984 0.206390 0.009998
13 16 0.217483 0.206390 0.009998
13 17 0.217746 0.206390 0.009998
13 18 0.216298 0.206390 0.009998
13 19 0.216561 0.206390 0.009998
13 20 0.212085 0.206390 0.009998
14 0 0.201159 0.206390 0.009998
14 1 0.204845 0.206390 0.009998
14 2 0.208531 0.206390 0.009998
14 3 0.208662 0.206390 0.009998
14 4 0.211427 0.206390 0.009998
14 5 0.212085 0.206390 0.009998
14 6 0.215771 0.206390 0.009998
14 7 0.218009 0.206390 0.009998
14 8 0.216430 0.206390 0.009998
14 9 0.217351 0.206390 0.009998
14 10 0.216298 0.206390 0.009998
14 11 0.217220 0.206390 0.009998
14 12 0.219721 0.206390 0.009998
14 13 0.220247 0.206390 0.009998
14 14 0.222222 0.206390 0.009998
14 15 0.219984 0.206390 0.009998
14 16 0.218799 0.206390 0.009998
14 17 0.216035 0.206390 0.009998
14 18 0.214850 0.206390 0.009998
14 19 0.215903 0.206390 0.009998
14 20 0.211427 0.206390 0.009998
15 0 0.202212 0.206390 0.009998
15 1 0.205766 0.206390 0.009998
15 2 0.208004 0.206390 0.009998
15 3 0.209057 0.206390 0.009998
15 4 0.210242 0.206390 0.009998
15 5 0.211295 0.206390 0.009998
15 6 0.215245 0.206390 0.009998
15 7 0.215771 0.206390 0.009998
15 8 0.215640 0.206390 0.009998
15 9 0.217746 0.206390 0.009998
15 10 0.216561 0.206390 0.009998
15 11 0.219721 0.206390 0.009998
15 12 0.221564 0.206390 0.009998
15 13 0.224065 0.206390 0.009998
15 14 0.223407 0.206390 0.009998
15 15 0.222749 0.206390 0.009998
15 16 0.219589 0.206390 0.009998
15 17 0.217088 0.206390 0.009998
15 18 0.214455 0.206390 0.009998
15 19 0.215113 0.206390 0.009998
15 20 0.210374 0.206390 0.009998
16 0 0.200369 0.206390 0.009998
16 1 0.202607 0.206390 0.009998
16 2 0.206029 0.206390 0.009998
16 3 0.209057 0.206390 0.009998
16 4 0.210242 0.206390 0.009998
16 5 0.211427 0.206390 0.009998
16 6 0.210242 0.206390 0.009998
16 7 0.212349 0.206390 0.009998
16 8 0.211295 0.206390 0.009998
16 9 0.214323 0.206390 0.009998
16 10 0.218404 0.206390 0.009998
16 11 0.218536 0.206390 0.009998
16 12 0.220774 0.206390 0.009998
16 13 0.223144 0.206390 0.009998
16 14 0.221696 0.206390 0.009998
16 15 0.220511 0.206390 0.009998
16 16 0.219194 0.206390 0.009998
16 17 0.215113 0.206390 0.009998
16 18 0.214850 0.206390 0.009998
16 19 0.210506 0.206390 0.009998
16 20 0.206819 0.206390 0.009998
17 0 0.196551 0.206390 0.009998
17 1 0.200105 0.206390 0.009998
17 2 0.203265 0.206390 0.009998
17 3 0.205898 0.206390 0.009998
17 4 0.208136 0.206390 0.009998
17 5 0.208268 0.206390 0.009998
17 6 0.210637 0.206390 0.009998
17 7 0.209584 0.206390 0.009998
17 8 0.210769 0.206390 0.009998
17 9 0.212349 0.206390 0.009998
17 10 0.214718 0.206390 0.009998
17 11 0.216166 0.206390 0.009998
17 12 0.217615 0.206390 0.009998
17 13 0.220379 0.206390 0.009998
17 14 0.222222 0.206390 0.009998
17 15 0.221301 0.206390 0.009998
17 16 0.219458 0.206390 0.009998
17 17 0.214718 0.206390 0.009998
17 18 0.212744 0.206390 0.009998
17 19 0.207741 0.206390 0.009998
17 20 0.205240 0.206390 0.009998
18 0 0.192733 0.206390 0.009998
18 1 0.197341 0.206390 0.009998
18 2 0.198920 0.206390 0.009998
18 3 0.202343 0.206390 0.009998
18 4 0.204055 0.206390 0.009998
18 5 0.205898 0.206390 0.009998
18 6 0.207214 0.206390 0.009998
18 7 0.204318 0.206390 0.009998
18 8 0.207083 0.206390 0.009998
18 9 0.212480 0.206390 0.009998
18 10 0.212875 0.206390 0.009998
18 11 0.213797 0.206390 0.009998
18 12 0.214850 0.206390 0.009998
18 13 0.216430 0.206390 0.009998
18 14 0.218536 0.206390 0.009998
18 15 0.220116 0.206390 0.009998
18 16 0.215903 0.206390 0.009998
18 17 0.213797 0.206390 0.009998
18 18 0.208794 0.206390 0.009998
18 19 0.206688 0.206390 0.009998
18 20 0.200105 0.206390 0.009998
19 0 0.194444 0.206390 0.009998
19 1 0.195366 0.206390 0.009998
19 2 0.196419 0.206390 0.009998
19 3 0.200632 0.206390 0.009998
19 4 0.202738 0.206390 0.009998
19 5 0.202870 0.206390 0.009998
19 6 0.202475 0.206390 0.009998
19 7 0.204186 0.206390 0.009998
19 8 0.205371 0.206390 0.009998
19 9 0.206293 0.206390 0.009998
19 10 0.210900 0.206390 0.009998
19 11 0.212612 0.206390 0.009998
19 12 0.213928 0.206390 0.009998
19 13 0.212744 0.206390 0.009998
19 14 0.215113 0.206390 0.009998
19 15 0.217088 0.206390 0.009998
19 16 0.214323 0.206390 0.009998
19 17 0.209057 0.206390 0.009998
19 18 0.206029 0.206390 0.009998
19 19 0.204318 0.206390 0.009998
19 20 0.197341 0.206390 0.009998
20 0 0.190100 0.206390 0.009998
20 1 0.191943 0.206390 0.009998
20 2 0.192075 0.206390 0.009998
20 3 0.196288 0.206390 0.009998
20 4 0.197867 0.206390 0.009998
20 5 0.199447 0.206390 0.009998
20 6 0.200500 0.206390 0.009998
20 7 0.201159 0.206390 0.009998
20 8 0.201290 0.206390 0.009998
20 9 0.202212 0.206390 0.009998
20 10 0.206161 0.206390 0.009998
20 11 0.207609 0.206390 0.009998
20 12 0.208399 0.206390 0.009998
20 13 0.207609 0.206390 0.009998
20 14 0.209321 0.206390 0.009998
20 15 0.210374 0.206390 0.009998
20 16 0.207214 0.206390 0.009998
20 17 0.203265 0.206390 0.009998
20 18 0.199974 0.206390 0.009998
20 19 0.200237 0.206390 0.009998
20 20 0.191811 0.206390 0.009998
