# contact distance = 32.0 Angstroms
# F = 0.4 kJ/mol

# i j contact_probability mean_contact_probability stddev_contact_probability
0 0 0.253313 0.261266 0.010887
0 1 0.255850 0.261266 0.010887
0 2 0.255850 0.261266 0.010887
0 3 0.256132 0.261266 0.010887
0 4 0.255709 0.261266 0.010887
0 5 0.255145 0.261266 0.010887
0 6 0.255991 0.261266 0.010887
0 7 0.255427 0.261266 0.010887
0 8 0.255991 0.261266 0.010887
0 9 0.254158 0.261266 0.010887
0 10 0.254299 0.261266 0.010887
0 11 0.251480 0.261266 0.010887
0 12 0.250493 0.261266 0.010887
0 13 0.247392 0.261266 0.010887
0 14 0.245701 0.261266 0.010887
0 15 0.239498 0.261266 0.010887
0 16 0.236961 0.261266 0.010887
0 17 0.235551 0.261266 0.010887
0 18 0.228926 0.261266 0.010887
0 19 0.221455 0.261266 0.010887
0 20 0.215675 0.261266 0.010887
1 0 0.255709 0.261266 0.010887
1 1 0.258387 0.261266 0.010887
1 2 0.260784 0.261266 0.010887
1 3 0.261348 0.261266 0.010887
1 4 0.262193 0.261266 0.010887
1 5 0.260079 0.261266 0.010887
1 6 0.261489 0.261266 0.010887
1 7 0.260925 0.261266 0.010887
1 8 0.262052 0.261266 0.010887
1 9 0.262334 0.261266 0.010887
1 10 0.260502 0.261266 0.010887
1 11 0.258669 0.261266 0.010887
1 12 0.255850 0.261266 0.010887
1 13 0.255709 0.261266 0.010887
1 14 0.252608 0.261266 0.010887
1 15 0.248238 0.261266 0.010887
1 16 0.244996 0.261266 0.010887
1 17 0.243445 0.261266 0.010887
1 18 0.237666 0.261266 0.010887
1 19 0.230195 0.261266 0.010887
1 20 0.227093 0.261266 0.010887
2 0 0.256696 0.261266 0.010887
2 1 0.261207 0.261266 0.010887
2 2 0.261630 0.261266 0.010887
2 3 0.263885 0.261266 0.010887
2 4 0.264449 0.261266 0.010887
2 5 0.266563 0.261266 0.010887
2 6 0.264449 0.261266 0.010887
2 7 0.265013 0.261266 0.010887
2 8 0.264731 0.261266 0.010887
2 9 0.266422 0.261266 0.010887
2 10 0.263462 0.261266 0.010887
2 11 0.260925 0.261266 0.010887
2 12 0.261207 0.261266 0.010887
2 13 0.258810 0.261266 0.010887
2 14 0.256978 0.261266 0.010887
2 15 0.254863 0.261266 0.010887
2 16 0.251762 0.261266 0.010887
2 17 0.247533 0.261266 0.010887
2 18 0.244150 0.261266 0.010887
2 19 0.240485 0.261266 0.010887
2 20 0.232027 0.261266 0.010887
3 0 0.256273 0.261266 0.010887
3 1 0.259515 0.261266 0.010887
3 2 0.259515 0.261266 0.010887
3 3 0.261911 0.261266 0.010887
3 4 0.263462 0.261266 0.010887
3 5 0.264026 0.261266 0.010887
3 6 0.265436 0.261266 0.010887
3 7 0.266140 0.261266 0.010887
3 8 0.266986 0.261266 0.010887
3 9 0.265295 0.261266 0.010887
3 10 0.264026 0.261266 0.010887
3 11 0.260925 0.261266 0.010887
3 12 0.260643 0.261266 0.010887
3 13 0.260643 0.261266 0.010887
3 14 0.259938 0.261266 0.010887
3 15 0.258528 0.261266 0.010887
3 16 0.256132 0.261266 0.010887
3 17 0.253313 0.261266 0.010887
3 18 0.247251 0.261266 0.010887
3 19 0.243727 0.261266 0.010887
3 20 0.235833 0.261266 0.010887
4 0 0.256555 0.261266 0.010887
4 1 0.259515 0.261266 0.010887
4 2 0.261207 0.261266 0.010887
4 3 0.261630 0.261266 0.010887
4 4 0.264308 0.261266 0.010887
4 5 0.265718 0.261266 0.010887
4 6 0.268537 0.261266 0.010887
4 7 0.266563 0.261266 0.010887
4 8 0.267691 0.261266 0.010887
4 9 0.265154 0.261266 0.010887
4 10 0.265295 0.261266 0.010887
4 11 0.264026 0.261266 0.010887
4 12 0.263321 0.261266 0.010887
4 13 0.261771 0.261266 0.010887
4 14 0.260643 0.261266 0.010887
4 15 0.259092 0.261266 0.010887
4 16 0.259233 0.261266 0.010887
4 17 0.257824 0.261266 0.010887
4 18 0.253595 0.261266 0.010887
4 19 0.248238 0.261266 0.010887
4 20 0.241049 0.261266 0.010887
5 0 0.253595 0.261266 0.010887
5 1 0.258387 0.261266 0.010887
5 2 0.259374 0.261266 0.010887
5 3 0.261630 0.261266 0.010887
5 4 0.263462 0.261266 0.010887
5 5 0.265718 0.261266 0.010887
5 6 0.267973 0.261266 0.010887
5 7 0.268960 0.261266 0.010887
5 8 0.268255 0.261266 0.010887
5 9 0.269665 0.261266 0.010887
5 10 0.266563 0.261266 0.010887
5 11 0.266986 0.261266 0.010887
5 12 0.264731 0.261266 0.010887
5 13 0.264167 0.261266 0.010887
5 14 0.261771 0.261266 0.010887
5 15 0.263321 0.261266 0.010887
5 16 0.262334 0.261266 0.010887
5 17 0.261630 0.261266 0.010887
5 18 0.258669 0.261266 0.010887
5 19 0.254581 0.261266 0.010887
5 20 0.247674 0.261266 0.010887
6 0 0.254017 0.261266 0.010887
6 1 0.257119 0.261266 0.010887
6 2 0.259374 0.261266 0.010887
6 3 0.260502 0.261266 0.010887
6 4 0.265013 0.261266 0.010887
6 5 0.267409 0.261266 0.010887
6 6 0.266845 0.261266 0.010887
6 7 0.267268 0.261266 0.010887
6 8 0.271638 0.261266 0.010887
6 9 0.272766 0.261266 0.010887
6 10 0.270369 0.261266 0.010887
6 11 0.268255 0.261266 0.010887
6 12 0.268396 0.261266 0.010887
6 13 0.266422 0.261266 0.010887
6 14 0.265154 0.261266 0.010887
6 15 0.265154 0.261266 0.010887
6 16 0.266281 0.261266 0.010887
6 17 0.266563 0.261266 0.010887
6 18 0.262052 0.261266 0.010887
6 19 0.256837 0.261266 0.010887
6 20 0.250775 0.261266 0.010887
7 0 0.253454 0.261266 0.010887
7 1 0.256555 0.261266 0.010887
7 2 0.258105 0.261266 0.010887
7 3 0.260643 0.261266 0.010887
7 4 0.263180 0.261266 0.010887
7 5 0.264731 0.261266 0.010887
7 6 0.268678 0.261266 0.010887
7 7 0.269665 0.261266 0.010887
7 8 0.275303 0.261266 0.010887
7 9 0.276431 0.261266 0.010887
7 10 0.276995 0.261266 0.010887
7 11 0.274598 0.261266 0.010887
7 12 0.271356 0.261266 0.010887
7 13 0.269805 0.261266 0.010887
7 14 0.269383 0.261266 0.010887
7 15 0.267550 0.261266 0.010887
7 16 0.268819 0.261266 0.010887
7 17 0.269383 0.261266 0.010887
7 18 0.264872 0.261266 0.010887
7 19 0.258246 0.261266 0.010887
7 20 0.251198 0.261266 0.010887
8 0 0.252326 0.261266 0.010887
8 1 0.255709 0.261266 0.010887
8 2 0.258810 0.261266 0.010887
8 3 0.260643 0.261266 0.010887
8 4 0.262334 0.261266 0.010887
8 5 0.263321 0.261266 0.010887
8 6 0.267127 0.261266 0.010887
8 7 0.269383 0.261266 0.010887
8 8 0.272343 0.261266 0.010887
8 9 0.275444 0.261266 0.010887
8 10 0.277277 0.261266 0.010887
8 11 0.276149 0.261266 0.010887
8 12 0.273471 0.261266 0.010887
8 13 0.273893 0.261266 0.010887
8 14 0.273752 0.261266 0.010887
8 15 0.271497 0.261266 0.010887
8 16 0.270510 0.261266 0.010887
8 17 0.273330 0.261266 0.010887
8 18 0.265858 0.261266 0.010887
8 19 0.260784 0.261266 0.010887
8 20 0.254722 0.261266 0.010887
9 0 0.249225 0.261266 0.010887
9 1 0.255709 0.261266 0.010887
9 2 0.258105 0.261266 0.010887
9 3 0.258387 0.261266 0.010887
9 4 0.260784 0.261266 0.010887
9 5 0.263603 0.261266 0.010887
9 6 0.266845 0.261266 0.010887
9 7 0.269665 0.261266 0.010887
9 8 0.272202 0.261266 0.010887
9 9 0.276431 0.261266 0.010887
9 10 0.276008 0.261266 0.010887
9 11 0.275303 0.261266 0.010887
9 12 0.274175 0.261266 0.010887
9 13 0.273048 0.261266 0.010887
9 14 0.274175 0.261266 0.010887
9 15 0.275303 0.261266 0.010887
9 16 0.276431 0.261266 0.010887
9 17 0.273189 0.261266 0.010887
9 18 0.268678 0.261266 0.010887
9 19 0.263744 0.261266 0.010887
9 20 0.255991 0.261266 0.010887
10 0 0.249084 0.261266 0.010887
10 1 0.253454 0.261266 0.010887
10 2 0.255427 0.261266 0.010887
10 3 0.259515 0.261266 0.010887
10 4 0.260220 0.261266 0.010887
10 5 0.264026 0.261266 0.010887
10 6 0.266986 0.261266 0.010887
10 7 0.270087 0.261266 0.010887
10 8 0.272907 0.261266 0.010887
10 9 0.275726 0.261266 0.010887
10 10 0.274316 0.261266 0.010887
10 11 0.274598 0.261266 0.010887
10 12 0.274316 0.261266 0.010887
10 13 0.272625 0.261266 0.010887
10 14 0.273189 0.261266 0.010887
10 15 0.275867 0.261266 0.010887
10 16 0.274880 0.261266 0.010887
10 17 0.271356 0.261266 0.010887
10 18 0.267973 0.261266 0.010887
10 19 0.264872 0.261266 0.010887
10 20 0.256132 0.261266 0.010887
11 0 0.249789 0.261266 0.010887
11 1 0.255991 0.261266 0.010887
11 2 0.260361 0.261266 0.010887
11 3 0.262898 0.261266 0.010887
11 4 0.261630 0.261266 0.010887
11 5 0.264167 0.261266 0.010887
11 6 0.266704 0.261266 0.010887
11 7 0.269242 0.261266 0.010887
11 8 0.271074 0.261266 0.010887
11 9 0.273471 0.261266 0.010887
11 10 0.274034 0.261266 0.010887
11 11 0.274175 0.261266 0.010887
11 12 0.274316 0.261266 0.010887
11 13 0.272484 0.261266 0.010887
11 14 0.272061 0.261266 0.010887
11 15 0.274598 0.261266 0.010887
11 16 0.275726 0.261266 0.010887
11 17 0.271779 0.261266 0.010887
11 18 0.271779 0.261266 0.010887
11 19 0.266140 0.261266 0.010887
11 20 0.258810 0.261266 0.010887
12 0 0.249366 0.261266 0.010887
12 1 0.255568 0.261266 0.010887
12 2 0.258105 0.261266 0.010887
12 3 0.261348 0.261266 0.010887
12 4 0.261771 0.261266 0.010887
12 5 0.262334 0.261266 0.010887
12 6 0.267127 0.261266 0.010887
12 7 0.267973 0.261266 0.010887
12 8 0.272061 0.261266 0.010887
12 9 0.274034 0.261266 0.010887
12 10 0.273752 0.261266 0.010887
12 11 0.274598 0.261266 0.010887
12 12 0.273612 0.261266 0.010887
12 13 0.274598 0.261266 0.010887
12 14 0.275162 0.261266 0.010887
12 15 0.275021 0.261266 0.010887
12 16 0.274739 0.261266 0.010887
12 17 0.273893 0.261266 0.010887
12 18 0.270228 0.261266 0.010887
12 19 0.265858 0.261266 0.010887
12 20 0.258528 0.261266 0.010887
13 0 0.246405 0.261266 0.010887
13 1 0.251621 0.261266 0.010887
13 2 0.257260 0.261266 0.010887
13 3 0.261066 0.261266 0.010887
13 4 0.263744 0.261266 0.010887
13 5 0.265295 0.261266 0.010887
13 6 0.269946 0.261266 0.010887
13 7 0.272343 0.261266 0.010887
13 8 0.272625 0.261266 0.010887
13 9 0.273752 0.261266 0.010887
13 10 0.272766 0.261266 0.010887
13 11 0.275021 0.261266 0.010887
13 12 0.271779 0.261266 0.010887
13 13 0.273612 0.261266 0.010887
13 14 0.272766 0.261266 0.010887
13 15 0.275867 0.261266 0.010887
13 16 0.276431 0.261266 0.010887
13 17 0.273048 0.261266 0.010887
13 18 0.271215 0.261266 0.010887
13 19 0.266704 0.261266 0.010887
13 20 0.258669 0.261266 0.010887
14 0 0.244291 0.261266 0.010887
14 1 0.249366 0.261266 0.010887
14 2 0.253172 0.261266 0.010887
14 3 0.255286 0.261266 0.010887
14 4 0.260079 0.261266 0.010887
14 5 0.264872 0.261266 0.010887
14 6 0.269665 0.261266 0.010887
14 7 0.270933 0.261266 0.010887
14 8 0.271779 0.261266 0.010887
14 9 0.270792 0.261266 0.010887
14 10 0.271779 0.261266 0.010887
14 11 0.272907 0.261266 0.010887
14 12 0.273048 0.261266 0.010887
14 13 0.275867 0.261266 0.010887
14 14 0.271779 0.261266 0.010887
14 15 0.271215 0.261266 0.010887
14 16 0.274457 0.261266 0.010887
14 17 0.273893 0.261266 0.010887
14 18 0.269524 0.261266 0.010887
14 19 0.262898 0.261266 0.010887
14 20 0.257401 0.261266 0.010887
15 0 0.241049 0.261266 0.010887
15 1 0.245842 0.261266 0.010887
15 2 0.250352 0.261266 0.010887
15 3 0.253595 0.261266 0.010887
15 4 0.255568 0.261266 0.010887
15 5 0.262757 0.261266 0.010887
15 6 0.268114 0.261266 0.010887
15 7 0.270228 0.261266 0.010887
15 8 0.272202 0.261266 0.010887
15 9 0.271638 0.261266 0.010887
15 10 0.271497 0.261266 0.010887
15 11 0.273893 0.261266 0.010887
15 12 0.275726 0.261266 0.010887
15 13 0.275444 0.261266 0.010887
15 14 0.274598 0.261266 0.010887
15 15 0.272484 0.261266 0.010887
15 16 0.273330 0.261266 0.010887
15 17 0.270510 0.261266 0.010887
15 18 0.268678 0.261266 0.010887
15 19 0.262616 0.261266 0.010887
15 20 0.255568 0.261266 0.010887
16 0 0.239357 0.261266 0.010887
16 1 0.244150 0.261266 0.010887
16 2 0.249648 0.261266 0.010887
16 3 0.249930 0.261266 0.010887
16 4 0.257260 0.261266 0.010887
16 5 0.262052 0.261266 0.010887
16 6 0.264026 0.261266 0.010887
16 7 0.268255 0.261266 0.010887
16 8 0.268960 0.261266 0.010887
16 9 0.268819 0.261266 0.010887
16 10 0.268255 0.261266 0.010887
16 11 0.270933 0.261266 0.010887
16 12 0.270369 0.261266 0.010887
16 13 0.271779 0.261266 0.010887
16 14 0.269805 0.261266 0.010887
16 15 0.269524 0.261266 0.010887
16 16 0.271356 0.261266 0.010887
16 17 0.268960 0.261266 0.010887
16 18 0.267691 0.261266 0.010887
16 19 0.261348 0.261266 0.010887
16 20 0.253736 0.261266 0.010887
17 0 0.234142 0.261266 0.010887
17 1 0.239921 0.261266 0.010887
17 2 0.244573 0.261266 0.010887
17 3 0.247956 0.261266 0.010887
17 4 0.254581 0.261266 0.010887
17 5 0.256414 0.261266 0.010887
17 6 0.262052 0.261266 0.010887
17 7 0.265858 0.261266 0.010887
17 8 0.266845 0.261266 0.010887
17 9 0.264872 0.261266 0.010887
17 10 0.266845 0.261266 0.010887
17 11 0.269383 0.261266 0.010887
17 12 0.268537 0.261266 0.010887
17 13 0.270651 0.261266 0.010887
17 14 0.268819 0.261266 0.010887
17 15 0.267409 0.261266 0.010887
17 16 0.268114 0.261266 0.010887
17 17 0.267832 0.261266 0.010887
17 18 0.265577 0.261266 0.010887
17 19 0.258105 0.261266 0.010887
17 20 0.252749 0.261266 0.010887
18 0 0.232027 0.261266 0.010887
18 1 0.237102 0.261266 0.010887
18 2 0.242317 0.261266 0.010887
18 3 0.244291 0.261266 0.010887
18 4 0.250916 0.261266 0.010887
18 5 0.253736 0.261266 0.010887
18 6 0.260361 0.261266 0.010887
18 7 0.262193 0.261266 0.010887
18 8 0.262475 0.261266 0.010887
18 9 0.264590 0.261266 0.010887
18 10 0.261911 0.261266 0.010887
18 11 0.261771 0.261266 0.010887
18 12 0.264590 0.261266 0.010887
18 13 0.267691 0.261266 0.010887
18 14 0.267832 0.261266 0.010887
18 15 0.265577 0.261266 0.010887
18 16 0.267973 0.261266 0.010887
18 17 0.265013 0.261266 0.010887
18 18 0.262616 0.261266 0.010887
18 19 0.256132 0.261266 0.010887
18 20 0.249084 0.261266 0.010887
19 0 0.227093 0.261266 0.010887
19 1 0.232309 0.261266 0.010887
19 2 0.239357 0.261266 0.010887
19 3 0.240626 0.261266 0.010887
19 4 0.247392 0.261266 0.010887
19 5 0.251480 0.261266 0.010887
19 6 0.254299 0.261266 0.010887
19 7 0.255004 0.261266 0.010887
19 8 0.260220 0.261266 0.010887
19 9 0.260643 0.261266 0.010887
19 10 0.260079 0.261266 0.010887
19 11 0.260220 0.261266 0.010887
19 12 0.260784 0.261266 0.010887
19 13 0.263180 0.261266 0.010887
19 14 0.263885 0.261266 0.010887
19 15 0.260643 0.261266 0.010887
19 16 0.262757 0.261266 0.010887
19 17 0.262193 0.261266 0.010887
19 18 0.258669 0.261266 0.010887
19 19 0.252044 0.261266 0.010887
19 20 0.245560 0.261266 0.010887
20 0 0.217931 0.261266 0.010887
20 1 0.229067 0.261266 0.010887
20 2 0.232591 0.261266 0.010887
20 3 0.237384 0.261266 0.010887
20 4 0.243727 0.261266 0.010887
20 5 0.246546 0.261266 0.010887
20 6 0.249225 0.261266 0.010887
20 7 0.252185 0.261266 0.010887
20 8 0.256132 0.261266 0.010887
20 9 0.256696 0.261266 0.010887
20 10 0.256414 0.261266 0.010887
20 11 0.258246 0.261266 0.010887
20 12 0.256978 0.261266 0.010887
20 13 0.258669 0.261266 0.010887
20 14 0.258528 0.261266 0.010887
20 15 0.256555 0.261266 0.010887
20 16 0.259374 0.261266 0.010887
20 17 0.259797 0.261266 0.010887
20 18 0.254158 0.261266 0.010887
20 19 0.241895 0.261266 0.010887
20 20 0.237807 0.261266 0.010887
