# contact distance = 32.0 Angstroms
# F = 0.4 kJ/mol

# i j contact_probability mean_contact_probability stddev_contact_probability
0 0 0.257669 0.246799 0.012858
0 1 0.254700 0.246799 0.012858
0 2 0.257273 0.246799 0.012858
0 3 0.257273 0.246799 0.012858
0 4 0.256085 0.246799 0.012858
0 5 0.254106 0.246799 0.012858
0 6 0.252325 0.246799 0.012858
0 7 0.248169 0.246799 0.012858
0 8 0.244211 0.246799 0.012858
0 9 0.244013 0.246799 0.012858
0 10 0.244409 0.246799 0.012858
0 11 0.241441 0.246799 0.012858
0 12 0.240253 0.246799 0.012858
0 13 0.236493 0.246799 0.012858
0 14 0.231941 0.246799 0.012858
0 15 0.226796 0.246799 0.012858
0 16 0.220463 0.246799 0.012858
0 17 0.214724 0.246799 0.012858
0 18 0.213537 0.246799 0.012858
0 19 0.209381 0.246799 0.012858
0 20 0.204235 0.246799 0.012858
1 0 0.258262 0.246799 0.012858
1 1 0.257273 0.246799 0.012858
1 2 0.257669 0.246799 0.012858
1 3 0.259450 0.246799 0.012858
1 4 0.258856 0.246799 0.012858
1 5 0.255294 0.246799 0.012858
1 6 0.256085 0.246799 0.012858
1 7 0.253315 0.246799 0.012858
1 8 0.250940 0.246799 0.012858
1 9 0.250346 0.246799 0.012858
1 10 0.248763 0.246799 0.012858
1 11 0.245201 0.246799 0.012858
1 12 0.246388 0.246799 0.012858
1 13 0.241243 0.246799 0.012858
1 14 0.239066 0.246799 0.012858
1 15 0.233327 0.246799 0.012858
1 16 0.227983 0.246799 0.012858
1 17 0.225411 0.246799 0.012858
1 18 0.218880 0.246799 0.012858
1 19 0.212151 0.246799 0.012858
1 20 0.207006 0.246799 0.012858
2 0 0.255294 0.246799 0.012858
2 1 0.257669 0.246799 0.012858
2 2 0.257669 0.246799 0.012858
2 3 0.258856 0.246799 0.012858
2 4 0.259648 0.246799 0.012858
2 5 0.257669 0.246799 0.012858
2 6 0.261429 0.246799 0.012858
2 7 0.255294 0.246799 0.012858
2 8 0.253513 0.246799 0.012858
2 9 0.253909 0.246799 0.012858
2 10 0.251732 0.246799 0.012858
2 11 0.251534 0.246799 0.012858
2 12 0.247972 0.246799 0.012858
2 13 0.244211 0.246799 0.012858
2 14 0.242430 0.246799 0.012858
2 15 0.236889 0.246799 0.012858
2 16 0.234910 0.246799 0.012858
2 17 0.230160 0.246799 0.012858
2 18 0.224619 0.246799 0.012858
2 19 0.215713 0.246799 0.012858
2 20 0.213141 0.246799 0.012858
3 0 0.252919 0.246799 0.012858
3 1 0.254106 0.246799 0.012858
3 2 0.256679 0.246799 0.012858
3 3 0.255690 0.246799 0.012858
3 4 0.258460 0.246799 0.012858
3 5 0.257273 0.246799 0.012858
3 6 0.260044 0.246799 0.012858
3 7 0.256679 0.246799 0.012858
3 8 0.254898 0.246799 0.012858
3 9 0.254304 0.246799 0.012858
3 10 0.255294 0.246799 0.012858
3 11 0.254502 0.246799 0.012858
3 12 0.250940 0.246799 0.012858
3 13 0.247180 0.246799 0.012858
3 14 0.247576 0.246799 0.012858
3 15 0.242034 0.246799 0.012858
3 16 0.239462 0.246799 0.012858
3 17 0.235108 0.246799 0.012858
3 18 0.229369 0.246799 0.012858
3 19 0.224025 0.246799 0.012858
3 20 0.220067 0.246799 0.012858
4 0 0.251138 0.246799 0.012858
4 1 0.253117 0.246799 0.012858
4 2 0.254304 0.246799 0.012858
4 3 0.255492 0.246799 0.012858
4 4 0.257075 0.246799 0.012858
4 5 0.256679 0.246799 0.012858
4 6 0.259054 0.246799 0.012858
4 7 0.257867 0.246799 0.012858
4 8 0.256085 0.246799 0.012858
4 9 0.257273 0.246799 0.012858
4 10 0.258460 0.246799 0.012858
4 11 0.257867 0.246799 0.012858
4 12 0.254106 0.246799 0.012858
4 13 0.252127 0.246799 0.012858
4 14 0.251732 0.246799 0.012858
4 15 0.248763 0.246799 0.012858
4 16 0.244607 0.246799 0.012858
4 17 0.239264 0.246799 0.012858
4 18 0.237087 0.246799 0.012858
4 19 0.229962 0.246799 0.012858
4 20 0.224025 0.246799 0.012858
5 0 0.250148 0.246799 0.012858
5 1 0.251732 0.246799 0.012858
5 2 0.252721 0.246799 0.012858
5 3 0.253711 0.246799 0.012858
5 4 0.255096 0.246799 0.012858
5 5 0.255888 0.246799 0.012858
5 6 0.257669 0.246799 0.012858
5 7 0.255888 0.246799 0.012858
5 8 0.260044 0.246799 0.012858
5 9 0.261627 0.246799 0.012858
5 10 0.259054 0.246799 0.012858
5 11 0.258065 0.246799 0.012858
5 12 0.255690 0.246799 0.012858
5 13 0.253117 0.246799 0.012858
5 14 0.252721 0.246799 0.012858
5 15 0.249555 0.246799 0.012858
5 16 0.250742 0.246799 0.012858
5 17 0.246784 0.246799 0.012858
5 18 0.240451 0.246799 0.012858
5 19 0.236889 0.246799 0.012858
5 20 0.229962 0.246799 0.012858
6 0 0.247576 0.246799 0.012858
6 1 0.247180 0.246799 0.012858
6 2 0.251534 0.246799 0.012858
6 3 0.250148 0.246799 0.012858
6 4 0.254700 0.246799 0.012858
6 5 0.258262 0.246799 0.012858
6 6 0.261429 0.246799 0.012858
6 7 0.260241 0.246799 0.012858
6 8 0.259648 0.246799 0.012858
6 9 0.262023 0.246799 0.012858
6 10 0.259252 0.246799 0.012858
6 11 0.258856 0.246799 0.012858
6 12 0.260241 0.246799 0.012858
6 13 0.255096 0.246799 0.012858
6 14 0.255690 0.246799 0.012858
6 15 0.253315 0.246799 0.012858
6 16 0.251534 0.246799 0.012858
6 17 0.248565 0.246799 0.012858
6 18 0.240847 0.246799 0.012858
6 19 0.239264 0.246799 0.012858
6 20 0.235504 0.246799 0.012858
7 0 0.246388 0.246799 0.012858
7 1 0.245597 0.246799 0.012858
7 2 0.245992 0.246799 0.012858
7 3 0.250346 0.246799 0.012858
7 4 0.253117 0.246799 0.012858
7 5 0.256679 0.246799 0.012858
7 6 0.260241 0.246799 0.012858
7 7 0.260044 0.246799 0.012858
7 8 0.260835 0.246799 0.012858
7 9 0.258262 0.246799 0.012858
7 10 0.260044 0.246799 0.012858
7 11 0.260439 0.246799 0.012858
7 12 0.258658 0.246799 0.012858
7 13 0.255690 0.246799 0.012858
7 14 0.256085 0.246799 0.012858
7 15 0.255294 0.246799 0.012858
7 16 0.252523 0.246799 0.012858
7 17 0.248961 0.246799 0.012858
7 18 0.244805 0.246799 0.012858
7 19 0.240055 0.246799 0.012858
7 20 0.236493 0.246799 0.012858
8 0 0.242430 0.246799 0.012858
8 1 0.243222 0.246799 0.012858
8 2 0.245795 0.246799 0.012858
8 3 0.248961 0.246799 0.012858
8 4 0.254304 0.246799 0.012858
8 5 0.258262 0.246799 0.012858
8 6 0.260439 0.246799 0.012858
8 7 0.259648 0.246799 0.012858
8 8 0.261825 0.246799 0.012858
8 9 0.263012 0.246799 0.012858
8 10 0.261429 0.246799 0.012858
8 11 0.264793 0.246799 0.012858
8 12 0.259648 0.246799 0.012858
8 13 0.257273 0.246799 0.012858
8 14 0.257273 0.246799 0.012858
8 15 0.253117 0.246799 0.012858
8 16 0.251138 0.246799 0.012858
8 17 0.248367 0.246799 0.012858
8 18 0.244211 0.246799 0.012858
8 19 0.241243 0.246799 0.012858
8 20 0.234514 0.246799 0.012858
9 0 0.237681 0.246799 0.012858
9 1 0.241243 0.246799 0.012858
9 2 0.246388 0.246799 0.012858
9 3 0.248565 0.246799 0.012858
9 4 0.255690 0.246799 0.012858
9 5 0.258658 0.246799 0.012858
9 6 0.262616 0.246799 0.012858
9 7 0.258262 0.246799 0.012858
9 8 0.260835 0.246799 0.012858
9 9 0.260835 0.246799 0.012858
9 10 0.261627 0.246799 0.012858
9 11 0.263210 0.246799 0.012858
9 12 0.261231 0.246799 0.012858
9 13 0.258856 0.246799 0.012858
9 14 0.259450 0.246799 0.012858
9 15 0.254106 0.246799 0.012858
9 16 0.252721 0.246799 0.012858
9 17 0.247576 0.246799 0.012858
9 18 0.245201 0.246799 0.012858
9 19 0.239660 0.246799 0.012858
9 20 0.237483 0.246799 0.012858
10 0 0.236889 0.246799 0.012858
10 1 0.241243 0.246799 0.012858
10 2 0.244607 0.246799 0.012858
10 3 0.248169 0.246799 0.012858
10 4 0.252919 0.246799 0.012858
10 5 0.255096 0.246799 0.012858
10 6 0.260835 0.246799 0.012858
10 7 0.259648 0.246799 0.012858
10 8 0.261033 0.246799 0.012858
10 9 0.261033 0.246799 0.012858
10 10 0.261627 0.246799 0.012858
10 11 0.264793 0.246799 0.012858
10 12 0.262616 0.246799 0.012858
10 13 0.258460 0.246799 0.012858
10 14 0.258065 0.246799 0.012858
10 15 0.254304 0.246799 0.012858
10 16 0.252721 0.246799 0.012858
10 17 0.246586 0.246799 0.012858
10 18 0.242232 0.246799 0.012858
10 19 0.236889 0.246799 0.012858
10 20 0.232535 0.246799 0.012858
11 0 0.235306 0.246799 0.012858
11 1 0.242034 0.246799 0.012858
11 2 0.241441 0.246799 0.012858
11 3 0.245201 0.246799 0.012858
11 4 0.250346 0.246799 0.012858
11 5 0.252523 0.246799 0.012858
11 6 0.259450 0.246799 0.012858
11 7 0.262023 0.246799 0.012858
11 8 0.261825 0.246799 0.012858
11 9 0.260241 0.246799 0.012858
11 10 0.263408 0.246799 0.012858
11 11 0.263012 0.246799 0.012858
11 12 0.262814 0.246799 0.012858
11 13 0.259054 0.246799 0.012858
11 14 0.257273 0.246799 0.012858
11 15 0.254502 0.246799 0.012858
11 16 0.251534 0.246799 0.012858
11 17 0.246190 0.246799 0.012858
11 18 0.243222 0.246799 0.012858
11 19 0.235899 0.246799 0.012858
11 20 0.233129 0.246799 0.012858
12 0 0.235899 0.246799 0.012858
12 1 0.240055 0.246799 0.012858
12 2 0.243024 0.246799 0.012858
12 3 0.249555 0.246799 0.012858
12 4 0.255294 0.246799 0.012858
12 5 0.254700 0.246799 0.012858
12 6 0.257669 0.246799 0.012858
12 7 0.259846 0.246799 0.012858
12 8 0.263408 0.246799 0.012858
12 9 0.264397 0.246799 0.012858
12 10 0.264397 0.246799 0.012858
12 11 0.263210 0.246799 0.012858
12 12 0.262616 0.246799 0.012858
12 13 0.258460 0.246799 0.012858
12 14 0.255690 0.246799 0.012858
12 15 0.256283 0.246799 0.012858
12 16 0.253909 0.246799 0.012858
12 17 0.250346 0.246799 0.012858
12 18 0.245003 0.246799 0.012858
12 19 0.241837 0.246799 0.012858
12 20 0.237681 0.246799 0.012858
13 0 0.235899 0.246799 0.012858
13 1 0.241045 0.246799 0.012858
13 2 0.242628 0.246799 0.012858
13 3 0.246586 0.246799 0.012858
13 4 0.250742 0.246799 0.012858
13 5 0.256481 0.246799 0.012858
13 6 0.258262 0.246799 0.012858
13 7 0.257471 0.246799 0.012858
13 8 0.260637 0.246799 0.012858
13 9 0.264595 0.246799 0.012858
13 10 0.263804 0.246799 0.012858
13 11 0.262814 0.246799 0.012858
13 12 0.261627 0.246799 0.012858
13 13 0.259648 0.246799 0.012858
13 14 0.257273 0.246799 0.012858
13 15 0.256877 0.246799 0.012858
13 16 0.255690 0.246799 0.012858
13 17 0.252127 0.246799 0.012858
13 18 0.245399 0.246799 0.012858
13 19 0.243222 0.246799 0.012858
13 20 0.240055 0.246799 0.012858
14 0 0.232733 0.246799 0.012858
14 1 0.237087 0.246799 0.012858
14 2 0.239462 0.246799 0.012858
14 3 0.243816 0.246799 0.012858
14 4 0.251336 0.246799 0.012858
14 5 0.254502 0.246799 0.012858
14 6 0.254106 0.246799 0.012858
14 7 0.257471 0.246799 0.012858
14 8 0.259450 0.246799 0.012858
14 9 0.261231 0.246799 0.012858
14 10 0.261429 0.246799 0.012858
14 11 0.262220 0.246799 0.012858
14 12 0.259450 0.246799 0.012858
14 13 0.258262 0.246799 0.012858
14 14 0.255294 0.246799 0.012858
14 15 0.254898 0.246799 0.012858
14 16 0.254898 0.246799 0.012858
14 17 0.250940 0.246799 0.012858
14 18 0.246586 0.246799 0.012858
14 19 0.241243 0.246799 0.012858
14 20 0.238670 0.246799 0.012858
15 0 0.230556 0.246799 0.012858
15 1 0.233920 0.246799 0.012858
15 2 0.236493 0.246799 0.012858
15 3 0.241441 0.246799 0.012858
15 4 0.247576 0.246799 0.012858
15 5 0.251930 0.246799 0.012858
15 6 0.253513 0.246799 0.012858
15 7 0.252919 0.246799 0.012858
15 8 0.254304 0.246799 0.012858
15 9 0.254304 0.246799 0.012858
15 10 0.255294 0.246799 0.012858
15 11 0.257471 0.246799 0.012858
15 12 0.255492 0.246799 0.012858
15 13 0.253315 0.246799 0.012858
15 14 0.251732 0.246799 0.012858
15 15 0.252721 0.246799 0.012858
15 16 0.251732 0.246799 0.012858
15 17 0.248367 0.246799 0.012858
15 18 0.244607 0.246799 0.012858
15 19 0.237681 0.246799 0.012858
15 20 0.235306 0.246799 0.012858
16 0 0.222838 0.246799 0.012858
16 1 0.226796 0.246799 0.012858
16 2 0.231744 0.246799 0.012858
16 3 0.236691 0.246799 0.012858
16 4 0.243024 0.246799 0.012858
16 5 0.247972 0.246799 0.012858
16 6 0.248367 0.246799 0.012858
16 7 0.251138 0.246799 0.012858
16 8 0.252127 0.246799 0.012858
16 9 0.252325 0.246799 0.012858
16 10 0.254106 0.246799 0.012858
16 11 0.254106 0.246799 0.012858
16 12 0.253513 0.246799 0.012858
16 13 0.250742 0.246799 0.012858
16 14 0.251732 0.246799 0.012858
16 15 0.249159 0.246799 0.012858
16 16 0.245003 0.246799 0.012858
16 17 0.242232 0.246799 0.012858
16 18 0.239264 0.246799 0.012858
16 19 0.235306 0.246799 0.012858
16 20 0.227983 0.246799 0.012858
17 0 0.218088 0.246799 0.012858
17 1 0.225411 0.246799 0.012858
17 2 0.227785 0.246799 0.012858
17 3 0.235899 0.246799 0.012858
17 4 0.243420 0.246799 0.012858
17 5 0.245992 0.246799 0.012858
17 6 0.248565 0.246799 0.012858
17 7 0.251336 0.246799 0.012858
17 8 0.252325 0.246799 0.012858
17 9 0.252919 0.246799 0.012858
17 10 0.252523 0.246799 0.012858
17 11 0.251336 0.246799 0.012858
17 12 0.252127 0.246799 0.012858
17 13 0.251138 0.246799 0.012858
17 14 0.251138 0.246799 0.012858
17 15 0.251138 0.246799 0.012858
17 16 0.244211 0.246799 0.012858
17 17 0.237681 0.246799 0.012858
17 18 0.237285 0.246799 0.012858
17 19 0.230952 0.246799 0.012858
17 20 0.221255 0.246799 0.012858
18 0 0.215318 0.246799 0.012858
18 1 0.221651 0.246799 0.012858
18 2 0.226400 0.246799 0.012858
18 3 0.230952 0.246799 0.012858
18 4 0.238868 0.246799 0.012858
18 5 0.243024 0.246799 0.012858
18 6 0.243024 0.246799 0.012858
18 7 0.248565 0.246799 0.012858
18 8 0.248367 0.246799 0.012858
18 9 0.249555 0.246799 0.012858
18 10 0.248565 0.246799 0.012858
18 11 0.251930 0.246799 0.012858
18 12 0.248961 0.246799 0.012858
18 13 0.245597 0.246799 0.012858
18 14 0.247576 0.246799 0.012858
18 15 0.247180 0.246799 0.012858
18 16 0.242232 0.246799 0.012858
18 17 0.238076 0.246799 0.012858
18 18 0.234514 0.246799 0.012858
18 19 0.228181 0.246799 0.012858
18 20 0.216505 0.246799 0.012858
19 0 0.207995 0.246799 0.012858
19 1 0.214328 0.246799 0.012858
19 2 0.218484 0.246799 0.012858
19 3 0.227785 0.246799 0.012858
19 4 0.235899 0.246799 0.012858
19 5 0.239462 0.246799 0.012858
19 6 0.240847 0.246799 0.012858
19 7 0.245992 0.246799 0.012858
19 8 0.247378 0.246799 0.012858
19 9 0.245597 0.246799 0.012858
19 10 0.244607 0.246799 0.012858
19 11 0.247576 0.246799 0.012858
19 12 0.244211 0.246799 0.012858
19 13 0.242034 0.246799 0.012858
19 14 0.238274 0.246799 0.012858
19 15 0.238274 0.246799 0.012858
19 16 0.234514 0.246799 0.012858
19 17 0.229962 0.246799 0.012858
19 18 0.227390 0.246799 0.012858
19 19 0.221453 0.246799 0.012858
19 20 0.213932 0.246799 0.012858
20 0 0.198694 0.246799 0.012858
20 1 0.205027 0.246799 0.012858
20 2 0.214526 0.246799 0.012858
20 3 0.221848 0.246799 0.012858
20 4 0.226202 0.246799 0.012858
20 5 0.232931 0.246799 0.012858
20 6 0.235899 0.246799 0.012858
20 7 0.241639 0.246799 0.012858
20 8 0.241243 0.246799 0.012858
20 9 0.242826 0.246799 0.012858
20 10 0.243618 0.246799 0.012858
20 11 0.241639 0.246799 0.012858
20 12 0.241441 0.246799 0.012858
20 13 0.235306 0.246799 0.012858
20 14 0.232733 0.246799 0.012858
20 15 0.230556 0.246799 0.012858
20 16 0.227983 0.246799 0.012858
20 17 0.220661 0.246799 0.012858
20 18 0.219671 0.246799 0.012858
20 19 0.214922 0.246799 0.012858
20 20 0.207599 0.246799 0.012858
