# contact distance = 32.0 Angstroms
# F = 0.4 kJ/mol

# i j contact_probability mean_contact_probability stddev_contact_probability
0 0 0.215880 0.217643 0.006450
0 1 0.218075 0.217643 0.006450
0 2 0.217709 0.217643 0.006450
0 3 0.217709 0.217643 0.006450
0 4 0.215880 0.217643 0.006450
0 5 0.215270 0.217643 0.006450
0 6 0.214782 0.217643 0.006450
0 7 0.212343 0.217643 0.006450
0 8 0.212465 0.217643 0.006450
0 9 0.214050 0.217643 0.006450
0 10 0.214904 0.217643 0.006450
0 11 0.215270 0.217643 0.006450
0 12 0.214904 0.217643 0.006450
0 13 0.216002 0.217643 0.006450
0 14 0.215880 0.217643 0.006450
0 15 0.215758 0.217643 0.006450
0 16 0.211733 0.217643 0.006450
0 17 0.208074 0.217643 0.006450
0 18 0.207586 0.217643 0.006450
0 19 0.206123 0.217643 0.006450
0 20 0.201976 0.217643 0.006450
1 0 0.220271 0.217643 0.006450
1 1 0.223564 0.217643 0.006450
1 2 0.223808 0.217643 0.006450
1 3 0.223930 0.217643 0.006450
1 4 0.220515 0.217643 0.006450
1 5 0.220637 0.217643 0.006450
1 6 0.222344 0.217643 0.006450
1 7 0.218563 0.217643 0.006450
1 8 0.217344 0.217643 0.006450
1 9 0.218807 0.217643 0.006450
1 10 0.219905 0.217643 0.006450
1 11 0.220149 0.217643 0.006450
1 12 0.222222 0.217643 0.006450
1 13 0.222588 0.217643 0.006450
1 14 0.221612 0.217643 0.006450
1 15 0.218685 0.217643 0.006450
1 16 0.219051 0.217643 0.006450
1 17 0.214782 0.217643 0.006450
1 18 0.214782 0.217643 0.006450
1 19 0.211489 0.217643 0.006450
1 20 0.206611 0.217643 0.006450
2 0 0.221003 0.217643 0.006450
2 1 0.224540 0.217643 0.006450
2 2 0.225637 0.217643 0.006450
2 3 0.225881 0.217643 0.006450
2 4 0.225027 0.217643 0.006450
2 5 0.222588 0.217643 0.006450
2 6 0.221734 0.217643 0.006450
2 7 0.223198 0.217643 0.006450
2 8 0.222344 0.217643 0.006450
2 9 0.222466 0.217643 0.006450
2 10 0.223076 0.217643 0.006450
2 11 0.224784 0.217643 0.006450
2 12 0.223564 0.217643 0.006450
2 13 0.225637 0.217643 0.006450
2 14 0.225637 0.217643 0.006450
2 15 0.222466 0.217643 0.006450
2 16 0.220637 0.217643 0.006450
2 17 0.218563 0.217643 0.006450
2 18 0.218807 0.217643 0.006450
2 19 0.214782 0.217643 0.006450
2 20 0.211611 0.217643 0.006450
3 0 0.217953 0.217643 0.006450
3 1 0.224662 0.217643 0.006450
3 2 0.227955 0.217643 0.006450
3 3 0.225881 0.217643 0.006450
3 4 0.226125 0.217643 0.006450
3 5 0.224296 0.217643 0.006450
3 6 0.220027 0.217643 0.006450
3 7 0.219783 0.217643 0.006450
3 8 0.220515 0.217643 0.006450
3 9 0.223076 0.217643 0.006450
3 10 0.223076 0.217643 0.006450
3 11 0.226369 0.217643 0.006450
3 12 0.227101 0.217643 0.006450
3 13 0.226247 0.217643 0.006450
3 14 0.226125 0.217643 0.006450
3 15 0.221856 0.217643 0.006450
3 16 0.219539 0.217643 0.006450
3 17 0.219417 0.217643 0.006450
3 18 0.217953 0.217643 0.006450
3 19 0.215514 0.217643 0.006450
3 20 0.209660 0.217643 0.006450
4 0 0.215026 0.217643 0.006450
4 1 0.219661 0.217643 0.006450
4 2 0.223808 0.217643 0.006450
4 3 0.224905 0.217643 0.006450
4 4 0.226003 0.217643 0.006450
4 5 0.223320 0.217643 0.006450
4 6 0.221246 0.217643 0.006450
4 7 0.218319 0.217643 0.006450
4 8 0.221246 0.217643 0.006450
4 9 0.222588 0.217643 0.006450
4 10 0.223442 0.217643 0.006450
4 11 0.226125 0.217643 0.006450
4 12 0.226735 0.217643 0.006450
4 13 0.226735 0.217643 0.006450
4 14 0.224784 0.217643 0.006450
4 15 0.221978 0.217643 0.006450
4 16 0.221856 0.217643 0.006450
4 17 0.219905 0.217643 0.006450
4 18 0.219539 0.217643 0.006450
4 19 0.216124 0.217643 0.006450
4 20 0.213441 0.217643 0.006450
5 0 0.211977 0.217643 0.006450
5 1 0.218197 0.217643 0.006450
5 2 0.220149 0.217643 0.006450
5 3 0.223076 0.217643 0.006450
5 4 0.222710 0.217643 0.006450
5 5 0.222100 0.217643 0.006450
5 6 0.221003 0.217643 0.006450
5 7 0.218807 0.217643 0.006450
5 8 0.220637 0.217643 0.006450
5 9 0.221368 0.217643 0.006450
5 10 0.221003 0.217643 0.006450
5 11 0.223320 0.217643 0.006450
5 12 0.226491 0.217643 0.006450
5 13 0.227467 0.217643 0.006450
5 14 0.224905 0.217643 0.006450
5 15 0.222222 0.217643 0.006450
5 16 0.219783 0.217643 0.006450
5 17 0.220271 0.217643 0.006450
5 18 0.219051 0.217643 0.006450
5 19 0.214904 0.217643 0.006450
5 20 0.211855 0.217643 0.006450
6 0 0.207220 0.217643 0.006450
6 1 0.214904 0.217643 0.006450
6 2 0.219173 0.217643 0.006450
6 3 0.220149 0.217643 0.006450
6 4 0.221612 0.217643 0.006450
6 5 0.221490 0.217643 0.006450
6 6 0.221368 0.217643 0.006450
6 7 0.218319 0.217643 0.006450
6 8 0.218075 0.217643 0.006450
6 9 0.219173 0.217643 0.006450
6 10 0.219661 0.217643 0.006450
6 11 0.224052 0.217643 0.006450
6 12 0.225637 0.217643 0.006450
6 13 0.227955 0.217643 0.006450
6 14 0.225881 0.217643 0.006450
6 15 0.223686 0.217643 0.006450
6 16 0.221246 0.217643 0.006450
6 17 0.219905 0.217643 0.006450
6 18 0.219539 0.217643 0.006450
6 19 0.216124 0.217643 0.006450
6 20 0.213197 0.217643 0.006450
7 0 0.207830 0.217643 0.006450
7 1 0.213807 0.217643 0.006450
7 2 0.215148 0.217643 0.006450
7 3 0.218563 0.217643 0.006450
7 4 0.217588 0.217643 0.006450
7 5 0.220271 0.217643 0.006450
7 6 0.220515 0.217643 0.006450
7 7 0.217466 0.217643 0.006450
7 8 0.218197 0.217643 0.006450
7 9 0.216734 0.217643 0.006450
7 10 0.219051 0.217643 0.006450
7 11 0.221612 0.217643 0.006450
7 12 0.224296 0.217643 0.006450
7 13 0.226491 0.217643 0.006450
7 14 0.225515 0.217643 0.006450
7 15 0.222100 0.217643 0.006450
7 16 0.219051 0.217643 0.006450
7 17 0.221368 0.217643 0.006450
7 18 0.216612 0.217643 0.006450
7 19 0.215758 0.217643 0.006450
7 20 0.212953 0.217643 0.006450
8 0 0.205513 0.217643 0.006450
8 1 0.209538 0.217643 0.006450
8 2 0.214172 0.217643 0.006450
8 3 0.215758 0.217643 0.006450
8 4 0.217222 0.217643 0.006450
8 5 0.218319 0.217643 0.006450
8 6 0.217344 0.217643 0.006450
8 7 0.215636 0.217643 0.006450
8 8 0.216734 0.217643 0.006450
8 9 0.217100 0.217643 0.006450
8 10 0.217222 0.217643 0.006450
8 11 0.219661 0.217643 0.006450
8 12 0.223442 0.217643 0.006450
8 13 0.223076 0.217643 0.006450
8 14 0.222466 0.217643 0.006450
8 15 0.221856 0.217643 0.006450
8 16 0.218685 0.217643 0.006450
8 17 0.218319 0.217643 0.006450
8 18 0.217100 0.217643 0.006450
8 19 0.214782 0.217643 0.006450
8 20 0.209904 0.217643 0.006450
9 0 0.210635 0.217643 0.006450
9 1 0.214172 0.217643 0.006450
9 2 0.217709 0.217643 0.006450
9 3 0.218319 0.217643 0.006450
9 4 0.218807 0.217643 0.006450
9 5 0.217222 0.217643 0.006450
9 6 0.216978 0.217643 0.006450
9 7 0.215270 0.217643 0.006450
9 8 0.218075 0.217643 0.006450
9 9 0.218929 0.217643 0.006450
9 10 0.217831 0.217643 0.006450
9 11 0.221125 0.217643 0.006450
9 12 0.224662 0.217643 0.006450
9 13 0.224052 0.217643 0.006450
9 14 0.224662 0.217643 0.006450
9 15 0.222954 0.217643 0.006450
9 16 0.221003 0.217643 0.006450
9 17 0.219417 0.217643 0.006450
9 18 0.219173 0.217643 0.006450
9 19 0.215880 0.217643 0.006450
9 20 0.210757 0.217643 0.006450
10 0 0.211001 0.217643 0.006450
10 1 0.213319 0.217643 0.006450
10 2 0.215514 0.217643 0.006450
10 3 0.217222 0.217643 0.006450
10 4 0.219539 0.217643 0.006450
10 5 0.217100 0.217643 0.006450
10 6 0.217953 0.217643 0.006450
10 7 0.217588 0.217643 0.006450
10 8 0.217344 0.217643 0.006450
10 9 0.218807 0.217643 0.006450
10 10 0.219051 0.217643 0.006450
10 11 0.223076 0.217643 0.006450
10 12 0.220881 0.217643 0.006450
10 13 0.224052 0.217643 0.006450
10 14 0.225149 0.217643 0.006450
10 15 0.221978 0.217643 0.006450
10 16 0.221246 0.217643 0.006450
10 17 0.217953 0.217643 0.006450
10 18 0.219905 0.217643 0.006450
10 19 0.215026 0.217643 0.006450
10 20 0.208684 0.217643 0.006450
11 0 0.212465 0.217643 0.006450
11 1 0.213685 0.217643 0.006450
11 2 0.215758 0.217643 0.006450
11 3 0.217709 0.217643 0.006450
11 4 0.220515 0.217643 0.006450
11 5 0.219539 0.217643 0.006450
11 6 0.218807 0.217643 0.006450
11 7 0.218319 0.217643 0.006450
11 8 0.217709 0.217643 0.006450
11 9 0.219417 0.217643 0.006450
11 10 0.219661 0.217643 0.006450
11 11 0.221246 0.217643 0.006450
11 12 0.223320 0.217643 0.006450
11 13 0.224905 0.217643 0.006450
11 14 0.225027 0.217643 0.006450
11 15 0.223442 0.217643 0.006450
11 16 0.221003 0.217643 0.006450
11 17 0.220637 0.217643 0.006450
11 18 0.219295 0.217643 0.006450
11 19 0.215758 0.217643 0.006450
11 20 0.209538 0.217643 0.006450
12 0 0.216612 0.217643 0.006450
12 1 0.215148 0.217643 0.006450
12 2 0.217588 0.217643 0.006450
12 3 0.217588 0.217643 0.006450
12 4 0.219173 0.217643 0.006450
12 5 0.220393 0.217643 0.006450
12 6 0.221368 0.217643 0.006450
12 7 0.220759 0.217643 0.006450
12 8 0.218197 0.217643 0.006450
12 9 0.220393 0.217643 0.006450
12 10 0.219051 0.217643 0.006450
12 11 0.222588 0.217643 0.006450
12 12 0.224418 0.217643 0.006450
12 13 0.226491 0.217643 0.006450
12 14 0.226247 0.217643 0.006450
12 15 0.222954 0.217643 0.006450
12 16 0.221003 0.217643 0.006450
12 17 0.220759 0.217643 0.006450
12 18 0.218929 0.217643 0.006450
12 19 0.214050 0.217643 0.006450
12 20 0.207952 0.217643 0.006450
13 0 0.217222 0.217643 0.006450
13 1 0.217222 0.217643 0.006450
13 2 0.219417 0.217643 0.006450
13 3 0.221734 0.217643 0.006450
13 4 0.224174 0.217643 0.006450
13 5 0.223686 0.217643 0.006450
13 6 0.226735 0.217643 0.006450
13 7 0.221978 0.217643 0.006450
13 8 0.221978 0.217643 0.006450
13 9 0.220271 0.217643 0.006450
13 10 0.222710 0.217643 0.006450
13 11 0.223930 0.217643 0.006450
13 12 0.225271 0.217643 0.006450
13 13 0.228808 0.217643 0.006450
13 14 0.227223 0.217643 0.006450
13 15 0.223686 0.217643 0.006450
13 16 0.220393 0.217643 0.006450
13 17 0.220515 0.217643 0.006450
13 18 0.220881 0.217643 0.006450
13 19 0.214172 0.217643 0.006450
13 20 0.208074 0.217643 0.006450
14 0 0.213197 0.217643 0.006450
14 1 0.216002 0.217643 0.006450
14 2 0.218807 0.217643 0.006450
14 3 0.221612 0.217643 0.006450
14 4 0.225027 0.217643 0.006450
14 5 0.224418 0.217643 0.006450
14 6 0.222832 0.217643 0.006450
14 7 0.222466 0.217643 0.006450
14 8 0.221490 0.217643 0.006450
14 9 0.219295 0.217643 0.006450
14 10 0.220027 0.217643 0.006450
14 11 0.222588 0.217643 0.006450
14 12 0.222466 0.217643 0.006450
14 13 0.226247 0.217643 0.006450
14 14 0.224174 0.217643 0.006450
14 15 0.221003 0.217643 0.006450
14 16 0.219051 0.217643 0.006450
14 17 0.217466 0.217643 0.006450
14 18 0.217466 0.217643 0.006450
14 19 0.210513 0.217643 0.006450
14 20 0.203683 0.217643 0.006450
15 0 0.211245 0.217643 0.006450
15 1 0.214416 0.217643 0.006450
15 2 0.219661 0.217643 0.006450
15 3 0.219905 0.217643 0.006450
15 4 0.222344 0.217643 0.006450
15 5 0.222466 0.217643 0.006450
15 6 0.221734 0.217643 0.006450
15 7 0.222466 0.217643 0.006450
15 8 0.222954 0.217643 0.006450
15 9 0.220637 0.217643 0.006450
15 10 0.219661 0.217643 0.006450
15 11 0.221734 0.217643 0.006450
15 12 0.222954 0.217643 0.006450
15 13 0.223808 0.217643 0.006450
15 14 0.223320 0.217643 0.006450
15 15 0.220637 0.217643 0.006450
15 16 0.218563 0.217643 0.006450
15 17 0.218197 0.217643 0.006450
15 18 0.215636 0.217643 0.006450
15 19 0.209294 0.217643 0.006450
15 20 0.201366 0.217643 0.006450
16 0 0.211001 0.217643 0.006450
16 1 0.212953 0.217643 0.006450
16 2 0.216734 0.217643 0.006450
16 3 0.218685 0.217643 0.006450
16 4 0.223198 0.217643 0.006450
16 5 0.222344 0.217643 0.006450
16 6 0.223442 0.217643 0.006450
16 7 0.220515 0.217643 0.006450
16 8 0.221856 0.217643 0.006450
16 9 0.221003 0.217643 0.006450
16 10 0.221125 0.217643 0.006450
16 11 0.222832 0.217643 0.006450
16 12 0.223320 0.217643 0.006450
16 13 0.223076 0.217643 0.006450
16 14 0.224662 0.217643 0.006450
16 15 0.220637 0.217643 0.006450
16 16 0.217588 0.217643 0.006450
16 17 0.214904 0.217643 0.006450
16 18 0.212587 0.217643 0.006450
16 19 0.206245 0.217643 0.006450
16 20 0.200756 0.217643 0.006450
17 0 0.212709 0.217643 0.006450
17 1 0.213685 0.217643 0.006450
17 2 0.214904 0.217643 0.006450
17 3 0.218075 0.217643 0.006450
17 4 0.220027 0.217643 0.006450
17 5 0.218929 0.217643 0.006450
17 6 0.217709 0.217643 0.006450
17 7 0.218929 0.217643 0.006450
17 8 0.217588 0.217643 0.006450
17 9 0.216490 0.217643 0.006450
17 10 0.218075 0.217643 0.006450
17 11 0.219661 0.217643 0.006450
17 12 0.221856 0.217643 0.006450
17 13 0.222344 0.217643 0.006450
17 14 0.223686 0.217643 0.006450
17 15 0.219661 0.217643 0.006450
17 16 0.216124 0.217643 0.006450
17 17 0.212221 0.217643 0.006450
17 18 0.211733 0.217643 0.006450
17 19 0.203683 0.217643 0.006450
17 20 0.197829 0.217643 0.006450
18 0 0.208440 0.217643 0.006450
18 1 0.211001 0.217643 0.006450
18 2 0.213197 0.217643 0.006450
18 3 0.214538 0.217643 0.006450
18 4 0.217953 0.217643 0.006450
18 5 0.217222 0.217643 0.006450
18 6 0.216856 0.217643 0.006450
18 7 0.215270 0.217643 0.006450
18 8 0.215270 0.217643 0.006450
18 9 0.215514 0.217643 0.006450
18 10 0.215148 0.217643 0.006450
18 11 0.215270 0.217643 0.006450
18 12 0.217100 0.217643 0.006450
18 13 0.219661 0.217643 0.006450
18 14 0.219295 0.217643 0.006450
18 15 0.218807 0.217643 0.006450
18 16 0.214782 0.217643 0.006450
18 17 0.211367 0.217643 0.006450
18 18 0.206733 0.217643 0.006450
18 19 0.199902 0.217643 0.006450
18 20 0.194292 0.217643 0.006450
19 0 0.205513 0.217643 0.006450
19 1 0.207586 0.217643 0.006450
19 2 0.210635 0.217643 0.006450
19 3 0.210635 0.217643 0.006450
19 4 0.212831 0.217643 0.006450
19 5 0.215270 0.217643 0.006450
19 6 0.214050 0.217643 0.006450
19 7 0.212099 0.217643 0.006450
19 8 0.212587 0.217643 0.006450
19 9 0.210270 0.217643 0.006450
19 10 0.208562 0.217643 0.006450
19 11 0.211245 0.217643 0.006450
19 12 0.211489 0.217643 0.006450
19 13 0.214782 0.217643 0.006450
19 14 0.216124 0.217643 0.006450
19 15 0.212465 0.217643 0.006450
19 16 0.208196 0.217643 0.006450
19 17 0.205269 0.217643 0.006450
19 18 0.201610 0.217643 0.006450
19 19 0.196609 0.217643 0.006450
19 20 0.190023 0.217643 0.006450
20 0 0.202464 0.217643 0.006450
20 1 0.202708 0.217643 0.006450
20 2 0.208318 0.217643 0.006450
20 3 0.211001 0.217643 0.006450
20 4 0.212099 0.217643 0.006450
20 5 0.211611 0.217643 0.006450
20 6 0.210635 0.217643 0.006450
20 7 0.210270 0.217643 0.006450
20 8 0.210026 0.217643 0.006450
20 9 0.208196 0.217643 0.006450
20 10 0.207220 0.217643 0.006450
20 11 0.206245 0.217643 0.006450
20 12 0.208562 0.217643 0.006450
20 13 0.210392 0.217643 0.006450
20 14 0.208318 0.217643 0.006450
20 15 0.208318 0.217643 0.006450
20 16 0.200146 0.217643 0.006450
20 17 0.199415 0.217643 0.006450
20 18 0.197097 0.217643 0.006450
20 19 0.188682 0.217643 0.006450
20 20 0.183071 0.217643 0.006450
