# contact distance = 32.0 Angstroms
# F = 0.4 kJ/mol

# i j contact_probability mean_contact_probability stddev_contact_probability
0 0 0.187835 0.179045 0.006380
0 1 0.188281 0.179045 0.006380
0 2 0.188430 0.179045 0.006380
0 3 0.189024 0.179045 0.006380
0 4 0.187835 0.179045 0.006380
0 5 0.185306 0.179045 0.006380
0 6 0.178763 0.179045 0.006380
0 7 0.176532 0.179045 0.006380
0 8 0.178614 0.179045 0.006380
0 9 0.175342 0.179045 0.006380
0 10 0.176234 0.179045 0.006380
0 11 0.177870 0.179045 0.006380
0 12 0.175937 0.179045 0.006380
0 13 0.175491 0.179045 0.006380
0 14 0.173855 0.179045 0.006380
0 15 0.178911 0.179045 0.006380
0 16 0.178316 0.179045 0.006380
0 17 0.178019 0.179045 0.006380
0 18 0.176681 0.179045 0.006380
0 19 0.174598 0.179045 0.006380
0 20 0.171773 0.179045 0.006380
1 0 0.189024 0.179045 0.006380
1 1 0.190809 0.179045 0.006380
1 2 0.188578 0.179045 0.006380
1 3 0.190363 0.179045 0.006380
1 4 0.188281 0.179045 0.006380
1 5 0.185901 0.179045 0.006380
1 6 0.183076 0.179045 0.006380
1 7 0.180993 0.179045 0.006380
1 8 0.182332 0.179045 0.006380
1 9 0.180696 0.179045 0.006380
1 10 0.179358 0.179045 0.006380
1 11 0.178316 0.179045 0.006380
1 12 0.178316 0.179045 0.006380
1 13 0.178911 0.179045 0.006380
1 14 0.179209 0.179045 0.006380
1 15 0.180696 0.179045 0.006380
1 16 0.182629 0.179045 0.006380
1 17 0.181886 0.179045 0.006380
1 18 0.179060 0.179045 0.006380
1 19 0.176681 0.179045 0.006380
1 20 0.171921 0.179045 0.006380
2 0 0.190214 0.179045 0.006380
2 1 0.189917 0.179045 0.006380
2 2 0.190065 0.179045 0.006380
2 3 0.192445 0.179045 0.006380
2 4 0.187835 0.179045 0.006380
2 5 0.186496 0.179045 0.006380
2 6 0.182629 0.179045 0.006380
2 7 0.183224 0.179045 0.006380
2 8 0.184414 0.179045 0.006380
2 9 0.185753 0.179045 0.006380
2 10 0.183819 0.179045 0.006380
2 11 0.183076 0.179045 0.006380
2 12 0.182778 0.179045 0.006380
2 13 0.179655 0.179045 0.006380
2 14 0.180696 0.179045 0.006380
2 15 0.181588 0.179045 0.006380
2 16 0.183373 0.179045 0.006380
2 17 0.181588 0.179045 0.006380
2 18 0.179804 0.179045 0.006380
2 19 0.176532 0.179045 0.006380
2 20 0.171921 0.179045 0.006380
3 0 0.188727 0.179045 0.006380
3 1 0.189619 0.179045 0.006380
3 2 0.189471 0.179045 0.006380
3 3 0.191553 0.179045 0.006380
3 4 0.190363 0.179045 0.006380
3 5 0.185901 0.179045 0.006380
3 6 0.181588 0.179045 0.006380
3 7 0.182629 0.179045 0.006380
3 8 0.183819 0.179045 0.006380
3 9 0.185901 0.179045 0.006380
3 10 0.183076 0.179045 0.006380
3 11 0.184711 0.179045 0.006380
3 12 0.184117 0.179045 0.006380
3 13 0.182183 0.179045 0.006380
3 14 0.182629 0.179045 0.006380
3 15 0.183373 0.179045 0.006380
3 16 0.182035 0.179045 0.006380
3 17 0.179209 0.179045 0.006380
3 18 0.178168 0.179045 0.006380
3 19 0.175937 0.179045 0.006380
3 20 0.170286 0.179045 0.006380
4 0 0.188727 0.179045 0.006380
4 1 0.189471 0.179045 0.006380
4 2 0.190512 0.179045 0.006380
4 3 0.190809 0.179045 0.006380
4 4 0.187537 0.179045 0.006380
4 5 0.184563 0.179045 0.006380
4 6 0.181588 0.179045 0.006380
4 7 0.182183 0.179045 0.006380
4 8 0.183224 0.179045 0.006380
4 9 0.184265 0.179045 0.006380
4 10 0.183968 0.179045 0.006380
4 11 0.185901 0.179045 0.006380
4 12 0.184711 0.179045 0.006380
4 13 0.182332 0.179045 0.006380
4 14 0.183522 0.179045 0.006380
4 15 0.180696 0.179045 0.006380
4 16 0.180845 0.179045 0.006380
4 17 0.179804 0.179045 0.006380
4 18 0.177722 0.179045 0.006380
4 19 0.173409 0.179045 0.006380
4 20 0.168501 0.179045 0.006380
5 0 0.182927 0.179045 0.006380
5 1 0.187091 0.179045 0.006380
5 2 0.185604 0.179045 0.006380
5 3 0.184860 0.179045 0.006380
5 4 0.184860 0.179045 0.006380
5 5 0.185158 0.179045 0.006380
5 6 0.181291 0.179045 0.006380
5 7 0.182183 0.179045 0.006380
5 8 0.181440 0.179045 0.006380
5 9 0.182183 0.179045 0.006380
5 10 0.180250 0.179045 0.006380
5 11 0.183670 0.179045 0.006380
5 12 0.182332 0.179045 0.006380
5 13 0.181588 0.179045 0.006380
5 14 0.178465 0.179045 0.006380
5 15 0.178465 0.179045 0.006380
5 16 0.178614 0.179045 0.006380
5 17 0.178465 0.179045 0.006380
5 18 0.176086 0.179045 0.006380
5 19 0.173260 0.179045 0.006380
5 20 0.169542 0.179045 0.006380
6 0 0.182035 0.179045 0.006380
6 1 0.187388 0.179045 0.006380
6 2 0.186942 0.179045 0.006380
6 3 0.184563 0.179045 0.006380
6 4 0.183224 0.179045 0.006380
6 5 0.182629 0.179045 0.006380
6 6 0.180993 0.179045 0.006380
6 7 0.182035 0.179045 0.006380
6 8 0.178911 0.179045 0.006380
6 9 0.180101 0.179045 0.006380
6 10 0.181440 0.179045 0.006380
6 11 0.182332 0.179045 0.006380
6 12 0.183224 0.179045 0.006380
6 13 0.180250 0.179045 0.006380
6 14 0.179506 0.179045 0.006380
6 15 0.179506 0.179045 0.006380
6 16 0.177870 0.179045 0.006380
6 17 0.176234 0.179045 0.006380
6 18 0.176234 0.179045 0.006380
6 19 0.176086 0.179045 0.006380
6 20 0.169839 0.179045 0.006380
7 0 0.180993 0.179045 0.006380
7 1 0.185009 0.179045 0.006380
7 2 0.183373 0.179045 0.006380
7 3 0.182035 0.179045 0.006380
7 4 0.181440 0.179045 0.006380
7 5 0.182778 0.179045 0.006380
7 6 0.178763 0.179045 0.006380
7 7 0.179952 0.179045 0.006380
7 8 0.179358 0.179045 0.006380
7 9 0.179804 0.179045 0.006380
7 10 0.182035 0.179045 0.006380
7 11 0.183076 0.179045 0.006380
7 12 0.180696 0.179045 0.006380
7 13 0.181737 0.179045 0.006380
7 14 0.179655 0.179045 0.006380
7 15 0.178465 0.179045 0.006380
7 16 0.176086 0.179045 0.006380
7 17 0.174747 0.179045 0.006380
7 18 0.173855 0.179045 0.006380
7 19 0.174004 0.179045 0.006380
7 20 0.170583 0.179045 0.006380
8 0 0.179358 0.179045 0.006380
8 1 0.183522 0.179045 0.006380
8 2 0.183373 0.179045 0.006380
8 3 0.183076 0.179045 0.006380
8 4 0.181142 0.179045 0.006380
8 5 0.182629 0.179045 0.006380
8 6 0.178019 0.179045 0.006380
8 7 0.175491 0.179045 0.006380
8 8 0.178168 0.179045 0.006380
8 9 0.179209 0.179045 0.006380
8 10 0.179952 0.179045 0.006380
8 11 0.182629 0.179045 0.006380
8 12 0.183819 0.179045 0.006380
8 13 0.182332 0.179045 0.006380
8 14 0.184117 0.179045 0.006380
8 15 0.183224 0.179045 0.006380
8 16 0.180399 0.179045 0.006380
8 17 0.180696 0.179045 0.006380
8 18 0.175491 0.179045 0.006380
8 19 0.174004 0.179045 0.006380
8 20 0.169691 0.179045 0.006380
9 0 0.176829 0.179045 0.006380
9 1 0.178911 0.179045 0.006380
9 2 0.182183 0.179045 0.006380
9 3 0.182778 0.179045 0.006380
9 4 0.182778 0.179045 0.006380
9 5 0.180101 0.179045 0.006380
9 6 0.177275 0.179045 0.006380
9 7 0.176829 0.179045 0.006380
9 8 0.177870 0.179045 0.006380
9 9 0.178019 0.179045 0.006380
9 10 0.179952 0.179045 0.006380
9 11 0.180993 0.179045 0.006380
9 12 0.180993 0.179045 0.006380
9 13 0.182481 0.179045 0.006380
9 14 0.184265 0.179045 0.006380
9 15 0.185753 0.179045 0.006380
9 16 0.185009 0.179045 0.006380
9 17 0.180696 0.179045 0.006380
9 18 0.179209 0.179045 0.006380
9 19 0.173706 0.179045 0.006380
9 20 0.170434 0.179045 0.006380
10 0 0.176234 0.179045 0.006380
10 1 0.178763 0.179045 0.006380
10 2 0.181886 0.179045 0.006380
10 3 0.182183 0.179045 0.006380
10 4 0.182778 0.179045 0.006380
10 5 0.180845 0.179045 0.006380
10 6 0.176681 0.179045 0.006380
10 7 0.177722 0.179045 0.006380
10 8 0.178316 0.179045 0.006380
10 9 0.178465 0.179045 0.006380
10 10 0.179952 0.179045 0.006380
10 11 0.180993 0.179045 0.006380
10 12 0.180399 0.179045 0.006380
10 13 0.181588 0.179045 0.006380
10 14 0.178911 0.179045 0.006380
10 15 0.179506 0.179045 0.006380
10 16 0.178019 0.179045 0.006380
10 17 0.179952 0.179045 0.006380
10 18 0.176978 0.179045 0.006380
10 19 0.174747 0.179045 0.006380
10 20 0.166270 0.179045 0.006380
11 0 0.176532 0.179045 0.006380
11 1 0.178614 0.179045 0.006380
11 2 0.184711 0.179045 0.006380
11 3 0.183224 0.179045 0.006380
11 4 0.183968 0.179045 0.006380
11 5 0.184117 0.179045 0.006380
11 6 0.182183 0.179045 0.006380
11 7 0.179804 0.179045 0.006380
11 8 0.180696 0.179045 0.006380
11 9 0.180547 0.179045 0.006380
11 10 0.180101 0.179045 0.006380
11 11 0.181886 0.179045 0.006380
11 12 0.183224 0.179045 0.006380
11 13 0.182035 0.179045 0.006380
11 14 0.179358 0.179045 0.006380
11 15 0.180547 0.179045 0.006380
11 16 0.179060 0.179045 0.006380
11 17 0.176234 0.179045 0.006380
11 18 0.176383 0.179045 0.006380
11 19 0.174450 0.179045 0.006380
11 20 0.166865 0.179045 0.006380
12 0 0.177424 0.179045 0.006380
12 1 0.179804 0.179045 0.006380
12 2 0.181737 0.179045 0.006380
12 3 0.184711 0.179045 0.006380
12 4 0.183968 0.179045 0.006380
12 5 0.184711 0.179045 0.006380
12 6 0.183373 0.179045 0.006380
12 7 0.182927 0.179045 0.006380
12 8 0.182332 0.179045 0.006380
12 9 0.178763 0.179045 0.006380
12 10 0.180845 0.179045 0.006380
12 11 0.182332 0.179045 0.006380
12 12 0.183522 0.179045 0.006380
12 13 0.181440 0.179045 0.006380
12 14 0.180399 0.179045 0.006380
12 15 0.183076 0.179045 0.006380
12 16 0.182035 0.179045 0.006380
12 17 0.174896 0.179045 0.006380
12 18 0.174450 0.179045 0.006380
12 19 0.171773 0.179045 0.006380
12 20 0.168055 0.179045 0.006380
13 0 0.176086 0.179045 0.006380
13 1 0.180399 0.179045 0.006380
13 2 0.181291 0.179045 0.006380
13 3 0.186942 0.179045 0.006380
13 4 0.186347 0.179045 0.006380
13 5 0.185009 0.179045 0.006380
13 6 0.181588 0.179045 0.006380
13 7 0.182332 0.179045 0.006380
13 8 0.180845 0.179045 0.006380
13 9 0.180250 0.179045 0.006380
13 10 0.179952 0.179045 0.006380
13 11 0.182927 0.179045 0.006380
13 12 0.183522 0.179045 0.006380
13 13 0.183076 0.179045 0.006380
13 14 0.182183 0.179045 0.006380
13 15 0.181291 0.179045 0.006380
13 16 0.180101 0.179045 0.006380
13 17 0.176532 0.179045 0.006380
13 18 0.175491 0.179045 0.006380
13 19 0.170880 0.179045 0.006380
13 20 0.163444 0.179045 0.006380
14 0 0.177424 0.179045 0.006380
14 1 0.180845 0.179045 0.006380
14 2 0.182629 0.179045 0.006380
14 3 0.184117 0.179045 0.006380
14 4 0.183968 0.179045 0.006380
14 5 0.180547 0.179045 0.006380
14 6 0.179655 0.179045 0.006380
14 7 0.180101 0.179045 0.006380
14 8 0.178168 0.179045 0.006380
14 9 0.180399 0.179045 0.006380
14 10 0.179209 0.179045 0.006380
14 11 0.183076 0.179045 0.006380
14 12 0.185158 0.179045 0.006380
14 13 0.183076 0.179045 0.006380
14 14 0.180993 0.179045 0.006380
14 15 0.180547 0.179045 0.006380
14 16 0.180101 0.179045 0.006380
14 17 0.177722 0.179045 0.006380
14 18 0.175937 0.179045 0.006380
14 19 0.170434 0.179045 0.006380
14 20 0.165973 0.179045 0.006380
15 0 0.179655 0.179045 0.006380
15 1 0.183522 0.179045 0.006380
15 2 0.186645 0.179045 0.006380
15 3 0.186496 0.179045 0.006380
15 4 0.184860 0.179045 0.006380
15 5 0.183670 0.179045 0.006380
15 6 0.180696 0.179045 0.006380
15 7 0.180993 0.179045 0.006380
15 8 0.181291 0.179045 0.006380
15 9 0.180250 0.179045 0.006380
15 10 0.178614 0.179045 0.006380
15 11 0.182183 0.179045 0.006380
15 12 0.183968 0.179045 0.006380
15 13 0.183224 0.179045 0.006380
15 14 0.181440 0.179045 0.006380
15 15 0.182035 0.179045 0.006380
15 16 0.179506 0.179045 0.006380
15 17 0.180399 0.179045 0.006380
15 18 0.177127 0.179045 0.006380
15 19 0.170137 0.179045 0.006380
15 20 0.165824 0.179045 0.006380
16 0 0.179060 0.179045 0.006380
16 1 0.180845 0.179045 0.006380
16 2 0.184414 0.179045 0.006380
16 3 0.185306 0.179045 0.006380
16 4 0.183819 0.179045 0.006380
16 5 0.179952 0.179045 0.006380
16 6 0.180399 0.179045 0.006380
16 7 0.178614 0.179045 0.006380
16 8 0.181142 0.179045 0.006380
16 9 0.180250 0.179045 0.006380
16 10 0.178911 0.179045 0.006380
16 11 0.178168 0.179045 0.006380
16 12 0.179952 0.179045 0.006380
16 13 0.181291 0.179045 0.006380
16 14 0.180399 0.179045 0.006380
16 15 0.178911 0.179045 0.006380
16 16 0.178316 0.179045 0.006380
16 17 0.177424 0.179045 0.006380
16 18 0.174301 0.179045 0.006380
16 19 0.169691 0.179045 0.006380
16 20 0.163593 0.179045 0.006380
17 0 0.176829 0.179045 0.006380
17 1 0.180845 0.179045 0.006380
17 2 0.182035 0.179045 0.006380
17 3 0.184860 0.179045 0.006380
17 4 0.185604 0.179045 0.006380
17 5 0.183670 0.179045 0.006380
17 6 0.182183 0.179045 0.006380
17 7 0.181737 0.179045 0.006380
17 8 0.179506 0.179045 0.006380
17 9 0.178614 0.179045 0.006380
17 10 0.179060 0.179045 0.006380
17 11 0.176978 0.179045 0.006380
17 12 0.181142 0.179045 0.006380
17 13 0.180845 0.179045 0.006380
17 14 0.181588 0.179045 0.006380
17 15 0.179060 0.179045 0.006380
17 16 0.176383 0.179045 0.006380
17 17 0.175045 0.179045 0.006380
17 18 0.171178 0.179045 0.006380
17 19 0.164188 0.179045 0.006380
17 20 0.159280 0.179045 0.006380
18 0 0.174747 0.179045 0.006380
18 1 0.175788 0.179045 0.006380
18 2 0.179804 0.179045 0.006380
18 3 0.180399 0.179045 0.006380
18 4 0.180993 0.179045 0.006380
18 5 0.181440 0.179045 0.006380
18 6 0.178316 0.179045 0.006380
18 7 0.177275 0.179045 0.006380
18 8 0.176681 0.179045 0.006380
18 9 0.176681 0.179045 0.006380
18 10 0.175193 0.179045 0.006380
18 11 0.175788 0.179045 0.006380
18 12 0.178168 0.179045 0.006380
18 13 0.178911 0.179045 0.006380
18 14 0.178614 0.179045 0.006380
18 15 0.176234 0.179045 0.006380
18 16 0.174896 0.179045 0.006380
18 17 0.171178 0.179045 0.006380
18 18 0.167460 0.179045 0.006380
18 19 0.161511 0.179045 0.006380
18 20 0.154819 0.179045 0.006380
19 0 0.170732 0.179045 0.006380
19 1 0.174450 0.179045 0.006380
19 2 0.175937 0.179045 0.006380
19 3 0.176532 0.179045 0.006380
19 4 0.177722 0.179045 0.006380
19 5 0.176532 0.179045 0.006380
19 6 0.175193 0.179045 0.006380
19 7 0.174450 0.179045 0.006380
19 8 0.173855 0.179045 0.006380
19 9 0.172665 0.179045 0.006380
19 10 0.169691 0.179045 0.006380
19 11 0.170583 0.179045 0.006380
19 12 0.172368 0.179045 0.006380
19 13 0.173855 0.179045 0.006380
19 14 0.171029 0.179045 0.006380
19 15 0.171475 0.179045 0.006380
19 16 0.170137 0.179045 0.006380
19 17 0.167609 0.179045 0.006380
19 18 0.162998 0.179045 0.006380
19 19 0.157049 0.179045 0.006380
19 20 0.149762 0.179045 0.006380
20 0 0.168055 0.179045 0.006380
20 1 0.168352 0.179045 0.006380
20 2 0.173557 0.179045 0.006380
20 3 0.172070 0.179045 0.006380
20 4 0.171029 0.179045 0.006380
20 5 0.170583 0.179045 0.006380
20 6 0.167906 0.179045 0.006380
20 7 0.168798 0.179045 0.006380
20 8 0.169839 0.179045 0.006380
20 9 0.170732 0.179045 0.006380
20 10 0.167757 0.179045 0.006380
20 11 0.165378 0.179045 0.006380
20 12 0.169244 0.179045 0.006380
20 13 0.167757 0.179045 0.006380
20 14 0.164783 0.179045 0.006380
20 15 0.165973 0.179045 0.006380
20 16 0.164337 0.179045 0.006380
20 17 0.158090 0.179045 0.006380
20 18 0.156008 0.179045 0.006380
20 19 0.152885 0.179045 0.006380
20 20 0.145598 0.179045 0.006380
