# contact distance = 32.0 Angstroms
# F = 0.4 kJ/mol

# i j contact_probability mean_contact_probability stddev_contact_probability
0 0 0.203756 0.205015 0.005750
0 1 0.206304 0.205015 0.005750
0 2 0.204963 0.205015 0.005750
0 3 0.205366 0.205015 0.005750
0 4 0.204024 0.205015 0.005750
0 5 0.204829 0.205015 0.005750
0 6 0.201073 0.205015 0.005750
0 7 0.199329 0.205015 0.005750
0 8 0.203622 0.205015 0.005750
0 9 0.201073 0.205015 0.005750
0 10 0.201476 0.205015 0.005750
0 11 0.202146 0.205015 0.005750
0 12 0.204963 0.205015 0.005750
0 13 0.201744 0.205015 0.005750
0 14 0.202683 0.205015 0.005750
0 15 0.202817 0.205015 0.005750
0 16 0.202012 0.205015 0.005750
0 17 0.201744 0.205015 0.005750
0 18 0.199732 0.205015 0.005750
0 19 0.196781 0.205015 0.005750
0 20 0.192220 0.205015 0.005750
1 0 0.208317 0.205015 0.005750
1 1 0.208451 0.205015 0.005750
1 2 0.204963 0.205015 0.005750
1 3 0.205500 0.205015 0.005750
1 4 0.205366 0.205015 0.005750
1 5 0.205231 0.205015 0.005750
1 6 0.206170 0.205015 0.005750
1 7 0.205768 0.205015 0.005750
1 8 0.205097 0.205015 0.005750
1 9 0.204829 0.205015 0.005750
1 10 0.204963 0.205015 0.005750
1 11 0.203756 0.205015 0.005750
1 12 0.206439 0.205015 0.005750
1 13 0.205902 0.205015 0.005750
1 14 0.205500 0.205015 0.005750
1 15 0.204158 0.205015 0.005750
1 16 0.203756 0.205015 0.005750
1 17 0.202683 0.205015 0.005750
1 18 0.201341 0.205015 0.005750
1 19 0.199329 0.205015 0.005750
1 20 0.194500 0.205015 0.005750
2 0 0.206975 0.205015 0.005750
2 1 0.209121 0.205015 0.005750
2 2 0.208585 0.205015 0.005750
2 3 0.207646 0.205015 0.005750
2 4 0.206170 0.205015 0.005750
2 5 0.207914 0.205015 0.005750
2 6 0.208048 0.205015 0.005750
2 7 0.208585 0.205015 0.005750
2 8 0.207914 0.205015 0.005750
2 9 0.206707 0.205015 0.005750
2 10 0.207378 0.205015 0.005750
2 11 0.208853 0.205015 0.005750
2 12 0.206707 0.205015 0.005750
2 13 0.207914 0.205015 0.005750
2 14 0.204024 0.205015 0.005750
2 15 0.207512 0.205015 0.005750
2 16 0.207512 0.205015 0.005750
2 17 0.205097 0.205015 0.005750
2 18 0.201341 0.205015 0.005750
2 19 0.198659 0.205015 0.005750
2 20 0.194098 0.205015 0.005750
3 0 0.207109 0.205015 0.005750
3 1 0.207646 0.205015 0.005750
3 2 0.206439 0.205015 0.005750
3 3 0.207243 0.205015 0.005750
3 4 0.204695 0.205015 0.005750
3 5 0.201878 0.205015 0.005750
3 6 0.205231 0.205015 0.005750
3 7 0.206304 0.205015 0.005750
3 8 0.205366 0.205015 0.005750
3 9 0.207780 0.205015 0.005750
3 10 0.207109 0.205015 0.005750
3 11 0.208853 0.205015 0.005750
3 12 0.208853 0.205015 0.005750
3 13 0.209256 0.205015 0.005750
3 14 0.206170 0.205015 0.005750
3 15 0.206304 0.205015 0.005750
3 16 0.204963 0.205015 0.005750
3 17 0.203622 0.205015 0.005750
3 18 0.200805 0.205015 0.005750
3 19 0.200000 0.205015 0.005750
3 20 0.198524 0.205015 0.005750
4 0 0.203890 0.205015 0.005750
4 1 0.206573 0.205015 0.005750
4 2 0.204963 0.205015 0.005750
4 3 0.208719 0.205015 0.005750
4 4 0.203890 0.205015 0.005750
4 5 0.202012 0.205015 0.005750
4 6 0.205097 0.205015 0.005750
4 7 0.206036 0.205015 0.005750
4 8 0.207109 0.205015 0.005750
4 9 0.209792 0.205015 0.005750
4 10 0.208987 0.205015 0.005750
4 11 0.210195 0.205015 0.005750
4 12 0.208719 0.205015 0.005750
4 13 0.210731 0.205015 0.005750
4 14 0.207243 0.205015 0.005750
4 15 0.206036 0.205015 0.005750
4 16 0.205097 0.205015 0.005750
4 17 0.202951 0.205015 0.005750
4 18 0.201878 0.205015 0.005750
4 19 0.200805 0.205015 0.005750
4 20 0.199866 0.205015 0.005750
5 0 0.205768 0.205015 0.005750
5 1 0.208585 0.205015 0.005750
5 2 0.208182 0.205015 0.005750
5 3 0.207512 0.205015 0.005750
5 4 0.206707 0.205015 0.005750
5 5 0.203756 0.205015 0.005750
5 6 0.206841 0.205015 0.005750
5 7 0.207378 0.205015 0.005750
5 8 0.209121 0.205015 0.005750
5 9 0.206036 0.205015 0.005750
5 10 0.209658 0.205015 0.005750
5 11 0.210195 0.205015 0.005750
5 12 0.210463 0.205015 0.005750
5 13 0.207780 0.205015 0.005750
5 14 0.207243 0.205015 0.005750
5 15 0.206841 0.205015 0.005750
5 16 0.207243 0.205015 0.005750
5 17 0.205097 0.205015 0.005750
5 18 0.203219 0.205015 0.005750
5 19 0.202683 0.205015 0.005750
5 20 0.201878 0.205015 0.005750
6 0 0.206036 0.205015 0.005750
6 1 0.207378 0.205015 0.005750
6 2 0.206975 0.205015 0.005750
6 3 0.207780 0.205015 0.005750
6 4 0.204292 0.205015 0.005750
6 5 0.204158 0.205015 0.005750
6 6 0.206036 0.205015 0.005750
6 7 0.208585 0.205015 0.005750
6 8 0.206707 0.205015 0.005750
6 9 0.205902 0.205015 0.005750
6 10 0.208585 0.205015 0.005750
6 11 0.209256 0.205015 0.005750
6 12 0.208853 0.205015 0.005750
6 13 0.210329 0.205015 0.005750
6 14 0.207378 0.205015 0.005750
6 15 0.207109 0.205015 0.005750
6 16 0.206841 0.205015 0.005750
6 17 0.208585 0.205015 0.005750
6 18 0.205902 0.205015 0.005750
6 19 0.202951 0.205015 0.005750
6 20 0.200268 0.205015 0.005750
7 0 0.205768 0.205015 0.005750
7 1 0.205902 0.205015 0.005750
7 2 0.206841 0.205015 0.005750
7 3 0.206170 0.205015 0.005750
7 4 0.206707 0.205015 0.005750
7 5 0.205231 0.205015 0.005750
7 6 0.206841 0.205015 0.005750
7 7 0.206975 0.205015 0.005750
7 8 0.206304 0.205015 0.005750
7 9 0.204963 0.205015 0.005750
7 10 0.206439 0.205015 0.005750
7 11 0.207780 0.205015 0.005750
7 12 0.208585 0.205015 0.005750
7 13 0.209926 0.205015 0.005750
7 14 0.209792 0.205015 0.005750
7 15 0.207646 0.205015 0.005750
7 16 0.206841 0.205015 0.005750
7 17 0.208719 0.205015 0.005750
7 18 0.205231 0.205015 0.005750
7 19 0.202012 0.205015 0.005750
7 20 0.200402 0.205015 0.005750
8 0 0.200402 0.205015 0.005750
8 1 0.204158 0.205015 0.005750
8 2 0.203890 0.205015 0.005750
8 3 0.206170 0.205015 0.005750
8 4 0.204829 0.205015 0.005750
8 5 0.203890 0.205015 0.005750
8 6 0.203219 0.205015 0.005750
8 7 0.204158 0.205015 0.005750
8 8 0.206036 0.205015 0.005750
8 9 0.203622 0.205015 0.005750
8 10 0.204829 0.205015 0.005750
8 11 0.207512 0.205015 0.005750
8 12 0.207780 0.205015 0.005750
8 13 0.208451 0.205015 0.005750
8 14 0.206841 0.205015 0.005750
8 15 0.207512 0.205015 0.005750
8 16 0.206573 0.205015 0.005750
8 17 0.208317 0.205015 0.005750
8 18 0.205634 0.205015 0.005750
8 19 0.203756 0.205015 0.005750
8 20 0.200268 0.205015 0.005750
9 0 0.198524 0.205015 0.005750
9 1 0.203488 0.205015 0.005750
9 2 0.204829 0.205015 0.005750
9 3 0.204963 0.205015 0.005750
9 4 0.207378 0.205015 0.005750
9 5 0.205366 0.205015 0.005750
9 6 0.203622 0.205015 0.005750
9 7 0.203488 0.205015 0.005750
9 8 0.204024 0.205015 0.005750
9 9 0.202280 0.205015 0.005750
9 10 0.204158 0.205015 0.005750
9 11 0.205366 0.205015 0.005750
9 12 0.206304 0.205015 0.005750
9 13 0.208987 0.205015 0.005750
9 14 0.206975 0.205015 0.005750
9 15 0.207512 0.205015 0.005750
9 16 0.208853 0.205015 0.005750
9 17 0.210731 0.205015 0.005750
9 18 0.202951 0.205015 0.005750
9 19 0.202280 0.205015 0.005750
9 20 0.198793 0.205015 0.005750
10 0 0.201073 0.205015 0.005750
10 1 0.203622 0.205015 0.005750
10 2 0.204829 0.205015 0.005750
10 3 0.205231 0.205015 0.005750
10 4 0.207109 0.205015 0.005750
10 5 0.206841 0.205015 0.005750
10 6 0.206036 0.205015 0.005750
10 7 0.205902 0.205015 0.005750
10 8 0.204024 0.205015 0.005750
10 9 0.205097 0.205015 0.005750
10 10 0.206304 0.205015 0.005750
10 11 0.207243 0.205015 0.005750
10 12 0.209121 0.205015 0.005750
10 13 0.209524 0.205015 0.005750
10 14 0.208585 0.205015 0.005750
10 15 0.207512 0.205015 0.005750
10 16 0.209524 0.205015 0.005750
10 17 0.208451 0.205015 0.005750
10 18 0.202549 0.205015 0.005750
10 19 0.202146 0.205015 0.005750
10 20 0.199732 0.205015 0.005750
11 0 0.203219 0.205015 0.005750
11 1 0.204158 0.205015 0.005750
11 2 0.207646 0.205015 0.005750
11 3 0.209792 0.205015 0.005750
11 4 0.206439 0.205015 0.005750
11 5 0.206573 0.205015 0.005750
11 6 0.209121 0.205015 0.005750
11 7 0.207109 0.205015 0.005750
11 8 0.204561 0.205015 0.005750
11 9 0.205366 0.205015 0.005750
11 10 0.209256 0.205015 0.005750
11 11 0.208987 0.205015 0.005750
11 12 0.211402 0.205015 0.005750
11 13 0.211268 0.205015 0.005750
11 14 0.209926 0.205015 0.005750
11 15 0.208585 0.205015 0.005750
11 16 0.206975 0.205015 0.005750
11 17 0.208048 0.205015 0.005750
11 18 0.203353 0.205015 0.005750
11 19 0.200805 0.205015 0.005750
11 20 0.196110 0.205015 0.005750
12 0 0.201207 0.205015 0.005750
12 1 0.203756 0.205015 0.005750
12 2 0.207109 0.205015 0.005750
12 3 0.210195 0.205015 0.005750
12 4 0.208182 0.205015 0.005750
12 5 0.208585 0.205015 0.005750
12 6 0.208987 0.205015 0.005750
12 7 0.209658 0.205015 0.005750
12 8 0.207780 0.205015 0.005750
12 9 0.209792 0.205015 0.005750
12 10 0.208585 0.205015 0.005750
12 11 0.210463 0.205015 0.005750
12 12 0.213950 0.205015 0.005750
12 13 0.213950 0.205015 0.005750
12 14 0.210731 0.205015 0.005750
12 15 0.211670 0.205015 0.005750
12 16 0.211402 0.205015 0.005750
12 17 0.209256 0.205015 0.005750
12 18 0.206304 0.205015 0.005750
12 19 0.204292 0.205015 0.005750
12 20 0.201207 0.205015 0.005750
13 0 0.203085 0.205015 0.005750
13 1 0.204695 0.205015 0.005750
13 2 0.205634 0.205015 0.005750
13 3 0.210195 0.205015 0.005750
13 4 0.211670 0.205015 0.005750
13 5 0.210195 0.205015 0.005750
13 6 0.210195 0.205015 0.005750
13 7 0.210597 0.205015 0.005750
13 8 0.208719 0.205015 0.005750
13 9 0.211268 0.205015 0.005750
13 10 0.211804 0.205015 0.005750
13 11 0.211133 0.205015 0.005750
13 12 0.213548 0.205015 0.005750
13 13 0.212877 0.205015 0.005750
13 14 0.211804 0.205015 0.005750
13 15 0.209524 0.205015 0.005750
13 16 0.208048 0.205015 0.005750
13 17 0.209390 0.205015 0.005750
13 18 0.206036 0.205015 0.005750
13 19 0.203219 0.205015 0.005750
13 20 0.197451 0.205015 0.005750
14 0 0.199598 0.205015 0.005750
14 1 0.204292 0.205015 0.005750
14 2 0.205634 0.205015 0.005750
14 3 0.208182 0.205015 0.005750
14 4 0.211133 0.205015 0.005750
14 5 0.211402 0.205015 0.005750
14 6 0.210463 0.205015 0.005750
14 7 0.208585 0.205015 0.005750
14 8 0.208048 0.205015 0.005750
14 9 0.211804 0.205015 0.005750
14 10 0.210999 0.205015 0.005750
14 11 0.212609 0.205015 0.005750
14 12 0.212877 0.205015 0.005750
14 13 0.211133 0.205015 0.005750
14 14 0.210865 0.205015 0.005750
14 15 0.211804 0.205015 0.005750
14 16 0.208853 0.205015 0.005750
14 17 0.208182 0.205015 0.005750
14 18 0.203890 0.205015 0.005750
14 19 0.201878 0.205015 0.005750
14 20 0.196110 0.205015 0.005750
15 0 0.199732 0.205015 0.005750
15 1 0.202280 0.205015 0.005750
15 2 0.203890 0.205015 0.005750
15 3 0.210060 0.205015 0.005750
15 4 0.211670 0.205015 0.005750
15 5 0.208987 0.205015 0.005750
15 6 0.209926 0.205015 0.005750
15 7 0.209390 0.205015 0.005750
15 8 0.209256 0.205015 0.005750
15 9 0.210329 0.205015 0.005750
15 10 0.213950 0.205015 0.005750
15 11 0.213414 0.205015 0.005750
15 12 0.214487 0.205015 0.005750
15 13 0.216901 0.205015 0.005750
15 14 0.214219 0.205015 0.005750
15 15 0.214085 0.205015 0.005750
15 16 0.211804 0.205015 0.005750
15 17 0.209121 0.205015 0.005750
15 18 0.204561 0.205015 0.005750
15 19 0.201207 0.205015 0.005750
15 20 0.193159 0.205015 0.005750
16 0 0.198793 0.205015 0.005750
16 1 0.202012 0.205015 0.005750
16 2 0.204695 0.205015 0.005750
16 3 0.206707 0.205015 0.005750
16 4 0.208048 0.205015 0.005750
16 5 0.208182 0.205015 0.005750
16 6 0.208719 0.205015 0.005750
16 7 0.206304 0.205015 0.005750
16 8 0.207646 0.205015 0.005750
16 9 0.209390 0.205015 0.005750
16 10 0.212341 0.205015 0.005750
16 11 0.211536 0.205015 0.005750
16 12 0.213816 0.205015 0.005750
16 13 0.212475 0.205015 0.005750
16 14 0.212072 0.205015 0.005750
16 15 0.211938 0.205015 0.005750
16 16 0.209524 0.205015 0.005750
16 17 0.205634 0.205015 0.005750
16 18 0.200402 0.205015 0.005750
16 19 0.198659 0.205015 0.005750
16 20 0.191281 0.205015 0.005750
17 0 0.199732 0.205015 0.005750
17 1 0.202280 0.205015 0.005750
17 2 0.203488 0.205015 0.005750
17 3 0.205097 0.205015 0.005750
17 4 0.206304 0.205015 0.005750
17 5 0.210597 0.205015 0.005750
17 6 0.206975 0.205015 0.005750
17 7 0.207109 0.205015 0.005750
17 8 0.207780 0.205015 0.005750
17 9 0.209658 0.205015 0.005750
17 10 0.210329 0.205015 0.005750
17 11 0.212207 0.205015 0.005750
17 12 0.213414 0.205015 0.005750
17 13 0.212743 0.205015 0.005750
17 14 0.212207 0.205015 0.005750
17 15 0.212475 0.205015 0.005750
17 16 0.210329 0.205015 0.005750
17 17 0.206170 0.205015 0.005750
17 18 0.199598 0.205015 0.005750
17 19 0.197854 0.205015 0.005750
17 20 0.189135 0.205015 0.005750
18 0 0.197183 0.205015 0.005750
18 1 0.198659 0.205015 0.005750
18 2 0.200805 0.205015 0.005750
18 3 0.201207 0.205015 0.005750
18 4 0.203890 0.205015 0.005750
18 5 0.205500 0.205015 0.005750
18 6 0.204829 0.205015 0.005750
18 7 0.205097 0.205015 0.005750
18 8 0.205768 0.205015 0.005750
18 9 0.207109 0.205015 0.005750
18 10 0.208317 0.205015 0.005750
18 11 0.208719 0.205015 0.005750
18 12 0.208987 0.205015 0.005750
18 13 0.209792 0.205015 0.005750
18 14 0.208317 0.205015 0.005750
18 15 0.205768 0.205015 0.005750
18 16 0.204963 0.205015 0.005750
18 17 0.202012 0.205015 0.005750
18 18 0.195708 0.205015 0.005750
18 19 0.191415 0.205015 0.005750
18 20 0.183099 0.205015 0.005750
19 0 0.191683 0.205015 0.005750
19 1 0.193159 0.205015 0.005750
19 2 0.193696 0.205015 0.005750
19 3 0.196915 0.205015 0.005750
19 4 0.200805 0.205015 0.005750
19 5 0.202012 0.205015 0.005750
19 6 0.201610 0.205015 0.005750
19 7 0.202146 0.205015 0.005750
19 8 0.202146 0.205015 0.005750
19 9 0.202146 0.205015 0.005750
19 10 0.205634 0.205015 0.005750
19 11 0.202951 0.205015 0.005750
19 12 0.203353 0.205015 0.005750
19 13 0.203353 0.205015 0.005750
19 14 0.201610 0.205015 0.005750
19 15 0.200268 0.205015 0.005750
19 16 0.198390 0.205015 0.005750
19 17 0.194098 0.205015 0.005750
19 18 0.187793 0.205015 0.005750
19 19 0.184306 0.205015 0.005750
19 20 0.175587 0.205015 0.005750
20 0 0.190610 0.205015 0.005750
20 1 0.191013 0.205015 0.005750
20 2 0.192891 0.205015 0.005750
20 3 0.193964 0.205015 0.005750
20 4 0.197049 0.205015 0.005750
20 5 0.197183 0.205015 0.005750
20 6 0.197720 0.205015 0.005750
20 7 0.198524 0.205015 0.005750
20 8 0.197317 0.205015 0.005750
20 9 0.199329 0.205015 0.005750
20 10 0.201073 0.205015 0.005750
20 11 0.196781 0.205015 0.005750
20 12 0.197049 0.205015 0.005750
20 13 0.198659 0.205015 0.005750
20 14 0.194903 0.205015 0.005750
20 15 0.194098 0.205015 0.005750
20 16 0.191549 0.205015 0.005750
20 17 0.188330 0.205015 0.005750
20 18 0.182428 0.205015 0.005750
20 19 0.175855 0.205015 0.005750
20 20 0.168746 0.205015 0.005750
