# contact distance = 32.0 Angstroms
# F = 0.4 kJ/mol

# i j contact_probability mean_contact_probability stddev_contact_probability
0 0 0.184556 0.186562 0.006289
0 1 0.186017 0.186562 0.006289
0 2 0.187842 0.186562 0.006289
0 3 0.186930 0.186562 0.006289
0 4 0.184556 0.186562 0.006289
0 5 0.175064 0.186562 0.006289
0 6 0.170500 0.186562 0.006289
0 7 0.167397 0.186562 0.006289
0 8 0.166302 0.186562 0.006289
0 9 0.165936 0.186562 0.006289
0 10 0.165936 0.186562 0.006289
0 11 0.165936 0.186562 0.006289
0 12 0.168675 0.186562 0.006289
0 13 0.167762 0.186562 0.006289
0 14 0.169405 0.186562 0.006289
0 15 0.175064 0.186562 0.006289
0 16 0.174881 0.186562 0.006289
0 17 0.174699 0.186562 0.006289
0 18 0.175977 0.186562 0.006289
0 19 0.174151 0.186562 0.006289
0 20 0.172326 0.186562 0.006289
1 0 0.187660 0.186562 0.006289
1 1 0.190398 0.186562 0.006289
1 2 0.191128 0.186562 0.006289
1 3 0.192954 0.186562 0.006289
1 4 0.189668 0.186562 0.006289
1 5 0.182001 0.186562 0.006289
1 6 0.176159 0.186562 0.006289
1 7 0.175064 0.186562 0.006289
1 8 0.174334 0.186562 0.006289
1 9 0.173969 0.186562 0.006289
1 10 0.175246 0.186562 0.006289
1 11 0.171413 0.186562 0.006289
1 12 0.173604 0.186562 0.006289
1 13 0.174881 0.186562 0.006289
1 14 0.178167 0.186562 0.006289
1 15 0.179993 0.186562 0.006289
1 16 0.180175 0.186562 0.006289
1 17 0.181636 0.186562 0.006289
1 18 0.185287 0.186562 0.006289
1 19 0.181818 0.186562 0.006289
1 20 0.181088 0.186562 0.006289
2 0 0.185104 0.186562 0.006289
2 1 0.188572 0.186562 0.006289
2 2 0.194049 0.186562 0.006289
2 3 0.194231 0.186562 0.006289
2 4 0.192954 0.186562 0.006289
2 5 0.187842 0.186562 0.006289
2 6 0.180175 0.186562 0.006289
2 7 0.179628 0.186562 0.006289
2 8 0.177620 0.186562 0.006289
2 9 0.177802 0.186562 0.006289
2 10 0.175977 0.186562 0.006289
2 11 0.173786 0.186562 0.006289
2 12 0.176707 0.186562 0.006289
2 13 0.177254 0.186562 0.006289
2 14 0.182548 0.186562 0.006289
2 15 0.182001 0.186562 0.006289
2 16 0.182001 0.186562 0.006289
2 17 0.184922 0.186562 0.006289
2 18 0.188755 0.186562 0.006289
2 19 0.187660 0.186562 0.006289
2 20 0.183826 0.186562 0.006289
3 0 0.187660 0.186562 0.006289
3 1 0.190763 0.186562 0.006289
3 2 0.194962 0.186562 0.006289
3 3 0.196422 0.186562 0.006289
3 4 0.193684 0.186562 0.006289
3 5 0.187842 0.186562 0.006289
3 6 0.186564 0.186562 0.006289
3 7 0.185287 0.186562 0.006289
3 8 0.181088 0.186562 0.006289
3 9 0.179080 0.186562 0.006289
3 10 0.178167 0.186562 0.006289
3 11 0.178715 0.186562 0.006289
3 12 0.177802 0.186562 0.006289
3 13 0.181271 0.186562 0.006289
3 14 0.180175 0.186562 0.006289
3 15 0.184191 0.186562 0.006289
3 16 0.185652 0.186562 0.006289
3 17 0.187112 0.186562 0.006289
3 18 0.187477 0.186562 0.006289
3 19 0.186199 0.186562 0.006289
3 20 0.185287 0.186562 0.006289
4 0 0.186017 0.186562 0.006289
4 1 0.193501 0.186562 0.006289
4 2 0.196422 0.186562 0.006289
4 3 0.197882 0.186562 0.006289
4 4 0.196240 0.186562 0.006289
4 5 0.192223 0.186562 0.006289
4 6 0.189668 0.186562 0.006289
4 7 0.187842 0.186562 0.006289
4 8 0.184922 0.186562 0.006289
4 9 0.183461 0.186562 0.006289
4 10 0.180175 0.186562 0.006289
4 11 0.179080 0.186562 0.006289
4 12 0.180905 0.186562 0.006289
4 13 0.185287 0.186562 0.006289
4 14 0.184374 0.186562 0.006289
4 15 0.186564 0.186562 0.006289
4 16 0.187112 0.186562 0.006289
4 17 0.187477 0.186562 0.006289
4 18 0.187842 0.186562 0.006289
4 19 0.188390 0.186562 0.006289
4 20 0.186382 0.186562 0.006289
5 0 0.184009 0.186562 0.006289
5 1 0.193501 0.186562 0.006289
5 2 0.199525 0.186562 0.006289
5 3 0.196787 0.186562 0.006289
5 4 0.193319 0.186562 0.006289
5 5 0.190215 0.186562 0.006289
5 6 0.191128 0.186562 0.006289
5 7 0.188390 0.186562 0.006289
5 8 0.187295 0.186562 0.006289
5 9 0.184739 0.186562 0.006289
5 10 0.184374 0.186562 0.006289
5 11 0.179263 0.186562 0.006289
5 12 0.183826 0.186562 0.006289
5 13 0.183826 0.186562 0.006289
5 14 0.186930 0.186562 0.006289
5 15 0.190398 0.186562 0.006289
5 16 0.189668 0.186562 0.006289
5 17 0.189850 0.186562 0.006289
5 18 0.188025 0.186562 0.006289
5 19 0.188572 0.186562 0.006289
5 20 0.185104 0.186562 0.006289
6 0 0.180540 0.186562 0.006289
6 1 0.188025 0.186562 0.006289
6 2 0.192406 0.186562 0.006289
6 3 0.195509 0.186562 0.006289
6 4 0.195144 0.186562 0.006289
6 5 0.189120 0.186562 0.006289
6 6 0.190581 0.186562 0.006289
6 7 0.186382 0.186562 0.006289
6 8 0.183279 0.186562 0.006289
6 9 0.185287 0.186562 0.006289
6 10 0.182731 0.186562 0.006289
6 11 0.180358 0.186562 0.006289
6 12 0.184191 0.186562 0.006289
6 13 0.185834 0.186562 0.006289
6 14 0.187477 0.186562 0.006289
6 15 0.190581 0.186562 0.006289
6 16 0.193684 0.186562 0.006289
6 17 0.191676 0.186562 0.006289
6 18 0.191858 0.186562 0.006289
6 19 0.187660 0.186562 0.006289
6 20 0.183826 0.186562 0.006289
7 0 0.176159 0.186562 0.006289
7 1 0.181271 0.186562 0.006289
7 2 0.187842 0.186562 0.006289
7 3 0.189303 0.186562 0.006289
7 4 0.191311 0.186562 0.006289
7 5 0.188938 0.186562 0.006289
7 6 0.187477 0.186562 0.006289
7 7 0.186199 0.186562 0.006289
7 8 0.184556 0.186562 0.006289
7 9 0.184739 0.186562 0.006289
7 10 0.183096 0.186562 0.006289
7 11 0.180358 0.186562 0.006289
7 12 0.182548 0.186562 0.006289
7 13 0.185469 0.186562 0.006289
7 14 0.187477 0.186562 0.006289
7 15 0.190946 0.186562 0.006289
7 16 0.192589 0.186562 0.006289
7 17 0.192223 0.186562 0.006289
7 18 0.190398 0.186562 0.006289
7 19 0.185469 0.186562 0.006289
7 20 0.181088 0.186562 0.006289
8 0 0.176159 0.186562 0.006289
8 1 0.181818 0.186562 0.006289
8 2 0.186564 0.186562 0.006289
8 3 0.189120 0.186562 0.006289
8 4 0.191311 0.186562 0.006289
8 5 0.187477 0.186562 0.006289
8 6 0.186930 0.186562 0.006289
8 7 0.187295 0.186562 0.006289
8 8 0.183279 0.186562 0.006289
8 9 0.184009 0.186562 0.006289
8 10 0.183279 0.186562 0.006289
8 11 0.181088 0.186562 0.006289
8 12 0.182183 0.186562 0.006289
8 13 0.184191 0.186562 0.006289
8 14 0.189668 0.186562 0.006289
8 15 0.191128 0.186562 0.006289
8 16 0.193136 0.186562 0.006289
8 17 0.192406 0.186562 0.006289
8 18 0.191311 0.186562 0.006289
8 19 0.183826 0.186562 0.006289
8 20 0.182183 0.186562 0.006289
9 0 0.173604 0.186562 0.006289
9 1 0.178532 0.186562 0.006289
9 2 0.183279 0.186562 0.006289
9 3 0.188207 0.186562 0.006289
9 4 0.188207 0.186562 0.006289
9 5 0.187112 0.186562 0.006289
9 6 0.185652 0.186562 0.006289
9 7 0.183826 0.186562 0.006289
9 8 0.182183 0.186562 0.006289
9 9 0.185287 0.186562 0.006289
9 10 0.185287 0.186562 0.006289
9 11 0.180540 0.186562 0.006289
9 12 0.181088 0.186562 0.006289
9 13 0.186382 0.186562 0.006289
9 14 0.187842 0.186562 0.006289
9 15 0.191493 0.186562 0.006289
9 16 0.193501 0.186562 0.006289
9 17 0.193136 0.186562 0.006289
9 18 0.188938 0.186562 0.006289
9 19 0.183826 0.186562 0.006289
9 20 0.181636 0.186562 0.006289
10 0 0.173786 0.186562 0.006289
10 1 0.177437 0.186562 0.006289
10 2 0.181088 0.186562 0.006289
10 3 0.181636 0.186562 0.006289
10 4 0.184374 0.186562 0.006289
10 5 0.186017 0.186562 0.006289
10 6 0.185834 0.186562 0.006289
10 7 0.181636 0.186562 0.006289
10 8 0.184922 0.186562 0.006289
10 9 0.186199 0.186562 0.006289
10 10 0.185287 0.186562 0.006289
10 11 0.183279 0.186562 0.006289
10 12 0.182731 0.186562 0.006289
10 13 0.188207 0.186562 0.006289
10 14 0.190763 0.186562 0.006289
10 15 0.191128 0.186562 0.006289
10 16 0.193501 0.186562 0.006289
10 17 0.189485 0.186562 0.006289
10 18 0.189120 0.186562 0.006289
10 19 0.184009 0.186562 0.006289
10 20 0.179810 0.186562 0.006289
11 0 0.171961 0.186562 0.006289
11 1 0.174699 0.186562 0.006289
11 2 0.178167 0.186562 0.006289
11 3 0.182366 0.186562 0.006289
11 4 0.181818 0.186562 0.006289
11 5 0.183826 0.186562 0.006289
11 6 0.183096 0.186562 0.006289
11 7 0.184009 0.186562 0.006289
11 8 0.182548 0.186562 0.006289
11 9 0.185834 0.186562 0.006289
11 10 0.184009 0.186562 0.006289
11 11 0.183461 0.186562 0.006289
11 12 0.183096 0.186562 0.006289
11 13 0.189485 0.186562 0.006289
11 14 0.188938 0.186562 0.006289
11 15 0.191493 0.186562 0.006289
11 16 0.194414 0.186562 0.006289
11 17 0.188390 0.186562 0.006289
11 18 0.187112 0.186562 0.006289
11 19 0.182548 0.186562 0.006289
11 20 0.178715 0.186562 0.006289
12 0 0.173604 0.186562 0.006289
12 1 0.175612 0.186562 0.006289
12 2 0.179810 0.186562 0.006289
12 3 0.182913 0.186562 0.006289
12 4 0.183644 0.186562 0.006289
12 5 0.185834 0.186562 0.006289
12 6 0.184374 0.186562 0.006289
12 7 0.184739 0.186562 0.006289
12 8 0.184374 0.186562 0.006289
12 9 0.185287 0.186562 0.006289
12 10 0.182913 0.186562 0.006289
12 11 0.184556 0.186562 0.006289
12 12 0.183826 0.186562 0.006289
12 13 0.188025 0.186562 0.006289
12 14 0.190398 0.186562 0.006289
12 15 0.189668 0.186562 0.006289
12 16 0.190763 0.186562 0.006289
12 17 0.188207 0.186562 0.006289
12 18 0.186747 0.186562 0.006289
12 19 0.182001 0.186562 0.006289
12 20 0.180540 0.186562 0.006289
13 0 0.175612 0.186562 0.006289
13 1 0.180175 0.186562 0.006289
13 2 0.184556 0.186562 0.006289
13 3 0.186930 0.186562 0.006289
13 4 0.185834 0.186562 0.006289
13 5 0.189485 0.186562 0.006289
13 6 0.187477 0.186562 0.006289
13 7 0.188025 0.186562 0.006289
13 8 0.188572 0.186562 0.006289
13 9 0.189303 0.186562 0.006289
13 10 0.186199 0.186562 0.006289
13 11 0.186017 0.186562 0.006289
13 12 0.184739 0.186562 0.006289
13 13 0.189120 0.186562 0.006289
13 14 0.190215 0.186562 0.006289
13 15 0.191128 0.186562 0.006289
13 16 0.190581 0.186562 0.006289
13 17 0.189303 0.186562 0.006289
13 18 0.190763 0.186562 0.006289
13 19 0.186564 0.186562 0.006289
13 20 0.182548 0.186562 0.006289
14 0 0.178350 0.186562 0.006289
14 1 0.185652 0.186562 0.006289
14 2 0.187660 0.186562 0.006289
14 3 0.188390 0.186562 0.006289
14 4 0.190581 0.186562 0.006289
14 5 0.191128 0.186562 0.006289
14 6 0.190763 0.186562 0.006289
14 7 0.189303 0.186562 0.006289
14 8 0.191493 0.186562 0.006289
14 9 0.190946 0.186562 0.006289
14 10 0.188207 0.186562 0.006289
14 11 0.185834 0.186562 0.006289
14 12 0.186382 0.186562 0.006289
14 13 0.188390 0.186562 0.006289
14 14 0.190033 0.186562 0.006289
14 15 0.194414 0.186562 0.006289
14 16 0.194597 0.186562 0.006289
14 17 0.191858 0.186562 0.006289
14 18 0.192954 0.186562 0.006289
14 19 0.188390 0.186562 0.006289
14 20 0.186382 0.186562 0.006289
15 0 0.184739 0.186562 0.006289
15 1 0.188025 0.186562 0.006289
15 2 0.192589 0.186562 0.006289
15 3 0.192589 0.186562 0.006289
15 4 0.193684 0.186562 0.006289
15 5 0.192406 0.186562 0.006289
15 6 0.193501 0.186562 0.006289
15 7 0.193684 0.186562 0.006289
15 8 0.195692 0.186562 0.006289
15 9 0.197335 0.186562 0.006289
15 10 0.191128 0.186562 0.006289
15 11 0.185104 0.186562 0.006289
15 12 0.187295 0.186562 0.006289
15 13 0.192223 0.186562 0.006289
15 14 0.193684 0.186562 0.006289
15 15 0.194962 0.186562 0.006289
15 16 0.198795 0.186562 0.006289
15 17 0.196422 0.186562 0.006289
15 18 0.195874 0.186562 0.006289
15 19 0.191676 0.186562 0.006289
15 20 0.187477 0.186562 0.006289
16 0 0.186199 0.186562 0.006289
16 1 0.189485 0.186562 0.006289
16 2 0.193501 0.186562 0.006289
16 3 0.195692 0.186562 0.006289
16 4 0.197700 0.186562 0.006289
16 5 0.197335 0.186562 0.006289
16 6 0.197335 0.186562 0.006289
16 7 0.195327 0.186562 0.006289
16 8 0.196057 0.186562 0.006289
16 9 0.195144 0.186562 0.006289
16 10 0.194962 0.186562 0.006289
16 11 0.187660 0.186562 0.006289
16 12 0.190215 0.186562 0.006289
16 13 0.192589 0.186562 0.006289
16 14 0.194414 0.186562 0.006289
16 15 0.196240 0.186562 0.006289
16 16 0.197882 0.186562 0.006289
16 17 0.195874 0.186562 0.006289
16 18 0.195874 0.186562 0.006289
16 19 0.191128 0.186562 0.006289
16 20 0.189668 0.186562 0.006289
17 0 0.188025 0.186562 0.006289
17 1 0.191493 0.186562 0.006289
17 2 0.194049 0.186562 0.006289
17 3 0.194779 0.186562 0.006289
17 4 0.196605 0.186562 0.006289
17 5 0.193319 0.186562 0.006289
17 6 0.194049 0.186562 0.006289
17 7 0.195874 0.186562 0.006289
17 8 0.191493 0.186562 0.006289
17 9 0.192771 0.186562 0.006289
17 10 0.190581 0.186562 0.006289
17 11 0.187477 0.186562 0.006289
17 12 0.187660 0.186562 0.006289
17 13 0.191128 0.186562 0.006289
17 14 0.193319 0.186562 0.006289
17 15 0.196422 0.186562 0.006289
17 16 0.196605 0.186562 0.006289
17 17 0.197152 0.186562 0.006289
17 18 0.197517 0.186562 0.006289
17 19 0.194414 0.186562 0.006289
17 20 0.188207 0.186562 0.006289
18 0 0.184556 0.186562 0.006289
18 1 0.187842 0.186562 0.006289
18 2 0.193319 0.186562 0.006289
18 3 0.192954 0.186562 0.006289
18 4 0.193684 0.186562 0.006289
18 5 0.194597 0.186562 0.006289
18 6 0.193866 0.186562 0.006289
18 7 0.191676 0.186562 0.006289
18 8 0.187842 0.186562 0.006289
18 9 0.190763 0.186562 0.006289
18 10 0.189850 0.186562 0.006289
18 11 0.187295 0.186562 0.006289
18 12 0.188755 0.186562 0.006289
18 13 0.188938 0.186562 0.006289
18 14 0.193136 0.186562 0.006289
18 15 0.195144 0.186562 0.006289
18 16 0.196787 0.186562 0.006289
18 17 0.194414 0.186562 0.006289
18 18 0.195144 0.186562 0.006289
18 19 0.188938 0.186562 0.006289
18 20 0.186747 0.186562 0.006289
19 0 0.183279 0.186562 0.006289
19 1 0.188025 0.186562 0.006289
19 2 0.192041 0.186562 0.006289
19 3 0.190581 0.186562 0.006289
19 4 0.190946 0.186562 0.006289
19 5 0.190581 0.186562 0.006289
19 6 0.190946 0.186562 0.006289
19 7 0.188207 0.186562 0.006289
19 8 0.188390 0.186562 0.006289
19 9 0.189485 0.186562 0.006289
19 10 0.186382 0.186562 0.006289
19 11 0.184556 0.186562 0.006289
19 12 0.184191 0.186562 0.006289
19 13 0.187842 0.186562 0.006289
19 14 0.189303 0.186562 0.006289
19 15 0.191311 0.186562 0.006289
19 16 0.195874 0.186562 0.006289
19 17 0.192223 0.186562 0.006289
19 18 0.189668 0.186562 0.006289
19 19 0.185834 0.186562 0.006289
19 20 0.185652 0.186562 0.006289
20 0 0.178167 0.186562 0.006289
20 1 0.182001 0.186562 0.006289
20 2 0.185469 0.186562 0.006289
20 3 0.187477 0.186562 0.006289
20 4 0.187112 0.186562 0.006289
20 5 0.188390 0.186562 0.006289
20 6 0.186382 0.186562 0.006289
20 7 0.185287 0.186562 0.006289
20 8 0.180540 0.186562 0.006289
20 9 0.181453 0.186562 0.006289
20 10 0.180723 0.186562 0.006289
20 11 0.179993 0.186562 0.006289
20 12 0.181818 0.186562 0.006289
20 13 0.183644 0.186562 0.006289
20 14 0.183644 0.186562 0.006289
20 15 0.188390 0.186562 0.006289
20 16 0.191493 0.186562 0.006289
20 17 0.187295 0.186562 0.006289
20 18 0.186199 0.186562 0.006289
20 19 0.182548 0.186562 0.006289
20 20 0.179993 0.186562 0.006289
