# contact distance = 32.0 Angstroms
# F = 0.4 kJ/mol

# i j contact_probability mean_contact_probability stddev_contact_probability
0 0 0.188602 0.199320 0.005828
0 1 0.191933 0.199320 0.005828
0 2 0.195880 0.199320 0.005828
0 3 0.195263 0.199320 0.005828
0 4 0.196374 0.199320 0.005828
0 5 0.188849 0.199320 0.005828
0 6 0.188972 0.199320 0.005828
0 7 0.186876 0.199320 0.005828
0 8 0.185642 0.199320 0.005828
0 9 0.185519 0.199320 0.005828
0 10 0.187369 0.199320 0.005828
0 11 0.189219 0.199320 0.005828
0 12 0.191686 0.199320 0.005828
0 13 0.195140 0.199320 0.005828
0 14 0.196497 0.199320 0.005828
0 15 0.197484 0.199320 0.005828
0 16 0.196497 0.199320 0.005828
0 17 0.197237 0.199320 0.005828
0 18 0.194770 0.199320 0.005828
0 19 0.190946 0.199320 0.005828
0 20 0.186259 0.199320 0.005828
1 0 0.188972 0.199320 0.005828
1 1 0.195263 0.199320 0.005828
1 2 0.198841 0.199320 0.005828
1 3 0.198594 0.199320 0.005828
1 4 0.197977 0.199320 0.005828
1 5 0.192426 0.199320 0.005828
1 6 0.195510 0.199320 0.005828
1 7 0.191933 0.199320 0.005828
1 8 0.192550 0.199320 0.005828
1 9 0.188972 0.199320 0.005828
1 10 0.191439 0.199320 0.005828
1 11 0.191933 0.199320 0.005828
1 12 0.195510 0.199320 0.005828
1 13 0.196744 0.199320 0.005828
1 14 0.198224 0.199320 0.005828
1 15 0.200937 0.199320 0.005828
1 16 0.201554 0.199320 0.005828
1 17 0.200321 0.199320 0.005828
1 18 0.196990 0.199320 0.005828
1 19 0.193660 0.199320 0.005828
1 20 0.189219 0.199320 0.005828
2 0 0.193166 0.199320 0.005828
2 1 0.197607 0.199320 0.005828
2 2 0.202418 0.199320 0.005828
2 3 0.201431 0.199320 0.005828
2 4 0.201554 0.199320 0.005828
2 5 0.197484 0.199320 0.005828
2 6 0.197854 0.199320 0.005828
2 7 0.195757 0.199320 0.005828
2 8 0.197607 0.199320 0.005828
2 9 0.194647 0.199320 0.005828
2 10 0.192056 0.199320 0.005828
2 11 0.192673 0.199320 0.005828
2 12 0.196990 0.199320 0.005828
2 13 0.197977 0.199320 0.005828
2 14 0.203034 0.199320 0.005828
2 15 0.202294 0.199320 0.005828
2 16 0.203651 0.199320 0.005828
2 17 0.203528 0.199320 0.005828
2 18 0.199951 0.199320 0.005828
2 19 0.196620 0.199320 0.005828
2 20 0.192796 0.199320 0.005828
3 0 0.193907 0.199320 0.005828
3 1 0.198224 0.199320 0.005828
3 2 0.202541 0.199320 0.005828
3 3 0.202418 0.199320 0.005828
3 4 0.201554 0.199320 0.005828
3 5 0.198964 0.199320 0.005828
3 6 0.199704 0.199320 0.005828
3 7 0.200074 0.199320 0.005828
3 8 0.198717 0.199320 0.005828
3 9 0.197114 0.199320 0.005828
3 10 0.194523 0.199320 0.005828
3 11 0.195757 0.199320 0.005828
3 12 0.197730 0.199320 0.005828
3 13 0.201554 0.199320 0.005828
3 14 0.204515 0.199320 0.005828
3 15 0.206242 0.199320 0.005828
3 16 0.205255 0.199320 0.005828
3 17 0.202664 0.199320 0.005828
3 18 0.199211 0.199320 0.005828
3 19 0.195880 0.199320 0.005828
3 20 0.192303 0.199320 0.005828
4 0 0.192056 0.199320 0.005828
4 1 0.196990 0.199320 0.005828
4 2 0.202294 0.199320 0.005828
4 3 0.202171 0.199320 0.005828
4 4 0.201308 0.199320 0.005828
4 5 0.195757 0.199320 0.005828
4 6 0.198100 0.199320 0.005828
4 7 0.199827 0.199320 0.005828
4 8 0.197730 0.199320 0.005828
4 9 0.197237 0.199320 0.005828
4 10 0.194770 0.199320 0.005828
4 11 0.194893 0.199320 0.005828
4 12 0.197730 0.199320 0.005828
4 13 0.201554 0.199320 0.005828
4 14 0.204145 0.199320 0.005828
4 15 0.206858 0.199320 0.005828
4 16 0.206982 0.199320 0.005828
4 17 0.204021 0.199320 0.005828
4 18 0.199951 0.199320 0.005828
4 19 0.198100 0.199320 0.005828
4 20 0.194400 0.199320 0.005828
5 0 0.189959 0.199320 0.005828
5 1 0.197237 0.199320 0.005828
5 2 0.202048 0.199320 0.005828
5 3 0.201554 0.199320 0.005828
5 4 0.202788 0.199320 0.005828
5 5 0.198347 0.199320 0.005828
5 6 0.197854 0.199320 0.005828
5 7 0.196003 0.199320 0.005828
5 8 0.198347 0.199320 0.005828
5 9 0.197237 0.199320 0.005828
5 10 0.195387 0.199320 0.005828
5 11 0.196867 0.199320 0.005828
5 12 0.197854 0.199320 0.005828
5 13 0.201801 0.199320 0.005828
5 14 0.204021 0.199320 0.005828
5 15 0.205748 0.199320 0.005828
5 16 0.208585 0.199320 0.005828
5 17 0.206612 0.199320 0.005828
5 18 0.202171 0.199320 0.005828
5 19 0.199211 0.199320 0.005828
5 20 0.195757 0.199320 0.005828
6 0 0.189096 0.199320 0.005828
6 1 0.194030 0.199320 0.005828
6 2 0.197977 0.199320 0.005828
6 3 0.199827 0.199320 0.005828
6 4 0.201924 0.199320 0.005828
6 5 0.198594 0.199320 0.005828
6 6 0.196867 0.199320 0.005828
6 7 0.195880 0.199320 0.005828
6 8 0.193536 0.199320 0.005828
6 9 0.196497 0.199320 0.005828
6 10 0.198841 0.199320 0.005828
6 11 0.198964 0.199320 0.005828
6 12 0.198224 0.199320 0.005828
6 13 0.200074 0.199320 0.005828
6 14 0.203651 0.199320 0.005828
6 15 0.206612 0.199320 0.005828
6 16 0.205871 0.199320 0.005828
6 17 0.205995 0.199320 0.005828
6 18 0.203281 0.199320 0.005828
6 19 0.199827 0.199320 0.005828
6 20 0.193413 0.199320 0.005828
7 0 0.185889 0.199320 0.005828
7 1 0.190576 0.199320 0.005828
7 2 0.195263 0.199320 0.005828
7 3 0.197730 0.199320 0.005828
7 4 0.200197 0.199320 0.005828
7 5 0.196497 0.199320 0.005828
7 6 0.194647 0.199320 0.005828
7 7 0.194277 0.199320 0.005828
7 8 0.192673 0.199320 0.005828
7 9 0.193536 0.199320 0.005828
7 10 0.196867 0.199320 0.005828
7 11 0.196250 0.199320 0.005828
7 12 0.197114 0.199320 0.005828
7 13 0.197607 0.199320 0.005828
7 14 0.200567 0.199320 0.005828
7 15 0.205008 0.199320 0.005828
7 16 0.205995 0.199320 0.005828
7 17 0.204638 0.199320 0.005828
7 18 0.202171 0.199320 0.005828
7 19 0.198717 0.199320 0.005828
7 20 0.192303 0.199320 0.005828
8 0 0.184655 0.199320 0.005828
8 1 0.189589 0.199320 0.005828
8 2 0.192426 0.199320 0.005828
8 3 0.198717 0.199320 0.005828
8 4 0.199704 0.199320 0.005828
8 5 0.196374 0.199320 0.005828
8 6 0.193166 0.199320 0.005828
8 7 0.190699 0.199320 0.005828
8 8 0.191193 0.199320 0.005828
8 9 0.192550 0.199320 0.005828
8 10 0.192796 0.199320 0.005828
8 11 0.195387 0.199320 0.005828
8 12 0.196250 0.199320 0.005828
8 13 0.198717 0.199320 0.005828
8 14 0.203898 0.199320 0.005828
8 15 0.206982 0.199320 0.005828
8 16 0.206612 0.199320 0.005828
8 17 0.204021 0.199320 0.005828
8 18 0.202541 0.199320 0.005828
8 19 0.198224 0.199320 0.005828
8 20 0.194030 0.199320 0.005828
9 0 0.186012 0.199320 0.005828
9 1 0.192056 0.199320 0.005828
9 2 0.195263 0.199320 0.005828
9 3 0.197977 0.199320 0.005828
9 4 0.199827 0.199320 0.005828
9 5 0.196867 0.199320 0.005828
9 6 0.192673 0.199320 0.005828
9 7 0.191933 0.199320 0.005828
9 8 0.191316 0.199320 0.005828
9 9 0.193783 0.199320 0.005828
9 10 0.193413 0.199320 0.005828
9 11 0.193783 0.199320 0.005828
9 12 0.197360 0.199320 0.005828
9 13 0.197360 0.199320 0.005828
9 14 0.204515 0.199320 0.005828
9 15 0.206735 0.199320 0.005828
9 16 0.208338 0.199320 0.005828
9 17 0.206118 0.199320 0.005828
9 18 0.203281 0.199320 0.005828
9 19 0.200814 0.199320 0.005828
9 20 0.194523 0.199320 0.005828
10 0 0.187246 0.199320 0.005828
10 1 0.191686 0.199320 0.005828
10 2 0.195633 0.199320 0.005828
10 3 0.200444 0.199320 0.005828
10 4 0.202541 0.199320 0.005828
10 5 0.200321 0.199320 0.005828
10 6 0.195140 0.199320 0.005828
10 7 0.194277 0.199320 0.005828
10 8 0.193413 0.199320 0.005828
10 9 0.194277 0.199320 0.005828
10 10 0.196127 0.199320 0.005828
10 11 0.197607 0.199320 0.005828
10 12 0.198717 0.199320 0.005828
10 13 0.203034 0.199320 0.005828
10 14 0.207845 0.199320 0.005828
10 15 0.211052 0.199320 0.005828
10 16 0.212532 0.199320 0.005828
10 17 0.207475 0.199320 0.005828
10 18 0.204638 0.199320 0.005828
10 19 0.202541 0.199320 0.005828
10 20 0.194893 0.199320 0.005828
11 0 0.188479 0.199320 0.005828
11 1 0.193660 0.199320 0.005828
11 2 0.197730 0.199320 0.005828
11 3 0.201184 0.199320 0.005828
11 4 0.204268 0.199320 0.005828
11 5 0.202171 0.199320 0.005828
11 6 0.198717 0.199320 0.005828
11 7 0.195510 0.199320 0.005828
11 8 0.194770 0.199320 0.005828
11 9 0.195017 0.199320 0.005828
11 10 0.194893 0.199320 0.005828
11 11 0.197114 0.199320 0.005828
11 12 0.197730 0.199320 0.005828
11 13 0.202171 0.199320 0.005828
11 14 0.206858 0.199320 0.005828
11 15 0.209325 0.199320 0.005828
11 16 0.211299 0.199320 0.005828
11 17 0.208462 0.199320 0.005828
11 18 0.206858 0.199320 0.005828
11 19 0.202664 0.199320 0.005828
11 20 0.196250 0.199320 0.005828
12 0 0.190329 0.199320 0.005828
12 1 0.192920 0.199320 0.005828
12 2 0.194893 0.199320 0.005828
12 3 0.200691 0.199320 0.005828
12 4 0.204021 0.199320 0.005828
12 5 0.203158 0.199320 0.005828
12 6 0.201431 0.199320 0.005828
12 7 0.198964 0.199320 0.005828
12 8 0.197484 0.199320 0.005828
12 9 0.196744 0.199320 0.005828
12 10 0.196003 0.199320 0.005828
12 11 0.197730 0.199320 0.005828
12 12 0.199827 0.199320 0.005828
12 13 0.203034 0.199320 0.005828
12 14 0.206118 0.199320 0.005828
12 15 0.208338 0.199320 0.005828
12 16 0.211422 0.199320 0.005828
12 17 0.207105 0.199320 0.005828
12 18 0.206118 0.199320 0.005828
12 19 0.202911 0.199320 0.005828
12 20 0.197607 0.199320 0.005828
13 0 0.192920 0.199320 0.005828
13 1 0.196620 0.199320 0.005828
13 2 0.199704 0.199320 0.005828
13 3 0.201308 0.199320 0.005828
13 4 0.205131 0.199320 0.005828
13 5 0.203158 0.199320 0.005828
13 6 0.202171 0.199320 0.005828
13 7 0.199457 0.199320 0.005828
13 8 0.199211 0.199320 0.005828
13 9 0.198347 0.199320 0.005828
13 10 0.198717 0.199320 0.005828
13 11 0.201061 0.199320 0.005828
13 12 0.202048 0.199320 0.005828
13 13 0.205995 0.199320 0.005828
13 14 0.206982 0.199320 0.005828
13 15 0.210189 0.199320 0.005828
13 16 0.212656 0.199320 0.005828
13 17 0.207722 0.199320 0.005828
13 18 0.207845 0.199320 0.005828
13 19 0.204268 0.199320 0.005828
13 20 0.202418 0.199320 0.005828
14 0 0.196374 0.199320 0.005828
14 1 0.199581 0.199320 0.005828
14 2 0.202788 0.199320 0.005828
14 3 0.203651 0.199320 0.005828
14 4 0.204145 0.199320 0.005828
14 5 0.200567 0.199320 0.005828
14 6 0.200937 0.199320 0.005828
14 7 0.199827 0.199320 0.005828
14 8 0.201061 0.199320 0.005828
14 9 0.199704 0.199320 0.005828
14 10 0.200321 0.199320 0.005828
14 11 0.200074 0.199320 0.005828
14 12 0.203158 0.199320 0.005828
14 13 0.207475 0.199320 0.005828
14 14 0.207845 0.199320 0.005828
14 15 0.211052 0.199320 0.005828
14 16 0.211052 0.199320 0.005828
14 17 0.210312 0.199320 0.005828
14 18 0.209572 0.199320 0.005828
14 19 0.205871 0.199320 0.005828
14 20 0.202541 0.199320 0.005828
15 0 0.196744 0.199320 0.005828
15 1 0.197854 0.199320 0.005828
15 2 0.203281 0.199320 0.005828
15 3 0.204145 0.199320 0.005828
15 4 0.206242 0.199320 0.005828
15 5 0.203158 0.199320 0.005828
15 6 0.202294 0.199320 0.005828
15 7 0.200074 0.199320 0.005828
15 8 0.200567 0.199320 0.005828
15 9 0.203281 0.199320 0.005828
15 10 0.200197 0.199320 0.005828
15 11 0.201801 0.199320 0.005828
15 12 0.206982 0.199320 0.005828
15 13 0.210189 0.199320 0.005828
15 14 0.210682 0.199320 0.005828
15 15 0.213149 0.199320 0.005828
15 16 0.210559 0.199320 0.005828
15 17 0.212409 0.199320 0.005828
15 18 0.209449 0.199320 0.005828
15 19 0.207598 0.199320 0.005828
15 20 0.202048 0.199320 0.005828
16 0 0.193660 0.199320 0.005828
16 1 0.197114 0.199320 0.005828
16 2 0.201554 0.199320 0.005828
16 3 0.204268 0.199320 0.005828
16 4 0.207845 0.199320 0.005828
16 5 0.205255 0.199320 0.005828
16 6 0.201678 0.199320 0.005828
16 7 0.200444 0.199320 0.005828
16 8 0.200321 0.199320 0.005828
16 9 0.202171 0.199320 0.005828
16 10 0.201801 0.199320 0.005828
16 11 0.202541 0.199320 0.005828
16 12 0.207228 0.199320 0.005828
16 13 0.209449 0.199320 0.005828
16 14 0.210435 0.199320 0.005828
16 15 0.209572 0.199320 0.005828
16 16 0.209942 0.199320 0.005828
16 17 0.210312 0.199320 0.005828
16 18 0.209695 0.199320 0.005828
16 19 0.206118 0.199320 0.005828
16 20 0.200937 0.199320 0.005828
17 0 0.195510 0.199320 0.005828
17 1 0.198964 0.199320 0.005828
17 2 0.202664 0.199320 0.005828
17 3 0.205625 0.199320 0.005828
17 4 0.206858 0.199320 0.005828
17 5 0.205625 0.199320 0.005828
17 6 0.201308 0.199320 0.005828
17 7 0.200321 0.199320 0.005828
17 8 0.201061 0.199320 0.005828
17 9 0.201924 0.199320 0.005828
17 10 0.203281 0.199320 0.005828
17 11 0.202418 0.199320 0.005828
17 12 0.207228 0.199320 0.005828
17 13 0.209572 0.199320 0.005828
17 14 0.209695 0.199320 0.005828
17 15 0.208832 0.199320 0.005828
17 16 0.210805 0.199320 0.005828
17 17 0.209942 0.199320 0.005828
17 18 0.209079 0.199320 0.005828
17 19 0.203651 0.199320 0.005828
17 20 0.198717 0.199320 0.005828
18 0 0.193783 0.199320 0.005828
18 1 0.199087 0.199320 0.005828
18 2 0.200814 0.199320 0.005828
18 3 0.200691 0.199320 0.005828
18 4 0.202911 0.199320 0.005828
18 5 0.200567 0.199320 0.005828
18 6 0.199087 0.199320 0.005828
18 7 0.198841 0.199320 0.005828
18 8 0.200321 0.199320 0.005828
18 9 0.200567 0.199320 0.005828
18 10 0.199704 0.199320 0.005828
18 11 0.201554 0.199320 0.005828
18 12 0.204885 0.199320 0.005828
18 13 0.206982 0.199320 0.005828
18 14 0.207105 0.199320 0.005828
18 15 0.207722 0.199320 0.005828
18 16 0.207845 0.199320 0.005828
18 17 0.204515 0.199320 0.005828
18 18 0.202418 0.199320 0.005828
18 19 0.198841 0.199320 0.005828
18 20 0.195633 0.199320 0.005828
19 0 0.190329 0.199320 0.005828
19 1 0.195387 0.199320 0.005828
19 2 0.196497 0.199320 0.005828
19 3 0.196990 0.199320 0.005828
19 4 0.197114 0.199320 0.005828
19 5 0.196990 0.199320 0.005828
19 6 0.195757 0.199320 0.005828
19 7 0.192303 0.199320 0.005828
19 8 0.195140 0.199320 0.005828
19 9 0.195880 0.199320 0.005828
19 10 0.196250 0.199320 0.005828
19 11 0.198224 0.199320 0.005828
19 12 0.198594 0.199320 0.005828
19 13 0.201554 0.199320 0.005828
19 14 0.202418 0.199320 0.005828
19 15 0.203281 0.199320 0.005828
19 16 0.201431 0.199320 0.005828
19 17 0.200937 0.199320 0.005828
19 18 0.198964 0.199320 0.005828
19 19 0.195510 0.199320 0.005828
19 20 0.189466 0.199320 0.005828
20 0 0.186752 0.199320 0.005828
20 1 0.192056 0.199320 0.005828
20 2 0.193290 0.199320 0.005828
20 3 0.194030 0.199320 0.005828
20 4 0.195017 0.199320 0.005828
20 5 0.192550 0.199320 0.005828
20 6 0.192303 0.199320 0.005828
20 7 0.190699 0.199320 0.005828
20 8 0.191193 0.199320 0.005828
20 9 0.194153 0.199320 0.005828
20 10 0.192303 0.199320 0.005828
20 11 0.192303 0.199320 0.005828
20 12 0.192673 0.199320 0.005828
20 13 0.194277 0.199320 0.005828
20 14 0.197484 0.199320 0.005828
20 15 0.197114 0.199320 0.005828
20 16 0.197360 0.199320 0.005828
20 17 0.196003 0.199320 0.005828
20 18 0.193290 0.199320 0.005828
20 19 0.186505 0.199320 0.005828
20 20 0.181695 0.199320 0.005828
