# contact distance = 32.0 Angstroms
# F = 0.4 kJ/mol

# i j contact_probability mean_contact_probability stddev_contact_probability
0 0 0.186600 0.191792 0.008035
0 1 0.191085 0.191792 0.008035
0 2 0.192308 0.191792 0.008035
0 3 0.192308 0.191792 0.008035
0 4 0.191356 0.191792 0.008035
0 5 0.188230 0.191792 0.008035
0 6 0.187143 0.191792 0.008035
0 7 0.186464 0.191792 0.008035
0 8 0.185376 0.191792 0.008035
0 9 0.183610 0.191792 0.008035
0 10 0.183610 0.191792 0.008035
0 11 0.181979 0.191792 0.008035
0 12 0.182387 0.191792 0.008035
0 13 0.181979 0.191792 0.008035
0 14 0.182930 0.191792 0.008035
0 15 0.186056 0.191792 0.008035
0 16 0.185512 0.191792 0.008035
0 17 0.184289 0.191792 0.008035
0 18 0.179397 0.191792 0.008035
0 19 0.176814 0.191792 0.008035
0 20 0.173145 0.191792 0.008035
1 0 0.189454 0.191792 0.008035
1 1 0.192580 0.191792 0.008035
1 2 0.196249 0.191792 0.008035
1 3 0.196521 0.191792 0.008035
1 4 0.194618 0.191792 0.008035
1 5 0.191492 0.191792 0.008035
1 6 0.194346 0.191792 0.008035
1 7 0.194482 0.191792 0.008035
1 8 0.191492 0.191792 0.008035
1 9 0.191085 0.191792 0.008035
1 10 0.190813 0.191792 0.008035
1 11 0.191085 0.191792 0.008035
1 12 0.191220 0.191792 0.008035
1 13 0.189046 0.191792 0.008035
1 14 0.187823 0.191792 0.008035
1 15 0.189861 0.191792 0.008035
1 16 0.188774 0.191792 0.008035
1 17 0.186871 0.191792 0.008035
1 18 0.185648 0.191792 0.008035
1 19 0.181027 0.191792 0.008035
1 20 0.178717 0.191792 0.008035
2 0 0.190677 0.191792 0.008035
2 1 0.194618 0.191792 0.008035
2 2 0.196113 0.191792 0.008035
2 3 0.197608 0.191792 0.008035
2 4 0.196929 0.191792 0.008035
2 5 0.193803 0.191792 0.008035
2 6 0.195434 0.191792 0.008035
2 7 0.195569 0.191792 0.008035
2 8 0.194618 0.191792 0.008035
2 9 0.195026 0.191792 0.008035
2 10 0.196793 0.191792 0.008035
2 11 0.195841 0.191792 0.008035
2 12 0.194482 0.191792 0.008035
2 13 0.192172 0.191792 0.008035
2 14 0.189861 0.191792 0.008035
2 15 0.192851 0.191792 0.008035
2 16 0.193531 0.191792 0.008035
2 17 0.188910 0.191792 0.008035
2 18 0.188774 0.191792 0.008035
2 19 0.183746 0.191792 0.008035
2 20 0.182115 0.191792 0.008035
3 0 0.193395 0.191792 0.008035
3 1 0.196793 0.191792 0.008035
3 2 0.196249 0.191792 0.008035
3 3 0.198288 0.191792 0.008035
3 4 0.198831 0.191792 0.008035
3 5 0.199103 0.191792 0.008035
3 6 0.198695 0.191792 0.008035
3 7 0.198695 0.191792 0.008035
3 8 0.199375 0.191792 0.008035
3 9 0.196929 0.191792 0.008035
3 10 0.198967 0.191792 0.008035
3 11 0.199103 0.191792 0.008035
3 12 0.198288 0.191792 0.008035
3 13 0.197336 0.191792 0.008035
3 14 0.195162 0.191792 0.008035
3 15 0.197064 0.191792 0.008035
3 16 0.195026 0.191792 0.008035
3 17 0.195298 0.191792 0.008035
3 18 0.191492 0.191792 0.008035
3 19 0.187551 0.191792 0.008035
3 20 0.185784 0.191792 0.008035
4 0 0.191356 0.191792 0.008035
4 1 0.193803 0.191792 0.008035
4 2 0.195298 0.191792 0.008035
4 3 0.197064 0.191792 0.008035
4 4 0.198967 0.191792 0.008035
4 5 0.199239 0.191792 0.008035
4 6 0.201685 0.191792 0.008035
4 7 0.201549 0.191792 0.008035
4 8 0.198559 0.191792 0.008035
4 9 0.200734 0.191792 0.008035
4 10 0.197880 0.191792 0.008035
4 11 0.201006 0.191792 0.008035
4 12 0.200870 0.191792 0.008035
4 13 0.200462 0.191792 0.008035
4 14 0.198831 0.191792 0.008035
4 15 0.198831 0.191792 0.008035
4 16 0.196521 0.191792 0.008035
4 17 0.195162 0.191792 0.008035
4 18 0.192444 0.191792 0.008035
4 19 0.186871 0.191792 0.008035
4 20 0.184425 0.191792 0.008035
5 0 0.188638 0.191792 0.008035
5 1 0.192851 0.191792 0.008035
5 2 0.196929 0.191792 0.008035
5 3 0.197200 0.191792 0.008035
5 4 0.198559 0.191792 0.008035
5 5 0.200870 0.191792 0.008035
5 6 0.203044 0.191792 0.008035
5 7 0.203044 0.191792 0.008035
5 8 0.200326 0.191792 0.008035
5 9 0.200870 0.191792 0.008035
5 10 0.198967 0.191792 0.008035
5 11 0.199783 0.191792 0.008035
5 12 0.199918 0.191792 0.008035
5 13 0.200054 0.191792 0.008035
5 14 0.198967 0.191792 0.008035
5 15 0.199783 0.191792 0.008035
5 16 0.197744 0.191792 0.008035
5 17 0.194346 0.191792 0.008035
5 18 0.192172 0.191792 0.008035
5 19 0.188774 0.191792 0.008035
5 20 0.183610 0.191792 0.008035
6 0 0.187823 0.191792 0.008035
6 1 0.193395 0.191792 0.008035
6 2 0.194890 0.191792 0.008035
6 3 0.197608 0.191792 0.008035
6 4 0.199918 0.191792 0.008035
6 5 0.201549 0.191792 0.008035
6 6 0.202365 0.191792 0.008035
6 7 0.199783 0.191792 0.008035
6 8 0.201413 0.191792 0.008035
6 9 0.199647 0.191792 0.008035
6 10 0.200190 0.191792 0.008035
6 11 0.198288 0.191792 0.008035
6 12 0.199103 0.191792 0.008035
6 13 0.199511 0.191792 0.008035
6 14 0.199783 0.191792 0.008035
6 15 0.200462 0.191792 0.008035
6 16 0.200326 0.191792 0.008035
6 17 0.197880 0.191792 0.008035
6 18 0.194890 0.191792 0.008035
6 19 0.190541 0.191792 0.008035
6 20 0.185241 0.191792 0.008035
7 0 0.188230 0.191792 0.008035
7 1 0.193123 0.191792 0.008035
7 2 0.193803 0.191792 0.008035
7 3 0.199511 0.191792 0.008035
7 4 0.199918 0.191792 0.008035
7 5 0.200190 0.191792 0.008035
7 6 0.200054 0.191792 0.008035
7 7 0.200462 0.191792 0.008035
7 8 0.198288 0.191792 0.008035
7 9 0.199375 0.191792 0.008035
7 10 0.197880 0.191792 0.008035
7 11 0.196793 0.191792 0.008035
7 12 0.199511 0.191792 0.008035
7 13 0.200734 0.191792 0.008035
7 14 0.201549 0.191792 0.008035
7 15 0.201549 0.191792 0.008035
7 16 0.201685 0.191792 0.008035
7 17 0.201278 0.191792 0.008035
7 18 0.198559 0.191792 0.008035
7 19 0.193259 0.191792 0.008035
7 20 0.188366 0.191792 0.008035
8 0 0.188366 0.191792 0.008035
8 1 0.190269 0.191792 0.008035
8 2 0.193531 0.191792 0.008035
8 3 0.195026 0.191792 0.008035
8 4 0.198423 0.191792 0.008035
8 5 0.200462 0.191792 0.008035
8 6 0.199239 0.191792 0.008035
8 7 0.198016 0.191792 0.008035
8 8 0.199647 0.191792 0.008035
8 9 0.199103 0.191792 0.008035
8 10 0.196657 0.191792 0.008035
8 11 0.195841 0.191792 0.008035
8 12 0.198695 0.191792 0.008035
8 13 0.200462 0.191792 0.008035
8 14 0.200870 0.191792 0.008035
8 15 0.203452 0.191792 0.008035
8 16 0.201685 0.191792 0.008035
8 17 0.199918 0.191792 0.008035
8 18 0.198288 0.191792 0.008035
8 19 0.193259 0.191792 0.008035
8 20 0.187959 0.191792 0.008035
9 0 0.184561 0.191792 0.008035
9 1 0.192308 0.191792 0.008035
9 2 0.192444 0.191792 0.008035
9 3 0.192444 0.191792 0.008035
9 4 0.196929 0.191792 0.008035
9 5 0.198831 0.191792 0.008035
9 6 0.197880 0.191792 0.008035
9 7 0.198423 0.191792 0.008035
9 8 0.197880 0.191792 0.008035
9 9 0.198559 0.191792 0.008035
9 10 0.196113 0.191792 0.008035
9 11 0.196793 0.191792 0.008035
9 12 0.194482 0.191792 0.008035
9 13 0.197880 0.191792 0.008035
9 14 0.198695 0.191792 0.008035
9 15 0.199647 0.191792 0.008035
9 16 0.198967 0.191792 0.008035
9 17 0.198967 0.191792 0.008035
9 18 0.196113 0.191792 0.008035
9 19 0.191356 0.191792 0.008035
9 20 0.185105 0.191792 0.008035
10 0 0.183881 0.191792 0.008035
10 1 0.188774 0.191792 0.008035
10 2 0.193939 0.191792 0.008035
10 3 0.195298 0.191792 0.008035
10 4 0.196929 0.191792 0.008035
10 5 0.199647 0.191792 0.008035
10 6 0.198831 0.191792 0.008035
10 7 0.196793 0.191792 0.008035
10 8 0.196521 0.191792 0.008035
10 9 0.197200 0.191792 0.008035
10 10 0.196521 0.191792 0.008035
10 11 0.195162 0.191792 0.008035
10 12 0.193667 0.191792 0.008035
10 13 0.197744 0.191792 0.008035
10 14 0.197472 0.191792 0.008035
10 15 0.199103 0.191792 0.008035
10 16 0.197744 0.191792 0.008035
10 17 0.198423 0.191792 0.008035
10 18 0.194754 0.191792 0.008035
10 19 0.187007 0.191792 0.008035
10 20 0.181027 0.191792 0.008035
11 0 0.182115 0.191792 0.008035
11 1 0.188095 0.191792 0.008035
11 2 0.190949 0.191792 0.008035
11 3 0.195705 0.191792 0.008035
11 4 0.197336 0.191792 0.008035
11 5 0.197608 0.191792 0.008035
11 6 0.200734 0.191792 0.008035
11 7 0.199511 0.191792 0.008035
11 8 0.197336 0.191792 0.008035
11 9 0.198016 0.191792 0.008035
11 10 0.195298 0.191792 0.008035
11 11 0.197608 0.191792 0.008035
11 12 0.194346 0.191792 0.008035
11 13 0.196521 0.191792 0.008035
11 14 0.198559 0.191792 0.008035
11 15 0.197064 0.191792 0.008035
11 16 0.196657 0.191792 0.008035
11 17 0.194210 0.191792 0.008035
11 18 0.190949 0.191792 0.008035
11 19 0.184561 0.191792 0.008035
11 20 0.183202 0.191792 0.008035
12 0 0.183746 0.191792 0.008035
12 1 0.188774 0.191792 0.008035
12 2 0.192580 0.191792 0.008035
12 3 0.197200 0.191792 0.008035
12 4 0.198016 0.191792 0.008035
12 5 0.197472 0.191792 0.008035
12 6 0.198152 0.191792 0.008035
12 7 0.196793 0.191792 0.008035
12 8 0.195705 0.191792 0.008035
12 9 0.196793 0.191792 0.008035
12 10 0.194210 0.191792 0.008035
12 11 0.193939 0.191792 0.008035
12 12 0.194074 0.191792 0.008035
12 13 0.195569 0.191792 0.008035
12 14 0.195026 0.191792 0.008035
12 15 0.195569 0.191792 0.008035
12 16 0.194754 0.191792 0.008035
12 17 0.192580 0.191792 0.008035
12 18 0.191628 0.191792 0.008035
12 19 0.184833 0.191792 0.008035
12 20 0.181027 0.191792 0.008035
13 0 0.184017 0.191792 0.008035
13 1 0.189318 0.191792 0.008035
13 2 0.194210 0.191792 0.008035
13 3 0.196657 0.191792 0.008035
13 4 0.200190 0.191792 0.008035
13 5 0.196249 0.191792 0.008035
13 6 0.197064 0.191792 0.008035
13 7 0.198152 0.191792 0.008035
13 8 0.195026 0.191792 0.008035
13 9 0.197744 0.191792 0.008035
13 10 0.197608 0.191792 0.008035
13 11 0.196385 0.191792 0.008035
13 12 0.196657 0.191792 0.008035
13 13 0.199511 0.191792 0.008035
13 14 0.195569 0.191792 0.008035
13 15 0.195298 0.191792 0.008035
13 16 0.195977 0.191792 0.008035
13 17 0.193667 0.191792 0.008035
13 18 0.190949 0.191792 0.008035
13 19 0.184425 0.191792 0.008035
13 20 0.179668 0.191792 0.008035
14 0 0.182930 0.191792 0.008035
14 1 0.189182 0.191792 0.008035
14 2 0.193123 0.191792 0.008035
14 3 0.194482 0.191792 0.008035
14 4 0.195298 0.191792 0.008035
14 5 0.194890 0.191792 0.008035
14 6 0.196929 0.191792 0.008035
14 7 0.196657 0.191792 0.008035
14 8 0.198423 0.191792 0.008035
14 9 0.198016 0.191792 0.008035
14 10 0.196929 0.191792 0.008035
14 11 0.197336 0.191792 0.008035
14 12 0.196385 0.191792 0.008035
14 13 0.199511 0.191792 0.008035
14 14 0.196793 0.191792 0.008035
14 15 0.194346 0.191792 0.008035
14 16 0.194754 0.191792 0.008035
14 17 0.191900 0.191792 0.008035
14 18 0.187687 0.191792 0.008035
14 19 0.182794 0.191792 0.008035
14 20 0.175455 0.191792 0.008035
15 0 0.179940 0.191792 0.008035
15 1 0.185241 0.191792 0.008035
15 2 0.188774 0.191792 0.008035
15 3 0.192172 0.191792 0.008035
15 4 0.193667 0.191792 0.008035
15 5 0.193803 0.191792 0.008035
15 6 0.197744 0.191792 0.008035
15 7 0.196793 0.191792 0.008035
15 8 0.196929 0.191792 0.008035
15 9 0.197744 0.191792 0.008035
15 10 0.194210 0.191792 0.008035
15 11 0.194210 0.191792 0.008035
15 12 0.193395 0.191792 0.008035
15 13 0.195298 0.191792 0.008035
15 14 0.196521 0.191792 0.008035
15 15 0.196385 0.191792 0.008035
15 16 0.192715 0.191792 0.008035
15 17 0.192444 0.191792 0.008035
15 18 0.189590 0.191792 0.008035
15 19 0.182251 0.191792 0.008035
15 20 0.175863 0.191792 0.008035
16 0 0.181299 0.191792 0.008035
16 1 0.187143 0.191792 0.008035
16 2 0.189182 0.191792 0.008035
16 3 0.192715 0.191792 0.008035
16 4 0.194754 0.191792 0.008035
16 5 0.195569 0.191792 0.008035
16 6 0.194482 0.191792 0.008035
16 7 0.195298 0.191792 0.008035
16 8 0.196113 0.191792 0.008035
16 9 0.197064 0.191792 0.008035
16 10 0.196521 0.191792 0.008035
16 11 0.195977 0.191792 0.008035
16 12 0.195569 0.191792 0.008035
16 13 0.195705 0.191792 0.008035
16 14 0.192851 0.191792 0.008035
16 15 0.193803 0.191792 0.008035
16 16 0.194482 0.191792 0.008035
16 17 0.189046 0.191792 0.008035
16 18 0.186600 0.191792 0.008035
16 19 0.180892 0.191792 0.008035
16 20 0.176407 0.191792 0.008035
17 0 0.179668 0.191792 0.008035
17 1 0.183881 0.191792 0.008035
17 2 0.186736 0.191792 0.008035
17 3 0.188910 0.191792 0.008035
17 4 0.191356 0.191792 0.008035
17 5 0.195026 0.191792 0.008035
17 6 0.195026 0.191792 0.008035
17 7 0.195705 0.191792 0.008035
17 8 0.194346 0.191792 0.008035
17 9 0.196657 0.191792 0.008035
17 10 0.195162 0.191792 0.008035
17 11 0.194618 0.191792 0.008035
17 12 0.193395 0.191792 0.008035
17 13 0.191356 0.191792 0.008035
17 14 0.188366 0.191792 0.008035
17 15 0.189046 0.191792 0.008035
17 16 0.189046 0.191792 0.008035
17 17 0.185376 0.191792 0.008035
17 18 0.180620 0.191792 0.008035
17 19 0.176950 0.191792 0.008035
17 20 0.173145 0.191792 0.008035
18 0 0.178717 0.191792 0.008035
18 1 0.180756 0.191792 0.008035
18 2 0.185920 0.191792 0.008035
18 3 0.187823 0.191792 0.008035
18 4 0.189318 0.191792 0.008035
18 5 0.191085 0.191792 0.008035
18 6 0.192851 0.191792 0.008035
18 7 0.193123 0.191792 0.008035
18 8 0.191764 0.191792 0.008035
18 9 0.193939 0.191792 0.008035
18 10 0.191764 0.191792 0.008035
18 11 0.189861 0.191792 0.008035
18 12 0.189725 0.191792 0.008035
18 13 0.188230 0.191792 0.008035
18 14 0.185784 0.191792 0.008035
18 15 0.183474 0.191792 0.008035
18 16 0.184425 0.191792 0.008035
18 17 0.180348 0.191792 0.008035
18 18 0.178038 0.191792 0.008035
18 19 0.171922 0.191792 0.008035
18 20 0.166893 0.191792 0.008035
19 0 0.174776 0.191792 0.008035
19 1 0.178038 0.191792 0.008035
19 2 0.181843 0.191792 0.008035
19 3 0.183610 0.191792 0.008035
19 4 0.187415 0.191792 0.008035
19 5 0.188638 0.191792 0.008035
19 6 0.189725 0.191792 0.008035
19 7 0.190269 0.191792 0.008035
19 8 0.190269 0.191792 0.008035
19 9 0.190813 0.191792 0.008035
19 10 0.188910 0.191792 0.008035
19 11 0.184289 0.191792 0.008035
19 12 0.182794 0.191792 0.008035
19 13 0.181435 0.191792 0.008035
19 14 0.179804 0.191792 0.008035
19 15 0.181435 0.191792 0.008035
19 16 0.179261 0.191792 0.008035
19 17 0.174640 0.191792 0.008035
19 18 0.170970 0.191792 0.008035
19 19 0.163224 0.191792 0.008035
19 20 0.158739 0.191792 0.008035
20 0 0.170699 0.191792 0.008035
20 1 0.173960 0.191792 0.008035
20 2 0.178445 0.191792 0.008035
20 3 0.178989 0.191792 0.008035
20 4 0.181979 0.191792 0.008035
20 5 0.182794 0.191792 0.008035
20 6 0.185648 0.191792 0.008035
20 7 0.185376 0.191792 0.008035
20 8 0.184561 0.191792 0.008035
20 9 0.185105 0.191792 0.008035
20 10 0.181707 0.191792 0.008035
20 11 0.179532 0.191792 0.008035
20 12 0.176543 0.191792 0.008035
20 13 0.176271 0.191792 0.008035
20 14 0.172465 0.191792 0.008035
20 15 0.170019 0.191792 0.008035
20 16 0.168660 0.191792 0.008035
20 17 0.164583 0.191792 0.008035
20 18 0.162816 0.191792 0.008035
20 19 0.157380 0.191792 0.008035
20 20 0.152351 0.191792 0.008035
