# contact distance = 32.0 Angstroms
# F = 0.4 kJ/mol

# i j contact_probability mean_contact_probability stddev_contact_probability
0 0 0.207095 0.220920 0.005876
0 1 0.211804 0.220920 0.005876
0 2 0.213583 0.220920 0.005876
0 3 0.216304 0.220920 0.005876
0 4 0.216304 0.220920 0.005876
0 5 0.215676 0.220920 0.005876
0 6 0.215990 0.220920 0.005876
0 7 0.211804 0.220920 0.005876
0 8 0.212327 0.220920 0.005876
0 9 0.208769 0.220920 0.005876
0 10 0.210967 0.220920 0.005876
0 11 0.211699 0.220920 0.005876
0 12 0.212432 0.220920 0.005876
0 13 0.215990 0.220920 0.005876
0 14 0.219234 0.220920 0.005876
0 15 0.222687 0.220920 0.005876
0 16 0.223943 0.220920 0.005876
0 17 0.222059 0.220920 0.005876
0 18 0.220804 0.220920 0.005876
0 19 0.215153 0.220920 0.005876
0 20 0.209920 0.220920 0.005876
1 0 0.208455 0.220920 0.005876
1 1 0.216199 0.220920 0.005876
1 2 0.215048 0.220920 0.005876
1 3 0.218397 0.220920 0.005876
1 4 0.220176 0.220920 0.005876
1 5 0.217560 0.220920 0.005876
1 6 0.219757 0.220920 0.005876
1 7 0.217769 0.220920 0.005876
1 8 0.217350 0.220920 0.005876
1 9 0.215781 0.220920 0.005876
1 10 0.217978 0.220920 0.005876
1 11 0.217141 0.220920 0.005876
1 12 0.217350 0.220920 0.005876
1 13 0.220699 0.220920 0.005876
1 14 0.224048 0.220920 0.005876
1 15 0.225094 0.220920 0.005876
1 16 0.223838 0.220920 0.005876
1 17 0.222164 0.220920 0.005876
1 18 0.219025 0.220920 0.005876
1 19 0.216722 0.220920 0.005876
1 20 0.212013 0.220920 0.005876
2 0 0.209920 0.220920 0.005876
2 1 0.216827 0.220920 0.005876
2 2 0.218606 0.220920 0.005876
2 3 0.220908 0.220920 0.005876
2 4 0.222792 0.220920 0.005876
2 5 0.222164 0.220920 0.005876
2 6 0.222478 0.220920 0.005876
2 7 0.221536 0.220920 0.005876
2 8 0.220071 0.220920 0.005876
2 9 0.219025 0.220920 0.005876
2 10 0.220804 0.220920 0.005876
2 11 0.221118 0.220920 0.005876
2 12 0.220699 0.220920 0.005876
2 13 0.223524 0.220920 0.005876
2 14 0.226245 0.220920 0.005876
2 15 0.228861 0.220920 0.005876
2 16 0.227396 0.220920 0.005876
2 17 0.225199 0.220920 0.005876
2 18 0.224466 0.220920 0.005876
2 19 0.220490 0.220920 0.005876
2 20 0.214943 0.220920 0.005876
3 0 0.212851 0.220920 0.005876
3 1 0.218711 0.220920 0.005876
3 2 0.220280 0.220920 0.005876
3 3 0.223106 0.220920 0.005876
3 4 0.225094 0.220920 0.005876
3 5 0.224048 0.220920 0.005876
3 6 0.222059 0.220920 0.005876
3 7 0.222583 0.220920 0.005876
3 8 0.222478 0.220920 0.005876
3 9 0.223420 0.220920 0.005876
3 10 0.223315 0.220920 0.005876
3 11 0.224362 0.220920 0.005876
3 12 0.225513 0.220920 0.005876
3 13 0.227292 0.220920 0.005876
3 14 0.229594 0.220920 0.005876
3 15 0.230222 0.220920 0.005876
3 16 0.231582 0.220920 0.005876
3 17 0.227396 0.220920 0.005876
3 18 0.225199 0.220920 0.005876
3 19 0.222059 0.220920 0.005876
3 20 0.216932 0.220920 0.005876
4 0 0.214630 0.220920 0.005876
4 1 0.219443 0.220920 0.005876
4 2 0.220908 0.220920 0.005876
4 3 0.225617 0.220920 0.005876
4 4 0.227396 0.220920 0.005876
4 5 0.226350 0.220920 0.005876
4 6 0.226873 0.220920 0.005876
4 7 0.223943 0.220920 0.005876
4 8 0.223524 0.220920 0.005876
4 9 0.223734 0.220920 0.005876
4 10 0.224257 0.220920 0.005876
4 11 0.225722 0.220920 0.005876
4 12 0.227815 0.220920 0.005876
4 13 0.230326 0.220920 0.005876
4 14 0.231164 0.220920 0.005876
4 15 0.233257 0.220920 0.005876
4 16 0.232210 0.220920 0.005876
4 17 0.232105 0.220920 0.005876
4 18 0.228234 0.220920 0.005876
4 19 0.224362 0.220920 0.005876
4 20 0.220280 0.220920 0.005876
5 0 0.212851 0.220920 0.005876
5 1 0.218501 0.220920 0.005876
5 2 0.221955 0.220920 0.005876
5 3 0.224466 0.220920 0.005876
5 4 0.226769 0.220920 0.005876
5 5 0.226350 0.220920 0.005876
5 6 0.225408 0.220920 0.005876
5 7 0.222792 0.220920 0.005876
5 8 0.223943 0.220920 0.005876
5 9 0.221222 0.220920 0.005876
5 10 0.222687 0.220920 0.005876
5 11 0.224780 0.220920 0.005876
5 12 0.226559 0.220920 0.005876
5 13 0.228757 0.220920 0.005876
5 14 0.229699 0.220920 0.005876
5 15 0.231478 0.220920 0.005876
5 16 0.230954 0.220920 0.005876
5 17 0.230745 0.220920 0.005876
5 18 0.227815 0.220920 0.005876
5 19 0.226245 0.220920 0.005876
5 20 0.220699 0.220920 0.005876
6 0 0.210025 0.220920 0.005876
6 1 0.217246 0.220920 0.005876
6 2 0.220385 0.220920 0.005876
6 3 0.222478 0.220920 0.005876
6 4 0.224676 0.220920 0.005876
6 5 0.223524 0.220920 0.005876
6 6 0.223629 0.220920 0.005876
6 7 0.222478 0.220920 0.005876
6 8 0.221641 0.220920 0.005876
6 9 0.219757 0.220920 0.005876
6 10 0.221013 0.220920 0.005876
6 11 0.223524 0.220920 0.005876
6 12 0.223838 0.220920 0.005876
6 13 0.225094 0.220920 0.005876
6 14 0.229071 0.220920 0.005876
6 15 0.230222 0.220920 0.005876
6 16 0.230431 0.220920 0.005876
6 17 0.229489 0.220920 0.005876
6 18 0.227920 0.220920 0.005876
6 19 0.224048 0.220920 0.005876
6 20 0.219339 0.220920 0.005876
7 0 0.207723 0.220920 0.005876
7 1 0.215990 0.220920 0.005876
7 2 0.217350 0.220920 0.005876
7 3 0.219967 0.220920 0.005876
7 4 0.221327 0.220920 0.005876
7 5 0.219967 0.220920 0.005876
7 6 0.220594 0.220920 0.005876
7 7 0.219548 0.220920 0.005876
7 8 0.218292 0.220920 0.005876
7 9 0.218188 0.220920 0.005876
7 10 0.218188 0.220920 0.005876
7 11 0.219653 0.220920 0.005876
7 12 0.221118 0.220920 0.005876
7 13 0.223524 0.220920 0.005876
7 14 0.224571 0.220920 0.005876
7 15 0.226245 0.220920 0.005876
7 16 0.230222 0.220920 0.005876
7 17 0.228966 0.220920 0.005876
7 18 0.227815 0.220920 0.005876
7 19 0.223315 0.220920 0.005876
7 20 0.218920 0.220920 0.005876
8 0 0.206362 0.220920 0.005876
8 1 0.212432 0.220920 0.005876
8 2 0.214943 0.220920 0.005876
8 3 0.218083 0.220920 0.005876
8 4 0.221955 0.220920 0.005876
8 5 0.217350 0.220920 0.005876
8 6 0.219339 0.220920 0.005876
8 7 0.216932 0.220920 0.005876
8 8 0.218501 0.220920 0.005876
8 9 0.217350 0.220920 0.005876
8 10 0.216827 0.220920 0.005876
8 11 0.218397 0.220920 0.005876
8 12 0.219129 0.220920 0.005876
8 13 0.222583 0.220920 0.005876
8 14 0.223106 0.220920 0.005876
8 15 0.225931 0.220920 0.005876
8 16 0.228548 0.220920 0.005876
8 17 0.228234 0.220920 0.005876
8 18 0.225408 0.220920 0.005876
8 19 0.222164 0.220920 0.005876
8 20 0.219443 0.220920 0.005876
9 0 0.204793 0.220920 0.005876
9 1 0.209397 0.220920 0.005876
9 2 0.213583 0.220920 0.005876
9 3 0.216618 0.220920 0.005876
9 4 0.220699 0.220920 0.005876
9 5 0.218292 0.220920 0.005876
9 6 0.219443 0.220920 0.005876
9 7 0.217978 0.220920 0.005876
9 8 0.216932 0.220920 0.005876
9 9 0.216513 0.220920 0.005876
9 10 0.217664 0.220920 0.005876
9 11 0.218815 0.220920 0.005876
9 12 0.218920 0.220920 0.005876
9 13 0.220385 0.220920 0.005876
9 14 0.222897 0.220920 0.005876
9 15 0.226455 0.220920 0.005876
9 16 0.227815 0.220920 0.005876
9 17 0.229803 0.220920 0.005876
9 18 0.223420 0.220920 0.005876
9 19 0.221222 0.220920 0.005876
9 20 0.216199 0.220920 0.005876
10 0 0.206153 0.220920 0.005876
10 1 0.210862 0.220920 0.005876
10 2 0.213060 0.220920 0.005876
10 3 0.215153 0.220920 0.005876
10 4 0.218501 0.220920 0.005876
10 5 0.219548 0.220920 0.005876
10 6 0.218397 0.220920 0.005876
10 7 0.217874 0.220920 0.005876
10 8 0.217978 0.220920 0.005876
10 9 0.214420 0.220920 0.005876
10 10 0.217036 0.220920 0.005876
10 11 0.218920 0.220920 0.005876
10 12 0.217455 0.220920 0.005876
10 13 0.221222 0.220920 0.005876
10 14 0.222478 0.220920 0.005876
10 15 0.226978 0.220920 0.005876
10 16 0.228443 0.220920 0.005876
10 17 0.227815 0.220920 0.005876
10 18 0.223734 0.220920 0.005876
10 19 0.220385 0.220920 0.005876
10 20 0.214734 0.220920 0.005876
11 0 0.209711 0.220920 0.005876
11 1 0.212432 0.220920 0.005876
11 2 0.214420 0.220920 0.005876
11 3 0.217455 0.220920 0.005876
11 4 0.219129 0.220920 0.005876
11 5 0.219862 0.220920 0.005876
11 6 0.217560 0.220920 0.005876
11 7 0.216618 0.220920 0.005876
11 8 0.218711 0.220920 0.005876
11 9 0.212746 0.220920 0.005876
11 10 0.215257 0.220920 0.005876
11 11 0.218920 0.220920 0.005876
11 12 0.217769 0.220920 0.005876
11 13 0.221955 0.220920 0.005876
11 14 0.224362 0.220920 0.005876
11 15 0.228129 0.220920 0.005876
11 16 0.230326 0.220920 0.005876
11 17 0.226036 0.220920 0.005876
11 18 0.223943 0.220920 0.005876
11 19 0.218920 0.220920 0.005876
11 20 0.214630 0.220920 0.005876
12 0 0.210758 0.220920 0.005876
12 1 0.212537 0.220920 0.005876
12 2 0.214525 0.220920 0.005876
12 3 0.218606 0.220920 0.005876
12 4 0.221118 0.220920 0.005876
12 5 0.219653 0.220920 0.005876
12 6 0.219129 0.220920 0.005876
12 7 0.218083 0.220920 0.005876
12 8 0.216513 0.220920 0.005876
12 9 0.216199 0.220920 0.005876
12 10 0.217978 0.220920 0.005876
12 11 0.218815 0.220920 0.005876
12 12 0.219339 0.220920 0.005876
12 13 0.224152 0.220920 0.005876
12 14 0.225617 0.220920 0.005876
12 15 0.229594 0.220920 0.005876
12 16 0.229594 0.220920 0.005876
12 17 0.228024 0.220920 0.005876
12 18 0.223943 0.220920 0.005876
12 19 0.219025 0.220920 0.005876
12 20 0.215467 0.220920 0.005876
13 0 0.213688 0.220920 0.005876
13 1 0.215362 0.220920 0.005876
13 2 0.217455 0.220920 0.005876
13 3 0.223001 0.220920 0.005876
13 4 0.221641 0.220920 0.005876
13 5 0.220280 0.220920 0.005876
13 6 0.218815 0.220920 0.005876
13 7 0.218188 0.220920 0.005876
13 8 0.216722 0.220920 0.005876
13 9 0.215990 0.220920 0.005876
13 10 0.219862 0.220920 0.005876
13 11 0.219862 0.220920 0.005876
13 12 0.222583 0.220920 0.005876
13 13 0.225827 0.220920 0.005876
13 14 0.227396 0.220920 0.005876
13 15 0.231478 0.220920 0.005876
13 16 0.231582 0.220920 0.005876
13 17 0.228757 0.220920 0.005876
13 18 0.227187 0.220920 0.005876
13 19 0.223001 0.220920 0.005876
13 20 0.217455 0.220920 0.005876
14 0 0.214525 0.220920 0.005876
14 1 0.219339 0.220920 0.005876
14 2 0.223001 0.220920 0.005876
14 3 0.223943 0.220920 0.005876
14 4 0.223211 0.220920 0.005876
14 5 0.222269 0.220920 0.005876
14 6 0.219757 0.220920 0.005876
14 7 0.220071 0.220920 0.005876
14 8 0.220071 0.220920 0.005876
14 9 0.217978 0.220920 0.005876
14 10 0.220071 0.220920 0.005876
14 11 0.223106 0.220920 0.005876
14 12 0.224362 0.220920 0.005876
14 13 0.226664 0.220920 0.005876
14 14 0.230117 0.220920 0.005876
14 15 0.230745 0.220920 0.005876
14 16 0.232105 0.220920 0.005876
14 17 0.230850 0.220920 0.005876
14 18 0.228234 0.220920 0.005876
14 19 0.224676 0.220920 0.005876
14 20 0.217246 0.220920 0.005876
15 0 0.217560 0.220920 0.005876
15 1 0.221641 0.220920 0.005876
15 2 0.220804 0.220920 0.005876
15 3 0.222583 0.220920 0.005876
15 4 0.224257 0.220920 0.005876
15 5 0.223001 0.220920 0.005876
15 6 0.222269 0.220920 0.005876
15 7 0.223001 0.220920 0.005876
15 8 0.222164 0.220920 0.005876
15 9 0.221746 0.220920 0.005876
15 10 0.224048 0.220920 0.005876
15 11 0.225617 0.220920 0.005876
15 12 0.226245 0.220920 0.005876
15 13 0.228757 0.220920 0.005876
15 14 0.231164 0.220920 0.005876
15 15 0.233571 0.220920 0.005876
15 16 0.233361 0.220920 0.005876
15 17 0.232001 0.220920 0.005876
15 18 0.228443 0.220920 0.005876
15 19 0.222897 0.220920 0.005876
15 20 0.215676 0.220920 0.005876
16 0 0.219025 0.220920 0.005876
16 1 0.221118 0.220920 0.005876
16 2 0.220804 0.220920 0.005876
16 3 0.223943 0.220920 0.005876
16 4 0.223001 0.220920 0.005876
16 5 0.222897 0.220920 0.005876
16 6 0.222373 0.220920 0.005876
16 7 0.222164 0.220920 0.005876
16 8 0.221850 0.220920 0.005876
16 9 0.221955 0.220920 0.005876
16 10 0.225513 0.220920 0.005876
16 11 0.226036 0.220920 0.005876
16 12 0.225303 0.220920 0.005876
16 13 0.229071 0.220920 0.005876
16 14 0.230640 0.220920 0.005876
16 15 0.234303 0.220920 0.005876
16 16 0.234198 0.220920 0.005876
16 17 0.231582 0.220920 0.005876
16 18 0.229594 0.220920 0.005876
16 19 0.223734 0.220920 0.005876
16 20 0.216618 0.220920 0.005876
17 0 0.218920 0.220920 0.005876
17 1 0.219967 0.220920 0.005876
17 2 0.221432 0.220920 0.005876
17 3 0.222164 0.220920 0.005876
17 4 0.222164 0.220920 0.005876
17 5 0.221118 0.220920 0.005876
17 6 0.221432 0.220920 0.005876
17 7 0.221222 0.220920 0.005876
17 8 0.221955 0.220920 0.005876
17 9 0.222059 0.220920 0.005876
17 10 0.225199 0.220920 0.005876
17 11 0.225303 0.220920 0.005876
17 12 0.223838 0.220920 0.005876
17 13 0.227501 0.220920 0.005876
17 14 0.228966 0.220920 0.005876
17 15 0.232733 0.220920 0.005876
17 16 0.233047 0.220920 0.005876
17 17 0.227815 0.220920 0.005876
17 18 0.226873 0.220920 0.005876
17 19 0.223838 0.220920 0.005876
17 20 0.214943 0.220920 0.005876
18 0 0.216513 0.220920 0.005876
18 1 0.219653 0.220920 0.005876
18 2 0.220804 0.220920 0.005876
18 3 0.219339 0.220920 0.005876
18 4 0.218815 0.220920 0.005876
18 5 0.220280 0.220920 0.005876
18 6 0.220385 0.220920 0.005876
18 7 0.219653 0.220920 0.005876
18 8 0.221013 0.220920 0.005876
18 9 0.221432 0.220920 0.005876
18 10 0.221850 0.220920 0.005876
18 11 0.222583 0.220920 0.005876
18 12 0.223106 0.220920 0.005876
18 13 0.225722 0.220920 0.005876
18 14 0.226036 0.220920 0.005876
18 15 0.229385 0.220920 0.005876
18 16 0.228966 0.220920 0.005876
18 17 0.226036 0.220920 0.005876
18 18 0.223943 0.220920 0.005876
18 19 0.221536 0.220920 0.005876
18 20 0.211699 0.220920 0.005876
19 0 0.211595 0.220920 0.005876
19 1 0.216095 0.220920 0.005876
19 2 0.215885 0.220920 0.005876
19 3 0.217769 0.220920 0.005876
19 4 0.217036 0.220920 0.005876
19 5 0.217141 0.220920 0.005876
19 6 0.218501 0.220920 0.005876
19 7 0.218188 0.220920 0.005876
19 8 0.219548 0.220920 0.005876
19 9 0.217769 0.220920 0.005876
19 10 0.219443 0.220920 0.005876
19 11 0.216409 0.220920 0.005876
19 12 0.217664 0.220920 0.005876
19 13 0.221222 0.220920 0.005876
19 14 0.221955 0.220920 0.005876
19 15 0.222373 0.220920 0.005876
19 16 0.224048 0.220920 0.005876
19 17 0.219757 0.220920 0.005876
19 18 0.218606 0.220920 0.005876
19 19 0.213792 0.220920 0.005876
19 20 0.203642 0.220920 0.005876
20 0 0.206886 0.220920 0.005876
20 1 0.210025 0.220920 0.005876
20 2 0.210444 0.220920 0.005876
20 3 0.213060 0.220920 0.005876
20 4 0.214002 0.220920 0.005876
20 5 0.214734 0.220920 0.005876
20 6 0.214839 0.220920 0.005876
20 7 0.214316 0.220920 0.005876
20 8 0.214630 0.220920 0.005876
20 9 0.213688 0.220920 0.005876
20 10 0.212537 0.220920 0.005876
20 11 0.210758 0.220920 0.005876
20 12 0.211386 0.220920 0.005876
20 13 0.215257 0.220920 0.005876
20 14 0.216827 0.220920 0.005876
20 15 0.215467 0.220920 0.005876
20 16 0.213478 0.220920 0.005876
20 17 0.210862 0.220920 0.005876
20 18 0.208455 0.220920 0.005876
20 19 0.203223 0.220920 0.005876
20 20 0.195061 0.220920 0.005876
