# contact distance = 32.0 Angstroms
# F = 0.4 kJ/mol

# i j contact_probability mean_contact_probability stddev_contact_probability
0 0 0.191573 0.199621 0.006390
0 1 0.195511 0.199621 0.006390
0 2 0.195905 0.199621 0.006390
0 3 0.196298 0.199621 0.006390
0 4 0.196102 0.199621 0.006390
0 5 0.192558 0.199621 0.006390
0 6 0.187242 0.199621 0.006390
0 7 0.182910 0.199621 0.006390
0 8 0.182713 0.199621 0.006390
0 9 0.181729 0.199621 0.006390
0 10 0.183304 0.199621 0.006390
0 11 0.181335 0.199621 0.006390
0 12 0.184682 0.199621 0.006390
0 13 0.186257 0.199621 0.006390
0 14 0.189014 0.199621 0.006390
0 15 0.189210 0.199621 0.006390
0 16 0.190195 0.199621 0.006390
0 17 0.190786 0.199621 0.006390
0 18 0.190392 0.199621 0.006390
0 19 0.186848 0.199621 0.006390
0 20 0.185470 0.199621 0.006390
1 0 0.192361 0.199621 0.006390
1 1 0.194526 0.199621 0.006390
1 2 0.196889 0.199621 0.006390
1 3 0.198661 0.199621 0.006390
1 4 0.200433 0.199621 0.006390
1 5 0.197677 0.199621 0.006390
1 6 0.192361 0.199621 0.006390
1 7 0.189407 0.199621 0.006390
1 8 0.188226 0.199621 0.006390
1 9 0.183107 0.199621 0.006390
1 10 0.186848 0.199621 0.006390
1 11 0.188620 0.199621 0.006390
1 12 0.189801 0.199621 0.006390
1 13 0.193542 0.199621 0.006390
1 14 0.196102 0.199621 0.006390
1 15 0.196692 0.199621 0.006390
1 16 0.196298 0.199621 0.006390
1 17 0.194920 0.199621 0.006390
1 18 0.191573 0.199621 0.006390
1 19 0.193345 0.199621 0.006390
1 20 0.191376 0.199621 0.006390
2 0 0.192754 0.199621 0.006390
2 1 0.196889 0.199621 0.006390
2 2 0.198858 0.199621 0.006390
2 3 0.201024 0.199621 0.006390
2 4 0.202796 0.199621 0.006390
2 5 0.204765 0.199621 0.006390
2 6 0.197283 0.199621 0.006390
2 7 0.192754 0.199621 0.006390
2 8 0.190786 0.199621 0.006390
2 9 0.189210 0.199621 0.006390
2 10 0.192754 0.199621 0.006390
2 11 0.193542 0.199621 0.006390
2 12 0.194526 0.199621 0.006390
2 13 0.195905 0.199621 0.006390
2 14 0.200236 0.199621 0.006390
2 15 0.197874 0.199621 0.006390
2 16 0.198858 0.199621 0.006390
2 17 0.198661 0.199621 0.006390
2 18 0.197480 0.199621 0.006390
2 19 0.195117 0.199621 0.006390
2 20 0.194330 0.199621 0.006390
3 0 0.196495 0.199621 0.006390
3 1 0.198858 0.199621 0.006390
3 2 0.199449 0.199621 0.006390
3 3 0.201221 0.199621 0.006390
3 4 0.204174 0.199621 0.006390
3 5 0.201811 0.199621 0.006390
3 6 0.199055 0.199621 0.006390
3 7 0.197677 0.199621 0.006390
3 8 0.197874 0.199621 0.006390
3 9 0.194330 0.199621 0.006390
3 10 0.196692 0.199621 0.006390
3 11 0.195905 0.199621 0.006390
3 12 0.196495 0.199621 0.006390
3 13 0.199449 0.199621 0.006390
3 14 0.199449 0.199621 0.006390
3 15 0.199646 0.199621 0.006390
3 16 0.202008 0.199621 0.006390
3 17 0.201221 0.199621 0.006390
3 18 0.198070 0.199621 0.006390
3 19 0.201811 0.199621 0.006390
3 20 0.198267 0.199621 0.006390
4 0 0.192164 0.199621 0.006390
4 1 0.199449 0.199621 0.006390
4 2 0.202008 0.199621 0.006390
4 3 0.202599 0.199621 0.006390
4 4 0.205749 0.199621 0.006390
4 5 0.203583 0.199621 0.006390
4 6 0.203190 0.199621 0.006390
4 7 0.196298 0.199621 0.006390
4 8 0.198070 0.199621 0.006390
4 9 0.194723 0.199621 0.006390
4 10 0.198661 0.199621 0.006390
4 11 0.197283 0.199621 0.006390
4 12 0.199842 0.199621 0.006390
4 13 0.200827 0.199621 0.006390
4 14 0.202008 0.199621 0.006390
4 15 0.202599 0.199621 0.006390
4 16 0.205355 0.199621 0.006390
4 17 0.204568 0.199621 0.006390
4 18 0.205749 0.199621 0.006390
4 19 0.203780 0.199621 0.006390
4 20 0.198464 0.199621 0.006390
5 0 0.185666 0.199621 0.006390
5 1 0.192951 0.199621 0.006390
5 2 0.195511 0.199621 0.006390
5 3 0.203190 0.199621 0.006390
5 4 0.203780 0.199621 0.006390
5 5 0.203386 0.199621 0.006390
5 6 0.200827 0.199621 0.006390
5 7 0.199646 0.199621 0.006390
5 8 0.200039 0.199621 0.006390
5 9 0.197874 0.199621 0.006390
5 10 0.197874 0.199621 0.006390
5 11 0.198464 0.199621 0.006390
5 12 0.199842 0.199621 0.006390
5 13 0.201614 0.199621 0.006390
5 14 0.201221 0.199621 0.006390
5 15 0.203780 0.199621 0.006390
5 16 0.206537 0.199621 0.006390
5 17 0.209096 0.199621 0.006390
5 18 0.208899 0.199621 0.006390
5 19 0.204568 0.199621 0.006390
5 20 0.201614 0.199621 0.006390
6 0 0.184091 0.199621 0.006390
6 1 0.187832 0.199621 0.006390
6 2 0.195314 0.199621 0.006390
6 3 0.200236 0.199621 0.006390
6 4 0.202599 0.199621 0.006390
6 5 0.201418 0.199621 0.006390
6 6 0.201811 0.199621 0.006390
6 7 0.198267 0.199621 0.006390
6 8 0.200236 0.199621 0.006390
6 9 0.197874 0.199621 0.006390
6 10 0.201811 0.199621 0.006390
6 11 0.201418 0.199621 0.006390
6 12 0.198661 0.199621 0.006390
6 13 0.200630 0.199621 0.006390
6 14 0.203583 0.199621 0.006390
6 15 0.204765 0.199621 0.006390
6 16 0.209884 0.199621 0.006390
6 17 0.210278 0.199621 0.006390
6 18 0.207324 0.199621 0.006390
6 19 0.203583 0.199621 0.006390
6 20 0.200236 0.199621 0.006390
7 0 0.181532 0.199621 0.006390
7 1 0.190392 0.199621 0.006390
7 2 0.194133 0.199621 0.006390
7 3 0.197086 0.199621 0.006390
7 4 0.201221 0.199621 0.006390
7 5 0.201221 0.199621 0.006390
7 6 0.199646 0.199621 0.006390
7 7 0.197480 0.199621 0.006390
7 8 0.199646 0.199621 0.006390
7 9 0.198858 0.199621 0.006390
7 10 0.200039 0.199621 0.006390
7 11 0.202796 0.199621 0.006390
7 12 0.199055 0.199621 0.006390
7 13 0.199646 0.199621 0.006390
7 14 0.203583 0.199621 0.006390
7 15 0.204962 0.199621 0.006390
7 16 0.207521 0.199621 0.006390
7 17 0.210475 0.199621 0.006390
7 18 0.208112 0.199621 0.006390
7 19 0.206930 0.199621 0.006390
7 20 0.203583 0.199621 0.006390
8 0 0.183698 0.199621 0.006390
8 1 0.186848 0.199621 0.006390
8 2 0.192754 0.199621 0.006390
8 3 0.198661 0.199621 0.006390
8 4 0.200827 0.199621 0.006390
8 5 0.204174 0.199621 0.006390
8 6 0.201418 0.199621 0.006390
8 7 0.200236 0.199621 0.006390
8 8 0.203780 0.199621 0.006390
8 9 0.199252 0.199621 0.006390
8 10 0.202796 0.199621 0.006390
8 11 0.201221 0.199621 0.006390
8 12 0.197677 0.199621 0.006390
8 13 0.200827 0.199621 0.006390
8 14 0.203977 0.199621 0.006390
8 15 0.207521 0.199621 0.006390
8 16 0.208703 0.199621 0.006390
8 17 0.209884 0.199621 0.006390
8 18 0.208112 0.199621 0.006390
8 19 0.203977 0.199621 0.006390
8 20 0.204962 0.199621 0.006390
9 0 0.181926 0.199621 0.006390
9 1 0.186454 0.199621 0.006390
9 2 0.192754 0.199621 0.006390
9 3 0.198267 0.199621 0.006390
9 4 0.200630 0.199621 0.006390
9 5 0.203977 0.199621 0.006390
9 6 0.201614 0.199621 0.006390
9 7 0.200039 0.199621 0.006390
9 8 0.199449 0.199621 0.006390
9 9 0.197874 0.199621 0.006390
9 10 0.201614 0.199621 0.006390
9 11 0.203780 0.199621 0.006390
9 12 0.201811 0.199621 0.006390
9 13 0.202402 0.199621 0.006390
9 14 0.203977 0.199621 0.006390
9 15 0.206143 0.199621 0.006390
9 16 0.209490 0.199621 0.006390
9 17 0.208899 0.199621 0.006390
9 18 0.210278 0.199621 0.006390
9 19 0.206143 0.199621 0.006390
9 20 0.204371 0.199621 0.006390
10 0 0.179366 0.199621 0.006390
10 1 0.184485 0.199621 0.006390
10 2 0.189801 0.199621 0.006390
10 3 0.197874 0.199621 0.006390
10 4 0.198661 0.199621 0.006390
10 5 0.202205 0.199621 0.006390
10 6 0.199842 0.199621 0.006390
10 7 0.198661 0.199621 0.006390
10 8 0.201024 0.199621 0.006390
10 9 0.195708 0.199621 0.006390
10 10 0.198858 0.199621 0.006390
10 11 0.203977 0.199621 0.006390
10 12 0.204371 0.199621 0.006390
10 13 0.202796 0.199621 0.006390
10 14 0.203386 0.199621 0.006390
10 15 0.204765 0.199621 0.006390
10 16 0.210278 0.199621 0.006390
10 17 0.209884 0.199621 0.006390
10 18 0.207915 0.199621 0.006390
10 19 0.205749 0.199621 0.006390
10 20 0.205946 0.199621 0.006390
11 0 0.179760 0.199621 0.006390
11 1 0.186651 0.199621 0.006390
11 2 0.192754 0.199621 0.006390
11 3 0.198464 0.199621 0.006390
11 4 0.199646 0.199621 0.006390
11 5 0.203386 0.199621 0.006390
11 6 0.202205 0.199621 0.006390
11 7 0.201418 0.199621 0.006390
11 8 0.199449 0.199621 0.006390
11 9 0.195117 0.199621 0.006390
11 10 0.200433 0.199621 0.006390
11 11 0.202402 0.199621 0.006390
11 12 0.204371 0.199621 0.006390
11 13 0.204962 0.199621 0.006390
11 14 0.207718 0.199621 0.006390
11 15 0.206143 0.199621 0.006390
11 16 0.209096 0.199621 0.006390
11 17 0.206734 0.199621 0.006390
11 18 0.205946 0.199621 0.006390
11 19 0.205552 0.199621 0.006390
11 20 0.203583 0.199621 0.006390
12 0 0.181138 0.199621 0.006390
12 1 0.186060 0.199621 0.006390
12 2 0.191573 0.199621 0.006390
12 3 0.197874 0.199621 0.006390
12 4 0.197677 0.199621 0.006390
12 5 0.200433 0.199621 0.006390
12 6 0.202205 0.199621 0.006390
12 7 0.198661 0.199621 0.006390
12 8 0.197677 0.199621 0.006390
12 9 0.198464 0.199621 0.006390
12 10 0.200433 0.199621 0.006390
12 11 0.202205 0.199621 0.006390
12 12 0.201811 0.199621 0.006390
12 13 0.202993 0.199621 0.006390
12 14 0.206340 0.199621 0.006390
12 15 0.202008 0.199621 0.006390
12 16 0.204371 0.199621 0.006390
12 17 0.204371 0.199621 0.006390
12 18 0.204962 0.199621 0.006390
12 19 0.202205 0.199621 0.006390
12 20 0.199055 0.199621 0.006390
13 0 0.185076 0.199621 0.006390
13 1 0.191573 0.199621 0.006390
13 2 0.192361 0.199621 0.006390
13 3 0.197086 0.199621 0.006390
13 4 0.200236 0.199621 0.006390
13 5 0.201614 0.199621 0.006390
13 6 0.202402 0.199621 0.006390
13 7 0.198661 0.199621 0.006390
13 8 0.199055 0.199621 0.006390
13 9 0.198661 0.199621 0.006390
13 10 0.201811 0.199621 0.006390
13 11 0.200630 0.199621 0.006390
13 12 0.202402 0.199621 0.006390
13 13 0.204371 0.199621 0.006390
13 14 0.205946 0.199621 0.006390
13 15 0.204765 0.199621 0.006390
13 16 0.205552 0.199621 0.006390
13 17 0.207324 0.199621 0.006390
13 18 0.204765 0.199621 0.006390
13 19 0.203780 0.199621 0.006390
13 20 0.201614 0.199621 0.006390
14 0 0.188423 0.199621 0.006390
14 1 0.192951 0.199621 0.006390
14 2 0.196102 0.199621 0.006390
14 3 0.200236 0.199621 0.006390
14 4 0.202993 0.199621 0.006390
14 5 0.205946 0.199621 0.006390
14 6 0.202205 0.199621 0.006390
14 7 0.198464 0.199621 0.006390
14 8 0.197677 0.199621 0.006390
14 9 0.199252 0.199621 0.006390
14 10 0.199842 0.199621 0.006390
14 11 0.201418 0.199621 0.006390
14 12 0.202993 0.199621 0.006390
14 13 0.202993 0.199621 0.006390
14 14 0.203583 0.199621 0.006390
14 15 0.207127 0.199621 0.006390
14 16 0.208506 0.199621 0.006390
14 17 0.207521 0.199621 0.006390
14 18 0.203977 0.199621 0.006390
14 19 0.199055 0.199621 0.006390
14 20 0.197874 0.199621 0.006390
15 0 0.187242 0.199621 0.006390
15 1 0.191967 0.199621 0.006390
15 2 0.196889 0.199621 0.006390
15 3 0.201614 0.199621 0.006390
15 4 0.202402 0.199621 0.006390
15 5 0.204765 0.199621 0.006390
15 6 0.205749 0.199621 0.006390
15 7 0.201614 0.199621 0.006390
15 8 0.200827 0.199621 0.006390
15 9 0.200630 0.199621 0.006390
15 10 0.201811 0.199621 0.006390
15 11 0.201221 0.199621 0.006390
15 12 0.204174 0.199621 0.006390
15 13 0.205355 0.199621 0.006390
15 14 0.206734 0.199621 0.006390
15 15 0.207521 0.199621 0.006390
15 16 0.210671 0.199621 0.006390
15 17 0.210868 0.199621 0.006390
15 18 0.204568 0.199621 0.006390
15 19 0.202205 0.199621 0.006390
15 20 0.198464 0.199621 0.006390
16 0 0.185666 0.199621 0.006390
16 1 0.190982 0.199621 0.006390
16 2 0.196298 0.199621 0.006390
16 3 0.202205 0.199621 0.006390
16 4 0.204568 0.199621 0.006390
16 5 0.206340 0.199621 0.006390
16 6 0.204765 0.199621 0.006390
16 7 0.202402 0.199621 0.006390
16 8 0.202599 0.199621 0.006390
16 9 0.203583 0.199621 0.006390
16 10 0.203583 0.199621 0.006390
16 11 0.204174 0.199621 0.006390
16 12 0.204174 0.199621 0.006390
16 13 0.204765 0.199621 0.006390
16 14 0.208112 0.199621 0.006390
16 15 0.210278 0.199621 0.006390
16 16 0.211853 0.199621 0.006390
16 17 0.209687 0.199621 0.006390
16 18 0.205355 0.199621 0.006390
16 19 0.203190 0.199621 0.006390
16 20 0.200630 0.199621 0.006390
17 0 0.188817 0.199621 0.006390
17 1 0.192164 0.199621 0.006390
17 2 0.196495 0.199621 0.006390
17 3 0.203977 0.199621 0.006390
17 4 0.207718 0.199621 0.006390
17 5 0.207915 0.199621 0.006390
17 6 0.201614 0.199621 0.006390
17 7 0.202796 0.199621 0.006390
17 8 0.204371 0.199621 0.006390
17 9 0.203780 0.199621 0.006390
17 10 0.202402 0.199621 0.006390
17 11 0.201811 0.199621 0.006390
17 12 0.201418 0.199621 0.006390
17 13 0.205552 0.199621 0.006390
17 14 0.207324 0.199621 0.006390
17 15 0.209293 0.199621 0.006390
17 16 0.207718 0.199621 0.006390
17 17 0.205552 0.199621 0.006390
17 18 0.203190 0.199621 0.006390
17 19 0.203190 0.199621 0.006390
17 20 0.200630 0.199621 0.006390
18 0 0.187242 0.199621 0.006390
18 1 0.194330 0.199621 0.006390
18 2 0.197086 0.199621 0.006390
18 3 0.203386 0.199621 0.006390
18 4 0.206340 0.199621 0.006390
18 5 0.204962 0.199621 0.006390
18 6 0.203190 0.199621 0.006390
18 7 0.199842 0.199621 0.006390
18 8 0.199646 0.199621 0.006390
18 9 0.200827 0.199621 0.006390
18 10 0.201024 0.199621 0.006390
18 11 0.203977 0.199621 0.006390
18 12 0.204568 0.199621 0.006390
18 13 0.207127 0.199621 0.006390
18 14 0.205749 0.199621 0.006390
18 15 0.207521 0.199621 0.006390
18 16 0.208309 0.199621 0.006390
18 17 0.206734 0.199621 0.006390
18 18 0.205749 0.199621 0.006390
18 19 0.203583 0.199621 0.006390
18 20 0.200236 0.199621 0.006390
19 0 0.188226 0.199621 0.006390
19 1 0.191967 0.199621 0.006390
19 2 0.195511 0.199621 0.006390
19 3 0.203190 0.199621 0.006390
19 4 0.205355 0.199621 0.006390
19 5 0.201221 0.199621 0.006390
19 6 0.203583 0.199621 0.006390
19 7 0.202008 0.199621 0.006390
19 8 0.202205 0.199621 0.006390
19 9 0.201418 0.199621 0.006390
19 10 0.203190 0.199621 0.006390
19 11 0.206930 0.199621 0.006390
19 12 0.203977 0.199621 0.006390
19 13 0.206930 0.199621 0.006390
19 14 0.205749 0.199621 0.006390
19 15 0.209490 0.199621 0.006390
19 16 0.207915 0.199621 0.006390
19 17 0.206143 0.199621 0.006390
19 18 0.203190 0.199621 0.006390
19 19 0.200039 0.199621 0.006390
19 20 0.198858 0.199621 0.006390
20 0 0.184879 0.199621 0.006390
20 1 0.187438 0.199621 0.006390
20 2 0.189604 0.199621 0.006390
20 3 0.195905 0.199621 0.006390
20 4 0.196495 0.199621 0.006390
20 5 0.196495 0.199621 0.006390
20 6 0.197677 0.199621 0.006390
20 7 0.195314 0.199621 0.006390
20 8 0.195511 0.199621 0.006390
20 9 0.197283 0.199621 0.006390
20 10 0.199842 0.199621 0.006390
20 11 0.200039 0.199621 0.006390
20 12 0.197677 0.199621 0.006390
20 13 0.200433 0.199621 0.006390
20 14 0.200630 0.199621 0.006390
20 15 0.199055 0.199621 0.006390
20 16 0.198661 0.199621 0.006390
20 17 0.199646 0.199621 0.006390
20 18 0.195708 0.199621 0.006390
20 19 0.195314 0.199621 0.006390
20 20 0.192558 0.199621 0.006390
