# contact distance = 32.0 Angstroms
# F = 0.4 kJ/mol

# i j contact_probability mean_contact_probability stddev_contact_probability
0 0 0.249539 0.252179 0.012124
0 1 0.250042 0.252179 0.012124
0 2 0.250042 0.252179 0.012124
0 3 0.247863 0.252179 0.012124
0 4 0.247528 0.252179 0.012124
0 5 0.247528 0.252179 0.012124
0 6 0.247696 0.252179 0.012124
0 7 0.245517 0.252179 0.012124
0 8 0.245014 0.252179 0.012124
0 9 0.244344 0.252179 0.012124
0 10 0.236970 0.252179 0.012124
0 11 0.239316 0.252179 0.012124
0 12 0.238646 0.252179 0.012124
0 13 0.234456 0.252179 0.012124
0 14 0.232110 0.252179 0.012124
0 15 0.231775 0.252179 0.012124
0 16 0.225574 0.252179 0.012124
0 17 0.223060 0.252179 0.012124
0 18 0.217865 0.252179 0.012124
0 19 0.210659 0.252179 0.012124
0 20 0.205631 0.252179 0.012124
1 0 0.249707 0.252179 0.012124
1 1 0.251047 0.252179 0.012124
1 2 0.251885 0.252179 0.012124
1 3 0.250712 0.252179 0.012124
1 4 0.253226 0.252179 0.012124
1 5 0.252723 0.252179 0.012124
1 6 0.252388 0.252179 0.012124
1 7 0.251718 0.252179 0.012124
1 8 0.246355 0.252179 0.012124
1 9 0.247360 0.252179 0.012124
1 10 0.245182 0.252179 0.012124
1 11 0.246690 0.252179 0.012124
1 12 0.243674 0.252179 0.012124
1 13 0.243171 0.252179 0.012124
1 14 0.239819 0.252179 0.012124
1 15 0.237138 0.252179 0.012124
1 16 0.233953 0.252179 0.012124
1 17 0.231104 0.252179 0.012124
1 18 0.223898 0.252179 0.012124
1 19 0.220211 0.252179 0.012124
1 20 0.212167 0.252179 0.012124
2 0 0.250042 0.252179 0.012124
2 1 0.254232 0.252179 0.012124
2 2 0.251885 0.252179 0.012124
2 3 0.250880 0.252179 0.012124
2 4 0.253896 0.252179 0.012124
2 5 0.258086 0.252179 0.012124
2 6 0.255405 0.252179 0.012124
2 7 0.253394 0.252179 0.012124
2 8 0.252221 0.252179 0.012124
2 9 0.253561 0.252179 0.012124
2 10 0.250042 0.252179 0.012124
2 11 0.250042 0.252179 0.012124
2 12 0.249707 0.252179 0.012124
2 13 0.246858 0.252179 0.012124
2 14 0.242836 0.252179 0.012124
2 15 0.241160 0.252179 0.012124
2 16 0.240489 0.252179 0.012124
2 17 0.236467 0.252179 0.012124
2 18 0.229093 0.252179 0.012124
2 19 0.223228 0.252179 0.012124
2 20 0.217195 0.252179 0.012124
3 0 0.251047 0.252179 0.012124
3 1 0.254734 0.252179 0.012124
3 2 0.251550 0.252179 0.012124
3 3 0.252388 0.252179 0.012124
3 4 0.254232 0.252179 0.012124
3 5 0.258589 0.252179 0.012124
3 6 0.256745 0.252179 0.012124
3 7 0.253561 0.252179 0.012124
3 8 0.255237 0.252179 0.012124
3 9 0.256243 0.252179 0.012124
3 10 0.255405 0.252179 0.012124
3 11 0.255237 0.252179 0.012124
3 12 0.252891 0.252179 0.012124
3 13 0.251047 0.252179 0.012124
3 14 0.247193 0.252179 0.012124
3 15 0.242668 0.252179 0.012124
3 16 0.241160 0.252179 0.012124
3 17 0.241160 0.252179 0.012124
3 18 0.233115 0.252179 0.012124
3 19 0.226077 0.252179 0.012124
3 20 0.218368 0.252179 0.012124
4 0 0.254399 0.252179 0.012124
4 1 0.255070 0.252179 0.012124
4 2 0.256075 0.252179 0.012124
4 3 0.257416 0.252179 0.012124
4 4 0.258086 0.252179 0.012124
4 5 0.259427 0.252179 0.012124
4 6 0.258924 0.252179 0.012124
4 7 0.259259 0.252179 0.012124
4 8 0.258254 0.252179 0.012124
4 9 0.258421 0.252179 0.012124
4 10 0.257919 0.252179 0.012124
4 11 0.256745 0.252179 0.012124
4 12 0.254902 0.252179 0.012124
4 13 0.253058 0.252179 0.012124
4 14 0.251718 0.252179 0.012124
4 15 0.248701 0.252179 0.012124
4 16 0.246355 0.252179 0.012124
4 17 0.246020 0.252179 0.012124
4 18 0.239316 0.252179 0.012124
4 19 0.230266 0.252179 0.012124
4 20 0.226412 0.252179 0.012124
5 0 0.249204 0.252179 0.012124
5 1 0.254232 0.252179 0.012124
5 2 0.256075 0.252179 0.012124
5 3 0.257919 0.252179 0.012124
5 4 0.259762 0.252179 0.012124
5 5 0.261941 0.252179 0.012124
5 6 0.258756 0.252179 0.012124
5 7 0.258421 0.252179 0.012124
5 8 0.259594 0.252179 0.012124
5 9 0.261438 0.252179 0.012124
5 10 0.258756 0.252179 0.012124
5 11 0.256745 0.252179 0.012124
5 12 0.256243 0.252179 0.012124
5 13 0.256075 0.252179 0.012124
5 14 0.253226 0.252179 0.012124
5 15 0.249204 0.252179 0.012124
5 16 0.247360 0.252179 0.012124
5 17 0.246690 0.252179 0.012124
5 18 0.240322 0.252179 0.012124
5 19 0.234289 0.252179 0.012124
5 20 0.227920 0.252179 0.012124
6 0 0.245852 0.252179 0.012124
6 1 0.251550 0.252179 0.012124
6 2 0.257081 0.252179 0.012124
6 3 0.258254 0.252179 0.012124
6 4 0.258756 0.252179 0.012124
6 5 0.259762 0.252179 0.012124
6 6 0.261103 0.252179 0.012124
6 7 0.259930 0.252179 0.012124
6 8 0.262611 0.252179 0.012124
6 9 0.262611 0.252179 0.012124
6 10 0.259762 0.252179 0.012124
6 11 0.259427 0.252179 0.012124
6 12 0.257919 0.252179 0.012124
6 13 0.257081 0.252179 0.012124
6 14 0.254567 0.252179 0.012124
6 15 0.253561 0.252179 0.012124
6 16 0.251718 0.252179 0.012124
6 17 0.250712 0.252179 0.012124
6 18 0.243841 0.252179 0.012124
6 19 0.239149 0.252179 0.012124
6 20 0.233618 0.252179 0.012124
7 0 0.246187 0.252179 0.012124
7 1 0.252556 0.252179 0.012124
7 2 0.256745 0.252179 0.012124
7 3 0.257416 0.252179 0.012124
7 4 0.257248 0.252179 0.012124
7 5 0.260768 0.252179 0.012124
7 6 0.264119 0.252179 0.012124
7 7 0.262443 0.252179 0.012124
7 8 0.265963 0.252179 0.012124
7 9 0.265125 0.252179 0.012124
7 10 0.263449 0.252179 0.012124
7 11 0.262946 0.252179 0.012124
7 12 0.260265 0.252179 0.012124
7 13 0.258756 0.252179 0.012124
7 14 0.257416 0.252179 0.012124
7 15 0.256913 0.252179 0.012124
7 16 0.252556 0.252179 0.012124
7 17 0.250712 0.252179 0.012124
7 18 0.245685 0.252179 0.012124
7 19 0.239651 0.252179 0.012124
7 20 0.234289 0.252179 0.012124
8 0 0.244847 0.252179 0.012124
8 1 0.248869 0.252179 0.012124
8 2 0.255907 0.252179 0.012124
8 3 0.257248 0.252179 0.012124
8 4 0.260432 0.252179 0.012124
8 5 0.261438 0.252179 0.012124
8 6 0.267136 0.252179 0.012124
8 7 0.267639 0.252179 0.012124
8 8 0.268309 0.252179 0.012124
8 9 0.267136 0.252179 0.012124
8 10 0.265628 0.252179 0.012124
8 11 0.265628 0.252179 0.012124
8 12 0.262946 0.252179 0.012124
8 13 0.263784 0.252179 0.012124
8 14 0.259594 0.252179 0.012124
8 15 0.257248 0.252179 0.012124
8 16 0.255572 0.252179 0.012124
8 17 0.253226 0.252179 0.012124
8 18 0.247863 0.252179 0.012124
8 19 0.244847 0.252179 0.012124
8 20 0.239819 0.252179 0.012124
9 0 0.244847 0.252179 0.012124
9 1 0.248701 0.252179 0.012124
9 2 0.252723 0.252179 0.012124
9 3 0.258086 0.252179 0.012124
9 4 0.261103 0.252179 0.012124
9 5 0.264119 0.252179 0.012124
9 6 0.267806 0.252179 0.012124
9 7 0.268979 0.252179 0.012124
9 8 0.270655 0.252179 0.012124
9 9 0.268812 0.252179 0.012124
9 10 0.269482 0.252179 0.012124
9 11 0.268812 0.252179 0.012124
9 12 0.264119 0.252179 0.012124
9 13 0.263281 0.252179 0.012124
9 14 0.261605 0.252179 0.012124
9 15 0.259092 0.252179 0.012124
9 16 0.257248 0.252179 0.012124
9 17 0.255907 0.252179 0.012124
9 18 0.251718 0.252179 0.012124
9 19 0.246690 0.252179 0.012124
9 20 0.239987 0.252179 0.012124
10 0 0.241495 0.252179 0.012124
10 1 0.248031 0.252179 0.012124
10 2 0.252723 0.252179 0.012124
10 3 0.257416 0.252179 0.012124
10 4 0.261103 0.252179 0.012124
10 5 0.262108 0.252179 0.012124
10 6 0.267471 0.252179 0.012124
10 7 0.269985 0.252179 0.012124
10 8 0.270153 0.252179 0.012124
10 9 0.269315 0.252179 0.012124
10 10 0.267974 0.252179 0.012124
10 11 0.268141 0.252179 0.012124
10 12 0.265460 0.252179 0.012124
10 13 0.264287 0.252179 0.012124
10 14 0.264287 0.252179 0.012124
10 15 0.262276 0.252179 0.012124
10 16 0.261438 0.252179 0.012124
10 17 0.259092 0.252179 0.012124
10 18 0.253729 0.252179 0.012124
10 19 0.248198 0.252179 0.012124
10 20 0.244847 0.252179 0.012124
11 0 0.237808 0.252179 0.012124
11 1 0.248534 0.252179 0.012124
11 2 0.252053 0.252179 0.012124
11 3 0.255907 0.252179 0.012124
11 4 0.257919 0.252179 0.012124
11 5 0.262108 0.252179 0.012124
11 6 0.265795 0.252179 0.012124
11 7 0.268141 0.252179 0.012124
11 8 0.270488 0.252179 0.012124
11 9 0.267974 0.252179 0.012124
11 10 0.264287 0.252179 0.012124
11 11 0.265125 0.252179 0.012124
11 12 0.263449 0.252179 0.012124
11 13 0.264119 0.252179 0.012124
11 14 0.262443 0.252179 0.012124
11 15 0.262611 0.252179 0.012124
11 16 0.259762 0.252179 0.012124
11 17 0.260097 0.252179 0.012124
11 18 0.255405 0.252179 0.012124
11 19 0.252221 0.252179 0.012124
11 20 0.243506 0.252179 0.012124
12 0 0.238813 0.252179 0.012124
12 1 0.245685 0.252179 0.012124
12 2 0.251383 0.252179 0.012124
12 3 0.254567 0.252179 0.012124
12 4 0.256243 0.252179 0.012124
12 5 0.261103 0.252179 0.012124
12 6 0.261941 0.252179 0.012124
12 7 0.264454 0.252179 0.012124
12 8 0.266968 0.252179 0.012124
12 9 0.266968 0.252179 0.012124
12 10 0.264622 0.252179 0.012124
12 11 0.266130 0.252179 0.012124
12 12 0.264119 0.252179 0.012124
12 13 0.265292 0.252179 0.012124
12 14 0.265125 0.252179 0.012124
12 15 0.264287 0.252179 0.012124
12 16 0.262108 0.252179 0.012124
12 17 0.260935 0.252179 0.012124
12 18 0.258421 0.252179 0.012124
12 19 0.255237 0.252179 0.012124
12 20 0.246355 0.252179 0.012124
13 0 0.234456 0.252179 0.012124
13 1 0.242668 0.252179 0.012124
13 2 0.248198 0.252179 0.012124
13 3 0.253729 0.252179 0.012124
13 4 0.257751 0.252179 0.012124
13 5 0.258756 0.252179 0.012124
13 6 0.260265 0.252179 0.012124
13 7 0.263784 0.252179 0.012124
13 8 0.266968 0.252179 0.012124
13 9 0.267639 0.252179 0.012124
13 10 0.264119 0.252179 0.012124
13 11 0.264454 0.252179 0.012124
13 12 0.262443 0.252179 0.012124
13 13 0.263784 0.252179 0.012124
13 14 0.263281 0.252179 0.012124
13 15 0.263281 0.252179 0.012124
13 16 0.261270 0.252179 0.012124
13 17 0.260768 0.252179 0.012124
13 18 0.255405 0.252179 0.012124
13 19 0.251215 0.252179 0.012124
13 20 0.243171 0.252179 0.012124
14 0 0.232780 0.252179 0.012124
14 1 0.237976 0.252179 0.012124
14 2 0.244679 0.252179 0.012124
14 3 0.249874 0.252179 0.012124
14 4 0.254399 0.252179 0.012124
14 5 0.258421 0.252179 0.012124
14 6 0.258254 0.252179 0.012124
14 7 0.262946 0.252179 0.012124
14 8 0.264119 0.252179 0.012124
14 9 0.266298 0.252179 0.012124
14 10 0.265292 0.252179 0.012124
14 11 0.265795 0.252179 0.012124
14 12 0.261103 0.252179 0.012124
14 13 0.263952 0.252179 0.012124
14 14 0.262779 0.252179 0.012124
14 15 0.262611 0.252179 0.012124
14 16 0.262276 0.252179 0.012124
14 17 0.262611 0.252179 0.012124
14 18 0.254399 0.252179 0.012124
14 19 0.249707 0.252179 0.012124
14 20 0.243171 0.252179 0.012124
15 0 0.234289 0.252179 0.012124
15 1 0.238311 0.252179 0.012124
15 2 0.244176 0.252179 0.012124
15 3 0.249707 0.252179 0.012124
15 4 0.252556 0.252179 0.012124
15 5 0.255907 0.252179 0.012124
15 6 0.260935 0.252179 0.012124
15 7 0.262108 0.252179 0.012124
15 8 0.265628 0.252179 0.012124
15 9 0.266298 0.252179 0.012124
15 10 0.265292 0.252179 0.012124
15 11 0.265963 0.252179 0.012124
15 12 0.263784 0.252179 0.012124
15 13 0.262611 0.252179 0.012124
15 14 0.262443 0.252179 0.012124
15 15 0.262108 0.252179 0.012124
15 16 0.260265 0.252179 0.012124
15 17 0.259930 0.252179 0.012124
15 18 0.254902 0.252179 0.012124
15 19 0.249372 0.252179 0.012124
15 20 0.244176 0.252179 0.012124
16 0 0.227920 0.252179 0.012124
16 1 0.235964 0.252179 0.012124
16 2 0.240992 0.252179 0.012124
16 3 0.248031 0.252179 0.012124
16 4 0.249204 0.252179 0.012124
16 5 0.253058 0.252179 0.012124
16 6 0.257081 0.252179 0.012124
16 7 0.261103 0.252179 0.012124
16 8 0.264622 0.252179 0.012124
16 9 0.263281 0.252179 0.012124
16 10 0.263617 0.252179 0.012124
16 11 0.264454 0.252179 0.012124
16 12 0.262779 0.252179 0.012124
16 13 0.264454 0.252179 0.012124
16 14 0.260600 0.252179 0.012124
16 15 0.263449 0.252179 0.012124
16 16 0.259259 0.252179 0.012124
16 17 0.257751 0.252179 0.012124
16 18 0.252556 0.252179 0.012124
16 19 0.248534 0.252179 0.012124
16 20 0.241160 0.252179 0.012124
17 0 0.224568 0.252179 0.012124
17 1 0.234791 0.252179 0.012124
17 2 0.239484 0.252179 0.012124
17 3 0.245685 0.252179 0.012124
17 4 0.248031 0.252179 0.012124
17 5 0.250880 0.252179 0.012124
17 6 0.256913 0.252179 0.012124
17 7 0.260432 0.252179 0.012124
17 8 0.263617 0.252179 0.012124
17 9 0.264119 0.252179 0.012124
17 10 0.262611 0.252179 0.012124
17 11 0.264119 0.252179 0.012124
17 12 0.264454 0.252179 0.012124
17 13 0.266968 0.252179 0.012124
17 14 0.262611 0.252179 0.012124
17 15 0.260935 0.252179 0.012124
17 16 0.257416 0.252179 0.012124
17 17 0.254902 0.252179 0.012124
17 18 0.249874 0.252179 0.012124
17 19 0.247528 0.252179 0.012124
17 20 0.243338 0.252179 0.012124
18 0 0.217697 0.252179 0.012124
18 1 0.227417 0.252179 0.012124
18 2 0.233283 0.252179 0.012124
18 3 0.239987 0.252179 0.012124
18 4 0.245852 0.252179 0.012124
18 5 0.249036 0.252179 0.012124
18 6 0.251885 0.252179 0.012124
18 7 0.258924 0.252179 0.012124
18 8 0.262108 0.252179 0.012124
18 9 0.265125 0.252179 0.012124
18 10 0.264622 0.252179 0.012124
18 11 0.262611 0.252179 0.012124
18 12 0.261103 0.252179 0.012124
18 13 0.265628 0.252179 0.012124
18 14 0.260265 0.252179 0.012124
18 15 0.257751 0.252179 0.012124
18 16 0.253896 0.252179 0.012124
18 17 0.252388 0.252179 0.012124
18 18 0.248869 0.252179 0.012124
18 19 0.245349 0.252179 0.012124
18 20 0.238981 0.252179 0.012124
19 0 0.212670 0.252179 0.012124
19 1 0.222222 0.252179 0.012124
19 2 0.227250 0.252179 0.012124
19 3 0.234624 0.252179 0.012124
19 4 0.242500 0.252179 0.012124
19 5 0.244679 0.252179 0.012124
19 6 0.249539 0.252179 0.012124
19 7 0.254399 0.252179 0.012124
19 8 0.257248 0.252179 0.012124
19 9 0.261103 0.252179 0.012124
19 10 0.260265 0.252179 0.012124
19 11 0.258924 0.252179 0.012124
19 12 0.257919 0.252179 0.012124
19 13 0.258756 0.252179 0.012124
19 14 0.255237 0.252179 0.012124
19 15 0.254232 0.252179 0.012124
19 16 0.249372 0.252179 0.012124
19 17 0.245517 0.252179 0.012124
19 18 0.241830 0.252179 0.012124
19 19 0.239651 0.252179 0.012124
19 20 0.235797 0.252179 0.012124
20 0 0.205128 0.252179 0.012124
20 1 0.214513 0.252179 0.012124
20 2 0.222893 0.252179 0.012124
20 3 0.227082 0.252179 0.012124
20 4 0.233283 0.252179 0.012124
20 5 0.239484 0.252179 0.012124
20 6 0.245517 0.252179 0.012124
20 7 0.245182 0.252179 0.012124
20 8 0.247025 0.252179 0.012124
20 9 0.252053 0.252179 0.012124
20 10 0.253394 0.252179 0.012124
20 11 0.252723 0.252179 0.012124
20 12 0.250377 0.252179 0.012124
20 13 0.251718 0.252179 0.012124
20 14 0.251383 0.252179 0.012124
20 15 0.249372 0.252179 0.012124
20 16 0.244511 0.252179 0.012124
20 17 0.244009 0.252179 0.012124
20 18 0.236467 0.252179 0.012124
20 19 0.232278 0.252179 0.012124
20 20 0.226747 0.252179 0.012124
