# contact distance = 32.0 Angstroms
# F = 0.4 kJ/mol

# i j contact_probability mean_contact_probability stddev_contact_probability
0 0 0.200027 0.213055 0.009545
0 1 0.204436 0.213055 0.009545
0 2 0.205371 0.213055 0.009545
0 3 0.209914 0.213055 0.009545
0 4 0.212320 0.213055 0.009545
0 5 0.213522 0.213055 0.009545
0 6 0.210315 0.213055 0.009545
0 7 0.210583 0.213055 0.009545
0 8 0.210983 0.213055 0.009545
0 9 0.208712 0.213055 0.009545
0 10 0.208311 0.213055 0.009545
0 11 0.208578 0.213055 0.009545
0 12 0.206307 0.213055 0.009545
0 13 0.205104 0.213055 0.009545
0 14 0.203902 0.213055 0.009545
0 15 0.202565 0.213055 0.009545
0 16 0.204169 0.213055 0.009545
0 17 0.200561 0.213055 0.009545
0 18 0.197488 0.213055 0.009545
0 19 0.193880 0.213055 0.009545
0 20 0.188536 0.213055 0.009545
1 0 0.202165 0.213055 0.009545
1 1 0.206708 0.213055 0.009545
1 2 0.210583 0.213055 0.009545
1 3 0.213389 0.213055 0.009545
1 4 0.217263 0.213055 0.009545
1 5 0.218867 0.213055 0.009545
1 6 0.215393 0.213055 0.009545
1 7 0.216195 0.213055 0.009545
1 8 0.213522 0.213055 0.009545
1 9 0.214458 0.213055 0.009545
1 10 0.212720 0.213055 0.009545
1 11 0.212320 0.213055 0.009545
1 12 0.209380 0.213055 0.009545
1 13 0.206708 0.213055 0.009545
1 14 0.206574 0.213055 0.009545
1 15 0.206307 0.213055 0.009545
1 16 0.205772 0.213055 0.009545
1 17 0.203100 0.213055 0.009545
1 18 0.200695 0.213055 0.009545
1 19 0.196820 0.213055 0.009545
1 20 0.192544 0.213055 0.009545
2 0 0.203501 0.213055 0.009545
2 1 0.206975 0.213055 0.009545
2 2 0.210850 0.213055 0.009545
2 3 0.214591 0.213055 0.009545
2 4 0.218600 0.213055 0.009545
2 5 0.217798 0.213055 0.009545
2 6 0.215660 0.213055 0.009545
2 7 0.217397 0.213055 0.009545
2 8 0.214992 0.213055 0.009545
2 9 0.215660 0.213055 0.009545
2 10 0.217130 0.213055 0.009545
2 11 0.215526 0.213055 0.009545
2 12 0.215526 0.213055 0.009545
2 13 0.210315 0.213055 0.009545
2 14 0.210449 0.213055 0.009545
2 15 0.209380 0.213055 0.009545
2 16 0.204436 0.213055 0.009545
2 17 0.204303 0.213055 0.009545
2 18 0.199626 0.213055 0.009545
2 19 0.198290 0.213055 0.009545
2 20 0.196686 0.213055 0.009545
3 0 0.204703 0.213055 0.009545
3 1 0.208979 0.213055 0.009545
3 2 0.211652 0.213055 0.009545
3 3 0.218466 0.213055 0.009545
3 4 0.221138 0.213055 0.009545
3 5 0.220871 0.213055 0.009545
3 6 0.219134 0.213055 0.009545
3 7 0.219669 0.213055 0.009545
3 8 0.219001 0.213055 0.009545
3 9 0.218199 0.213055 0.009545
3 10 0.220470 0.213055 0.009545
3 11 0.221807 0.213055 0.009545
3 12 0.218332 0.213055 0.009545
3 13 0.215660 0.213055 0.009545
3 14 0.212988 0.213055 0.009545
3 15 0.212587 0.213055 0.009545
3 16 0.209113 0.213055 0.009545
3 17 0.206440 0.213055 0.009545
3 18 0.202833 0.213055 0.009545
3 19 0.201363 0.213055 0.009545
3 20 0.198156 0.213055 0.009545
4 0 0.204971 0.213055 0.009545
4 1 0.209246 0.213055 0.009545
4 2 0.211919 0.213055 0.009545
4 3 0.216595 0.213055 0.009545
4 4 0.220069 0.213055 0.009545
4 5 0.221406 0.213055 0.009545
4 6 0.219401 0.213055 0.009545
4 7 0.219001 0.213055 0.009545
4 8 0.220203 0.213055 0.009545
4 9 0.220069 0.213055 0.009545
4 10 0.221940 0.213055 0.009545
4 11 0.221940 0.213055 0.009545
4 12 0.220871 0.213055 0.009545
4 13 0.219134 0.213055 0.009545
4 14 0.217531 0.213055 0.009545
4 15 0.213389 0.213055 0.009545
4 16 0.211518 0.213055 0.009545
4 17 0.208311 0.213055 0.009545
4 18 0.205104 0.213055 0.009545
4 19 0.204570 0.213055 0.009545
4 20 0.199759 0.213055 0.009545
5 0 0.205371 0.213055 0.009545
5 1 0.208177 0.213055 0.009545
5 2 0.212720 0.213055 0.009545
5 3 0.215259 0.213055 0.009545
5 4 0.218199 0.213055 0.009545
5 5 0.221272 0.213055 0.009545
5 6 0.218867 0.213055 0.009545
5 7 0.218466 0.213055 0.009545
5 8 0.218733 0.213055 0.009545
5 9 0.221005 0.213055 0.009545
5 10 0.223544 0.213055 0.009545
5 11 0.221539 0.213055 0.009545
5 12 0.220604 0.213055 0.009545
5 13 0.217932 0.213055 0.009545
5 14 0.216729 0.213055 0.009545
5 15 0.215126 0.213055 0.009545
5 16 0.210716 0.213055 0.009545
5 17 0.210449 0.213055 0.009545
5 18 0.210048 0.213055 0.009545
5 19 0.205906 0.213055 0.009545
5 20 0.201764 0.213055 0.009545
6 0 0.204703 0.213055 0.009545
6 1 0.208578 0.213055 0.009545
6 2 0.212186 0.213055 0.009545
6 3 0.215660 0.213055 0.009545
6 4 0.219669 0.213055 0.009545
6 5 0.221272 0.213055 0.009545
6 6 0.222475 0.213055 0.009545
6 7 0.220738 0.213055 0.009545
6 8 0.221539 0.213055 0.009545
6 9 0.224613 0.213055 0.009545
6 10 0.224746 0.213055 0.009545
6 11 0.223009 0.213055 0.009545
6 12 0.223143 0.213055 0.009545
6 13 0.218867 0.213055 0.009545
6 14 0.219268 0.213055 0.009545
6 15 0.215393 0.213055 0.009545
6 16 0.212720 0.213055 0.009545
6 17 0.212453 0.213055 0.009545
6 18 0.210716 0.213055 0.009545
6 19 0.206975 0.213055 0.009545
6 20 0.204035 0.213055 0.009545
7 0 0.206040 0.213055 0.009545
7 1 0.211384 0.213055 0.009545
7 2 0.213923 0.213055 0.009545
7 3 0.216729 0.213055 0.009545
7 4 0.220871 0.213055 0.009545
7 5 0.221940 0.213055 0.009545
7 6 0.221807 0.213055 0.009545
7 7 0.221673 0.213055 0.009545
7 8 0.223276 0.213055 0.009545
7 9 0.224212 0.213055 0.009545
7 10 0.222475 0.213055 0.009545
7 11 0.220604 0.213055 0.009545
7 12 0.219134 0.213055 0.009545
7 13 0.218867 0.213055 0.009545
7 14 0.217664 0.213055 0.009545
7 15 0.216595 0.213055 0.009545
7 16 0.215660 0.213055 0.009545
7 17 0.212052 0.213055 0.009545
7 18 0.209781 0.213055 0.009545
7 19 0.207910 0.213055 0.009545
7 20 0.204837 0.213055 0.009545
8 0 0.209113 0.213055 0.009545
8 1 0.212854 0.213055 0.009545
8 2 0.216462 0.213055 0.009545
8 3 0.220738 0.213055 0.009545
8 4 0.221138 0.213055 0.009545
8 5 0.225281 0.213055 0.009545
8 6 0.221940 0.213055 0.009545
8 7 0.221940 0.213055 0.009545
8 8 0.221807 0.213055 0.009545
8 9 0.220871 0.213055 0.009545
8 10 0.221673 0.213055 0.009545
8 11 0.219134 0.213055 0.009545
8 12 0.218065 0.213055 0.009545
8 13 0.217932 0.213055 0.009545
8 14 0.216462 0.213055 0.009545
8 15 0.216061 0.213055 0.009545
8 16 0.214458 0.213055 0.009545
8 17 0.211652 0.213055 0.009545
8 18 0.209246 0.213055 0.009545
8 19 0.205104 0.213055 0.009545
8 20 0.201897 0.213055 0.009545
9 0 0.209647 0.213055 0.009545
9 1 0.210583 0.213055 0.009545
9 2 0.215126 0.213055 0.009545
9 3 0.223276 0.213055 0.009545
9 4 0.224078 0.213055 0.009545
9 5 0.226216 0.213055 0.009545
9 6 0.224345 0.213055 0.009545
9 7 0.222875 0.213055 0.009545
9 8 0.222475 0.213055 0.009545
9 9 0.223276 0.213055 0.009545
9 10 0.222875 0.213055 0.009545
9 11 0.221272 0.213055 0.009545
9 12 0.221005 0.213055 0.009545
9 13 0.218867 0.213055 0.009545
9 14 0.216328 0.213055 0.009545
9 15 0.216729 0.213055 0.009545
9 16 0.214324 0.213055 0.009545
9 17 0.212988 0.213055 0.009545
9 18 0.211384 0.213055 0.009545
9 19 0.207242 0.213055 0.009545
9 20 0.202966 0.213055 0.009545
10 0 0.207108 0.213055 0.009545
10 1 0.212186 0.213055 0.009545
10 2 0.214591 0.213055 0.009545
10 3 0.221673 0.213055 0.009545
10 4 0.227018 0.213055 0.009545
10 5 0.227552 0.213055 0.009545
10 6 0.227285 0.213055 0.009545
10 7 0.223677 0.213055 0.009545
10 8 0.223544 0.213055 0.009545
10 9 0.223811 0.213055 0.009545
10 10 0.225548 0.213055 0.009545
10 11 0.222742 0.213055 0.009545
10 12 0.220203 0.213055 0.009545
10 13 0.219268 0.213055 0.009545
10 14 0.216729 0.213055 0.009545
10 15 0.216462 0.213055 0.009545
10 16 0.213656 0.213055 0.009545
10 17 0.212453 0.213055 0.009545
10 18 0.212854 0.213055 0.009545
10 19 0.206440 0.213055 0.009545
10 20 0.200828 0.213055 0.009545
11 0 0.206708 0.213055 0.009545
11 1 0.208979 0.213055 0.009545
11 2 0.214458 0.213055 0.009545
11 3 0.222207 0.213055 0.009545
11 4 0.224613 0.213055 0.009545
11 5 0.226350 0.213055 0.009545
11 6 0.226216 0.213055 0.009545
11 7 0.225414 0.213055 0.009545
11 8 0.223410 0.213055 0.009545
11 9 0.223944 0.213055 0.009545
11 10 0.225815 0.213055 0.009545
11 11 0.226082 0.213055 0.009545
11 12 0.222341 0.213055 0.009545
11 13 0.221940 0.213055 0.009545
11 14 0.219936 0.213055 0.009545
11 15 0.222207 0.213055 0.009545
11 16 0.216328 0.213055 0.009545
11 17 0.212052 0.213055 0.009545
11 18 0.210850 0.213055 0.009545
11 19 0.205906 0.213055 0.009545
11 20 0.203634 0.213055 0.009545
12 0 0.205906 0.213055 0.009545
12 1 0.210583 0.213055 0.009545
12 2 0.213789 0.213055 0.009545
12 3 0.219535 0.213055 0.009545
12 4 0.223811 0.213055 0.009545
12 5 0.227151 0.213055 0.009545
12 6 0.227686 0.213055 0.009545
12 7 0.225414 0.213055 0.009545
12 8 0.225681 0.213055 0.009545
12 9 0.225815 0.213055 0.009545
12 10 0.225281 0.213055 0.009545
12 11 0.225147 0.213055 0.009545
12 12 0.224345 0.213055 0.009545
12 13 0.222341 0.213055 0.009545
12 14 0.221539 0.213055 0.009545
12 15 0.220738 0.213055 0.009545
12 16 0.218867 0.213055 0.009545
12 17 0.213789 0.213055 0.009545
12 18 0.211384 0.213055 0.009545
12 19 0.207509 0.213055 0.009545
12 20 0.203234 0.213055 0.009545
13 0 0.206841 0.213055 0.009545
13 1 0.209246 0.213055 0.009545
13 2 0.213389 0.213055 0.009545
13 3 0.218867 0.213055 0.009545
13 4 0.221673 0.213055 0.009545
13 5 0.225281 0.213055 0.009545
13 6 0.226884 0.213055 0.009545
13 7 0.225281 0.213055 0.009545
13 8 0.226884 0.213055 0.009545
13 9 0.226350 0.213055 0.009545
13 10 0.225147 0.213055 0.009545
13 11 0.223944 0.213055 0.009545
13 12 0.224078 0.213055 0.009545
13 13 0.222207 0.213055 0.009545
13 14 0.221138 0.213055 0.009545
13 15 0.221807 0.213055 0.009545
13 16 0.217130 0.213055 0.009545
13 17 0.215927 0.213055 0.009545
13 18 0.212052 0.213055 0.009545
13 19 0.206975 0.213055 0.009545
13 20 0.202699 0.213055 0.009545
14 0 0.206307 0.213055 0.009545
14 1 0.209246 0.213055 0.009545
14 2 0.212453 0.213055 0.009545
14 3 0.220470 0.213055 0.009545
14 4 0.222742 0.213055 0.009545
14 5 0.225013 0.213055 0.009545
14 6 0.225681 0.213055 0.009545
14 7 0.224212 0.213055 0.009545
14 8 0.224880 0.213055 0.009545
14 9 0.224880 0.213055 0.009545
14 10 0.223410 0.213055 0.009545
14 11 0.223677 0.213055 0.009545
14 12 0.224078 0.213055 0.009545
14 13 0.222341 0.213055 0.009545
14 14 0.220470 0.213055 0.009545
14 15 0.221005 0.213055 0.009545
14 16 0.216996 0.213055 0.009545
14 17 0.214725 0.213055 0.009545
14 18 0.210048 0.213055 0.009545
14 19 0.204436 0.213055 0.009545
14 20 0.199626 0.213055 0.009545
15 0 0.201497 0.213055 0.009545
15 1 0.206440 0.213055 0.009545
15 2 0.214725 0.213055 0.009545
15 3 0.219134 0.213055 0.009545
15 4 0.221406 0.213055 0.009545
15 5 0.225414 0.213055 0.009545
15 6 0.224212 0.213055 0.009545
15 7 0.222875 0.213055 0.009545
15 8 0.225281 0.213055 0.009545
15 9 0.223544 0.213055 0.009545
15 10 0.222742 0.213055 0.009545
15 11 0.222875 0.213055 0.009545
15 12 0.221138 0.213055 0.009545
15 13 0.221005 0.213055 0.009545
15 14 0.216595 0.213055 0.009545
15 15 0.216462 0.213055 0.009545
15 16 0.218332 0.213055 0.009545
15 17 0.211384 0.213055 0.009545
15 18 0.206975 0.213055 0.009545
15 19 0.200828 0.213055 0.009545
15 20 0.192277 0.213055 0.009545
16 0 0.198958 0.213055 0.009545
16 1 0.206440 0.213055 0.009545
16 2 0.211518 0.213055 0.009545
16 3 0.215794 0.213055 0.009545
16 4 0.218600 0.213055 0.009545
16 5 0.219802 0.213055 0.009545
16 6 0.220738 0.213055 0.009545
16 7 0.219401 0.213055 0.009545
16 8 0.221406 0.213055 0.009545
16 9 0.221005 0.213055 0.009545
16 10 0.221272 0.213055 0.009545
16 11 0.221005 0.213055 0.009545
16 12 0.219535 0.213055 0.009545
16 13 0.217932 0.213055 0.009545
16 14 0.214190 0.213055 0.009545
16 15 0.211785 0.213055 0.009545
16 16 0.210583 0.213055 0.009545
16 17 0.207242 0.213055 0.009545
16 18 0.202833 0.213055 0.009545
16 19 0.197221 0.213055 0.009545
16 20 0.190273 0.213055 0.009545
17 0 0.197221 0.213055 0.009545
17 1 0.207643 0.213055 0.009545
17 2 0.209914 0.213055 0.009545
17 3 0.214324 0.213055 0.009545
17 4 0.216729 0.213055 0.009545
17 5 0.217130 0.213055 0.009545
17 6 0.218600 0.213055 0.009545
17 7 0.215794 0.213055 0.009545
17 8 0.218466 0.213055 0.009545
17 9 0.218600 0.213055 0.009545
17 10 0.219268 0.213055 0.009545
17 11 0.219936 0.213055 0.009545
17 12 0.217932 0.213055 0.009545
17 13 0.217664 0.213055 0.009545
17 14 0.213389 0.213055 0.009545
17 15 0.210048 0.213055 0.009545
17 16 0.209246 0.213055 0.009545
17 17 0.205906 0.213055 0.009545
17 18 0.202565 0.213055 0.009545
17 19 0.196820 0.213055 0.009545
17 20 0.184794 0.213055 0.009545
18 0 0.193079 0.213055 0.009545
18 1 0.202966 0.213055 0.009545
18 2 0.205906 0.213055 0.009545
18 3 0.209380 0.213055 0.009545
18 4 0.210716 0.213055 0.009545
18 5 0.214324 0.213055 0.009545
18 6 0.214591 0.213055 0.009545
18 7 0.212720 0.213055 0.009545
18 8 0.215126 0.213055 0.009545
18 9 0.216729 0.213055 0.009545
18 10 0.214057 0.213055 0.009545
18 11 0.215526 0.213055 0.009545
18 12 0.215526 0.213055 0.009545
18 13 0.213389 0.213055 0.009545
18 14 0.208846 0.213055 0.009545
18 15 0.208311 0.213055 0.009545
18 16 0.205639 0.213055 0.009545
18 17 0.201229 0.213055 0.009545
18 18 0.197087 0.213055 0.009545
18 19 0.190673 0.213055 0.009545
18 20 0.181454 0.213055 0.009545
19 0 0.192277 0.213055 0.009545
19 1 0.198557 0.213055 0.009545
19 2 0.202298 0.213055 0.009545
19 3 0.207242 0.213055 0.009545
19 4 0.209647 0.213055 0.009545
19 5 0.209914 0.213055 0.009545
19 6 0.211919 0.213055 0.009545
19 7 0.212052 0.213055 0.009545
19 8 0.212720 0.213055 0.009545
19 9 0.214057 0.213055 0.009545
19 10 0.212587 0.213055 0.009545
19 11 0.210315 0.213055 0.009545
19 12 0.211652 0.213055 0.009545
19 13 0.207777 0.213055 0.009545
19 14 0.204303 0.213055 0.009545
19 15 0.204303 0.213055 0.009545
19 16 0.201764 0.213055 0.009545
19 17 0.198156 0.213055 0.009545
19 18 0.190941 0.213055 0.009545
19 19 0.185061 0.213055 0.009545
19 20 0.174906 0.213055 0.009545
20 0 0.187734 0.213055 0.009545
20 1 0.193613 0.213055 0.009545
20 2 0.200428 0.213055 0.009545
20 3 0.202833 0.213055 0.009545
20 4 0.203501 0.213055 0.009545
20 5 0.208044 0.213055 0.009545
20 6 0.206040 0.213055 0.009545
20 7 0.207910 0.213055 0.009545
20 8 0.208044 0.213055 0.009545
20 9 0.209781 0.213055 0.009545
20 10 0.208445 0.213055 0.009545
20 11 0.207910 0.213055 0.009545
20 12 0.206040 0.213055 0.009545
20 13 0.202298 0.213055 0.009545
20 14 0.199893 0.213055 0.009545
20 15 0.197488 0.213055 0.009545
20 16 0.194148 0.213055 0.009545
20 17 0.191074 0.213055 0.009545
20 18 0.182523 0.213055 0.009545
20 19 0.174906 0.213055 0.009545
20 20 0.167424 0.213055 0.009545
