# contact distance = 32.0 Angstroms
# F = 0.4 kJ/mol

# i j contact_probability mean_contact_probability stddev_contact_probability
0 0 0.191678 0.208251 0.008679
0 1 0.191383 0.208251 0.008679
0 2 0.194186 0.208251 0.008679
0 3 0.190645 0.208251 0.008679
0 4 0.192120 0.208251 0.008679
0 5 0.192711 0.208251 0.008679
0 6 0.194334 0.208251 0.008679
0 7 0.194334 0.208251 0.008679
0 8 0.195809 0.208251 0.008679
0 9 0.193006 0.208251 0.008679
0 10 0.194039 0.208251 0.008679
0 11 0.193891 0.208251 0.008679
0 12 0.195514 0.208251 0.008679
0 13 0.196400 0.208251 0.008679
0 14 0.196990 0.208251 0.008679
0 15 0.197580 0.208251 0.008679
0 16 0.196990 0.208251 0.008679
0 17 0.194924 0.208251 0.008679
0 18 0.194039 0.208251 0.008679
0 19 0.192563 0.208251 0.008679
0 20 0.191678 0.208251 0.008679
1 0 0.193891 0.208251 0.008679
1 1 0.195662 0.208251 0.008679
1 2 0.196695 0.208251 0.008679
1 3 0.195662 0.208251 0.008679
1 4 0.194334 0.208251 0.008679
1 5 0.195957 0.208251 0.008679
1 6 0.198465 0.208251 0.008679
1 7 0.199056 0.208251 0.008679
1 8 0.199941 0.208251 0.008679
1 9 0.199646 0.208251 0.008679
1 10 0.199498 0.208251 0.008679
1 11 0.199793 0.208251 0.008679
1 12 0.200531 0.208251 0.008679
1 13 0.202154 0.208251 0.008679
1 14 0.201417 0.208251 0.008679
1 15 0.202449 0.208251 0.008679
1 16 0.203630 0.208251 0.008679
1 17 0.200679 0.208251 0.008679
1 18 0.199498 0.208251 0.008679
1 19 0.200236 0.208251 0.008679
1 20 0.198908 0.208251 0.008679
2 0 0.194629 0.208251 0.008679
2 1 0.196252 0.208251 0.008679
2 2 0.198318 0.208251 0.008679
2 3 0.200826 0.208251 0.008679
2 4 0.197137 0.208251 0.008679
2 5 0.199056 0.208251 0.008679
2 6 0.200236 0.208251 0.008679
2 7 0.203925 0.208251 0.008679
2 8 0.202892 0.208251 0.008679
2 9 0.201712 0.208251 0.008679
2 10 0.206434 0.208251 0.008679
2 11 0.205106 0.208251 0.008679
2 12 0.206876 0.208251 0.008679
2 13 0.208499 0.208251 0.008679
2 14 0.208794 0.208251 0.008679
2 15 0.209237 0.208251 0.008679
2 16 0.207909 0.208251 0.008679
2 17 0.203482 0.208251 0.008679
2 18 0.203187 0.208251 0.008679
2 19 0.204663 0.208251 0.008679
2 20 0.201564 0.208251 0.008679
3 0 0.193006 0.208251 0.008679
3 1 0.195219 0.208251 0.008679
3 2 0.194924 0.208251 0.008679
3 3 0.199941 0.208251 0.008679
3 4 0.199646 0.208251 0.008679
3 5 0.201417 0.208251 0.008679
3 6 0.203925 0.208251 0.008679
3 7 0.204663 0.208251 0.008679
3 8 0.205253 0.208251 0.008679
3 9 0.205843 0.208251 0.008679
3 10 0.206876 0.208251 0.008679
3 11 0.206581 0.208251 0.008679
3 12 0.207171 0.208251 0.008679
3 13 0.211155 0.208251 0.008679
3 14 0.210713 0.208251 0.008679
3 15 0.209532 0.208251 0.008679
3 16 0.207024 0.208251 0.008679
3 17 0.207171 0.208251 0.008679
3 18 0.205843 0.208251 0.008679
3 19 0.203630 0.208251 0.008679
3 20 0.200236 0.208251 0.008679
4 0 0.190940 0.208251 0.008679
4 1 0.193744 0.208251 0.008679
4 2 0.196695 0.208251 0.008679
4 3 0.198613 0.208251 0.008679
4 4 0.202154 0.208251 0.008679
4 5 0.203777 0.208251 0.008679
4 6 0.205991 0.208251 0.008679
4 7 0.208204 0.208251 0.008679
4 8 0.208499 0.208251 0.008679
4 9 0.208499 0.208251 0.008679
4 10 0.211893 0.208251 0.008679
4 11 0.212336 0.208251 0.008679
4 12 0.211598 0.208251 0.008679
4 13 0.211598 0.208251 0.008679
4 14 0.212188 0.208251 0.008679
4 15 0.211450 0.208251 0.008679
4 16 0.209385 0.208251 0.008679
4 17 0.209385 0.208251 0.008679
4 18 0.208794 0.208251 0.008679
4 19 0.207762 0.208251 0.008679
4 20 0.202597 0.208251 0.008679
5 0 0.188727 0.208251 0.008679
5 1 0.193153 0.208251 0.008679
5 2 0.198613 0.208251 0.008679
5 3 0.199646 0.208251 0.008679
5 4 0.203040 0.208251 0.008679
5 5 0.204073 0.208251 0.008679
5 6 0.209090 0.208251 0.008679
5 7 0.210565 0.208251 0.008679
5 8 0.211155 0.208251 0.008679
5 9 0.211008 0.208251 0.008679
5 10 0.213369 0.208251 0.008679
5 11 0.216025 0.208251 0.008679
5 12 0.213516 0.208251 0.008679
5 13 0.211598 0.208251 0.008679
5 14 0.214254 0.208251 0.008679
5 15 0.212779 0.208251 0.008679
5 16 0.211893 0.208251 0.008679
5 17 0.210860 0.208251 0.008679
5 18 0.211155 0.208251 0.008679
5 19 0.209237 0.208251 0.008679
5 20 0.204515 0.208251 0.008679
6 0 0.191088 0.208251 0.008679
6 1 0.193448 0.208251 0.008679
6 2 0.199056 0.208251 0.008679
6 3 0.202745 0.208251 0.008679
6 4 0.203630 0.208251 0.008679
6 5 0.206729 0.208251 0.008679
6 6 0.210713 0.208251 0.008679
6 7 0.210713 0.208251 0.008679
6 8 0.211155 0.208251 0.008679
6 9 0.210418 0.208251 0.008679
6 10 0.212188 0.208251 0.008679
6 11 0.215582 0.208251 0.008679
6 12 0.215435 0.208251 0.008679
6 13 0.216172 0.208251 0.008679
6 14 0.214549 0.208251 0.008679
6 15 0.212336 0.208251 0.008679
6 16 0.212188 0.208251 0.008679
6 17 0.211008 0.208251 0.008679
6 18 0.209385 0.208251 0.008679
6 19 0.209237 0.208251 0.008679
6 20 0.205253 0.208251 0.008679
7 0 0.194334 0.208251 0.008679
7 1 0.197137 0.208251 0.008679
7 2 0.200826 0.208251 0.008679
7 3 0.200384 0.208251 0.008679
7 4 0.204368 0.208251 0.008679
7 5 0.209385 0.208251 0.008679
7 6 0.211746 0.208251 0.008679
7 7 0.213074 0.208251 0.008679
7 8 0.212188 0.208251 0.008679
7 9 0.212188 0.208251 0.008679
7 10 0.214697 0.208251 0.008679
7 11 0.215435 0.208251 0.008679
7 12 0.215435 0.208251 0.008679
7 13 0.218386 0.208251 0.008679
7 14 0.216172 0.208251 0.008679
7 15 0.214107 0.208251 0.008679
7 16 0.211746 0.208251 0.008679
7 17 0.213664 0.208251 0.008679
7 18 0.213664 0.208251 0.008679
7 19 0.212041 0.208251 0.008679
7 20 0.208352 0.208251 0.008679
8 0 0.195367 0.208251 0.008679
8 1 0.198761 0.208251 0.008679
8 2 0.203335 0.208251 0.008679
8 3 0.205401 0.208251 0.008679
8 4 0.207466 0.208251 0.008679
8 5 0.210860 0.208251 0.008679
8 6 0.211450 0.208251 0.008679
8 7 0.213516 0.208251 0.008679
8 8 0.215139 0.208251 0.008679
8 9 0.215877 0.208251 0.008679
8 10 0.218238 0.208251 0.008679
8 11 0.218828 0.208251 0.008679
8 12 0.217500 0.208251 0.008679
8 13 0.218533 0.208251 0.008679
8 14 0.218681 0.208251 0.008679
8 15 0.216910 0.208251 0.008679
8 16 0.214844 0.208251 0.008679
8 17 0.214992 0.208251 0.008679
8 18 0.212336 0.208251 0.008679
8 19 0.210418 0.208251 0.008679
8 20 0.209532 0.208251 0.008679
9 0 0.198465 0.208251 0.008679
9 1 0.199793 0.208251 0.008679
9 2 0.202154 0.208251 0.008679
9 3 0.206434 0.208251 0.008679
9 4 0.207466 0.208251 0.008679
9 5 0.210565 0.208251 0.008679
9 6 0.211893 0.208251 0.008679
9 7 0.214549 0.208251 0.008679
9 8 0.216615 0.208251 0.008679
9 9 0.217205 0.208251 0.008679
9 10 0.215877 0.208251 0.008679
9 11 0.216025 0.208251 0.008679
9 12 0.216172 0.208251 0.008679
9 13 0.218828 0.208251 0.008679
9 14 0.216910 0.208251 0.008679
9 15 0.216172 0.208251 0.008679
9 16 0.215287 0.208251 0.008679
9 17 0.216910 0.208251 0.008679
9 18 0.214107 0.208251 0.008679
9 19 0.211303 0.208251 0.008679
9 20 0.211155 0.208251 0.008679
10 0 0.196842 0.208251 0.008679
10 1 0.200531 0.208251 0.008679
10 2 0.203482 0.208251 0.008679
10 3 0.205253 0.208251 0.008679
10 4 0.209237 0.208251 0.008679
10 5 0.212779 0.208251 0.008679
10 6 0.213516 0.208251 0.008679
10 7 0.215582 0.208251 0.008679
10 8 0.214402 0.208251 0.008679
10 9 0.216763 0.208251 0.008679
10 10 0.217943 0.208251 0.008679
10 11 0.216320 0.208251 0.008679
10 12 0.215730 0.208251 0.008679
10 13 0.216763 0.208251 0.008679
10 14 0.217500 0.208251 0.008679
10 15 0.214549 0.208251 0.008679
10 16 0.213959 0.208251 0.008679
10 17 0.216467 0.208251 0.008679
10 18 0.215435 0.208251 0.008679
10 19 0.211598 0.208251 0.008679
10 20 0.209827 0.208251 0.008679
11 0 0.200384 0.208251 0.008679
11 1 0.201859 0.208251 0.008679
11 2 0.207319 0.208251 0.008679
11 3 0.207614 0.208251 0.008679
11 4 0.210418 0.208251 0.008679
11 5 0.212483 0.208251 0.008679
11 6 0.213369 0.208251 0.008679
11 7 0.216172 0.208251 0.008679
11 8 0.213516 0.208251 0.008679
11 9 0.217943 0.208251 0.008679
11 10 0.220156 0.208251 0.008679
11 11 0.216467 0.208251 0.008679
11 12 0.218386 0.208251 0.008679
11 13 0.216320 0.208251 0.008679
11 14 0.216320 0.208251 0.008679
11 15 0.214402 0.208251 0.008679
11 16 0.212483 0.208251 0.008679
11 17 0.214844 0.208251 0.008679
11 18 0.213369 0.208251 0.008679
11 19 0.208794 0.208251 0.008679
11 20 0.205548 0.208251 0.008679
12 0 0.198318 0.208251 0.008679
12 1 0.201121 0.208251 0.008679
12 2 0.205548 0.208251 0.008679
12 3 0.205991 0.208251 0.008679
12 4 0.210860 0.208251 0.008679
12 5 0.213516 0.208251 0.008679
12 6 0.214107 0.208251 0.008679
12 7 0.215730 0.208251 0.008679
12 8 0.216615 0.208251 0.008679
12 9 0.216763 0.208251 0.008679
12 10 0.219271 0.208251 0.008679
12 11 0.219861 0.208251 0.008679
12 12 0.219271 0.208251 0.008679
12 13 0.216615 0.208251 0.008679
12 14 0.216467 0.208251 0.008679
12 15 0.217353 0.208251 0.008679
12 16 0.213959 0.208251 0.008679
12 17 0.216615 0.208251 0.008679
12 18 0.215287 0.208251 0.008679
12 19 0.211746 0.208251 0.008679
12 20 0.207171 0.208251 0.008679
13 0 0.201417 0.208251 0.008679
13 1 0.203040 0.208251 0.008679
13 2 0.205548 0.208251 0.008679
13 3 0.207614 0.208251 0.008679
13 4 0.211303 0.208251 0.008679
13 5 0.212779 0.208251 0.008679
13 6 0.214402 0.208251 0.008679
13 7 0.214402 0.208251 0.008679
13 8 0.218091 0.208251 0.008679
13 9 0.220747 0.208251 0.008679
13 10 0.221042 0.208251 0.008679
13 11 0.222812 0.208251 0.008679
13 12 0.222665 0.208251 0.008679
13 13 0.220452 0.208251 0.008679
13 14 0.218976 0.208251 0.008679
13 15 0.221484 0.208251 0.008679
13 16 0.220156 0.208251 0.008679
13 17 0.220894 0.208251 0.008679
13 18 0.219419 0.208251 0.008679
13 19 0.214402 0.208251 0.008679
13 20 0.211598 0.208251 0.008679
14 0 0.200384 0.208251 0.008679
14 1 0.202154 0.208251 0.008679
14 2 0.204810 0.208251 0.008679
14 3 0.208352 0.208251 0.008679
14 4 0.207614 0.208251 0.008679
14 5 0.210122 0.208251 0.008679
14 6 0.213516 0.208251 0.008679
14 7 0.217648 0.208251 0.008679
14 8 0.219124 0.208251 0.008679
14 9 0.220599 0.208251 0.008679
14 10 0.222517 0.208251 0.008679
14 11 0.221337 0.208251 0.008679
14 12 0.224140 0.208251 0.008679
14 13 0.221042 0.208251 0.008679
14 14 0.218976 0.208251 0.008679
14 15 0.222075 0.208251 0.008679
14 16 0.221780 0.208251 0.008679
14 17 0.220894 0.208251 0.008679
14 18 0.216910 0.208251 0.008679
14 19 0.213516 0.208251 0.008679
14 20 0.206286 0.208251 0.008679
15 0 0.200236 0.208251 0.008679
15 1 0.200089 0.208251 0.008679
15 2 0.202154 0.208251 0.008679
15 3 0.204368 0.208251 0.008679
15 4 0.206286 0.208251 0.008679
15 5 0.211746 0.208251 0.008679
15 6 0.214697 0.208251 0.008679
15 7 0.217353 0.208251 0.008679
15 8 0.221632 0.208251 0.008679
15 9 0.221042 0.208251 0.008679
15 10 0.219714 0.208251 0.008679
15 11 0.221337 0.208251 0.008679
15 12 0.221632 0.208251 0.008679
15 13 0.221042 0.208251 0.008679
15 14 0.220894 0.208251 0.008679
15 15 0.220304 0.208251 0.008679
15 16 0.219419 0.208251 0.008679
15 17 0.216910 0.208251 0.008679
15 18 0.216615 0.208251 0.008679
15 19 0.211303 0.208251 0.008679
15 20 0.203187 0.208251 0.008679
16 0 0.198170 0.208251 0.008679
16 1 0.197728 0.208251 0.008679
16 2 0.202154 0.208251 0.008679
16 3 0.204810 0.208251 0.008679
16 4 0.208057 0.208251 0.008679
16 5 0.211893 0.208251 0.008679
16 6 0.214549 0.208251 0.008679
16 7 0.216172 0.208251 0.008679
16 8 0.219419 0.208251 0.008679
16 9 0.220156 0.208251 0.008679
16 10 0.221042 0.208251 0.008679
16 11 0.220156 0.208251 0.008679
16 12 0.221337 0.208251 0.008679
16 13 0.219566 0.208251 0.008679
16 14 0.219566 0.208251 0.008679
16 15 0.219566 0.208251 0.008679
16 16 0.216910 0.208251 0.008679
16 17 0.214549 0.208251 0.008679
16 18 0.212779 0.208251 0.008679
16 19 0.208794 0.208251 0.008679
16 20 0.202302 0.208251 0.008679
17 0 0.196695 0.208251 0.008679
17 1 0.196547 0.208251 0.008679
17 2 0.200826 0.208251 0.008679
17 3 0.204515 0.208251 0.008679
17 4 0.205843 0.208251 0.008679
17 5 0.210122 0.208251 0.008679
17 6 0.214992 0.208251 0.008679
17 7 0.214549 0.208251 0.008679
17 8 0.218681 0.208251 0.008679
17 9 0.221927 0.208251 0.008679
17 10 0.220009 0.208251 0.008679
17 11 0.221337 0.208251 0.008679
17 12 0.219714 0.208251 0.008679
17 13 0.219419 0.208251 0.008679
17 14 0.216320 0.208251 0.008679
17 15 0.214844 0.208251 0.008679
17 16 0.211155 0.208251 0.008679
17 17 0.209237 0.208251 0.008679
17 18 0.209090 0.208251 0.008679
17 19 0.204515 0.208251 0.008679
17 20 0.200384 0.208251 0.008679
18 0 0.194629 0.208251 0.008679
18 1 0.194481 0.208251 0.008679
18 2 0.198465 0.208251 0.008679
18 3 0.202302 0.208251 0.008679
18 4 0.205696 0.208251 0.008679
18 5 0.211008 0.208251 0.008679
18 6 0.214549 0.208251 0.008679
18 7 0.217648 0.208251 0.008679
18 8 0.216615 0.208251 0.008679
18 9 0.218533 0.208251 0.008679
18 10 0.218681 0.208251 0.008679
18 11 0.218828 0.208251 0.008679
18 12 0.216615 0.208251 0.008679
18 13 0.214549 0.208251 0.008679
18 14 0.214844 0.208251 0.008679
18 15 0.213074 0.208251 0.008679
18 16 0.208794 0.208251 0.008679
18 17 0.204220 0.208251 0.008679
18 18 0.205843 0.208251 0.008679
18 19 0.202007 0.208251 0.008679
18 20 0.193891 0.208251 0.008679
19 0 0.190497 0.208251 0.008679
19 1 0.189759 0.208251 0.008679
19 2 0.193153 0.208251 0.008679
19 3 0.196104 0.208251 0.008679
19 4 0.200531 0.208251 0.008679
19 5 0.207171 0.208251 0.008679
19 6 0.208499 0.208251 0.008679
19 7 0.212041 0.208251 0.008679
19 8 0.214254 0.208251 0.008679
19 9 0.213221 0.208251 0.008679
19 10 0.217058 0.208251 0.008679
19 11 0.214402 0.208251 0.008679
19 12 0.213516 0.208251 0.008679
19 13 0.212336 0.208251 0.008679
19 14 0.209532 0.208251 0.008679
19 15 0.207614 0.208251 0.008679
19 16 0.204663 0.208251 0.008679
19 17 0.200384 0.208251 0.008679
19 18 0.200974 0.208251 0.008679
19 19 0.198023 0.208251 0.008679
19 20 0.187694 0.208251 0.008679
20 0 0.183710 0.208251 0.008679
20 1 0.187103 0.208251 0.008679
20 2 0.190645 0.208251 0.008679
20 3 0.193301 0.208251 0.008679
20 4 0.197728 0.208251 0.008679
20 5 0.200531 0.208251 0.008679
20 6 0.203630 0.208251 0.008679
20 7 0.208204 0.208251 0.008679
20 8 0.208499 0.208251 0.008679
20 9 0.209237 0.208251 0.008679
20 10 0.210860 0.208251 0.008679
20 11 0.210713 0.208251 0.008679
20 12 0.209975 0.208251 0.008679
20 13 0.206434 0.208251 0.008679
20 14 0.204663 0.208251 0.008679
20 15 0.201564 0.208251 0.008679
20 16 0.196842 0.208251 0.008679
20 17 0.195219 0.208251 0.008679
20 18 0.194776 0.208251 0.008679
20 19 0.189169 0.208251 0.008679
20 20 0.182972 0.208251 0.008679
