# contact distance = 32.0 Angstroms
# F = 0.4 kJ/mol

# i j contact_probability mean_contact_probability stddev_contact_probability
0 0 0.197145 0.186776 0.007735
0 1 0.198962 0.186776 0.007735
0 2 0.200260 0.186776 0.007735
0 3 0.200260 0.186776 0.007735
0 4 0.201428 0.186776 0.007735
0 5 0.196755 0.186776 0.007735
0 6 0.191694 0.186776 0.007735
0 7 0.188449 0.186776 0.007735
0 8 0.184685 0.186776 0.007735
0 9 0.183777 0.186776 0.007735
0 10 0.182090 0.186776 0.007735
0 11 0.184166 0.186776 0.007735
0 12 0.184945 0.186776 0.007735
0 13 0.186762 0.186776 0.007735
0 14 0.188189 0.186776 0.007735
0 15 0.188319 0.186776 0.007735
0 16 0.187670 0.186776 0.007735
0 17 0.185075 0.186776 0.007735
0 18 0.181960 0.186776 0.007735
0 19 0.179234 0.186776 0.007735
0 20 0.175860 0.186776 0.007735
1 0 0.199870 0.186776 0.007735
1 1 0.202466 0.186776 0.007735
1 2 0.202726 0.186776 0.007735
1 3 0.202855 0.186776 0.007735
1 4 0.202855 0.186776 0.007735
1 5 0.199221 0.186776 0.007735
1 6 0.193121 0.186776 0.007735
1 7 0.191434 0.186776 0.007735
1 8 0.188449 0.186776 0.007735
1 9 0.186762 0.186776 0.007735
1 10 0.185464 0.186776 0.007735
1 11 0.187800 0.186776 0.007735
1 12 0.189228 0.186776 0.007735
1 13 0.191175 0.186776 0.007735
1 14 0.188968 0.186776 0.007735
1 15 0.188709 0.186776 0.007735
1 16 0.189098 0.186776 0.007735
1 17 0.187411 0.186776 0.007735
1 18 0.186502 0.186776 0.007735
1 19 0.180921 0.186776 0.007735
1 20 0.178715 0.186776 0.007735
2 0 0.200649 0.186776 0.007735
2 1 0.202855 0.186776 0.007735
2 2 0.204023 0.186776 0.007735
2 3 0.202855 0.186776 0.007735
2 4 0.203894 0.186776 0.007735
2 5 0.202077 0.186776 0.007735
2 6 0.196755 0.186776 0.007735
2 7 0.194160 0.186776 0.007735
2 8 0.190785 0.186776 0.007735
2 9 0.191434 0.186776 0.007735
2 10 0.189747 0.186776 0.007735
2 11 0.192083 0.186776 0.007735
2 12 0.191304 0.186776 0.007735
2 13 0.193121 0.186776 0.007735
2 14 0.194030 0.186776 0.007735
2 15 0.190915 0.186776 0.007735
2 16 0.190266 0.186776 0.007735
2 17 0.189358 0.186776 0.007735
2 18 0.189747 0.186776 0.007735
2 19 0.184036 0.186776 0.007735
2 20 0.180792 0.186776 0.007735
3 0 0.198313 0.186776 0.007735
3 1 0.201168 0.186776 0.007735
3 2 0.201557 0.186776 0.007735
3 3 0.204153 0.186776 0.007735
3 4 0.204543 0.186776 0.007735
3 5 0.201428 0.186776 0.007735
3 6 0.198053 0.186776 0.007735
3 7 0.193511 0.186776 0.007735
3 8 0.191564 0.186776 0.007735
3 9 0.191953 0.186776 0.007735
3 10 0.190785 0.186776 0.007735
3 11 0.189098 0.186776 0.007735
3 12 0.189228 0.186776 0.007735
3 13 0.192472 0.186776 0.007735
3 14 0.195717 0.186776 0.007735
3 15 0.193770 0.186776 0.007735
3 16 0.191564 0.186776 0.007735
3 17 0.191045 0.186776 0.007735
3 18 0.190266 0.186776 0.007735
3 19 0.185204 0.186776 0.007735
3 20 0.183128 0.186776 0.007735
4 0 0.194938 0.186776 0.007735
4 1 0.198183 0.186776 0.007735
4 2 0.200519 0.186776 0.007735
4 3 0.205321 0.186776 0.007735
4 4 0.205970 0.186776 0.007735
4 5 0.202596 0.186776 0.007735
4 6 0.197015 0.186776 0.007735
4 7 0.196755 0.186776 0.007735
4 8 0.192213 0.186776 0.007735
4 9 0.188449 0.186776 0.007735
4 10 0.189747 0.186776 0.007735
4 11 0.188838 0.186776 0.007735
4 12 0.189747 0.186776 0.007735
4 13 0.192343 0.186776 0.007735
4 14 0.194549 0.186776 0.007735
4 15 0.194549 0.186776 0.007735
4 16 0.192732 0.186776 0.007735
4 17 0.191045 0.186776 0.007735
4 18 0.190266 0.186776 0.007735
4 19 0.186762 0.186776 0.007735
4 20 0.183517 0.186776 0.007735
5 0 0.197274 0.186776 0.007735
5 1 0.198702 0.186776 0.007735
5 2 0.202077 0.186776 0.007735
5 3 0.204672 0.186776 0.007735
5 4 0.204672 0.186776 0.007735
5 5 0.201428 0.186776 0.007735
5 6 0.196496 0.186776 0.007735
5 7 0.195847 0.186776 0.007735
5 8 0.189747 0.186776 0.007735
5 9 0.188838 0.186776 0.007735
5 10 0.188319 0.186776 0.007735
5 11 0.190655 0.186776 0.007735
5 12 0.189228 0.186776 0.007735
5 13 0.192602 0.186776 0.007735
5 14 0.194030 0.186776 0.007735
5 15 0.193770 0.186776 0.007735
5 16 0.191823 0.186776 0.007735
5 17 0.189617 0.186776 0.007735
5 18 0.189877 0.186776 0.007735
5 19 0.186502 0.186776 0.007735
5 20 0.183128 0.186776 0.007735
6 0 0.190266 0.186776 0.007735
6 1 0.195198 0.186776 0.007735
6 2 0.195717 0.186776 0.007735
6 3 0.199351 0.186776 0.007735
6 4 0.198313 0.186776 0.007735
6 5 0.195328 0.186776 0.007735
6 6 0.192732 0.186776 0.007735
6 7 0.189098 0.186776 0.007735
6 8 0.184426 0.186776 0.007735
6 9 0.184036 0.186776 0.007735
6 10 0.183128 0.186776 0.007735
6 11 0.185075 0.186776 0.007735
6 12 0.185594 0.186776 0.007735
6 13 0.188449 0.186776 0.007735
6 14 0.191175 0.186776 0.007735
6 15 0.190915 0.186776 0.007735
6 16 0.188060 0.186776 0.007735
6 17 0.188838 0.186776 0.007735
6 18 0.188189 0.186776 0.007735
6 19 0.186372 0.186776 0.007735
6 20 0.182219 0.186776 0.007735
7 0 0.184426 0.186776 0.007735
7 1 0.187541 0.186776 0.007735
7 2 0.191823 0.186776 0.007735
7 3 0.190396 0.186776 0.007735
7 4 0.193121 0.186776 0.007735
7 5 0.190136 0.186776 0.007735
7 6 0.185075 0.186776 0.007735
7 7 0.184296 0.186776 0.007735
7 8 0.180532 0.186776 0.007735
7 9 0.178975 0.186776 0.007735
7 10 0.180143 0.186776 0.007735
7 11 0.180402 0.186776 0.007735
7 12 0.180402 0.186776 0.007735
7 13 0.183907 0.186776 0.007735
7 14 0.187021 0.186776 0.007735
7 15 0.184555 0.186776 0.007735
7 16 0.184555 0.186776 0.007735
7 17 0.184036 0.186776 0.007735
7 18 0.184685 0.186776 0.007735
7 19 0.180921 0.186776 0.007735
7 20 0.177028 0.186776 0.007735
8 0 0.178845 0.186776 0.007735
8 1 0.184555 0.186776 0.007735
8 2 0.186372 0.186776 0.007735
8 3 0.189228 0.186776 0.007735
8 4 0.189617 0.186776 0.007735
8 5 0.188189 0.186776 0.007735
8 6 0.182349 0.186776 0.007735
8 7 0.181830 0.186776 0.007735
8 8 0.177807 0.186776 0.007735
8 9 0.176768 0.186776 0.007735
8 10 0.177158 0.186776 0.007735
8 11 0.179364 0.186776 0.007735
8 12 0.182479 0.186776 0.007735
8 13 0.184555 0.186776 0.007735
8 14 0.184945 0.186776 0.007735
8 15 0.183517 0.186776 0.007735
8 16 0.183907 0.186776 0.007735
8 17 0.182349 0.186776 0.007735
8 18 0.180662 0.186776 0.007735
8 19 0.178066 0.186776 0.007735
8 20 0.176509 0.186776 0.007735
9 0 0.182090 0.186776 0.007735
9 1 0.186632 0.186776 0.007735
9 2 0.190655 0.186776 0.007735
9 3 0.190655 0.186776 0.007735
9 4 0.192083 0.186776 0.007735
9 5 0.190655 0.186776 0.007735
9 6 0.185334 0.186776 0.007735
9 7 0.184685 0.186776 0.007735
9 8 0.181441 0.186776 0.007735
9 9 0.178326 0.186776 0.007735
9 10 0.178975 0.186776 0.007735
9 11 0.181700 0.186776 0.007735
9 12 0.185983 0.186776 0.007735
9 13 0.186243 0.186776 0.007735
9 14 0.187021 0.186776 0.007735
9 15 0.187281 0.186776 0.007735
9 16 0.185983 0.186776 0.007735
9 17 0.185334 0.186776 0.007735
9 18 0.181570 0.186776 0.007735
9 19 0.178585 0.186776 0.007735
9 20 0.175081 0.186776 0.007735
10 0 0.183387 0.186776 0.007735
10 1 0.187541 0.186776 0.007735
10 2 0.190396 0.186776 0.007735
10 3 0.191304 0.186776 0.007735
10 4 0.191694 0.186776 0.007735
10 5 0.189487 0.186776 0.007735
10 6 0.184296 0.186776 0.007735
10 7 0.181830 0.186776 0.007735
10 8 0.180402 0.186776 0.007735
10 9 0.178066 0.186776 0.007735
10 10 0.179364 0.186776 0.007735
10 11 0.180921 0.186776 0.007735
10 12 0.182479 0.186776 0.007735
10 13 0.185334 0.186776 0.007735
10 14 0.189098 0.186776 0.007735
10 15 0.189358 0.186776 0.007735
10 16 0.187800 0.186776 0.007735
10 17 0.185075 0.186776 0.007735
10 18 0.182609 0.186776 0.007735
10 19 0.178585 0.186776 0.007735
10 20 0.173005 0.186776 0.007735
11 0 0.184945 0.186776 0.007735
11 1 0.188838 0.186776 0.007735
11 2 0.193121 0.186776 0.007735
11 3 0.190006 0.186776 0.007735
11 4 0.190006 0.186776 0.007735
11 5 0.190136 0.186776 0.007735
11 6 0.184426 0.186776 0.007735
11 7 0.181051 0.186776 0.007735
11 8 0.180143 0.186776 0.007735
11 9 0.180273 0.186776 0.007735
11 10 0.177028 0.186776 0.007735
11 11 0.180921 0.186776 0.007735
11 12 0.182349 0.186776 0.007735
11 13 0.185983 0.186776 0.007735
11 14 0.187800 0.186776 0.007735
11 15 0.188579 0.186776 0.007735
11 16 0.187670 0.186776 0.007735
11 17 0.185853 0.186776 0.007735
11 18 0.181830 0.186776 0.007735
11 19 0.179753 0.186776 0.007735
11 20 0.176119 0.186776 0.007735
12 0 0.184945 0.186776 0.007735
12 1 0.191694 0.186776 0.007735
12 2 0.192992 0.186776 0.007735
12 3 0.190915 0.186776 0.007735
12 4 0.190915 0.186776 0.007735
12 5 0.190526 0.186776 0.007735
12 6 0.184945 0.186776 0.007735
12 7 0.182738 0.186776 0.007735
12 8 0.180143 0.186776 0.007735
12 9 0.179753 0.186776 0.007735
12 10 0.181570 0.186776 0.007735
12 11 0.182090 0.186776 0.007735
12 12 0.183128 0.186776 0.007735
12 13 0.186372 0.186776 0.007735
12 14 0.189487 0.186776 0.007735
12 15 0.188968 0.186776 0.007735
12 16 0.189228 0.186776 0.007735
12 17 0.184685 0.186776 0.007735
12 18 0.183517 0.186776 0.007735
12 19 0.180013 0.186776 0.007735
12 20 0.177417 0.186776 0.007735
13 0 0.187411 0.186776 0.007735
13 1 0.194289 0.186776 0.007735
13 2 0.193900 0.186776 0.007735
13 3 0.194938 0.186776 0.007735
13 4 0.193121 0.186776 0.007735
13 5 0.195457 0.186776 0.007735
13 6 0.190655 0.186776 0.007735
13 7 0.188579 0.186776 0.007735
13 8 0.184945 0.186776 0.007735
13 9 0.182349 0.186776 0.007735
13 10 0.184166 0.186776 0.007735
13 11 0.185724 0.186776 0.007735
13 12 0.187411 0.186776 0.007735
13 13 0.190526 0.186776 0.007735
13 14 0.190655 0.186776 0.007735
13 15 0.192732 0.186776 0.007735
13 16 0.190396 0.186776 0.007735
13 17 0.190006 0.186776 0.007735
13 18 0.183128 0.186776 0.007735
13 19 0.180792 0.186776 0.007735
13 20 0.176119 0.186776 0.007735
14 0 0.188449 0.186776 0.007735
14 1 0.193900 0.186776 0.007735
14 2 0.194030 0.186776 0.007735
14 3 0.195977 0.186776 0.007735
14 4 0.196366 0.186776 0.007735
14 5 0.194549 0.186776 0.007735
14 6 0.192343 0.186776 0.007735
14 7 0.188579 0.186776 0.007735
14 8 0.185983 0.186776 0.007735
14 9 0.184426 0.186776 0.007735
14 10 0.185464 0.186776 0.007735
14 11 0.188189 0.186776 0.007735
14 12 0.189098 0.186776 0.007735
14 13 0.191304 0.186776 0.007735
14 14 0.192602 0.186776 0.007735
14 15 0.192732 0.186776 0.007735
14 16 0.190785 0.186776 0.007735
14 17 0.189098 0.186776 0.007735
14 18 0.184426 0.186776 0.007735
14 19 0.179494 0.186776 0.007735
14 20 0.174822 0.186776 0.007735
15 0 0.188189 0.186776 0.007735
15 1 0.190655 0.186776 0.007735
15 2 0.192213 0.186776 0.007735
15 3 0.193770 0.186776 0.007735
15 4 0.194679 0.186776 0.007735
15 5 0.194030 0.186776 0.007735
15 6 0.190266 0.186776 0.007735
15 7 0.189487 0.186776 0.007735
15 8 0.183907 0.186776 0.007735
15 9 0.183258 0.186776 0.007735
15 10 0.184815 0.186776 0.007735
15 11 0.188060 0.186776 0.007735
15 12 0.189877 0.186776 0.007735
15 13 0.191434 0.186776 0.007735
15 14 0.190396 0.186776 0.007735
15 15 0.193121 0.186776 0.007735
15 16 0.190396 0.186776 0.007735
15 17 0.188319 0.186776 0.007735
15 18 0.185204 0.186776 0.007735
15 19 0.178845 0.186776 0.007735
15 20 0.174432 0.186776 0.007735
16 0 0.187541 0.186776 0.007735
16 1 0.190006 0.186776 0.007735
16 2 0.191953 0.186776 0.007735
16 3 0.193121 0.186776 0.007735
16 4 0.194289 0.186776 0.007735
16 5 0.194549 0.186776 0.007735
16 6 0.191045 0.186776 0.007735
16 7 0.188449 0.186776 0.007735
16 8 0.186113 0.186776 0.007735
16 9 0.184426 0.186776 0.007735
16 10 0.184945 0.186776 0.007735
16 11 0.187930 0.186776 0.007735
16 12 0.187541 0.186776 0.007735
16 13 0.190785 0.186776 0.007735
16 14 0.190785 0.186776 0.007735
16 15 0.189617 0.186776 0.007735
16 16 0.189358 0.186776 0.007735
16 17 0.187021 0.186776 0.007735
16 18 0.182090 0.186776 0.007735
16 19 0.178326 0.186776 0.007735
16 20 0.176249 0.186776 0.007735
17 0 0.186502 0.186776 0.007735
17 1 0.188319 0.186776 0.007735
17 2 0.188060 0.186776 0.007735
17 3 0.188449 0.186776 0.007735
17 4 0.191175 0.186776 0.007735
17 5 0.189747 0.186776 0.007735
17 6 0.189877 0.186776 0.007735
17 7 0.187281 0.186776 0.007735
17 8 0.182868 0.186776 0.007735
17 9 0.183647 0.186776 0.007735
17 10 0.184426 0.186776 0.007735
17 11 0.184685 0.186776 0.007735
17 12 0.184555 0.186776 0.007735
17 13 0.188449 0.186776 0.007735
17 14 0.188709 0.186776 0.007735
17 15 0.187800 0.186776 0.007735
17 16 0.186113 0.186776 0.007735
17 17 0.186372 0.186776 0.007735
17 18 0.178456 0.186776 0.007735
17 19 0.175470 0.186776 0.007735
17 20 0.170149 0.186776 0.007735
18 0 0.184426 0.186776 0.007735
18 1 0.186243 0.186776 0.007735
18 2 0.187021 0.186776 0.007735
18 3 0.186632 0.186776 0.007735
18 4 0.185204 0.186776 0.007735
18 5 0.185334 0.186776 0.007735
18 6 0.184426 0.186776 0.007735
18 7 0.182609 0.186776 0.007735
18 8 0.178845 0.186776 0.007735
18 9 0.179624 0.186776 0.007735
18 10 0.183387 0.186776 0.007735
18 11 0.182349 0.186776 0.007735
18 12 0.182349 0.186776 0.007735
18 13 0.183387 0.186776 0.007735
18 14 0.181830 0.186776 0.007735
18 15 0.184036 0.186776 0.007735
18 16 0.183258 0.186776 0.007735
18 17 0.180532 0.186776 0.007735
18 18 0.174692 0.186776 0.007735
18 19 0.170668 0.186776 0.007735
18 20 0.166515 0.186776 0.007735
19 0 0.178585 0.186776 0.007735
19 1 0.182998 0.186776 0.007735
19 2 0.182219 0.186776 0.007735
19 3 0.185983 0.186776 0.007735
19 4 0.184426 0.186776 0.007735
19 5 0.183517 0.186776 0.007735
19 6 0.180532 0.186776 0.007735
19 7 0.177807 0.186776 0.007735
19 8 0.174432 0.186776 0.007735
19 9 0.176898 0.186776 0.007735
19 10 0.176639 0.186776 0.007735
19 11 0.177936 0.186776 0.007735
19 12 0.177547 0.186776 0.007735
19 13 0.177936 0.186776 0.007735
19 14 0.176249 0.186776 0.007735
19 15 0.178456 0.186776 0.007735
19 16 0.177287 0.186776 0.007735
19 17 0.176639 0.186776 0.007735
19 18 0.171317 0.186776 0.007735
19 19 0.166515 0.186776 0.007735
19 20 0.160286 0.186776 0.007735
20 0 0.173653 0.186776 0.007735
20 1 0.176119 0.186776 0.007735
20 2 0.178845 0.186776 0.007735
20 3 0.181051 0.186776 0.007735
20 4 0.182738 0.186776 0.007735
20 5 0.181960 0.186776 0.007735
20 6 0.178066 0.186776 0.007735
20 7 0.174692 0.186776 0.007735
20 8 0.171188 0.186776 0.007735
20 9 0.168981 0.186776 0.007735
20 10 0.172615 0.186776 0.007735
20 11 0.172356 0.186776 0.007735
20 12 0.172096 0.186776 0.007735
20 13 0.171577 0.186776 0.007735
20 14 0.170019 0.186776 0.007735
20 15 0.169371 0.186776 0.007735
20 16 0.169241 0.186776 0.007735
20 17 0.168332 0.186776 0.007735
20 18 0.163790 0.186776 0.007735
20 19 0.159637 0.186776 0.007735
20 20 0.154835 0.186776 0.007735
