# contact distance = 32.0 Angstroms
# F = 0.4 kJ/mol

# i j contact_probability mean_contact_probability stddev_contact_probability
0 0 0.197418 0.194280 0.005199
0 1 0.198578 0.194280 0.005199
0 2 0.198724 0.194280 0.005199
0 3 0.198433 0.194280 0.005199
0 4 0.200174 0.194280 0.005199
0 5 0.197708 0.194280 0.005199
0 6 0.191906 0.194280 0.005199
0 7 0.187409 0.194280 0.005199
0 8 0.183638 0.194280 0.005199
0 9 0.184363 0.194280 0.005199
0 10 0.183348 0.194280 0.005199
0 11 0.183493 0.194280 0.005199
0 12 0.186829 0.194280 0.005199
0 13 0.187845 0.194280 0.005199
0 14 0.191181 0.194280 0.005199
0 15 0.192631 0.194280 0.005199
0 16 0.193647 0.194280 0.005199
0 17 0.192631 0.194280 0.005199
0 18 0.189440 0.194280 0.005199
0 19 0.188570 0.194280 0.005199
0 20 0.185234 0.194280 0.005199
1 0 0.198724 0.194280 0.005199
1 1 0.201625 0.194280 0.005199
1 2 0.199884 0.194280 0.005199
1 3 0.199014 0.194280 0.005199
1 4 0.201625 0.194280 0.005199
1 5 0.200174 0.194280 0.005199
1 6 0.194227 0.194280 0.005199
1 7 0.190165 0.194280 0.005199
1 8 0.187699 0.194280 0.005199
1 9 0.186684 0.194280 0.005199
1 10 0.186829 0.194280 0.005199
1 11 0.186829 0.194280 0.005199
1 12 0.189585 0.194280 0.005199
1 13 0.191326 0.194280 0.005199
1 14 0.196693 0.194280 0.005199
1 15 0.197563 0.194280 0.005199
1 16 0.195968 0.194280 0.005199
1 17 0.194807 0.194280 0.005199
1 18 0.193357 0.194280 0.005199
1 19 0.192776 0.194280 0.005199
1 20 0.189440 0.194280 0.005199
2 0 0.201334 0.194280 0.005199
2 1 0.204961 0.194280 0.005199
2 2 0.202640 0.194280 0.005199
2 3 0.202785 0.194280 0.005199
2 4 0.203510 0.194280 0.005199
2 5 0.199739 0.194280 0.005199
2 6 0.199449 0.194280 0.005199
2 7 0.195677 0.194280 0.005199
2 8 0.191906 0.194280 0.005199
2 9 0.189150 0.194280 0.005199
2 10 0.191181 0.194280 0.005199
2 11 0.190455 0.194280 0.005199
2 12 0.195242 0.194280 0.005199
2 13 0.197708 0.194280 0.005199
2 14 0.201189 0.194280 0.005199
2 15 0.202495 0.194280 0.005199
2 16 0.200464 0.194280 0.005199
2 17 0.197128 0.194280 0.005199
2 18 0.197273 0.194280 0.005199
2 19 0.195387 0.194280 0.005199
2 20 0.191471 0.194280 0.005199
3 0 0.200609 0.194280 0.005199
3 1 0.204816 0.194280 0.005199
3 2 0.201915 0.194280 0.005199
3 3 0.201334 0.194280 0.005199
3 4 0.204091 0.194280 0.005199
3 5 0.201044 0.194280 0.005199
3 6 0.198869 0.194280 0.005199
3 7 0.194227 0.194280 0.005199
3 8 0.191471 0.194280 0.005199
3 9 0.189875 0.194280 0.005199
3 10 0.191906 0.194280 0.005199
3 11 0.193357 0.194280 0.005199
3 12 0.198433 0.194280 0.005199
3 13 0.199014 0.194280 0.005199
3 14 0.201044 0.194280 0.005199
3 15 0.200464 0.194280 0.005199
3 16 0.198578 0.194280 0.005199
3 17 0.197563 0.194280 0.005199
3 18 0.195532 0.194280 0.005199
3 19 0.194227 0.194280 0.005199
3 20 0.193502 0.194280 0.005199
4 0 0.198578 0.194280 0.005199
4 1 0.198869 0.194280 0.005199
4 2 0.199884 0.194280 0.005199
4 3 0.204091 0.194280 0.005199
4 4 0.201915 0.194280 0.005199
4 5 0.201044 0.194280 0.005199
4 6 0.198869 0.194280 0.005199
4 7 0.193066 0.194280 0.005199
4 8 0.191906 0.194280 0.005199
4 9 0.192341 0.194280 0.005199
4 10 0.192921 0.194280 0.005199
4 11 0.194952 0.194280 0.005199
4 12 0.200029 0.194280 0.005199
4 13 0.198288 0.194280 0.005199
4 14 0.202785 0.194280 0.005199
4 15 0.200609 0.194280 0.005199
4 16 0.203075 0.194280 0.005199
4 17 0.200609 0.194280 0.005199
4 18 0.196693 0.194280 0.005199
4 19 0.194662 0.194280 0.005199
4 20 0.192196 0.194280 0.005199
5 0 0.194662 0.194280 0.005199
5 1 0.200319 0.194280 0.005199
5 2 0.200464 0.194280 0.005199
5 3 0.203510 0.194280 0.005199
5 4 0.200899 0.194280 0.005199
5 5 0.200029 0.194280 0.005199
5 6 0.194952 0.194280 0.005199
5 7 0.191326 0.194280 0.005199
5 8 0.191616 0.194280 0.005199
5 9 0.192486 0.194280 0.005199
5 10 0.192051 0.194280 0.005199
5 11 0.195677 0.194280 0.005199
5 12 0.198433 0.194280 0.005199
5 13 0.199884 0.194280 0.005199
5 14 0.200029 0.194280 0.005199
5 15 0.198578 0.194280 0.005199
5 16 0.202350 0.194280 0.005199
5 17 0.200319 0.194280 0.005199
5 18 0.197998 0.194280 0.005199
5 19 0.195822 0.194280 0.005199
5 20 0.193792 0.194280 0.005199
6 0 0.193647 0.194280 0.005199
6 1 0.197273 0.194280 0.005199
6 2 0.198578 0.194280 0.005199
6 3 0.200899 0.194280 0.005199
6 4 0.201770 0.194280 0.005199
6 5 0.199014 0.194280 0.005199
6 6 0.197563 0.194280 0.005199
6 7 0.193937 0.194280 0.005199
6 8 0.193066 0.194280 0.005199
6 9 0.193647 0.194280 0.005199
6 10 0.194807 0.194280 0.005199
6 11 0.196838 0.194280 0.005199
6 12 0.198724 0.194280 0.005199
6 13 0.197853 0.194280 0.005199
6 14 0.197708 0.194280 0.005199
6 15 0.197418 0.194280 0.005199
6 16 0.198724 0.194280 0.005199
6 17 0.200464 0.194280 0.005199
6 18 0.199159 0.194280 0.005199
6 19 0.195822 0.194280 0.005199
6 20 0.194662 0.194280 0.005199
7 0 0.190455 0.194280 0.005199
7 1 0.194807 0.194280 0.005199
7 2 0.197273 0.194280 0.005199
7 3 0.198869 0.194280 0.005199
7 4 0.199014 0.194280 0.005199
7 5 0.198869 0.194280 0.005199
7 6 0.196403 0.194280 0.005199
7 7 0.197418 0.194280 0.005199
7 8 0.195968 0.194280 0.005199
7 9 0.193937 0.194280 0.005199
7 10 0.197563 0.194280 0.005199
7 11 0.197273 0.194280 0.005199
7 12 0.199304 0.194280 0.005199
7 13 0.199884 0.194280 0.005199
7 14 0.199739 0.194280 0.005199
7 15 0.198288 0.194280 0.005199
7 16 0.199594 0.194280 0.005199
7 17 0.199739 0.194280 0.005199
7 18 0.197853 0.194280 0.005199
7 19 0.197128 0.194280 0.005199
7 20 0.192631 0.194280 0.005199
8 0 0.187409 0.194280 0.005199
8 1 0.192051 0.194280 0.005199
8 2 0.193066 0.194280 0.005199
8 3 0.195097 0.194280 0.005199
8 4 0.197418 0.194280 0.005199
8 5 0.196403 0.194280 0.005199
8 6 0.197708 0.194280 0.005199
8 7 0.196983 0.194280 0.005199
8 8 0.196403 0.194280 0.005199
8 9 0.195822 0.194280 0.005199
8 10 0.197273 0.194280 0.005199
8 11 0.195968 0.194280 0.005199
8 12 0.197418 0.194280 0.005199
8 13 0.197563 0.194280 0.005199
8 14 0.198869 0.194280 0.005199
8 15 0.198288 0.194280 0.005199
8 16 0.196693 0.194280 0.005199
8 17 0.196258 0.194280 0.005199
8 18 0.195968 0.194280 0.005199
8 19 0.193357 0.194280 0.005199
8 20 0.192341 0.194280 0.005199
9 0 0.187264 0.194280 0.005199
9 1 0.189875 0.194280 0.005199
9 2 0.189440 0.194280 0.005199
9 3 0.191906 0.194280 0.005199
9 4 0.194807 0.194280 0.005199
9 5 0.194952 0.194280 0.005199
9 6 0.194952 0.194280 0.005199
9 7 0.195242 0.194280 0.005199
9 8 0.195677 0.194280 0.005199
9 9 0.195968 0.194280 0.005199
9 10 0.195968 0.194280 0.005199
9 11 0.197563 0.194280 0.005199
9 12 0.197853 0.194280 0.005199
9 13 0.198288 0.194280 0.005199
9 14 0.197418 0.194280 0.005199
9 15 0.197998 0.194280 0.005199
9 16 0.194807 0.194280 0.005199
9 17 0.195242 0.194280 0.005199
9 18 0.196113 0.194280 0.005199
9 19 0.193937 0.194280 0.005199
9 20 0.189150 0.194280 0.005199
10 0 0.187264 0.194280 0.005199
10 1 0.194372 0.194280 0.005199
10 2 0.193211 0.194280 0.005199
10 3 0.193066 0.194280 0.005199
10 4 0.196838 0.194280 0.005199
10 5 0.196403 0.194280 0.005199
10 6 0.195968 0.194280 0.005199
10 7 0.196113 0.194280 0.005199
10 8 0.196258 0.194280 0.005199
10 9 0.198288 0.194280 0.005199
10 10 0.201044 0.194280 0.005199
10 11 0.197563 0.194280 0.005199
10 12 0.197273 0.194280 0.005199
10 13 0.200029 0.194280 0.005199
10 14 0.197273 0.194280 0.005199
10 15 0.197708 0.194280 0.005199
10 16 0.194372 0.194280 0.005199
10 17 0.194807 0.194280 0.005199
10 18 0.194082 0.194280 0.005199
10 19 0.188715 0.194280 0.005199
10 20 0.188135 0.194280 0.005199
11 0 0.191326 0.194280 0.005199
11 1 0.197853 0.194280 0.005199
11 2 0.194227 0.194280 0.005199
11 3 0.193792 0.194280 0.005199
11 4 0.196693 0.194280 0.005199
11 5 0.198578 0.194280 0.005199
11 6 0.195822 0.194280 0.005199
11 7 0.195097 0.194280 0.005199
11 8 0.195968 0.194280 0.005199
11 9 0.196113 0.194280 0.005199
11 10 0.200029 0.194280 0.005199
11 11 0.199594 0.194280 0.005199
11 12 0.197853 0.194280 0.005199
11 13 0.199014 0.194280 0.005199
11 14 0.197853 0.194280 0.005199
11 15 0.197128 0.194280 0.005199
11 16 0.195822 0.194280 0.005199
11 17 0.193066 0.194280 0.005199
11 18 0.191616 0.194280 0.005199
11 19 0.191616 0.194280 0.005199
11 20 0.189875 0.194280 0.005199
12 0 0.191326 0.194280 0.005199
12 1 0.193792 0.194280 0.005199
12 2 0.195242 0.194280 0.005199
12 3 0.194807 0.194280 0.005199
12 4 0.195677 0.194280 0.005199
12 5 0.197708 0.194280 0.005199
12 6 0.198143 0.194280 0.005199
12 7 0.196838 0.194280 0.005199
12 8 0.197708 0.194280 0.005199
12 9 0.196838 0.194280 0.005199
12 10 0.197998 0.194280 0.005199
12 11 0.198143 0.194280 0.005199
12 12 0.197853 0.194280 0.005199
12 13 0.199159 0.194280 0.005199
12 14 0.199014 0.194280 0.005199
12 15 0.196693 0.194280 0.005199
12 16 0.196258 0.194280 0.005199
12 17 0.193211 0.194280 0.005199
12 18 0.190746 0.194280 0.005199
12 19 0.191181 0.194280 0.005199
12 20 0.191181 0.194280 0.005199
13 0 0.190165 0.194280 0.005199
13 1 0.192341 0.194280 0.005199
13 2 0.194227 0.194280 0.005199
13 3 0.197273 0.194280 0.005199
13 4 0.196548 0.194280 0.005199
13 5 0.198143 0.194280 0.005199
13 6 0.198724 0.194280 0.005199
13 7 0.195677 0.194280 0.005199
13 8 0.198143 0.194280 0.005199
13 9 0.197418 0.194280 0.005199
13 10 0.197998 0.194280 0.005199
13 11 0.198578 0.194280 0.005199
13 12 0.198578 0.194280 0.005199
13 13 0.196983 0.194280 0.005199
13 14 0.197563 0.194280 0.005199
13 15 0.197998 0.194280 0.005199
13 16 0.197998 0.194280 0.005199
13 17 0.193357 0.194280 0.005199
13 18 0.192921 0.194280 0.005199
13 19 0.191761 0.194280 0.005199
13 20 0.188715 0.194280 0.005199
14 0 0.189005 0.194280 0.005199
14 1 0.191326 0.194280 0.005199
14 2 0.194372 0.194280 0.005199
14 3 0.196983 0.194280 0.005199
14 4 0.196113 0.194280 0.005199
14 5 0.199739 0.194280 0.005199
14 6 0.200609 0.194280 0.005199
14 7 0.199884 0.194280 0.005199
14 8 0.199594 0.194280 0.005199
14 9 0.197853 0.194280 0.005199
14 10 0.197418 0.194280 0.005199
14 11 0.195097 0.194280 0.005199
14 12 0.196258 0.194280 0.005199
14 13 0.197273 0.194280 0.005199
14 14 0.196113 0.194280 0.005199
14 15 0.196403 0.194280 0.005199
14 16 0.195968 0.194280 0.005199
14 17 0.191471 0.194280 0.005199
14 18 0.192196 0.194280 0.005199
14 19 0.188715 0.194280 0.005199
14 20 0.184218 0.194280 0.005199
15 0 0.189150 0.194280 0.005199
15 1 0.194952 0.194280 0.005199
15 2 0.194227 0.194280 0.005199
15 3 0.196403 0.194280 0.005199
15 4 0.194662 0.194280 0.005199
15 5 0.196113 0.194280 0.005199
15 6 0.198288 0.194280 0.005199
15 7 0.197418 0.194280 0.005199
15 8 0.199304 0.194280 0.005199
15 9 0.198724 0.194280 0.005199
15 10 0.196258 0.194280 0.005199
15 11 0.194227 0.194280 0.005199
15 12 0.196548 0.194280 0.005199
15 13 0.195097 0.194280 0.005199
15 14 0.194952 0.194280 0.005199
15 15 0.195532 0.194280 0.005199
15 16 0.195387 0.194280 0.005199
15 17 0.192776 0.194280 0.005199
15 18 0.191761 0.194280 0.005199
15 19 0.187699 0.194280 0.005199
15 20 0.183638 0.194280 0.005199
16 0 0.190601 0.194280 0.005199
16 1 0.193502 0.194280 0.005199
16 2 0.192776 0.194280 0.005199
16 3 0.194662 0.194280 0.005199
16 4 0.195968 0.194280 0.005199
16 5 0.195532 0.194280 0.005199
16 6 0.196983 0.194280 0.005199
16 7 0.194662 0.194280 0.005199
16 8 0.196548 0.194280 0.005199
16 9 0.197273 0.194280 0.005199
16 10 0.193647 0.194280 0.005199
16 11 0.192631 0.194280 0.005199
16 12 0.195242 0.194280 0.005199
16 13 0.195097 0.194280 0.005199
16 14 0.195097 0.194280 0.005199
16 15 0.194662 0.194280 0.005199
16 16 0.192196 0.194280 0.005199
16 17 0.191181 0.194280 0.005199
16 18 0.188570 0.194280 0.005199
16 19 0.185234 0.194280 0.005199
16 20 0.182623 0.194280 0.005199
17 0 0.188860 0.194280 0.005199
17 1 0.190746 0.194280 0.005199
17 2 0.191906 0.194280 0.005199
17 3 0.193211 0.194280 0.005199
17 4 0.194517 0.194280 0.005199
17 5 0.194372 0.194280 0.005199
17 6 0.194807 0.194280 0.005199
17 7 0.194082 0.194280 0.005199
17 8 0.195677 0.194280 0.005199
17 9 0.195532 0.194280 0.005199
17 10 0.190891 0.194280 0.005199
17 11 0.190020 0.194280 0.005199
17 12 0.193357 0.194280 0.005199
17 13 0.194082 0.194280 0.005199
17 14 0.192776 0.194280 0.005199
17 15 0.191906 0.194280 0.005199
17 16 0.192341 0.194280 0.005199
17 17 0.190165 0.194280 0.005199
17 18 0.188715 0.194280 0.005199
17 19 0.184363 0.194280 0.005199
17 20 0.179867 0.194280 0.005199
18 0 0.187699 0.194280 0.005199
18 1 0.188715 0.194280 0.005199
18 2 0.192921 0.194280 0.005199
18 3 0.194227 0.194280 0.005199
18 4 0.196983 0.194280 0.005199
18 5 0.195968 0.194280 0.005199
18 6 0.195532 0.194280 0.005199
18 7 0.194952 0.194280 0.005199
18 8 0.195822 0.194280 0.005199
18 9 0.194517 0.194280 0.005199
18 10 0.191036 0.194280 0.005199
18 11 0.189585 0.194280 0.005199
18 12 0.192341 0.194280 0.005199
18 13 0.192051 0.194280 0.005199
18 14 0.192341 0.194280 0.005199
18 15 0.190310 0.194280 0.005199
18 16 0.190455 0.194280 0.005199
18 17 0.189150 0.194280 0.005199
18 18 0.186974 0.194280 0.005199
18 19 0.181897 0.194280 0.005199
18 20 0.178416 0.194280 0.005199
19 0 0.184508 0.194280 0.005199
19 1 0.190455 0.194280 0.005199
19 2 0.191326 0.194280 0.005199
19 3 0.190891 0.194280 0.005199
19 4 0.196983 0.194280 0.005199
19 5 0.195097 0.194280 0.005199
19 6 0.193647 0.194280 0.005199
19 7 0.191906 0.194280 0.005199
19 8 0.192196 0.194280 0.005199
19 9 0.191906 0.194280 0.005199
19 10 0.191471 0.194280 0.005199
19 11 0.186104 0.194280 0.005199
19 12 0.188425 0.194280 0.005199
19 13 0.186974 0.194280 0.005199
19 14 0.188425 0.194280 0.005199
19 15 0.186974 0.194280 0.005199
19 16 0.186104 0.194280 0.005199
19 17 0.184073 0.194280 0.005199
19 18 0.186104 0.194280 0.005199
19 19 0.181317 0.194280 0.005199
19 20 0.174645 0.194280 0.005199
20 0 0.182478 0.194280 0.005199
20 1 0.186684 0.194280 0.005199
20 2 0.189875 0.194280 0.005199
20 3 0.186974 0.194280 0.005199
20 4 0.189730 0.194280 0.005199
20 5 0.189150 0.194280 0.005199
20 6 0.189150 0.194280 0.005199
20 7 0.186829 0.194280 0.005199
20 8 0.184508 0.194280 0.005199
20 9 0.184798 0.194280 0.005199
20 10 0.182623 0.194280 0.005199
20 11 0.182332 0.194280 0.005199
20 12 0.182187 0.194280 0.005199
20 13 0.182768 0.194280 0.005199
20 14 0.182768 0.194280 0.005199
20 15 0.180447 0.194280 0.005199
20 16 0.182913 0.194280 0.005199
20 17 0.180447 0.194280 0.005199
20 18 0.179286 0.194280 0.005199
20 19 0.176095 0.194280 0.005199
20 20 0.169133 0.194280 0.005199
