# contact distance = 32.0 Angstroms
# F = 0.4 kJ/mol

# i j contact_probability mean_contact_probability stddev_contact_probability
0 0 0.197944 0.208102 0.007901
0 1 0.199896 0.208102 0.007901
0 2 0.204060 0.208102 0.007901
0 3 0.204060 0.208102 0.007901
0 4 0.205232 0.208102 0.007901
0 5 0.203410 0.208102 0.007901
0 6 0.202759 0.208102 0.007901
0 7 0.205362 0.208102 0.007901
0 8 0.202629 0.208102 0.007901
0 9 0.201848 0.208102 0.007901
0 10 0.206793 0.208102 0.007901
0 11 0.205492 0.208102 0.007901
0 12 0.205362 0.208102 0.007901
0 13 0.205492 0.208102 0.007901
0 14 0.204971 0.208102 0.007901
0 15 0.203410 0.208102 0.007901
0 16 0.202499 0.208102 0.007901
0 17 0.200677 0.208102 0.007901
0 18 0.197683 0.208102 0.007901
0 19 0.194170 0.208102 0.007901
0 20 0.189875 0.208102 0.007901
1 0 0.198074 0.208102 0.007901
1 1 0.202499 0.208102 0.007901
1 2 0.206143 0.208102 0.007901
1 3 0.203930 0.208102 0.007901
1 4 0.203930 0.208102 0.007901
1 5 0.205232 0.208102 0.007901
1 6 0.203540 0.208102 0.007901
1 7 0.204971 0.208102 0.007901
1 8 0.202889 0.208102 0.007901
1 9 0.203800 0.208102 0.007901
1 10 0.211088 0.208102 0.007901
1 11 0.210437 0.208102 0.007901
1 12 0.211218 0.208102 0.007901
1 13 0.209396 0.208102 0.007901
1 14 0.206793 0.208102 0.007901
1 15 0.206533 0.208102 0.007901
1 16 0.206923 0.208102 0.007901
1 17 0.204321 0.208102 0.007901
1 18 0.201978 0.208102 0.007901
1 19 0.195992 0.208102 0.007901
1 20 0.193129 0.208102 0.007901
2 0 0.197033 0.208102 0.007901
2 1 0.203670 0.208102 0.007901
2 2 0.203540 0.208102 0.007901
2 3 0.204060 0.208102 0.007901
2 4 0.206533 0.208102 0.007901
2 5 0.208355 0.208102 0.007901
2 6 0.208225 0.208102 0.007901
2 7 0.209266 0.208102 0.007901
2 8 0.206273 0.208102 0.007901
2 9 0.206663 0.208102 0.007901
2 10 0.211478 0.208102 0.007901
2 11 0.212780 0.208102 0.007901
2 12 0.214081 0.208102 0.007901
2 13 0.213300 0.208102 0.007901
2 14 0.210567 0.208102 0.007901
2 15 0.209917 0.208102 0.007901
2 16 0.207965 0.208102 0.007901
2 17 0.204581 0.208102 0.007901
2 18 0.203670 0.208102 0.007901
2 19 0.199245 0.208102 0.007901
2 20 0.193649 0.208102 0.007901
3 0 0.198594 0.208102 0.007901
3 1 0.201718 0.208102 0.007901
3 2 0.204841 0.208102 0.007901
3 3 0.207444 0.208102 0.007901
3 4 0.209006 0.208102 0.007901
3 5 0.208745 0.208102 0.007901
3 6 0.209917 0.208102 0.007901
3 7 0.209787 0.208102 0.007901
3 8 0.208225 0.208102 0.007901
3 9 0.210047 0.208102 0.007901
3 10 0.214211 0.208102 0.007901
3 11 0.214992 0.208102 0.007901
3 12 0.214992 0.208102 0.007901
3 13 0.214992 0.208102 0.007901
3 14 0.214081 0.208102 0.007901
3 15 0.213691 0.208102 0.007901
3 16 0.211348 0.208102 0.007901
3 17 0.208615 0.208102 0.007901
3 18 0.205492 0.208102 0.007901
3 19 0.202108 0.208102 0.007901
3 20 0.198594 0.208102 0.007901
4 0 0.196642 0.208102 0.007901
4 1 0.200156 0.208102 0.007901
4 2 0.202629 0.208102 0.007901
4 3 0.205492 0.208102 0.007901
4 4 0.206533 0.208102 0.007901
4 5 0.206533 0.208102 0.007901
4 6 0.208355 0.208102 0.007901
4 7 0.210567 0.208102 0.007901
4 8 0.207574 0.208102 0.007901
4 9 0.212129 0.208102 0.007901
4 10 0.213561 0.208102 0.007901
4 11 0.213431 0.208102 0.007901
4 12 0.213691 0.208102 0.007901
4 13 0.214732 0.208102 0.007901
4 14 0.215903 0.208102 0.007901
4 15 0.213561 0.208102 0.007901
4 16 0.211088 0.208102 0.007901
4 17 0.209006 0.208102 0.007901
4 18 0.208225 0.208102 0.007901
4 19 0.204060 0.208102 0.007901
4 20 0.198985 0.208102 0.007901
5 0 0.196642 0.208102 0.007901
5 1 0.200286 0.208102 0.007901
5 2 0.202629 0.208102 0.007901
5 3 0.205102 0.208102 0.007901
5 4 0.206143 0.208102 0.007901
5 5 0.206533 0.208102 0.007901
5 6 0.208355 0.208102 0.007901
5 7 0.208225 0.208102 0.007901
5 8 0.209006 0.208102 0.007901
5 9 0.210177 0.208102 0.007901
5 10 0.213691 0.208102 0.007901
5 11 0.213821 0.208102 0.007901
5 12 0.213300 0.208102 0.007901
5 13 0.216554 0.208102 0.007901
5 14 0.214862 0.208102 0.007901
5 15 0.214602 0.208102 0.007901
5 16 0.211999 0.208102 0.007901
5 17 0.208615 0.208102 0.007901
5 18 0.207704 0.208102 0.007901
5 19 0.204321 0.208102 0.007901
5 20 0.199245 0.208102 0.007901
6 0 0.196512 0.208102 0.007901
6 1 0.201197 0.208102 0.007901
6 2 0.202759 0.208102 0.007901
6 3 0.203149 0.208102 0.007901
6 4 0.207054 0.208102 0.007901
6 5 0.206663 0.208102 0.007901
6 6 0.207965 0.208102 0.007901
6 7 0.209266 0.208102 0.007901
6 8 0.207574 0.208102 0.007901
6 9 0.209526 0.208102 0.007901
6 10 0.211739 0.208102 0.007901
6 11 0.213431 0.208102 0.007901
6 12 0.213170 0.208102 0.007901
6 13 0.214341 0.208102 0.007901
6 14 0.214732 0.208102 0.007901
6 15 0.214992 0.208102 0.007901
6 16 0.212389 0.208102 0.007901
6 17 0.211609 0.208102 0.007901
6 18 0.207965 0.208102 0.007901
6 19 0.204841 0.208102 0.007901
6 20 0.201458 0.208102 0.007901
7 0 0.197163 0.208102 0.007901
7 1 0.199766 0.208102 0.007901
7 2 0.204841 0.208102 0.007901
7 3 0.203670 0.208102 0.007901
7 4 0.206143 0.208102 0.007901
7 5 0.209656 0.208102 0.007901
7 6 0.209917 0.208102 0.007901
7 7 0.210307 0.208102 0.007901
7 8 0.210177 0.208102 0.007901
7 9 0.210047 0.208102 0.007901
7 10 0.212650 0.208102 0.007901
7 11 0.215903 0.208102 0.007901
7 12 0.213951 0.208102 0.007901
7 13 0.214341 0.208102 0.007901
7 14 0.213431 0.208102 0.007901
7 15 0.213691 0.208102 0.007901
7 16 0.212129 0.208102 0.007901
7 17 0.211999 0.208102 0.007901
7 18 0.208095 0.208102 0.007901
7 19 0.202499 0.208102 0.007901
7 20 0.198594 0.208102 0.007901
8 0 0.199245 0.208102 0.007901
8 1 0.202369 0.208102 0.007901
8 2 0.205622 0.208102 0.007901
8 3 0.206533 0.208102 0.007901
8 4 0.208485 0.208102 0.007901
8 5 0.212520 0.208102 0.007901
8 6 0.210958 0.208102 0.007901
8 7 0.212389 0.208102 0.007901
8 8 0.212910 0.208102 0.007901
8 9 0.212389 0.208102 0.007901
8 10 0.215773 0.208102 0.007901
8 11 0.214602 0.208102 0.007901
8 12 0.212259 0.208102 0.007901
8 13 0.214081 0.208102 0.007901
8 14 0.216163 0.208102 0.007901
8 15 0.214732 0.208102 0.007901
8 16 0.212259 0.208102 0.007901
8 17 0.211999 0.208102 0.007901
8 18 0.210958 0.208102 0.007901
8 19 0.203540 0.208102 0.007901
8 20 0.198464 0.208102 0.007901
9 0 0.198725 0.208102 0.007901
9 1 0.201848 0.208102 0.007901
9 2 0.205752 0.208102 0.007901
9 3 0.208745 0.208102 0.007901
9 4 0.211088 0.208102 0.007901
9 5 0.210567 0.208102 0.007901
9 6 0.211478 0.208102 0.007901
9 7 0.214602 0.208102 0.007901
9 8 0.213561 0.208102 0.007901
9 9 0.214211 0.208102 0.007901
9 10 0.214602 0.208102 0.007901
9 11 0.214862 0.208102 0.007901
9 12 0.216163 0.208102 0.007901
9 13 0.214992 0.208102 0.007901
9 14 0.213951 0.208102 0.007901
9 15 0.214862 0.208102 0.007901
9 16 0.212520 0.208102 0.007901
9 17 0.211869 0.208102 0.007901
9 18 0.209006 0.208102 0.007901
9 19 0.204191 0.208102 0.007901
9 20 0.199245 0.208102 0.007901
10 0 0.202499 0.208102 0.007901
10 1 0.206793 0.208102 0.007901
10 2 0.209787 0.208102 0.007901
10 3 0.209787 0.208102 0.007901
10 4 0.211478 0.208102 0.007901
10 5 0.214081 0.208102 0.007901
10 6 0.216424 0.208102 0.007901
10 7 0.216814 0.208102 0.007901
10 8 0.215643 0.208102 0.007901
10 9 0.217205 0.208102 0.007901
10 10 0.217595 0.208102 0.007901
10 11 0.218766 0.208102 0.007901
10 12 0.220458 0.208102 0.007901
10 13 0.218896 0.208102 0.007901
10 14 0.216163 0.208102 0.007901
10 15 0.216424 0.208102 0.007901
10 16 0.216163 0.208102 0.007901
10 17 0.213561 0.208102 0.007901
10 18 0.210437 0.208102 0.007901
10 19 0.205752 0.208102 0.007901
10 20 0.200937 0.208102 0.007901
11 0 0.200677 0.208102 0.007901
11 1 0.206143 0.208102 0.007901
11 2 0.210828 0.208102 0.007901
11 3 0.210698 0.208102 0.007901
11 4 0.211999 0.208102 0.007901
11 5 0.214862 0.208102 0.007901
11 6 0.218636 0.208102 0.007901
11 7 0.218506 0.208102 0.007901
11 8 0.218896 0.208102 0.007901
11 9 0.219547 0.208102 0.007901
11 10 0.218636 0.208102 0.007901
11 11 0.218246 0.208102 0.007901
11 12 0.222540 0.208102 0.007901
11 13 0.220068 0.208102 0.007901
11 14 0.218636 0.208102 0.007901
11 15 0.217595 0.208102 0.007901
11 16 0.217855 0.208102 0.007901
11 17 0.213691 0.208102 0.007901
11 18 0.211609 0.208102 0.007901
11 19 0.203930 0.208102 0.007901
11 20 0.199896 0.208102 0.007901
12 0 0.201197 0.208102 0.007901
12 1 0.207834 0.208102 0.007901
12 2 0.209787 0.208102 0.007901
12 3 0.212910 0.208102 0.007901
12 4 0.215252 0.208102 0.007901
12 5 0.219157 0.208102 0.007901
12 6 0.219547 0.208102 0.007901
12 7 0.217985 0.208102 0.007901
12 8 0.219157 0.208102 0.007901
12 9 0.219027 0.208102 0.007901
12 10 0.218896 0.208102 0.007901
12 11 0.220849 0.208102 0.007901
12 12 0.220718 0.208102 0.007901
12 13 0.219677 0.208102 0.007901
12 14 0.217074 0.208102 0.007901
12 15 0.217074 0.208102 0.007901
12 16 0.216033 0.208102 0.007901
12 17 0.215383 0.208102 0.007901
12 18 0.211609 0.208102 0.007901
12 19 0.201718 0.208102 0.007901
12 20 0.199766 0.208102 0.007901
13 0 0.200286 0.208102 0.007901
13 1 0.206923 0.208102 0.007901
13 2 0.210828 0.208102 0.007901
13 3 0.211869 0.208102 0.007901
13 4 0.214732 0.208102 0.007901
13 5 0.217855 0.208102 0.007901
13 6 0.217074 0.208102 0.007901
13 7 0.218246 0.208102 0.007901
13 8 0.216424 0.208102 0.007901
13 9 0.217855 0.208102 0.007901
13 10 0.218636 0.208102 0.007901
13 11 0.215903 0.208102 0.007901
13 12 0.215643 0.208102 0.007901
13 13 0.216033 0.208102 0.007901
13 14 0.216163 0.208102 0.007901
13 15 0.215903 0.208102 0.007901
13 16 0.216033 0.208102 0.007901
13 17 0.213691 0.208102 0.007901
13 18 0.209006 0.208102 0.007901
13 19 0.200547 0.208102 0.007901
13 20 0.194951 0.208102 0.007901
14 0 0.199636 0.208102 0.007901
14 1 0.206533 0.208102 0.007901
14 2 0.211088 0.208102 0.007901
14 3 0.211609 0.208102 0.007901
14 4 0.215383 0.208102 0.007901
14 5 0.217725 0.208102 0.007901
14 6 0.218116 0.208102 0.007901
14 7 0.216033 0.208102 0.007901
14 8 0.217074 0.208102 0.007901
14 9 0.215383 0.208102 0.007901
14 10 0.219027 0.208102 0.007901
14 11 0.215903 0.208102 0.007901
14 12 0.215122 0.208102 0.007901
14 13 0.216944 0.208102 0.007901
14 14 0.218376 0.208102 0.007901
14 15 0.216294 0.208102 0.007901
14 16 0.217855 0.208102 0.007901
14 17 0.214472 0.208102 0.007901
14 18 0.206793 0.208102 0.007901
14 19 0.199375 0.208102 0.007901
14 20 0.193129 0.208102 0.007901
15 0 0.198594 0.208102 0.007901
15 1 0.205492 0.208102 0.007901
15 2 0.209526 0.208102 0.007901
15 3 0.210437 0.208102 0.007901
15 4 0.212389 0.208102 0.007901
15 5 0.214992 0.208102 0.007901
15 6 0.216163 0.208102 0.007901
15 7 0.213170 0.208102 0.007901
15 8 0.211609 0.208102 0.007901
15 9 0.213300 0.208102 0.007901
15 10 0.216684 0.208102 0.007901
15 11 0.214992 0.208102 0.007901
15 12 0.217205 0.208102 0.007901
15 13 0.215383 0.208102 0.007901
15 14 0.212910 0.208102 0.007901
15 15 0.214992 0.208102 0.007901
15 16 0.215643 0.208102 0.007901
15 17 0.211478 0.208102 0.007901
15 18 0.205232 0.208102 0.007901
15 19 0.197814 0.208102 0.007901
15 20 0.189224 0.208102 0.007901
16 0 0.197814 0.208102 0.007901
16 1 0.207184 0.208102 0.007901
16 2 0.209396 0.208102 0.007901
16 3 0.210828 0.208102 0.007901
16 4 0.211478 0.208102 0.007901
16 5 0.213300 0.208102 0.007901
16 6 0.216814 0.208102 0.007901
16 7 0.215383 0.208102 0.007901
16 8 0.214992 0.208102 0.007901
16 9 0.214472 0.208102 0.007901
16 10 0.214211 0.208102 0.007901
16 11 0.215773 0.208102 0.007901
16 12 0.216814 0.208102 0.007901
16 13 0.215122 0.208102 0.007901
16 14 0.213040 0.208102 0.007901
16 15 0.213691 0.208102 0.007901
16 16 0.212780 0.208102 0.007901
16 17 0.210437 0.208102 0.007901
16 18 0.204321 0.208102 0.007901
16 19 0.194170 0.208102 0.007901
16 20 0.186491 0.208102 0.007901
17 0 0.198464 0.208102 0.007901
17 1 0.202238 0.208102 0.007901
17 2 0.206143 0.208102 0.007901
17 3 0.209006 0.208102 0.007901
17 4 0.211609 0.208102 0.007901
17 5 0.214732 0.208102 0.007901
17 6 0.215122 0.208102 0.007901
17 7 0.216424 0.208102 0.007901
17 8 0.214081 0.208102 0.007901
17 9 0.212650 0.208102 0.007901
17 10 0.213821 0.208102 0.007901
17 11 0.214211 0.208102 0.007901
17 12 0.213561 0.208102 0.007901
17 13 0.212520 0.208102 0.007901
17 14 0.212650 0.208102 0.007901
17 15 0.211869 0.208102 0.007901
17 16 0.211088 0.208102 0.007901
17 17 0.207834 0.208102 0.007901
17 18 0.201067 0.208102 0.007901
17 19 0.193779 0.208102 0.007901
17 20 0.184409 0.208102 0.007901
18 0 0.193519 0.208102 0.007901
18 1 0.199375 0.208102 0.007901
18 2 0.200156 0.208102 0.007901
18 3 0.203930 0.208102 0.007901
18 4 0.207704 0.208102 0.007901
18 5 0.211088 0.208102 0.007901
18 6 0.213431 0.208102 0.007901
18 7 0.213040 0.208102 0.007901
18 8 0.213300 0.208102 0.007901
18 9 0.210567 0.208102 0.007901
18 10 0.212780 0.208102 0.007901
18 11 0.207965 0.208102 0.007901
18 12 0.208745 0.208102 0.007901
18 13 0.210437 0.208102 0.007901
18 14 0.209917 0.208102 0.007901
18 15 0.207314 0.208102 0.007901
18 16 0.206012 0.208102 0.007901
18 17 0.202499 0.208102 0.007901
18 18 0.198594 0.208102 0.007901
18 19 0.189224 0.208102 0.007901
18 20 0.183758 0.208102 0.007901
19 0 0.190786 0.208102 0.007901
19 1 0.195731 0.208102 0.007901
19 2 0.196903 0.208102 0.007901
19 3 0.199766 0.208102 0.007901
19 4 0.204841 0.208102 0.007901
19 5 0.209006 0.208102 0.007901
19 6 0.207184 0.208102 0.007901
19 7 0.207444 0.208102 0.007901
19 8 0.207704 0.208102 0.007901
19 9 0.208485 0.208102 0.007901
19 10 0.208485 0.208102 0.007901
19 11 0.205622 0.208102 0.007901
19 12 0.204451 0.208102 0.007901
19 13 0.205882 0.208102 0.007901
19 14 0.204321 0.208102 0.007901
19 15 0.201718 0.208102 0.007901
19 16 0.201067 0.208102 0.007901
19 17 0.197814 0.208102 0.007901
19 18 0.191046 0.208102 0.007901
19 19 0.184279 0.208102 0.007901
19 20 0.173347 0.208102 0.007901
20 0 0.187663 0.208102 0.007901
20 1 0.193259 0.208102 0.007901
20 2 0.195731 0.208102 0.007901
20 3 0.196642 0.208102 0.007901
20 4 0.200286 0.208102 0.007901
20 5 0.202759 0.208102 0.007901
20 6 0.204451 0.208102 0.007901
20 7 0.201067 0.208102 0.007901
20 8 0.202238 0.208102 0.007901
20 9 0.202369 0.208102 0.007901
20 10 0.201978 0.208102 0.007901
20 11 0.200156 0.208102 0.007901
20 12 0.200416 0.208102 0.007901
20 13 0.198594 0.208102 0.007901
20 14 0.196903 0.208102 0.007901
20 15 0.192868 0.208102 0.007901
20 16 0.192608 0.208102 0.007901
20 17 0.190265 0.208102 0.007901
20 18 0.183889 0.208102 0.007901
20 19 0.177251 0.208102 0.007901
20 20 0.169443 0.208102 0.007901
