# contact distance = 32.0 Angstroms
# F = 0.4 kJ/mol

# i j contact_probability mean_contact_probability stddev_contact_probability
0 0 0.261583 0.255059 0.015495
0 1 0.259809 0.255059 0.015495
0 2 0.261583 0.255059 0.015495
0 3 0.261361 0.255059 0.015495
0 4 0.258479 0.255059 0.015495
0 5 0.255376 0.255059 0.015495
0 6 0.254046 0.255059 0.015495
0 7 0.251607 0.255059 0.015495
0 8 0.253159 0.255059 0.015495
0 9 0.259144 0.255059 0.015495
0 10 0.256262 0.255059 0.015495
0 11 0.254489 0.255059 0.015495
0 12 0.252937 0.255059 0.015495
0 13 0.250942 0.255059 0.015495
0 14 0.243405 0.255059 0.015495
0 15 0.234981 0.255059 0.015495
0 16 0.227001 0.255059 0.015495
0 17 0.221902 0.255059 0.015495
0 18 0.217690 0.255059 0.015495
0 19 0.209266 0.255059 0.015495
0 20 0.205719 0.255059 0.015495
1 0 0.263135 0.255059 0.015495
1 1 0.263578 0.255059 0.015495
1 2 0.263578 0.255059 0.015495
1 3 0.266016 0.255059 0.015495
1 4 0.261804 0.255059 0.015495
1 5 0.257814 0.255059 0.015495
1 6 0.256262 0.255059 0.015495
1 7 0.254046 0.255059 0.015495
1 8 0.256041 0.255059 0.015495
1 9 0.259588 0.255059 0.015495
1 10 0.261804 0.255059 0.015495
1 11 0.260918 0.255059 0.015495
1 12 0.258036 0.255059 0.015495
1 13 0.256928 0.255059 0.015495
1 14 0.249834 0.255059 0.015495
1 15 0.242740 0.255059 0.015495
1 16 0.234538 0.255059 0.015495
1 17 0.227666 0.255059 0.015495
1 18 0.223454 0.255059 0.015495
1 19 0.216138 0.255059 0.015495
1 20 0.211040 0.255059 0.015495
2 0 0.261804 0.255059 0.015495
2 1 0.262248 0.255059 0.015495
2 2 0.268898 0.255059 0.015495
2 3 0.268012 0.255059 0.015495
2 4 0.266681 0.255059 0.015495
2 5 0.264021 0.255059 0.015495
2 6 0.259809 0.255059 0.015495
2 7 0.262026 0.255059 0.015495
2 8 0.260918 0.255059 0.015495
2 9 0.263356 0.255059 0.015495
2 10 0.264686 0.255059 0.015495
2 11 0.263800 0.255059 0.015495
2 12 0.261139 0.255059 0.015495
2 13 0.261139 0.255059 0.015495
2 14 0.257371 0.255059 0.015495
2 15 0.249834 0.255059 0.015495
2 16 0.242075 0.255059 0.015495
2 17 0.232543 0.255059 0.015495
2 18 0.230769 0.255059 0.015495
2 19 0.221680 0.255059 0.015495
2 20 0.215252 0.255059 0.015495
3 0 0.260474 0.255059 0.015495
3 1 0.260918 0.255059 0.015495
3 2 0.263135 0.255059 0.015495
3 3 0.264021 0.255059 0.015495
3 4 0.265351 0.255059 0.015495
3 5 0.264908 0.255059 0.015495
3 6 0.262026 0.255059 0.015495
3 7 0.260031 0.255059 0.015495
3 8 0.260474 0.255059 0.015495
3 9 0.262913 0.255059 0.015495
3 10 0.264243 0.255059 0.015495
3 11 0.266460 0.255059 0.015495
3 12 0.267125 0.255059 0.015495
3 13 0.268012 0.255059 0.015495
3 14 0.261804 0.255059 0.015495
3 15 0.254711 0.255059 0.015495
3 16 0.249169 0.255059 0.015495
3 17 0.243405 0.255059 0.015495
3 18 0.237641 0.255059 0.015495
3 19 0.230991 0.255059 0.015495
3 20 0.223675 0.255059 0.015495
4 0 0.258701 0.255059 0.015495
4 1 0.261139 0.255059 0.015495
4 2 0.260474 0.255059 0.015495
4 3 0.263135 0.255059 0.015495
4 4 0.261804 0.255059 0.015495
4 5 0.264686 0.255059 0.015495
4 6 0.265573 0.255059 0.015495
4 7 0.262248 0.255059 0.015495
4 8 0.264243 0.255059 0.015495
4 9 0.268677 0.255059 0.015495
4 10 0.266681 0.255059 0.015495
4 11 0.268233 0.255059 0.015495
4 12 0.264465 0.255059 0.015495
4 13 0.266460 0.255059 0.015495
4 14 0.262913 0.255059 0.015495
4 15 0.256262 0.255059 0.015495
4 16 0.253159 0.255059 0.015495
4 17 0.244957 0.255059 0.015495
4 18 0.240301 0.255059 0.015495
4 19 0.235203 0.255059 0.015495
4 20 0.227001 0.255059 0.015495
5 0 0.250277 0.255059 0.015495
5 1 0.256041 0.255059 0.015495
5 2 0.258701 0.255059 0.015495
5 3 0.262248 0.255059 0.015495
5 4 0.265795 0.255059 0.015495
5 5 0.265573 0.255059 0.015495
5 6 0.264243 0.255059 0.015495
5 7 0.265795 0.255059 0.015495
5 8 0.267125 0.255059 0.015495
5 9 0.267125 0.255059 0.015495
5 10 0.270007 0.255059 0.015495
5 11 0.270007 0.255059 0.015495
5 12 0.267568 0.255059 0.015495
5 13 0.266016 0.255059 0.015495
5 14 0.262691 0.255059 0.015495
5 15 0.258258 0.255059 0.015495
5 16 0.253381 0.255059 0.015495
5 17 0.248282 0.255059 0.015495
5 18 0.242740 0.255059 0.015495
5 19 0.237420 0.255059 0.015495
5 20 0.231213 0.255059 0.015495
6 0 0.249169 0.255059 0.015495
6 1 0.252051 0.255059 0.015495
6 2 0.253824 0.255059 0.015495
6 3 0.258923 0.255059 0.015495
6 4 0.264021 0.255059 0.015495
6 5 0.264021 0.255059 0.015495
6 6 0.264021 0.255059 0.015495
6 7 0.265573 0.255059 0.015495
6 8 0.266238 0.255059 0.015495
6 9 0.270893 0.255059 0.015495
6 10 0.270007 0.255059 0.015495
6 11 0.271115 0.255059 0.015495
6 12 0.268677 0.255059 0.015495
6 13 0.269120 0.255059 0.015495
6 14 0.263800 0.255059 0.015495
6 15 0.263578 0.255059 0.015495
6 16 0.256262 0.255059 0.015495
6 17 0.252272 0.255059 0.015495
6 18 0.246287 0.255059 0.015495
6 19 0.238528 0.255059 0.015495
6 20 0.232986 0.255059 0.015495
7 0 0.247395 0.255059 0.015495
7 1 0.252051 0.255059 0.015495
7 2 0.249834 0.255059 0.015495
7 3 0.253159 0.255059 0.015495
7 4 0.259809 0.255059 0.015495
7 5 0.262026 0.255059 0.015495
7 6 0.260918 0.255059 0.015495
7 7 0.262691 0.255059 0.015495
7 8 0.264908 0.255059 0.015495
7 9 0.270007 0.255059 0.015495
7 10 0.272445 0.255059 0.015495
7 11 0.272002 0.255059 0.015495
7 12 0.268677 0.255059 0.015495
7 13 0.268677 0.255059 0.015495
7 14 0.266460 0.255059 0.015495
7 15 0.260918 0.255059 0.015495
7 16 0.257814 0.255059 0.015495
7 17 0.254489 0.255059 0.015495
7 18 0.249390 0.255059 0.015495
7 19 0.241632 0.255059 0.015495
7 20 0.238750 0.255059 0.015495
8 0 0.246509 0.255059 0.015495
8 1 0.250942 0.255059 0.015495
8 2 0.256262 0.255059 0.015495
8 3 0.256262 0.255059 0.015495
8 4 0.262913 0.255059 0.015495
8 5 0.268455 0.255059 0.015495
8 6 0.264465 0.255059 0.015495
8 7 0.262913 0.255059 0.015495
8 8 0.264021 0.255059 0.015495
8 9 0.270007 0.255059 0.015495
8 10 0.270450 0.255059 0.015495
8 11 0.271780 0.255059 0.015495
8 12 0.272445 0.255059 0.015495
8 13 0.272223 0.255059 0.015495
8 14 0.269563 0.255059 0.015495
8 15 0.267346 0.255059 0.015495
8 16 0.260918 0.255059 0.015495
8 17 0.258036 0.255059 0.015495
8 18 0.253602 0.255059 0.015495
8 19 0.249390 0.255059 0.015495
8 20 0.242518 0.255059 0.015495
9 0 0.246730 0.255059 0.015495
9 1 0.252051 0.255059 0.015495
9 2 0.253602 0.255059 0.015495
9 3 0.260253 0.255059 0.015495
9 4 0.266681 0.255059 0.015495
9 5 0.269342 0.255059 0.015495
9 6 0.266460 0.255059 0.015495
9 7 0.265795 0.255059 0.015495
9 8 0.268898 0.255059 0.015495
9 9 0.271337 0.255059 0.015495
9 10 0.272667 0.255059 0.015495
9 11 0.273332 0.255059 0.015495
9 12 0.274219 0.255059 0.015495
9 13 0.274662 0.255059 0.015495
9 14 0.272667 0.255059 0.015495
9 15 0.271115 0.255059 0.015495
9 16 0.264908 0.255059 0.015495
9 17 0.260696 0.255059 0.015495
9 18 0.256706 0.255059 0.015495
9 19 0.252716 0.255059 0.015495
9 20 0.244070 0.255059 0.015495
10 0 0.246065 0.255059 0.015495
10 1 0.252937 0.255059 0.015495
10 2 0.256484 0.255059 0.015495
10 3 0.259366 0.255059 0.015495
10 4 0.266903 0.255059 0.015495
10 5 0.270007 0.255059 0.015495
10 6 0.267346 0.255059 0.015495
10 7 0.268012 0.255059 0.015495
10 8 0.270450 0.255059 0.015495
10 9 0.274884 0.255059 0.015495
10 10 0.272445 0.255059 0.015495
10 11 0.274884 0.255059 0.015495
10 12 0.274440 0.255059 0.015495
10 13 0.274884 0.255059 0.015495
10 14 0.272667 0.255059 0.015495
10 15 0.272667 0.255059 0.015495
10 16 0.264465 0.255059 0.015495
10 17 0.262026 0.255059 0.015495
10 18 0.256041 0.255059 0.015495
10 19 0.252051 0.255059 0.015495
10 20 0.246952 0.255059 0.015495
11 0 0.246730 0.255059 0.015495
11 1 0.251829 0.255059 0.015495
11 2 0.256262 0.255059 0.015495
11 3 0.259144 0.255059 0.015495
11 4 0.261583 0.255059 0.015495
11 5 0.263135 0.255059 0.015495
11 6 0.266681 0.255059 0.015495
11 7 0.264686 0.255059 0.015495
11 8 0.269785 0.255059 0.015495
11 9 0.273997 0.255059 0.015495
11 10 0.276214 0.255059 0.015495
11 11 0.274884 0.255059 0.015495
11 12 0.276879 0.255059 0.015495
11 13 0.274662 0.255059 0.015495
11 14 0.273775 0.255059 0.015495
11 15 0.272223 0.255059 0.015495
11 16 0.271115 0.255059 0.015495
11 17 0.264686 0.255059 0.015495
11 18 0.260474 0.255059 0.015495
11 19 0.255819 0.255059 0.015495
11 20 0.248504 0.255059 0.015495
12 0 0.241410 0.255059 0.015495
12 1 0.249169 0.255059 0.015495
12 2 0.252494 0.255059 0.015495
12 3 0.258036 0.255059 0.015495
12 4 0.261139 0.255059 0.015495
12 5 0.264686 0.255059 0.015495
12 6 0.266460 0.255059 0.015495
12 7 0.268233 0.255059 0.015495
12 8 0.270228 0.255059 0.015495
12 9 0.274219 0.255059 0.015495
12 10 0.275992 0.255059 0.015495
12 11 0.280647 0.255059 0.015495
12 12 0.279761 0.255059 0.015495
12 13 0.278874 0.255059 0.015495
12 14 0.275770 0.255059 0.015495
12 15 0.275549 0.255059 0.015495
12 16 0.272888 0.255059 0.015495
12 17 0.266681 0.255059 0.015495
12 18 0.260474 0.255059 0.015495
12 19 0.258036 0.255059 0.015495
12 20 0.251829 0.255059 0.015495
13 0 0.239193 0.255059 0.015495
13 1 0.246509 0.255059 0.015495
13 2 0.250055 0.255059 0.015495
13 3 0.256484 0.255059 0.015495
13 4 0.261139 0.255059 0.015495
13 5 0.260918 0.255059 0.015495
13 6 0.265351 0.255059 0.015495
13 7 0.266238 0.255059 0.015495
13 8 0.265573 0.255059 0.015495
13 9 0.271780 0.255059 0.015495
13 10 0.275549 0.255059 0.015495
13 11 0.279982 0.255059 0.015495
13 12 0.279317 0.255059 0.015495
13 13 0.276214 0.255059 0.015495
13 14 0.277100 0.255059 0.015495
13 15 0.278652 0.255059 0.015495
13 16 0.268898 0.255059 0.015495
13 17 0.264686 0.255059 0.015495
13 18 0.261804 0.255059 0.015495
13 19 0.256262 0.255059 0.015495
13 20 0.250055 0.255059 0.015495
14 0 0.234981 0.255059 0.015495
14 1 0.238750 0.255059 0.015495
14 2 0.247617 0.255059 0.015495
14 3 0.252272 0.255059 0.015495
14 4 0.255597 0.255059 0.015495
14 5 0.258923 0.255059 0.015495
14 6 0.259144 0.255059 0.015495
14 7 0.262470 0.255059 0.015495
14 8 0.265573 0.255059 0.015495
14 9 0.270672 0.255059 0.015495
14 10 0.273110 0.255059 0.015495
14 11 0.274219 0.255059 0.015495
14 12 0.274884 0.255059 0.015495
14 13 0.276657 0.255059 0.015495
14 14 0.275770 0.255059 0.015495
14 15 0.275770 0.255059 0.015495
14 16 0.266460 0.255059 0.015495
14 17 0.262248 0.255059 0.015495
14 18 0.254046 0.255059 0.015495
14 19 0.250942 0.255059 0.015495
14 20 0.245622 0.255059 0.015495
15 0 0.228331 0.255059 0.015495
15 1 0.235203 0.255059 0.015495
15 2 0.242075 0.255059 0.015495
15 3 0.247174 0.255059 0.015495
15 4 0.256041 0.255059 0.015495
15 5 0.254489 0.255059 0.015495
15 6 0.255819 0.255059 0.015495
15 7 0.259809 0.255059 0.015495
15 8 0.264465 0.255059 0.015495
15 9 0.267346 0.255059 0.015495
15 10 0.270007 0.255059 0.015495
15 11 0.270007 0.255059 0.015495
15 12 0.273554 0.255059 0.015495
15 13 0.275327 0.255059 0.015495
15 14 0.272667 0.255059 0.015495
15 15 0.269785 0.255059 0.015495
15 16 0.265351 0.255059 0.015495
15 17 0.257814 0.255059 0.015495
15 18 0.250277 0.255059 0.015495
15 19 0.247395 0.255059 0.015495
15 20 0.241853 0.255059 0.015495
16 0 0.224784 0.255059 0.015495
16 1 0.230548 0.255059 0.015495
16 2 0.233429 0.255059 0.015495
16 3 0.242075 0.255059 0.015495
16 4 0.248282 0.255059 0.015495
16 5 0.246287 0.255059 0.015495
16 6 0.250720 0.255059 0.015495
16 7 0.255154 0.255059 0.015495
16 8 0.256041 0.255059 0.015495
16 9 0.262691 0.255059 0.015495
16 10 0.263578 0.255059 0.015495
16 11 0.267125 0.255059 0.015495
16 12 0.268898 0.255059 0.015495
16 13 0.271558 0.255059 0.015495
16 14 0.266681 0.255059 0.015495
16 15 0.263800 0.255059 0.015495
16 16 0.260696 0.255059 0.015495
16 17 0.253824 0.255059 0.015495
16 18 0.249169 0.255059 0.015495
16 19 0.241188 0.255059 0.015495
16 20 0.240301 0.255059 0.015495
17 0 0.221015 0.255059 0.015495
17 1 0.225227 0.255059 0.015495
17 2 0.228331 0.255059 0.015495
17 3 0.233208 0.255059 0.015495
17 4 0.238750 0.255059 0.015495
17 5 0.240745 0.255059 0.015495
17 6 0.246065 0.255059 0.015495
17 7 0.249169 0.255059 0.015495
17 8 0.256041 0.255059 0.015495
17 9 0.258036 0.255059 0.015495
17 10 0.261361 0.255059 0.015495
17 11 0.264021 0.255059 0.015495
17 12 0.263356 0.255059 0.015495
17 13 0.264908 0.255059 0.015495
17 14 0.262026 0.255059 0.015495
17 15 0.259144 0.255059 0.015495
17 16 0.254932 0.255059 0.015495
17 17 0.248060 0.255059 0.015495
17 18 0.244513 0.255059 0.015495
17 19 0.239415 0.255059 0.015495
17 20 0.234538 0.255059 0.015495
18 0 0.215030 0.255059 0.015495
18 1 0.220129 0.255059 0.015495
18 2 0.223675 0.255059 0.015495
18 3 0.227666 0.255059 0.015495
18 4 0.233651 0.255059 0.015495
18 5 0.236090 0.255059 0.015495
18 6 0.238750 0.255059 0.015495
18 7 0.245400 0.255059 0.015495
18 8 0.251164 0.255059 0.015495
18 9 0.255376 0.255059 0.015495
18 10 0.256262 0.255059 0.015495
18 11 0.258923 0.255059 0.015495
18 12 0.260474 0.255059 0.015495
18 13 0.259144 0.255059 0.015495
18 14 0.257593 0.255059 0.015495
18 15 0.254932 0.255059 0.015495
18 16 0.250055 0.255059 0.015495
18 17 0.239636 0.255059 0.015495
18 18 0.239193 0.255059 0.015495
18 19 0.234759 0.255059 0.015495
18 20 0.228109 0.255059 0.015495
19 0 0.205941 0.255059 0.015495
19 1 0.215917 0.255059 0.015495
19 2 0.218798 0.255059 0.015495
19 3 0.223232 0.255059 0.015495
19 4 0.228774 0.255059 0.015495
19 5 0.233429 0.255059 0.015495
19 6 0.236755 0.255059 0.015495
19 7 0.243183 0.255059 0.015495
19 8 0.248725 0.255059 0.015495
19 9 0.253824 0.255059 0.015495
19 10 0.256041 0.255059 0.015495
19 11 0.257149 0.255059 0.015495
19 12 0.254711 0.255059 0.015495
19 13 0.256041 0.255059 0.015495
19 14 0.252937 0.255059 0.015495
19 15 0.248947 0.255059 0.015495
19 16 0.241632 0.255059 0.015495
19 17 0.235425 0.255059 0.015495
19 18 0.233873 0.255059 0.015495
19 19 0.226779 0.255059 0.015495
19 20 0.219464 0.255059 0.015495
20 0 0.200399 0.255059 0.015495
20 1 0.207271 0.255059 0.015495
20 2 0.213922 0.255059 0.015495
20 3 0.218133 0.255059 0.015495
20 4 0.227222 0.255059 0.015495
20 5 0.228774 0.255059 0.015495
20 6 0.232986 0.255059 0.015495
20 7 0.239415 0.255059 0.015495
20 8 0.242297 0.255059 0.015495
20 9 0.250055 0.255059 0.015495
20 10 0.253381 0.255059 0.015495
20 11 0.250720 0.255059 0.015495
20 12 0.250499 0.255059 0.015495
20 13 0.252494 0.255059 0.015495
20 14 0.248282 0.255059 0.015495
20 15 0.244735 0.255059 0.015495
20 16 0.238528 0.255059 0.015495
20 17 0.234759 0.255059 0.015495
20 18 0.228996 0.255059 0.015495
20 19 0.222345 0.255059 0.015495
20 20 0.217247 0.255059 0.015495
