# B2 = -391.62125
0.0000 10.28854 0.41541
0.0567 3.98243 0.17228
0.1134 0.71046 0.05245
0.1701 -0.50060 0.01780
0.2268 -0.62393 0.01980
0.2834 -0.59185 0.02449
0.3401 -0.69987 0.02300
0.3968 -0.76751 0.02245
0.4535 -0.78641 0.02290
0.5102 -0.80908 0.02256
0.5669 -0.83329 0.02173
0.6236 -0.85121 0.02092
0.6803 -0.86485 0.02047
0.7370 -0.87694 0.02030
0.7936 -0.88971 0.01996
0.8503 -0.90334 0.01920
0.9070 -0.91721 0.01797
0.9637 -0.93133 0.01717
1.0204 -0.94605 0.01736
1.0771 -0.96210 0.01778
1.1338 -0.97957 0.01760
1.1905 -0.99787 0.01666
1.2472 -1.01689 0.01578
1.3038 -1.03708 0.01569
1.3605 -1.06009 0.01514
1.4172 -1.08619 0.01338
1.4739 -1.11172 0.01159
1.5306 -1.13579 0.01067
1.5873 -1.16148 0.01060
1.6440 -1.18967 0.01078
1.7007 -1.21952 0.01073
1.7574 -1.24989 0.01045
1.8140 -1.27956 0.01014
1.8707 -1.30743 0.01007
1.9274 -1.33363 0.01020
1.9841 -1.35992 0.00997
2.0408 -1.38541 0.00951
2.0975 -1.40746 0.00947
2.1542 -1.42589 0.00993
2.2109 -1.44156 0.01043
2.2676 -1.45534 0.01052
2.3243 -1.46662 0.01028
2.3809 -1.47249 0.01041
2.4376 -1.47335 0.01098
2.4943 -1.47234 0.01154
2.5510 -1.46961 0.01185
2.6077 -1.46412 0.01171
2.6644 -1.45547 0.01152
2.7211 -1.44350 0.01144
2.7778 -1.42815 0.01117
2.8344 -1.40999 0.01087
2.8911 -1.39012 0.01101
2.9478 -1.36810 0.01114
3.0045 -1.34315 0.01060
3.0612 -1.31683 0.00997
3.1179 -1.28995 0.00983
3.1746 -1.26029 0.01002
3.2313 -1.22788 0.01029
3.2880 -1.19558 0.01067
3.3447 -1.16280 0.01062
3.4013 -1.12733 0.00952
3.4580 -1.09098 0.00866
3.5147 -1.05555 0.00902
3.5714 -1.01943 0.00914
3.6281 -0.98173 0.00853
3.6848 -0.94329 0.00814
3.7415 -0.90475 0.00800
3.7982 -0.86650 0.00781
3.8548 -0.82872 0.00738
3.9115 -0.79136 0.00650
3.9682 -0.75382 0.00608
4.0249 -0.71586 0.00662
4.0816 -0.67798 0.00665
4.1383 -0.64086 0.00579
4.1950 -0.60511 0.00510
4.2517 -0.57022 0.00488
4.3084 -0.53557 0.00486
4.3651 -0.50228 0.00469
4.4217 -0.47090 0.00422
4.4784 -0.44022 0.00380
4.5351 -0.40983 0.00350
4.5918 -0.38021 0.00302
4.6485 -0.35182 0.00260
4.7052 -0.32494 0.00256
4.7619 -0.29931 0.00268
4.8186 -0.27477 0.00300
4.8753 -0.25176 0.00350
4.9319 -0.23052 0.00359
4.9886 -0.21099 0.00332
5.0453 -0.19257 0.00314
5.1020 -0.17462 0.00354
5.1587 -0.15777 0.00359
5.2154 -0.14264 0.00265
5.2721 -0.12888 0.00196
5.3288 -0.11610 0.00192
5.3854 -0.10409 0.00203
5.4421 -0.09305 0.00192
5.4988 -0.08338 0.00205
5.5555 -0.07475 0.00248
5.6122 -0.06612 0.00272
5.6689 -0.05542 0.00411
5.7256 -0.04186 0.00927
5.7823 -0.02704 0.01043
5.8390 -0.01355 0.01010
5.8956 -0.00430 0.00596
5.9523 0.00009 0.00016
6.0090 0.00055 0.00099
6.0657 -0.00013 0.00023
6.1224 -0.00010 0.00018
6.1791 0.00005 0.00008
6.2358 0.00001 0.00002
6.2925 -0.00001 0.00002
6.3492 -0.00000 0.00000
6.4059 0.00000 0.00001
6.4625 -0.00000 0.00000
6.5192 -0.00000 0.00000
6.5759 0.00000 0.00000
6.6326 0.00000 0.00000
6.6893 -0.00000 0.00000
6.7460 -0.00000 0.00000
6.8027 0.00000 0.00000
6.8594 -0.00000 0.00000
6.9161 -0.00000 0.00000
6.9727 0.00000 0.00000
7.0294 0.00000 0.00000
7.0861 -0.00000 0.00000
7.1428 -0.00000 0.00000
7.1995 0.00000 0.00000
7.2562 -0.00000 0.00000
7.3129 -0.00000 0.00000
7.3696 0.00000 0.00000
7.4262 0.00000 0.00000
7.4829 -0.00000 0.00000
7.5396 -0.00000 0.00000
7.5963 0.00000 0.00000
7.6530 -0.00000 0.00000
7.7097 -0.00000 0.00000
7.7664 0.00000 0.00000
7.8231 0.00000 0.00000
7.8798 -0.00000 0.00000
7.9364 -0.00000 0.00000
7.9931 0.00000 0.00000
8.0498 0.00000 0.00000
8.1065 -0.00000 0.00000
8.1632 0.00000 0.00000
8.2199 0.00000 0.00000
8.2766 -0.00000 0.00000
8.3333 -0.00000 0.00000
8.3900 0.00000 0.00000
8.4467 0.00000 0.00000
8.5033 -0.00000 0.00000
8.5600 0.00000 0.00000
8.6167 0.00000 0.00000
8.6734 -0.00000 0.00000
8.7301 -0.00000 0.00000
8.7868 0.00000 0.00000
8.8435 0.00000 0.00000
8.9002 -0.00000 0.00000
8.9569 0.00000 0.00000
9.0136 0.00000 0.00000
9.0702 -0.00000 0.00000
9.1269 -0.00000 0.00000
9.1836 0.00000 0.00000
9.2403 0.00000 0.00000
9.2970 -0.00000 0.00000
9.3537 0.00000 0.00000
9.4104 0.00000 0.00000
9.4671 -0.00000 0.00000
9.5237 -0.00000 0.00000
9.5804 0.00000 0.00000
9.6371 0.00000 0.00000
9.6938 -0.00000 0.00000
9.7505 0.00000 0.00000
9.8072 0.00000 0.00000
9.8639 -0.00000 0.00000
9.9206 -0.00000 0.00000
9.9773 0.00000 0.00000
10.0339 0.00000 0.00000
10.0906 -0.00000 0.00000
10.1473 -0.00000 0.00000
10.2040 0.00000 0.00000
10.2607 -0.00000 0.00000
10.3174 -0.00000 0.00000
10.3741 0.00000 0.00000
10.4308 0.00000 0.00000
10.4875 -0.00000 0.00000
10.5441 -0.00000 0.00000
10.6008 0.00000 0.00000
10.6575 -0.00000 0.00000
10.7142 -0.00000 0.00000
10.7709 0.00000 0.00000
10.8276 0.00000 0.00000
10.8843 -0.00000 0.00000
10.9410 -0.00000 0.00000
10.9977 0.00000 0.00000
11.0543 -0.00000 0.00000
11.1110 -0.00000 0.00000
11.1677 0.00000 0.00000
11.2244 0.00000 0.00000
11.2811 -0.00000 0.00000
11.3378 -0.00000 0.00000
11.3945 0.00000 0.00000
11.4512 -0.00000 0.00000
11.5079 -0.00000 0.00000
11.5645 0.00000 0.00000
11.6212 0.00000 0.00000
11.6779 -0.00000 0.00000
11.7346 -0.00000 0.00000
11.7913 0.00000 0.00000
11.8480 0.00000 0.00000
11.9047 -0.00000 0.00000
11.9614 0.00000 0.00000
12.0181 0.00000 0.00000
12.0747 -0.00000 0.00000
12.1314 -0.00000 0.00000
12.1881 0.00000 0.00000
12.2448 0.00000 0.00000
12.3015 -0.00000 0.00000
12.3582 0.00000 0.00000
12.4149 0.00000 0.00000
12.4716 -0.00000 0.00000
12.5283 -0.00000 0.00000
12.5849 0.00000 0.00000
12.6416 0.00000 0.00000
12.6983 -0.00000 0.00000
12.7550 0.00000 0.00000
12.8117 0.00000 0.00000
12.8684 -0.00000 0.00000
12.9251 -0.00000 0.00000
12.9818 0.00000 0.00000
13.0385 0.00000 0.00000
13.0952 -0.00000 0.00000
13.1518 0.00000 0.00000
13.2085 0.00000 0.00000
13.2652 -0.00000 0.00000
13.3219 -0.00000 0.00000
13.3786 0.00000 0.00000
13.4353 0.00000 0.00000
13.4920 -0.00000 0.00000
13.5487 -0.00000 0.00000
13.6054 0.00000 0.00000
13.6620 -0.00000 0.00000
13.7187 -0.00000 0.00000
13.7754 0.00000 0.00000
13.8321 0.00000 0.00000
13.8888 -0.00000 0.00000
13.9455 -0.00000 0.00000
14.0022 0.00000 0.00000
14.0589 -0.00000 0.00000
14.1156 -0.00000 0.00000
14.1722 0.00000 0.00000
14.2289 0.00000 0.00000
14.2856 -0.00000 0.00000
14.3423 -0.00000 0.00000
14.3990 0.00000 0.00000
14.4557 -0.00000 0.00000
14.5124 -0.00000 0.00000
14.5691 0.00000 0.00000
14.6258 0.00000 0.00000
14.6824 -0.00000 0.00000
14.7391 -0.00000 0.00000
14.7958 0.00000 0.00000
14.8525 -0.00000 0.00000
14.9092 -0.00000 0.00000
14.9659 0.00000 0.00000
15.0226 0.00000 0.00000
15.0793 -0.00000 0.00000
15.1360 -0.00000 0.00000
15.1926 0.00000 0.00000
15.2493 0.00000 0.00000
15.3060 -0.00000 0.00000
15.3627 0.00000 0.00000
15.4194 0.00000 0.00000
15.4761 -0.00000 0.00000
15.5328 -0.00000 0.00000
15.5895 0.00000 0.00000
15.6462 0.00000 0.00000
15.7028 -0.00000 0.00000
15.7595 0.00000 0.00000
15.8162 0.00000 0.00000
15.8729 -0.00000 0.00000
15.9296 -0.00000 0.00000
15.9863 0.00000 0.00000
16.0430 0.00000 0.00000
16.0997 -0.00000 0.00000
16.1564 0.00000 0.00000
16.2130 0.00000 0.00000
16.2697 -0.00000 0.00000
16.3264 -0.00000 0.00000
16.3831 0.00000 0.00000
16.4398 0.00000 0.00000
16.4965 -0.00000 0.00000
16.5532 0.00000 0.00000
16.6099 0.00000 0.00000
16.6666 -0.00000 0.00000
16.7232 -0.00000 0.00000
16.7799 0.00000 0.00000
16.8366 0.00000 0.00000
16.8933 -0.00000 0.00000
16.9500 0.00000 0.00000
