# B2 = -424.77625
0.0000 10.53705 0.68110
0.0567 3.89013 0.25637
0.1134 0.44918 0.04862
0.1701 -0.81544 0.03101
0.2268 -0.93336 0.02750
0.2834 -0.89081 0.02172
0.3401 -0.99804 0.02303
0.3968 -1.06073 0.02356
0.4535 -1.07180 0.02282
0.5102 -1.08912 0.02335
0.5669 -1.10733 0.02402
0.6236 -1.11708 0.02391
0.6803 -1.12434 0.02322
0.7370 -1.13136 0.02249
0.7936 -1.13599 0.02242
0.8503 -1.13919 0.02260
0.9070 -1.14280 0.02227
0.9637 -1.14592 0.02149
1.0204 -1.14821 0.02077
1.0771 -1.15180 0.02088
1.1338 -1.15814 0.02169
1.1905 -1.16750 0.02167
1.2472 -1.17927 0.02088
1.3038 -1.19248 0.02018
1.3605 -1.20709 0.01963
1.4172 -1.22319 0.01909
1.4739 -1.24059 0.01885
1.5306 -1.25962 0.01884
1.5873 -1.28113 0.01852
1.6440 -1.30469 0.01779
1.7007 -1.32908 0.01696
1.7574 -1.35363 0.01637
1.8140 -1.37796 0.01604
1.8707 -1.40188 0.01535
1.9274 -1.42521 0.01438
1.9841 -1.44764 0.01437
2.0408 -1.46834 0.01528
2.0975 -1.48629 0.01611
2.1542 -1.50228 0.01637
2.2109 -1.51700 0.01599
2.2676 -1.52857 0.01573
2.3243 -1.53556 0.01584
2.3809 -1.53812 0.01562
2.4376 -1.53660 0.01509
2.4943 -1.53143 0.01479
2.5510 -1.52312 0.01460
2.6077 -1.51225 0.01411
2.6644 -1.49944 0.01330
2.7211 -1.48477 0.01244
2.7778 -1.46736 0.01225
2.8344 -1.44682 0.01286
2.8911 -1.42342 0.01345
2.9478 -1.39745 0.01376
3.0045 -1.36917 0.01388
3.0612 -1.33902 0.01344
3.1179 -1.30737 0.01242
3.1746 -1.27433 0.01205
3.2313 -1.23995 0.01244
3.2880 -1.20426 0.01240
3.3447 -1.16730 0.01201
3.4013 -1.12907 0.01196
3.4580 -1.08944 0.01224
3.5147 -1.04884 0.01254
3.5714 -1.00925 0.01270
3.6281 -0.97098 0.01270
3.6848 -0.93180 0.01260
3.7415 -0.89176 0.01260
3.7982 -0.85252 0.01295
3.8548 -0.81447 0.01373
3.9115 -0.77724 0.01457
3.9682 -0.73984 0.01478
4.0249 -0.70258 0.01419
4.0816 -0.66798 0.01370
4.1383 -0.63567 0.01369
4.1950 -0.60308 0.01387
4.2517 -0.57082 0.01417
4.3084 -0.54044 0.01465
4.3651 -0.51141 0.01472
4.4217 -0.48312 0.01408
4.4784 -0.45571 0.01311
4.5351 -0.42922 0.01246
4.5918 -0.40353 0.01274
4.6485 -0.37879 0.01327
4.7052 -0.35513 0.01308
4.7619 -0.33205 0.01273
4.8186 -0.30964 0.01277
4.8753 -0.28957 0.01311
4.9319 -0.27188 0.01346
4.9886 -0.25470 0.01353
5.0453 -0.23728 0.01351
5.1020 -0.21981 0.01368
5.1587 -0.20313 0.01387
5.2154 -0.18779 0.01377
5.2721 -0.17323 0.01412
5.3288 -0.15903 0.01470
5.3854 -0.14526 0.01428
5.4421 -0.13246 0.01350
5.4988 -0.12143 0.01385
5.5555 -0.11263 0.01411
5.6122 -0.10513 0.01349
5.6689 -0.09436 0.01566
5.7256 -0.08037 0.02071
5.7823 -0.07092 0.02237
5.8390 -0.06630 0.02003
5.8956 -0.06078 0.01771
5.9523 -0.05469 0.01618
6.0090 -0.05013 0.01486
6.0657 -0.04563 0.01343
6.1224 -0.04110 0.01202
6.1791 -0.03998 0.01162
6.2358 -0.03821 0.01107
6.2925 -0.02617 0.00886
6.3492 -0.01203 0.01028
6.4059 -0.00892 0.01023
6.4625 -0.01153 0.00953
6.5192 -0.01208 0.00998
6.5759 -0.00793 0.00706
6.6326 -0.00139 0.00128
6.6893 0.00107 0.00098
6.7460 0.00007 0.00007
6.8027 -0.00026 0.00024
6.8594 0.00004 0.00003
6.9161 0.00005 0.00005
6.9727 -0.00002 0.00002
7.0294 -0.00001 0.00001
7.0861 0.00001 0.00001
7.1428 0.00000 0.00000
7.1995 -0.00000 0.00000
7.2562 0.00000 0.00000
7.3129 0.00000 0.00000
7.3696 -0.00000 0.00000
7.4262 -0.00000 0.00000
7.4829 0.00000 0.00000
7.5396 0.00000 0.00000
7.5963 -0.00000 0.00000
7.6530 0.00000 0.00000
7.7097 0.00000 0.00000
7.7664 -0.00000 0.00000
7.8231 -0.00000 0.00000
7.8798 0.00000 0.00000
7.9364 0.00000 0.00000
7.9931 -0.00000 0.00000
8.0498 -0.00000 0.00000
8.1065 0.00000 0.00000
8.1632 -0.00000 0.00000
8.2199 -0.00000 0.00000
8.2766 0.00000 0.00000
8.3333 0.00000 0.00000
8.3900 -0.00000 0.00000
8.4467 -0.00000 0.00000
8.5033 0.00000 0.00000
8.5600 -0.00000 0.00000
8.6167 -0.00000 0.00000
8.6734 0.00000 0.00000
8.7301 0.00000 0.00000
8.7868 -0.00000 0.00000
8.8435 -0.00000 0.00000
8.9002 0.00000 0.00000
8.9569 -0.00000 0.00000
9.0136 -0.00000 0.00000
9.0702 0.00000 0.00000
9.1269 0.00000 0.00000
9.1836 -0.00000 0.00000
9.2403 -0.00000 0.00000
9.2970 0.00000 0.00000
9.3537 -0.00000 0.00000
9.4104 -0.00000 0.00000
9.4671 0.00000 0.00000
9.5237 0.00000 0.00000
9.5804 -0.00000 0.00000
9.6371 -0.00000 0.00000
9.6938 0.00000 0.00000
9.7505 -0.00000 0.00000
9.8072 -0.00000 0.00000
9.8639 0.00000 0.00000
9.9206 0.00000 0.00000
9.9773 -0.00000 0.00000
10.0339 -0.00000 0.00000
10.0906 0.00000 0.00000
10.1473 0.00000 0.00000
10.2040 -0.00000 0.00000
10.2607 0.00000 0.00000
10.3174 0.00000 0.00000
10.3741 -0.00000 0.00000
10.4308 -0.00000 0.00000
10.4875 0.00000 0.00000
10.5441 0.00000 0.00000
10.6008 -0.00000 0.00000
10.6575 0.00000 0.00000
10.7142 0.00000 0.00000
10.7709 -0.00000 0.00000
10.8276 -0.00000 0.00000
10.8843 0.00000 0.00000
10.9410 0.00000 0.00000
10.9977 -0.00000 0.00000
11.0543 0.00000 0.00000
11.1110 0.00000 0.00000
11.1677 -0.00000 0.00000
11.2244 -0.00000 0.00000
11.2811 0.00000 0.00000
11.3378 0.00000 0.00000
11.3945 -0.00000 0.00000
11.4512 0.00000 0.00000
11.5079 0.00000 0.00000
11.5645 -0.00000 0.00000
11.6212 -0.00000 0.00000
11.6779 0.00000 0.00000
11.7346 0.00000 0.00000
11.7913 -0.00000 0.00000
11.8480 -0.00000 0.00000
11.9047 0.00000 0.00000
11.9614 -0.00000 0.00000
12.0181 -0.00000 0.00000
12.0747 0.00000 0.00000
12.1314 0.00000 0.00000
12.1881 -0.00000 0.00000
12.2448 -0.00000 0.00000
12.3015 0.00000 0.00000
12.3582 -0.00000 0.00000
12.4149 -0.00000 0.00000
12.4716 0.00000 0.00000
12.5283 0.00000 0.00000
12.5849 -0.00000 0.00000
12.6416 -0.00000 0.00000
12.6983 0.00000 0.00000
12.7550 -0.00000 0.00000
12.8117 -0.00000 0.00000
12.8684 0.00000 0.00000
12.9251 0.00000 0.00000
12.9818 -0.00000 0.00000
13.0385 -0.00000 0.00000
13.0952 0.00000 0.00000
13.1518 -0.00000 0.00000
13.2085 -0.00000 0.00000
13.2652 0.00000 0.00000
13.3219 0.00000 0.00000
13.3786 -0.00000 0.00000
13.4353 -0.00000 0.00000
13.4920 0.00000 0.00000
13.5487 0.00000 0.00000
13.6054 -0.00000 0.00000
13.6620 0.00000 0.00000
13.7187 0.00000 0.00000
13.7754 -0.00000 0.00000
13.8321 -0.00000 0.00000
13.8888 0.00000 0.00000
13.9455 0.00000 0.00000
14.0022 -0.00000 0.00000
14.0589 0.00000 0.00000
14.1156 0.00000 0.00000
14.1722 -0.00000 0.00000
14.2289 -0.00000 0.00000
14.2856 0.00000 0.00000
14.3423 0.00000 0.00000
14.3990 -0.00000 0.00000
14.4557 0.00000 0.00000
14.5124 0.00000 0.00000
14.5691 -0.00000 0.00000
14.6258 -0.00000 0.00000
14.6824 0.00000 0.00000
14.7391 0.00000 0.00000
14.7958 -0.00000 0.00000
14.8525 0.00000 0.00000
14.9092 0.00000 0.00000
14.9659 -0.00000 0.00000
15.0226 -0.00000 0.00000
15.0793 0.00000 0.00000
15.1360 0.00000 0.00000
15.1926 -0.00000 0.00000
15.2493 -0.00000 0.00000
15.3060 0.00000 0.00000
15.3627 -0.00000 0.00000
15.4194 -0.00000 0.00000
15.4761 0.00000 0.00000
15.5328 0.00000 0.00000
15.5895 -0.00000 0.00000
15.6462 -0.00000 0.00000
15.7028 0.00000 0.00000
15.7595 -0.00000 0.00000
15.8162 -0.00000 0.00000
15.8729 0.00000 0.00000
15.9296 0.00000 0.00000
15.9863 -0.00000 0.00000
16.0430 -0.00000 0.00000
16.0997 0.00000 0.00000
16.1564 -0.00000 0.00000
16.2130 -0.00000 0.00000
16.2697 0.00000 0.00000
16.3264 0.00000 0.00000
16.3831 -0.00000 0.00000
16.4398 -0.00000 0.00000
16.4965 0.00000 0.00000
16.5532 -0.00000 0.00000
16.6099 -0.00000 0.00000
16.6666 0.00000 0.00000
16.7232 0.00000 0.00000
16.7799 -0.00000 0.00000
16.8366 -0.00000 0.00000
16.8933 0.00000 0.00000
16.9500 0.00000 0.00000
