# B2 = -394.92924999999997
0.0000 10.04981 0.29806
0.0567 4.11185 0.11697
0.1134 1.01993 0.02790
0.1701 -0.13677 0.00622
0.2268 -0.26902 0.00566
0.2834 -0.24956 0.00724
0.3401 -0.35791 0.00565
0.3968 -0.42972 0.00601
0.4535 -0.45710 0.00744
0.5102 -0.48772 0.00786
0.5669 -0.51980 0.00801
0.6236 -0.54693 0.00869
0.6803 -0.57224 0.00985
0.7370 -0.59705 0.01083
0.7936 -0.62038 0.01085
0.8503 -0.64312 0.01062
0.9070 -0.66679 0.01091
0.9637 -0.69150 0.01113
1.0204 -0.71729 0.01070
1.0771 -0.74461 0.00960
1.1338 -0.77308 0.00844
1.1905 -0.80167 0.00800
1.2472 -0.83132 0.00831
1.3038 -0.86358 0.00882
1.3605 -0.89729 0.00878
1.4172 -0.93116 0.00815
1.4739 -0.96530 0.00841
1.5306 -1.00011 0.00920
1.5873 -1.03602 0.00882
1.6440 -1.07268 0.00826
1.7007 -1.10923 0.00885
1.7574 -1.14466 0.00952
1.8140 -1.17813 0.00895
1.8707 -1.20964 0.00799
1.9274 -1.23926 0.00745
1.9841 -1.26698 0.00725
2.0408 -1.29212 0.00774
2.0975 -1.31367 0.00910
2.1542 -1.33141 0.01038
2.2109 -1.34566 0.01090
2.2676 -1.35724 0.01160
2.3243 -1.36579 0.01272
2.3809 -1.36899 0.01305
2.4376 -1.36803 0.01254
2.4943 -1.36670 0.01223
2.5510 -1.36352 0.01197
2.6077 -1.35570 0.01122
2.6644 -1.34508 0.01074
2.7211 -1.33322 0.01090
2.7778 -1.31907 0.01086
2.8344 -1.30235 0.01062
2.8911 -1.28392 0.01082
2.9478 -1.26462 0.01103
3.0045 -1.24492 0.01067
3.0612 -1.22396 0.01005
3.1179 -1.20108 0.00945
3.1746 -1.17692 0.00881
3.2313 -1.15175 0.00831
3.2880 -1.12528 0.00868
3.3447 -1.09805 0.00939
3.4013 -1.07089 0.00941
3.4580 -1.04336 0.00949
3.5147 -1.01480 0.01030
3.5714 -0.98527 0.01040
3.6281 -0.95513 0.00921
3.6848 -0.92498 0.00800
3.7415 -0.89411 0.00736
3.7982 -0.86140 0.00697
3.8548 -0.82914 0.00676
3.9115 -0.79959 0.00673
3.9682 -0.77085 0.00617
4.0249 -0.74129 0.00518
4.0816 -0.71100 0.00517
4.1383 -0.68044 0.00616
4.1950 -0.65021 0.00614
4.2517 -0.62069 0.00560
4.3084 -0.59203 0.00513
4.3651 -0.56382 0.00488
4.4217 -0.53612 0.00478
4.4784 -0.51003 0.00476
4.5351 -0.48536 0.00467
4.5918 -0.46068 0.00443
4.6485 -0.43582 0.00408
4.7052 -0.41126 0.00366
4.7619 -0.38723 0.00331
4.8186 -0.36394 0.00311
4.8753 -0.34172 0.00324
4.9319 -0.32113 0.00381
4.9886 -0.30284 0.00433
5.0453 -0.28530 0.00480
5.1020 -0.26628 0.00507
5.1587 -0.24693 0.00545
5.2154 -0.22893 0.00596
5.2721 -0.21252 0.00601
5.3288 -0.19765 0.00547
5.3854 -0.18418 0.00492
5.4421 -0.17157 0.00460
5.4988 -0.15914 0.00449
5.5555 -0.14704 0.00470
5.6122 -0.13554 0.00527
5.6689 -0.12428 0.00541
5.7256 -0.11329 0.00510
5.7823 -0.10328 0.00554
5.8390 -0.09414 0.00631
5.8956 -0.08514 0.00607
5.9523 -0.07674 0.00549
6.0090 -0.06988 0.00559
6.0657 -0.06538 0.00546
6.1224 -0.06092 0.00538
6.1791 -0.04908 0.00875
6.2358 -0.03329 0.01440
6.2925 -0.02633 0.01553
6.3492 -0.02622 0.01329
6.4059 -0.02482 0.01191
6.4625 -0.02075 0.01066
6.5192 -0.01461 0.00989
6.5759 -0.00734 0.00746
6.6326 -0.00114 0.00141
6.6893 0.00087 0.00109
6.7460 0.00006 0.00007
6.8027 -0.00021 0.00026
6.8594 0.00003 0.00004
6.9161 0.00004 0.00005
6.9727 -0.00001 0.00002
7.0294 -0.00001 0.00001
7.0861 0.00000 0.00001
7.1428 0.00000 0.00000
7.1995 -0.00000 0.00000
7.2562 0.00000 0.00000
7.3129 -0.00000 0.00000
7.3696 0.00000 0.00000
7.4262 0.00000 0.00000
7.4829 -0.00000 0.00000
7.5396 -0.00000 0.00000
7.5963 0.00002 0.00002
7.6530 -0.00000 0.00000
7.7097 -0.00010 0.00009
7.7664 0.00012 0.00010
7.8231 0.00035 0.00030
7.8798 -0.00083 0.00072
7.9364 -0.00086 0.00075
7.9931 0.00518 0.00448
8.0498 0.01015 0.00879
8.1065 0.00522 0.00452
8.1632 -0.00084 0.00073
8.2199 -0.00084 0.00073
8.2766 0.00034 0.00030
8.3333 0.00012 0.00010
8.3900 -0.00010 0.00009
8.4467 -0.00001 0.00000
8.5033 0.00002 0.00002
8.5600 -0.00000 0.00000
8.6167 -0.00000 0.00000
8.6734 0.00000 0.00000
8.7301 0.00000 0.00000
8.7868 -0.00000 0.00000
8.8435 -0.00000 0.00000
8.9002 0.00000 0.00000
8.9569 -0.00000 0.00000
9.0136 -0.00000 0.00000
9.0702 0.00000 0.00000
9.1269 0.00000 0.00000
9.1836 -0.00000 0.00000
9.2403 -0.00000 0.00000
9.2970 0.00000 0.00000
9.3537 -0.00000 0.00000
9.4104 -0.00000 0.00000
9.4671 0.00000 0.00000
9.5237 0.00000 0.00000
9.5804 -0.00000 0.00000
9.6371 -0.00000 0.00000
9.6938 0.00000 0.00000
9.7505 -0.00000 0.00000
9.8072 -0.00000 0.00000
9.8639 0.00000 0.00000
9.9206 0.00000 0.00000
9.9773 -0.00000 0.00000
10.0339 -0.00000 0.00000
10.0906 0.00000 0.00000
10.1473 0.00000 0.00000
10.2040 -0.00000 0.00000
10.2607 0.00000 0.00000
10.3174 0.00000 0.00000
10.3741 -0.00000 0.00000
10.4308 -0.00000 0.00000
10.4875 0.00000 0.00000
10.5441 0.00000 0.00000
10.6008 -0.00000 0.00000
10.6575 0.00000 0.00000
10.7142 0.00000 0.00000
10.7709 -0.00000 0.00000
10.8276 -0.00000 0.00000
10.8843 0.00000 0.00000
10.9410 0.00000 0.00000
10.9977 -0.00000 0.00000
11.0543 0.00000 0.00000
11.1110 0.00000 0.00000
11.1677 -0.00000 0.00000
11.2244 -0.00000 0.00000
11.2811 0.00000 0.00000
11.3378 0.00000 0.00000
11.3945 -0.00000 0.00000
11.4512 0.00000 0.00000
11.5079 0.00000 0.00000
11.5645 -0.00000 0.00000
11.6212 -0.00000 0.00000
11.6779 0.00000 0.00000
11.7346 0.00000 0.00000
11.7913 -0.00000 0.00000
11.8480 -0.00000 0.00000
11.9047 0.00000 0.00000
11.9614 -0.00000 0.00000
12.0181 -0.00000 0.00000
12.0747 0.00000 0.00000
12.1314 0.00000 0.00000
12.1881 -0.00000 0.00000
12.2448 -0.00000 0.00000
12.3015 0.00000 0.00000
12.3582 -0.00000 0.00000
12.4149 -0.00000 0.00000
12.4716 0.00000 0.00000
12.5283 0.00000 0.00000
12.5849 -0.00000 0.00000
12.6416 -0.00000 0.00000
12.6983 0.00000 0.00000
12.7550 -0.00000 0.00000
12.8117 -0.00000 0.00000
12.8684 0.00000 0.00000
12.9251 0.00000 0.00000
12.9818 -0.00000 0.00000
13.0385 -0.00000 0.00000
13.0952 0.00000 0.00000
13.1518 -0.00000 0.00000
13.2085 -0.00000 0.00000
13.2652 0.00000 0.00000
13.3219 0.00000 0.00000
13.3786 -0.00000 0.00000
13.4353 -0.00000 0.00000
13.4920 0.00000 0.00000
13.5487 0.00000 0.00000
13.6054 -0.00000 0.00000
13.6620 0.00000 0.00000
13.7187 0.00000 0.00000
13.7754 -0.00000 0.00000
13.8321 -0.00000 0.00000
13.8888 0.00000 0.00000
13.9455 0.00000 0.00000
14.0022 -0.00000 0.00000
14.0589 0.00000 0.00000
14.1156 0.00000 0.00000
14.1722 -0.00000 0.00000
14.2289 -0.00000 0.00000
14.2856 0.00000 0.00000
14.3423 0.00000 0.00000
14.3990 -0.00000 0.00000
14.4557 0.00000 0.00000
14.5124 0.00000 0.00000
14.5691 -0.00000 0.00000
14.6258 -0.00000 0.00000
14.6824 0.00000 0.00000
14.7391 0.00000 0.00000
14.7958 -0.00000 0.00000
14.8525 0.00000 0.00000
14.9092 0.00000 0.00000
14.9659 -0.00000 0.00000
15.0226 -0.00000 0.00000
15.0793 0.00000 0.00000
15.1360 0.00000 0.00000
15.1926 -0.00000 0.00000
15.2493 -0.00000 0.00000
15.3060 0.00000 0.00000
15.3627 -0.00000 0.00000
15.4194 -0.00000 0.00000
15.4761 0.00000 0.00000
15.5328 0.00000 0.00000
15.5895 -0.00000 0.00000
15.6462 -0.00000 0.00000
15.7028 0.00000 0.00000
15.7595 -0.00000 0.00000
15.8162 -0.00000 0.00000
15.8729 0.00000 0.00000
15.9296 0.00000 0.00000
15.9863 -0.00000 0.00000
16.0430 -0.00000 0.00000
16.0997 0.00000 0.00000
16.1564 -0.00000 0.00000
16.2130 -0.00000 0.00000
16.2697 0.00000 0.00000
16.3264 0.00000 0.00000
16.3831 -0.00000 0.00000
16.4398 -0.00000 0.00000
16.4965 0.00000 0.00000
16.5532 -0.00000 0.00000
16.6099 -0.00000 0.00000
16.6666 0.00000 0.00000
16.7232 0.00000 0.00000
16.7799 -0.00000 0.00000
16.8366 -0.00000 0.00000
16.8933 0.00000 0.00000
16.9500 0.00000 0.00000
