# B2 = -402.55875000000003
0.0000 9.52698 0.32558
0.0567 3.85577 0.13838
0.1134 0.89758 0.04479
0.1701 -0.21350 0.01485
0.2268 -0.34341 0.01870
0.2834 -0.32194 0.02349
0.3401 -0.41669 0.02177
0.3968 -0.47440 0.02102
0.4535 -0.48966 0.02155
0.5102 -0.50836 0.02138
0.5669 -0.52573 0.02151
0.6236 -0.53470 0.02230
0.6803 -0.54218 0.02204
0.7370 -0.55109 0.02088
0.7936 -0.55968 0.02063
0.8503 -0.56737 0.02129
0.9070 -0.57469 0.02199
0.9637 -0.58399 0.02202
1.0204 -0.59690 0.02117
1.0771 -0.61271 0.02047
1.1338 -0.63058 0.02039
1.1905 -0.64986 0.02062
1.2472 -0.67080 0.02083
1.3038 -0.69417 0.02067
1.3605 -0.72099 0.02045
1.4172 -0.75181 0.02053
1.4739 -0.78592 0.02074
1.5306 -0.82293 0.02074
1.5873 -0.86290 0.02014
1.6440 -0.90429 0.01939
1.7007 -0.94496 0.01929
1.7574 -0.98542 0.01936
1.8140 -1.02632 0.01895
1.8707 -1.06622 0.01818
1.9274 -1.10440 0.01728
1.9841 -1.14144 0.01646
2.0408 -1.17666 0.01562
2.0975 -1.20854 0.01417
2.1542 -1.23713 0.01270
2.2109 -1.26292 0.01202
2.2676 -1.28592 0.01152
2.3243 -1.30582 0.01079
2.3809 -1.32198 0.01018
2.4376 -1.33425 0.01009
2.4943 -1.34285 0.01065
2.5510 -1.34803 0.01112
2.6077 -1.34981 0.01080
2.6644 -1.34730 0.01068
2.7211 -1.34058 0.01149
2.7778 -1.33183 0.01270
2.8344 -1.32197 0.01352
2.8911 -1.31037 0.01314
2.9478 -1.29621 0.01245
3.0045 -1.27896 0.01284
3.0612 -1.25921 0.01370
3.1179 -1.23761 0.01412
3.1746 -1.21415 0.01380
3.2313 -1.18870 0.01295
3.2880 -1.16112 0.01211
3.3447 -1.13172 0.01150
3.4013 -1.10109 0.01103
3.4580 -1.06976 0.01088
3.5147 -1.03822 0.01113
3.5714 -1.00701 0.01128
3.6281 -0.97593 0.01130
3.6848 -0.94385 0.01165
3.7415 -0.91131 0.01215
3.7982 -0.87972 0.01217
3.8548 -0.84820 0.01227
3.9115 -0.81565 0.01303
3.9682 -0.78318 0.01338
4.0249 -0.75167 0.01301
4.0816 -0.72092 0.01319
4.1383 -0.69064 0.01380
4.1950 -0.66053 0.01373
4.2517 -0.63048 0.01341
4.3084 -0.60085 0.01361
4.3651 -0.57316 0.01358
4.4217 -0.54747 0.01295
4.4784 -0.52071 0.01259
4.5351 -0.49292 0.01284
4.5918 -0.46728 0.01339
4.6485 -0.44367 0.01372
4.7052 -0.42059 0.01341
4.7619 -0.39840 0.01292
4.8186 -0.37730 0.01280
4.8753 -0.35620 0.01325
4.9319 -0.33512 0.01402
4.9886 -0.31548 0.01441
5.0453 -0.29716 0.01433
5.1020 -0.27924 0.01392
5.1587 -0.26204 0.01343
5.2154 -0.24601 0.01284
5.2721 -0.23101 0.01217
5.3288 -0.21661 0.01152
5.3854 -0.20210 0.01085
5.4421 -0.18794 0.01029
5.4988 -0.17518 0.01011
5.5555 -0.16348 0.01026
5.6122 -0.15215 0.01052
5.6689 -0.14107 0.01053
5.7256 -0.13035 0.01030
5.7823 -0.12023 0.01027
5.8390 -0.11097 0.01016
5.8956 -0.10271 0.00924
5.9523 -0.09508 0.00836
6.0090 -0.08790 0.00837
6.0657 -0.08252 0.00819
6.1224 -0.07810 0.00805
6.1791 -0.06962 0.01106
6.2358 -0.05828 0.01603
6.2925 -0.05095 0.01666
6.3492 -0.04792 0.01431
6.4059 -0.04588 0.01336
6.4625 -0.04128 0.01296
6.5192 -0.03273 0.01377
6.5759 -0.02335 0.01396
6.6326 -0.01626 0.01293
6.6893 -0.01354 0.01270
6.7460 -0.01351 0.01176
6.8027 -0.01289 0.01094
6.8594 -0.01144 0.00993
6.9161 -0.01010 0.00880
6.9727 -0.01050 0.00908
7.0294 -0.01111 0.00961
7.0861 -0.00687 0.00595
7.1428 -0.00053 0.00046
7.1995 0.00105 0.00091
7.2562 -0.00010 0.00009
7.3129 -0.00022 0.00019
7.3696 0.00006 0.00006
7.4262 0.00004 0.00003
7.4829 -0.00002 0.00002
7.5396 -0.00000 0.00000
7.5963 0.00001 0.00000
7.6530 -0.00000 0.00000
7.7097 -0.00000 0.00000
7.7664 0.00000 0.00000
7.8231 0.00000 0.00000
7.8798 -0.00000 0.00000
7.9364 -0.00000 0.00000
7.9931 0.00000 0.00000
8.0498 0.00000 0.00000
8.1065 -0.00000 0.00000
8.1632 0.00000 0.00000
8.2199 0.00000 0.00000
8.2766 -0.00000 0.00000
8.3333 -0.00000 0.00000
8.3900 0.00000 0.00000
8.4467 0.00000 0.00000
8.5033 -0.00000 0.00000
8.5600 0.00000 0.00000
8.6167 0.00000 0.00000
8.6734 -0.00000 0.00000
8.7301 -0.00000 0.00000
8.7868 0.00000 0.00000
8.8435 0.00000 0.00000
8.9002 -0.00000 0.00000
8.9569 0.00000 0.00000
9.0136 0.00000 0.00000
9.0702 -0.00000 0.00000
9.1269 -0.00000 0.00000
9.1836 0.00000 0.00000
9.2403 0.00000 0.00000
9.2970 -0.00000 0.00000
9.3537 0.00000 0.00000
9.4104 0.00000 0.00000
9.4671 -0.00000 0.00000
9.5237 -0.00000 0.00000
9.5804 0.00000 0.00000
9.6371 0.00000 0.00000
9.6938 -0.00000 0.00000
9.7505 0.00000 0.00000
9.8072 0.00000 0.00000
9.8639 -0.00000 0.00000
9.9206 -0.00000 0.00000
9.9773 0.00000 0.00000
10.0339 0.00000 0.00000
10.0906 -0.00000 0.00000
10.1473 -0.00000 0.00000
10.2040 0.00000 0.00000
10.2607 -0.00000 0.00000
10.3174 -0.00000 0.00000
10.3741 0.00000 0.00000
10.4308 0.00000 0.00000
10.4875 -0.00000 0.00000
10.5441 -0.00000 0.00000
10.6008 0.00000 0.00000
10.6575 -0.00000 0.00000
10.7142 -0.00000 0.00000
10.7709 0.00000 0.00000
10.8276 0.00000 0.00000
10.8843 -0.00000 0.00000
10.9410 -0.00000 0.00000
10.9977 0.00000 0.00000
11.0543 -0.00000 0.00000
11.1110 -0.00000 0.00000
11.1677 0.00000 0.00000
11.2244 0.00000 0.00000
11.2811 -0.00000 0.00000
11.3378 -0.00000 0.00000
11.3945 0.00000 0.00000
11.4512 -0.00000 0.00000
11.5079 -0.00000 0.00000
11.5645 0.00000 0.00000
11.6212 0.00000 0.00000
11.6779 -0.00000 0.00000
11.7346 -0.00000 0.00000
11.7913 0.00000 0.00000
11.8480 0.00000 0.00000
11.9047 -0.00000 0.00000
11.9614 0.00000 0.00000
12.0181 0.00000 0.00000
12.0747 -0.00000 0.00000
12.1314 -0.00000 0.00000
12.1881 0.00000 0.00000
12.2448 0.00000 0.00000
12.3015 -0.00000 0.00000
12.3582 0.00000 0.00000
12.4149 0.00000 0.00000
12.4716 -0.00000 0.00000
12.5283 -0.00000 0.00000
12.5849 0.00000 0.00000
12.6416 0.00000 0.00000
12.6983 -0.00000 0.00000
12.7550 0.00000 0.00000
12.8117 0.00000 0.00000
12.8684 -0.00000 0.00000
12.9251 -0.00000 0.00000
12.9818 0.00000 0.00000
13.0385 0.00000 0.00000
13.0952 -0.00000 0.00000
13.1518 0.00000 0.00000
13.2085 0.00000 0.00000
13.2652 -0.00000 0.00000
13.3219 -0.00000 0.00000
13.3786 0.00000 0.00000
13.4353 0.00000 0.00000
13.4920 -0.00000 0.00000
13.5487 -0.00000 0.00000
13.6054 0.00000 0.00000
13.6620 -0.00000 0.00000
13.7187 -0.00000 0.00000
13.7754 0.00000 0.00000
13.8321 0.00000 0.00000
13.8888 -0.00000 0.00000
13.9455 -0.00000 0.00000
14.0022 0.00000 0.00000
14.0589 -0.00000 0.00000
14.1156 -0.00000 0.00000
14.1722 0.00000 0.00000
14.2289 0.00000 0.00000
14.2856 -0.00000 0.00000
14.3423 -0.00000 0.00000
14.3990 0.00000 0.00000
14.4557 -0.00000 0.00000
14.5124 -0.00000 0.00000
14.5691 0.00000 0.00000
14.6258 0.00000 0.00000
14.6824 -0.00000 0.00000
14.7391 -0.00000 0.00000
14.7958 0.00000 0.00000
14.8525 -0.00000 0.00000
14.9092 -0.00000 0.00000
14.9659 0.00000 0.00000
15.0226 0.00000 0.00000
15.0793 -0.00000 0.00000
15.1360 -0.00000 0.00000
15.1926 0.00000 0.00000
15.2493 0.00000 0.00000
15.3060 -0.00000 0.00000
15.3627 0.00000 0.00000
15.4194 0.00000 0.00000
15.4761 -0.00000 0.00000
15.5328 -0.00000 0.00000
15.5895 0.00000 0.00000
15.6462 0.00000 0.00000
15.7028 -0.00000 0.00000
15.7595 0.00000 0.00000
15.8162 0.00000 0.00000
15.8729 -0.00000 0.00000
15.9296 -0.00000 0.00000
15.9863 0.00000 0.00000
16.0430 0.00000 0.00000
16.0997 -0.00000 0.00000
16.1564 0.00000 0.00000
16.2130 0.00000 0.00000
16.2697 -0.00000 0.00000
16.3264 -0.00000 0.00000
16.3831 0.00000 0.00000
16.4398 0.00000 0.00000
16.4965 -0.00000 0.00000
16.5532 0.00000 0.00000
16.6099 0.00000 0.00000
16.6666 -0.00000 0.00000
16.7232 -0.00000 0.00000
16.7799 0.00000 0.00000
16.8366 0.00000 0.00000
16.8933 -0.00000 0.00000
16.9500 0.00000 0.00000
