row, col, cumulative power
0, 0, 9.437057e-33
0, 1, 3.103899e-01
1, 1, 1.479862e+01
0, 2, 1.492212e+01
1, 2, 2.151903e+01
2, 2, 2.343536e+01
0, 3, 2.353152e+01
1, 3, 2.472223e+01
2, 3, 2.548949e+01
0, 4, 2.551272e+01
1, 4, 2.602714e+01
3, 3, 2.612432e+01
2, 4, 2.633763e+01
3, 4, 2.638306e+01
0, 5, 2.638468e+01
1, 5, 2.672639e+01
2, 5, 2.689253e+01
4, 4, 2.689830e+01
3, 5, 2.693169e+01
0, 6, 2.693739e+01
1, 6, 2.724019e+01
2, 6, 2.738145e+01
4, 5, 2.739489e+01
3, 6, 2.742027e+01
0, 7, 2.742142e+01
5, 5, 2.742492e+01
1, 7, 2.766613e+01
4, 6, 2.767244e+01
2, 7, 2.778041e+01
3, 7, 2.780723e+01
5, 6, 2.781245e+01
0, 8, 2.781341e+01
4, 7, 2.782159e+01
1, 8, 2.802102e+01
2, 8, 2.811605e+01
6, 6, 2.811996e+01
3, 8, 2.814989e+01
5, 7, 2.815374e+01
4, 8, 2.815823e+01
0, 9, 2.816131e+01
1, 9, 2.835457e+01
6, 7, 2.835794e+01
2, 9, 2.844098e+01
5, 8, 2.844778e+01
3, 9, 2.846043e+01
4, 9, 2.846621e+01
7, 7, 2.847129e+01
6, 8, 2.847748e+01
0, 10, 2.847797e+01
1, 10, 2.861980e+01
2, 10, 2.869209e+01
5, 9, 2.869826e+01
3, 10, 2.871953e+01
7, 8, 2.872300e+01
4, 10, 2.872608e+01
6, 9, 2.873010e+01
5, 10, 2.873412e+01
8, 8, 2.873491e+01
7, 9, 2.873788e+01
6, 10, 2.874182e+01
8, 9, 2.874366e+01
7, 10, 2.874453e+01
9, 9, 2.874547e+01
8, 10, 2.874702e+01
9, 10, 2.875035e+01
10, 10, 2.875076e+01
