row, col, cumulative power
0, 0, 6.257346e-31
0, 1, 1.282034e+00
1, 1, 1.597713e+01
0, 2, 1.685941e+01
1, 2, 1.746400e+01
2, 2, 1.757473e+01
0, 3, 1.762125e+01
1, 3, 1.763326e+01
2, 3, 1.764028e+01
0, 4, 1.773405e+01
1, 4, 1.798264e+01
3, 3, 1.798329e+01
2, 4, 1.799078e+01
3, 4, 1.799528e+01
0, 5, 1.802292e+01
1, 5, 1.813098e+01
2, 5, 1.813937e+01
4, 4, 1.814006e+01
3, 5, 1.814081e+01
0, 6, 1.816838e+01
1, 6, 1.823985e+01
2, 6, 1.824289e+01
4, 5, 1.824303e+01
3, 6, 1.824358e+01
0, 7, 1.825528e+01
5, 5, 1.825595e+01
1, 7, 1.831140e+01
4, 6, 1.831285e+01
2, 7, 1.831362e+01
3, 7, 1.831402e+01
5, 6, 1.831465e+01
0, 8, 1.833484e+01
4, 7, 1.833632e+01
1, 8, 1.838236e+01
2, 8, 1.838724e+01
6, 6, 1.838798e+01
3, 8, 1.838841e+01
5, 7, 1.838889e+01
4, 8, 1.839050e+01
0, 9, 1.840461e+01
1, 9, 1.844729e+01
6, 7, 1.844827e+01
2, 9, 1.845460e+01
5, 8, 1.845605e+01
3, 9, 1.845658e+01
4, 9, 1.845793e+01
7, 7, 1.845814e+01
6, 8, 1.845975e+01
0, 10, 1.847976e+01
1, 10, 1.851994e+01
2, 10, 1.852253e+01
5, 9, 1.852285e+01
3, 10, 1.852339e+01
7, 8, 1.852361e+01
4, 10, 1.852390e+01
6, 9, 1.852548e+01
5, 10, 1.852645e+01
8, 8, 1.852659e+01
7, 9, 1.852725e+01
6, 10, 1.852766e+01
8, 9, 1.852828e+01
7, 10, 1.852838e+01
9, 9, 1.852912e+01
8, 10, 1.853009e+01
9, 10, 1.853167e+01
10, 10, 1.853176e+01
