row, col, cumulative power
0, 0, 4.164342e-31
0, 1, 1.201633e+00
1, 1, 1.410958e+01
0, 2, 1.484737e+01
1, 2, 1.974514e+01
2, 2, 2.045335e+01
0, 3, 2.058886e+01
1, 3, 2.152823e+01
2, 3, 2.171129e+01
0, 4, 2.171798e+01
1, 4, 2.193850e+01
3, 3, 2.195940e+01
2, 4, 2.203058e+01
3, 4, 2.204000e+01
0, 5, 2.204704e+01
1, 5, 2.223604e+01
2, 5, 2.228478e+01
4, 4, 2.228514e+01
3, 5, 2.229308e+01
0, 6, 2.229711e+01
1, 6, 2.243600e+01
2, 6, 2.246654e+01
4, 5, 2.247016e+01
3, 6, 2.248252e+01
0, 7, 2.248325e+01
5, 5, 2.248464e+01
1, 7, 2.261935e+01
4, 6, 2.262122e+01
2, 7, 2.264916e+01
3, 7, 2.265352e+01
5, 6, 2.265730e+01
0, 8, 2.266025e+01
4, 7, 2.266059e+01
1, 8, 2.275782e+01
2, 8, 2.278003e+01
6, 6, 2.278077e+01
3, 8, 2.278326e+01
5, 7, 2.278632e+01
4, 8, 2.279040e+01
0, 9, 2.279456e+01
1, 9, 2.289296e+01
6, 7, 2.289635e+01
2, 9, 2.291159e+01
5, 8, 2.291281e+01
3, 9, 2.291498e+01
4, 9, 2.291856e+01
7, 7, 2.291964e+01
6, 8, 2.292020e+01
0, 10, 2.292158e+01
1, 10, 2.299316e+01
2, 10, 2.301580e+01
5, 9, 2.301682e+01
3, 10, 2.301961e+01
7, 8, 2.302211e+01
4, 10, 2.302436e+01
6, 9, 2.302577e+01
5, 10, 2.302703e+01
8, 8, 2.302837e+01
7, 9, 2.302937e+01
6, 10, 2.303247e+01
8, 9, 2.303378e+01
7, 10, 2.303456e+01
9, 9, 2.303464e+01
8, 10, 2.303587e+01
9, 10, 2.303619e+01
10, 10, 2.303683e+01
