row, col, cumulative power
0, 0, 2.773339e-32
0, 1, 1.523053e+00
1, 1, 1.688225e+01
0, 2, 1.743813e+01
1, 2, 2.439495e+01
2, 2, 2.606998e+01
0, 3, 2.613128e+01
1, 3, 2.690293e+01
2, 3, 2.727260e+01
0, 4, 2.729152e+01
1, 4, 2.767934e+01
3, 3, 2.772628e+01
2, 4, 2.784943e+01
3, 4, 2.786394e+01
0, 5, 2.787023e+01
1, 5, 2.814348e+01
2, 5, 2.828338e+01
4, 4, 2.828956e+01
3, 5, 2.830656e+01
0, 6, 2.831346e+01
1, 6, 2.853650e+01
2, 6, 2.862858e+01
4, 5, 2.863356e+01
3, 6, 2.864854e+01
0, 7, 2.865202e+01
5, 5, 2.865440e+01
1, 7, 2.883284e+01
4, 6, 2.883767e+01
2, 7, 2.889718e+01
3, 7, 2.890634e+01
5, 6, 2.891096e+01
0, 8, 2.891285e+01
4, 7, 2.892203e+01
1, 8, 2.908922e+01
2, 8, 2.915998e+01
6, 6, 2.916648e+01
3, 8, 2.917667e+01
5, 7, 2.918353e+01
4, 8, 2.918840e+01
0, 9, 2.919468e+01
1, 9, 2.931668e+01
6, 7, 2.932008e+01
2, 9, 2.936601e+01
5, 8, 2.936825e+01
3, 9, 2.937205e+01
4, 9, 2.937283e+01
7, 7, 2.937371e+01
6, 8, 2.937615e+01
0, 10, 2.937855e+01
1, 10, 2.948069e+01
2, 10, 2.953678e+01
5, 9, 2.953771e+01
3, 10, 2.955074e+01
7, 8, 2.955387e+01
4, 10, 2.955796e+01
6, 9, 2.956084e+01
5, 10, 2.956278e+01
8, 8, 2.956324e+01
7, 9, 2.956717e+01
6, 10, 2.956995e+01
8, 9, 2.957265e+01
7, 10, 2.957492e+01
9, 9, 2.957655e+01
8, 10, 2.957975e+01
9, 10, 2.958093e+01
10, 10, 2.958117e+01
