row, col, cumulative power
0, 0, 7.644016e-31
0, 1, 8.855599e-02
1, 1, 1.321266e+01
0, 2, 1.353682e+01
1, 2, 1.969121e+01
2, 2, 2.148944e+01
0, 3, 2.165297e+01
1, 3, 2.293560e+01
2, 3, 2.346367e+01
0, 4, 2.347318e+01
1, 4, 2.386250e+01
3, 3, 2.392393e+01
2, 4, 2.402956e+01
3, 4, 2.404435e+01
0, 5, 2.404912e+01
1, 5, 2.428335e+01
2, 5, 2.439766e+01
4, 4, 2.440650e+01
3, 5, 2.441812e+01
0, 6, 2.441845e+01
1, 6, 2.465226e+01
2, 6, 2.473362e+01
4, 5, 2.473547e+01
3, 6, 2.475361e+01
0, 7, 2.475636e+01
5, 5, 2.475897e+01
1, 7, 2.490360e+01
4, 6, 2.491361e+01
2, 7, 2.496870e+01
3, 7, 2.498240e+01
5, 6, 2.498376e+01
0, 8, 2.498683e+01
4, 7, 2.498946e+01
1, 8, 2.511364e+01
2, 8, 2.518006e+01
6, 6, 2.518148e+01
3, 8, 2.519080e+01
5, 7, 2.519249e+01
4, 8, 2.519491e+01
0, 9, 2.519523e+01
1, 9, 2.530230e+01
6, 7, 2.530371e+01
2, 9, 2.533828e+01
5, 8, 2.534239e+01
3, 9, 2.534618e+01
4, 9, 2.534721e+01
7, 7, 2.534919e+01
6, 8, 2.535095e+01
0, 10, 2.535135e+01
1, 10, 2.548332e+01
2, 10, 2.553468e+01
5, 9, 2.553578e+01
3, 10, 2.555104e+01
7, 8, 2.555163e+01
4, 10, 2.555416e+01
6, 9, 2.555580e+01
5, 10, 2.555698e+01
8, 8, 2.555759e+01
7, 9, 2.555789e+01
6, 10, 2.555847e+01
8, 9, 2.555882e+01
7, 10, 2.556077e+01
9, 9, 2.556100e+01
8, 10, 2.556143e+01
9, 10, 2.556215e+01
10, 10, 2.556262e+01
