row, col, cumulative power
0, 0, 3.644341e-31
0, 1, 1.502706e-02
1, 1, 8.704515e+00
0, 2, 8.986539e+00
1, 2, 1.353209e+01
2, 2, 1.502711e+01
0, 3, 1.506774e+01
1, 3, 1.607894e+01
2, 3, 1.680456e+01
0, 4, 1.681215e+01
1, 4, 1.724138e+01
3, 3, 1.735441e+01
2, 4, 1.759232e+01
3, 4, 1.768666e+01
0, 5, 1.768967e+01
1, 5, 1.793478e+01
2, 5, 1.808340e+01
4, 4, 1.809835e+01
3, 5, 1.813861e+01
0, 6, 1.813983e+01
1, 6, 1.833573e+01
2, 6, 1.844648e+01
4, 5, 1.846366e+01
3, 6, 1.849305e+01
0, 7, 1.849407e+01
5, 5, 1.849545e+01
1, 7, 1.865114e+01
4, 6, 1.866765e+01
2, 7, 1.875831e+01
3, 7, 1.877966e+01
5, 6, 1.878731e+01
0, 8, 1.878835e+01
4, 7, 1.880123e+01
1, 8, 1.893871e+01
2, 8, 1.902128e+01
6, 6, 1.902717e+01
3, 8, 1.905030e+01
5, 7, 1.906026e+01
4, 8, 1.907148e+01
0, 9, 1.907280e+01
1, 9, 1.919052e+01
6, 7, 1.919930e+01
2, 9, 1.925529e+01
5, 8, 1.926531e+01
3, 9, 1.928355e+01
4, 9, 1.928948e+01
7, 7, 1.929420e+01
6, 8, 1.929733e+01
0, 10, 1.929880e+01
1, 10, 1.940319e+01
2, 10, 1.946655e+01
5, 9, 1.947184e+01
3, 10, 1.949149e+01
7, 8, 1.949601e+01
4, 10, 1.950581e+01
6, 9, 1.950835e+01
5, 10, 1.951206e+01
8, 8, 1.951245e+01
7, 9, 1.951484e+01
6, 10, 1.951797e+01
8, 9, 1.951979e+01
7, 10, 1.952092e+01
9, 9, 1.952151e+01
8, 10, 1.952356e+01
9, 10, 1.952508e+01
10, 10, 1.952540e+01
