row, col, cumulative power
0, 0, 1.788831e-30
0, 1, 2.509891e-01
1, 1, 2.114965e+01
0, 2, 2.230161e+01
1, 2, 2.462431e+01
2, 2, 2.507328e+01
0, 3, 2.508628e+01
1, 3, 2.525691e+01
2, 3, 2.527600e+01
0, 4, 2.528523e+01
1, 4, 2.544129e+01
3, 3, 2.546124e+01
2, 4, 2.546582e+01
3, 4, 2.546768e+01
0, 5, 2.546787e+01
1, 5, 2.556639e+01
2, 5, 2.556898e+01
4, 4, 2.557049e+01
3, 5, 2.557315e+01
0, 6, 2.558075e+01
1, 6, 2.569921e+01
2, 6, 2.570442e+01
4, 5, 2.570605e+01
3, 6, 2.570679e+01
0, 7, 2.570763e+01
5, 5, 2.570774e+01
1, 7, 2.579160e+01
4, 6, 2.579330e+01
2, 7, 2.579608e+01
3, 7, 2.579619e+01
5, 6, 2.579638e+01
0, 8, 2.579718e+01
4, 7, 2.579744e+01
1, 8, 2.586128e+01
2, 8, 2.586806e+01
6, 6, 2.586960e+01
3, 8, 2.586964e+01
5, 7, 2.587033e+01
4, 8, 2.587091e+01
0, 9, 2.587116e+01
1, 9, 2.594292e+01
6, 7, 2.594327e+01
2, 9, 2.594790e+01
5, 8, 2.594804e+01
3, 9, 2.594889e+01
4, 9, 2.594974e+01
7, 7, 2.595040e+01
6, 8, 2.595050e+01
0, 10, 2.595242e+01
1, 10, 2.603894e+01
2, 10, 2.604614e+01
5, 9, 2.604662e+01
3, 10, 2.604727e+01
7, 8, 2.604754e+01
4, 10, 2.604787e+01
6, 9, 2.604818e+01
5, 10, 2.604902e+01
8, 8, 2.604925e+01
7, 9, 2.604927e+01
6, 10, 2.604992e+01
8, 9, 2.605053e+01
7, 10, 2.605130e+01
9, 9, 2.605205e+01
8, 10, 2.605247e+01
9, 10, 2.605268e+01
10, 10, 2.605421e+01
