row, col, cumulative power
0, 0, 2.496005e-31
0, 1, 1.961104e-02
1, 1, 1.316204e+01
0, 2, 1.333670e+01
1, 2, 1.775985e+01
2, 2, 1.830461e+01
0, 3, 1.842320e+01
1, 3, 1.896705e+01
2, 3, 1.904446e+01
0, 4, 1.908854e+01
1, 4, 1.928404e+01
3, 3, 1.929149e+01
2, 4, 1.934421e+01
3, 4, 1.934970e+01
0, 5, 1.935660e+01
1, 5, 1.951820e+01
2, 5, 1.956160e+01
4, 4, 1.956396e+01
3, 5, 1.957387e+01
0, 6, 1.957609e+01
1, 6, 1.968833e+01
2, 6, 1.970280e+01
4, 5, 1.970732e+01
3, 6, 1.970856e+01
0, 7, 1.971680e+01
5, 5, 1.971808e+01
1, 7, 1.982968e+01
4, 6, 1.983027e+01
2, 7, 1.984831e+01
3, 7, 1.985279e+01
5, 6, 1.985358e+01
0, 8, 1.986088e+01
4, 7, 1.986264e+01
1, 8, 1.994028e+01
2, 8, 1.995827e+01
6, 6, 1.996056e+01
3, 8, 1.996402e+01
5, 7, 1.996746e+01
4, 8, 1.997267e+01
0, 9, 1.997427e+01
1, 9, 2.003933e+01
6, 7, 2.003960e+01
2, 9, 2.005090e+01
5, 8, 2.005241e+01
3, 9, 2.005392e+01
4, 9, 2.005493e+01
7, 7, 2.005644e+01
6, 8, 2.005655e+01
0, 10, 2.005806e+01
1, 10, 2.013543e+01
2, 10, 2.014242e+01
5, 9, 2.014408e+01
3, 10, 2.014716e+01
7, 8, 2.014909e+01
4, 10, 2.015266e+01
6, 9, 2.015337e+01
5, 10, 2.015442e+01
8, 8, 2.015472e+01
7, 9, 2.015596e+01
6, 10, 2.015728e+01
8, 9, 2.015945e+01
7, 10, 2.016004e+01
9, 9, 2.016076e+01
8, 10, 2.016168e+01
9, 10, 2.016244e+01
10, 10, 2.016328e+01
