row, col, cumulative power
0, 0, 4.333342e-32
0, 1, 2.858426e-02
1, 1, 1.281714e+01
0, 2, 1.358857e+01
1, 2, 1.643171e+01
2, 2, 1.694776e+01
0, 3, 1.710385e+01
1, 3, 1.826347e+01
2, 3, 1.864579e+01
0, 4, 1.870826e+01
1, 4, 1.907794e+01
3, 3, 1.912744e+01
2, 4, 1.923552e+01
3, 4, 1.927219e+01
0, 5, 1.929199e+01
1, 5, 1.949588e+01
2, 5, 1.954642e+01
4, 4, 1.955257e+01
3, 5, 1.957466e+01
0, 6, 1.959540e+01
1, 6, 1.976571e+01
2, 6, 1.981320e+01
4, 5, 1.981928e+01
3, 6, 1.983966e+01
0, 7, 1.985280e+01
5, 5, 1.985464e+01
1, 7, 2.001966e+01
4, 6, 2.002948e+01
2, 7, 2.006616e+01
3, 7, 2.008144e+01
5, 6, 2.008475e+01
0, 8, 2.010004e+01
4, 7, 2.010398e+01
1, 8, 2.021241e+01
2, 8, 2.024380e+01
6, 6, 2.024433e+01
3, 8, 2.025366e+01
5, 7, 2.026002e+01
4, 8, 2.026187e+01
0, 9, 2.027393e+01
1, 9, 2.040918e+01
6, 7, 2.041433e+01
2, 9, 2.043772e+01
5, 8, 2.044022e+01
3, 9, 2.045348e+01
4, 9, 2.045534e+01
7, 7, 2.045788e+01
6, 8, 2.045985e+01
0, 10, 2.047186e+01
1, 10, 2.057104e+01
2, 10, 2.059935e+01
5, 9, 2.060123e+01
3, 10, 2.061470e+01
7, 8, 2.061527e+01
4, 10, 2.061769e+01
6, 9, 2.062053e+01
5, 10, 2.062329e+01
8, 8, 2.062408e+01
7, 9, 2.062784e+01
6, 10, 2.063106e+01
8, 9, 2.063229e+01
7, 10, 2.063379e+01
9, 9, 2.063652e+01
8, 10, 2.063810e+01
9, 10, 2.063859e+01
10, 10, 2.064007e+01
