row, col, cumulative power
0, 0, 5.720493e-31
0, 1, 5.638485e+00
1, 1, 1.023702e+01
0, 2, 1.023933e+01
1, 2, 1.160983e+01
2, 2, 1.216928e+01
0, 3, 1.217268e+01
1, 3, 1.267373e+01
2, 3, 1.300637e+01
0, 4, 1.302503e+01
1, 4, 1.324517e+01
3, 3, 1.332669e+01
2, 4, 1.343871e+01
3, 4, 1.348303e+01
0, 5, 1.348337e+01
1, 5, 1.355346e+01
2, 5, 1.362414e+01
4, 4, 1.362519e+01
3, 5, 1.365598e+01
0, 6, 1.365741e+01
1, 6, 1.374232e+01
2, 6, 1.379376e+01
4, 5, 1.380091e+01
3, 6, 1.381225e+01
0, 7, 1.381273e+01
5, 5, 1.381939e+01
1, 7, 1.387992e+01
4, 6, 1.388366e+01
2, 7, 1.392261e+01
3, 7, 1.393777e+01
5, 6, 1.394068e+01
0, 8, 1.394077e+01
4, 7, 1.394770e+01
1, 8, 1.399683e+01
2, 8, 1.402745e+01
6, 6, 1.402881e+01
3, 8, 1.403707e+01
5, 7, 1.404065e+01
4, 8, 1.404417e+01
0, 9, 1.404439e+01
1, 9, 1.409701e+01
6, 7, 1.409829e+01
2, 9, 1.412808e+01
5, 8, 1.413049e+01
3, 9, 1.414175e+01
4, 9, 1.414621e+01
7, 7, 1.414704e+01
6, 8, 1.415105e+01
0, 10, 1.415134e+01
1, 10, 1.419321e+01
2, 10, 1.421757e+01
5, 9, 1.422028e+01
3, 10, 1.423481e+01
7, 8, 1.423745e+01
4, 10, 1.424189e+01
6, 9, 1.424336e+01
5, 10, 1.424776e+01
8, 8, 1.424983e+01
7, 9, 1.425168e+01
6, 10, 1.425479e+01
8, 9, 1.425616e+01
7, 10, 1.425850e+01
9, 9, 1.425861e+01
8, 10, 1.426251e+01
9, 10, 1.426430e+01
10, 10, 1.426454e+01
