row, col, cumulative power
0, 0, 5.616012e-31
0, 1, 2.042126e+01
1, 1, 2.608830e+01
0, 2, 2.776401e+01
1, 2, 2.796368e+01
2, 2, 2.802032e+01
0, 3, 2.817602e+01
1, 3, 2.838334e+01
2, 3, 2.839541e+01
0, 4, 2.843653e+01
1, 4, 2.850529e+01
3, 3, 2.851816e+01
2, 4, 2.853781e+01
3, 4, 2.854677e+01
0, 5, 2.857981e+01
1, 5, 2.863383e+01
2, 5, 2.864821e+01
4, 4, 2.864877e+01
3, 5, 2.865365e+01
0, 6, 2.866710e+01
1, 6, 2.872921e+01
2, 6, 2.873636e+01
4, 5, 2.873998e+01
3, 6, 2.874085e+01
0, 7, 2.875071e+01
5, 5, 2.875549e+01
1, 7, 2.877943e+01
4, 6, 2.877987e+01
2, 7, 2.878381e+01
3, 7, 2.878583e+01
5, 6, 2.878685e+01
0, 8, 2.880577e+01
4, 7, 2.880643e+01
1, 8, 2.883203e+01
2, 8, 2.884243e+01
6, 6, 2.884337e+01
3, 8, 2.884916e+01
5, 7, 2.884969e+01
4, 8, 2.885016e+01
0, 9, 2.885437e+01
1, 9, 2.888099e+01
6, 7, 2.888365e+01
2, 9, 2.888692e+01
5, 8, 2.888765e+01
3, 9, 2.888937e+01
4, 9, 2.889108e+01
7, 7, 2.889200e+01
6, 8, 2.889417e+01
0, 10, 2.890129e+01
1, 10, 2.891665e+01
2, 10, 2.892180e+01
5, 9, 2.892247e+01
3, 10, 2.892378e+01
7, 8, 2.892407e+01
4, 10, 2.892533e+01
6, 9, 2.892657e+01
5, 10, 2.892814e+01
8, 8, 2.892832e+01
7, 9, 2.892852e+01
6, 10, 2.892885e+01
8, 9, 2.893059e+01
7, 10, 2.893143e+01
9, 9, 2.893161e+01
8, 10, 2.893334e+01
9, 10, 2.893385e+01
10, 10, 2.893400e+01
