row, col, cumulative power
0, 0, 7.703720e-34
0, 1, 4.498228e-01
1, 1, 1.233735e+01
0, 2, 1.250713e+01
1, 2, 1.714551e+01
2, 2, 1.832300e+01
0, 3, 1.850150e+01
1, 3, 1.934518e+01
2, 3, 1.975034e+01
0, 4, 1.976830e+01
1, 4, 2.008990e+01
3, 3, 2.013746e+01
2, 4, 2.024892e+01
3, 4, 2.029370e+01
0, 5, 2.030397e+01
1, 5, 2.045394e+01
2, 5, 2.052641e+01
4, 4, 2.054208e+01
3, 5, 2.057094e+01
0, 6, 2.057334e+01
1, 6, 2.074599e+01
2, 6, 2.079656e+01
4, 5, 2.080382e+01
3, 6, 2.081580e+01
0, 7, 2.081583e+01
5, 5, 2.081825e+01
1, 7, 2.096674e+01
4, 6, 2.097307e+01
2, 7, 2.103229e+01
3, 7, 2.104337e+01
5, 6, 2.104750e+01
0, 8, 2.104995e+01
4, 7, 2.105469e+01
1, 8, 2.116069e+01
2, 8, 2.119190e+01
6, 6, 2.119427e+01
3, 8, 2.120342e+01
5, 7, 2.120570e+01
4, 8, 2.121189e+01
0, 9, 2.121274e+01
1, 9, 2.133129e+01
6, 7, 2.133362e+01
2, 9, 2.138103e+01
5, 8, 2.138193e+01
3, 9, 2.139049e+01
4, 9, 2.139417e+01
7, 7, 2.139492e+01
6, 8, 2.139958e+01
0, 10, 2.139977e+01
1, 10, 2.148975e+01
2, 10, 2.153710e+01
5, 9, 2.153865e+01
3, 10, 2.155218e+01
7, 8, 2.155408e+01
4, 10, 2.155745e+01
6, 9, 2.155797e+01
5, 10, 2.156093e+01
8, 8, 2.156121e+01
7, 9, 2.156235e+01
6, 10, 2.156311e+01
8, 9, 2.156730e+01
7, 10, 2.156826e+01
9, 9, 2.156876e+01
8, 10, 2.157030e+01
9, 10, 2.157202e+01
10, 10, 2.157259e+01
