row, col, cumulative power
0, 0, 1.619707e-31
0, 1, 1.616661e-01
1, 1, 2.339070e+01
0, 2, 2.412551e+01
1, 2, 2.665133e+01
2, 2, 2.691442e+01
0, 3, 2.707123e+01
1, 3, 2.753891e+01
2, 3, 2.759546e+01
0, 4, 2.763367e+01
1, 4, 2.811425e+01
3, 3, 2.812001e+01
2, 4, 2.814770e+01
3, 4, 2.814918e+01
0, 5, 2.814984e+01
1, 5, 2.840307e+01
2, 5, 2.841824e+01
4, 4, 2.841949e+01
3, 5, 2.842477e+01
0, 6, 2.842709e+01
1, 6, 2.866175e+01
2, 6, 2.867293e+01
4, 5, 2.867366e+01
3, 6, 2.867714e+01
0, 7, 2.868087e+01
5, 5, 2.868125e+01
1, 7, 2.881577e+01
4, 6, 2.881809e+01
2, 7, 2.883325e+01
3, 7, 2.883578e+01
5, 6, 2.883718e+01
0, 8, 2.883746e+01
4, 7, 2.883921e+01
1, 8, 2.897261e+01
2, 8, 2.898158e+01
6, 6, 2.898264e+01
3, 8, 2.898520e+01
5, 7, 2.898822e+01
4, 8, 2.899099e+01
0, 9, 2.899229e+01
1, 9, 2.912411e+01
6, 7, 2.912509e+01
2, 9, 2.913524e+01
5, 8, 2.913617e+01
3, 9, 2.913734e+01
4, 9, 2.913931e+01
7, 7, 2.913959e+01
6, 8, 2.914162e+01
0, 10, 2.914235e+01
1, 10, 2.924657e+01
2, 10, 2.925376e+01
5, 9, 2.925488e+01
3, 10, 2.925727e+01
7, 8, 2.925879e+01
4, 10, 2.926330e+01
6, 9, 2.926433e+01
5, 10, 2.926526e+01
8, 8, 2.926587e+01
7, 9, 2.926631e+01
6, 10, 2.926807e+01
8, 9, 2.926886e+01
7, 10, 2.927064e+01
9, 9, 2.927165e+01
8, 10, 2.927340e+01
9, 10, 2.927411e+01
10, 10, 2.927549e+01
