row, col, cumulative power
0, 0, 1.083336e-32
0, 1, 3.034644e-01
1, 1, 1.285238e+01
0, 2, 1.313506e+01
1, 2, 1.522513e+01
2, 2, 1.550117e+01
0, 3, 1.558666e+01
1, 3, 1.626903e+01
2, 3, 1.635507e+01
0, 4, 1.642992e+01
1, 4, 1.665712e+01
3, 3, 1.666572e+01
2, 4, 1.672280e+01
3, 4, 1.673903e+01
0, 5, 1.675431e+01
1, 5, 1.691425e+01
2, 5, 1.694595e+01
4, 4, 1.694976e+01
3, 5, 1.695933e+01
0, 6, 1.698251e+01
1, 6, 1.707699e+01
2, 6, 1.709749e+01
4, 5, 1.710184e+01
3, 6, 1.711568e+01
0, 7, 1.713058e+01
5, 5, 1.713127e+01
1, 7, 1.726074e+01
4, 6, 1.726367e+01
2, 7, 1.727744e+01
3, 7, 1.728186e+01
5, 6, 1.728267e+01
0, 8, 1.729736e+01
4, 7, 1.730000e+01
1, 8, 1.737617e+01
2, 8, 1.738751e+01
6, 6, 1.738941e+01
3, 8, 1.739434e+01
5, 7, 1.739531e+01
4, 8, 1.739729e+01
0, 9, 1.740381e+01
1, 9, 1.747359e+01
6, 7, 1.747715e+01
2, 9, 1.749121e+01
5, 8, 1.749373e+01
3, 9, 1.749916e+01
4, 9, 1.750122e+01
7, 7, 1.750138e+01
6, 8, 1.750333e+01
0, 10, 1.750985e+01
1, 10, 1.758382e+01
2, 10, 1.759406e+01
5, 9, 1.759512e+01
3, 10, 1.760081e+01
7, 8, 1.760212e+01
4, 10, 1.760347e+01
6, 9, 1.760445e+01
5, 10, 1.760621e+01
8, 8, 1.760733e+01
7, 9, 1.760962e+01
6, 10, 1.761214e+01
8, 9, 1.761387e+01
7, 10, 1.761521e+01
9, 9, 1.761606e+01
8, 10, 1.761710e+01
9, 10, 1.761730e+01
10, 10, 1.761831e+01
