row, col, cumulative power
0, 0, 1.342807e-30
0, 1, 3.721172e-01
1, 1, 1.086745e+01
0, 2, 1.208239e+01
1, 2, 1.633703e+01
2, 2, 1.742521e+01
0, 3, 1.768430e+01
1, 3, 1.850463e+01
2, 3, 1.885478e+01
0, 4, 1.894107e+01
1, 4, 1.939056e+01
3, 3, 1.945713e+01
2, 4, 1.969457e+01
3, 4, 1.973614e+01
0, 5, 1.980957e+01
1, 5, 2.006896e+01
2, 5, 2.020284e+01
4, 4, 2.021221e+01
3, 5, 2.024255e+01
0, 6, 2.027895e+01
1, 6, 2.049367e+01
2, 6, 2.057889e+01
4, 5, 2.059371e+01
3, 6, 2.060731e+01
0, 7, 2.063602e+01
5, 5, 2.063794e+01
1, 7, 2.078562e+01
4, 6, 2.078979e+01
2, 7, 2.086851e+01
3, 7, 2.088019e+01
5, 6, 2.088918e+01
0, 8, 2.093062e+01
4, 7, 2.093900e+01
1, 8, 2.106987e+01
2, 8, 2.113378e+01
6, 6, 2.113571e+01
3, 8, 2.115067e+01
5, 7, 2.115511e+01
4, 8, 2.116143e+01
0, 9, 2.119382e+01
1, 9, 2.129334e+01
6, 7, 2.129641e+01
2, 9, 2.133919e+01
5, 8, 2.134925e+01
3, 9, 2.136226e+01
4, 9, 2.136977e+01
7, 7, 2.137277e+01
6, 8, 2.137741e+01
0, 10, 2.140262e+01
1, 10, 2.152267e+01
2, 10, 2.156571e+01
5, 9, 2.156810e+01
3, 10, 2.157375e+01
7, 8, 2.157607e+01
4, 10, 2.158098e+01
6, 9, 2.158478e+01
5, 10, 2.159114e+01
8, 8, 2.159123e+01
7, 9, 2.159283e+01
6, 10, 2.159570e+01
8, 9, 2.159635e+01
7, 10, 2.159915e+01
9, 9, 2.160118e+01
8, 10, 2.160593e+01
9, 10, 2.160621e+01
10, 10, 2.160702e+01
