row, col, cumulative power
0, 0, 1.850819e-31
0, 1, 1.370902e-01
1, 1, 1.149676e+01
0, 2, 1.221726e+01
1, 2, 1.741204e+01
2, 2, 1.845558e+01
0, 3, 1.869108e+01
1, 3, 1.962911e+01
2, 3, 1.988656e+01
0, 4, 1.996531e+01
1, 4, 2.023264e+01
3, 3, 2.025654e+01
2, 4, 2.030811e+01
3, 4, 2.032152e+01
0, 5, 2.033132e+01
1, 5, 2.050054e+01
2, 5, 2.057129e+01
4, 4, 2.057785e+01
3, 5, 2.058805e+01
0, 6, 2.060001e+01
1, 6, 2.077039e+01
2, 6, 2.081515e+01
4, 5, 2.081558e+01
3, 6, 2.082129e+01
0, 7, 2.083836e+01
5, 5, 2.084020e+01
1, 7, 2.096697e+01
4, 6, 2.096771e+01
2, 7, 2.099753e+01
3, 7, 2.100105e+01
5, 6, 2.100705e+01
0, 8, 2.102304e+01
4, 7, 2.102738e+01
1, 8, 2.111689e+01
2, 8, 2.115129e+01
6, 6, 2.115162e+01
3, 8, 2.115836e+01
5, 7, 2.116083e+01
4, 8, 2.116198e+01
0, 9, 2.116908e+01
1, 9, 2.125321e+01
6, 7, 2.125379e+01
2, 9, 2.127331e+01
5, 8, 2.127415e+01
3, 9, 2.127767e+01
4, 9, 2.127899e+01
7, 7, 2.128029e+01
6, 8, 2.128111e+01
0, 10, 2.128702e+01
1, 10, 2.138101e+01
2, 10, 2.140070e+01
5, 9, 2.140123e+01
3, 10, 2.140501e+01
7, 8, 2.140586e+01
4, 10, 2.140709e+01
6, 9, 2.140740e+01
5, 10, 2.140954e+01
8, 8, 2.141049e+01
7, 9, 2.141168e+01
6, 10, 2.141391e+01
8, 9, 2.141460e+01
7, 10, 2.141660e+01
9, 9, 2.141804e+01
8, 10, 2.141893e+01
9, 10, 2.142021e+01
10, 10, 2.142145e+01
