# contact distance = 12.0 Angstroms
# F = 0.4 kJ/mol

# i j contact_probability mean_contact_probability stddev_contact_probability
0 0 0.006353 0.015370 0.009927
0 1 0.005615 0.015370 0.009927
0 2 0.004433 0.015370 0.009927
0 3 0.004433 0.015370 0.009927
0 4 0.005762 0.015370 0.009927
0 5 0.005467 0.015370 0.009927
0 6 0.005171 0.015370 0.009927
0 7 0.006058 0.015370 0.009927
0 8 0.007979 0.015370 0.009927
0 9 0.008274 0.015370 0.009927
0 10 0.010934 0.015370 0.009927
0 11 0.011673 0.015370 0.009927
0 12 0.014037 0.015370 0.009927
0 13 0.014923 0.015370 0.009927
0 14 0.017730 0.015370 0.009927
0 15 0.022311 0.015370 0.009927
0 16 0.029403 0.015370 0.009927
0 17 0.032506 0.015370 0.009927
0 18 0.034131 0.015370 0.009927
0 19 0.034279 0.015370 0.009927
0 20 0.030881 0.015370 0.009927
1 0 0.005024 0.015370 0.009927
1 1 0.003398 0.015370 0.009927
1 2 0.003251 0.015370 0.009927
1 3 0.003694 0.015370 0.009927
1 4 0.003546 0.015370 0.009927
1 5 0.005467 0.015370 0.009927
1 6 0.005762 0.015370 0.009927
1 7 0.005910 0.015370 0.009927
1 8 0.006501 0.015370 0.009927
1 9 0.008274 0.015370 0.009927
1 10 0.010343 0.015370 0.009927
1 11 0.011673 0.015370 0.009927
1 12 0.012411 0.015370 0.009927
1 13 0.013889 0.015370 0.009927
1 14 0.017583 0.015370 0.009927
1 15 0.023936 0.015370 0.009927
1 16 0.031915 0.015370 0.009927
1 17 0.037086 0.015370 0.009927
1 18 0.038268 0.015370 0.009927
1 19 0.039450 0.015370 0.009927
1 20 0.033245 0.015370 0.009927
2 0 0.004285 0.015370 0.009927
2 1 0.003842 0.015370 0.009927
2 2 0.003103 0.015370 0.009927
2 3 0.003546 0.015370 0.009927
2 4 0.003842 0.015370 0.009927
2 5 0.005171 0.015370 0.009927
2 6 0.007240 0.015370 0.009927
2 7 0.007092 0.015370 0.009927
2 8 0.006206 0.015370 0.009927
2 9 0.009013 0.015370 0.009927
2 10 0.010047 0.015370 0.009927
2 11 0.011525 0.015370 0.009927
2 12 0.013298 0.015370 0.009927
2 13 0.015219 0.015370 0.009927
2 14 0.019208 0.015370 0.009927
2 15 0.026005 0.015370 0.009927
2 16 0.034279 0.015370 0.009927
2 17 0.041223 0.015370 0.009927
2 18 0.044326 0.015370 0.009927
2 19 0.041519 0.015370 0.009927
2 20 0.035609 0.015370 0.009927
3 0 0.004876 0.015370 0.009927
3 1 0.004285 0.015370 0.009927
3 2 0.003398 0.015370 0.009927
3 3 0.003251 0.015370 0.009927
3 4 0.003251 0.015370 0.009927
3 5 0.005319 0.015370 0.009927
3 6 0.007831 0.015370 0.009927
3 7 0.008274 0.015370 0.009927
3 8 0.009161 0.015370 0.009927
3 9 0.010195 0.015370 0.009927
3 10 0.013150 0.015370 0.009927
3 11 0.013741 0.015370 0.009927
3 12 0.013889 0.015370 0.009927
3 13 0.018322 0.015370 0.009927
3 14 0.024527 0.015370 0.009927
3 15 0.029846 0.015370 0.009927
3 16 0.036495 0.015370 0.009927
3 17 0.039894 0.015370 0.009927
3 18 0.041371 0.015370 0.009927
3 19 0.039598 0.015370 0.009927
3 20 0.031915 0.015370 0.009927
4 0 0.006501 0.015370 0.009927
4 1 0.004580 0.015370 0.009927
4 2 0.004433 0.015370 0.009927
4 3 0.005024 0.015370 0.009927
4 4 0.005467 0.015370 0.009927
4 5 0.008422 0.015370 0.009927
4 6 0.009900 0.015370 0.009927
4 7 0.009013 0.015370 0.009927
4 8 0.011082 0.015370 0.009927
4 9 0.013150 0.015370 0.009927
4 10 0.014480 0.015370 0.009927
4 11 0.015810 0.015370 0.009927
4 12 0.017139 0.015370 0.009927
4 13 0.022163 0.015370 0.009927
4 14 0.027187 0.015370 0.009927
4 15 0.031176 0.015370 0.009927
4 16 0.033836 0.015370 0.009927
4 17 0.036348 0.015370 0.009927
4 18 0.038712 0.015370 0.009927
4 19 0.034427 0.015370 0.009927
4 20 0.027482 0.015370 0.009927
5 0 0.006944 0.015370 0.009927
5 1 0.004876 0.015370 0.009927
5 2 0.005171 0.015370 0.009927
5 3 0.005910 0.015370 0.009927
5 4 0.007979 0.015370 0.009927
5 5 0.009604 0.015370 0.009927
5 6 0.011082 0.015370 0.009927
5 7 0.011820 0.015370 0.009927
5 8 0.013002 0.015370 0.009927
5 9 0.014923 0.015370 0.009927
5 10 0.016548 0.015370 0.009927
5 11 0.018617 0.015370 0.009927
5 12 0.020242 0.015370 0.009927
5 13 0.024084 0.015370 0.009927
5 14 0.028073 0.015370 0.009927
5 15 0.030585 0.015370 0.009927
5 16 0.029255 0.015370 0.009927
5 17 0.029551 0.015370 0.009927
5 18 0.027335 0.015370 0.009927
5 19 0.023197 0.015370 0.009927
5 20 0.019651 0.015370 0.009927
6 0 0.006649 0.015370 0.009927
6 1 0.005615 0.015370 0.009927
6 2 0.007092 0.015370 0.009927
6 3 0.007092 0.015370 0.009927
6 4 0.009900 0.015370 0.009927
6 5 0.011525 0.015370 0.009927
6 6 0.013446 0.015370 0.009927
6 7 0.015514 0.015370 0.009927
6 8 0.015071 0.015370 0.009927
6 9 0.017583 0.015370 0.009927
6 10 0.019208 0.015370 0.009927
6 11 0.020390 0.015370 0.009927
6 12 0.023788 0.015370 0.009927
6 13 0.026152 0.015370 0.009927
6 14 0.028517 0.015370 0.009927
6 15 0.026596 0.015370 0.009927
6 16 0.027039 0.015370 0.009927
6 17 0.021720 0.015370 0.009927
6 18 0.019651 0.015370 0.009927
6 19 0.015810 0.015370 0.009927
6 20 0.015219 0.015370 0.009927
7 0 0.007240 0.015370 0.009927
7 1 0.008126 0.015370 0.009927
7 2 0.008126 0.015370 0.009927
7 3 0.010343 0.015370 0.009927
7 4 0.011229 0.015370 0.009927
7 5 0.013002 0.015370 0.009927
7 6 0.014480 0.015370 0.009927
7 7 0.015957 0.015370 0.009927
7 8 0.016548 0.015370 0.009927
7 9 0.018617 0.015370 0.009927
7 10 0.020538 0.015370 0.009927
7 11 0.020242 0.015370 0.009927
7 12 0.021868 0.015370 0.009927
7 13 0.020981 0.015370 0.009927
7 14 0.024379 0.015370 0.009927
7 15 0.022606 0.015370 0.009927
7 16 0.017583 0.015370 0.009927
7 17 0.015662 0.015370 0.009927
7 18 0.013002 0.015370 0.009927
7 19 0.011820 0.015370 0.009927
7 20 0.011082 0.015370 0.009927
8 0 0.009309 0.015370 0.009927
8 1 0.009456 0.015370 0.009927
8 2 0.009456 0.015370 0.009927
8 3 0.011082 0.015370 0.009927
8 4 0.013002 0.015370 0.009927
8 5 0.014332 0.015370 0.009927
8 6 0.015957 0.015370 0.009927
8 7 0.017139 0.015370 0.009927
8 8 0.016696 0.015370 0.009927
8 9 0.017583 0.015370 0.009927
8 10 0.018026 0.015370 0.009927
8 11 0.017730 0.015370 0.009927
8 12 0.018322 0.015370 0.009927
8 13 0.017583 0.015370 0.009927
8 14 0.018913 0.015370 0.009927
8 15 0.017435 0.015370 0.009927
8 16 0.014775 0.015370 0.009927
8 17 0.010491 0.015370 0.009927
8 18 0.008570 0.015370 0.009927
8 19 0.007979 0.015370 0.009927
8 20 0.009456 0.015370 0.009927
9 0 0.009161 0.015370 0.009927
9 1 0.011082 0.015370 0.009927
9 2 0.010786 0.015370 0.009927
9 3 0.012855 0.015370 0.009927
9 4 0.014923 0.015370 0.009927
9 5 0.015219 0.015370 0.009927
9 6 0.015662 0.015370 0.009927
9 7 0.016696 0.015370 0.009927
9 8 0.017287 0.015370 0.009927
9 9 0.017878 0.015370 0.009927
9 10 0.018026 0.015370 0.009927
9 11 0.015662 0.015370 0.009927
9 12 0.017139 0.015370 0.009927
9 13 0.015957 0.015370 0.009927
9 14 0.016548 0.015370 0.009927
9 15 0.015514 0.015370 0.009927
9 16 0.011525 0.015370 0.009927
9 17 0.008570 0.015370 0.009927
9 18 0.005467 0.015370 0.009927
9 19 0.005615 0.015370 0.009927
9 20 0.008274 0.015370 0.009927
10 0 0.010047 0.015370 0.009927
10 1 0.010195 0.015370 0.009927
10 2 0.010195 0.015370 0.009927
10 3 0.013002 0.015370 0.009927
10 4 0.015810 0.015370 0.009927
10 5 0.016696 0.015370 0.009927
10 6 0.016696 0.015370 0.009927
10 7 0.017583 0.015370 0.009927
10 8 0.017287 0.015370 0.009927
10 9 0.018026 0.015370 0.009927
10 10 0.015810 0.015370 0.009927
10 11 0.015662 0.015370 0.009927
10 12 0.017139 0.015370 0.009927
10 13 0.015219 0.015370 0.009927
10 14 0.014184 0.015370 0.009927
10 15 0.014480 0.015370 0.009927
10 16 0.009900 0.015370 0.009927
10 17 0.005910 0.015370 0.009927
10 18 0.003694 0.015370 0.009927
10 19 0.003694 0.015370 0.009927
10 20 0.006206 0.015370 0.009927
11 0 0.010047 0.015370 0.009927
11 1 0.010934 0.015370 0.009927
11 2 0.010047 0.015370 0.009927
11 3 0.011968 0.015370 0.009927
11 4 0.014775 0.015370 0.009927
11 5 0.018322 0.015370 0.009927
11 6 0.018765 0.015370 0.009927
11 7 0.019208 0.015370 0.009927
11 8 0.016696 0.015370 0.009927
11 9 0.018913 0.015370 0.009927
11 10 0.017287 0.015370 0.009927
11 11 0.015219 0.015370 0.009927
11 12 0.015219 0.015370 0.009927
11 13 0.016844 0.015370 0.009927
11 14 0.013446 0.015370 0.009927
11 15 0.013002 0.015370 0.009927
11 16 0.009161 0.015370 0.009927
11 17 0.006797 0.015370 0.009927
11 18 0.005171 0.015370 0.009927
11 19 0.004876 0.015370 0.009927
11 20 0.006649 0.015370 0.009927
12 0 0.011229 0.015370 0.009927
12 1 0.011820 0.015370 0.009927
12 2 0.011525 0.015370 0.009927
12 3 0.013298 0.015370 0.009927
12 4 0.016548 0.015370 0.009927
12 5 0.019651 0.015370 0.009927
12 6 0.020390 0.015370 0.009927
12 7 0.020538 0.015370 0.009927
12 8 0.019504 0.015370 0.009927
12 9 0.019799 0.015370 0.009927
12 10 0.018026 0.015370 0.009927
12 11 0.019208 0.015370 0.009927
12 12 0.018913 0.015370 0.009927
12 13 0.016844 0.015370 0.009927
12 14 0.014923 0.015370 0.009927
12 15 0.012855 0.015370 0.009927
12 16 0.010343 0.015370 0.009927
12 17 0.007535 0.015370 0.009927
12 18 0.005910 0.015370 0.009927
12 19 0.005467 0.015370 0.009927
12 20 0.006944 0.015370 0.009927
13 0 0.014037 0.015370 0.009927
13 1 0.013446 0.015370 0.009927
13 2 0.013741 0.015370 0.009927
13 3 0.016992 0.015370 0.009927
13 4 0.020833 0.015370 0.009927
13 5 0.021572 0.015370 0.009927
13 6 0.021720 0.015370 0.009927
13 7 0.020833 0.015370 0.009927
13 8 0.019947 0.015370 0.009927
13 9 0.019651 0.015370 0.009927
13 10 0.017730 0.015370 0.009927
13 11 0.016548 0.015370 0.009927
13 12 0.015219 0.015370 0.009927
13 13 0.015219 0.015370 0.009927
13 14 0.014037 0.015370 0.009927
13 15 0.011820 0.015370 0.009927
13 16 0.010934 0.015370 0.009927
13 17 0.008570 0.015370 0.009927
13 18 0.006206 0.015370 0.009927
13 19 0.006501 0.015370 0.009927
13 20 0.007092 0.015370 0.009927
14 0 0.016253 0.015370 0.009927
14 1 0.016844 0.015370 0.009927
14 2 0.018617 0.015370 0.009927
14 3 0.020390 0.015370 0.009927
14 4 0.024379 0.015370 0.009927
14 5 0.025857 0.015370 0.009927
14 6 0.023936 0.015370 0.009927
14 7 0.022459 0.015370 0.009927
14 8 0.018322 0.015370 0.009927
14 9 0.017139 0.015370 0.009927
14 10 0.014775 0.015370 0.009927
14 11 0.014923 0.015370 0.009927
14 12 0.015219 0.015370 0.009927
14 13 0.013298 0.015370 0.009927
14 14 0.013298 0.015370 0.009927
14 15 0.012411 0.015370 0.009927
14 16 0.010491 0.015370 0.009927
14 17 0.008865 0.015370 0.009927
14 18 0.006501 0.015370 0.009927
14 19 0.005467 0.015370 0.009927
14 20 0.007240 0.015370 0.009927
15 0 0.019504 0.015370 0.009927
15 1 0.022606 0.015370 0.009927
15 2 0.026596 0.015370 0.009927
15 3 0.028221 0.015370 0.009927
15 4 0.029108 0.015370 0.009927
15 5 0.028960 0.015370 0.009927
15 6 0.026005 0.015370 0.009927
15 7 0.021868 0.015370 0.009927
15 8 0.016548 0.015370 0.009927
15 9 0.014037 0.015370 0.009927
15 10 0.011673 0.015370 0.009927
15 11 0.012116 0.015370 0.009927
15 12 0.012855 0.015370 0.009927
15 13 0.012707 0.015370 0.009927
15 14 0.011525 0.015370 0.009927
15 15 0.009752 0.015370 0.009927
15 16 0.009309 0.015370 0.009927
15 17 0.007388 0.015370 0.009927
15 18 0.006353 0.015370 0.009927
15 19 0.005615 0.015370 0.009927
15 20 0.006206 0.015370 0.009927
16 0 0.026300 0.015370 0.009927
16 1 0.031324 0.015370 0.009927
16 2 0.035313 0.015370 0.009927
16 3 0.037086 0.015370 0.009927
16 4 0.036200 0.015370 0.009927
16 5 0.030585 0.015370 0.009927
16 6 0.024675 0.015370 0.009927
16 7 0.018617 0.015370 0.009927
16 8 0.014332 0.015370 0.009927
16 9 0.012116 0.015370 0.009927
16 10 0.009752 0.015370 0.009927
16 11 0.010047 0.015370 0.009927
16 12 0.009456 0.015370 0.009927
16 13 0.009604 0.015370 0.009927
16 14 0.009752 0.015370 0.009927
16 15 0.008570 0.015370 0.009927
16 16 0.006944 0.015370 0.009927
16 17 0.004876 0.015370 0.009927
16 18 0.004728 0.015370 0.009927
16 19 0.004433 0.015370 0.009927
16 20 0.004728 0.015370 0.009927
17 0 0.032654 0.015370 0.009927
17 1 0.039894 0.015370 0.009927
17 2 0.041814 0.015370 0.009927
17 3 0.040189 0.015370 0.009927
17 4 0.037530 0.015370 0.009927
17 5 0.030290 0.015370 0.009927
17 6 0.020390 0.015370 0.009927
17 7 0.015662 0.015370 0.009927
17 8 0.012855 0.015370 0.009927
17 9 0.009309 0.015370 0.009927
17 10 0.007535 0.015370 0.009927
17 11 0.006206 0.015370 0.009927
17 12 0.008717 0.015370 0.009927
17 13 0.007092 0.015370 0.009927
17 14 0.007092 0.015370 0.009927
17 15 0.005910 0.015370 0.009927
17 16 0.005762 0.015370 0.009927
17 17 0.004137 0.015370 0.009927
17 18 0.002807 0.015370 0.009927
17 19 0.003251 0.015370 0.009927
17 20 0.002660 0.015370 0.009927
18 0 0.035904 0.015370 0.009927
18 1 0.042405 0.015370 0.009927
18 2 0.043440 0.015370 0.009927
18 3 0.042849 0.015370 0.009927
18 4 0.037234 0.015370 0.009927
18 5 0.028221 0.015370 0.009927
18 6 0.018765 0.015370 0.009927
18 7 0.013298 0.015370 0.009927
18 8 0.009309 0.015370 0.009927
18 9 0.007388 0.015370 0.009927
18 10 0.006649 0.015370 0.009927
18 11 0.007388 0.015370 0.009927
18 12 0.007535 0.015370 0.009927
18 13 0.007388 0.015370 0.009927
18 14 0.005762 0.015370 0.009927
18 15 0.004876 0.015370 0.009927
18 16 0.004876 0.015370 0.009927
18 17 0.003842 0.015370 0.009927
18 18 0.002660 0.015370 0.009927
18 19 0.002216 0.015370 0.009927
18 20 0.002955 0.015370 0.009927
19 0 0.038712 0.015370 0.009927
19 1 0.040780 0.015370 0.009927
19 2 0.040337 0.015370 0.009927
19 3 0.039894 0.015370 0.009927
19 4 0.033688 0.015370 0.009927
19 5 0.024970 0.015370 0.009927
19 6 0.018174 0.015370 0.009927
19 7 0.012264 0.015370 0.009927
19 8 0.008422 0.015370 0.009927
19 9 0.007388 0.015370 0.009927
19 10 0.006206 0.015370 0.009927
19 11 0.006797 0.015370 0.009927
19 12 0.007388 0.015370 0.009927
19 13 0.005910 0.015370 0.009927
19 14 0.004876 0.015370 0.009927
19 15 0.003842 0.015370 0.009927
19 16 0.003251 0.015370 0.009927
19 17 0.002364 0.015370 0.009927
19 18 0.002216 0.015370 0.009927
19 19 0.002955 0.015370 0.009927
19 20 0.003842 0.015370 0.009927
20 0 0.031324 0.015370 0.009927
20 1 0.035018 0.015370 0.009927
20 2 0.035165 0.015370 0.009927
20 3 0.031915 0.015370 0.009927
20 4 0.028664 0.015370 0.009927
20 5 0.022459 0.015370 0.009927
20 6 0.014923 0.015370 0.009927
20 7 0.010638 0.015370 0.009927
20 8 0.008865 0.015370 0.009927
20 9 0.008570 0.015370 0.009927
20 10 0.007092 0.015370 0.009927
20 11 0.007535 0.015370 0.009927
20 12 0.007388 0.015370 0.009927
20 13 0.007240 0.015370 0.009927
20 14 0.006797 0.015370 0.009927
20 15 0.005024 0.015370 0.009927
20 16 0.004137 0.015370 0.009927
20 17 0.003694 0.015370 0.009927
20 18 0.004285 0.015370 0.009927
20 19 0.004580 0.015370 0.009927
20 20 0.006058 0.015370 0.009927
