# contact distance = 12.0 Angstroms
# F = 0.4 kJ/mol

# i j contact_probability mean_contact_probability stddev_contact_probability
0 0 0.004860 0.018090 0.010302
0 1 0.003298 0.018090 0.010302
0 2 0.003819 0.018090 0.010302
0 3 0.004513 0.018090 0.010302
0 4 0.005034 0.018090 0.010302
0 5 0.005728 0.018090 0.010302
0 6 0.005381 0.018090 0.010302
0 7 0.005555 0.018090 0.010302
0 8 0.006249 0.018090 0.010302
0 9 0.005555 0.018090 0.010302
0 10 0.007811 0.018090 0.010302
0 11 0.008853 0.018090 0.010302
0 12 0.009547 0.018090 0.010302
0 13 0.011109 0.018090 0.010302
0 14 0.013539 0.018090 0.010302
0 15 0.019441 0.018090 0.010302
0 16 0.026558 0.018090 0.010302
0 17 0.031592 0.018090 0.010302
0 18 0.036278 0.018090 0.010302
0 19 0.038014 0.018090 0.010302
0 20 0.036452 0.018090 0.010302
1 0 0.003298 0.018090 0.010302
1 1 0.002083 0.018090 0.010302
1 2 0.002430 0.018090 0.010302
1 3 0.004166 0.018090 0.010302
1 4 0.004340 0.018090 0.010302
1 5 0.005034 0.018090 0.010302
1 6 0.005034 0.018090 0.010302
1 7 0.004340 0.018090 0.010302
1 8 0.005381 0.018090 0.010302
1 9 0.006770 0.018090 0.010302
1 10 0.007464 0.018090 0.010302
1 11 0.008853 0.018090 0.010302
1 12 0.009373 0.018090 0.010302
1 13 0.010762 0.018090 0.010302
1 14 0.014581 0.018090 0.010302
1 15 0.021698 0.018090 0.010302
1 16 0.027773 0.018090 0.010302
1 17 0.035237 0.018090 0.010302
1 18 0.040271 0.018090 0.010302
1 19 0.042180 0.018090 0.010302
1 20 0.039403 0.018090 0.010302
2 0 0.002951 0.018090 0.010302
2 1 0.002430 0.018090 0.010302
2 2 0.002777 0.018090 0.010302
2 3 0.002430 0.018090 0.010302
2 4 0.003645 0.018090 0.010302
2 5 0.005728 0.018090 0.010302
2 6 0.004860 0.018090 0.010302
2 7 0.005381 0.018090 0.010302
2 8 0.005381 0.018090 0.010302
2 9 0.005902 0.018090 0.010302
2 10 0.007464 0.018090 0.010302
2 11 0.007985 0.018090 0.010302
2 12 0.009373 0.018090 0.010302
2 13 0.012498 0.018090 0.010302
2 14 0.018920 0.018090 0.010302
2 15 0.023260 0.018090 0.010302
2 16 0.029162 0.018090 0.010302
2 17 0.036973 0.018090 0.010302
2 18 0.041659 0.018090 0.010302
2 19 0.044090 0.018090 0.010302
2 20 0.040444 0.018090 0.010302
3 0 0.003819 0.018090 0.010302
3 1 0.002777 0.018090 0.010302
3 2 0.002777 0.018090 0.010302
3 3 0.003645 0.018090 0.010302
3 4 0.004340 0.018090 0.010302
3 5 0.004860 0.018090 0.010302
3 6 0.005902 0.018090 0.010302
3 7 0.006596 0.018090 0.010302
3 8 0.006943 0.018090 0.010302
3 9 0.008158 0.018090 0.010302
3 10 0.008332 0.018090 0.010302
3 11 0.009200 0.018090 0.010302
3 12 0.012498 0.018090 0.010302
3 13 0.014060 0.018090 0.010302
3 14 0.019788 0.018090 0.010302
3 15 0.026211 0.018090 0.010302
3 16 0.032807 0.018090 0.010302
3 17 0.036799 0.018090 0.010302
3 18 0.039576 0.018090 0.010302
3 19 0.038535 0.018090 0.010302
3 20 0.035931 0.018090 0.010302
4 0 0.005034 0.018090 0.010302
4 1 0.003819 0.018090 0.010302
4 2 0.003124 0.018090 0.010302
4 3 0.005034 0.018090 0.010302
4 4 0.005902 0.018090 0.010302
4 5 0.005728 0.018090 0.010302
4 6 0.005902 0.018090 0.010302
4 7 0.007464 0.018090 0.010302
4 8 0.007464 0.018090 0.010302
4 9 0.008679 0.018090 0.010302
4 10 0.009894 0.018090 0.010302
4 11 0.009373 0.018090 0.010302
4 12 0.013713 0.018090 0.010302
4 13 0.016490 0.018090 0.010302
4 14 0.021350 0.018090 0.010302
4 15 0.028814 0.018090 0.010302
4 16 0.033675 0.018090 0.010302
4 17 0.035411 0.018090 0.010302
4 18 0.034543 0.018090 0.010302
4 19 0.033501 0.018090 0.010302
4 20 0.031071 0.018090 0.010302
5 0 0.006422 0.018090 0.010302
5 1 0.006422 0.018090 0.010302
5 2 0.005207 0.018090 0.010302
5 3 0.005902 0.018090 0.010302
5 4 0.007985 0.018090 0.010302
5 5 0.007985 0.018090 0.010302
5 6 0.007290 0.018090 0.010302
5 7 0.007985 0.018090 0.010302
5 8 0.008158 0.018090 0.010302
5 9 0.009894 0.018090 0.010302
5 10 0.011630 0.018090 0.010302
5 11 0.014234 0.018090 0.010302
5 12 0.016837 0.018090 0.010302
5 13 0.019267 0.018090 0.010302
5 14 0.023607 0.018090 0.010302
5 15 0.028641 0.018090 0.010302
5 16 0.031939 0.018090 0.010302
5 17 0.033328 0.018090 0.010302
5 18 0.030897 0.018090 0.010302
5 19 0.026731 0.018090 0.010302
5 20 0.027079 0.018090 0.010302
6 0 0.006943 0.018090 0.010302
6 1 0.006249 0.018090 0.010302
6 2 0.006422 0.018090 0.010302
6 3 0.008332 0.018090 0.010302
6 4 0.008679 0.018090 0.010302
6 5 0.008679 0.018090 0.010302
6 6 0.007464 0.018090 0.010302
6 7 0.008158 0.018090 0.010302
6 8 0.009547 0.018090 0.010302
6 9 0.009547 0.018090 0.010302
6 10 0.012498 0.018090 0.010302
6 11 0.016837 0.018090 0.010302
6 12 0.018226 0.018090 0.010302
6 13 0.022739 0.018090 0.010302
6 14 0.026731 0.018090 0.010302
6 15 0.028120 0.018090 0.010302
6 16 0.030897 0.018090 0.010302
6 17 0.033848 0.018090 0.010302
6 18 0.029856 0.018090 0.010302
6 19 0.024996 0.018090 0.010302
6 20 0.022045 0.018090 0.010302
7 0 0.006770 0.018090 0.010302
7 1 0.005728 0.018090 0.010302
7 2 0.006249 0.018090 0.010302
7 3 0.007811 0.018090 0.010302
7 4 0.007464 0.018090 0.010302
7 5 0.009026 0.018090 0.010302
7 6 0.009373 0.018090 0.010302
7 7 0.009200 0.018090 0.010302
7 8 0.008853 0.018090 0.010302
7 9 0.010936 0.018090 0.010302
7 10 0.015449 0.018090 0.010302
7 11 0.019094 0.018090 0.010302
7 12 0.022045 0.018090 0.010302
7 13 0.024128 0.018090 0.010302
7 14 0.028294 0.018090 0.010302
7 15 0.030030 0.018090 0.010302
7 16 0.027947 0.018090 0.010302
7 17 0.029856 0.018090 0.010302
7 18 0.025690 0.018090 0.010302
7 19 0.024648 0.018090 0.010302
7 20 0.021350 0.018090 0.010302
8 0 0.006943 0.018090 0.010302
8 1 0.004166 0.018090 0.010302
8 2 0.003819 0.018090 0.010302
8 3 0.006249 0.018090 0.010302
8 4 0.007464 0.018090 0.010302
8 5 0.007638 0.018090 0.010302
8 6 0.009200 0.018090 0.010302
8 7 0.010241 0.018090 0.010302
8 8 0.010415 0.018090 0.010302
8 9 0.012671 0.018090 0.010302
8 10 0.015449 0.018090 0.010302
8 11 0.019788 0.018090 0.010302
8 12 0.022566 0.018090 0.010302
8 13 0.026558 0.018090 0.010302
8 14 0.027079 0.018090 0.010302
8 15 0.028294 0.018090 0.010302
8 16 0.026905 0.018090 0.010302
8 17 0.026211 0.018090 0.010302
8 18 0.024996 0.018090 0.010302
8 19 0.022739 0.018090 0.010302
8 20 0.019962 0.018090 0.010302
9 0 0.006770 0.018090 0.010302
9 1 0.006075 0.018090 0.010302
9 2 0.004860 0.018090 0.010302
9 3 0.006422 0.018090 0.010302
9 4 0.008158 0.018090 0.010302
9 5 0.010068 0.018090 0.010302
9 6 0.011283 0.018090 0.010302
9 7 0.011977 0.018090 0.010302
9 8 0.012845 0.018090 0.010302
9 9 0.013713 0.018090 0.010302
9 10 0.014407 0.018090 0.010302
9 11 0.019441 0.018090 0.010302
9 12 0.021698 0.018090 0.010302
9 13 0.026731 0.018090 0.010302
9 14 0.026731 0.018090 0.010302
9 15 0.026558 0.018090 0.010302
9 16 0.024996 0.018090 0.010302
9 17 0.023086 0.018090 0.010302
9 18 0.021350 0.018090 0.010302
9 19 0.020483 0.018090 0.010302
9 20 0.019094 0.018090 0.010302
10 0 0.006943 0.018090 0.010302
10 1 0.007117 0.018090 0.010302
10 2 0.006596 0.018090 0.010302
10 3 0.007290 0.018090 0.010302
10 4 0.009721 0.018090 0.010302
10 5 0.012498 0.018090 0.010302
10 6 0.011283 0.018090 0.010302
10 7 0.013539 0.018090 0.010302
10 8 0.015796 0.018090 0.010302
10 9 0.017185 0.018090 0.010302
10 10 0.020830 0.018090 0.010302
10 11 0.021871 0.018090 0.010302
10 12 0.026211 0.018090 0.010302
10 13 0.026558 0.018090 0.010302
10 14 0.027079 0.018090 0.010302
10 15 0.025690 0.018090 0.010302
10 16 0.025690 0.018090 0.010302
10 17 0.022218 0.018090 0.010302
10 18 0.020135 0.018090 0.010302
10 19 0.018920 0.018090 0.010302
10 20 0.016143 0.018090 0.010302
11 0 0.008332 0.018090 0.010302
11 1 0.008853 0.018090 0.010302
11 2 0.008158 0.018090 0.010302
11 3 0.008853 0.018090 0.010302
11 4 0.012498 0.018090 0.010302
11 5 0.014407 0.018090 0.010302
11 6 0.014060 0.018090 0.010302
11 7 0.013886 0.018090 0.010302
11 8 0.018052 0.018090 0.010302
11 9 0.018226 0.018090 0.010302
11 10 0.021524 0.018090 0.010302
11 11 0.024128 0.018090 0.010302
11 12 0.027252 0.018090 0.010302
11 13 0.029509 0.018090 0.010302
11 14 0.030550 0.018090 0.010302
11 15 0.029162 0.018090 0.010302
11 16 0.026905 0.018090 0.010302
11 17 0.021524 0.018090 0.010302
11 18 0.019441 0.018090 0.010302
11 19 0.018573 0.018090 0.010302
11 20 0.015275 0.018090 0.010302
12 0 0.009894 0.018090 0.010302
12 1 0.008505 0.018090 0.010302
12 2 0.009547 0.018090 0.010302
12 3 0.011456 0.018090 0.010302
12 4 0.012151 0.018090 0.010302
12 5 0.016837 0.018090 0.010302
12 6 0.019094 0.018090 0.010302
12 7 0.019441 0.018090 0.010302
12 8 0.020135 0.018090 0.010302
12 9 0.020830 0.018090 0.010302
12 10 0.025690 0.018090 0.010302
12 11 0.028120 0.018090 0.010302
12 12 0.029162 0.018090 0.010302
12 13 0.030203 0.018090 0.010302
12 14 0.032460 0.018090 0.010302
12 15 0.030377 0.018090 0.010302
12 16 0.023781 0.018090 0.010302
12 17 0.019615 0.018090 0.010302
12 18 0.017358 0.018090 0.010302
12 19 0.013886 0.018090 0.010302
12 20 0.013886 0.018090 0.010302
13 0 0.009894 0.018090 0.010302
13 1 0.008679 0.018090 0.010302
13 2 0.010936 0.018090 0.010302
13 3 0.012498 0.018090 0.010302
13 4 0.015622 0.018090 0.010302
13 5 0.017879 0.018090 0.010302
13 6 0.019962 0.018090 0.010302
13 7 0.021871 0.018090 0.010302
13 8 0.022045 0.018090 0.010302
13 9 0.024822 0.018090 0.010302
13 10 0.028120 0.018090 0.010302
13 11 0.030724 0.018090 0.010302
13 12 0.031592 0.018090 0.010302
13 13 0.030550 0.018090 0.010302
13 14 0.029509 0.018090 0.010302
13 15 0.028120 0.018090 0.010302
13 16 0.024822 0.018090 0.010302
13 17 0.018573 0.018090 0.010302
13 18 0.014928 0.018090 0.010302
13 19 0.011804 0.018090 0.010302
13 20 0.012151 0.018090 0.010302
14 0 0.013019 0.018090 0.010302
14 1 0.012671 0.018090 0.010302
14 2 0.012324 0.018090 0.010302
14 3 0.016490 0.018090 0.010302
14 4 0.018400 0.018090 0.010302
14 5 0.019962 0.018090 0.010302
14 6 0.022045 0.018090 0.010302
14 7 0.023086 0.018090 0.010302
14 8 0.025169 0.018090 0.010302
14 9 0.029335 0.018090 0.010302
14 10 0.030897 0.018090 0.010302
14 11 0.034022 0.018090 0.010302
14 12 0.034195 0.018090 0.010302
14 13 0.032286 0.018090 0.010302
14 14 0.030550 0.018090 0.010302
14 15 0.027773 0.018090 0.010302
14 16 0.023260 0.018090 0.010302
14 17 0.017358 0.018090 0.010302
14 18 0.012671 0.018090 0.010302
14 19 0.011283 0.018090 0.010302
14 20 0.010068 0.018090 0.010302
15 0 0.016837 0.018090 0.010302
15 1 0.016143 0.018090 0.010302
15 2 0.018052 0.018090 0.010302
15 3 0.018920 0.018090 0.010302
15 4 0.021524 0.018090 0.010302
15 5 0.022392 0.018090 0.010302
15 6 0.023260 0.018090 0.010302
15 7 0.025343 0.018090 0.010302
15 8 0.028814 0.018090 0.010302
15 9 0.031071 0.018090 0.010302
15 10 0.033848 0.018090 0.010302
15 11 0.031939 0.018090 0.010302
15 12 0.031939 0.018090 0.010302
15 13 0.027773 0.018090 0.010302
15 14 0.025864 0.018090 0.010302
15 15 0.022913 0.018090 0.010302
15 16 0.019788 0.018090 0.010302
15 17 0.011804 0.018090 0.010302
15 18 0.009200 0.018090 0.010302
15 19 0.008505 0.018090 0.010302
15 20 0.007638 0.018090 0.010302
16 0 0.022566 0.018090 0.010302
16 1 0.023781 0.018090 0.010302
16 2 0.024301 0.018090 0.010302
16 3 0.026211 0.018090 0.010302
16 4 0.026558 0.018090 0.010302
16 5 0.025516 0.018090 0.010302
16 6 0.023954 0.018090 0.010302
16 7 0.026731 0.018090 0.010302
16 8 0.028294 0.018090 0.010302
16 9 0.029856 0.018090 0.010302
16 10 0.031592 0.018090 0.010302
16 11 0.029509 0.018090 0.010302
16 12 0.028988 0.018090 0.010302
16 13 0.025516 0.018090 0.010302
16 14 0.024301 0.018090 0.010302
16 15 0.020135 0.018090 0.010302
16 16 0.016317 0.018090 0.010302
16 17 0.011283 0.018090 0.010302
16 18 0.007464 0.018090 0.010302
16 19 0.005902 0.018090 0.010302
16 20 0.005728 0.018090 0.010302
17 0 0.026558 0.018090 0.010302
17 1 0.030724 0.018090 0.010302
17 2 0.034543 0.018090 0.010302
17 3 0.035237 0.018090 0.010302
17 4 0.030724 0.018090 0.010302
17 5 0.029162 0.018090 0.010302
17 6 0.028988 0.018090 0.010302
17 7 0.025864 0.018090 0.010302
17 8 0.027252 0.018090 0.010302
17 9 0.028641 0.018090 0.010302
17 10 0.026558 0.018090 0.010302
17 11 0.025690 0.018090 0.010302
17 12 0.026905 0.018090 0.010302
17 13 0.022566 0.018090 0.010302
17 14 0.020656 0.018090 0.010302
17 15 0.016837 0.018090 0.010302
17 16 0.013366 0.018090 0.010302
17 17 0.008853 0.018090 0.010302
17 18 0.006249 0.018090 0.010302
17 19 0.004687 0.018090 0.010302
17 20 0.005555 0.018090 0.010302
18 0 0.030377 0.018090 0.010302
18 1 0.036973 0.018090 0.010302
18 2 0.038535 0.018090 0.010302
18 3 0.038361 0.018090 0.010302
18 4 0.033154 0.018090 0.010302
18 5 0.030203 0.018090 0.010302
18 6 0.027252 0.018090 0.010302
18 7 0.026037 0.018090 0.010302
18 8 0.025169 0.018090 0.010302
18 9 0.026211 0.018090 0.010302
18 10 0.024301 0.018090 0.010302
18 11 0.025516 0.018090 0.010302
18 12 0.022218 0.018090 0.010302
18 13 0.022218 0.018090 0.010302
18 14 0.016664 0.018090 0.010302
18 15 0.012498 0.018090 0.010302
18 16 0.011283 0.018090 0.010302
18 17 0.007464 0.018090 0.010302
18 18 0.004513 0.018090 0.010302
18 19 0.003992 0.018090 0.010302
18 20 0.004166 0.018090 0.010302
19 0 0.032980 0.018090 0.010302
19 1 0.038361 0.018090 0.010302
19 2 0.040444 0.018090 0.010302
19 3 0.037320 0.018090 0.010302
19 4 0.034022 0.018090 0.010302
19 5 0.026905 0.018090 0.010302
19 6 0.023954 0.018090 0.010302
19 7 0.023781 0.018090 0.010302
19 8 0.022392 0.018090 0.010302
19 9 0.021524 0.018090 0.010302
19 10 0.019615 0.018090 0.010302
19 11 0.018747 0.018090 0.010302
19 12 0.016143 0.018090 0.010302
19 13 0.015622 0.018090 0.010302
19 14 0.014060 0.018090 0.010302
19 15 0.010936 0.018090 0.010302
19 16 0.008853 0.018090 0.010302
19 17 0.005902 0.018090 0.010302
19 18 0.003645 0.018090 0.010302
19 19 0.004166 0.018090 0.010302
19 20 0.006075 0.018090 0.010302
20 0 0.030377 0.018090 0.010302
20 1 0.034369 0.018090 0.010302
20 2 0.035584 0.018090 0.010302
20 3 0.033328 0.018090 0.010302
20 4 0.031245 0.018090 0.010302
20 5 0.025343 0.018090 0.010302
20 6 0.023433 0.018090 0.010302
20 7 0.020309 0.018090 0.010302
20 8 0.018052 0.018090 0.010302
20 9 0.019441 0.018090 0.010302
20 10 0.017011 0.018090 0.010302
20 11 0.015622 0.018090 0.010302
20 12 0.015796 0.018090 0.010302
20 13 0.012324 0.018090 0.010302
20 14 0.012671 0.018090 0.010302
20 15 0.010068 0.018090 0.010302
20 16 0.008679 0.018090 0.010302
20 17 0.006943 0.018090 0.010302
20 18 0.005902 0.018090 0.010302
20 19 0.003992 0.018090 0.010302
20 20 0.005381 0.018090 0.010302
