# contact distance = 12.0 Angstroms
# F = 0.4 kJ/mol

# i j contact_probability mean_contact_probability stddev_contact_probability
0 0 0.003942 0.015598 0.009511
0 1 0.002628 0.015598 0.009511
0 2 0.001971 0.015598 0.009511
0 3 0.002299 0.015598 0.009511
0 4 0.002956 0.015598 0.009511
0 5 0.004106 0.015598 0.009511
0 6 0.004598 0.015598 0.009511
0 7 0.004763 0.015598 0.009511
0 8 0.006733 0.015598 0.009511
0 9 0.006077 0.015598 0.009511
0 10 0.006898 0.015598 0.009511
0 11 0.007719 0.015598 0.009511
0 12 0.010347 0.015598 0.009511
0 13 0.009854 0.015598 0.009511
0 14 0.014124 0.015598 0.009511
0 15 0.020529 0.015598 0.009511
0 16 0.027591 0.015598 0.009511
0 17 0.030383 0.015598 0.009511
0 18 0.029069 0.015598 0.009511
0 19 0.028412 0.015598 0.009511
0 20 0.025620 0.015598 0.009511
1 0 0.002463 0.015598 0.009511
1 1 0.002463 0.015598 0.009511
1 2 0.000985 0.015598 0.009511
1 3 0.001314 0.015598 0.009511
1 4 0.002299 0.015598 0.009511
1 5 0.002792 0.015598 0.009511
1 6 0.003613 0.015598 0.009511
1 7 0.003942 0.015598 0.009511
1 8 0.004434 0.015598 0.009511
1 9 0.003942 0.015598 0.009511
1 10 0.005420 0.015598 0.009511
1 11 0.008047 0.015598 0.009511
1 12 0.009197 0.015598 0.009511
1 13 0.011332 0.015598 0.009511
1 14 0.017080 0.015598 0.009511
1 15 0.022171 0.015598 0.009511
1 16 0.031697 0.015598 0.009511
1 17 0.036295 0.015598 0.009511
1 18 0.036788 0.015598 0.009511
1 19 0.034324 0.015598 0.009511
1 20 0.027755 0.015598 0.009511
2 0 0.003285 0.015598 0.009511
2 1 0.001150 0.015598 0.009511
2 2 0.000821 0.015598 0.009511
2 3 0.000985 0.015598 0.009511
2 4 0.001642 0.015598 0.009511
2 5 0.002135 0.015598 0.009511
2 6 0.002792 0.015598 0.009511
2 7 0.003120 0.015598 0.009511
2 8 0.003613 0.015598 0.009511
2 9 0.004434 0.015598 0.009511
2 10 0.005420 0.015598 0.009511
2 11 0.006405 0.015598 0.009511
2 12 0.008704 0.015598 0.009511
2 13 0.011825 0.015598 0.009511
2 14 0.018065 0.015598 0.009511
2 15 0.025948 0.015598 0.009511
2 16 0.033503 0.015598 0.009511
2 17 0.038430 0.015598 0.009511
2 18 0.037937 0.015598 0.009511
2 19 0.033175 0.015598 0.009511
2 20 0.027919 0.015598 0.009511
3 0 0.002463 0.015598 0.009511
3 1 0.001971 0.015598 0.009511
3 2 0.001150 0.015598 0.009511
3 3 0.000821 0.015598 0.009511
3 4 0.001478 0.015598 0.009511
3 5 0.001971 0.015598 0.009511
3 6 0.003449 0.015598 0.009511
3 7 0.003613 0.015598 0.009511
3 8 0.004927 0.015598 0.009511
3 9 0.005584 0.015598 0.009511
3 10 0.006733 0.015598 0.009511
3 11 0.007883 0.015598 0.009511
3 12 0.010018 0.015598 0.009511
3 13 0.012646 0.015598 0.009511
3 14 0.019051 0.015598 0.009511
3 15 0.027755 0.015598 0.009511
3 16 0.033831 0.015598 0.009511
3 17 0.037445 0.015598 0.009511
3 18 0.036623 0.015598 0.009511
3 19 0.031697 0.015598 0.009511
3 20 0.027427 0.015598 0.009511
4 0 0.002956 0.015598 0.009511
4 1 0.002628 0.015598 0.009511
4 2 0.001642 0.015598 0.009511
4 3 0.001150 0.015598 0.009511
4 4 0.001971 0.015598 0.009511
4 5 0.003285 0.015598 0.009511
4 6 0.004270 0.015598 0.009511
4 7 0.005584 0.015598 0.009511
4 8 0.006405 0.015598 0.009511
4 9 0.007062 0.015598 0.009511
4 10 0.009361 0.015598 0.009511
4 11 0.010347 0.015598 0.009511
4 12 0.010839 0.015598 0.009511
4 13 0.015766 0.015598 0.009511
4 14 0.020036 0.015598 0.009511
4 15 0.026441 0.015598 0.009511
4 16 0.033010 0.015598 0.009511
4 17 0.035310 0.015598 0.009511
4 18 0.031697 0.015598 0.009511
4 19 0.028083 0.015598 0.009511
4 20 0.023813 0.015598 0.009511
5 0 0.003613 0.015598 0.009511
5 1 0.003120 0.015598 0.009511
5 2 0.002792 0.015598 0.009511
5 3 0.003120 0.015598 0.009511
5 4 0.002792 0.015598 0.009511
5 5 0.005255 0.015598 0.009511
5 6 0.005748 0.015598 0.009511
5 7 0.008540 0.015598 0.009511
5 8 0.009197 0.015598 0.009511
5 9 0.011825 0.015598 0.009511
5 10 0.011660 0.015598 0.009511
5 11 0.013795 0.015598 0.009511
5 12 0.015109 0.015598 0.009511
5 13 0.019543 0.015598 0.009511
5 14 0.022007 0.015598 0.009511
5 15 0.025784 0.015598 0.009511
5 16 0.029890 0.015598 0.009511
5 17 0.031040 0.015598 0.009511
5 18 0.027755 0.015598 0.009511
5 19 0.024799 0.015598 0.009511
5 20 0.021678 0.015598 0.009511
6 0 0.006241 0.015598 0.009511
6 1 0.004434 0.015598 0.009511
6 2 0.003120 0.015598 0.009511
6 3 0.003120 0.015598 0.009511
6 4 0.003613 0.015598 0.009511
6 5 0.006569 0.015598 0.009511
6 6 0.006898 0.015598 0.009511
6 7 0.009525 0.015598 0.009511
6 8 0.010839 0.015598 0.009511
6 9 0.013467 0.015598 0.009511
6 10 0.016916 0.015598 0.009511
6 11 0.017408 0.015598 0.009511
6 12 0.018065 0.015598 0.009511
6 13 0.022007 0.015598 0.009511
6 14 0.023813 0.015598 0.009511
6 15 0.024635 0.015598 0.009511
6 16 0.025784 0.015598 0.009511
6 17 0.024306 0.015598 0.009511
6 18 0.023157 0.015598 0.009511
6 19 0.019543 0.015598 0.009511
6 20 0.019051 0.015598 0.009511
7 0 0.006405 0.015598 0.009511
7 1 0.005584 0.015598 0.009511
7 2 0.004598 0.015598 0.009511
7 3 0.005091 0.015598 0.009511
7 4 0.006077 0.015598 0.009511
7 5 0.007390 0.015598 0.009511
7 6 0.008540 0.015598 0.009511
7 7 0.011825 0.015598 0.009511
7 8 0.014781 0.015598 0.009511
7 9 0.016423 0.015598 0.009511
7 10 0.018394 0.015598 0.009511
7 11 0.019708 0.015598 0.009511
7 12 0.021350 0.015598 0.009511
7 13 0.022992 0.015598 0.009511
7 14 0.023813 0.015598 0.009511
7 15 0.024635 0.015598 0.009511
7 16 0.023649 0.015598 0.009511
7 17 0.020857 0.015598 0.009511
7 18 0.018722 0.015598 0.009511
7 19 0.016752 0.015598 0.009511
7 20 0.015930 0.015598 0.009511
8 0 0.006569 0.015598 0.009511
8 1 0.005584 0.015598 0.009511
8 2 0.005420 0.015598 0.009511
8 3 0.005748 0.015598 0.009511
8 4 0.008047 0.015598 0.009511
8 5 0.009525 0.015598 0.009511
8 6 0.012482 0.015598 0.009511
8 7 0.015438 0.015598 0.009511
8 8 0.018065 0.015598 0.009511
8 9 0.019215 0.015598 0.009511
8 10 0.020857 0.015598 0.009511
8 11 0.023157 0.015598 0.009511
8 12 0.022007 0.015598 0.009511
8 13 0.023978 0.015598 0.009511
8 14 0.023321 0.015598 0.009511
8 15 0.020857 0.015598 0.009511
8 16 0.019543 0.015598 0.009511
8 17 0.017901 0.015598 0.009511
8 18 0.015930 0.015598 0.009511
8 19 0.015109 0.015598 0.009511
8 20 0.012810 0.015598 0.009511
9 0 0.007555 0.015598 0.009511
9 1 0.006733 0.015598 0.009511
9 2 0.005748 0.015598 0.009511
9 3 0.007062 0.015598 0.009511
9 4 0.011168 0.015598 0.009511
9 5 0.012974 0.015598 0.009511
9 6 0.015273 0.015598 0.009511
9 7 0.018065 0.015598 0.009511
9 8 0.020857 0.015598 0.009511
9 9 0.021350 0.015598 0.009511
9 10 0.020693 0.015598 0.009511
9 11 0.021678 0.015598 0.009511
9 12 0.022007 0.015598 0.009511
9 13 0.021843 0.015598 0.009511
9 14 0.021022 0.015598 0.009511
9 15 0.019872 0.015598 0.009511
9 16 0.017901 0.015598 0.009511
9 17 0.016587 0.015598 0.009511
9 18 0.014945 0.015598 0.009511
9 19 0.013467 0.015598 0.009511
9 20 0.012153 0.015598 0.009511
10 0 0.008868 0.015598 0.009511
10 1 0.008212 0.015598 0.009511
10 2 0.007719 0.015598 0.009511
10 3 0.010347 0.015598 0.009511
10 4 0.012974 0.015598 0.009511
10 5 0.015273 0.015598 0.009511
10 6 0.017573 0.015598 0.009511
10 7 0.020036 0.015598 0.009511
10 8 0.021022 0.015598 0.009511
10 9 0.021678 0.015598 0.009511
10 10 0.021186 0.015598 0.009511
10 11 0.020365 0.015598 0.009511
10 12 0.018722 0.015598 0.009511
10 13 0.019051 0.015598 0.009511
10 14 0.020693 0.015598 0.009511
10 15 0.020693 0.015598 0.009511
10 16 0.019215 0.015598 0.009511
10 17 0.015438 0.015598 0.009511
10 18 0.013795 0.015598 0.009511
10 19 0.012646 0.015598 0.009511
10 20 0.011003 0.015598 0.009511
11 0 0.009854 0.015598 0.009511
11 1 0.010018 0.015598 0.009511
11 2 0.010018 0.015598 0.009511
11 3 0.011660 0.015598 0.009511
11 4 0.013467 0.015598 0.009511
11 5 0.016752 0.015598 0.009511
11 6 0.018558 0.015598 0.009511
11 7 0.019543 0.015598 0.009511
11 8 0.021514 0.015598 0.009511
11 9 0.022500 0.015598 0.009511
11 10 0.020693 0.015598 0.009511
11 11 0.020036 0.015598 0.009511
11 12 0.020529 0.015598 0.009511
11 13 0.021678 0.015598 0.009511
11 14 0.020693 0.015598 0.009511
11 15 0.019708 0.015598 0.009511
11 16 0.018558 0.015598 0.009511
11 17 0.013631 0.015598 0.009511
11 18 0.011660 0.015598 0.009511
11 19 0.010347 0.015598 0.009511
11 20 0.011168 0.015598 0.009511
12 0 0.012482 0.015598 0.009511
12 1 0.014452 0.015598 0.009511
12 2 0.014945 0.015598 0.009511
12 3 0.014945 0.015598 0.009511
12 4 0.016752 0.015598 0.009511
12 5 0.018722 0.015598 0.009511
12 6 0.020365 0.015598 0.009511
12 7 0.020857 0.015598 0.009511
12 8 0.021514 0.015598 0.009511
12 9 0.019379 0.015598 0.009511
12 10 0.019708 0.015598 0.009511
12 11 0.019379 0.015598 0.009511
12 12 0.020529 0.015598 0.009511
12 13 0.021022 0.015598 0.009511
12 14 0.019379 0.015598 0.009511
12 15 0.017737 0.015598 0.009511
12 16 0.015930 0.015598 0.009511
12 17 0.013960 0.015598 0.009511
12 18 0.011989 0.015598 0.009511
12 19 0.009361 0.015598 0.009511
12 20 0.010511 0.015598 0.009511
13 0 0.012974 0.015598 0.009511
13 1 0.014617 0.015598 0.009511
13 2 0.013138 0.015598 0.009511
13 3 0.016259 0.015598 0.009511
13 4 0.018558 0.015598 0.009511
13 5 0.019543 0.015598 0.009511
13 6 0.020693 0.015598 0.009511
13 7 0.021022 0.015598 0.009511
13 8 0.020365 0.015598 0.009511
13 9 0.021022 0.015598 0.009511
13 10 0.019051 0.015598 0.009511
13 11 0.020529 0.015598 0.009511
13 12 0.019379 0.015598 0.009511
13 13 0.019708 0.015598 0.009511
13 14 0.017901 0.015598 0.009511
13 15 0.015930 0.015598 0.009511
13 16 0.016095 0.015598 0.009511
13 17 0.011825 0.015598 0.009511
13 18 0.010511 0.015598 0.009511
13 19 0.008704 0.015598 0.009511
13 20 0.009361 0.015598 0.009511
14 0 0.016259 0.015598 0.009511
14 1 0.017901 0.015598 0.009511
14 2 0.015930 0.015598 0.009511
14 3 0.019543 0.015598 0.009511
14 4 0.022500 0.015598 0.009511
14 5 0.023485 0.015598 0.009511
14 6 0.023321 0.015598 0.009511
14 7 0.022500 0.015598 0.009511
14 8 0.021843 0.015598 0.009511
14 9 0.020529 0.015598 0.009511
14 10 0.018230 0.015598 0.009511
14 11 0.019051 0.015598 0.009511
14 12 0.017737 0.015598 0.009511
14 13 0.017737 0.015598 0.009511
14 14 0.015273 0.015598 0.009511
14 15 0.013960 0.015598 0.009511
14 16 0.013960 0.015598 0.009511
14 17 0.011168 0.015598 0.009511
14 18 0.010511 0.015598 0.009511
14 19 0.009197 0.015598 0.009511
14 20 0.008047 0.015598 0.009511
15 0 0.022664 0.015598 0.009511
15 1 0.023649 0.015598 0.009511
15 2 0.026113 0.015598 0.009511
15 3 0.028412 0.015598 0.009511
15 4 0.028083 0.015598 0.009511
15 5 0.025948 0.015598 0.009511
15 6 0.024470 0.015598 0.009511
15 7 0.022992 0.015598 0.009511
15 8 0.022171 0.015598 0.009511
15 9 0.018230 0.015598 0.009511
15 10 0.015766 0.015598 0.009511
15 11 0.016423 0.015598 0.009511
15 12 0.017737 0.015598 0.009511
15 13 0.016752 0.015598 0.009511
15 14 0.014288 0.015598 0.009511
15 15 0.010675 0.015598 0.009511
15 16 0.009033 0.015598 0.009511
15 17 0.010182 0.015598 0.009511
15 18 0.008540 0.015598 0.009511
15 19 0.009854 0.015598 0.009511
15 20 0.009197 0.015598 0.009511
16 0 0.029233 0.015598 0.009511
16 1 0.031368 0.015598 0.009511
16 2 0.034981 0.015598 0.009511
16 3 0.036295 0.015598 0.009511
16 4 0.036131 0.015598 0.009511
16 5 0.031204 0.015598 0.009511
16 6 0.028905 0.015598 0.009511
16 7 0.025948 0.015598 0.009511
16 8 0.020200 0.015598 0.009511
16 9 0.017737 0.015598 0.009511
16 10 0.015109 0.015598 0.009511
16 11 0.014617 0.015598 0.009511
16 12 0.014617 0.015598 0.009511
16 13 0.012646 0.015598 0.009511
16 14 0.012482 0.015598 0.009511
16 15 0.009690 0.015598 0.009511
16 16 0.006077 0.015598 0.009511
16 17 0.005584 0.015598 0.009511
16 18 0.005748 0.015598 0.009511
16 19 0.007226 0.015598 0.009511
16 20 0.007883 0.015598 0.009511
17 0 0.033503 0.015598 0.009511
17 1 0.035802 0.015598 0.009511
17 2 0.039087 0.015598 0.009511
17 3 0.039744 0.015598 0.009511
17 4 0.038266 0.015598 0.009511
17 5 0.031532 0.015598 0.009511
17 6 0.028740 0.015598 0.009511
17 7 0.021514 0.015598 0.009511
17 8 0.018722 0.015598 0.009511
17 9 0.016259 0.015598 0.009511
17 10 0.015109 0.015598 0.009511
17 11 0.013795 0.015598 0.009511
17 12 0.010675 0.015598 0.009511
17 13 0.010839 0.015598 0.009511
17 14 0.009690 0.015598 0.009511
17 15 0.007390 0.015598 0.009511
17 16 0.005912 0.015598 0.009511
17 17 0.003942 0.015598 0.009511
17 18 0.003777 0.015598 0.009511
17 19 0.003777 0.015598 0.009511
17 20 0.006405 0.015598 0.009511
18 0 0.033010 0.015598 0.009511
18 1 0.038594 0.015598 0.009511
18 2 0.040236 0.015598 0.009511
18 3 0.041222 0.015598 0.009511
18 4 0.035802 0.015598 0.009511
18 5 0.029890 0.015598 0.009511
18 6 0.024470 0.015598 0.009511
18 7 0.020200 0.015598 0.009511
18 8 0.016752 0.015598 0.009511
18 9 0.012646 0.015598 0.009511
18 10 0.012810 0.015598 0.009511
18 11 0.011168 0.015598 0.009511
18 12 0.008868 0.015598 0.009511
18 13 0.009197 0.015598 0.009511
18 14 0.009033 0.015598 0.009511
18 15 0.007062 0.015598 0.009511
18 16 0.005420 0.015598 0.009511
18 17 0.004106 0.015598 0.009511
18 18 0.004106 0.015598 0.009511
18 19 0.004106 0.015598 0.009511
18 20 0.006405 0.015598 0.009511
19 0 0.031697 0.015598 0.009511
19 1 0.034981 0.015598 0.009511
19 2 0.034981 0.015598 0.009511
19 3 0.035966 0.015598 0.009511
19 4 0.033503 0.015598 0.009511
19 5 0.026605 0.015598 0.009511
19 6 0.022664 0.015598 0.009511
19 7 0.018394 0.015598 0.009511
19 8 0.015273 0.015598 0.009511
19 9 0.013303 0.015598 0.009511
19 10 0.014288 0.015598 0.009511
19 11 0.010675 0.015598 0.009511
19 12 0.008212 0.015598 0.009511
19 13 0.009033 0.015598 0.009511
19 14 0.008540 0.015598 0.009511
19 15 0.006405 0.015598 0.009511
19 16 0.004763 0.015598 0.009511
19 17 0.003777 0.015598 0.009511
19 18 0.003613 0.015598 0.009511
19 19 0.004763 0.015598 0.009511
19 20 0.006077 0.015598 0.009511
20 0 0.028248 0.015598 0.009511
20 1 0.030711 0.015598 0.009511
20 2 0.031532 0.015598 0.009511
20 3 0.030711 0.015598 0.009511
20 4 0.027591 0.015598 0.009511
20 5 0.022992 0.015598 0.009511
20 6 0.020529 0.015598 0.009511
20 7 0.018065 0.015598 0.009511
20 8 0.016095 0.015598 0.009511
20 9 0.013631 0.015598 0.009511
20 10 0.013303 0.015598 0.009511
20 11 0.010675 0.015598 0.009511
20 12 0.008376 0.015598 0.009511
20 13 0.008047 0.015598 0.009511
20 14 0.008540 0.015598 0.009511
20 15 0.006569 0.015598 0.009511
20 16 0.005584 0.015598 0.009511
20 17 0.004434 0.015598 0.009511
20 18 0.004270 0.015598 0.009511
20 19 0.004927 0.015598 0.009511
20 20 0.007062 0.015598 0.009511
