# contact distance = 12.0 Angstroms
# F = 0.4 kJ/mol

# i j contact_probability mean_contact_probability stddev_contact_probability
0 0 0.006481 0.019631 0.010925
0 1 0.004629 0.019631 0.010925
0 2 0.005423 0.019631 0.010925
0 3 0.006613 0.019631 0.010925
0 4 0.007803 0.019631 0.010925
0 5 0.010052 0.019631 0.010925
0 6 0.010184 0.019631 0.010925
0 7 0.010581 0.019631 0.010925
0 8 0.011506 0.019631 0.010925
0 9 0.011903 0.019631 0.010925
0 10 0.011771 0.019631 0.010925
0 11 0.011639 0.019631 0.010925
0 12 0.012564 0.019631 0.010925
0 13 0.014813 0.019631 0.010925
0 14 0.019177 0.019631 0.010925
0 15 0.023277 0.019631 0.010925
0 16 0.031081 0.019631 0.010925
0 17 0.039281 0.019631 0.010925
0 18 0.043381 0.019631 0.010925
0 19 0.045232 0.019631 0.010925
0 20 0.042058 0.019631 0.010925
1 0 0.004497 0.019631 0.010925
1 1 0.003439 0.019631 0.010925
1 2 0.003306 0.019631 0.010925
1 3 0.005026 0.019631 0.010925
1 4 0.005423 0.019631 0.010925
1 5 0.008597 0.019631 0.010925
1 6 0.009523 0.019631 0.010925
1 7 0.011506 0.019631 0.010925
1 8 0.010845 0.019631 0.010925
1 9 0.012564 0.019631 0.010925
1 10 0.013490 0.019631 0.010925
1 11 0.013490 0.019631 0.010925
1 12 0.014681 0.019631 0.010925
1 13 0.016135 0.019631 0.010925
1 14 0.022087 0.019631 0.010925
1 15 0.029758 0.019631 0.010925
1 16 0.036106 0.019631 0.010925
1 17 0.043645 0.019631 0.010925
1 18 0.050390 0.019631 0.010925
1 19 0.050787 0.019631 0.010925
1 20 0.045232 0.019631 0.010925
2 0 0.004894 0.019631 0.010925
2 1 0.004761 0.019631 0.010925
2 2 0.003571 0.019631 0.010925
2 3 0.005423 0.019631 0.010925
2 4 0.005423 0.019631 0.010925
2 5 0.008994 0.019631 0.010925
2 6 0.009787 0.019631 0.010925
2 7 0.010448 0.019631 0.010925
2 8 0.012035 0.019631 0.010925
2 9 0.011903 0.019631 0.010925
2 10 0.014416 0.019631 0.010925
2 11 0.014813 0.019631 0.010925
2 12 0.018913 0.019631 0.010925
2 13 0.019442 0.019631 0.010925
2 14 0.024203 0.019631 0.010925
2 15 0.032271 0.019631 0.010925
2 16 0.038884 0.019631 0.010925
2 17 0.045232 0.019631 0.010925
2 18 0.049597 0.019631 0.010925
2 19 0.047877 0.019631 0.010925
2 20 0.042719 0.019631 0.010925
3 0 0.007010 0.019631 0.010925
3 1 0.006745 0.019631 0.010925
3 2 0.005290 0.019631 0.010925
3 3 0.005819 0.019631 0.010925
3 4 0.007803 0.019631 0.010925
3 5 0.010052 0.019631 0.010925
3 6 0.011242 0.019631 0.010925
3 7 0.012961 0.019631 0.010925
3 8 0.013623 0.019631 0.010925
3 9 0.013490 0.019631 0.010925
3 10 0.015474 0.019631 0.010925
3 11 0.018384 0.019631 0.010925
3 12 0.021823 0.019631 0.010925
3 13 0.023013 0.019631 0.010925
3 14 0.027774 0.019631 0.010925
3 15 0.032403 0.019631 0.010925
3 16 0.036106 0.019631 0.010925
3 17 0.042058 0.019631 0.010925
3 18 0.041926 0.019631 0.010925
3 19 0.042322 0.019631 0.010925
3 20 0.037693 0.019631 0.010925
4 0 0.007803 0.019631 0.010925
4 1 0.007274 0.019631 0.010925
4 2 0.006745 0.019631 0.010925
4 3 0.008200 0.019631 0.010925
4 4 0.010184 0.019631 0.010925
4 5 0.012035 0.019631 0.010925
4 6 0.013887 0.019631 0.010925
4 7 0.014548 0.019631 0.010925
4 8 0.015606 0.019631 0.010925
4 9 0.016268 0.019631 0.010925
4 10 0.017855 0.019631 0.010925
4 11 0.020368 0.019631 0.010925
4 12 0.024203 0.019631 0.010925
4 13 0.025790 0.019631 0.010925
4 14 0.028964 0.019631 0.010925
4 15 0.031874 0.019631 0.010925
4 16 0.034519 0.019631 0.010925
4 17 0.032932 0.019631 0.010925
4 18 0.034652 0.019631 0.010925
4 19 0.034255 0.019631 0.010925
4 20 0.031874 0.019631 0.010925
5 0 0.008994 0.019631 0.010925
5 1 0.009126 0.019631 0.010925
5 2 0.008332 0.019631 0.010925
5 3 0.011242 0.019631 0.010925
5 4 0.012035 0.019631 0.010925
5 5 0.013358 0.019631 0.010925
5 6 0.013755 0.019631 0.010925
5 7 0.015871 0.019631 0.010925
5 8 0.016797 0.019631 0.010925
5 9 0.017458 0.019631 0.010925
5 10 0.017987 0.019631 0.010925
5 11 0.024203 0.019631 0.010925
5 12 0.025922 0.019631 0.010925
5 13 0.027377 0.019631 0.010925
5 14 0.029890 0.019631 0.010925
5 15 0.029626 0.019631 0.010925
5 16 0.028303 0.019631 0.010925
5 17 0.028700 0.019631 0.010925
5 18 0.027642 0.019631 0.010925
5 19 0.027774 0.019631 0.010925
5 20 0.025393 0.019631 0.010925
6 0 0.009523 0.019631 0.010925
6 1 0.009523 0.019631 0.010925
6 2 0.009390 0.019631 0.010925
6 3 0.010845 0.019631 0.010925
6 4 0.012168 0.019631 0.010925
6 5 0.013755 0.019631 0.010925
6 6 0.013887 0.019631 0.010925
6 7 0.015606 0.019631 0.010925
6 8 0.018119 0.019631 0.010925
6 9 0.018119 0.019631 0.010925
6 10 0.019971 0.019631 0.010925
6 11 0.024600 0.019631 0.010925
6 12 0.027245 0.019631 0.010925
6 13 0.028832 0.019631 0.010925
6 14 0.028435 0.019631 0.010925
6 15 0.027906 0.019631 0.010925
6 16 0.022748 0.019631 0.010925
6 17 0.022219 0.019631 0.010925
6 18 0.021558 0.019631 0.010925
6 19 0.020764 0.019631 0.010925
6 20 0.019574 0.019631 0.010925
7 0 0.010316 0.019631 0.010925
7 1 0.009919 0.019631 0.010925
7 2 0.008994 0.019631 0.010925
7 3 0.011374 0.019631 0.010925
7 4 0.013358 0.019631 0.010925
7 5 0.012961 0.019631 0.010925
7 6 0.014416 0.019631 0.010925
7 7 0.015210 0.019631 0.010925
7 8 0.018516 0.019631 0.010925
7 9 0.020103 0.019631 0.010925
7 10 0.023410 0.019631 0.010925
7 11 0.024732 0.019631 0.010925
7 12 0.027906 0.019631 0.010925
7 13 0.028171 0.019631 0.010925
7 14 0.027510 0.019631 0.010925
7 15 0.025526 0.019631 0.010925
7 16 0.022352 0.019631 0.010925
7 17 0.018781 0.019631 0.010925
7 18 0.017193 0.019631 0.010925
7 19 0.015342 0.019631 0.010925
7 20 0.016268 0.019631 0.010925
8 0 0.011110 0.019631 0.010925
8 1 0.010184 0.019631 0.010925
8 2 0.010581 0.019631 0.010925
8 3 0.011903 0.019631 0.010925
8 4 0.014416 0.019631 0.010925
8 5 0.015210 0.019631 0.010925
8 6 0.016400 0.019631 0.010925
8 7 0.018648 0.019631 0.010925
8 8 0.020897 0.019631 0.010925
8 9 0.023542 0.019631 0.010925
8 10 0.026187 0.019631 0.010925
8 11 0.025790 0.019631 0.010925
8 12 0.025790 0.019631 0.010925
8 13 0.026187 0.019631 0.010925
8 14 0.025261 0.019631 0.010925
8 15 0.022087 0.019631 0.010925
8 16 0.019045 0.019631 0.010925
8 17 0.017193 0.019631 0.010925
8 18 0.014548 0.019631 0.010925
8 19 0.012432 0.019631 0.010925
8 20 0.012829 0.019631 0.010925
9 0 0.012035 0.019631 0.010925
9 1 0.012168 0.019631 0.010925
9 2 0.012564 0.019631 0.010925
9 3 0.013887 0.019631 0.010925
9 4 0.017458 0.019631 0.010925
9 5 0.017987 0.019631 0.010925
9 6 0.019177 0.019631 0.010925
9 7 0.020897 0.019631 0.010925
9 8 0.023542 0.019631 0.010925
9 9 0.025658 0.019631 0.010925
9 10 0.026848 0.019631 0.010925
9 11 0.026452 0.019631 0.010925
9 12 0.026319 0.019631 0.010925
9 13 0.026848 0.019631 0.010925
9 14 0.026187 0.019631 0.010925
9 15 0.024203 0.019631 0.010925
9 16 0.018913 0.019631 0.010925
9 17 0.015606 0.019631 0.010925
9 18 0.012829 0.019631 0.010925
9 19 0.010845 0.019631 0.010925
9 20 0.012035 0.019631 0.010925
10 0 0.012961 0.019631 0.010925
10 1 0.014152 0.019631 0.010925
10 2 0.014019 0.019631 0.010925
10 3 0.015739 0.019631 0.010925
10 4 0.018913 0.019631 0.010925
10 5 0.019839 0.019631 0.010925
10 6 0.021690 0.019631 0.010925
10 7 0.024335 0.019631 0.010925
10 8 0.024732 0.019631 0.010925
10 9 0.027774 0.019631 0.010925
10 10 0.029361 0.019631 0.010925
10 11 0.027377 0.019631 0.010925
10 12 0.026981 0.019631 0.010925
10 13 0.025922 0.019631 0.010925
10 14 0.024864 0.019631 0.010925
10 15 0.022881 0.019631 0.010925
10 16 0.018516 0.019631 0.010925
10 17 0.015739 0.019631 0.010925
10 18 0.012300 0.019631 0.010925
10 19 0.010713 0.019631 0.010925
10 20 0.012168 0.019631 0.010925
11 0 0.013887 0.019631 0.010925
11 1 0.015210 0.019631 0.010925
11 2 0.015871 0.019631 0.010925
11 3 0.017326 0.019631 0.010925
11 4 0.020897 0.019631 0.010925
11 5 0.024203 0.019631 0.010925
11 6 0.024732 0.019631 0.010925
11 7 0.024203 0.019631 0.010925
11 8 0.027906 0.019631 0.010925
11 9 0.028700 0.019631 0.010925
11 10 0.028568 0.019631 0.010925
11 11 0.028700 0.019631 0.010925
11 12 0.026452 0.019631 0.010925
11 13 0.026187 0.019631 0.010925
11 14 0.026055 0.019631 0.010925
11 15 0.022352 0.019631 0.010925
11 16 0.017590 0.019631 0.010925
11 17 0.013755 0.019631 0.010925
11 18 0.011506 0.019631 0.010925
11 19 0.010184 0.019631 0.010925
11 20 0.010977 0.019631 0.010925
12 0 0.014019 0.019631 0.010925
12 1 0.015871 0.019631 0.010925
12 2 0.017458 0.019631 0.010925
12 3 0.019706 0.019631 0.010925
12 4 0.023939 0.019631 0.010925
12 5 0.026981 0.019631 0.010925
12 6 0.026187 0.019631 0.010925
12 7 0.025922 0.019631 0.010925
12 8 0.028435 0.019631 0.010925
12 9 0.029758 0.019631 0.010925
12 10 0.027906 0.019631 0.010925
12 11 0.026319 0.019631 0.010925
12 12 0.026452 0.019631 0.010925
12 13 0.025790 0.019631 0.010925
12 14 0.024203 0.019631 0.010925
12 15 0.018648 0.019631 0.010925
12 16 0.016664 0.019631 0.010925
12 17 0.013094 0.019631 0.010925
12 18 0.010845 0.019631 0.010925
12 19 0.008729 0.019631 0.010925
12 20 0.008994 0.019631 0.010925
13 0 0.017723 0.019631 0.010925
13 1 0.019310 0.019631 0.010925
13 2 0.021293 0.019631 0.010925
13 3 0.024071 0.019631 0.010925
13 4 0.025790 0.019631 0.010925
13 5 0.028303 0.019631 0.010925
13 6 0.029361 0.019631 0.010925
13 7 0.029626 0.019631 0.010925
13 8 0.030287 0.019631 0.010925
13 9 0.029758 0.019631 0.010925
13 10 0.028303 0.019631 0.010925
13 11 0.026055 0.019631 0.010925
13 12 0.025526 0.019631 0.010925
13 13 0.023410 0.019631 0.010925
13 14 0.022087 0.019631 0.010925
13 15 0.018648 0.019631 0.010925
13 16 0.014945 0.019631 0.010925
13 17 0.011506 0.019631 0.010925
13 18 0.009126 0.019631 0.010925
13 19 0.008068 0.019631 0.010925
13 20 0.008729 0.019631 0.010925
14 0 0.020368 0.019631 0.010925
14 1 0.023674 0.019631 0.010925
14 2 0.026187 0.019631 0.010925
14 3 0.028700 0.019631 0.010925
14 4 0.028435 0.019631 0.010925
14 5 0.029361 0.019631 0.010925
14 6 0.029229 0.019631 0.010925
14 7 0.027774 0.019631 0.010925
14 8 0.027510 0.019631 0.010925
14 9 0.027113 0.019631 0.010925
14 10 0.026452 0.019631 0.010925
14 11 0.023542 0.019631 0.010925
14 12 0.021955 0.019631 0.010925
14 13 0.019839 0.019631 0.010925
14 14 0.017590 0.019631 0.010925
14 15 0.015739 0.019631 0.010925
14 16 0.011110 0.019631 0.010925
14 17 0.009655 0.019631 0.010925
14 18 0.007803 0.019631 0.010925
14 19 0.007406 0.019631 0.010925
14 20 0.007406 0.019631 0.010925
15 0 0.024732 0.019631 0.010925
15 1 0.030419 0.019631 0.010925
15 2 0.033593 0.019631 0.010925
15 3 0.035181 0.019631 0.010925
15 4 0.035313 0.019631 0.010925
15 5 0.030948 0.019631 0.010925
15 6 0.026716 0.019631 0.010925
15 7 0.026452 0.019631 0.010925
15 8 0.024468 0.019631 0.010925
15 9 0.024468 0.019631 0.010925
15 10 0.022484 0.019631 0.010925
15 11 0.020764 0.019631 0.010925
15 12 0.019574 0.019631 0.010925
15 13 0.015871 0.019631 0.010925
15 14 0.014813 0.019631 0.010925
15 15 0.010845 0.019631 0.010925
15 16 0.008068 0.019631 0.010925
15 17 0.007142 0.019631 0.010925
15 18 0.005026 0.019631 0.010925
15 19 0.006084 0.019631 0.010925
15 20 0.006481 0.019631 0.010925
16 0 0.032535 0.019631 0.010925
16 1 0.038751 0.019631 0.010925
16 2 0.041264 0.019631 0.010925
16 3 0.040868 0.019631 0.010925
16 4 0.035445 0.019631 0.010925
16 5 0.032271 0.019631 0.010925
16 6 0.024732 0.019631 0.010925
16 7 0.022881 0.019631 0.010925
16 8 0.021029 0.019631 0.010925
16 9 0.020103 0.019631 0.010925
16 10 0.018252 0.019631 0.010925
16 11 0.017590 0.019631 0.010925
16 12 0.015077 0.019631 0.010925
16 13 0.012432 0.019631 0.010925
16 14 0.010713 0.019631 0.010925
16 15 0.009126 0.019631 0.010925
16 16 0.006745 0.019631 0.010925
16 17 0.005687 0.019631 0.010925
16 18 0.005290 0.019631 0.010925
16 19 0.004761 0.019631 0.010925
16 20 0.005687 0.019631 0.010925
17 0 0.038619 0.019631 0.010925
17 1 0.046290 0.019631 0.010925
17 2 0.047877 0.019631 0.010925
17 3 0.043777 0.019631 0.010925
17 4 0.037032 0.019631 0.010925
17 5 0.030287 0.019631 0.010925
17 6 0.022616 0.019631 0.010925
17 7 0.020103 0.019631 0.010925
17 8 0.018252 0.019631 0.010925
17 9 0.017855 0.019631 0.010925
17 10 0.015871 0.019631 0.010925
17 11 0.016135 0.019631 0.010925
17 12 0.013490 0.019631 0.010925
17 13 0.011374 0.019631 0.010925
17 14 0.008332 0.019631 0.010925
17 15 0.007274 0.019631 0.010925
17 16 0.005819 0.019631 0.010925
17 17 0.004365 0.019631 0.010925
17 18 0.003571 0.019631 0.010925
17 19 0.003174 0.019631 0.010925
17 20 0.004100 0.019631 0.010925
18 0 0.042587 0.019631 0.010925
18 1 0.049332 0.019631 0.010925
18 2 0.051316 0.019631 0.010925
18 3 0.044042 0.019631 0.010925
18 4 0.035842 0.019631 0.010925
18 5 0.028435 0.019631 0.010925
18 6 0.022748 0.019631 0.010925
18 7 0.018913 0.019631 0.010925
18 8 0.016797 0.019631 0.010925
18 9 0.015739 0.019631 0.010925
18 10 0.015210 0.019631 0.010925
18 11 0.012961 0.019631 0.010925
18 12 0.012432 0.019631 0.010925
18 13 0.008729 0.019631 0.010925
18 14 0.007406 0.019631 0.010925
18 15 0.007142 0.019631 0.010925
18 16 0.004497 0.019631 0.010925
18 17 0.003835 0.019631 0.010925
18 18 0.003439 0.019631 0.010925
18 19 0.003306 0.019631 0.010925
18 20 0.003571 0.019631 0.010925
19 0 0.044174 0.019631 0.010925
19 1 0.049464 0.019631 0.010925
19 2 0.048671 0.019631 0.010925
19 3 0.042190 0.019631 0.010925
19 4 0.033593 0.019631 0.010925
19 5 0.024335 0.019631 0.010925
19 6 0.017458 0.019631 0.010925
19 7 0.014813 0.019631 0.010925
19 8 0.013623 0.019631 0.010925
19 9 0.013094 0.019631 0.010925
19 10 0.013490 0.019631 0.010925
19 11 0.011374 0.019631 0.010925
19 12 0.011639 0.019631 0.010925
19 13 0.009523 0.019631 0.010925
19 14 0.007539 0.019631 0.010925
19 15 0.007406 0.019631 0.010925
19 16 0.005687 0.019631 0.010925
19 17 0.003703 0.019631 0.010925
19 18 0.002513 0.019631 0.010925
19 19 0.002248 0.019631 0.010925
19 20 0.004497 0.019631 0.010925
20 0 0.039545 0.019631 0.010925
20 1 0.042587 0.019631 0.010925
20 2 0.043910 0.019631 0.010925
20 3 0.038619 0.019631 0.010925
20 4 0.030022 0.019631 0.010925
20 5 0.022087 0.019631 0.010925
20 6 0.017061 0.019631 0.010925
20 7 0.014945 0.019631 0.010925
20 8 0.014152 0.019631 0.010925
20 9 0.012961 0.019631 0.010925
20 10 0.013226 0.019631 0.010925
20 11 0.012300 0.019631 0.010925
20 12 0.010845 0.019631 0.010925
20 13 0.010184 0.019631 0.010925
20 14 0.009523 0.019631 0.010925
20 15 0.008068 0.019631 0.010925
20 16 0.005423 0.019631 0.010925
20 17 0.004761 0.019631 0.010925
20 18 0.003571 0.019631 0.010925
20 19 0.003306 0.019631 0.010925
20 20 0.004894 0.019631 0.010925
