# contact distance = 12.0 Angstroms
# F = 0.4 kJ/mol

# i j contact_probability mean_contact_probability stddev_contact_probability
0 0 0.008090 0.026988 0.011171
0 1 0.007245 0.026988 0.011171
0 2 0.007486 0.026988 0.011171
0 3 0.010867 0.026988 0.011171
0 4 0.014127 0.026988 0.011171
0 5 0.016300 0.026988 0.011171
0 6 0.017629 0.026988 0.011171
0 7 0.021251 0.026988 0.011171
0 8 0.022338 0.026988 0.011171
0 9 0.024873 0.026988 0.011171
0 10 0.026081 0.026988 0.011171
0 11 0.028133 0.026988 0.011171
0 12 0.029944 0.026988 0.011171
0 13 0.031514 0.026988 0.011171
0 14 0.031273 0.026988 0.011171
0 15 0.034170 0.026988 0.011171
0 16 0.035740 0.026988 0.011171
0 17 0.038638 0.026988 0.011171
0 18 0.039362 0.026988 0.011171
0 19 0.042743 0.026988 0.011171
0 20 0.040328 0.026988 0.011171
1 0 0.007003 0.026988 0.011171
1 1 0.005916 0.026988 0.011171
1 2 0.007969 0.026988 0.011171
1 3 0.011229 0.026988 0.011171
1 4 0.015455 0.026988 0.011171
1 5 0.017629 0.026988 0.011171
1 6 0.020164 0.026988 0.011171
1 7 0.023183 0.026988 0.011171
1 8 0.024028 0.026988 0.011171
1 9 0.024511 0.026988 0.011171
1 10 0.027047 0.026988 0.011171
1 11 0.031756 0.026988 0.011171
1 12 0.034291 0.026988 0.011171
1 13 0.033688 0.026988 0.011171
1 14 0.037672 0.026988 0.011171
1 15 0.037672 0.026988 0.011171
1 16 0.039604 0.026988 0.011171
1 17 0.043830 0.026988 0.011171
1 18 0.045279 0.026988 0.011171
1 19 0.047211 0.026988 0.011171
1 20 0.042140 0.026988 0.011171
2 0 0.009418 0.026988 0.011171
2 1 0.007728 0.026988 0.011171
2 2 0.009177 0.026988 0.011171
2 3 0.011229 0.026988 0.011171
2 4 0.015334 0.026988 0.011171
2 5 0.017387 0.026988 0.011171
2 6 0.021492 0.026988 0.011171
2 7 0.025718 0.026988 0.011171
2 8 0.027771 0.026988 0.011171
2 9 0.027892 0.026988 0.011171
2 10 0.027530 0.026988 0.011171
2 11 0.031635 0.026988 0.011171
2 12 0.035619 0.026988 0.011171
2 13 0.036706 0.026988 0.011171
2 14 0.038879 0.026988 0.011171
2 15 0.040932 0.026988 0.011171
2 16 0.042743 0.026988 0.011171
2 17 0.045279 0.026988 0.011171
2 18 0.047211 0.026988 0.011171
2 19 0.044554 0.026988 0.011171
2 20 0.041898 0.026988 0.011171
3 0 0.011954 0.026988 0.011171
3 1 0.011591 0.026988 0.011171
3 2 0.012195 0.026988 0.011171
3 3 0.014248 0.026988 0.011171
3 4 0.017991 0.026988 0.011171
3 5 0.021009 0.026988 0.011171
3 6 0.024752 0.026988 0.011171
3 7 0.029099 0.026988 0.011171
3 8 0.029824 0.026988 0.011171
3 9 0.031273 0.026988 0.011171
3 10 0.032239 0.026988 0.011171
3 11 0.035378 0.026988 0.011171
3 12 0.038759 0.026988 0.011171
3 13 0.037310 0.026988 0.011171
3 14 0.039000 0.026988 0.011171
3 15 0.042985 0.026988 0.011171
3 16 0.042381 0.026988 0.011171
3 17 0.041294 0.026988 0.011171
3 18 0.043226 0.026988 0.011171
3 19 0.040932 0.026988 0.011171
3 20 0.035982 0.026988 0.011171
4 0 0.013644 0.026988 0.011171
4 1 0.014610 0.026988 0.011171
4 2 0.016783 0.026988 0.011171
4 3 0.019319 0.026988 0.011171
4 4 0.022338 0.026988 0.011171
4 5 0.024873 0.026988 0.011171
4 6 0.028616 0.026988 0.011171
4 7 0.030427 0.026988 0.011171
4 8 0.031393 0.026988 0.011171
4 9 0.033929 0.026988 0.011171
4 10 0.033084 0.026988 0.011171
4 11 0.035378 0.026988 0.011171
4 12 0.039000 0.026988 0.011171
4 13 0.038276 0.026988 0.011171
4 14 0.040208 0.026988 0.011171
4 15 0.040811 0.026988 0.011171
4 16 0.039362 0.026988 0.011171
4 17 0.036706 0.026988 0.011171
4 18 0.034895 0.026988 0.011171
4 19 0.031393 0.026988 0.011171
4 20 0.027530 0.026988 0.011171
5 0 0.017025 0.026988 0.011171
5 1 0.018112 0.026988 0.011171
5 2 0.018595 0.026988 0.011171
5 3 0.022579 0.026988 0.011171
5 4 0.024873 0.026988 0.011171
5 5 0.029461 0.026988 0.011171
5 6 0.032842 0.026988 0.011171
5 7 0.034170 0.026988 0.011171
5 8 0.035740 0.026988 0.011171
5 9 0.035016 0.026988 0.011171
5 10 0.036223 0.026988 0.011171
5 11 0.036223 0.026988 0.011171
5 12 0.039483 0.026988 0.011171
5 13 0.040208 0.026988 0.011171
5 14 0.041657 0.026988 0.011171
5 15 0.038879 0.026988 0.011171
5 16 0.039362 0.026988 0.011171
5 17 0.034291 0.026988 0.011171
5 18 0.031514 0.026988 0.011171
5 19 0.026926 0.026988 0.011171
5 20 0.023062 0.026988 0.011171
6 0 0.018112 0.026988 0.011171
6 1 0.020285 0.026988 0.011171
6 2 0.021130 0.026988 0.011171
6 3 0.027047 0.026988 0.011171
6 4 0.031031 0.026988 0.011171
6 5 0.033567 0.026988 0.011171
6 6 0.035136 0.026988 0.011171
6 7 0.035136 0.026988 0.011171
6 8 0.036223 0.026988 0.011171
6 9 0.037189 0.026988 0.011171
6 10 0.035016 0.026988 0.011171
6 11 0.035499 0.026988 0.011171
6 12 0.036102 0.026988 0.011171
6 13 0.037310 0.026988 0.011171
6 14 0.038879 0.026988 0.011171
6 15 0.037310 0.026988 0.011171
6 16 0.037310 0.026988 0.011171
6 17 0.031514 0.026988 0.011171
6 18 0.027892 0.026988 0.011171
6 19 0.021613 0.026988 0.011171
6 20 0.019560 0.026988 0.011171
7 0 0.018595 0.026988 0.011171
7 1 0.021855 0.026988 0.011171
7 2 0.022096 0.026988 0.011171
7 3 0.027288 0.026988 0.011171
7 4 0.033084 0.026988 0.011171
7 5 0.035257 0.026988 0.011171
7 6 0.035016 0.026988 0.011171
7 7 0.038276 0.026988 0.011171
7 8 0.037672 0.026988 0.011171
7 9 0.033808 0.026988 0.011171
7 10 0.036102 0.026988 0.011171
7 11 0.035378 0.026988 0.011171
7 12 0.034653 0.026988 0.011171
7 13 0.036465 0.026988 0.011171
7 14 0.036465 0.026988 0.011171
7 15 0.036465 0.026988 0.011171
7 16 0.034050 0.026988 0.011171
7 17 0.029582 0.026988 0.011171
7 18 0.024873 0.026988 0.011171
7 19 0.021130 0.026988 0.011171
7 20 0.018715 0.026988 0.011171
8 0 0.021372 0.026988 0.011171
8 1 0.022579 0.026988 0.011171
8 2 0.024511 0.026988 0.011171
8 3 0.028254 0.026988 0.011171
8 4 0.032601 0.026988 0.011171
8 5 0.034653 0.026988 0.011171
8 6 0.037914 0.026988 0.011171
8 7 0.036948 0.026988 0.011171
8 8 0.036706 0.026988 0.011171
8 9 0.034774 0.026988 0.011171
8 10 0.032842 0.026988 0.011171
8 11 0.032963 0.026988 0.011171
8 12 0.031514 0.026988 0.011171
8 13 0.033929 0.026988 0.011171
8 14 0.032963 0.026988 0.011171
8 15 0.031514 0.026988 0.011171
8 16 0.029824 0.026988 0.011171
8 17 0.024994 0.026988 0.011171
8 18 0.021492 0.026988 0.011171
8 19 0.017508 0.026988 0.011171
8 20 0.015697 0.026988 0.011171
9 0 0.021009 0.026988 0.011171
9 1 0.024511 0.026988 0.011171
9 2 0.025598 0.026988 0.011171
9 3 0.030427 0.026988 0.011171
9 4 0.032722 0.026988 0.011171
9 5 0.036223 0.026988 0.011171
9 6 0.036344 0.026988 0.011171
9 7 0.039604 0.026988 0.011171
9 8 0.036827 0.026988 0.011171
9 9 0.034291 0.026988 0.011171
9 10 0.032359 0.026988 0.011171
9 11 0.031152 0.026988 0.011171
9 12 0.031514 0.026988 0.011171
9 13 0.033205 0.026988 0.011171
9 14 0.031876 0.026988 0.011171
9 15 0.029461 0.026988 0.011171
9 16 0.027167 0.026988 0.011171
9 17 0.022579 0.026988 0.011171
9 18 0.019319 0.026988 0.011171
9 19 0.014127 0.026988 0.011171
9 20 0.014006 0.026988 0.011171
10 0 0.023304 0.026988 0.011171
10 1 0.025960 0.026988 0.011171
10 2 0.028496 0.026988 0.011171
10 3 0.032601 0.026988 0.011171
10 4 0.033446 0.026988 0.011171
10 5 0.035619 0.026988 0.011171
10 6 0.037551 0.026988 0.011171
10 7 0.038638 0.026988 0.011171
10 8 0.035378 0.026988 0.011171
10 9 0.032963 0.026988 0.011171
10 10 0.030910 0.026988 0.011171
10 11 0.031756 0.026988 0.011171
10 12 0.031393 0.026988 0.011171
10 13 0.030669 0.026988 0.011171
10 14 0.030065 0.026988 0.011171
10 15 0.027167 0.026988 0.011171
10 16 0.023787 0.026988 0.011171
10 17 0.019319 0.026988 0.011171
10 18 0.017146 0.026988 0.011171
10 19 0.012799 0.026988 0.011171
10 20 0.010625 0.026988 0.011171
11 0 0.025356 0.026988 0.011171
11 1 0.029703 0.026988 0.011171
11 2 0.032239 0.026988 0.011171
11 3 0.033929 0.026988 0.011171
11 4 0.034291 0.026988 0.011171
11 5 0.038276 0.026988 0.011171
11 6 0.039845 0.026988 0.011171
11 7 0.038276 0.026988 0.011171
11 8 0.035740 0.026988 0.011171
11 9 0.033688 0.026988 0.011171
11 10 0.029944 0.026988 0.011171
11 11 0.029461 0.026988 0.011171
11 12 0.028375 0.026988 0.011171
11 13 0.028496 0.026988 0.011171
11 14 0.027288 0.026988 0.011171
11 15 0.023545 0.026988 0.011171
11 16 0.022096 0.026988 0.011171
11 17 0.015817 0.026988 0.011171
11 18 0.013161 0.026988 0.011171
11 19 0.010263 0.026988 0.011171
11 20 0.009177 0.026988 0.011171
12 0 0.028496 0.026988 0.011171
12 1 0.031514 0.026988 0.011171
12 2 0.035378 0.026988 0.011171
12 3 0.038638 0.026988 0.011171
12 4 0.038517 0.026988 0.011171
12 5 0.039725 0.026988 0.011171
12 6 0.040932 0.026988 0.011171
12 7 0.038638 0.026988 0.011171
12 8 0.036585 0.026988 0.011171
12 9 0.033929 0.026988 0.011171
12 10 0.029944 0.026988 0.011171
12 11 0.027288 0.026988 0.011171
12 12 0.025356 0.026988 0.011171
12 13 0.026564 0.026988 0.011171
12 14 0.025115 0.026988 0.011171
12 15 0.023062 0.026988 0.011171
12 16 0.018474 0.026988 0.011171
12 17 0.014731 0.026988 0.011171
12 18 0.012557 0.026988 0.011171
12 19 0.008694 0.026988 0.011171
12 20 0.008090 0.026988 0.011171
13 0 0.030669 0.026988 0.011171
13 1 0.032963 0.026988 0.011171
13 2 0.036465 0.026988 0.011171
13 3 0.039362 0.026988 0.011171
13 4 0.040811 0.026988 0.011171
13 5 0.041777 0.026988 0.011171
13 6 0.043347 0.026988 0.011171
13 7 0.040932 0.026988 0.011171
13 8 0.036465 0.026988 0.011171
13 9 0.034412 0.026988 0.011171
13 10 0.027409 0.026988 0.011171
13 11 0.026926 0.026988 0.011171
13 12 0.024873 0.026988 0.011171
13 13 0.026201 0.026988 0.011171
13 14 0.024390 0.026988 0.011171
13 15 0.021130 0.026988 0.011171
13 16 0.017749 0.026988 0.011171
13 17 0.014972 0.026988 0.011171
13 18 0.011833 0.026988 0.011171
13 19 0.008573 0.026988 0.011171
13 20 0.008331 0.026988 0.011171
14 0 0.031514 0.026988 0.011171
14 1 0.034412 0.026988 0.011171
14 2 0.038155 0.026988 0.011171
14 3 0.039483 0.026988 0.011171
14 4 0.039242 0.026988 0.011171
14 5 0.041898 0.026988 0.011171
14 6 0.041777 0.026988 0.011171
14 7 0.041415 0.026988 0.011171
14 8 0.037551 0.026988 0.011171
14 9 0.033808 0.026988 0.011171
14 10 0.029944 0.026988 0.011171
14 11 0.026443 0.026988 0.011171
14 12 0.024511 0.026988 0.011171
14 13 0.026926 0.026988 0.011171
14 14 0.024390 0.026988 0.011171
14 15 0.021251 0.026988 0.011171
14 16 0.016904 0.026988 0.011171
14 17 0.014006 0.026988 0.011171
14 18 0.010988 0.026988 0.011171
14 19 0.008694 0.026988 0.011171
14 20 0.008452 0.026988 0.011171
15 0 0.032722 0.026988 0.011171
15 1 0.037068 0.026988 0.011171
15 2 0.039845 0.026988 0.011171
15 3 0.041657 0.026988 0.011171
15 4 0.040449 0.026988 0.011171
15 5 0.040570 0.026988 0.011171
15 6 0.039362 0.026988 0.011171
15 7 0.038034 0.026988 0.011171
15 8 0.034653 0.026988 0.011171
15 9 0.032963 0.026988 0.011171
15 10 0.028616 0.026988 0.011171
15 11 0.026081 0.026988 0.011171
15 12 0.022941 0.026988 0.011171
15 13 0.022579 0.026988 0.011171
15 14 0.020768 0.026988 0.011171
15 15 0.019560 0.026988 0.011171
15 16 0.016542 0.026988 0.011171
15 17 0.013040 0.026988 0.011171
15 18 0.009297 0.026988 0.011171
15 19 0.006882 0.026988 0.011171
15 20 0.007245 0.026988 0.011171
16 0 0.035257 0.026988 0.011171
16 1 0.040691 0.026988 0.011171
16 2 0.042019 0.026988 0.011171
16 3 0.041657 0.026988 0.011171
16 4 0.039121 0.026988 0.011171
16 5 0.037068 0.026988 0.011171
16 6 0.035861 0.026988 0.011171
16 7 0.033929 0.026988 0.011171
16 8 0.031514 0.026988 0.011171
16 9 0.028616 0.026988 0.011171
16 10 0.025115 0.026988 0.011171
16 11 0.022096 0.026988 0.011171
16 12 0.020526 0.026988 0.011171
16 13 0.019319 0.026988 0.011171
16 14 0.018353 0.026988 0.011171
16 15 0.016180 0.026988 0.011171
16 16 0.014127 0.026988 0.011171
16 17 0.010142 0.026988 0.011171
16 18 0.007124 0.026988 0.011171
16 19 0.004950 0.026988 0.011171
16 20 0.005796 0.026988 0.011171
17 0 0.039242 0.026988 0.011171
17 1 0.044796 0.026988 0.011171
17 2 0.044192 0.026988 0.011171
17 3 0.042260 0.026988 0.011171
17 4 0.037189 0.026988 0.011171
17 5 0.035378 0.026988 0.011171
17 6 0.032480 0.026988 0.011171
17 7 0.028737 0.026988 0.011171
17 8 0.027288 0.026988 0.011171
17 9 0.026805 0.026988 0.011171
17 10 0.022579 0.026988 0.011171
17 11 0.018353 0.026988 0.011171
17 12 0.017146 0.026988 0.011171
17 13 0.016783 0.026988 0.011171
17 14 0.015334 0.026988 0.011171
17 15 0.012437 0.026988 0.011171
17 16 0.011833 0.026988 0.011171
17 17 0.008694 0.026988 0.011171
17 18 0.006882 0.026988 0.011171
17 19 0.003502 0.026988 0.011171
17 20 0.004709 0.026988 0.011171
18 0 0.041174 0.026988 0.011171
18 1 0.045520 0.026988 0.011171
18 2 0.045158 0.026988 0.011171
18 3 0.039604 0.026988 0.011171
18 4 0.034653 0.026988 0.011171
18 5 0.030669 0.026988 0.011171
18 6 0.027047 0.026988 0.011171
18 7 0.023787 0.026988 0.011171
18 8 0.023183 0.026988 0.011171
18 9 0.021613 0.026988 0.011171
18 10 0.018112 0.026988 0.011171
18 11 0.016059 0.026988 0.011171
18 12 0.013644 0.026988 0.011171
18 13 0.012799 0.026988 0.011171
18 14 0.010625 0.026988 0.011171
18 15 0.009418 0.026988 0.011171
18 16 0.009056 0.026988 0.011171
18 17 0.006279 0.026988 0.011171
18 18 0.006037 0.026988 0.011171
18 19 0.004347 0.026988 0.011171
18 20 0.004950 0.026988 0.011171
19 0 0.041898 0.026988 0.011171
19 1 0.045037 0.026988 0.011171
19 2 0.044796 0.026988 0.011171
19 3 0.039604 0.026988 0.011171
19 4 0.031997 0.026988 0.011171
19 5 0.027650 0.026988 0.011171
19 6 0.024270 0.026988 0.011171
19 7 0.022217 0.026988 0.011171
19 8 0.020406 0.026988 0.011171
19 9 0.015938 0.026988 0.011171
19 10 0.014489 0.026988 0.011171
19 11 0.012074 0.026988 0.011171
19 12 0.010867 0.026988 0.011171
19 13 0.009660 0.026988 0.011171
19 14 0.009539 0.026988 0.011171
19 15 0.008573 0.026988 0.011171
19 16 0.007848 0.026988 0.011171
19 17 0.006399 0.026988 0.011171
19 18 0.004226 0.026988 0.011171
19 19 0.004105 0.026988 0.011171
19 20 0.004588 0.026988 0.011171
20 0 0.039483 0.026988 0.011171
20 1 0.042381 0.026988 0.011171
20 2 0.039725 0.026988 0.011171
20 3 0.033567 0.026988 0.011171
20 4 0.028496 0.026988 0.011171
20 5 0.023907 0.026988 0.011171
20 6 0.022458 0.026988 0.011171
20 7 0.018836 0.026988 0.011171
20 8 0.017266 0.026988 0.011171
20 9 0.014610 0.026988 0.011171
20 10 0.011833 0.026988 0.011171
20 11 0.012437 0.026988 0.011171
20 12 0.010263 0.026988 0.011171
20 13 0.010625 0.026988 0.011171
20 14 0.008814 0.026988 0.011171
20 15 0.008573 0.026988 0.011171
20 16 0.006399 0.026988 0.011171
20 17 0.006158 0.026988 0.011171
20 18 0.004468 0.026988 0.011171
20 19 0.004347 0.026988 0.011171
20 20 0.004588 0.026988 0.011171
