# contact distance = 12.0 Angstroms
# F = 0.4 kJ/mol

# i j contact_probability mean_contact_probability stddev_contact_probability
0 0 0.004050 0.019439 0.009757
0 1 0.001687 0.019439 0.009757
0 2 0.001856 0.019439 0.009757
0 3 0.002869 0.019439 0.009757
0 4 0.004894 0.019439 0.009757
0 5 0.005231 0.019439 0.009757
0 6 0.006075 0.019439 0.009757
0 7 0.006244 0.019439 0.009757
0 8 0.006581 0.019439 0.009757
0 9 0.007256 0.019439 0.009757
0 10 0.006244 0.019439 0.009757
0 11 0.006919 0.019439 0.009757
0 12 0.008775 0.019439 0.009757
0 13 0.010462 0.019439 0.009757
0 14 0.012994 0.019439 0.009757
0 15 0.015862 0.019439 0.009757
0 16 0.018562 0.019439 0.009757
0 17 0.022443 0.019439 0.009757
0 18 0.026156 0.019439 0.009757
0 19 0.028181 0.019439 0.009757
0 20 0.032062 0.019439 0.009757
1 0 0.002869 0.019439 0.009757
1 1 0.001687 0.019439 0.009757
1 2 0.001012 0.019439 0.009757
1 3 0.002362 0.019439 0.009757
1 4 0.004387 0.019439 0.009757
1 5 0.005231 0.019439 0.009757
1 6 0.005400 0.019439 0.009757
1 7 0.006075 0.019439 0.009757
1 8 0.006581 0.019439 0.009757
1 9 0.006412 0.019439 0.009757
1 10 0.007594 0.019439 0.009757
1 11 0.007762 0.019439 0.009757
1 12 0.009281 0.019439 0.009757
1 13 0.010969 0.019439 0.009757
1 14 0.013669 0.019439 0.009757
1 15 0.017381 0.019439 0.009757
1 16 0.022106 0.019439 0.009757
1 17 0.026493 0.019439 0.009757
1 18 0.030881 0.019439 0.009757
1 19 0.033243 0.019439 0.009757
1 20 0.032568 0.019439 0.009757
2 0 0.002025 0.019439 0.009757
2 1 0.001350 0.019439 0.009757
2 2 0.001519 0.019439 0.009757
2 3 0.002362 0.019439 0.009757
2 4 0.005569 0.019439 0.009757
2 5 0.007087 0.019439 0.009757
2 6 0.007087 0.019439 0.009757
2 7 0.008100 0.019439 0.009757
2 8 0.008269 0.019439 0.009757
2 9 0.007256 0.019439 0.009757
2 10 0.006750 0.019439 0.009757
2 11 0.007594 0.019439 0.009757
2 12 0.009619 0.019439 0.009757
2 13 0.011475 0.019439 0.009757
2 14 0.013162 0.019439 0.009757
2 15 0.017887 0.019439 0.009757
2 16 0.026156 0.019439 0.009757
2 17 0.029193 0.019439 0.009757
2 18 0.034425 0.019439 0.009757
2 19 0.035775 0.019439 0.009757
2 20 0.034425 0.019439 0.009757
3 0 0.002531 0.019439 0.009757
3 1 0.001687 0.019439 0.009757
3 2 0.002362 0.019439 0.009757
3 3 0.002700 0.019439 0.009757
3 4 0.005231 0.019439 0.009757
3 5 0.006412 0.019439 0.009757
3 6 0.008775 0.019439 0.009757
3 7 0.010462 0.019439 0.009757
3 8 0.010294 0.019439 0.009757
3 9 0.009787 0.019439 0.009757
3 10 0.010462 0.019439 0.009757
3 11 0.011812 0.019439 0.009757
3 12 0.013837 0.019439 0.009757
3 13 0.014850 0.019439 0.009757
3 14 0.017381 0.019439 0.009757
3 15 0.022275 0.019439 0.009757
3 16 0.027337 0.019439 0.009757
3 17 0.029700 0.019439 0.009757
3 18 0.033918 0.019439 0.009757
3 19 0.032231 0.019439 0.009757
3 20 0.031556 0.019439 0.009757
4 0 0.003206 0.019439 0.009757
4 1 0.003037 0.019439 0.009757
4 2 0.003037 0.019439 0.009757
4 3 0.004725 0.019439 0.009757
4 4 0.007762 0.019439 0.009757
4 5 0.008606 0.019439 0.009757
4 6 0.010631 0.019439 0.009757
4 7 0.011981 0.019439 0.009757
4 8 0.012487 0.019439 0.009757
4 9 0.012825 0.019439 0.009757
4 10 0.015187 0.019439 0.009757
4 11 0.017212 0.019439 0.009757
4 12 0.018900 0.019439 0.009757
4 13 0.019237 0.019439 0.009757
4 14 0.022950 0.019439 0.009757
4 15 0.025650 0.019439 0.009757
4 16 0.030037 0.019439 0.009757
4 17 0.031556 0.019439 0.009757
4 18 0.029868 0.019439 0.009757
4 19 0.028518 0.019439 0.009757
4 20 0.027843 0.019439 0.009757
5 0 0.005569 0.019439 0.009757
5 1 0.004050 0.019439 0.009757
5 2 0.005062 0.019439 0.009757
5 3 0.006750 0.019439 0.009757
5 4 0.007762 0.019439 0.009757
5 5 0.010969 0.019439 0.009757
5 6 0.012994 0.019439 0.009757
5 7 0.014512 0.019439 0.009757
5 8 0.014006 0.019439 0.009757
5 9 0.016369 0.019439 0.009757
5 10 0.017550 0.019439 0.009757
5 11 0.020418 0.019439 0.009757
5 12 0.023625 0.019439 0.009757
5 13 0.024468 0.019439 0.009757
5 14 0.026156 0.019439 0.009757
5 15 0.028687 0.019439 0.009757
5 16 0.031050 0.019439 0.009757
5 17 0.029193 0.019439 0.009757
5 18 0.027843 0.019439 0.009757
5 19 0.021431 0.019439 0.009757
5 20 0.020587 0.019439 0.009757
6 0 0.006412 0.019439 0.009757
6 1 0.005906 0.019439 0.009757
6 2 0.007087 0.019439 0.009757
6 3 0.008437 0.019439 0.009757
6 4 0.010631 0.019439 0.009757
6 5 0.013837 0.019439 0.009757
6 6 0.016200 0.019439 0.009757
6 7 0.016031 0.019439 0.009757
6 8 0.018394 0.019439 0.009757
6 9 0.019069 0.019439 0.009757
6 10 0.020250 0.019439 0.009757
6 11 0.024300 0.019439 0.009757
6 12 0.025650 0.019439 0.009757
6 13 0.025312 0.019439 0.009757
6 14 0.026493 0.019439 0.009757
6 15 0.029362 0.019439 0.009757
6 16 0.029025 0.019439 0.009757
6 17 0.024806 0.019439 0.009757
6 18 0.021431 0.019439 0.009757
6 19 0.018562 0.019439 0.009757
6 20 0.017550 0.019439 0.009757
7 0 0.008606 0.019439 0.009757
7 1 0.009619 0.019439 0.009757
7 2 0.009281 0.019439 0.009757
7 3 0.007931 0.019439 0.009757
7 4 0.010969 0.019439 0.009757
7 5 0.015019 0.019439 0.009757
7 6 0.017719 0.019439 0.009757
7 7 0.018731 0.019439 0.009757
7 8 0.021600 0.019439 0.009757
7 9 0.021937 0.019439 0.009757
7 10 0.023287 0.019439 0.009757
7 11 0.027337 0.019439 0.009757
7 12 0.029531 0.019439 0.009757
7 13 0.025987 0.019439 0.009757
7 14 0.028012 0.019439 0.009757
7 15 0.028856 0.019439 0.009757
7 16 0.027168 0.019439 0.009757
7 17 0.023118 0.019439 0.009757
7 18 0.020250 0.019439 0.009757
7 19 0.014512 0.019439 0.009757
7 20 0.014175 0.019439 0.009757
8 0 0.008775 0.019439 0.009757
8 1 0.008775 0.019439 0.009757
8 2 0.009450 0.019439 0.009757
8 3 0.009281 0.019439 0.009757
8 4 0.011306 0.019439 0.009757
8 5 0.015019 0.019439 0.009757
8 6 0.020587 0.019439 0.009757
8 7 0.021600 0.019439 0.009757
8 8 0.022443 0.019439 0.009757
8 9 0.025481 0.019439 0.009757
8 10 0.026156 0.019439 0.009757
8 11 0.028856 0.019439 0.009757
8 12 0.029700 0.019439 0.009757
8 13 0.028856 0.019439 0.009757
8 14 0.030037 0.019439 0.009757
8 15 0.029193 0.019439 0.009757
8 16 0.026493 0.019439 0.009757
8 17 0.022275 0.019439 0.009757
8 18 0.017044 0.019439 0.009757
8 19 0.014681 0.019439 0.009757
8 20 0.014006 0.019439 0.009757
9 0 0.009450 0.019439 0.009757
9 1 0.009281 0.019439 0.009757
9 2 0.009956 0.019439 0.009757
9 3 0.009956 0.019439 0.009757
9 4 0.012825 0.019439 0.009757
9 5 0.016875 0.019439 0.009757
9 6 0.020756 0.019439 0.009757
9 7 0.022950 0.019439 0.009757
9 8 0.023625 0.019439 0.009757
9 9 0.025818 0.019439 0.009757
9 10 0.029362 0.019439 0.009757
9 11 0.030375 0.019439 0.009757
9 12 0.031725 0.019439 0.009757
9 13 0.030037 0.019439 0.009757
9 14 0.030881 0.019439 0.009757
9 15 0.029868 0.019439 0.009757
9 16 0.027675 0.019439 0.009757
9 17 0.023118 0.019439 0.009757
9 18 0.018056 0.019439 0.009757
9 19 0.015019 0.019439 0.009757
9 20 0.015019 0.019439 0.009757
10 0 0.009619 0.019439 0.009757
10 1 0.009450 0.019439 0.009757
10 2 0.011812 0.019439 0.009757
10 3 0.012825 0.019439 0.009757
10 4 0.016031 0.019439 0.009757
10 5 0.018900 0.019439 0.009757
10 6 0.022443 0.019439 0.009757
10 7 0.025481 0.019439 0.009757
10 8 0.027000 0.019439 0.009757
10 9 0.029531 0.019439 0.009757
10 10 0.033918 0.019439 0.009757
10 11 0.033918 0.019439 0.009757
10 12 0.034087 0.019439 0.009757
10 13 0.032568 0.019439 0.009757
10 14 0.032231 0.019439 0.009757
10 15 0.031050 0.019439 0.009757
10 16 0.027506 0.019439 0.009757
10 17 0.024806 0.019439 0.009757
10 18 0.019237 0.019439 0.009757
10 19 0.017887 0.019439 0.009757
10 20 0.016875 0.019439 0.009757
11 0 0.010969 0.019439 0.009757
11 1 0.011644 0.019439 0.009757
11 2 0.012487 0.019439 0.009757
11 3 0.015862 0.019439 0.009757
11 4 0.020081 0.019439 0.009757
11 5 0.022443 0.019439 0.009757
11 6 0.024300 0.019439 0.009757
11 7 0.024975 0.019439 0.009757
11 8 0.028012 0.019439 0.009757
11 9 0.030712 0.019439 0.009757
11 10 0.032906 0.019439 0.009757
11 11 0.034931 0.019439 0.009757
11 12 0.034593 0.019439 0.009757
11 13 0.035437 0.019439 0.009757
11 14 0.035100 0.019439 0.009757
11 15 0.031387 0.019439 0.009757
11 16 0.026662 0.019439 0.009757
11 17 0.023793 0.019439 0.009757
11 18 0.019575 0.019439 0.009757
11 19 0.017719 0.019439 0.009757
11 20 0.017887 0.019439 0.009757
12 0 0.011475 0.019439 0.009757
12 1 0.014175 0.019439 0.009757
12 2 0.015187 0.019439 0.009757
12 3 0.017719 0.019439 0.009757
12 4 0.023287 0.019439 0.009757
12 5 0.028181 0.019439 0.009757
12 6 0.027337 0.019439 0.009757
12 7 0.026831 0.019439 0.009757
12 8 0.028181 0.019439 0.009757
12 9 0.032737 0.019439 0.009757
12 10 0.034593 0.019439 0.009757
12 11 0.037968 0.019439 0.009757
12 12 0.037631 0.019439 0.009757
12 13 0.037800 0.019439 0.009757
12 14 0.034087 0.019439 0.009757
12 15 0.028687 0.019439 0.009757
12 16 0.024468 0.019439 0.009757
12 17 0.021768 0.019439 0.009757
12 18 0.019744 0.019439 0.009757
12 19 0.016369 0.019439 0.009757
12 20 0.016706 0.019439 0.009757
13 0 0.014850 0.019439 0.009757
13 1 0.015694 0.019439 0.009757
13 2 0.017550 0.019439 0.009757
13 3 0.022275 0.019439 0.009757
13 4 0.026493 0.019439 0.009757
13 5 0.029868 0.019439 0.009757
13 6 0.029362 0.019439 0.009757
13 7 0.028350 0.019439 0.009757
13 8 0.031725 0.019439 0.009757
13 9 0.032400 0.019439 0.009757
13 10 0.033412 0.019439 0.009757
13 11 0.035606 0.019439 0.009757
13 12 0.034931 0.019439 0.009757
13 13 0.034256 0.019439 0.009757
13 14 0.032400 0.019439 0.009757
13 15 0.028012 0.019439 0.009757
13 16 0.022106 0.019439 0.009757
13 17 0.019237 0.019439 0.009757
13 18 0.015694 0.019439 0.009757
13 19 0.016369 0.019439 0.009757
13 20 0.015862 0.019439 0.009757
14 0 0.018056 0.019439 0.009757
14 1 0.018394 0.019439 0.009757
14 2 0.020587 0.019439 0.009757
14 3 0.024131 0.019439 0.009757
14 4 0.028518 0.019439 0.009757
14 5 0.028518 0.019439 0.009757
14 6 0.031218 0.019439 0.009757
14 7 0.028518 0.019439 0.009757
14 8 0.028856 0.019439 0.009757
14 9 0.031218 0.019439 0.009757
14 10 0.031387 0.019439 0.009757
14 11 0.034931 0.019439 0.009757
14 12 0.035606 0.019439 0.009757
14 13 0.033750 0.019439 0.009757
14 14 0.030881 0.019439 0.009757
14 15 0.026325 0.019439 0.009757
14 16 0.020587 0.019439 0.009757
14 17 0.015862 0.019439 0.009757
14 18 0.015019 0.019439 0.009757
14 19 0.015356 0.019439 0.009757
14 20 0.014850 0.019439 0.009757
15 0 0.020081 0.019439 0.009757
15 1 0.022275 0.019439 0.009757
15 2 0.024637 0.019439 0.009757
15 3 0.026156 0.019439 0.009757
15 4 0.026831 0.019439 0.009757
15 5 0.028687 0.019439 0.009757
15 6 0.029025 0.019439 0.009757
15 7 0.027506 0.019439 0.009757
15 8 0.025143 0.019439 0.009757
15 9 0.030881 0.019439 0.009757
15 10 0.029531 0.019439 0.009757
15 11 0.030206 0.019439 0.009757
15 12 0.033075 0.019439 0.009757
15 13 0.030543 0.019439 0.009757
15 14 0.026662 0.019439 0.009757
15 15 0.020925 0.019439 0.009757
15 16 0.017719 0.019439 0.009757
15 17 0.013669 0.019439 0.009757
15 18 0.012656 0.019439 0.009757
15 19 0.010969 0.019439 0.009757
15 20 0.011644 0.019439 0.009757
16 0 0.024300 0.019439 0.009757
16 1 0.027843 0.019439 0.009757
16 2 0.030206 0.019439 0.009757
16 3 0.029362 0.019439 0.009757
16 4 0.028350 0.019439 0.009757
16 5 0.029025 0.019439 0.009757
16 6 0.027168 0.019439 0.009757
16 7 0.024637 0.019439 0.009757
16 8 0.023118 0.019439 0.009757
16 9 0.023118 0.019439 0.009757
16 10 0.026325 0.019439 0.009757
16 11 0.025987 0.019439 0.009757
16 12 0.026493 0.019439 0.009757
16 13 0.024975 0.019439 0.009757
16 14 0.022275 0.019439 0.009757
16 15 0.017887 0.019439 0.009757
16 16 0.014681 0.019439 0.009757
16 17 0.011644 0.019439 0.009757
16 18 0.009619 0.019439 0.009757
16 19 0.007762 0.019439 0.009757
16 20 0.008775 0.019439 0.009757
17 0 0.028856 0.019439 0.009757
17 1 0.031218 0.019439 0.009757
17 2 0.033918 0.019439 0.009757
17 3 0.034256 0.019439 0.009757
17 4 0.032400 0.019439 0.009757
17 5 0.027337 0.019439 0.009757
17 6 0.025312 0.019439 0.009757
17 7 0.021600 0.019439 0.009757
17 8 0.020250 0.019439 0.009757
17 9 0.019069 0.019439 0.009757
17 10 0.020756 0.019439 0.009757
17 11 0.021262 0.019439 0.009757
17 12 0.024131 0.019439 0.009757
17 13 0.021093 0.019439 0.009757
17 14 0.018562 0.019439 0.009757
17 15 0.015187 0.019439 0.009757
17 16 0.012150 0.019439 0.009757
17 17 0.009281 0.019439 0.009757
17 18 0.007256 0.019439 0.009757
17 19 0.006412 0.019439 0.009757
17 20 0.006412 0.019439 0.009757
18 0 0.032568 0.019439 0.009757
18 1 0.037293 0.019439 0.009757
18 2 0.036787 0.019439 0.009757
18 3 0.038137 0.019439 0.009757
18 4 0.032906 0.019439 0.009757
18 5 0.027337 0.019439 0.009757
18 6 0.021937 0.019439 0.009757
18 7 0.017887 0.019439 0.009757
18 8 0.016875 0.019439 0.009757
18 9 0.017044 0.019439 0.009757
18 10 0.019237 0.019439 0.009757
18 11 0.018731 0.019439 0.009757
18 12 0.020418 0.019439 0.009757
18 13 0.018225 0.019439 0.009757
18 14 0.014175 0.019439 0.009757
18 15 0.012487 0.019439 0.009757
18 16 0.010294 0.019439 0.009757
18 17 0.006919 0.019439 0.009757
18 18 0.005906 0.019439 0.009757
18 19 0.005400 0.019439 0.009757
18 20 0.004725 0.019439 0.009757
19 0 0.033918 0.019439 0.009757
19 1 0.037631 0.019439 0.009757
19 2 0.036787 0.019439 0.009757
19 3 0.035100 0.019439 0.009757
19 4 0.032737 0.019439 0.009757
19 5 0.026662 0.019439 0.009757
19 6 0.019744 0.019439 0.009757
19 7 0.018394 0.019439 0.009757
19 8 0.014512 0.019439 0.009757
19 9 0.014681 0.019439 0.009757
19 10 0.014512 0.019439 0.009757
19 11 0.016031 0.019439 0.009757
19 12 0.015356 0.019439 0.009757
19 13 0.014006 0.019439 0.009757
19 14 0.012656 0.019439 0.009757
19 15 0.008437 0.019439 0.009757
19 16 0.007594 0.019439 0.009757
19 17 0.004894 0.019439 0.009757
19 18 0.004894 0.019439 0.009757
19 19 0.004556 0.019439 0.009757
19 20 0.003881 0.019439 0.009757
20 0 0.031556 0.019439 0.009757
20 1 0.034593 0.019439 0.009757
20 2 0.033243 0.019439 0.009757
20 3 0.030881 0.019439 0.009757
20 4 0.026662 0.019439 0.009757
20 5 0.023793 0.019439 0.009757
20 6 0.020925 0.019439 0.009757
20 7 0.017381 0.019439 0.009757
20 8 0.014006 0.019439 0.009757
20 9 0.013837 0.019439 0.009757
20 10 0.013669 0.019439 0.009757
20 11 0.013331 0.019439 0.009757
20 12 0.011812 0.019439 0.009757
20 13 0.009787 0.019439 0.009757
20 14 0.010969 0.019439 0.009757
20 15 0.007762 0.019439 0.009757
20 16 0.006244 0.019439 0.009757
20 17 0.006750 0.019439 0.009757
20 18 0.004725 0.019439 0.009757
20 19 0.004725 0.019439 0.009757
20 20 0.004387 0.019439 0.009757
