# contact distance = 12.0 Angstroms
# F = 0.4 kJ/mol

# i j contact_probability mean_contact_probability stddev_contact_probability
0 0 0.009237 0.019867 0.009095
0 1 0.007151 0.019867 0.009095
0 2 0.006108 0.019867 0.009095
0 3 0.008492 0.019867 0.009095
0 4 0.008790 0.019867 0.009095
0 5 0.009982 0.019867 0.009095
0 6 0.010876 0.019867 0.009095
0 7 0.013111 0.019867 0.009095
0 8 0.014154 0.019867 0.009095
0 9 0.015048 0.019867 0.009095
0 10 0.016687 0.019867 0.009095
0 11 0.019815 0.019867 0.009095
0 12 0.023391 0.019867 0.009095
0 13 0.027265 0.019867 0.009095
0 14 0.027712 0.019867 0.009095
0 15 0.032032 0.019867 0.009095
0 16 0.033820 0.019867 0.009095
0 17 0.037545 0.019867 0.009095
0 18 0.040226 0.019867 0.009095
0 19 0.039779 0.019867 0.009095
0 20 0.034863 0.019867 0.009095
1 0 0.008045 0.019867 0.009095
1 1 0.005959 0.019867 0.009095
1 2 0.005364 0.019867 0.009095
1 3 0.007300 0.019867 0.009095
1 4 0.008939 0.019867 0.009095
1 5 0.011323 0.019867 0.009095
1 6 0.013409 0.019867 0.009095
1 7 0.013111 0.019867 0.009095
1 8 0.013111 0.019867 0.009095
1 9 0.015048 0.019867 0.009095
1 10 0.016538 0.019867 0.009095
1 11 0.020560 0.019867 0.009095
1 12 0.027563 0.019867 0.009095
1 13 0.030244 0.019867 0.009095
1 14 0.032330 0.019867 0.009095
1 15 0.033969 0.019867 0.009095
1 16 0.039631 0.019867 0.009095
1 17 0.041567 0.019867 0.009095
1 18 0.042908 0.019867 0.009095
1 19 0.041120 0.019867 0.009095
1 20 0.036353 0.019867 0.009095
2 0 0.008045 0.019867 0.009095
2 1 0.007300 0.019867 0.009095
2 2 0.006406 0.019867 0.009095
2 3 0.009088 0.019867 0.009095
2 4 0.011025 0.019867 0.009095
2 5 0.012515 0.019867 0.009095
2 6 0.013707 0.019867 0.009095
2 7 0.014899 0.019867 0.009095
2 8 0.014005 0.019867 0.009095
2 9 0.016240 0.019867 0.009095
2 10 0.018772 0.019867 0.009095
2 11 0.023391 0.019867 0.009095
2 12 0.026818 0.019867 0.009095
2 13 0.030691 0.019867 0.009095
2 14 0.032479 0.019867 0.009095
2 15 0.035459 0.019867 0.009095
2 16 0.038588 0.019867 0.009095
2 17 0.039184 0.019867 0.009095
2 18 0.040822 0.019867 0.009095
2 19 0.035757 0.019867 0.009095
2 20 0.032628 0.019867 0.009095
3 0 0.010578 0.019867 0.009095
3 1 0.010131 0.019867 0.009095
3 2 0.009684 0.019867 0.009095
3 3 0.011025 0.019867 0.009095
3 4 0.012515 0.019867 0.009095
3 5 0.013856 0.019867 0.009095
3 6 0.013558 0.019867 0.009095
3 7 0.016091 0.019867 0.009095
3 8 0.016091 0.019867 0.009095
3 9 0.017282 0.019867 0.009095
3 10 0.021007 0.019867 0.009095
3 11 0.023540 0.019867 0.009095
3 12 0.027116 0.019867 0.009095
3 13 0.030989 0.019867 0.009095
3 14 0.031585 0.019867 0.009095
3 15 0.034118 0.019867 0.009095
3 16 0.035012 0.019867 0.009095
3 17 0.036502 0.019867 0.009095
3 18 0.035310 0.019867 0.009095
3 19 0.032181 0.019867 0.009095
3 20 0.026818 0.019867 0.009095
4 0 0.011472 0.019867 0.009095
4 1 0.012068 0.019867 0.009095
4 2 0.012217 0.019867 0.009095
4 3 0.011472 0.019867 0.009095
4 4 0.012366 0.019867 0.009095
4 5 0.013111 0.019867 0.009095
4 6 0.014452 0.019867 0.009095
4 7 0.016836 0.019867 0.009095
4 8 0.016538 0.019867 0.009095
4 9 0.019517 0.019867 0.009095
4 10 0.024136 0.019867 0.009095
4 11 0.025626 0.019867 0.009095
4 12 0.029648 0.019867 0.009095
4 13 0.029648 0.019867 0.009095
4 14 0.033075 0.019867 0.009095
4 15 0.030542 0.019867 0.009095
4 16 0.032032 0.019867 0.009095
4 17 0.028903 0.019867 0.009095
4 18 0.028308 0.019867 0.009095
4 19 0.024285 0.019867 0.009095
4 20 0.021156 0.019867 0.009095
5 0 0.013111 0.019867 0.009095
5 1 0.013260 0.019867 0.009095
5 2 0.012515 0.019867 0.009095
5 3 0.012664 0.019867 0.009095
5 4 0.013111 0.019867 0.009095
5 5 0.014452 0.019867 0.009095
5 6 0.013260 0.019867 0.009095
5 7 0.014750 0.019867 0.009095
5 8 0.019070 0.019867 0.009095
5 9 0.022497 0.019867 0.009095
5 10 0.025030 0.019867 0.009095
5 11 0.028456 0.019867 0.009095
5 12 0.030244 0.019867 0.009095
5 13 0.028159 0.019867 0.009095
5 14 0.028456 0.019867 0.009095
5 15 0.025626 0.019867 0.009095
5 16 0.026818 0.019867 0.009095
5 17 0.026520 0.019867 0.009095
5 18 0.023540 0.019867 0.009095
5 19 0.020560 0.019867 0.009095
5 20 0.017431 0.019867 0.009095
6 0 0.013558 0.019867 0.009095
6 1 0.012664 0.019867 0.009095
6 2 0.013409 0.019867 0.009095
6 3 0.012366 0.019867 0.009095
6 4 0.014899 0.019867 0.009095
6 5 0.014601 0.019867 0.009095
6 6 0.013558 0.019867 0.009095
6 7 0.014601 0.019867 0.009095
6 8 0.020113 0.019867 0.009095
6 9 0.022497 0.019867 0.009095
6 10 0.026520 0.019867 0.009095
6 11 0.028605 0.019867 0.009095
6 12 0.026967 0.019867 0.009095
6 13 0.026073 0.019867 0.009095
6 14 0.025477 0.019867 0.009095
6 15 0.022497 0.019867 0.009095
6 16 0.023540 0.019867 0.009095
6 17 0.021454 0.019867 0.009095
6 18 0.021752 0.019867 0.009095
6 19 0.019666 0.019867 0.009095
6 20 0.014601 0.019867 0.009095
7 0 0.013409 0.019867 0.009095
7 1 0.011323 0.019867 0.009095
7 2 0.012813 0.019867 0.009095
7 3 0.012664 0.019867 0.009095
7 4 0.014154 0.019867 0.009095
7 5 0.014601 0.019867 0.009095
7 6 0.014005 0.019867 0.009095
7 7 0.015793 0.019867 0.009095
7 8 0.020560 0.019867 0.009095
7 9 0.025328 0.019867 0.009095
7 10 0.025924 0.019867 0.009095
7 11 0.026669 0.019867 0.009095
7 12 0.024583 0.019867 0.009095
7 13 0.024136 0.019867 0.009095
7 14 0.021901 0.019867 0.009095
7 15 0.023093 0.019867 0.009095
7 16 0.022646 0.019867 0.009095
7 17 0.021156 0.019867 0.009095
7 18 0.020113 0.019867 0.009095
7 19 0.016836 0.019867 0.009095
7 20 0.014005 0.019867 0.009095
8 0 0.012962 0.019867 0.009095
8 1 0.012515 0.019867 0.009095
8 2 0.013707 0.019867 0.009095
8 3 0.013707 0.019867 0.009095
8 4 0.016985 0.019867 0.009095
8 5 0.016091 0.019867 0.009095
8 6 0.015048 0.019867 0.009095
8 7 0.017133 0.019867 0.009095
8 8 0.020709 0.019867 0.009095
8 9 0.025775 0.019867 0.009095
8 10 0.028308 0.019867 0.009095
8 11 0.027414 0.019867 0.009095
8 12 0.025477 0.019867 0.009095
8 13 0.023242 0.019867 0.009095
8 14 0.022050 0.019867 0.009095
8 15 0.019815 0.019867 0.009095
8 16 0.021007 0.019867 0.009095
8 17 0.021752 0.019867 0.009095
8 18 0.019666 0.019867 0.009095
8 19 0.016389 0.019867 0.009095
8 20 0.014750 0.019867 0.009095
9 0 0.015942 0.019867 0.009095
9 1 0.015048 0.019867 0.009095
9 2 0.013558 0.019867 0.009095
9 3 0.016985 0.019867 0.009095
9 4 0.017729 0.019867 0.009095
9 5 0.017878 0.019867 0.009095
9 6 0.019368 0.019867 0.009095
9 7 0.020858 0.019867 0.009095
9 8 0.023838 0.019867 0.009095
9 9 0.026520 0.019867 0.009095
9 10 0.028903 0.019867 0.009095
9 11 0.027861 0.019867 0.009095
9 12 0.026073 0.019867 0.009095
9 13 0.024136 0.019867 0.009095
9 14 0.023838 0.019867 0.009095
9 15 0.019666 0.019867 0.009095
9 16 0.020113 0.019867 0.009095
9 17 0.020709 0.019867 0.009095
9 18 0.017580 0.019867 0.009095
9 19 0.017729 0.019867 0.009095
9 20 0.014005 0.019867 0.009095
10 0 0.017431 0.019867 0.009095
10 1 0.016240 0.019867 0.009095
10 2 0.017580 0.019867 0.009095
10 3 0.021305 0.019867 0.009095
10 4 0.022348 0.019867 0.009095
10 5 0.023838 0.019867 0.009095
10 6 0.022944 0.019867 0.009095
10 7 0.023391 0.019867 0.009095
10 8 0.028010 0.019867 0.009095
10 9 0.030095 0.019867 0.009095
10 10 0.030691 0.019867 0.009095
10 11 0.029499 0.019867 0.009095
10 12 0.028456 0.019867 0.009095
10 13 0.027116 0.019867 0.009095
10 14 0.024732 0.019867 0.009095
10 15 0.022199 0.019867 0.009095
10 16 0.021007 0.019867 0.009095
10 17 0.018772 0.019867 0.009095
10 18 0.015942 0.019867 0.009095
10 19 0.013409 0.019867 0.009095
10 20 0.013856 0.019867 0.009095
11 0 0.019666 0.019867 0.009095
11 1 0.019666 0.019867 0.009095
11 2 0.022497 0.019867 0.009095
11 3 0.024881 0.019867 0.009095
11 4 0.026967 0.019867 0.009095
11 5 0.026967 0.019867 0.009095
11 6 0.027116 0.019867 0.009095
11 7 0.025775 0.019867 0.009095
11 8 0.026669 0.019867 0.009095
11 9 0.029052 0.019867 0.009095
11 10 0.028903 0.019867 0.009095
11 11 0.028605 0.019867 0.009095
11 12 0.026669 0.019867 0.009095
11 13 0.023391 0.019867 0.009095
11 14 0.021752 0.019867 0.009095
11 15 0.019070 0.019867 0.009095
11 16 0.019517 0.019867 0.009095
11 17 0.017133 0.019867 0.009095
11 18 0.013409 0.019867 0.009095
11 19 0.010876 0.019867 0.009095
11 20 0.011770 0.019867 0.009095
12 0 0.023093 0.019867 0.009095
12 1 0.024285 0.019867 0.009095
12 2 0.027563 0.019867 0.009095
12 3 0.027712 0.019867 0.009095
12 4 0.027116 0.019867 0.009095
12 5 0.026967 0.019867 0.009095
12 6 0.027116 0.019867 0.009095
12 7 0.025626 0.019867 0.009095
12 8 0.027265 0.019867 0.009095
12 9 0.027265 0.019867 0.009095
12 10 0.028754 0.019867 0.009095
12 11 0.026967 0.019867 0.009095
12 12 0.025477 0.019867 0.009095
12 13 0.020709 0.019867 0.009095
12 14 0.018921 0.019867 0.009095
12 15 0.018623 0.019867 0.009095
12 16 0.015495 0.019867 0.009095
12 17 0.014452 0.019867 0.009095
12 18 0.011025 0.019867 0.009095
12 19 0.008343 0.019867 0.009095
12 20 0.007747 0.019867 0.009095
13 0 0.024732 0.019867 0.009095
13 1 0.028456 0.019867 0.009095
13 2 0.028159 0.019867 0.009095
13 3 0.032777 0.019867 0.009095
13 4 0.031287 0.019867 0.009095
13 5 0.029201 0.019867 0.009095
13 6 0.027116 0.019867 0.009095
13 7 0.024434 0.019867 0.009095
13 8 0.024732 0.019867 0.009095
13 9 0.024434 0.019867 0.009095
13 10 0.025924 0.019867 0.009095
13 11 0.023689 0.019867 0.009095
13 12 0.021603 0.019867 0.009095
13 13 0.018027 0.019867 0.009095
13 14 0.015793 0.019867 0.009095
13 15 0.012515 0.019867 0.009095
13 16 0.012217 0.019867 0.009095
13 17 0.011919 0.019867 0.009095
13 18 0.008194 0.019867 0.009095
13 19 0.005662 0.019867 0.009095
13 20 0.006108 0.019867 0.009095
14 0 0.026818 0.019867 0.009095
14 1 0.031287 0.019867 0.009095
14 2 0.031734 0.019867 0.009095
14 3 0.031883 0.019867 0.009095
14 4 0.030691 0.019867 0.009095
14 5 0.027712 0.019867 0.009095
14 6 0.024434 0.019867 0.009095
14 7 0.022646 0.019867 0.009095
14 8 0.020858 0.019867 0.009095
14 9 0.021156 0.019867 0.009095
14 10 0.020858 0.019867 0.009095
14 11 0.023689 0.019867 0.009095
14 12 0.019517 0.019867 0.009095
14 13 0.015346 0.019867 0.009095
14 14 0.012515 0.019867 0.009095
14 15 0.011174 0.019867 0.009095
14 16 0.009833 0.019867 0.009095
14 17 0.009237 0.019867 0.009095
14 18 0.006704 0.019867 0.009095
14 19 0.004768 0.019867 0.009095
14 20 0.004321 0.019867 0.009095
15 0 0.030393 0.019867 0.009095
15 1 0.032777 0.019867 0.009095
15 2 0.034416 0.019867 0.009095
15 3 0.030691 0.019867 0.009095
15 4 0.029350 0.019867 0.009095
15 5 0.025924 0.019867 0.009095
15 6 0.020262 0.019867 0.009095
15 7 0.020560 0.019867 0.009095
15 8 0.019815 0.019867 0.009095
15 9 0.019517 0.019867 0.009095
15 10 0.020262 0.019867 0.009095
15 11 0.019517 0.019867 0.009095
15 12 0.016985 0.019867 0.009095
15 13 0.013558 0.019867 0.009095
15 14 0.012068 0.019867 0.009095
15 15 0.011323 0.019867 0.009095
15 16 0.009088 0.019867 0.009095
15 17 0.008790 0.019867 0.009095
15 18 0.006555 0.019867 0.009095
15 19 0.006108 0.019867 0.009095
15 20 0.005364 0.019867 0.009095
16 0 0.031138 0.019867 0.009095
16 1 0.035012 0.019867 0.009095
16 2 0.036055 0.019867 0.009095
16 3 0.032628 0.019867 0.009095
16 4 0.029946 0.019867 0.009095
16 5 0.024732 0.019867 0.009095
16 6 0.022348 0.019867 0.009095
16 7 0.018921 0.019867 0.009095
16 8 0.018474 0.019867 0.009095
16 9 0.020858 0.019867 0.009095
16 10 0.018772 0.019867 0.009095
16 11 0.017878 0.019867 0.009095
16 12 0.014750 0.019867 0.009095
16 13 0.012068 0.019867 0.009095
16 14 0.011621 0.019867 0.009095
16 15 0.010876 0.019867 0.009095
16 16 0.009088 0.019867 0.009095
16 17 0.007002 0.019867 0.009095
16 18 0.004321 0.019867 0.009095
16 19 0.005810 0.019867 0.009095
16 20 0.005364 0.019867 0.009095
17 0 0.031287 0.019867 0.009095
17 1 0.034565 0.019867 0.009095
17 2 0.035757 0.019867 0.009095
17 3 0.035012 0.019867 0.009095
17 4 0.030542 0.019867 0.009095
17 5 0.026669 0.019867 0.009095
17 6 0.021752 0.019867 0.009095
17 7 0.019070 0.019867 0.009095
17 8 0.019070 0.019867 0.009095
17 9 0.018027 0.019867 0.009095
17 10 0.015495 0.019867 0.009095
17 11 0.013707 0.019867 0.009095
17 12 0.012217 0.019867 0.009095
17 13 0.011472 0.019867 0.009095
17 14 0.011323 0.019867 0.009095
17 15 0.007747 0.019867 0.009095
17 16 0.006108 0.019867 0.009095
17 17 0.005810 0.019867 0.009095
17 18 0.004917 0.019867 0.009095
17 19 0.005066 0.019867 0.009095
17 20 0.004619 0.019867 0.009095
18 0 0.036204 0.019867 0.009095
18 1 0.039779 0.019867 0.009095
18 2 0.039482 0.019867 0.009095
18 3 0.035310 0.019867 0.009095
18 4 0.030244 0.019867 0.009095
18 5 0.024881 0.019867 0.009095
18 6 0.021454 0.019867 0.009095
18 7 0.018772 0.019867 0.009095
18 8 0.018623 0.019867 0.009095
18 9 0.016389 0.019867 0.009095
18 10 0.012515 0.019867 0.009095
18 11 0.012664 0.019867 0.009095
18 12 0.011174 0.019867 0.009095
18 13 0.010131 0.019867 0.009095
18 14 0.008492 0.019867 0.009095
18 15 0.007300 0.019867 0.009095
18 16 0.004768 0.019867 0.009095
18 17 0.004470 0.019867 0.009095
18 18 0.003129 0.019867 0.009095
18 19 0.003129 0.019867 0.009095
18 20 0.003427 0.019867 0.009095
19 0 0.035459 0.019867 0.009095
19 1 0.038290 0.019867 0.009095
19 2 0.036055 0.019867 0.009095
19 3 0.030393 0.019867 0.009095
19 4 0.028308 0.019867 0.009095
19 5 0.023391 0.019867 0.009095
19 6 0.021007 0.019867 0.009095
19 7 0.017580 0.019867 0.009095
19 8 0.017580 0.019867 0.009095
19 9 0.016240 0.019867 0.009095
19 10 0.013558 0.019867 0.009095
19 11 0.011919 0.019867 0.009095
19 12 0.008939 0.019867 0.009095
19 13 0.007449 0.019867 0.009095
19 14 0.006555 0.019867 0.009095
19 15 0.006406 0.019867 0.009095
19 16 0.004917 0.019867 0.009095
19 17 0.004172 0.019867 0.009095
19 18 0.002980 0.019867 0.009095
19 19 0.003129 0.019867 0.009095
19 20 0.003874 0.019867 0.009095
20 0 0.033373 0.019867 0.009095
20 1 0.033224 0.019867 0.009095
20 2 0.031287 0.019867 0.009095
20 3 0.027861 0.019867 0.009095
20 4 0.023838 0.019867 0.009095
20 5 0.019666 0.019867 0.009095
20 6 0.019070 0.019867 0.009095
20 7 0.016240 0.019867 0.009095
20 8 0.018176 0.019867 0.009095
20 9 0.016240 0.019867 0.009095
20 10 0.012962 0.019867 0.009095
20 11 0.011621 0.019867 0.009095
20 12 0.008641 0.019867 0.009095
20 13 0.007002 0.019867 0.009095
20 14 0.008194 0.019867 0.009095
20 15 0.006555 0.019867 0.009095
20 16 0.006406 0.019867 0.009095
20 17 0.005066 0.019867 0.009095
20 18 0.003874 0.019867 0.009095
20 19 0.004023 0.019867 0.009095
20 20 0.004172 0.019867 0.009095
