# contact distance = 12.0 Angstroms
# F = 0.4 kJ/mol

# i j contact_probability mean_contact_probability stddev_contact_probability
0 0 0.016623 0.020767 0.010734
0 1 0.014993 0.020767 0.010734
0 2 0.013690 0.020767 0.010734
0 3 0.014993 0.020767 0.010734
0 4 0.013527 0.020767 0.010734
0 5 0.013201 0.020767 0.010734
0 6 0.013690 0.020767 0.010734
0 7 0.013853 0.020767 0.010734
0 8 0.014831 0.020767 0.010734
0 9 0.015808 0.020767 0.010734
0 10 0.015971 0.020767 0.010734
0 11 0.019720 0.020767 0.010734
0 12 0.020372 0.020767 0.010734
0 13 0.022327 0.020767 0.010734
0 14 0.026239 0.020767 0.010734
0 15 0.028031 0.020767 0.010734
0 16 0.025424 0.020767 0.010734
0 17 0.025913 0.020767 0.010734
0 18 0.025587 0.020767 0.010734
0 19 0.021512 0.020767 0.010734
0 20 0.020209 0.020767 0.010734
1 0 0.015482 0.020767 0.010734
1 1 0.012712 0.020767 0.010734
1 2 0.013527 0.020767 0.010734
1 3 0.014993 0.020767 0.010734
1 4 0.012223 0.020767 0.010734
1 5 0.012386 0.020767 0.010734
1 6 0.013853 0.020767 0.010734
1 7 0.015319 0.020767 0.010734
1 8 0.015156 0.020767 0.010734
1 9 0.016134 0.020767 0.010734
1 10 0.017601 0.020767 0.010734
1 11 0.021023 0.020767 0.010734
1 12 0.024772 0.020767 0.010734
1 13 0.027868 0.020767 0.010734
1 14 0.028520 0.020767 0.010734
1 15 0.029661 0.020767 0.010734
1 16 0.030313 0.020767 0.010734
1 17 0.028194 0.020767 0.010734
1 18 0.024772 0.020767 0.010734
1 19 0.023631 0.020767 0.010734
1 20 0.022164 0.020767 0.010734
2 0 0.012875 0.020767 0.010734
2 1 0.011897 0.020767 0.010734
2 2 0.011408 0.020767 0.010734
2 3 0.012060 0.020767 0.010734
2 4 0.010267 0.020767 0.010734
2 5 0.011897 0.020767 0.010734
2 6 0.012875 0.020767 0.010734
2 7 0.013527 0.020767 0.010734
2 8 0.016297 0.020767 0.010734
2 9 0.016623 0.020767 0.010734
2 10 0.018090 0.020767 0.010734
2 11 0.022001 0.020767 0.010734
2 12 0.028194 0.020767 0.010734
2 13 0.033083 0.020767 0.010734
2 14 0.033409 0.020767 0.010734
2 15 0.033898 0.020767 0.010734
2 16 0.034713 0.020767 0.010734
2 17 0.033572 0.020767 0.010734
2 18 0.030313 0.020767 0.010734
2 19 0.022979 0.020767 0.010734
2 20 0.022001 0.020767 0.010734
3 0 0.012386 0.020767 0.010734
3 1 0.011408 0.020767 0.010734
3 2 0.010919 0.020767 0.010734
3 3 0.011571 0.020767 0.010734
3 4 0.008963 0.020767 0.010734
3 5 0.009615 0.020767 0.010734
3 6 0.012060 0.020767 0.010734
3 7 0.013527 0.020767 0.010734
3 8 0.014668 0.020767 0.010734
3 9 0.016786 0.020767 0.010734
3 10 0.019394 0.020767 0.010734
3 11 0.023794 0.020767 0.010734
3 12 0.030313 0.020767 0.010734
3 13 0.034550 0.020767 0.010734
3 14 0.038136 0.020767 0.010734
3 15 0.041395 0.020767 0.010734
3 16 0.042210 0.020767 0.010734
3 17 0.040580 0.020767 0.010734
3 18 0.034387 0.020767 0.010734
3 19 0.028194 0.020767 0.010734
3 20 0.024772 0.020767 0.010734
4 0 0.010756 0.020767 0.010734
4 1 0.010919 0.020767 0.010734
4 2 0.010267 0.020767 0.010734
4 3 0.009126 0.020767 0.010734
4 4 0.007986 0.020767 0.010734
4 5 0.010267 0.020767 0.010734
4 6 0.011408 0.020767 0.010734
4 7 0.013038 0.020767 0.010734
4 8 0.014342 0.020767 0.010734
4 9 0.016786 0.020767 0.010734
4 10 0.020046 0.020767 0.010734
4 11 0.024935 0.020767 0.010734
4 12 0.029172 0.020767 0.010734
4 13 0.036017 0.020767 0.010734
4 14 0.040254 0.020767 0.010734
4 15 0.044817 0.020767 0.010734
4 16 0.044329 0.020767 0.010734
4 17 0.043025 0.020767 0.010734
4 18 0.035691 0.020767 0.010734
4 19 0.032920 0.020767 0.010734
4 20 0.027542 0.020767 0.010734
5 0 0.013038 0.020767 0.010734
5 1 0.011408 0.020767 0.010734
5 2 0.011082 0.020767 0.010734
5 3 0.010919 0.020767 0.010734
5 4 0.007660 0.020767 0.010734
5 5 0.009941 0.020767 0.010734
5 6 0.010593 0.020767 0.010734
5 7 0.013527 0.020767 0.010734
5 8 0.014668 0.020767 0.010734
5 9 0.018579 0.020767 0.010734
5 10 0.020860 0.020767 0.010734
5 11 0.024609 0.020767 0.010734
5 12 0.028846 0.020767 0.010734
5 13 0.036995 0.020767 0.010734
5 14 0.042536 0.020767 0.010734
5 15 0.045306 0.020767 0.010734
5 16 0.044492 0.020767 0.010734
5 17 0.041721 0.020767 0.010734
5 18 0.037973 0.020767 0.010734
5 19 0.032595 0.020767 0.010734
5 20 0.026890 0.020767 0.010734
6 0 0.014831 0.020767 0.010734
6 1 0.016623 0.020767 0.010734
6 2 0.015808 0.020767 0.010734
6 3 0.013527 0.020767 0.010734
6 4 0.011082 0.020767 0.010734
6 5 0.011408 0.020767 0.010734
6 6 0.013364 0.020767 0.010734
6 7 0.015645 0.020767 0.010734
6 8 0.015482 0.020767 0.010734
6 9 0.018742 0.020767 0.010734
6 10 0.022490 0.020767 0.010734
6 11 0.025424 0.020767 0.010734
6 12 0.032920 0.020767 0.010734
6 13 0.038625 0.020767 0.010734
6 14 0.040743 0.020767 0.010734
6 15 0.041395 0.020767 0.010734
6 16 0.040254 0.020767 0.010734
6 17 0.039276 0.020767 0.010734
6 18 0.034224 0.020767 0.010734
6 19 0.029824 0.020767 0.010734
6 20 0.020860 0.020767 0.010734
7 0 0.015319 0.020767 0.010734
7 1 0.016297 0.020767 0.010734
7 2 0.017438 0.020767 0.010734
7 3 0.014993 0.020767 0.010734
7 4 0.012223 0.020767 0.010734
7 5 0.014831 0.020767 0.010734
7 6 0.016297 0.020767 0.010734
7 7 0.018579 0.020767 0.010734
7 8 0.022001 0.020767 0.010734
7 9 0.021349 0.020767 0.010734
7 10 0.023468 0.020767 0.010734
7 11 0.026402 0.020767 0.010734
7 12 0.031617 0.020767 0.010734
7 13 0.034224 0.020767 0.010734
7 14 0.036017 0.020767 0.010734
7 15 0.036017 0.020767 0.010734
7 16 0.033409 0.020767 0.010734
7 17 0.030313 0.020767 0.010734
7 18 0.028031 0.020767 0.010734
7 19 0.024120 0.020767 0.010734
7 20 0.018416 0.020767 0.010734
8 0 0.016134 0.020767 0.010734
8 1 0.017601 0.020767 0.010734
8 2 0.017438 0.020767 0.010734
8 3 0.015156 0.020767 0.010734
8 4 0.012386 0.020767 0.010734
8 5 0.015645 0.020767 0.010734
8 6 0.018579 0.020767 0.010734
8 7 0.022001 0.020767 0.010734
8 8 0.023957 0.020767 0.010734
8 9 0.023631 0.020767 0.010734
8 10 0.023957 0.020767 0.010734
8 11 0.027868 0.020767 0.010734
8 12 0.031128 0.020767 0.010734
8 13 0.030639 0.020767 0.010734
8 14 0.031617 0.020767 0.010734
8 15 0.029009 0.020767 0.010734
8 16 0.026402 0.020767 0.010734
8 17 0.024935 0.020767 0.010734
8 18 0.024120 0.020767 0.010734
8 19 0.019720 0.020767 0.010734
8 20 0.015808 0.020767 0.010734
9 0 0.014342 0.020767 0.010734
9 1 0.017275 0.020767 0.010734
9 2 0.016949 0.020767 0.010734
9 3 0.015156 0.020767 0.010734
9 4 0.014993 0.020767 0.010734
9 5 0.016134 0.020767 0.010734
9 6 0.021675 0.020767 0.010734
9 7 0.024772 0.020767 0.010734
9 8 0.024772 0.020767 0.010734
9 9 0.024609 0.020767 0.010734
9 10 0.024935 0.020767 0.010734
9 11 0.026728 0.020767 0.010734
9 12 0.029009 0.020767 0.010734
9 13 0.027216 0.020767 0.010734
9 14 0.026076 0.020767 0.010734
9 15 0.023468 0.020767 0.010734
9 16 0.023142 0.020767 0.010734
9 17 0.021838 0.020767 0.010734
9 18 0.019231 0.020767 0.010734
9 19 0.015808 0.020767 0.010734
9 20 0.015319 0.020767 0.010734
10 0 0.019068 0.020767 0.010734
10 1 0.017438 0.020767 0.010734
10 2 0.017927 0.020767 0.010734
10 3 0.016949 0.020767 0.010734
10 4 0.016623 0.020767 0.010734
10 5 0.019720 0.020767 0.010734
10 6 0.022653 0.020767 0.010734
10 7 0.025587 0.020767 0.010734
10 8 0.025098 0.020767 0.010734
10 9 0.024283 0.020767 0.010734
10 10 0.023305 0.020767 0.010734
10 11 0.025261 0.020767 0.010734
10 12 0.027542 0.020767 0.010734
10 13 0.024935 0.020767 0.010734
10 14 0.022001 0.020767 0.010734
10 15 0.020046 0.020767 0.010734
10 16 0.020209 0.020767 0.010734
10 17 0.018742 0.020767 0.010734
10 18 0.016134 0.020767 0.010734
10 19 0.014505 0.020767 0.010734
10 20 0.014505 0.020767 0.010734
11 0 0.019883 0.020767 0.010734
11 1 0.019557 0.020767 0.010734
11 2 0.019394 0.020767 0.010734
11 3 0.017927 0.020767 0.010734
11 4 0.020698 0.020767 0.010734
11 5 0.023794 0.020767 0.010734
11 6 0.028357 0.020767 0.010734
11 7 0.029172 0.020767 0.010734
11 8 0.029824 0.020767 0.010734
11 9 0.025261 0.020767 0.010734
11 10 0.023957 0.020767 0.010734
11 11 0.025587 0.020767 0.010734
11 12 0.026239 0.020767 0.010734
11 13 0.023305 0.020767 0.010734
11 14 0.020209 0.020767 0.010734
11 15 0.016949 0.020767 0.010734
11 16 0.015482 0.020767 0.010734
11 17 0.012549 0.020767 0.010734
11 18 0.012223 0.020767 0.010734
11 19 0.012386 0.020767 0.010734
11 20 0.012223 0.020767 0.010734
12 0 0.021838 0.020767 0.010734
12 1 0.022490 0.020767 0.010734
12 2 0.022490 0.020767 0.010734
12 3 0.024609 0.020767 0.010734
12 4 0.026402 0.020767 0.010734
12 5 0.030150 0.020767 0.010734
12 6 0.032595 0.020767 0.010734
12 7 0.034387 0.020767 0.010734
12 8 0.034061 0.020767 0.010734
12 9 0.027542 0.020767 0.010734
12 10 0.025587 0.020767 0.010734
12 11 0.022979 0.020767 0.010734
12 12 0.024772 0.020767 0.010734
12 13 0.021838 0.020767 0.010734
12 14 0.018416 0.020767 0.010734
12 15 0.014831 0.020767 0.010734
12 16 0.011897 0.020767 0.010734
12 17 0.009452 0.020767 0.010734
12 18 0.008638 0.020767 0.010734
12 19 0.008312 0.020767 0.010734
12 20 0.008801 0.020767 0.010734
13 0 0.026076 0.020767 0.010734
13 1 0.025424 0.020767 0.010734
13 2 0.028846 0.020767 0.010734
13 3 0.030965 0.020767 0.010734
13 4 0.034387 0.020767 0.010734
13 5 0.037158 0.020767 0.010734
13 6 0.037647 0.020767 0.010734
13 7 0.037810 0.020767 0.010734
13 8 0.031617 0.020767 0.010734
13 9 0.027542 0.020767 0.010734
13 10 0.024120 0.020767 0.010734
13 11 0.023142 0.020767 0.010734
13 12 0.022490 0.020767 0.010734
13 13 0.017927 0.020767 0.010734
13 14 0.014016 0.020767 0.010734
13 15 0.010104 0.020767 0.010734
13 16 0.007171 0.020767 0.010734
13 17 0.005704 0.020767 0.010734
13 18 0.004400 0.020767 0.010734
13 19 0.005052 0.020767 0.010734
13 20 0.007986 0.020767 0.010734
14 0 0.028194 0.020767 0.010734
14 1 0.029172 0.020767 0.010734
14 2 0.034061 0.020767 0.010734
14 3 0.034224 0.020767 0.010734
14 4 0.039439 0.020767 0.010734
14 5 0.043514 0.020767 0.010734
14 6 0.042210 0.020767 0.010734
14 7 0.038136 0.020767 0.010734
14 8 0.032432 0.020767 0.010734
14 9 0.027705 0.020767 0.010734
14 10 0.023142 0.020767 0.010734
14 11 0.020535 0.020767 0.010734
14 12 0.018416 0.020767 0.010734
14 13 0.013038 0.020767 0.010734
14 14 0.010104 0.020767 0.010734
14 15 0.005704 0.020767 0.010734
14 16 0.004237 0.020767 0.010734
14 17 0.004237 0.020767 0.010734
14 18 0.003422 0.020767 0.010734
14 19 0.003748 0.020767 0.010734
14 20 0.007008 0.020767 0.010734
15 0 0.029987 0.020767 0.010734
15 1 0.032106 0.020767 0.010734
15 2 0.034061 0.020767 0.010734
15 3 0.036832 0.020767 0.010734
15 4 0.044166 0.020767 0.010734
15 5 0.047099 0.020767 0.010734
15 6 0.044166 0.020767 0.010734
15 7 0.038787 0.020767 0.010734
15 8 0.031780 0.020767 0.010734
15 9 0.024772 0.020767 0.010734
15 10 0.022164 0.020767 0.010734
15 11 0.017601 0.020767 0.010734
15 12 0.014342 0.020767 0.010734
15 13 0.009452 0.020767 0.010734
15 14 0.006682 0.020767 0.010734
15 15 0.004400 0.020767 0.010734
15 16 0.003259 0.020767 0.010734
15 17 0.003259 0.020767 0.010734
15 18 0.002934 0.020767 0.010734
15 19 0.004074 0.020767 0.010734
15 20 0.006356 0.020767 0.010734
16 0 0.029335 0.020767 0.010734
16 1 0.031943 0.020767 0.010734
16 2 0.033735 0.020767 0.010734
16 3 0.039439 0.020767 0.010734
16 4 0.043351 0.020767 0.010734
16 5 0.045469 0.020767 0.010734
16 6 0.042862 0.020767 0.010734
16 7 0.035854 0.020767 0.010734
16 8 0.030313 0.020767 0.010734
16 9 0.024935 0.020767 0.010734
16 10 0.019231 0.020767 0.010734
16 11 0.015645 0.020767 0.010734
16 12 0.011082 0.020767 0.010734
16 13 0.005215 0.020767 0.010734
16 14 0.003911 0.020767 0.010734
16 15 0.002934 0.020767 0.010734
16 16 0.001793 0.020767 0.010734
16 17 0.002771 0.020767 0.010734
16 18 0.002119 0.020767 0.010734
16 19 0.004237 0.020767 0.010734
16 20 0.004074 0.020767 0.010734
17 0 0.026565 0.020767 0.010734
17 1 0.031128 0.020767 0.010734
17 2 0.032106 0.020767 0.010734
17 3 0.037158 0.020767 0.010734
17 4 0.040743 0.020767 0.010734
17 5 0.042536 0.020767 0.010734
17 6 0.037973 0.020767 0.010734
17 7 0.029987 0.020767 0.010734
17 8 0.026728 0.020767 0.010734
17 9 0.022001 0.020767 0.010734
17 10 0.018253 0.020767 0.010734
17 11 0.013853 0.020767 0.010734
17 12 0.009289 0.020767 0.010734
17 13 0.005541 0.020767 0.010734
17 14 0.003911 0.020767 0.010734
17 15 0.002934 0.020767 0.010734
17 16 0.002282 0.020767 0.010734
17 17 0.002771 0.020767 0.010734
17 18 0.002445 0.020767 0.010734
17 19 0.003911 0.020767 0.010734
17 20 0.003748 0.020767 0.010734
18 0 0.023631 0.020767 0.010734
18 1 0.027705 0.020767 0.010734
18 2 0.029498 0.020767 0.010734
18 3 0.032432 0.020767 0.010734
18 4 0.037647 0.020767 0.010734
18 5 0.037321 0.020767 0.010734
18 6 0.031780 0.020767 0.010734
18 7 0.027705 0.020767 0.010734
18 8 0.022653 0.020767 0.010734
18 9 0.018579 0.020767 0.010734
18 10 0.015482 0.020767 0.010734
18 11 0.011734 0.020767 0.010734
18 12 0.008149 0.020767 0.010734
18 13 0.006519 0.020767 0.010734
18 14 0.004889 0.020767 0.010734
18 15 0.003748 0.020767 0.010734
18 16 0.002608 0.020767 0.010734
18 17 0.002119 0.020767 0.010734
18 18 0.002608 0.020767 0.010734
18 19 0.003748 0.020767 0.010734
18 20 0.004237 0.020767 0.010734
19 0 0.022490 0.020767 0.010734
19 1 0.024935 0.020767 0.010734
19 2 0.027216 0.020767 0.010734
19 3 0.030476 0.020767 0.010734
19 4 0.031454 0.020767 0.010734
19 5 0.031454 0.020767 0.010734
19 6 0.026890 0.020767 0.010734
19 7 0.023305 0.020767 0.010734
19 8 0.018905 0.020767 0.010734
19 9 0.016786 0.020767 0.010734
19 10 0.017112 0.020767 0.010734
19 11 0.011897 0.020767 0.010734
19 12 0.009126 0.020767 0.010734
19 13 0.007660 0.020767 0.010734
19 14 0.007171 0.020767 0.010734
19 15 0.004563 0.020767 0.010734
19 16 0.004237 0.020767 0.010734
19 17 0.003911 0.020767 0.010734
19 18 0.002771 0.020767 0.010734
19 19 0.003585 0.020767 0.010734
19 20 0.004889 0.020767 0.010734
20 0 0.019231 0.020767 0.010734
20 1 0.021512 0.020767 0.010734
20 2 0.021512 0.020767 0.010734
20 3 0.026565 0.020767 0.010734
20 4 0.024609 0.020767 0.010734
20 5 0.024120 0.020767 0.010734
20 6 0.020535 0.020767 0.010734
20 7 0.019557 0.020767 0.010734
20 8 0.018905 0.020767 0.010734
20 9 0.016297 0.020767 0.010734
20 10 0.014505 0.020767 0.010734
20 11 0.012060 0.020767 0.010734
20 12 0.010267 0.020767 0.010734
20 13 0.007823 0.020767 0.010734
20 14 0.006682 0.020767 0.010734
20 15 0.006193 0.020767 0.010734
20 16 0.005541 0.020767 0.010734
20 17 0.004563 0.020767 0.010734
20 18 0.004074 0.020767 0.010734
20 19 0.004563 0.020767 0.010734
20 20 0.005867 0.020767 0.010734
