# contact distance = 12.0 Angstroms
# F = 0.4 kJ/mol

# i j contact_probability mean_contact_probability stddev_contact_probability
0 0 0.009428 0.019184 0.010286
0 1 0.008993 0.019184 0.010286
0 2 0.009283 0.019184 0.010286
0 3 0.009864 0.019184 0.010286
0 4 0.009428 0.019184 0.010286
0 5 0.008993 0.019184 0.010286
0 6 0.007978 0.019184 0.010286
0 7 0.008558 0.019184 0.010286
0 8 0.008848 0.019184 0.010286
0 9 0.009428 0.019184 0.010286
0 10 0.010299 0.019184 0.010286
0 11 0.011604 0.019184 0.010286
0 12 0.014360 0.019184 0.010286
0 13 0.015956 0.019184 0.010286
0 14 0.018857 0.019184 0.010286
0 15 0.023789 0.019184 0.010286
0 16 0.031477 0.019184 0.010286
0 17 0.035683 0.019184 0.010286
0 18 0.038584 0.019184 0.010286
0 19 0.037714 0.019184 0.010286
0 20 0.032202 0.019184 0.010286
1 0 0.008268 0.019184 0.010286
1 1 0.008413 0.019184 0.010286
1 2 0.008703 0.019184 0.010286
1 3 0.008848 0.019184 0.010286
1 4 0.008558 0.019184 0.010286
1 5 0.007543 0.019184 0.010286
1 6 0.006818 0.019184 0.010286
1 7 0.008268 0.019184 0.010286
1 8 0.008413 0.019184 0.010286
1 9 0.009428 0.019184 0.010286
1 10 0.011894 0.019184 0.010286
1 11 0.013780 0.019184 0.010286
1 12 0.014360 0.019184 0.010286
1 13 0.017116 0.019184 0.010286
1 14 0.021468 0.019184 0.010286
1 15 0.026400 0.019184 0.010286
1 16 0.035683 0.019184 0.010286
1 17 0.041195 0.019184 0.010286
1 18 0.042211 0.019184 0.010286
1 19 0.038729 0.019184 0.010286
1 20 0.034378 0.019184 0.010286
2 0 0.010009 0.019184 0.010286
2 1 0.007543 0.019184 0.010286
2 2 0.007543 0.019184 0.010286
2 3 0.007688 0.019184 0.010286
2 4 0.008123 0.019184 0.010286
2 5 0.007253 0.019184 0.010286
2 6 0.007253 0.019184 0.010286
2 7 0.008123 0.019184 0.010286
2 8 0.009283 0.019184 0.010286
2 9 0.011314 0.019184 0.010286
2 10 0.013490 0.019184 0.010286
2 11 0.015086 0.019184 0.010286
2 12 0.017261 0.019184 0.010286
2 13 0.017116 0.019184 0.010286
2 14 0.023644 0.019184 0.010286
2 15 0.030751 0.019184 0.010286
2 16 0.039310 0.019184 0.010286
2 17 0.043371 0.019184 0.010286
2 18 0.042501 0.019184 0.010286
2 19 0.037859 0.019184 0.010286
2 20 0.032637 0.019184 0.010286
3 0 0.009138 0.019184 0.010286
3 1 0.007253 0.019184 0.010286
3 2 0.007978 0.019184 0.010286
3 3 0.007833 0.019184 0.010286
3 4 0.008268 0.019184 0.010286
3 5 0.007688 0.019184 0.010286
3 6 0.009428 0.019184 0.010286
3 7 0.009428 0.019184 0.010286
3 8 0.011169 0.019184 0.010286
3 9 0.012185 0.019184 0.010286
3 10 0.014360 0.019184 0.010286
3 11 0.016681 0.019184 0.010286
3 12 0.019147 0.019184 0.010286
3 13 0.020743 0.019184 0.010286
3 14 0.026400 0.019184 0.010286
3 15 0.031477 0.019184 0.010286
3 16 0.037714 0.019184 0.010286
3 17 0.039890 0.019184 0.010286
3 18 0.042936 0.019184 0.010286
3 19 0.037134 0.019184 0.010286
3 20 0.032347 0.019184 0.010286
4 0 0.007253 0.019184 0.010286
4 1 0.008123 0.019184 0.010286
4 2 0.008413 0.019184 0.010286
4 3 0.008703 0.019184 0.010286
4 4 0.009428 0.019184 0.010286
4 5 0.010299 0.019184 0.010286
4 6 0.009428 0.019184 0.010286
4 7 0.010879 0.019184 0.010286
4 8 0.012039 0.019184 0.010286
4 9 0.014360 0.019184 0.010286
4 10 0.016246 0.019184 0.010286
4 11 0.017116 0.019184 0.010286
4 12 0.021033 0.019184 0.010286
4 13 0.023354 0.019184 0.010286
4 14 0.029591 0.019184 0.010286
4 15 0.034233 0.019184 0.010286
4 16 0.039019 0.019184 0.010286
4 17 0.042356 0.019184 0.010286
4 18 0.041050 0.019184 0.010286
4 19 0.035828 0.019184 0.010286
4 20 0.029736 0.019184 0.010286
5 0 0.008558 0.019184 0.010286
5 1 0.009283 0.019184 0.010286
5 2 0.008413 0.019184 0.010286
5 3 0.010154 0.019184 0.010286
5 4 0.009574 0.019184 0.010286
5 5 0.010009 0.019184 0.010286
5 6 0.009719 0.019184 0.010286
5 7 0.013200 0.019184 0.010286
5 8 0.012475 0.019184 0.010286
5 9 0.016101 0.019184 0.010286
5 10 0.018712 0.019184 0.010286
5 11 0.019147 0.019184 0.010286
5 12 0.023354 0.019184 0.010286
5 13 0.024514 0.019184 0.010286
5 14 0.028140 0.019184 0.010286
5 15 0.032492 0.019184 0.010286
5 16 0.037424 0.019184 0.010286
5 17 0.037569 0.019184 0.010286
5 18 0.037134 0.019184 0.010286
5 19 0.032347 0.019184 0.010286
5 20 0.027850 0.019184 0.010286
6 0 0.010444 0.019184 0.010286
6 1 0.009864 0.019184 0.010286
6 2 0.009138 0.019184 0.010286
6 3 0.009138 0.019184 0.010286
6 4 0.011314 0.019184 0.010286
6 5 0.010444 0.019184 0.010286
6 6 0.010444 0.019184 0.010286
6 7 0.011749 0.019184 0.010286
6 8 0.013925 0.019184 0.010286
6 9 0.015086 0.019184 0.010286
6 10 0.019872 0.019184 0.010286
6 11 0.021033 0.019184 0.010286
6 12 0.023209 0.019184 0.010286
6 13 0.026400 0.019184 0.010286
6 14 0.030026 0.019184 0.010286
6 15 0.032057 0.019184 0.010286
6 16 0.036263 0.019184 0.010286
6 17 0.034523 0.019184 0.010286
6 18 0.031767 0.019184 0.010286
6 19 0.028140 0.019184 0.010286
6 20 0.023934 0.019184 0.010286
7 0 0.010879 0.019184 0.010286
7 1 0.011024 0.019184 0.010286
7 2 0.010299 0.019184 0.010286
7 3 0.010299 0.019184 0.010286
7 4 0.011604 0.019184 0.010286
7 5 0.013345 0.019184 0.010286
7 6 0.011749 0.019184 0.010286
7 7 0.012475 0.019184 0.010286
7 8 0.014070 0.019184 0.010286
7 9 0.017697 0.019184 0.010286
7 10 0.019437 0.019184 0.010286
7 11 0.023354 0.019184 0.010286
7 12 0.024804 0.019184 0.010286
7 13 0.025529 0.019184 0.010286
7 14 0.029881 0.019184 0.010286
7 15 0.028431 0.019184 0.010286
7 16 0.029156 0.019184 0.010286
7 17 0.028431 0.019184 0.010286
7 18 0.027560 0.019184 0.010286
7 19 0.024804 0.019184 0.010286
7 20 0.020308 0.019184 0.010286
8 0 0.011604 0.019184 0.010286
8 1 0.010879 0.019184 0.010286
8 2 0.009864 0.019184 0.010286
8 3 0.011024 0.019184 0.010286
8 4 0.013345 0.019184 0.010286
8 5 0.014360 0.019184 0.010286
8 6 0.015231 0.019184 0.010286
8 7 0.016826 0.019184 0.010286
8 8 0.016101 0.019184 0.010286
8 9 0.016971 0.019184 0.010286
8 10 0.020017 0.019184 0.010286
8 11 0.023499 0.019184 0.010286
8 12 0.025529 0.019184 0.010286
8 13 0.025820 0.019184 0.010286
8 14 0.026690 0.019184 0.010286
8 15 0.025094 0.019184 0.010286
8 16 0.024079 0.019184 0.010286
8 17 0.021758 0.019184 0.010286
8 18 0.019582 0.019184 0.010286
8 19 0.017551 0.019184 0.010286
8 20 0.017261 0.019184 0.010286
9 0 0.010444 0.019184 0.010286
9 1 0.011169 0.019184 0.010286
9 2 0.011604 0.019184 0.010286
9 3 0.012910 0.019184 0.010286
9 4 0.016101 0.019184 0.010286
9 5 0.017697 0.019184 0.010286
9 6 0.019002 0.019184 0.010286
9 7 0.019582 0.019184 0.010286
9 8 0.018132 0.019184 0.010286
9 9 0.019727 0.019184 0.010286
9 10 0.021903 0.019184 0.010286
9 11 0.023499 0.019184 0.010286
9 12 0.025965 0.019184 0.010286
9 13 0.025674 0.019184 0.010286
9 14 0.025094 0.019184 0.010286
9 15 0.024659 0.019184 0.010286
9 16 0.020162 0.019184 0.010286
9 17 0.017261 0.019184 0.010286
9 18 0.015666 0.019184 0.010286
9 19 0.014360 0.019184 0.010286
9 20 0.013055 0.019184 0.010286
10 0 0.012039 0.019184 0.010286
10 1 0.013200 0.019184 0.010286
10 2 0.013200 0.019184 0.010286
10 3 0.016391 0.019184 0.010286
10 4 0.019437 0.019184 0.010286
10 5 0.020017 0.019184 0.010286
10 6 0.019147 0.019184 0.010286
10 7 0.020308 0.019184 0.010286
10 8 0.020162 0.019184 0.010286
10 9 0.021613 0.019184 0.010286
10 10 0.022048 0.019184 0.010286
10 11 0.024079 0.019184 0.010286
10 12 0.024949 0.019184 0.010286
10 13 0.024804 0.019184 0.010286
10 14 0.024514 0.019184 0.010286
10 15 0.021468 0.019184 0.010286
10 16 0.018422 0.019184 0.010286
10 17 0.014795 0.019184 0.010286
10 18 0.012620 0.019184 0.010286
10 19 0.013055 0.019184 0.010286
10 20 0.012910 0.019184 0.010286
11 0 0.013780 0.019184 0.010286
11 1 0.015521 0.019184 0.010286
11 2 0.016391 0.019184 0.010286
11 3 0.018857 0.019184 0.010286
11 4 0.022193 0.019184 0.010286
11 5 0.022048 0.019184 0.010286
11 6 0.021468 0.019184 0.010286
11 7 0.021758 0.019184 0.010286
11 8 0.024514 0.019184 0.010286
11 9 0.025965 0.019184 0.010286
11 10 0.025529 0.019184 0.010286
11 11 0.026255 0.019184 0.010286
11 12 0.024804 0.019184 0.010286
11 13 0.025674 0.019184 0.010286
11 14 0.023064 0.019184 0.010286
11 15 0.019437 0.019184 0.010286
11 16 0.016971 0.019184 0.010286
11 17 0.013200 0.019184 0.010286
11 18 0.013200 0.019184 0.010286
11 19 0.011604 0.019184 0.010286
11 20 0.012185 0.019184 0.010286
12 0 0.016246 0.019184 0.010286
12 1 0.017406 0.019184 0.010286
12 2 0.019727 0.019184 0.010286
12 3 0.024224 0.019184 0.010286
12 4 0.023209 0.019184 0.010286
12 5 0.023064 0.019184 0.010286
12 6 0.024224 0.019184 0.010286
12 7 0.023499 0.019184 0.010286
12 8 0.025239 0.019184 0.010286
12 9 0.027560 0.019184 0.010286
12 10 0.026400 0.019184 0.010286
12 11 0.025239 0.019184 0.010286
12 12 0.023354 0.019184 0.010286
12 13 0.024659 0.019184 0.010286
12 14 0.020308 0.019184 0.010286
12 15 0.016826 0.019184 0.010286
12 16 0.013635 0.019184 0.010286
12 17 0.013055 0.019184 0.010286
12 18 0.012620 0.019184 0.010286
12 19 0.012039 0.019184 0.010286
12 20 0.012185 0.019184 0.010286
13 0 0.018567 0.019184 0.010286
13 1 0.019872 0.019184 0.010286
13 2 0.024224 0.019184 0.010286
13 3 0.026400 0.019184 0.010286
13 4 0.028285 0.019184 0.010286
13 5 0.027125 0.019184 0.010286
13 6 0.027560 0.019184 0.010286
13 7 0.025820 0.019184 0.010286
13 8 0.025674 0.019184 0.010286
13 9 0.026400 0.019184 0.010286
13 10 0.027125 0.019184 0.010286
13 11 0.024659 0.019184 0.010286
13 12 0.022193 0.019184 0.010286
13 13 0.022338 0.019184 0.010286
13 14 0.020308 0.019184 0.010286
13 15 0.017842 0.019184 0.010286
13 16 0.013200 0.019184 0.010286
13 17 0.013345 0.019184 0.010286
13 18 0.011314 0.019184 0.010286
13 19 0.010009 0.019184 0.010286
13 20 0.011749 0.019184 0.010286
14 0 0.021323 0.019184 0.010286
14 1 0.024804 0.019184 0.010286
14 2 0.027125 0.019184 0.010286
14 3 0.030316 0.019184 0.010286
14 4 0.031041 0.019184 0.010286
14 5 0.030606 0.019184 0.010286
14 6 0.027995 0.019184 0.010286
14 7 0.024369 0.019184 0.010286
14 8 0.024079 0.019184 0.010286
14 9 0.023789 0.019184 0.010286
14 10 0.023064 0.019184 0.010286
14 11 0.024079 0.019184 0.010286
14 12 0.021613 0.019184 0.010286
14 13 0.020308 0.019184 0.010286
14 14 0.017551 0.019184 0.010286
14 15 0.015811 0.019184 0.010286
14 16 0.012475 0.019184 0.010286
14 17 0.009864 0.019184 0.010286
14 18 0.009138 0.019184 0.010286
14 19 0.009719 0.019184 0.010286
14 20 0.008413 0.019184 0.010286
15 0 0.028431 0.019184 0.010286
15 1 0.030896 0.019184 0.010286
15 2 0.033217 0.019184 0.010286
15 3 0.032927 0.019184 0.010286
15 4 0.033362 0.019184 0.010286
15 5 0.031622 0.019184 0.010286
15 6 0.030751 0.019184 0.010286
15 7 0.025674 0.019184 0.010286
15 8 0.022773 0.019184 0.010286
15 9 0.021613 0.019184 0.010286
15 10 0.020162 0.019184 0.010286
15 11 0.020743 0.019184 0.010286
15 12 0.019002 0.019184 0.010286
15 13 0.017406 0.019184 0.010286
15 14 0.015811 0.019184 0.010286
15 15 0.012910 0.019184 0.010286
15 16 0.009864 0.019184 0.010286
15 17 0.006818 0.019184 0.010286
15 18 0.005512 0.019184 0.010286
15 19 0.006237 0.019184 0.010286
15 20 0.005512 0.019184 0.010286
16 0 0.032057 0.019184 0.010286
16 1 0.037134 0.019184 0.010286
16 2 0.038294 0.019184 0.010286
16 3 0.039310 0.019184 0.010286
16 4 0.038439 0.019184 0.010286
16 5 0.032782 0.019184 0.010286
16 6 0.029446 0.019184 0.010286
16 7 0.023789 0.019184 0.010286
16 8 0.021178 0.019184 0.010286
16 9 0.018857 0.019184 0.010286
16 10 0.017842 0.019184 0.010286
16 11 0.018567 0.019184 0.010286
16 12 0.016246 0.019184 0.010286
16 13 0.014360 0.019184 0.010286
16 14 0.013055 0.019184 0.010286
16 15 0.008993 0.019184 0.010286
16 16 0.006237 0.019184 0.010286
16 17 0.004207 0.019184 0.010286
16 18 0.003481 0.019184 0.010286
16 19 0.003191 0.019184 0.010286
16 20 0.003626 0.019184 0.010286
17 0 0.035973 0.019184 0.010286
17 1 0.041921 0.019184 0.010286
17 2 0.042211 0.019184 0.010286
17 3 0.042066 0.019184 0.010286
17 4 0.038439 0.019184 0.010286
17 5 0.033072 0.019184 0.010286
17 6 0.030751 0.019184 0.010286
17 7 0.022773 0.019184 0.010286
17 8 0.020162 0.019184 0.010286
17 9 0.018422 0.019184 0.010286
17 10 0.016826 0.019184 0.010286
17 11 0.016246 0.019184 0.010286
17 12 0.013780 0.019184 0.010286
17 13 0.011749 0.019184 0.010286
17 14 0.007543 0.019184 0.010286
17 15 0.005222 0.019184 0.010286
17 16 0.003626 0.019184 0.010286
17 17 0.002901 0.019184 0.010286
17 18 0.002176 0.019184 0.010286
17 19 0.002321 0.019184 0.010286
17 20 0.003916 0.019184 0.010286
18 0 0.041050 0.019184 0.010286
18 1 0.044241 0.019184 0.010286
18 2 0.043081 0.019184 0.010286
18 3 0.040180 0.019184 0.010286
18 4 0.036989 0.019184 0.010286
18 5 0.032492 0.019184 0.010286
18 6 0.027850 0.019184 0.010286
18 7 0.021758 0.019184 0.010286
18 8 0.019147 0.019184 0.010286
18 9 0.017842 0.019184 0.010286
18 10 0.016826 0.019184 0.010286
18 11 0.013635 0.019184 0.010286
18 12 0.011314 0.019184 0.010286
18 13 0.010154 0.019184 0.010286
18 14 0.007543 0.019184 0.010286
18 15 0.005077 0.019184 0.010286
18 16 0.003046 0.019184 0.010286
18 17 0.001596 0.019184 0.010286
18 18 0.001305 0.019184 0.010286
18 19 0.002031 0.019184 0.010286
18 20 0.002321 0.019184 0.010286
19 0 0.039890 0.019184 0.010286
19 1 0.040760 0.019184 0.010286
19 2 0.040035 0.019184 0.010286
19 3 0.036989 0.019184 0.010286
19 4 0.032492 0.019184 0.010286
19 5 0.028576 0.019184 0.010286
19 6 0.023934 0.019184 0.010286
19 7 0.020017 0.019184 0.010286
19 8 0.017406 0.019184 0.010286
19 9 0.016971 0.019184 0.010286
19 10 0.015086 0.019184 0.010286
19 11 0.011749 0.019184 0.010286
19 12 0.009283 0.019184 0.010286
19 13 0.006818 0.019184 0.010286
19 14 0.006527 0.019184 0.010286
19 15 0.003771 0.019184 0.010286
19 16 0.003046 0.019184 0.010286
19 17 0.001886 0.019184 0.010286
19 18 0.001305 0.019184 0.010286
19 19 0.001596 0.019184 0.010286
19 20 0.002321 0.019184 0.010286
20 0 0.034668 0.019184 0.010286
20 1 0.034958 0.019184 0.010286
20 2 0.032637 0.019184 0.010286
20 3 0.029881 0.019184 0.010286
20 4 0.027995 0.019184 0.010286
20 5 0.026835 0.019184 0.010286
20 6 0.023499 0.019184 0.010286
20 7 0.021323 0.019184 0.010286
20 8 0.019292 0.019184 0.010286
20 9 0.017551 0.019184 0.010286
20 10 0.014070 0.019184 0.010286
20 11 0.010589 0.019184 0.010286
20 12 0.008558 0.019184 0.010286
20 13 0.006527 0.019184 0.010286
20 14 0.005802 0.019184 0.010286
20 15 0.004642 0.019184 0.010286
20 16 0.003046 0.019184 0.010286
20 17 0.002176 0.019184 0.010286
20 18 0.002176 0.019184 0.010286
20 19 0.002321 0.019184 0.010286
20 20 0.003771 0.019184 0.010286
