# contact distance = 12.0 Angstroms
# F = 0.4 kJ/mol

# i j contact_probability mean_contact_probability stddev_contact_probability
0 0 0.006937 0.015598 0.010892
0 1 0.006024 0.015598 0.010892
0 2 0.005294 0.015598 0.010892
0 3 0.006572 0.015598 0.010892
0 4 0.005842 0.015598 0.010892
0 5 0.006754 0.015598 0.010892
0 6 0.007302 0.015598 0.010892
0 7 0.006572 0.015598 0.010892
0 8 0.004746 0.015598 0.010892
0 9 0.004199 0.015598 0.010892
0 10 0.005111 0.015598 0.010892
0 11 0.004564 0.015598 0.010892
0 12 0.006207 0.015598 0.010892
0 13 0.009310 0.015598 0.010892
0 14 0.015699 0.015598 0.010892
0 15 0.022636 0.015598 0.010892
0 16 0.027200 0.015598 0.010892
0 17 0.034319 0.015598 0.010892
0 18 0.036692 0.015598 0.010892
0 19 0.036875 0.015598 0.010892
0 20 0.032494 0.015598 0.010892
1 0 0.005294 0.015598 0.010892
1 1 0.003834 0.015598 0.010892
1 2 0.003103 0.015598 0.010892
1 3 0.004016 0.015598 0.010892
1 4 0.002738 0.015598 0.010892
1 5 0.004746 0.015598 0.010892
1 6 0.005111 0.015598 0.010892
1 7 0.005111 0.015598 0.010892
1 8 0.004381 0.015598 0.010892
1 9 0.004199 0.015598 0.010892
1 10 0.003834 0.015598 0.010892
1 11 0.004381 0.015598 0.010892
1 12 0.005842 0.015598 0.010892
1 13 0.010588 0.015598 0.010892
1 14 0.017890 0.015598 0.010892
1 15 0.025192 0.015598 0.010892
1 16 0.031763 0.015598 0.010892
1 17 0.039613 0.015598 0.010892
1 18 0.043081 0.015598 0.010892
1 19 0.041438 0.015598 0.010892
1 20 0.035597 0.015598 0.010892
2 0 0.004929 0.015598 0.010892
2 1 0.003468 0.015598 0.010892
2 2 0.002008 0.015598 0.010892
2 3 0.003834 0.015598 0.010892
2 4 0.003468 0.015598 0.010892
2 5 0.003103 0.015598 0.010892
2 6 0.003468 0.015598 0.010892
2 7 0.005659 0.015598 0.010892
2 8 0.005294 0.015598 0.010892
2 9 0.004564 0.015598 0.010892
2 10 0.004199 0.015598 0.010892
2 11 0.004381 0.015598 0.010892
2 12 0.006024 0.015598 0.010892
2 13 0.011501 0.015598 0.010892
2 14 0.015699 0.015598 0.010892
2 15 0.027017 0.015598 0.010892
2 16 0.033224 0.015598 0.010892
2 17 0.041438 0.015598 0.010892
2 18 0.043629 0.015598 0.010892
2 19 0.039796 0.015598 0.010892
2 20 0.036692 0.015598 0.010892
3 0 0.006937 0.015598 0.010892
3 1 0.003834 0.015598 0.010892
3 2 0.002921 0.015598 0.010892
3 3 0.003651 0.015598 0.010892
3 4 0.002556 0.015598 0.010892
3 5 0.003651 0.015598 0.010892
3 6 0.003286 0.015598 0.010892
3 7 0.003834 0.015598 0.010892
3 8 0.005659 0.015598 0.010892
3 9 0.005294 0.015598 0.010892
3 10 0.005111 0.015598 0.010892
3 11 0.006389 0.015598 0.010892
3 12 0.007667 0.015598 0.010892
3 13 0.012596 0.015598 0.010892
3 14 0.019350 0.015598 0.010892
3 15 0.027565 0.015598 0.010892
3 16 0.037422 0.015598 0.010892
3 17 0.041986 0.015598 0.010892
3 18 0.042169 0.015598 0.010892
3 19 0.039065 0.015598 0.010892
3 20 0.035232 0.015598 0.010892
4 0 0.006389 0.015598 0.010892
4 1 0.003834 0.015598 0.010892
4 2 0.002921 0.015598 0.010892
4 3 0.003651 0.015598 0.010892
4 4 0.003286 0.015598 0.010892
4 5 0.002738 0.015598 0.010892
4 6 0.004016 0.015598 0.010892
4 7 0.004381 0.015598 0.010892
4 8 0.004564 0.015598 0.010892
4 9 0.005842 0.015598 0.010892
4 10 0.005111 0.015598 0.010892
4 11 0.005659 0.015598 0.010892
4 12 0.009493 0.015598 0.010892
4 13 0.013326 0.015598 0.010892
4 14 0.020080 0.015598 0.010892
4 15 0.027747 0.015598 0.010892
4 16 0.033041 0.015598 0.010892
4 17 0.040526 0.015598 0.010892
4 18 0.039430 0.015598 0.010892
4 19 0.036510 0.015598 0.010892
4 20 0.031763 0.015598 0.010892
5 0 0.005294 0.015598 0.010892
5 1 0.003103 0.015598 0.010892
5 2 0.001825 0.015598 0.010892
5 3 0.003468 0.015598 0.010892
5 4 0.003651 0.015598 0.010892
5 5 0.003651 0.015598 0.010892
5 6 0.004381 0.015598 0.010892
5 7 0.005476 0.015598 0.010892
5 8 0.004564 0.015598 0.010892
5 9 0.005842 0.015598 0.010892
5 10 0.007302 0.015598 0.010892
5 11 0.006754 0.015598 0.010892
5 12 0.009127 0.015598 0.010892
5 13 0.013874 0.015598 0.010892
5 14 0.020263 0.015598 0.010892
5 15 0.026652 0.015598 0.010892
5 16 0.032859 0.015598 0.010892
5 17 0.037422 0.015598 0.010892
5 18 0.035962 0.015598 0.010892
5 19 0.034319 0.015598 0.010892
5 20 0.029208 0.015598 0.010892
6 0 0.004746 0.015598 0.010892
6 1 0.003286 0.015598 0.010892
6 2 0.003286 0.015598 0.010892
6 3 0.003468 0.015598 0.010892
6 4 0.005111 0.015598 0.010892
6 5 0.004381 0.015598 0.010892
6 6 0.005476 0.015598 0.010892
6 7 0.006024 0.015598 0.010892
6 8 0.005294 0.015598 0.010892
6 9 0.007667 0.015598 0.010892
6 10 0.007302 0.015598 0.010892
6 11 0.008032 0.015598 0.010892
6 12 0.010588 0.015598 0.010892
6 13 0.016247 0.015598 0.010892
6 14 0.020993 0.015598 0.010892
6 15 0.025374 0.015598 0.010892
6 16 0.028112 0.015598 0.010892
6 17 0.030668 0.015598 0.010892
6 18 0.029938 0.015598 0.010892
6 19 0.028295 0.015598 0.010892
6 20 0.025922 0.015598 0.010892
7 0 0.004929 0.015598 0.010892
7 1 0.004199 0.015598 0.010892
7 2 0.004746 0.015598 0.010892
7 3 0.005111 0.015598 0.010892
7 4 0.004564 0.015598 0.010892
7 5 0.006572 0.015598 0.010892
7 6 0.006389 0.015598 0.010892
7 7 0.006572 0.015598 0.010892
7 8 0.007850 0.015598 0.010892
7 9 0.008945 0.015598 0.010892
7 10 0.008945 0.015598 0.010892
7 11 0.008945 0.015598 0.010892
7 12 0.012596 0.015598 0.010892
7 13 0.016612 0.015598 0.010892
7 14 0.021176 0.015598 0.010892
7 15 0.023184 0.015598 0.010892
7 16 0.024644 0.015598 0.010892
7 17 0.025739 0.015598 0.010892
7 18 0.025009 0.015598 0.010892
7 19 0.021906 0.015598 0.010892
7 20 0.021176 0.015598 0.010892
8 0 0.006389 0.015598 0.010892
8 1 0.004381 0.015598 0.010892
8 2 0.004016 0.015598 0.010892
8 3 0.004381 0.015598 0.010892
8 4 0.005659 0.015598 0.010892
8 5 0.006024 0.015598 0.010892
8 6 0.006754 0.015598 0.010892
8 7 0.007484 0.015598 0.010892
8 8 0.008945 0.015598 0.010892
8 9 0.009310 0.015598 0.010892
8 10 0.010770 0.015598 0.010892
8 11 0.011318 0.015598 0.010892
8 12 0.012778 0.015598 0.010892
8 13 0.016794 0.015598 0.010892
8 14 0.021541 0.015598 0.010892
8 15 0.022453 0.015598 0.010892
8 16 0.021906 0.015598 0.010892
8 17 0.022819 0.015598 0.010892
8 18 0.020080 0.015598 0.010892
8 19 0.017160 0.015598 0.010892
8 20 0.016977 0.015598 0.010892
9 0 0.006754 0.015598 0.010892
9 1 0.005111 0.015598 0.010892
9 2 0.004929 0.015598 0.010892
9 3 0.004929 0.015598 0.010892
9 4 0.005659 0.015598 0.010892
9 5 0.006937 0.015598 0.010892
9 6 0.009127 0.015598 0.010892
9 7 0.009493 0.015598 0.010892
9 8 0.009858 0.015598 0.010892
9 9 0.011501 0.015598 0.010892
9 10 0.011318 0.015598 0.010892
9 11 0.010953 0.015598 0.010892
9 12 0.012231 0.015598 0.010892
9 13 0.016247 0.015598 0.010892
9 14 0.019715 0.015598 0.010892
9 15 0.020993 0.015598 0.010892
9 16 0.021176 0.015598 0.010892
9 17 0.020263 0.015598 0.010892
9 18 0.016064 0.015598 0.010892
9 19 0.014604 0.015598 0.010892
9 20 0.015152 0.015598 0.010892
10 0 0.006572 0.015598 0.010892
10 1 0.003468 0.015598 0.010892
10 2 0.004929 0.015598 0.010892
10 3 0.005111 0.015598 0.010892
10 4 0.005294 0.015598 0.010892
10 5 0.006937 0.015598 0.010892
10 6 0.008032 0.015598 0.010892
10 7 0.008762 0.015598 0.010892
10 8 0.010040 0.015598 0.010892
10 9 0.010588 0.015598 0.010892
10 10 0.012778 0.015598 0.010892
10 11 0.012048 0.015598 0.010892
10 12 0.011866 0.015598 0.010892
10 13 0.016429 0.015598 0.010892
10 14 0.019533 0.015598 0.010892
10 15 0.022088 0.015598 0.010892
10 16 0.022819 0.015598 0.010892
10 17 0.019715 0.015598 0.010892
10 18 0.015517 0.015598 0.010892
10 19 0.013509 0.015598 0.010892
10 20 0.013509 0.015598 0.010892
11 0 0.005842 0.015598 0.010892
11 1 0.003834 0.015598 0.010892
11 2 0.004746 0.015598 0.010892
11 3 0.005111 0.015598 0.010892
11 4 0.006207 0.015598 0.010892
11 5 0.007850 0.015598 0.010892
11 6 0.008945 0.015598 0.010892
11 7 0.009493 0.015598 0.010892
11 8 0.010770 0.015598 0.010892
11 9 0.012778 0.015598 0.010892
11 10 0.012778 0.015598 0.010892
11 11 0.012778 0.015598 0.010892
11 12 0.014604 0.015598 0.010892
11 13 0.016064 0.015598 0.010892
11 14 0.018437 0.015598 0.010892
11 15 0.020993 0.015598 0.010892
11 16 0.020993 0.015598 0.010892
11 17 0.019350 0.015598 0.010892
11 18 0.014421 0.015598 0.010892
11 19 0.011683 0.015598 0.010892
11 20 0.010588 0.015598 0.010892
12 0 0.006937 0.015598 0.010892
12 1 0.004381 0.015598 0.010892
12 2 0.006754 0.015598 0.010892
12 3 0.009310 0.015598 0.010892
12 4 0.009858 0.015598 0.010892
12 5 0.012231 0.015598 0.010892
12 6 0.010770 0.015598 0.010892
12 7 0.010588 0.015598 0.010892
12 8 0.012048 0.015598 0.010892
12 9 0.014421 0.015598 0.010892
12 10 0.016612 0.015598 0.010892
12 11 0.015699 0.015598 0.010892
12 12 0.016064 0.015598 0.010892
12 13 0.016977 0.015598 0.010892
12 14 0.018255 0.015598 0.010892
12 15 0.019715 0.015598 0.010892
12 16 0.018802 0.015598 0.010892
12 17 0.016794 0.015598 0.010892
12 18 0.012961 0.015598 0.010892
12 19 0.011501 0.015598 0.010892
12 20 0.010953 0.015598 0.010892
13 0 0.009310 0.015598 0.010892
13 1 0.009310 0.015598 0.010892
13 2 0.011135 0.015598 0.010892
13 3 0.014604 0.015598 0.010892
13 4 0.015152 0.015598 0.010892
13 5 0.018072 0.015598 0.010892
13 6 0.017525 0.015598 0.010892
13 7 0.014969 0.015598 0.010892
13 8 0.015334 0.015598 0.010892
13 9 0.016977 0.015598 0.010892
13 10 0.019168 0.015598 0.010892
13 11 0.018620 0.015598 0.010892
13 12 0.016612 0.015598 0.010892
13 13 0.016977 0.015598 0.010892
13 14 0.018802 0.015598 0.010892
13 15 0.019168 0.015598 0.010892
13 16 0.018072 0.015598 0.010892
13 17 0.015334 0.015598 0.010892
13 18 0.012048 0.015598 0.010892
13 19 0.010223 0.015598 0.010892
13 20 0.010040 0.015598 0.010892
14 0 0.016429 0.015598 0.010892
14 1 0.015882 0.015598 0.010892
14 2 0.020445 0.015598 0.010892
14 3 0.021176 0.015598 0.010892
14 4 0.022453 0.015598 0.010892
14 5 0.023366 0.015598 0.010892
14 6 0.021358 0.015598 0.010892
14 7 0.018620 0.015598 0.010892
14 8 0.018985 0.015598 0.010892
14 9 0.019533 0.015598 0.010892
14 10 0.021723 0.015598 0.010892
14 11 0.018437 0.015598 0.010892
14 12 0.018802 0.015598 0.010892
14 13 0.016247 0.015598 0.010892
14 14 0.016064 0.015598 0.010892
14 15 0.015882 0.015598 0.010892
14 16 0.015152 0.015598 0.010892
14 17 0.011318 0.015598 0.010892
14 18 0.009310 0.015598 0.010892
14 19 0.008945 0.015598 0.010892
14 20 0.007850 0.015598 0.010892
15 0 0.021176 0.015598 0.010892
15 1 0.025739 0.015598 0.010892
15 2 0.029208 0.015598 0.010892
15 3 0.031763 0.015598 0.010892
15 4 0.029573 0.015598 0.010892
15 5 0.029755 0.015598 0.010892
15 6 0.027930 0.015598 0.010892
15 7 0.026652 0.015598 0.010892
15 8 0.022819 0.015598 0.010892
15 9 0.022819 0.015598 0.010892
15 10 0.022636 0.015598 0.010892
15 11 0.020993 0.015598 0.010892
15 12 0.020080 0.015598 0.010892
15 13 0.018072 0.015598 0.010892
15 14 0.015699 0.015598 0.010892
15 15 0.015334 0.015598 0.010892
15 16 0.011501 0.015598 0.010892
15 17 0.007302 0.015598 0.010892
15 18 0.006572 0.015598 0.010892
15 19 0.005842 0.015598 0.010892
15 20 0.005659 0.015598 0.010892
16 0 0.027017 0.015598 0.010892
16 1 0.032494 0.015598 0.010892
16 2 0.034684 0.015598 0.010892
16 3 0.036327 0.015598 0.010892
16 4 0.034319 0.015598 0.010892
16 5 0.033224 0.015598 0.010892
16 6 0.031581 0.015598 0.010892
16 7 0.027382 0.015598 0.010892
16 8 0.025009 0.015598 0.010892
16 9 0.023914 0.015598 0.010892
16 10 0.023549 0.015598 0.010892
16 11 0.019898 0.015598 0.010892
16 12 0.020445 0.015598 0.010892
16 13 0.018437 0.015598 0.010892
16 14 0.015152 0.015598 0.010892
16 15 0.012961 0.015598 0.010892
16 16 0.008762 0.015598 0.010892
16 17 0.005476 0.015598 0.010892
16 18 0.004199 0.015598 0.010892
16 19 0.004016 0.015598 0.010892
16 20 0.004564 0.015598 0.010892
17 0 0.033041 0.015598 0.010892
17 1 0.037788 0.015598 0.010892
17 2 0.039978 0.015598 0.010892
17 3 0.040343 0.015598 0.010892
17 4 0.038335 0.015598 0.010892
17 5 0.034867 0.015598 0.010892
17 6 0.030851 0.015598 0.010892
17 7 0.026470 0.015598 0.010892
17 8 0.021541 0.015598 0.010892
17 9 0.019898 0.015598 0.010892
17 10 0.021906 0.015598 0.010892
17 11 0.018620 0.015598 0.010892
17 12 0.018985 0.015598 0.010892
17 13 0.015882 0.015598 0.010892
17 14 0.013326 0.015598 0.010892
17 15 0.011866 0.015598 0.010892
17 16 0.008032 0.015598 0.010892
17 17 0.005842 0.015598 0.010892
17 18 0.003286 0.015598 0.010892
17 19 0.002738 0.015598 0.010892
17 20 0.004381 0.015598 0.010892
18 0 0.034502 0.015598 0.010892
18 1 0.040343 0.015598 0.010892
18 2 0.046002 0.015598 0.010892
18 3 0.043812 0.015598 0.010892
18 4 0.037970 0.015598 0.010892
18 5 0.033589 0.015598 0.010892
18 6 0.030668 0.015598 0.010892
18 7 0.026652 0.015598 0.010892
18 8 0.020263 0.015598 0.010892
18 9 0.018437 0.015598 0.010892
18 10 0.016794 0.015598 0.010892
18 11 0.018255 0.015598 0.010892
18 12 0.017890 0.015598 0.010892
18 13 0.016429 0.015598 0.010892
18 14 0.012413 0.015598 0.010892
18 15 0.010770 0.015598 0.010892
18 16 0.007119 0.015598 0.010892
18 17 0.005659 0.015598 0.010892
18 18 0.002556 0.015598 0.010892
18 19 0.002556 0.015598 0.010892
18 20 0.003651 0.015598 0.010892
19 0 0.034502 0.015598 0.010892
19 1 0.040891 0.015598 0.010892
19 2 0.042169 0.015598 0.010892
19 3 0.038153 0.015598 0.010892
19 4 0.033224 0.015598 0.010892
19 5 0.031033 0.015598 0.010892
19 6 0.028660 0.015598 0.010892
19 7 0.025009 0.015598 0.010892
19 8 0.019533 0.015598 0.010892
19 9 0.015517 0.015598 0.010892
19 10 0.015699 0.015598 0.010892
19 11 0.016977 0.015598 0.010892
19 12 0.018072 0.015598 0.010892
19 13 0.016429 0.015598 0.010892
19 14 0.013143 0.015598 0.010892
19 15 0.009858 0.015598 0.010892
19 16 0.007484 0.015598 0.010892
19 17 0.005659 0.015598 0.010892
19 18 0.003286 0.015598 0.010892
19 19 0.002921 0.015598 0.010892
19 20 0.004199 0.015598 0.010892
20 0 0.033224 0.015598 0.010892
20 1 0.035597 0.015598 0.010892
20 2 0.036510 0.015598 0.010892
20 3 0.032676 0.015598 0.010892
20 4 0.028478 0.015598 0.010892
20 5 0.027747 0.015598 0.010892
20 6 0.024279 0.015598 0.010892
20 7 0.020080 0.015598 0.010892
20 8 0.018255 0.015598 0.010892
20 9 0.014786 0.015598 0.010892
20 10 0.014421 0.015598 0.010892
20 11 0.016064 0.015598 0.010892
20 12 0.016977 0.015598 0.010892
20 13 0.012961 0.015598 0.010892
20 14 0.011318 0.015598 0.010892
20 15 0.009675 0.015598 0.010892
20 16 0.007484 0.015598 0.010892
20 17 0.006754 0.015598 0.010892
20 18 0.005476 0.015598 0.010892
20 19 0.004746 0.015598 0.010892
20 20 0.006024 0.015598 0.010892
