# contact distance = 12.0 Angstroms
# F = 0.4 kJ/mol

# i j contact_probability mean_contact_probability stddev_contact_probability
0 0 0.003978 0.024471 0.007420
0 1 0.005893 0.024471 0.007420
0 2 0.006777 0.024471 0.007420
0 3 0.007661 0.024471 0.007420
0 4 0.010460 0.024471 0.007420
0 5 0.010902 0.024471 0.007420
0 6 0.014585 0.024471 0.007420
0 7 0.017089 0.024471 0.007420
0 8 0.015910 0.024471 0.007420
0 9 0.015174 0.024471 0.007420
0 10 0.017089 0.024471 0.007420
0 11 0.016205 0.024471 0.007420
0 12 0.015468 0.024471 0.007420
0 13 0.017826 0.024471 0.007420
0 14 0.019446 0.024471 0.007420
0 15 0.021361 0.024471 0.007420
0 16 0.020919 0.024471 0.007420
0 17 0.018415 0.024471 0.007420
0 18 0.017678 0.024471 0.007420
0 19 0.014732 0.024471 0.007420
0 20 0.014732 0.024471 0.007420
1 0 0.004125 0.024471 0.007420
1 1 0.004567 0.024471 0.007420
1 2 0.005009 0.024471 0.007420
1 3 0.007366 0.024471 0.007420
1 4 0.010607 0.024471 0.007420
1 5 0.013259 0.024471 0.007420
1 6 0.015763 0.024471 0.007420
1 7 0.015910 0.024471 0.007420
1 8 0.016352 0.024471 0.007420
1 9 0.015910 0.024471 0.007420
1 10 0.017531 0.024471 0.007420
1 11 0.018120 0.024471 0.007420
1 12 0.017089 0.024471 0.007420
1 13 0.017384 0.024471 0.007420
1 14 0.020772 0.024471 0.007420
1 15 0.021656 0.024471 0.007420
1 16 0.021509 0.024471 0.007420
1 17 0.021509 0.024471 0.007420
1 18 0.019004 0.024471 0.007420
1 19 0.017384 0.024471 0.007420
1 20 0.017531 0.024471 0.007420
2 0 0.005745 0.024471 0.007420
2 1 0.005303 0.024471 0.007420
2 2 0.006335 0.024471 0.007420
2 3 0.008397 0.024471 0.007420
2 4 0.010902 0.024471 0.007420
2 5 0.012522 0.024471 0.007420
2 6 0.016058 0.024471 0.007420
2 7 0.018562 0.024471 0.007420
2 8 0.019446 0.024471 0.007420
2 9 0.019593 0.024471 0.007420
2 10 0.018857 0.024471 0.007420
2 11 0.019004 0.024471 0.007420
2 12 0.018857 0.024471 0.007420
2 13 0.018857 0.024471 0.007420
2 14 0.021067 0.024471 0.007420
2 15 0.021951 0.024471 0.007420
2 16 0.024308 0.024471 0.007420
2 17 0.021214 0.024471 0.007420
2 18 0.020625 0.024471 0.007420
2 19 0.019888 0.024471 0.007420
2 20 0.018268 0.024471 0.007420
3 0 0.007219 0.024471 0.007420
3 1 0.008250 0.024471 0.007420
3 2 0.008544 0.024471 0.007420
3 3 0.012080 0.024471 0.007420
3 4 0.014732 0.024471 0.007420
3 5 0.016352 0.024471 0.007420
3 6 0.019004 0.024471 0.007420
3 7 0.021951 0.024471 0.007420
3 8 0.022834 0.024471 0.007420
3 9 0.023129 0.024471 0.007420
3 10 0.022834 0.024471 0.007420
3 11 0.022245 0.024471 0.007420
3 12 0.022392 0.024471 0.007420
3 13 0.022392 0.024471 0.007420
3 14 0.022982 0.024471 0.007420
3 15 0.023571 0.024471 0.007420
3 16 0.023424 0.024471 0.007420
3 17 0.024308 0.024471 0.007420
3 18 0.022982 0.024471 0.007420
3 19 0.021509 0.024471 0.007420
3 20 0.020625 0.024471 0.007420
4 0 0.010607 0.024471 0.007420
4 1 0.009428 0.024471 0.007420
4 2 0.012080 0.024471 0.007420
4 3 0.016352 0.024471 0.007420
4 4 0.019741 0.024471 0.007420
4 5 0.022098 0.024471 0.007420
4 6 0.024160 0.024471 0.007420
4 7 0.026370 0.024471 0.007420
4 8 0.025192 0.024471 0.007420
4 9 0.024455 0.024471 0.007420
4 10 0.025928 0.024471 0.007420
4 11 0.026223 0.024471 0.007420
4 12 0.026075 0.024471 0.007420
4 13 0.026370 0.024471 0.007420
4 14 0.024013 0.024471 0.007420
4 15 0.023424 0.024471 0.007420
4 16 0.023276 0.024471 0.007420
4 17 0.024750 0.024471 0.007420
4 18 0.024308 0.024471 0.007420
4 19 0.022687 0.024471 0.007420
4 20 0.021803 0.024471 0.007420
5 0 0.012080 0.024471 0.007420
5 1 0.012817 0.024471 0.007420
5 2 0.015468 0.024471 0.007420
5 3 0.019446 0.024471 0.007420
5 4 0.022392 0.024471 0.007420
5 5 0.024455 0.024471 0.007420
5 6 0.027254 0.024471 0.007420
5 7 0.030200 0.024471 0.007420
5 8 0.028138 0.024471 0.007420
5 9 0.028138 0.024471 0.007420
5 10 0.028580 0.024471 0.007420
5 11 0.027401 0.024471 0.007420
5 12 0.028874 0.024471 0.007420
5 13 0.028285 0.024471 0.007420
5 14 0.027843 0.024471 0.007420
5 15 0.028285 0.024471 0.007420
5 16 0.024160 0.024471 0.007420
5 17 0.024750 0.024471 0.007420
5 18 0.026370 0.024471 0.007420
5 19 0.026370 0.024471 0.007420
5 20 0.023718 0.024471 0.007420
6 0 0.013259 0.024471 0.007420
6 1 0.014437 0.024471 0.007420
6 2 0.016352 0.024471 0.007420
6 3 0.021361 0.024471 0.007420
6 4 0.024160 0.024471 0.007420
6 5 0.026665 0.024471 0.007420
6 6 0.028433 0.024471 0.007420
6 7 0.028874 0.024471 0.007420
6 8 0.029022 0.024471 0.007420
6 9 0.028874 0.024471 0.007420
6 10 0.029906 0.024471 0.007420
6 11 0.031232 0.024471 0.007420
6 12 0.031084 0.024471 0.007420
6 13 0.031674 0.024471 0.007420
6 14 0.029464 0.024471 0.007420
6 15 0.028285 0.024471 0.007420
6 16 0.025192 0.024471 0.007420
6 17 0.026665 0.024471 0.007420
6 18 0.026812 0.024471 0.007420
6 19 0.027254 0.024471 0.007420
6 20 0.025486 0.024471 0.007420
7 0 0.014437 0.024471 0.007420
7 1 0.015174 0.024471 0.007420
7 2 0.017531 0.024471 0.007420
7 3 0.020919 0.024471 0.007420
7 4 0.024308 0.024471 0.007420
7 5 0.026812 0.024471 0.007420
7 6 0.028285 0.024471 0.007420
7 7 0.030937 0.024471 0.007420
7 8 0.030642 0.024471 0.007420
7 9 0.033294 0.024471 0.007420
7 10 0.031232 0.024471 0.007420
7 11 0.031968 0.024471 0.007420
7 12 0.033294 0.024471 0.007420
7 13 0.031674 0.024471 0.007420
7 14 0.030937 0.024471 0.007420
7 15 0.029316 0.024471 0.007420
7 16 0.027254 0.024471 0.007420
7 17 0.026075 0.024471 0.007420
7 18 0.026812 0.024471 0.007420
7 19 0.027254 0.024471 0.007420
7 20 0.025044 0.024471 0.007420
8 0 0.014732 0.024471 0.007420
8 1 0.016500 0.024471 0.007420
8 2 0.019151 0.024471 0.007420
8 3 0.022098 0.024471 0.007420
8 4 0.022392 0.024471 0.007420
8 5 0.024897 0.024471 0.007420
8 6 0.027107 0.024471 0.007420
8 7 0.029906 0.024471 0.007420
8 8 0.031526 0.024471 0.007420
8 9 0.034620 0.024471 0.007420
8 10 0.032410 0.024471 0.007420
8 11 0.034178 0.024471 0.007420
8 12 0.036535 0.024471 0.007420
8 13 0.033441 0.024471 0.007420
8 14 0.033294 0.024471 0.007420
8 15 0.031674 0.024471 0.007420
8 16 0.026812 0.024471 0.007420
8 17 0.025044 0.024471 0.007420
8 18 0.024750 0.024471 0.007420
8 19 0.025486 0.024471 0.007420
8 20 0.025339 0.024471 0.007420
9 0 0.015321 0.024471 0.007420
9 1 0.019004 0.024471 0.007420
9 2 0.019741 0.024471 0.007420
9 3 0.021067 0.024471 0.007420
9 4 0.025044 0.024471 0.007420
9 5 0.027401 0.024471 0.007420
9 6 0.031674 0.024471 0.007420
9 7 0.031232 0.024471 0.007420
9 8 0.033294 0.024471 0.007420
9 9 0.032999 0.024471 0.007420
9 10 0.032557 0.024471 0.007420
9 11 0.034473 0.024471 0.007420
9 12 0.037272 0.024471 0.007420
9 13 0.037124 0.024471 0.007420
9 14 0.035357 0.024471 0.007420
9 15 0.033441 0.024471 0.007420
9 16 0.030348 0.024471 0.007420
9 17 0.025781 0.024471 0.007420
9 18 0.025928 0.024471 0.007420
9 19 0.026812 0.024471 0.007420
9 20 0.025781 0.024471 0.007420
10 0 0.015763 0.024471 0.007420
10 1 0.017826 0.024471 0.007420
10 2 0.021067 0.024471 0.007420
10 3 0.020919 0.024471 0.007420
10 4 0.025339 0.024471 0.007420
10 5 0.026959 0.024471 0.007420
10 6 0.032115 0.024471 0.007420
10 7 0.032410 0.024471 0.007420
10 8 0.034620 0.024471 0.007420
10 9 0.035062 0.024471 0.007420
10 10 0.034915 0.024471 0.007420
10 11 0.034767 0.024471 0.007420
10 12 0.038303 0.024471 0.007420
10 13 0.036830 0.024471 0.007420
10 14 0.038450 0.024471 0.007420
10 15 0.033294 0.024471 0.007420
10 16 0.032557 0.024471 0.007420
10 17 0.027991 0.024471 0.007420
10 18 0.027991 0.024471 0.007420
10 19 0.026075 0.024471 0.007420
10 20 0.027696 0.024471 0.007420
11 0 0.016942 0.024471 0.007420
11 1 0.017678 0.024471 0.007420
11 2 0.019888 0.024471 0.007420
11 3 0.021803 0.024471 0.007420
11 4 0.023571 0.024471 0.007420
11 5 0.027843 0.024471 0.007420
11 6 0.032705 0.024471 0.007420
11 7 0.033441 0.024471 0.007420
11 8 0.032557 0.024471 0.007420
11 9 0.036535 0.024471 0.007420
11 10 0.033589 0.024471 0.007420
11 11 0.034473 0.024471 0.007420
11 12 0.036682 0.024471 0.007420
11 13 0.038303 0.024471 0.007420
11 14 0.039481 0.024471 0.007420
11 15 0.035651 0.024471 0.007420
11 16 0.033294 0.024471 0.007420
11 17 0.030200 0.024471 0.007420
11 18 0.028874 0.024471 0.007420
11 19 0.026959 0.024471 0.007420
11 20 0.026223 0.024471 0.007420
12 0 0.016500 0.024471 0.007420
12 1 0.016794 0.024471 0.007420
12 2 0.015616 0.024471 0.007420
12 3 0.021361 0.024471 0.007420
12 4 0.024897 0.024471 0.007420
12 5 0.029758 0.024471 0.007420
12 6 0.033441 0.024471 0.007420
12 7 0.033883 0.024471 0.007420
12 8 0.036682 0.024471 0.007420
12 9 0.036830 0.024471 0.007420
12 10 0.035651 0.024471 0.007420
12 11 0.036535 0.024471 0.007420
12 12 0.036830 0.024471 0.007420
12 13 0.038745 0.024471 0.007420
12 14 0.038745 0.024471 0.007420
12 15 0.036977 0.024471 0.007420
12 16 0.036388 0.024471 0.007420
12 17 0.032115 0.024471 0.007420
12 18 0.029316 0.024471 0.007420
12 19 0.027696 0.024471 0.007420
12 20 0.027107 0.024471 0.007420
13 0 0.016942 0.024471 0.007420
13 1 0.016794 0.024471 0.007420
13 2 0.016647 0.024471 0.007420
13 3 0.020772 0.024471 0.007420
13 4 0.025633 0.024471 0.007420
13 5 0.027991 0.024471 0.007420
13 6 0.034178 0.024471 0.007420
13 7 0.034915 0.024471 0.007420
13 8 0.036240 0.024471 0.007420
13 9 0.037714 0.024471 0.007420
13 10 0.037714 0.024471 0.007420
13 11 0.036093 0.024471 0.007420
13 12 0.037419 0.024471 0.007420
13 13 0.038598 0.024471 0.007420
13 14 0.035357 0.024471 0.007420
13 15 0.034473 0.024471 0.007420
13 16 0.031526 0.024471 0.007420
13 17 0.032115 0.024471 0.007420
13 18 0.029316 0.024471 0.007420
13 19 0.029906 0.024471 0.007420
13 20 0.026075 0.024471 0.007420
14 0 0.018120 0.024471 0.007420
14 1 0.019593 0.024471 0.007420
14 2 0.020477 0.024471 0.007420
14 3 0.021656 0.024471 0.007420
14 4 0.025928 0.024471 0.007420
14 5 0.030937 0.024471 0.007420
14 6 0.033589 0.024471 0.007420
14 7 0.032557 0.024471 0.007420
14 8 0.038156 0.024471 0.007420
14 9 0.038450 0.024471 0.007420
14 10 0.037124 0.024471 0.007420
14 11 0.038303 0.024471 0.007420
14 12 0.036388 0.024471 0.007420
14 13 0.036093 0.024471 0.007420
14 14 0.031968 0.024471 0.007420
14 15 0.031674 0.024471 0.007420
14 16 0.030937 0.024471 0.007420
14 17 0.029611 0.024471 0.007420
14 18 0.027696 0.024471 0.007420
14 19 0.025339 0.024471 0.007420
14 20 0.024602 0.024471 0.007420
15 0 0.020330 0.024471 0.007420
15 1 0.020772 0.024471 0.007420
15 2 0.021214 0.024471 0.007420
15 3 0.022834 0.024471 0.007420
15 4 0.026812 0.024471 0.007420
15 5 0.028874 0.024471 0.007420
15 6 0.029464 0.024471 0.007420
15 7 0.030200 0.024471 0.007420
15 8 0.034767 0.024471 0.007420
15 9 0.035062 0.024471 0.007420
15 10 0.035798 0.024471 0.007420
15 11 0.036535 0.024471 0.007420
15 12 0.035504 0.024471 0.007420
15 13 0.034178 0.024471 0.007420
15 14 0.030642 0.024471 0.007420
15 15 0.029022 0.024471 0.007420
15 16 0.026812 0.024471 0.007420
15 17 0.025339 0.024471 0.007420
15 18 0.022834 0.024471 0.007420
15 19 0.023866 0.024471 0.007420
15 20 0.022982 0.024471 0.007420
16 0 0.021656 0.024471 0.007420
16 1 0.020919 0.024471 0.007420
16 2 0.021803 0.024471 0.007420
16 3 0.024013 0.024471 0.007420
16 4 0.024602 0.024471 0.007420
16 5 0.026665 0.024471 0.007420
16 6 0.027991 0.024471 0.007420
16 7 0.030937 0.024471 0.007420
16 8 0.030495 0.024471 0.007420
16 9 0.032410 0.024471 0.007420
16 10 0.032557 0.024471 0.007420
16 11 0.032263 0.024471 0.007420
16 12 0.032999 0.024471 0.007420
16 13 0.029758 0.024471 0.007420
16 14 0.028580 0.024471 0.007420
16 15 0.025339 0.024471 0.007420
16 16 0.022982 0.024471 0.007420
16 17 0.021067 0.024471 0.007420
16 18 0.019593 0.024471 0.007420
16 19 0.021067 0.024471 0.007420
16 20 0.022098 0.024471 0.007420
17 0 0.022392 0.024471 0.007420
17 1 0.021214 0.024471 0.007420
17 2 0.020625 0.024471 0.007420
17 3 0.022098 0.024471 0.007420
17 4 0.022392 0.024471 0.007420
17 5 0.023571 0.024471 0.007420
17 6 0.027107 0.024471 0.007420
17 7 0.028874 0.024471 0.007420
17 8 0.029758 0.024471 0.007420
17 9 0.029611 0.024471 0.007420
17 10 0.029758 0.024471 0.007420
17 11 0.028727 0.024471 0.007420
17 12 0.030053 0.024471 0.007420
17 13 0.028874 0.024471 0.007420
17 14 0.024750 0.024471 0.007420
17 15 0.021656 0.024471 0.007420
17 16 0.019299 0.024471 0.007420
17 17 0.018268 0.024471 0.007420
17 18 0.018268 0.024471 0.007420
17 19 0.019446 0.024471 0.007420
17 20 0.019446 0.024471 0.007420
18 0 0.019151 0.024471 0.007420
18 1 0.020625 0.024471 0.007420
18 2 0.019888 0.024471 0.007420
18 3 0.020625 0.024471 0.007420
18 4 0.021361 0.024471 0.007420
18 5 0.025044 0.024471 0.007420
18 6 0.025339 0.024471 0.007420
18 7 0.026959 0.024471 0.007420
18 8 0.028580 0.024471 0.007420
18 9 0.028285 0.024471 0.007420
18 10 0.027401 0.024471 0.007420
18 11 0.026665 0.024471 0.007420
18 12 0.027254 0.024471 0.007420
18 13 0.026075 0.024471 0.007420
18 14 0.023424 0.024471 0.007420
18 15 0.020183 0.024471 0.007420
18 16 0.018562 0.024471 0.007420
18 17 0.016794 0.024471 0.007420
18 18 0.017973 0.024471 0.007420
18 19 0.019004 0.024471 0.007420
18 20 0.019446 0.024471 0.007420
19 0 0.019446 0.024471 0.007420
19 1 0.017973 0.024471 0.007420
19 2 0.018268 0.024471 0.007420
19 3 0.017678 0.024471 0.007420
19 4 0.021803 0.024471 0.007420
19 5 0.023866 0.024471 0.007420
19 6 0.025928 0.024471 0.007420
19 7 0.025928 0.024471 0.007420
19 8 0.026665 0.024471 0.007420
19 9 0.026370 0.024471 0.007420
19 10 0.026812 0.024471 0.007420
19 11 0.025928 0.024471 0.007420
19 12 0.025192 0.024471 0.007420
19 13 0.024308 0.024471 0.007420
19 14 0.023129 0.024471 0.007420
19 15 0.019299 0.024471 0.007420
19 16 0.017678 0.024471 0.007420
19 17 0.015616 0.024471 0.007420
19 18 0.017531 0.024471 0.007420
19 19 0.018120 0.024471 0.007420
19 20 0.016647 0.024471 0.007420
20 0 0.017826 0.024471 0.007420
20 1 0.017678 0.024471 0.007420
20 2 0.017531 0.024471 0.007420
20 3 0.019593 0.024471 0.007420
20 4 0.020330 0.024471 0.007420
20 5 0.023276 0.024471 0.007420
20 6 0.024602 0.024471 0.007420
20 7 0.024602 0.024471 0.007420
20 8 0.023424 0.024471 0.007420
20 9 0.022982 0.024471 0.007420
20 10 0.023866 0.024471 0.007420
20 11 0.024897 0.024471 0.007420
20 12 0.024013 0.024471 0.007420
20 13 0.021803 0.024471 0.007420
20 14 0.022245 0.024471 0.007420
20 15 0.017826 0.024471 0.007420
20 16 0.017826 0.024471 0.007420
20 17 0.015468 0.024471 0.007420
20 18 0.016205 0.024471 0.007420
20 19 0.016205 0.024471 0.007420
20 20 0.016352 0.024471 0.007420
