# contact distance = 12.0 Angstroms
# F = 0.4 kJ/mol

# i j contact_probability mean_contact_probability stddev_contact_probability
0 0 0.004994 0.023386 0.008481
0 1 0.005993 0.023386 0.008481
0 2 0.006421 0.023386 0.008481
0 3 0.008419 0.023386 0.008481
0 4 0.010417 0.023386 0.008481
0 5 0.014412 0.023386 0.008481
0 6 0.015554 0.023386 0.008481
0 7 0.016267 0.023386 0.008481
0 8 0.016695 0.023386 0.008481
0 9 0.017266 0.023386 0.008481
0 10 0.016267 0.023386 0.008481
0 11 0.018408 0.023386 0.008481
0 12 0.021689 0.023386 0.008481
0 13 0.024401 0.023386 0.008481
0 14 0.029538 0.023386 0.008481
0 15 0.032820 0.023386 0.008481
0 16 0.035245 0.023386 0.008481
0 17 0.035245 0.023386 0.008481
0 18 0.034104 0.023386 0.008481
0 19 0.028396 0.023386 0.008481
0 20 0.024971 0.023386 0.008481
1 0 0.006849 0.023386 0.008481
1 1 0.005565 0.023386 0.008481
1 2 0.006707 0.023386 0.008481
1 3 0.008562 0.023386 0.008481
1 4 0.011130 0.023386 0.008481
1 5 0.013841 0.023386 0.008481
1 6 0.015839 0.023386 0.008481
1 7 0.018265 0.023386 0.008481
1 8 0.017979 0.023386 0.008481
1 9 0.016838 0.023386 0.008481
1 10 0.016553 0.023386 0.008481
1 11 0.019834 0.023386 0.008481
1 12 0.022974 0.023386 0.008481
1 13 0.024543 0.023386 0.008481
1 14 0.029110 0.023386 0.008481
1 15 0.035245 0.023386 0.008481
1 16 0.037957 0.023386 0.008481
1 17 0.039098 0.023386 0.008481
1 18 0.037814 0.023386 0.008481
1 19 0.031107 0.023386 0.008481
1 20 0.027397 0.023386 0.008481
2 0 0.005850 0.023386 0.008481
2 1 0.006421 0.023386 0.008481
2 2 0.005993 0.023386 0.008481
2 3 0.007277 0.023386 0.008481
2 4 0.011701 0.023386 0.008481
2 5 0.016410 0.023386 0.008481
2 6 0.017551 0.023386 0.008481
2 7 0.018122 0.023386 0.008481
2 8 0.018836 0.023386 0.008481
2 9 0.019834 0.023386 0.008481
2 10 0.019549 0.023386 0.008481
2 11 0.020691 0.023386 0.008481
2 12 0.024401 0.023386 0.008481
2 13 0.027968 0.023386 0.008481
2 14 0.029538 0.023386 0.008481
2 15 0.034389 0.023386 0.008481
2 16 0.037814 0.023386 0.008481
2 17 0.039241 0.023386 0.008481
2 18 0.036815 0.023386 0.008481
2 19 0.029823 0.023386 0.008481
2 20 0.028682 0.023386 0.008481
3 0 0.007135 0.023386 0.008481
3 1 0.006992 0.023386 0.008481
3 2 0.006564 0.023386 0.008481
3 3 0.008990 0.023386 0.008481
3 4 0.011558 0.023386 0.008481
3 5 0.016124 0.023386 0.008481
3 6 0.018836 0.023386 0.008481
3 7 0.021689 0.023386 0.008481
3 8 0.023402 0.023386 0.008481
3 9 0.022403 0.023386 0.008481
3 10 0.023116 0.023386 0.008481
3 11 0.023545 0.023386 0.008481
3 12 0.025542 0.023386 0.008481
3 13 0.027683 0.023386 0.008481
3 14 0.031250 0.023386 0.008481
3 15 0.033961 0.023386 0.008481
3 16 0.035816 0.023386 0.008481
3 17 0.039098 0.023386 0.008481
3 18 0.037671 0.023386 0.008481
3 19 0.033533 0.023386 0.008481
3 20 0.028682 0.023386 0.008481
4 0 0.011701 0.023386 0.008481
4 1 0.009561 0.023386 0.008481
4 2 0.010131 0.023386 0.008481
4 3 0.012272 0.023386 0.008481
4 4 0.015696 0.023386 0.008481
4 5 0.018408 0.023386 0.008481
4 6 0.023402 0.023386 0.008481
4 7 0.023830 0.023386 0.008481
4 8 0.026398 0.023386 0.008481
4 9 0.027112 0.023386 0.008481
4 10 0.027540 0.023386 0.008481
4 11 0.028824 0.023386 0.008481
4 12 0.030679 0.023386 0.008481
4 13 0.029680 0.023386 0.008481
4 14 0.034532 0.023386 0.008481
4 15 0.036672 0.023386 0.008481
4 16 0.037243 0.023386 0.008481
4 17 0.034960 0.023386 0.008481
4 18 0.036530 0.023386 0.008481
4 19 0.032820 0.023386 0.008481
4 20 0.028253 0.023386 0.008481
5 0 0.013271 0.023386 0.008481
5 1 0.012557 0.023386 0.008481
5 2 0.013841 0.023386 0.008481
5 3 0.015554 0.023386 0.008481
5 4 0.019264 0.023386 0.008481
5 5 0.021832 0.023386 0.008481
5 6 0.025257 0.023386 0.008481
5 7 0.026398 0.023386 0.008481
5 8 0.027397 0.023386 0.008481
5 9 0.028539 0.023386 0.008481
5 10 0.030394 0.023386 0.008481
5 11 0.030822 0.023386 0.008481
5 12 0.031963 0.023386 0.008481
5 13 0.032820 0.023386 0.008481
5 14 0.034104 0.023386 0.008481
5 15 0.033533 0.023386 0.008481
5 16 0.033818 0.023386 0.008481
5 17 0.034817 0.023386 0.008481
5 18 0.032106 0.023386 0.008481
5 19 0.031107 0.023386 0.008481
5 20 0.028967 0.023386 0.008481
6 0 0.015126 0.023386 0.008481
6 1 0.013699 0.023386 0.008481
6 2 0.015696 0.023386 0.008481
6 3 0.018122 0.023386 0.008481
6 4 0.021404 0.023386 0.008481
6 5 0.023830 0.023386 0.008481
6 6 0.027397 0.023386 0.008481
6 7 0.029110 0.023386 0.008481
6 8 0.029395 0.023386 0.008481
6 9 0.029110 0.023386 0.008481
6 10 0.027968 0.023386 0.008481
6 11 0.032106 0.023386 0.008481
6 12 0.031535 0.023386 0.008481
6 13 0.030822 0.023386 0.008481
6 14 0.032534 0.023386 0.008481
6 15 0.032106 0.023386 0.008481
6 16 0.031535 0.023386 0.008481
6 17 0.029110 0.023386 0.008481
6 18 0.028967 0.023386 0.008481
6 19 0.027825 0.023386 0.008481
6 20 0.026826 0.023386 0.008481
7 0 0.017551 0.023386 0.008481
7 1 0.016410 0.023386 0.008481
7 2 0.015839 0.023386 0.008481
7 3 0.019692 0.023386 0.008481
7 4 0.024401 0.023386 0.008481
7 5 0.028539 0.023386 0.008481
7 6 0.028682 0.023386 0.008481
7 7 0.031250 0.023386 0.008481
7 8 0.030965 0.023386 0.008481
7 9 0.027540 0.023386 0.008481
7 10 0.027540 0.023386 0.008481
7 11 0.029966 0.023386 0.008481
7 12 0.028824 0.023386 0.008481
7 13 0.030394 0.023386 0.008481
7 14 0.030822 0.023386 0.008481
7 15 0.029823 0.023386 0.008481
7 16 0.027112 0.023386 0.008481
7 17 0.025542 0.023386 0.008481
7 18 0.025685 0.023386 0.008481
7 19 0.025685 0.023386 0.008481
7 20 0.025400 0.023386 0.008481
8 0 0.016267 0.023386 0.008481
8 1 0.016124 0.023386 0.008481
8 2 0.017551 0.023386 0.008481
8 3 0.019692 0.023386 0.008481
8 4 0.024971 0.023386 0.008481
8 5 0.029823 0.023386 0.008481
8 6 0.029110 0.023386 0.008481
8 7 0.029538 0.023386 0.008481
8 8 0.029395 0.023386 0.008481
8 9 0.028396 0.023386 0.008481
8 10 0.030251 0.023386 0.008481
8 11 0.028396 0.023386 0.008481
8 12 0.030965 0.023386 0.008481
8 13 0.029680 0.023386 0.008481
8 14 0.028253 0.023386 0.008481
8 15 0.026684 0.023386 0.008481
8 16 0.024829 0.023386 0.008481
8 17 0.022974 0.023386 0.008481
8 18 0.021689 0.023386 0.008481
8 19 0.024971 0.023386 0.008481
8 20 0.022831 0.023386 0.008481
9 0 0.017979 0.023386 0.008481
9 1 0.016410 0.023386 0.008481
9 2 0.015554 0.023386 0.008481
9 3 0.018408 0.023386 0.008481
9 4 0.022403 0.023386 0.008481
9 5 0.029395 0.023386 0.008481
9 6 0.031107 0.023386 0.008481
9 7 0.031821 0.023386 0.008481
9 8 0.030108 0.023386 0.008481
9 9 0.027968 0.023386 0.008481
9 10 0.030537 0.023386 0.008481
9 11 0.030108 0.023386 0.008481
9 12 0.030394 0.023386 0.008481
9 13 0.029823 0.023386 0.008481
9 14 0.027540 0.023386 0.008481
9 15 0.027683 0.023386 0.008481
9 16 0.026541 0.023386 0.008481
9 17 0.021832 0.023386 0.008481
9 18 0.018836 0.023386 0.008481
9 19 0.023116 0.023386 0.008481
9 20 0.022688 0.023386 0.008481
10 0 0.017409 0.023386 0.008481
10 1 0.017694 0.023386 0.008481
10 2 0.016695 0.023386 0.008481
10 3 0.019406 0.023386 0.008481
10 4 0.023545 0.023386 0.008481
10 5 0.028253 0.023386 0.008481
10 6 0.030965 0.023386 0.008481
10 7 0.032820 0.023386 0.008481
10 8 0.031535 0.023386 0.008481
10 9 0.027968 0.023386 0.008481
10 10 0.027540 0.023386 0.008481
10 11 0.028967 0.023386 0.008481
10 12 0.029395 0.023386 0.008481
10 13 0.029252 0.023386 0.008481
10 14 0.025257 0.023386 0.008481
10 15 0.023687 0.023386 0.008481
10 16 0.022688 0.023386 0.008481
10 17 0.019977 0.023386 0.008481
10 18 0.021832 0.023386 0.008481
10 19 0.021119 0.023386 0.008481
10 20 0.019834 0.023386 0.008481
11 0 0.019264 0.023386 0.008481
11 1 0.018550 0.023386 0.008481
11 2 0.018978 0.023386 0.008481
11 3 0.021975 0.023386 0.008481
11 4 0.028111 0.023386 0.008481
11 5 0.030822 0.023386 0.008481
11 6 0.033676 0.023386 0.008481
11 7 0.033533 0.023386 0.008481
11 8 0.030965 0.023386 0.008481
11 9 0.029395 0.023386 0.008481
11 10 0.027112 0.023386 0.008481
11 11 0.029110 0.023386 0.008481
11 12 0.030537 0.023386 0.008481
11 13 0.028824 0.023386 0.008481
11 14 0.026684 0.023386 0.008481
11 15 0.021689 0.023386 0.008481
11 16 0.019692 0.023386 0.008481
11 17 0.019406 0.023386 0.008481
11 18 0.017694 0.023386 0.008481
11 19 0.019977 0.023386 0.008481
11 20 0.019264 0.023386 0.008481
12 0 0.020405 0.023386 0.008481
12 1 0.019977 0.023386 0.008481
12 2 0.020120 0.023386 0.008481
12 3 0.023830 0.023386 0.008481
12 4 0.031250 0.023386 0.008481
12 5 0.035531 0.023386 0.008481
12 6 0.032677 0.023386 0.008481
12 7 0.030965 0.023386 0.008481
12 8 0.026541 0.023386 0.008481
12 9 0.026256 0.023386 0.008481
12 10 0.026113 0.023386 0.008481
12 11 0.025257 0.023386 0.008481
12 12 0.026398 0.023386 0.008481
12 13 0.025828 0.023386 0.008481
12 14 0.023545 0.023386 0.008481
12 15 0.019264 0.023386 0.008481
12 16 0.018978 0.023386 0.008481
12 17 0.015982 0.023386 0.008481
12 18 0.015839 0.023386 0.008481
12 19 0.015696 0.023386 0.008481
12 20 0.017409 0.023386 0.008481
13 0 0.022546 0.023386 0.008481
13 1 0.023687 0.023386 0.008481
13 2 0.023973 0.023386 0.008481
13 3 0.027255 0.023386 0.008481
13 4 0.031107 0.023386 0.008481
13 5 0.033818 0.023386 0.008481
13 6 0.030822 0.023386 0.008481
13 7 0.031107 0.023386 0.008481
13 8 0.027397 0.023386 0.008481
13 9 0.026256 0.023386 0.008481
13 10 0.025970 0.023386 0.008481
13 11 0.022688 0.023386 0.008481
13 12 0.023116 0.023386 0.008481
13 13 0.024401 0.023386 0.008481
13 14 0.020976 0.023386 0.008481
13 15 0.017266 0.023386 0.008481
13 16 0.013271 0.023386 0.008481
13 17 0.013841 0.023386 0.008481
13 18 0.013413 0.023386 0.008481
13 19 0.014983 0.023386 0.008481
13 20 0.014269 0.023386 0.008481
14 0 0.028396 0.023386 0.008481
14 1 0.029966 0.023386 0.008481
14 2 0.028967 0.023386 0.008481
14 3 0.032677 0.023386 0.008481
14 4 0.035103 0.023386 0.008481
14 5 0.035531 0.023386 0.008481
14 6 0.032534 0.023386 0.008481
14 7 0.029966 0.023386 0.008481
14 8 0.026826 0.023386 0.008481
14 9 0.025542 0.023386 0.008481
14 10 0.026826 0.023386 0.008481
14 11 0.024543 0.023386 0.008481
14 12 0.021689 0.023386 0.008481
14 13 0.021261 0.023386 0.008481
14 14 0.016695 0.023386 0.008481
14 15 0.012985 0.023386 0.008481
14 16 0.012272 0.023386 0.008481
14 17 0.010845 0.023386 0.008481
14 18 0.011416 0.023386 0.008481
14 19 0.012272 0.023386 0.008481
14 20 0.013984 0.023386 0.008481
15 0 0.033961 0.023386 0.008481
15 1 0.034817 0.023386 0.008481
15 2 0.032820 0.023386 0.008481
15 3 0.035674 0.023386 0.008481
15 4 0.037529 0.023386 0.008481
15 5 0.037957 0.023386 0.008481
15 6 0.033533 0.023386 0.008481
15 7 0.029110 0.023386 0.008481
15 8 0.027683 0.023386 0.008481
15 9 0.024543 0.023386 0.008481
15 10 0.024686 0.023386 0.008481
15 11 0.023116 0.023386 0.008481
15 12 0.021689 0.023386 0.008481
15 13 0.017123 0.023386 0.008481
15 14 0.015268 0.023386 0.008481
15 15 0.012129 0.023386 0.008481
15 16 0.009846 0.023386 0.008481
15 17 0.008419 0.023386 0.008481
15 18 0.008276 0.023386 0.008481
15 19 0.010417 0.023386 0.008481
15 20 0.012414 0.023386 0.008481
16 0 0.036530 0.023386 0.008481
16 1 0.039812 0.023386 0.008481
16 2 0.040668 0.023386 0.008481
16 3 0.037529 0.023386 0.008481
16 4 0.036815 0.023386 0.008481
16 5 0.035103 0.023386 0.008481
16 6 0.031250 0.023386 0.008481
16 7 0.029252 0.023386 0.008481
16 8 0.026256 0.023386 0.008481
16 9 0.024829 0.023386 0.008481
16 10 0.022831 0.023386 0.008481
16 11 0.022403 0.023386 0.008481
16 12 0.020120 0.023386 0.008481
16 13 0.016410 0.023386 0.008481
16 14 0.012985 0.023386 0.008481
16 15 0.009418 0.023386 0.008481
16 16 0.008134 0.023386 0.008481
16 17 0.005850 0.023386 0.008481
16 18 0.005993 0.023386 0.008481
16 19 0.008276 0.023386 0.008481
16 20 0.010845 0.023386 0.008481
17 0 0.038670 0.023386 0.008481
17 1 0.039526 0.023386 0.008481
17 2 0.041239 0.023386 0.008481
17 3 0.037100 0.023386 0.008481
17 4 0.033961 0.023386 0.008481
17 5 0.033105 0.023386 0.008481
17 6 0.030537 0.023386 0.008481
17 7 0.028682 0.023386 0.008481
17 8 0.026256 0.023386 0.008481
17 9 0.023116 0.023386 0.008481
17 10 0.020405 0.023386 0.008481
17 11 0.020263 0.023386 0.008481
17 12 0.018550 0.023386 0.008481
17 13 0.016267 0.023386 0.008481
17 14 0.010417 0.023386 0.008481
17 15 0.007848 0.023386 0.008481
17 16 0.007277 0.023386 0.008481
17 17 0.006421 0.023386 0.008481
17 18 0.007135 0.023386 0.008481
17 19 0.009561 0.023386 0.008481
17 20 0.010417 0.023386 0.008481
18 0 0.034104 0.023386 0.008481
18 1 0.036672 0.023386 0.008481
18 2 0.033818 0.023386 0.008481
18 3 0.031821 0.023386 0.008481
18 4 0.033533 0.023386 0.008481
18 5 0.031963 0.023386 0.008481
18 6 0.030394 0.023386 0.008481
18 7 0.027968 0.023386 0.008481
18 8 0.026969 0.023386 0.008481
18 9 0.023116 0.023386 0.008481
18 10 0.019834 0.023386 0.008481
18 11 0.019834 0.023386 0.008481
18 12 0.018550 0.023386 0.008481
18 13 0.015126 0.023386 0.008481
18 14 0.010559 0.023386 0.008481
18 15 0.009989 0.023386 0.008481
18 16 0.009418 0.023386 0.008481
18 17 0.007705 0.023386 0.008481
18 18 0.007135 0.023386 0.008481
18 19 0.010702 0.023386 0.008481
18 20 0.011701 0.023386 0.008481
19 0 0.028967 0.023386 0.008481
19 1 0.031535 0.023386 0.008481
19 2 0.027825 0.023386 0.008481
19 3 0.029823 0.023386 0.008481
19 4 0.028111 0.023386 0.008481
19 5 0.028967 0.023386 0.008481
19 6 0.028396 0.023386 0.008481
19 7 0.027397 0.023386 0.008481
19 8 0.025685 0.023386 0.008481
19 9 0.021689 0.023386 0.008481
19 10 0.020691 0.023386 0.008481
19 11 0.020120 0.023386 0.008481
19 12 0.019121 0.023386 0.008481
19 13 0.015982 0.023386 0.008481
19 14 0.012842 0.023386 0.008481
19 15 0.011416 0.023386 0.008481
19 16 0.010131 0.023386 0.008481
19 17 0.010274 0.023386 0.008481
19 18 0.010845 0.023386 0.008481
19 19 0.012985 0.023386 0.008481
19 20 0.012414 0.023386 0.008481
20 0 0.026541 0.023386 0.008481
20 1 0.025542 0.023386 0.008481
20 2 0.024829 0.023386 0.008481
20 3 0.024686 0.023386 0.008481
20 4 0.025114 0.023386 0.008481
20 5 0.027683 0.023386 0.008481
20 6 0.026113 0.023386 0.008481
20 7 0.025257 0.023386 0.008481
20 8 0.023116 0.023386 0.008481
20 9 0.019549 0.023386 0.008481
20 10 0.020120 0.023386 0.008481
20 11 0.019406 0.023386 0.008481
20 12 0.017979 0.023386 0.008481
20 13 0.015839 0.023386 0.008481
20 14 0.013413 0.023386 0.008481
20 15 0.012842 0.023386 0.008481
20 16 0.011986 0.023386 0.008481
20 17 0.013841 0.023386 0.008481
20 18 0.013841 0.023386 0.008481
20 19 0.014269 0.023386 0.008481
20 20 0.014412 0.023386 0.008481
