# contact distance = 12.0 Angstroms
# F = 0.4 kJ/mol

# i j contact_probability mean_contact_probability stddev_contact_probability
0 0 0.004229 0.024435 0.012063
0 1 0.003172 0.024435 0.012063
0 2 0.002937 0.024435 0.012063
0 3 0.003289 0.024435 0.012063
0 4 0.006109 0.024435 0.012063
0 5 0.008811 0.024435 0.012063
0 6 0.009868 0.024435 0.012063
0 7 0.013275 0.024435 0.012063
0 8 0.013628 0.024435 0.012063
0 9 0.014215 0.024435 0.012063
0 10 0.014803 0.024435 0.012063
0 11 0.017740 0.024435 0.012063
0 12 0.018797 0.024435 0.012063
0 13 0.018445 0.024435 0.012063
0 14 0.020089 0.024435 0.012063
0 15 0.023026 0.024435 0.012063
0 16 0.028430 0.024435 0.012063
0 17 0.037829 0.024435 0.012063
0 18 0.047227 0.024435 0.012063
0 19 0.050752 0.024435 0.012063
0 20 0.049225 0.024435 0.012063
1 0 0.003289 0.024435 0.012063
1 1 0.001762 0.024435 0.012063
1 2 0.001997 0.024435 0.012063
1 3 0.002702 0.024435 0.012063
1 4 0.005169 0.024435 0.012063
1 5 0.006814 0.024435 0.012063
1 6 0.008459 0.024435 0.012063
1 7 0.012218 0.024435 0.012063
1 8 0.013628 0.024435 0.012063
1 9 0.014450 0.024435 0.012063
1 10 0.015273 0.024435 0.012063
1 11 0.016917 0.024435 0.012063
1 12 0.018445 0.024435 0.012063
1 13 0.019972 0.024435 0.012063
1 14 0.020677 0.024435 0.012063
1 15 0.024554 0.024435 0.012063
1 16 0.031250 0.024435 0.012063
1 17 0.039944 0.024435 0.012063
1 18 0.052162 0.024435 0.012063
1 19 0.056978 0.024435 0.012063
1 20 0.053454 0.024435 0.012063
2 0 0.003407 0.024435 0.012063
2 1 0.001175 0.024435 0.012063
2 2 0.001645 0.024435 0.012063
2 3 0.002937 0.024435 0.012063
2 4 0.004817 0.024435 0.012063
2 5 0.007636 0.024435 0.012063
2 6 0.008929 0.024435 0.012063
2 7 0.011396 0.024435 0.012063
2 8 0.012805 0.024435 0.012063
2 9 0.013980 0.024435 0.012063
2 10 0.014920 0.024435 0.012063
2 11 0.016212 0.024435 0.012063
2 12 0.018680 0.024435 0.012063
2 13 0.020089 0.024435 0.012063
2 14 0.022674 0.024435 0.012063
2 15 0.025963 0.024435 0.012063
2 16 0.033130 0.024435 0.012063
2 17 0.043586 0.024435 0.012063
2 18 0.052514 0.024435 0.012063
2 19 0.057801 0.024435 0.012063
2 20 0.055451 0.024435 0.012063
3 0 0.004229 0.024435 0.012063
3 1 0.003172 0.024435 0.012063
3 2 0.003172 0.024435 0.012063
3 3 0.004347 0.024435 0.012063
3 4 0.006814 0.024435 0.012063
3 5 0.009398 0.024435 0.012063
3 6 0.012218 0.024435 0.012063
3 7 0.013393 0.024435 0.012063
3 8 0.014333 0.024435 0.012063
3 9 0.015508 0.024435 0.012063
3 10 0.015508 0.024435 0.012063
3 11 0.017387 0.024435 0.012063
3 12 0.021382 0.024435 0.012063
3 13 0.021499 0.024435 0.012063
3 14 0.022674 0.024435 0.012063
3 15 0.027726 0.024435 0.012063
3 16 0.035479 0.024435 0.012063
3 17 0.043820 0.024435 0.012063
3 18 0.051104 0.024435 0.012063
3 19 0.054159 0.024435 0.012063
3 20 0.050399 0.024435 0.012063
4 0 0.007519 0.024435 0.012063
4 1 0.006579 0.024435 0.012063
4 2 0.005287 0.024435 0.012063
4 3 0.007519 0.024435 0.012063
4 4 0.009986 0.024435 0.012063
4 5 0.012336 0.024435 0.012063
4 6 0.013863 0.024435 0.012063
4 7 0.016330 0.024435 0.012063
4 8 0.017505 0.024435 0.012063
4 9 0.017857 0.024435 0.012063
4 10 0.018680 0.024435 0.012063
4 11 0.019032 0.024435 0.012063
4 12 0.021852 0.024435 0.012063
4 13 0.023261 0.024435 0.012063
4 14 0.026316 0.024435 0.012063
4 15 0.027021 0.024435 0.012063
4 16 0.033600 0.024435 0.012063
4 17 0.039356 0.024435 0.012063
4 18 0.041941 0.024435 0.012063
4 19 0.044173 0.024435 0.012063
4 20 0.040883 0.024435 0.012063
5 0 0.008341 0.024435 0.012063
5 1 0.008694 0.024435 0.012063
5 2 0.007636 0.024435 0.012063
5 3 0.009046 0.024435 0.012063
5 4 0.011631 0.024435 0.012063
5 5 0.013863 0.024435 0.012063
5 6 0.015742 0.024435 0.012063
5 7 0.016447 0.024435 0.012063
5 8 0.019032 0.024435 0.012063
5 9 0.020207 0.024435 0.012063
5 10 0.021499 0.024435 0.012063
5 11 0.022791 0.024435 0.012063
5 12 0.026316 0.024435 0.012063
5 13 0.025728 0.024435 0.012063
5 14 0.029018 0.024435 0.012063
5 15 0.030310 0.024435 0.012063
5 16 0.033835 0.024435 0.012063
5 17 0.036889 0.024435 0.012063
5 18 0.034422 0.024435 0.012063
5 19 0.034657 0.024435 0.012063
5 20 0.031015 0.024435 0.012063
6 0 0.011043 0.024435 0.012063
6 1 0.009986 0.024435 0.012063
6 2 0.009398 0.024435 0.012063
6 3 0.011513 0.024435 0.012063
6 4 0.013040 0.024435 0.012063
6 5 0.014803 0.024435 0.012063
6 6 0.018092 0.024435 0.012063
6 7 0.019502 0.024435 0.012063
6 8 0.021147 0.024435 0.012063
6 9 0.020912 0.024435 0.012063
6 10 0.023144 0.024435 0.012063
6 11 0.026081 0.024435 0.012063
6 12 0.025728 0.024435 0.012063
6 13 0.026198 0.024435 0.012063
6 14 0.028665 0.024435 0.012063
6 15 0.030310 0.024435 0.012063
6 16 0.034657 0.024435 0.012063
6 17 0.032895 0.024435 0.012063
6 18 0.030075 0.024435 0.012063
6 19 0.028783 0.024435 0.012063
6 20 0.025963 0.024435 0.012063
7 0 0.012336 0.024435 0.012063
7 1 0.011396 0.024435 0.012063
7 2 0.011748 0.024435 0.012063
7 3 0.012923 0.024435 0.012063
7 4 0.014098 0.024435 0.012063
7 5 0.016682 0.024435 0.012063
7 6 0.018914 0.024435 0.012063
7 7 0.021029 0.024435 0.012063
7 8 0.022439 0.024435 0.012063
7 9 0.022439 0.024435 0.012063
7 10 0.024789 0.024435 0.012063
7 11 0.026316 0.024435 0.012063
7 12 0.028078 0.024435 0.012063
7 13 0.027961 0.024435 0.012063
7 14 0.027726 0.024435 0.012063
7 15 0.030663 0.024435 0.012063
7 16 0.032542 0.024435 0.012063
7 17 0.030780 0.024435 0.012063
7 18 0.025963 0.024435 0.012063
7 19 0.024671 0.024435 0.012063
7 20 0.021852 0.024435 0.012063
8 0 0.013158 0.024435 0.012063
8 1 0.012101 0.024435 0.012063
8 2 0.012336 0.024435 0.012063
8 3 0.013863 0.024435 0.012063
8 4 0.015273 0.024435 0.012063
8 5 0.020559 0.024435 0.012063
8 6 0.022439 0.024435 0.012063
8 7 0.023614 0.024435 0.012063
8 8 0.025846 0.024435 0.012063
8 9 0.024671 0.024435 0.012063
8 10 0.027138 0.024435 0.012063
8 11 0.028195 0.024435 0.012063
8 12 0.030193 0.024435 0.012063
8 13 0.029370 0.024435 0.012063
8 14 0.031955 0.024435 0.012063
8 15 0.032895 0.024435 0.012063
8 16 0.032542 0.024435 0.012063
8 17 0.031367 0.024435 0.012063
8 18 0.024084 0.024435 0.012063
8 19 0.022086 0.024435 0.012063
8 20 0.020324 0.024435 0.012063
9 0 0.014098 0.024435 0.012063
9 1 0.013158 0.024435 0.012063
9 2 0.012453 0.024435 0.012063
9 3 0.013980 0.024435 0.012063
9 4 0.017505 0.024435 0.012063
9 5 0.020559 0.024435 0.012063
9 6 0.024084 0.024435 0.012063
9 7 0.024906 0.024435 0.012063
9 8 0.026551 0.024435 0.012063
9 9 0.029253 0.024435 0.012063
9 10 0.029723 0.024435 0.012063
9 11 0.030780 0.024435 0.012063
9 12 0.033482 0.024435 0.012063
9 13 0.031602 0.024435 0.012063
9 14 0.032307 0.024435 0.012063
9 15 0.031955 0.024435 0.012063
9 16 0.034305 0.024435 0.012063
9 17 0.029253 0.024435 0.012063
9 18 0.023849 0.024435 0.012063
9 19 0.022204 0.024435 0.012063
9 20 0.020559 0.024435 0.012063
10 0 0.013745 0.024435 0.012063
10 1 0.013863 0.024435 0.012063
10 2 0.012923 0.024435 0.012063
10 3 0.015273 0.024435 0.012063
10 4 0.018914 0.024435 0.012063
10 5 0.021734 0.024435 0.012063
10 6 0.023731 0.024435 0.012063
10 7 0.026903 0.024435 0.012063
10 8 0.030310 0.024435 0.012063
10 9 0.031720 0.024435 0.012063
10 10 0.030428 0.024435 0.012063
10 11 0.032190 0.024435 0.012063
10 12 0.032307 0.024435 0.012063
10 13 0.031485 0.024435 0.012063
10 14 0.032542 0.024435 0.012063
10 15 0.030663 0.024435 0.012063
10 16 0.030310 0.024435 0.012063
10 17 0.028195 0.024435 0.012063
10 18 0.023026 0.024435 0.012063
10 19 0.019854 0.024435 0.012063
10 20 0.017857 0.024435 0.012063
11 0 0.014333 0.024435 0.012063
11 1 0.013980 0.024435 0.012063
11 2 0.013980 0.024435 0.012063
11 3 0.017035 0.024435 0.012063
11 4 0.021499 0.024435 0.012063
11 5 0.021734 0.024435 0.012063
11 6 0.024789 0.024435 0.012063
11 7 0.026316 0.024435 0.012063
11 8 0.029253 0.024435 0.012063
11 9 0.032190 0.024435 0.012063
11 10 0.032307 0.024435 0.012063
11 11 0.033012 0.024435 0.012063
11 12 0.033365 0.024435 0.012063
11 13 0.033247 0.024435 0.012063
11 14 0.032542 0.024435 0.012063
11 15 0.028900 0.024435 0.012063
11 16 0.029135 0.024435 0.012063
11 17 0.027491 0.024435 0.012063
11 18 0.023731 0.024435 0.012063
11 19 0.018914 0.024435 0.012063
11 20 0.017740 0.024435 0.012063
12 0 0.015390 0.024435 0.012063
12 1 0.014685 0.024435 0.012063
12 2 0.016682 0.024435 0.012063
12 3 0.017152 0.024435 0.012063
12 4 0.022086 0.024435 0.012063
12 5 0.025611 0.024435 0.012063
12 6 0.027021 0.024435 0.012063
12 7 0.029253 0.024435 0.012063
12 8 0.030663 0.024435 0.012063
12 9 0.030193 0.024435 0.012063
12 10 0.030663 0.024435 0.012063
12 11 0.031720 0.024435 0.012063
12 12 0.031720 0.024435 0.012063
12 13 0.032660 0.024435 0.012063
12 14 0.030428 0.024435 0.012063
12 15 0.030663 0.024435 0.012063
12 16 0.029723 0.024435 0.012063
12 17 0.026081 0.024435 0.012063
12 18 0.022674 0.024435 0.012063
12 19 0.018092 0.024435 0.012063
12 20 0.015273 0.024435 0.012063
13 0 0.017035 0.024435 0.012063
13 1 0.014685 0.024435 0.012063
13 2 0.016447 0.024435 0.012063
13 3 0.018797 0.024435 0.012063
13 4 0.022439 0.024435 0.012063
13 5 0.025493 0.024435 0.012063
13 6 0.026786 0.024435 0.012063
13 7 0.029723 0.024435 0.012063
13 8 0.031485 0.024435 0.012063
13 9 0.031720 0.024435 0.012063
13 10 0.033835 0.024435 0.012063
13 11 0.034422 0.024435 0.012063
13 12 0.033482 0.024435 0.012063
13 13 0.030193 0.024435 0.012063
13 14 0.031955 0.024435 0.012063
13 15 0.029253 0.024435 0.012063
13 16 0.028195 0.024435 0.012063
13 17 0.024789 0.024435 0.012063
13 18 0.020794 0.024435 0.012063
13 19 0.016682 0.024435 0.012063
13 20 0.014098 0.024435 0.012063
14 0 0.021734 0.024435 0.012063
14 1 0.019267 0.024435 0.012063
14 2 0.019854 0.024435 0.012063
14 3 0.021617 0.024435 0.012063
14 4 0.023496 0.024435 0.012063
14 5 0.027608 0.024435 0.012063
14 6 0.028313 0.024435 0.012063
14 7 0.030898 0.024435 0.012063
14 8 0.031955 0.024435 0.012063
14 9 0.032542 0.024435 0.012063
14 10 0.034539 0.024435 0.012063
14 11 0.035009 0.024435 0.012063
14 12 0.033130 0.024435 0.012063
14 13 0.031837 0.024435 0.012063
14 14 0.030545 0.024435 0.012063
14 15 0.027961 0.024435 0.012063
14 16 0.026081 0.024435 0.012063
14 17 0.023261 0.024435 0.012063
14 18 0.017857 0.024435 0.012063
14 19 0.016330 0.024435 0.012063
14 20 0.013863 0.024435 0.012063
15 0 0.022674 0.024435 0.012063
15 1 0.024906 0.024435 0.012063
15 2 0.026081 0.024435 0.012063
15 3 0.027373 0.024435 0.012063
15 4 0.028900 0.024435 0.012063
15 5 0.031250 0.024435 0.012063
15 6 0.033130 0.024435 0.012063
15 7 0.034305 0.024435 0.012063
15 8 0.034774 0.024435 0.012063
15 9 0.035714 0.024435 0.012063
15 10 0.033365 0.024435 0.012063
15 11 0.033835 0.024435 0.012063
15 12 0.033130 0.024435 0.012063
15 13 0.030545 0.024435 0.012063
15 14 0.028078 0.024435 0.012063
15 15 0.025728 0.024435 0.012063
15 16 0.024319 0.024435 0.012063
15 17 0.022321 0.024435 0.012063
15 18 0.018092 0.024435 0.012063
15 19 0.015155 0.024435 0.012063
15 20 0.012453 0.024435 0.012063
16 0 0.030663 0.024435 0.012063
16 1 0.034070 0.024435 0.012063
16 2 0.034187 0.024435 0.012063
16 3 0.034892 0.024435 0.012063
16 4 0.034305 0.024435 0.012063
16 5 0.036537 0.024435 0.012063
16 6 0.036889 0.024435 0.012063
16 7 0.035714 0.024435 0.012063
16 8 0.035714 0.024435 0.012063
16 9 0.035714 0.024435 0.012063
16 10 0.035244 0.024435 0.012063
16 11 0.032660 0.024435 0.012063
16 12 0.029840 0.024435 0.012063
16 13 0.027961 0.024435 0.012063
16 14 0.024436 0.024435 0.012063
16 15 0.022556 0.024435 0.012063
16 16 0.021734 0.024435 0.012063
16 17 0.020912 0.024435 0.012063
16 18 0.016682 0.024435 0.012063
16 19 0.012101 0.024435 0.012063
16 20 0.011161 0.024435 0.012063
17 0 0.038416 0.024435 0.012063
17 1 0.044760 0.024435 0.012063
17 2 0.048285 0.024435 0.012063
17 3 0.045700 0.024435 0.012063
17 4 0.044173 0.024435 0.012063
17 5 0.040648 0.024435 0.012063
17 6 0.039121 0.024435 0.012063
17 7 0.035714 0.024435 0.012063
17 8 0.035009 0.024435 0.012063
17 9 0.033717 0.024435 0.012063
17 10 0.030780 0.024435 0.012063
17 11 0.029958 0.024435 0.012063
17 12 0.028195 0.024435 0.012063
17 13 0.027843 0.024435 0.012063
17 14 0.023261 0.024435 0.012063
17 15 0.020324 0.024435 0.012063
17 16 0.018562 0.024435 0.012063
17 17 0.014920 0.024435 0.012063
17 18 0.013040 0.024435 0.012063
17 19 0.010456 0.024435 0.012063
17 20 0.008459 0.024435 0.012063
18 0 0.047345 0.024435 0.012063
18 1 0.055921 0.024435 0.012063
18 2 0.058623 0.024435 0.012063
18 3 0.055686 0.024435 0.012063
18 4 0.049812 0.024435 0.012063
18 5 0.040883 0.024435 0.012063
18 6 0.035832 0.024435 0.012063
18 7 0.033952 0.024435 0.012063
18 8 0.031955 0.024435 0.012063
18 9 0.029370 0.024435 0.012063
18 10 0.026668 0.024435 0.012063
18 11 0.025493 0.024435 0.012063
18 12 0.023379 0.024435 0.012063
18 13 0.021499 0.024435 0.012063
18 14 0.019149 0.024435 0.012063
18 15 0.016800 0.024435 0.012063
18 16 0.014568 0.024435 0.012063
18 17 0.011866 0.024435 0.012063
18 18 0.008811 0.024435 0.012063
18 19 0.008106 0.024435 0.012063
18 20 0.006931 0.024435 0.012063
19 0 0.053102 0.024435 0.012063
19 1 0.061325 0.024435 0.012063
19 2 0.061560 0.024435 0.012063
19 3 0.058036 0.024435 0.012063
19 4 0.050634 0.024435 0.012063
19 5 0.038769 0.024435 0.012063
19 6 0.032660 0.024435 0.012063
19 7 0.029135 0.024435 0.012063
19 8 0.027843 0.024435 0.012063
19 9 0.025611 0.024435 0.012063
19 10 0.023144 0.024435 0.012063
19 11 0.020324 0.024435 0.012063
19 12 0.020089 0.024435 0.012063
19 13 0.017622 0.024435 0.012063
19 14 0.017035 0.024435 0.012063
19 15 0.014920 0.024435 0.012063
19 16 0.013040 0.024435 0.012063
19 17 0.009633 0.024435 0.012063
19 18 0.006579 0.024435 0.012063
19 19 0.005757 0.024435 0.012063
19 20 0.006344 0.024435 0.012063
20 0 0.051222 0.024435 0.012063
20 1 0.057096 0.024435 0.012063
20 2 0.058858 0.024435 0.012063
20 3 0.053102 0.024435 0.012063
20 4 0.045465 0.024435 0.012063
20 5 0.033952 0.024435 0.012063
20 6 0.028900 0.024435 0.012063
20 7 0.026081 0.024435 0.012063
20 8 0.024671 0.024435 0.012063
20 9 0.022909 0.024435 0.012063
20 10 0.021499 0.024435 0.012063
20 11 0.018914 0.024435 0.012063
20 12 0.018562 0.024435 0.012063
20 13 0.017270 0.024435 0.012063
20 14 0.015155 0.024435 0.012063
20 15 0.012805 0.024435 0.012063
20 16 0.011278 0.024435 0.012063
20 17 0.010103 0.024435 0.012063
20 18 0.007871 0.024435 0.012063
20 19 0.005874 0.024435 0.012063
20 20 0.005874 0.024435 0.012063
