# contact distance = 12.0 Angstroms
# F = 0.4 kJ/mol

# i j contact_probability mean_contact_probability stddev_contact_probability
0 0 0.005110 0.018979 0.012279
0 1 0.004888 0.018979 0.012279
0 2 0.005776 0.018979 0.012279
0 3 0.005665 0.018979 0.012279
0 4 0.006776 0.018979 0.012279
0 5 0.007665 0.018979 0.012279
0 6 0.009220 0.018979 0.012279
0 7 0.010998 0.018979 0.012279
0 8 0.011442 0.018979 0.012279
0 9 0.010998 0.018979 0.012279
0 10 0.012997 0.018979 0.012279
0 11 0.016996 0.018979 0.012279
0 12 0.019218 0.018979 0.012279
0 13 0.021884 0.018979 0.012279
0 14 0.026105 0.018979 0.012279
0 15 0.029993 0.018979 0.012279
0 16 0.032993 0.018979 0.012279
0 17 0.039769 0.018979 0.012279
0 18 0.043435 0.018979 0.012279
0 19 0.040991 0.018979 0.012279
0 20 0.038436 0.018979 0.012279
1 0 0.004221 0.018979 0.012279
1 1 0.003222 0.018979 0.012279
1 2 0.003777 0.018979 0.012279
1 3 0.003888 0.018979 0.012279
1 4 0.004888 0.018979 0.012279
1 5 0.005554 0.018979 0.012279
1 6 0.006110 0.018979 0.012279
1 7 0.009553 0.018979 0.012279
1 8 0.010442 0.018979 0.012279
1 9 0.010998 0.018979 0.012279
1 10 0.012553 0.018979 0.012279
1 11 0.015108 0.018979 0.012279
1 12 0.019440 0.018979 0.012279
1 13 0.025106 0.018979 0.012279
1 14 0.030216 0.018979 0.012279
1 15 0.036325 0.018979 0.012279
1 16 0.040547 0.018979 0.012279
1 17 0.048878 0.018979 0.012279
1 18 0.051655 0.018979 0.012279
1 19 0.048878 0.018979 0.012279
1 20 0.041880 0.018979 0.012279
2 0 0.004555 0.018979 0.012279
2 1 0.002888 0.018979 0.012279
2 2 0.003777 0.018979 0.012279
2 3 0.003666 0.018979 0.012279
2 4 0.004555 0.018979 0.012279
2 5 0.005443 0.018979 0.012279
2 6 0.006776 0.018979 0.012279
2 7 0.007443 0.018979 0.012279
2 8 0.009331 0.018979 0.012279
2 9 0.010664 0.018979 0.012279
2 10 0.013775 0.018979 0.012279
2 11 0.017885 0.018979 0.012279
2 12 0.021329 0.018979 0.012279
2 13 0.028771 0.018979 0.012279
2 14 0.032326 0.018979 0.012279
2 15 0.039436 0.018979 0.012279
2 16 0.045323 0.018979 0.012279
2 17 0.050100 0.018979 0.012279
2 18 0.054543 0.018979 0.012279
2 19 0.051988 0.018979 0.012279
2 20 0.042657 0.018979 0.012279
3 0 0.005554 0.018979 0.012279
3 1 0.003777 0.018979 0.012279
3 2 0.004555 0.018979 0.012279
3 3 0.005554 0.018979 0.012279
3 4 0.005776 0.018979 0.012279
3 5 0.007332 0.018979 0.012279
3 6 0.008887 0.018979 0.012279
3 7 0.010331 0.018979 0.012279
3 8 0.010664 0.018979 0.012279
3 9 0.012442 0.018979 0.012279
3 10 0.013886 0.018979 0.012279
3 11 0.019107 0.018979 0.012279
3 12 0.024661 0.018979 0.012279
3 13 0.030327 0.018979 0.012279
3 14 0.034437 0.018979 0.012279
3 15 0.040435 0.018979 0.012279
3 16 0.044546 0.018979 0.012279
3 17 0.048545 0.018979 0.012279
3 18 0.053433 0.018979 0.012279
3 19 0.050878 0.018979 0.012279
3 20 0.040991 0.018979 0.012279
4 0 0.006110 0.018979 0.012279
4 1 0.005554 0.018979 0.012279
4 2 0.005332 0.018979 0.012279
4 3 0.005888 0.018979 0.012279
4 4 0.006776 0.018979 0.012279
4 5 0.007887 0.018979 0.012279
4 6 0.010886 0.018979 0.012279
4 7 0.012442 0.018979 0.012279
4 8 0.013886 0.018979 0.012279
4 9 0.014108 0.018979 0.012279
4 10 0.016996 0.018979 0.012279
4 11 0.022439 0.018979 0.012279
4 12 0.027105 0.018979 0.012279
4 13 0.030438 0.018979 0.012279
4 14 0.033437 0.018979 0.012279
4 15 0.038658 0.018979 0.012279
4 16 0.042768 0.018979 0.012279
4 17 0.043546 0.018979 0.012279
4 18 0.045545 0.018979 0.012279
4 19 0.041880 0.018979 0.012279
4 20 0.033548 0.018979 0.012279
5 0 0.006443 0.018979 0.012279
5 1 0.005888 0.018979 0.012279
5 2 0.006110 0.018979 0.012279
5 3 0.006887 0.018979 0.012279
5 4 0.008443 0.018979 0.012279
5 5 0.009220 0.018979 0.012279
5 6 0.011886 0.018979 0.012279
5 7 0.013108 0.018979 0.012279
5 8 0.014886 0.018979 0.012279
5 9 0.015774 0.018979 0.012279
5 10 0.019107 0.018979 0.012279
5 11 0.024328 0.018979 0.012279
5 12 0.026994 0.018979 0.012279
5 13 0.030660 0.018979 0.012279
5 14 0.032770 0.018979 0.012279
5 15 0.034326 0.018979 0.012279
5 16 0.035325 0.018979 0.012279
5 17 0.035659 0.018979 0.012279
5 18 0.035770 0.018979 0.012279
5 19 0.032770 0.018979 0.012279
5 20 0.028771 0.018979 0.012279
6 0 0.007443 0.018979 0.012279
6 1 0.006554 0.018979 0.012279
6 2 0.007443 0.018979 0.012279
6 3 0.008776 0.018979 0.012279
6 4 0.009553 0.018979 0.012279
6 5 0.010664 0.018979 0.012279
6 6 0.014330 0.018979 0.012279
6 7 0.016330 0.018979 0.012279
6 8 0.015885 0.018979 0.012279
6 9 0.019440 0.018979 0.012279
6 10 0.020884 0.018979 0.012279
6 11 0.023995 0.018979 0.012279
6 12 0.027327 0.018979 0.012279
6 13 0.027994 0.018979 0.012279
6 14 0.028438 0.018979 0.012279
6 15 0.027549 0.018979 0.012279
6 16 0.028882 0.018979 0.012279
6 17 0.025772 0.018979 0.012279
6 18 0.025439 0.018979 0.012279
6 19 0.023217 0.018979 0.012279
6 20 0.021773 0.018979 0.012279
7 0 0.008776 0.018979 0.012279
7 1 0.007887 0.018979 0.012279
7 2 0.007998 0.018979 0.012279
7 3 0.009109 0.018979 0.012279
7 4 0.009998 0.018979 0.012279
7 5 0.011220 0.018979 0.012279
7 6 0.014441 0.018979 0.012279
7 7 0.017885 0.018979 0.012279
7 8 0.017441 0.018979 0.012279
7 9 0.019329 0.018979 0.012279
7 10 0.020440 0.018979 0.012279
7 11 0.023439 0.018979 0.012279
7 12 0.026661 0.018979 0.012279
7 13 0.024883 0.018979 0.012279
7 14 0.026327 0.018979 0.012279
7 15 0.024772 0.018979 0.012279
7 16 0.023772 0.018979 0.012279
7 17 0.019996 0.018979 0.012279
7 18 0.019662 0.018979 0.012279
7 19 0.018107 0.018979 0.012279
7 20 0.017663 0.018979 0.012279
8 0 0.011109 0.018979 0.012279
8 1 0.009331 0.018979 0.012279
8 2 0.010220 0.018979 0.012279
8 3 0.009665 0.018979 0.012279
8 4 0.011442 0.018979 0.012279
8 5 0.013553 0.018979 0.012279
8 6 0.015330 0.018979 0.012279
8 7 0.017774 0.018979 0.012279
8 8 0.017885 0.018979 0.012279
8 9 0.019662 0.018979 0.012279
8 10 0.021329 0.018979 0.012279
8 11 0.023772 0.018979 0.012279
8 12 0.024439 0.018979 0.012279
8 13 0.023884 0.018979 0.012279
8 14 0.023106 0.018979 0.012279
8 15 0.019440 0.018979 0.012279
8 16 0.018440 0.018979 0.012279
8 17 0.016108 0.018979 0.012279
8 18 0.014997 0.018979 0.012279
8 19 0.013886 0.018979 0.012279
8 20 0.015108 0.018979 0.012279
9 0 0.011775 0.018979 0.012279
9 1 0.011220 0.018979 0.012279
9 2 0.012108 0.018979 0.012279
9 3 0.011109 0.018979 0.012279
9 4 0.013441 0.018979 0.012279
9 5 0.013664 0.018979 0.012279
9 6 0.016996 0.018979 0.012279
9 7 0.018774 0.018979 0.012279
9 8 0.018107 0.018979 0.012279
9 9 0.020107 0.018979 0.012279
9 10 0.022884 0.018979 0.012279
9 11 0.024661 0.018979 0.012279
9 12 0.023995 0.018979 0.012279
9 13 0.023217 0.018979 0.012279
9 14 0.020107 0.018979 0.012279
9 15 0.018774 0.018979 0.012279
9 16 0.017552 0.018979 0.012279
9 17 0.014441 0.018979 0.012279
9 18 0.013664 0.018979 0.012279
9 19 0.011775 0.018979 0.012279
9 20 0.014219 0.018979 0.012279
10 0 0.014219 0.018979 0.012279
10 1 0.013219 0.018979 0.012279
10 2 0.013886 0.018979 0.012279
10 3 0.013886 0.018979 0.012279
10 4 0.016108 0.018979 0.012279
10 5 0.017441 0.018979 0.012279
10 6 0.019773 0.018979 0.012279
10 7 0.020773 0.018979 0.012279
10 8 0.020551 0.018979 0.012279
10 9 0.019996 0.018979 0.012279
10 10 0.022884 0.018979 0.012279
10 11 0.023550 0.018979 0.012279
10 12 0.022106 0.018979 0.012279
10 13 0.021773 0.018979 0.012279
10 14 0.019884 0.018979 0.012279
10 15 0.018885 0.018979 0.012279
10 16 0.015441 0.018979 0.012279
10 17 0.013553 0.018979 0.012279
10 18 0.011775 0.018979 0.012279
10 19 0.011997 0.018979 0.012279
10 20 0.011997 0.018979 0.012279
11 0 0.015774 0.018979 0.012279
11 1 0.015552 0.018979 0.012279
11 2 0.017552 0.018979 0.012279
11 3 0.019662 0.018979 0.012279
11 4 0.019884 0.018979 0.012279
11 5 0.023884 0.018979 0.012279
11 6 0.026105 0.018979 0.012279
11 7 0.024106 0.018979 0.012279
11 8 0.024328 0.018979 0.012279
11 9 0.023550 0.018979 0.012279
11 10 0.023661 0.018979 0.012279
11 11 0.023995 0.018979 0.012279
11 12 0.022217 0.018979 0.012279
11 13 0.020218 0.018979 0.012279
11 14 0.016996 0.018979 0.012279
11 15 0.015774 0.018979 0.012279
11 16 0.015219 0.018979 0.012279
11 17 0.013775 0.018979 0.012279
11 18 0.011331 0.018979 0.012279
11 19 0.010553 0.018979 0.012279
11 20 0.010220 0.018979 0.012279
12 0 0.019773 0.018979 0.012279
12 1 0.020662 0.018979 0.012279
12 2 0.019773 0.018979 0.012279
12 3 0.022662 0.018979 0.012279
12 4 0.026105 0.018979 0.012279
12 5 0.028771 0.018979 0.012279
12 6 0.028882 0.018979 0.012279
12 7 0.027216 0.018979 0.012279
12 8 0.024883 0.018979 0.012279
12 9 0.025217 0.018979 0.012279
12 10 0.023995 0.018979 0.012279
12 11 0.023772 0.018979 0.012279
12 12 0.021218 0.018979 0.012279
12 13 0.018440 0.018979 0.012279
12 14 0.015996 0.018979 0.012279
12 15 0.014886 0.018979 0.012279
12 16 0.011775 0.018979 0.012279
12 17 0.010331 0.018979 0.012279
12 18 0.007776 0.018979 0.012279
12 19 0.008220 0.018979 0.012279
12 20 0.008887 0.018979 0.012279
13 0 0.022773 0.018979 0.012279
13 1 0.023328 0.018979 0.012279
13 2 0.023550 0.018979 0.012279
13 3 0.026327 0.018979 0.012279
13 4 0.028660 0.018979 0.012279
13 5 0.029660 0.018979 0.012279
13 6 0.027994 0.018979 0.012279
13 7 0.025661 0.018979 0.012279
13 8 0.023106 0.018979 0.012279
13 9 0.023661 0.018979 0.012279
13 10 0.022439 0.018979 0.012279
13 11 0.021773 0.018979 0.012279
13 12 0.019551 0.018979 0.012279
13 13 0.016552 0.018979 0.012279
13 14 0.013108 0.018979 0.012279
13 15 0.011220 0.018979 0.012279
13 16 0.010331 0.018979 0.012279
13 17 0.007554 0.018979 0.012279
13 18 0.006332 0.018979 0.012279
13 19 0.006110 0.018979 0.012279
13 20 0.006998 0.018979 0.012279
14 0 0.024772 0.018979 0.012279
14 1 0.026550 0.018979 0.012279
14 2 0.028994 0.018979 0.012279
14 3 0.031660 0.018979 0.012279
14 4 0.031771 0.018979 0.012279
14 5 0.032437 0.018979 0.012279
14 6 0.028660 0.018979 0.012279
14 7 0.026105 0.018979 0.012279
14 8 0.023439 0.018979 0.012279
14 9 0.020884 0.018979 0.012279
14 10 0.019107 0.018979 0.012279
14 11 0.018329 0.018979 0.012279
14 12 0.016330 0.018979 0.012279
14 13 0.011886 0.018979 0.012279
14 14 0.010109 0.018979 0.012279
14 15 0.007998 0.018979 0.012279
14 16 0.006554 0.018979 0.012279
14 17 0.006221 0.018979 0.012279
14 18 0.005554 0.018979 0.012279
14 19 0.005221 0.018979 0.012279
14 20 0.005110 0.018979 0.012279
15 0 0.027549 0.018979 0.012279
15 1 0.031993 0.018979 0.012279
15 2 0.034437 0.018979 0.012279
15 3 0.035770 0.018979 0.012279
15 4 0.036881 0.018979 0.012279
15 5 0.032104 0.018979 0.012279
15 6 0.029327 0.018979 0.012279
15 7 0.024883 0.018979 0.012279
15 8 0.021329 0.018979 0.012279
15 9 0.019107 0.018979 0.012279
15 10 0.017663 0.018979 0.012279
15 11 0.016774 0.018979 0.012279
15 12 0.014219 0.018979 0.012279
15 13 0.009776 0.018979 0.012279
15 14 0.007776 0.018979 0.012279
15 15 0.006887 0.018979 0.012279
15 16 0.005110 0.018979 0.012279
15 17 0.004332 0.018979 0.012279
15 18 0.004221 0.018979 0.012279
15 19 0.004443 0.018979 0.012279
15 20 0.004332 0.018979 0.012279
16 0 0.033215 0.018979 0.012279
16 1 0.037658 0.018979 0.012279
16 2 0.040213 0.018979 0.012279
16 3 0.041102 0.018979 0.012279
16 4 0.038547 0.018979 0.012279
16 5 0.032215 0.018979 0.012279
16 6 0.028216 0.018979 0.012279
16 7 0.023106 0.018979 0.012279
16 8 0.018774 0.018979 0.012279
16 9 0.017329 0.018979 0.012279
16 10 0.015441 0.018979 0.012279
16 11 0.013997 0.018979 0.012279
16 12 0.012442 0.018979 0.012279
16 13 0.008887 0.018979 0.012279
16 14 0.006443 0.018979 0.012279
16 15 0.004888 0.018979 0.012279
16 16 0.004221 0.018979 0.012279
16 17 0.003110 0.018979 0.012279
16 18 0.003222 0.018979 0.012279
16 19 0.003333 0.018979 0.012279
16 20 0.004221 0.018979 0.012279
17 0 0.037547 0.018979 0.012279
17 1 0.045323 0.018979 0.012279
17 2 0.047323 0.018979 0.012279
17 3 0.047545 0.018979 0.012279
17 4 0.042768 0.018979 0.012279
17 5 0.033548 0.018979 0.012279
17 6 0.026883 0.018979 0.012279
17 7 0.021106 0.018979 0.012279
17 8 0.016996 0.018979 0.012279
17 9 0.014886 0.018979 0.012279
17 10 0.013441 0.018979 0.012279
17 11 0.013108 0.018979 0.012279
17 12 0.012220 0.018979 0.012279
17 13 0.007665 0.018979 0.012279
17 14 0.004443 0.018979 0.012279
17 15 0.003666 0.018979 0.012279
17 16 0.003110 0.018979 0.012279
17 17 0.002444 0.018979 0.012279
17 18 0.002111 0.018979 0.012279
17 19 0.002777 0.018979 0.012279
17 20 0.003666 0.018979 0.012279
18 0 0.041324 0.018979 0.012279
18 1 0.048989 0.018979 0.012279
18 2 0.050655 0.018979 0.012279
18 3 0.046434 0.018979 0.012279
18 4 0.040658 0.018979 0.012279
18 5 0.032770 0.018979 0.012279
18 6 0.024328 0.018979 0.012279
18 7 0.018996 0.018979 0.012279
18 8 0.015663 0.018979 0.012279
18 9 0.013108 0.018979 0.012279
18 10 0.011442 0.018979 0.012279
18 11 0.010220 0.018979 0.012279
18 12 0.008331 0.018979 0.012279
18 13 0.005999 0.018979 0.012279
18 14 0.003999 0.018979 0.012279
18 15 0.002999 0.018979 0.012279
18 16 0.002444 0.018979 0.012279
18 17 0.001666 0.018979 0.012279
18 18 0.002222 0.018979 0.012279
18 19 0.002000 0.018979 0.012279
18 20 0.003555 0.018979 0.012279
19 0 0.040324 0.018979 0.012279
19 1 0.045879 0.018979 0.012279
19 2 0.045990 0.018979 0.012279
19 3 0.044435 0.018979 0.012279
19 4 0.035992 0.018979 0.012279
19 5 0.029327 0.018979 0.012279
19 6 0.023328 0.018979 0.012279
19 7 0.018218 0.018979 0.012279
19 8 0.015774 0.018979 0.012279
19 9 0.012664 0.018979 0.012279
19 10 0.011109 0.018979 0.012279
19 11 0.009220 0.018979 0.012279
19 12 0.007110 0.018979 0.012279
19 13 0.005443 0.018979 0.012279
19 14 0.004555 0.018979 0.012279
19 15 0.002777 0.018979 0.012279
19 16 0.003110 0.018979 0.012279
19 17 0.002333 0.018979 0.012279
19 18 0.002444 0.018979 0.012279
19 19 0.002222 0.018979 0.012279
19 20 0.004110 0.018979 0.012279
20 0 0.037214 0.018979 0.012279
20 1 0.040213 0.018979 0.012279
20 2 0.042879 0.018979 0.012279
20 3 0.037103 0.018979 0.012279
20 4 0.031771 0.018979 0.012279
20 5 0.026772 0.018979 0.012279
20 6 0.020995 0.018979 0.012279
20 7 0.016441 0.018979 0.012279
20 8 0.014663 0.018979 0.012279
20 9 0.013441 0.018979 0.012279
20 10 0.009665 0.018979 0.012279
20 11 0.009109 0.018979 0.012279
20 12 0.007776 0.018979 0.012279
20 13 0.006443 0.018979 0.012279
20 14 0.005332 0.018979 0.012279
20 15 0.004777 0.018979 0.012279
20 16 0.004443 0.018979 0.012279
20 17 0.002999 0.018979 0.012279
20 18 0.002444 0.018979 0.012279
20 19 0.003999 0.018979 0.012279
20 20 0.004666 0.018979 0.012279
