# contact distance = 12.0 Angstroms
# F = 0.4 kJ/mol

# i j contact_probability mean_contact_probability stddev_contact_probability
0 0 0.016333 0.024961 0.013298
0 1 0.013251 0.024961 0.013298
0 2 0.011248 0.024961 0.013298
0 3 0.012018 0.024961 0.013298
0 4 0.011402 0.024961 0.013298
0 5 0.012481 0.024961 0.013298
0 6 0.013559 0.024961 0.013298
0 7 0.016795 0.024961 0.013298
0 8 0.018182 0.024961 0.013298
0 9 0.019414 0.024961 0.013298
0 10 0.020955 0.024961 0.013298
0 11 0.021880 0.024961 0.013298
0 12 0.023575 0.024961 0.013298
0 13 0.023267 0.024961 0.013298
0 14 0.021263 0.024961 0.013298
0 15 0.021726 0.024961 0.013298
0 16 0.020185 0.024961 0.013298
0 17 0.020801 0.024961 0.013298
0 18 0.019106 0.024961 0.013298
0 19 0.019569 0.024961 0.013298
0 20 0.018490 0.024961 0.013298
1 0 0.013405 0.024961 0.013298
1 1 0.011864 0.024961 0.013298
1 2 0.008166 0.024961 0.013298
1 3 0.007858 0.024961 0.013298
1 4 0.008012 0.024961 0.013298
1 5 0.009861 0.024961 0.013298
1 6 0.013097 0.024961 0.013298
1 7 0.015562 0.024961 0.013298
1 8 0.016333 0.024961 0.013298
1 9 0.018028 0.024961 0.013298
1 10 0.020801 0.024961 0.013298
1 11 0.022650 0.024961 0.013298
1 12 0.024653 0.024961 0.013298
1 13 0.024499 0.024961 0.013298
1 14 0.022804 0.024961 0.013298
1 15 0.024807 0.024961 0.013298
1 16 0.026348 0.024961 0.013298
1 17 0.027273 0.024961 0.013298
1 18 0.026040 0.024961 0.013298
1 19 0.026656 0.024961 0.013298
1 20 0.026194 0.024961 0.013298
2 0 0.011248 0.024961 0.013298
2 1 0.010632 0.024961 0.013298
2 2 0.007704 0.024961 0.013298
2 3 0.005855 0.024961 0.013298
2 4 0.006009 0.024961 0.013298
2 5 0.009861 0.024961 0.013298
2 6 0.013097 0.024961 0.013298
2 7 0.015100 0.024961 0.013298
2 8 0.015716 0.024961 0.013298
2 9 0.017411 0.024961 0.013298
2 10 0.020031 0.024961 0.013298
2 11 0.022034 0.024961 0.013298
2 12 0.023729 0.024961 0.013298
2 13 0.027119 0.024961 0.013298
2 14 0.026810 0.024961 0.013298
2 15 0.027735 0.024961 0.013298
2 16 0.030663 0.024961 0.013298
2 17 0.034361 0.024961 0.013298
2 18 0.036364 0.024961 0.013298
2 19 0.036672 0.024961 0.013298
2 20 0.034823 0.024961 0.013298
3 0 0.010478 0.024961 0.013298
3 1 0.009245 0.024961 0.013298
3 2 0.007088 0.024961 0.013298
3 3 0.004314 0.024961 0.013298
3 4 0.003236 0.024961 0.013298
3 5 0.005393 0.024961 0.013298
3 6 0.009399 0.024961 0.013298
3 7 0.012018 0.024961 0.013298
3 8 0.012943 0.024961 0.013298
3 9 0.014022 0.024961 0.013298
3 10 0.017565 0.024961 0.013298
3 11 0.020185 0.024961 0.013298
3 12 0.024653 0.024961 0.013298
3 13 0.026656 0.024961 0.013298
3 14 0.027735 0.024961 0.013298
3 15 0.028968 0.024961 0.013298
3 16 0.034052 0.024961 0.013298
3 17 0.039753 0.024961 0.013298
3 18 0.046841 0.024961 0.013298
3 19 0.047612 0.024961 0.013298
3 20 0.042835 0.024961 0.013298
4 0 0.012018 0.024961 0.013298
4 1 0.009091 0.024961 0.013298
4 2 0.005547 0.024961 0.013298
4 3 0.003082 0.024961 0.013298
4 4 0.002773 0.024961 0.013298
4 5 0.004777 0.024961 0.013298
4 6 0.009707 0.024961 0.013298
4 7 0.011094 0.024961 0.013298
4 8 0.012635 0.024961 0.013298
4 9 0.015408 0.024961 0.013298
4 10 0.018490 0.024961 0.013298
4 11 0.022958 0.024961 0.013298
4 12 0.026348 0.024961 0.013298
4 13 0.026965 0.024961 0.013298
4 14 0.028968 0.024961 0.013298
4 15 0.030663 0.024961 0.013298
4 16 0.041602 0.024961 0.013298
4 17 0.049923 0.024961 0.013298
4 18 0.053467 0.024961 0.013298
4 19 0.054237 0.024961 0.013298
4 20 0.045609 0.024961 0.013298
5 0 0.014176 0.024961 0.013298
5 1 0.011556 0.024961 0.013298
5 2 0.007550 0.024961 0.013298
5 3 0.004314 0.024961 0.013298
5 4 0.003544 0.024961 0.013298
5 5 0.005701 0.024961 0.013298
5 6 0.010632 0.024961 0.013298
5 7 0.013559 0.024961 0.013298
5 8 0.015562 0.024961 0.013298
5 9 0.020339 0.024961 0.013298
5 10 0.021880 0.024961 0.013298
5 11 0.022650 0.024961 0.013298
5 12 0.026040 0.024961 0.013298
5 13 0.027273 0.024961 0.013298
5 14 0.029738 0.024961 0.013298
5 15 0.030971 0.024961 0.013298
5 16 0.039753 0.024961 0.013298
5 17 0.046687 0.024961 0.013298
5 18 0.051310 0.024961 0.013298
5 19 0.051772 0.024961 0.013298
5 20 0.044068 0.024961 0.013298
6 0 0.016333 0.024961 0.013298
6 1 0.013713 0.024961 0.013298
6 2 0.009399 0.024961 0.013298
6 3 0.005239 0.024961 0.013298
6 4 0.005085 0.024961 0.013298
6 5 0.007550 0.024961 0.013298
6 6 0.012789 0.024961 0.013298
6 7 0.016179 0.024961 0.013298
6 8 0.020185 0.024961 0.013298
6 9 0.024961 0.024961 0.013298
6 10 0.025578 0.024961 0.013298
6 11 0.027581 0.024961 0.013298
6 12 0.029122 0.024961 0.013298
6 13 0.031895 0.024961 0.013298
6 14 0.031433 0.024961 0.013298
6 15 0.032666 0.024961 0.013298
6 16 0.037442 0.024961 0.013298
6 17 0.043143 0.024961 0.013298
6 18 0.047149 0.024961 0.013298
6 19 0.044068 0.024961 0.013298
6 20 0.036210 0.024961 0.013298
7 0 0.017565 0.024961 0.013298
7 1 0.016641 0.024961 0.013298
7 2 0.012481 0.024961 0.013298
7 3 0.008475 0.024961 0.013298
7 4 0.008629 0.024961 0.013298
7 5 0.010786 0.024961 0.013298
7 6 0.014484 0.024961 0.013298
7 7 0.019414 0.024961 0.013298
7 8 0.024191 0.024961 0.013298
7 9 0.030508 0.024961 0.013298
7 10 0.032357 0.024961 0.013298
7 11 0.033128 0.024961 0.013298
7 12 0.036055 0.024961 0.013298
7 13 0.035593 0.024961 0.013298
7 14 0.036826 0.024961 0.013298
7 15 0.034206 0.024961 0.013298
7 16 0.036672 0.024961 0.013298
7 17 0.039291 0.024961 0.013298
7 18 0.037288 0.024961 0.013298
7 19 0.033282 0.024961 0.013298
7 20 0.031587 0.024961 0.013298
8 0 0.016795 0.024961 0.013298
8 1 0.017874 0.024961 0.013298
8 2 0.013251 0.024961 0.013298
8 3 0.012481 0.024961 0.013298
8 4 0.013713 0.024961 0.013298
8 5 0.014484 0.024961 0.013298
8 6 0.017411 0.024961 0.013298
8 7 0.022804 0.024961 0.013298
8 8 0.031125 0.024961 0.013298
8 9 0.037134 0.024961 0.013298
8 10 0.039599 0.024961 0.013298
8 11 0.038829 0.024961 0.013298
8 12 0.039445 0.024961 0.013298
8 13 0.042527 0.024961 0.013298
8 14 0.040678 0.024961 0.013298
8 15 0.037288 0.024961 0.013298
8 16 0.035285 0.024961 0.013298
8 17 0.036518 0.024961 0.013298
8 18 0.032357 0.024961 0.013298
8 19 0.028197 0.024961 0.013298
8 20 0.025886 0.024961 0.013298
9 0 0.018028 0.024961 0.013298
9 1 0.020339 0.024961 0.013298
9 2 0.016487 0.024961 0.013298
9 3 0.015562 0.024961 0.013298
9 4 0.014792 0.024961 0.013298
9 5 0.017720 0.024961 0.013298
9 6 0.020185 0.024961 0.013298
9 7 0.024191 0.024961 0.013298
9 8 0.031587 0.024961 0.013298
9 9 0.038521 0.024961 0.013298
9 10 0.043914 0.024961 0.013298
9 11 0.043143 0.024961 0.013298
9 12 0.043143 0.024961 0.013298
9 13 0.045146 0.024961 0.013298
9 14 0.042835 0.024961 0.013298
9 15 0.037288 0.024961 0.013298
9 16 0.034823 0.024961 0.013298
9 17 0.033436 0.024961 0.013298
9 18 0.028659 0.024961 0.013298
9 19 0.025886 0.024961 0.013298
9 20 0.023421 0.024961 0.013298
10 0 0.019414 0.024961 0.013298
10 1 0.019569 0.024961 0.013298
10 2 0.019414 0.024961 0.013298
10 3 0.016641 0.024961 0.013298
10 4 0.016333 0.024961 0.013298
10 5 0.017565 0.024961 0.013298
10 6 0.022958 0.024961 0.013298
10 7 0.029430 0.024961 0.013298
10 8 0.036826 0.024961 0.013298
10 9 0.042373 0.024961 0.013298
10 10 0.046225 0.024961 0.013298
10 11 0.044992 0.024961 0.013298
10 12 0.045146 0.024961 0.013298
10 13 0.045917 0.024961 0.013298
10 14 0.044992 0.024961 0.013298
10 15 0.040370 0.024961 0.013298
10 16 0.036672 0.024961 0.013298
10 17 0.032049 0.024961 0.013298
10 18 0.027889 0.024961 0.013298
10 19 0.025424 0.024961 0.013298
10 20 0.022958 0.024961 0.013298
11 0 0.019569 0.024961 0.013298
11 1 0.022650 0.024961 0.013298
11 2 0.020955 0.024961 0.013298
11 3 0.019569 0.024961 0.013298
11 4 0.018028 0.024961 0.013298
11 5 0.020647 0.024961 0.013298
11 6 0.024191 0.024961 0.013298
11 7 0.032974 0.024961 0.013298
11 8 0.039137 0.024961 0.013298
11 9 0.044222 0.024961 0.013298
11 10 0.047458 0.024961 0.013298
11 11 0.048074 0.024961 0.013298
11 12 0.044530 0.024961 0.013298
11 13 0.043914 0.024961 0.013298
11 14 0.040832 0.024961 0.013298
11 15 0.036210 0.024961 0.013298
11 16 0.032666 0.024961 0.013298
11 17 0.028659 0.024961 0.013298
11 18 0.025886 0.024961 0.013298
11 19 0.023575 0.024961 0.013298
11 20 0.020647 0.024961 0.013298
12 0 0.020339 0.024961 0.013298
12 1 0.022034 0.024961 0.013298
12 2 0.020955 0.024961 0.013298
12 3 0.019723 0.024961 0.013298
12 4 0.019723 0.024961 0.013298
12 5 0.024191 0.024961 0.013298
12 6 0.030663 0.024961 0.013298
12 7 0.035593 0.024961 0.013298
12 8 0.043914 0.024961 0.013298
12 9 0.047920 0.024961 0.013298
12 10 0.049923 0.024961 0.013298
12 11 0.048228 0.024961 0.013298
12 12 0.046533 0.024961 0.013298
12 13 0.043297 0.024961 0.013298
12 14 0.038367 0.024961 0.013298
12 15 0.032820 0.024961 0.013298
12 16 0.029584 0.024961 0.013298
12 17 0.023883 0.024961 0.013298
12 18 0.021109 0.024961 0.013298
12 19 0.019414 0.024961 0.013298
12 20 0.017103 0.024961 0.013298
13 0 0.018952 0.024961 0.013298
13 1 0.023729 0.024961 0.013298
13 2 0.022188 0.024961 0.013298
13 3 0.022342 0.024961 0.013298
13 4 0.022650 0.024961 0.013298
13 5 0.026502 0.024961 0.013298
13 6 0.031433 0.024961 0.013298
13 7 0.038367 0.024961 0.013298
13 8 0.045146 0.024961 0.013298
13 9 0.048844 0.024961 0.013298
13 10 0.049153 0.024961 0.013298
13 11 0.046071 0.024961 0.013298
13 12 0.042989 0.024961 0.013298
13 13 0.037134 0.024961 0.013298
13 14 0.033128 0.024961 0.013298
13 15 0.029738 0.024961 0.013298
13 16 0.022958 0.024961 0.013298
13 17 0.020185 0.024961 0.013298
13 18 0.016795 0.024961 0.013298
13 19 0.013559 0.024961 0.013298
13 20 0.012173 0.024961 0.013298
14 0 0.020185 0.024961 0.013298
14 1 0.024191 0.024961 0.013298
14 2 0.022342 0.024961 0.013298
14 3 0.022188 0.024961 0.013298
14 4 0.024653 0.024961 0.013298
14 5 0.028659 0.024961 0.013298
14 6 0.036672 0.024961 0.013298
14 7 0.042065 0.024961 0.013298
14 8 0.043451 0.024961 0.013298
14 9 0.045609 0.024961 0.013298
14 10 0.046379 0.024961 0.013298
14 11 0.042681 0.024961 0.013298
14 12 0.038367 0.024961 0.013298
14 13 0.033282 0.024961 0.013298
14 14 0.027273 0.024961 0.013298
14 15 0.022496 0.024961 0.013298
14 16 0.019414 0.024961 0.013298
14 17 0.014484 0.024961 0.013298
14 18 0.012481 0.024961 0.013298
14 19 0.009861 0.024961 0.013298
14 20 0.009861 0.024961 0.013298
15 0 0.019569 0.024961 0.013298
15 1 0.022496 0.024961 0.013298
15 2 0.022034 0.024961 0.013298
15 3 0.026194 0.024961 0.013298
15 4 0.029584 0.024961 0.013298
15 5 0.033898 0.024961 0.013298
15 6 0.040524 0.024961 0.013298
15 7 0.042065 0.024961 0.013298
15 8 0.042527 0.024961 0.013298
15 9 0.043606 0.024961 0.013298
15 10 0.038829 0.024961 0.013298
15 11 0.035285 0.024961 0.013298
15 12 0.030817 0.024961 0.013298
15 13 0.025424 0.024961 0.013298
15 14 0.021572 0.024961 0.013298
15 15 0.016025 0.024961 0.013298
15 16 0.012789 0.024961 0.013298
15 17 0.009707 0.024961 0.013298
15 18 0.008320 0.024961 0.013298
15 19 0.007242 0.024961 0.013298
15 20 0.006934 0.024961 0.013298
16 0 0.018952 0.024961 0.013298
16 1 0.024961 0.024961 0.013298
16 2 0.028968 0.024961 0.013298
16 3 0.035131 0.024961 0.013298
16 4 0.041294 0.024961 0.013298
16 5 0.043143 0.024961 0.013298
16 6 0.045146 0.024961 0.013298
16 7 0.046225 0.024961 0.013298
16 8 0.042681 0.024961 0.013298
16 9 0.040216 0.024961 0.013298
16 10 0.035285 0.024961 0.013298
16 11 0.031895 0.024961 0.013298
16 12 0.025886 0.024961 0.013298
16 13 0.020955 0.024961 0.013298
16 14 0.015562 0.024961 0.013298
16 15 0.013251 0.024961 0.013298
16 16 0.009091 0.024961 0.013298
16 17 0.006163 0.024961 0.013298
16 18 0.004160 0.024961 0.013298
16 19 0.004160 0.024961 0.013298
16 20 0.005393 0.024961 0.013298
17 0 0.021418 0.024961 0.013298
17 1 0.028505 0.024961 0.013298
17 2 0.034669 0.024961 0.013298
17 3 0.042681 0.024961 0.013298
17 4 0.047612 0.024961 0.013298
17 5 0.049153 0.024961 0.013298
17 6 0.048690 0.024961 0.013298
17 7 0.044376 0.024961 0.013298
17 8 0.039753 0.024961 0.013298
17 9 0.035747 0.024961 0.013298
17 10 0.030817 0.024961 0.013298
17 11 0.024191 0.024961 0.013298
17 12 0.020801 0.024961 0.013298
17 13 0.017720 0.024961 0.013298
17 14 0.012327 0.024961 0.013298
17 15 0.008937 0.024961 0.013298
17 16 0.006163 0.024961 0.013298
17 17 0.003390 0.024961 0.013298
17 18 0.002311 0.024961 0.013298
17 19 0.002619 0.024961 0.013298
17 20 0.002928 0.024961 0.013298
18 0 0.021109 0.024961 0.013298
18 1 0.028968 0.024961 0.013298
18 2 0.036364 0.024961 0.013298
18 3 0.045455 0.024961 0.013298
18 4 0.049923 0.024961 0.013298
18 5 0.048998 0.024961 0.013298
18 6 0.046841 0.024961 0.013298
18 7 0.040370 0.024961 0.013298
18 8 0.033282 0.024961 0.013298
18 9 0.027889 0.024961 0.013298
18 10 0.023883 0.024961 0.013298
18 11 0.019723 0.024961 0.013298
18 12 0.016025 0.024961 0.013298
18 13 0.013559 0.024961 0.013298
18 14 0.009553 0.024961 0.013298
18 15 0.006934 0.024961 0.013298
18 16 0.005085 0.024961 0.013298
18 17 0.001541 0.024961 0.013298
18 18 0.001079 0.024961 0.013298
18 19 0.001233 0.024961 0.013298
18 20 0.002157 0.024961 0.013298
19 0 0.022496 0.024961 0.013298
19 1 0.028043 0.024961 0.013298
19 2 0.034206 0.024961 0.013298
19 3 0.046071 0.024961 0.013298
19 4 0.049615 0.024961 0.013298
19 5 0.047304 0.024961 0.013298
19 6 0.042065 0.024961 0.013298
19 7 0.035901 0.024961 0.013298
19 8 0.025732 0.024961 0.013298
19 9 0.022496 0.024961 0.013298
19 10 0.020647 0.024961 0.013298
19 11 0.015254 0.024961 0.013298
19 12 0.012481 0.024961 0.013298
19 13 0.010940 0.024961 0.013298
19 14 0.007242 0.024961 0.013298
19 15 0.006471 0.024961 0.013298
19 16 0.004622 0.024961 0.013298
19 17 0.002157 0.024961 0.013298
19 18 0.001387 0.024961 0.013298
19 19 0.000924 0.024961 0.013298
19 20 0.001387 0.024961 0.013298
20 0 0.020339 0.024961 0.013298
20 1 0.026502 0.024961 0.013298
20 2 0.032820 0.024961 0.013298
20 3 0.042527 0.024961 0.013298
20 4 0.046841 0.024961 0.013298
20 5 0.044222 0.024961 0.013298
20 6 0.036672 0.024961 0.013298
20 7 0.030046 0.024961 0.013298
20 8 0.022496 0.024961 0.013298
20 9 0.019723 0.024961 0.013298
20 10 0.016179 0.024961 0.013298
20 11 0.012481 0.024961 0.013298
20 12 0.012018 0.024961 0.013298
20 13 0.010324 0.024961 0.013298
20 14 0.007858 0.024961 0.013298
20 15 0.007396 0.024961 0.013298
20 16 0.005547 0.024961 0.013298
20 17 0.003852 0.024961 0.013298
20 18 0.002619 0.024961 0.013298
20 19 0.002003 0.024961 0.013298
20 20 0.002928 0.024961 0.013298
