# contact distance = 12.0 Angstroms
# F = 0.4 kJ/mol

# i j contact_probability mean_contact_probability stddev_contact_probability
0 0 0.007564 0.023583 0.014546
0 1 0.006991 0.023583 0.014546
0 2 0.006991 0.023583 0.014546
0 3 0.007335 0.023583 0.014546
0 4 0.006762 0.023583 0.014546
0 5 0.008252 0.023583 0.014546
0 6 0.009398 0.023583 0.014546
0 7 0.009628 0.023583 0.014546
0 8 0.009513 0.023583 0.014546
0 9 0.011461 0.023583 0.014546
0 10 0.014441 0.023583 0.014546
0 11 0.017077 0.023583 0.014546
0 12 0.017192 0.023583 0.014546
0 13 0.018567 0.023583 0.014546
0 14 0.023610 0.023583 0.014546
0 15 0.030029 0.023583 0.014546
0 16 0.039198 0.023583 0.014546
0 17 0.040688 0.023583 0.014546
0 18 0.041719 0.023583 0.014546
0 19 0.043897 0.023583 0.014546
0 20 0.038395 0.023583 0.014546
1 0 0.006418 0.023583 0.014546
1 1 0.004470 0.023583 0.014546
1 2 0.005387 0.023583 0.014546
1 3 0.005960 0.023583 0.014546
1 4 0.005845 0.023583 0.014546
1 5 0.005845 0.023583 0.014546
1 6 0.007221 0.023583 0.014546
1 7 0.008940 0.023583 0.014546
1 8 0.010201 0.023583 0.014546
1 9 0.009857 0.023583 0.014546
1 10 0.013181 0.023583 0.014546
1 11 0.016160 0.023583 0.014546
1 12 0.018109 0.023583 0.014546
1 13 0.020287 0.023583 0.014546
1 14 0.025215 0.023583 0.014546
1 15 0.036332 0.023583 0.014546
1 16 0.046418 0.023583 0.014546
1 17 0.052493 0.023583 0.014546
1 18 0.053181 0.023583 0.014546
1 19 0.051117 0.023583 0.014546
1 20 0.045616 0.023583 0.014546
2 0 0.005845 0.023583 0.014546
2 1 0.004928 0.023583 0.014546
2 2 0.004011 0.023583 0.014546
2 3 0.004470 0.023583 0.014546
2 4 0.004470 0.023583 0.014546
2 5 0.004699 0.023583 0.014546
2 6 0.006189 0.023583 0.014546
2 7 0.007564 0.023583 0.014546
2 8 0.007450 0.023583 0.014546
2 9 0.008023 0.023583 0.014546
2 10 0.012378 0.023583 0.014546
2 11 0.016160 0.023583 0.014546
2 12 0.016275 0.023583 0.014546
2 13 0.018682 0.023583 0.014546
2 14 0.026705 0.023583 0.014546
2 15 0.039427 0.023583 0.014546
2 16 0.051461 0.023583 0.014546
2 17 0.057421 0.023583 0.014546
2 18 0.059255 0.023583 0.014546
2 19 0.057536 0.023583 0.014546
2 20 0.049398 0.023583 0.014546
3 0 0.004928 0.023583 0.014546
3 1 0.003668 0.023583 0.014546
3 2 0.002980 0.023583 0.014546
3 3 0.003668 0.023583 0.014546
3 4 0.003897 0.023583 0.014546
3 5 0.004699 0.023583 0.014546
3 6 0.006648 0.023583 0.014546
3 7 0.009169 0.023583 0.014546
3 8 0.008252 0.023583 0.014546
3 9 0.008940 0.023583 0.014546
3 10 0.012837 0.023583 0.014546
3 11 0.016390 0.023583 0.014546
3 12 0.018223 0.023583 0.014546
3 13 0.020860 0.023583 0.014546
3 14 0.029112 0.023583 0.014546
3 15 0.040917 0.023583 0.014546
3 16 0.053410 0.023583 0.014546
3 17 0.059140 0.023583 0.014546
3 18 0.061433 0.023583 0.014546
3 19 0.058109 0.023583 0.014546
3 20 0.050544 0.023583 0.014546
4 0 0.005616 0.023583 0.014546
4 1 0.004928 0.023583 0.014546
4 2 0.004241 0.023583 0.014546
4 3 0.004011 0.023583 0.014546
4 4 0.004928 0.023583 0.014546
4 5 0.005845 0.023583 0.014546
4 6 0.007450 0.023583 0.014546
4 7 0.008825 0.023583 0.014546
4 8 0.008825 0.023583 0.014546
4 9 0.011461 0.023583 0.014546
4 10 0.013181 0.023583 0.014546
4 11 0.016160 0.023583 0.014546
4 12 0.019599 0.023583 0.014546
4 13 0.023725 0.023583 0.014546
4 14 0.031175 0.023583 0.014546
4 15 0.040573 0.023583 0.014546
4 16 0.049169 0.023583 0.014546
4 17 0.055587 0.023583 0.014546
4 18 0.057994 0.023583 0.014546
4 19 0.053066 0.023583 0.014546
4 20 0.047679 0.023583 0.014546
5 0 0.007794 0.023583 0.014546
5 1 0.006991 0.023583 0.014546
5 2 0.005845 0.023583 0.014546
5 3 0.005158 0.023583 0.014546
5 4 0.005501 0.023583 0.014546
5 5 0.008023 0.023583 0.014546
5 6 0.009857 0.023583 0.014546
5 7 0.010774 0.023583 0.014546
5 8 0.011461 0.023583 0.014546
5 9 0.013181 0.023583 0.014546
5 10 0.015014 0.023583 0.014546
5 11 0.019026 0.023583 0.014546
5 12 0.022235 0.023583 0.014546
5 13 0.026705 0.023583 0.014546
5 14 0.032092 0.023583 0.014546
5 15 0.038739 0.023583 0.014546
5 16 0.048711 0.023583 0.014546
5 17 0.050201 0.023583 0.014546
5 18 0.051691 0.023583 0.014546
5 19 0.046533 0.023583 0.014546
5 20 0.037937 0.023583 0.014546
6 0 0.008711 0.023583 0.014546
6 1 0.008367 0.023583 0.014546
6 2 0.006648 0.023583 0.014546
6 3 0.005845 0.023583 0.014546
6 4 0.006762 0.023583 0.014546
6 5 0.009054 0.023583 0.014546
6 6 0.011576 0.023583 0.014546
6 7 0.012149 0.023583 0.014546
6 8 0.014212 0.023583 0.014546
6 9 0.014670 0.023583 0.014546
6 10 0.018682 0.023583 0.014546
6 11 0.021891 0.023583 0.014546
6 12 0.025330 0.023583 0.014546
6 13 0.028883 0.023583 0.014546
6 14 0.034499 0.023583 0.014546
6 15 0.039083 0.023583 0.014546
6 16 0.043095 0.023583 0.014546
6 17 0.042178 0.023583 0.014546
6 18 0.040458 0.023583 0.014546
6 19 0.037937 0.023583 0.014546
6 20 0.033009 0.023583 0.014546
7 0 0.011347 0.023583 0.014546
7 1 0.009284 0.023583 0.014546
7 2 0.006877 0.023583 0.014546
7 3 0.006533 0.023583 0.014546
7 4 0.006991 0.023583 0.014546
7 5 0.009628 0.023583 0.014546
7 6 0.012378 0.023583 0.014546
7 7 0.013410 0.023583 0.014546
7 8 0.015587 0.023583 0.014546
7 9 0.016275 0.023583 0.014546
7 10 0.020057 0.023583 0.014546
7 11 0.023037 0.023583 0.014546
7 12 0.027851 0.023583 0.014546
7 13 0.029685 0.023583 0.014546
7 14 0.034728 0.023583 0.014546
7 15 0.037479 0.023583 0.014546
7 16 0.037708 0.023583 0.014546
7 17 0.040115 0.023583 0.014546
7 18 0.036103 0.023583 0.014546
7 19 0.034957 0.023583 0.014546
7 20 0.028768 0.023583 0.014546
8 0 0.011117 0.023583 0.014546
8 1 0.009857 0.023583 0.014546
8 2 0.009284 0.023583 0.014546
8 3 0.008023 0.023583 0.014546
8 4 0.008481 0.023583 0.014546
8 5 0.011232 0.023583 0.014546
8 6 0.014212 0.023583 0.014546
8 7 0.015244 0.023583 0.014546
8 8 0.015702 0.023583 0.014546
8 9 0.016046 0.023583 0.014546
8 10 0.018682 0.023583 0.014546
8 11 0.022350 0.023583 0.014546
8 12 0.026132 0.023583 0.014546
8 13 0.028309 0.023583 0.014546
8 14 0.030372 0.023583 0.014546
8 15 0.033926 0.023583 0.014546
8 16 0.035759 0.023583 0.014546
8 17 0.034040 0.023583 0.014546
8 18 0.031748 0.023583 0.014546
8 19 0.030143 0.023583 0.014546
8 20 0.025444 0.023583 0.014546
9 0 0.011691 0.023583 0.014546
9 1 0.011232 0.023583 0.014546
9 2 0.009054 0.023583 0.014546
9 3 0.009857 0.023583 0.014546
9 4 0.009742 0.023583 0.014546
9 5 0.011920 0.023583 0.014546
9 6 0.015358 0.023583 0.014546
9 7 0.016734 0.023583 0.014546
9 8 0.016848 0.023583 0.014546
9 9 0.016963 0.023583 0.014546
9 10 0.019599 0.023583 0.014546
9 11 0.022579 0.023583 0.014546
9 12 0.024871 0.023583 0.014546
9 13 0.027736 0.023583 0.014546
9 14 0.029914 0.023583 0.014546
9 15 0.032436 0.023583 0.014546
9 16 0.034269 0.023583 0.014546
9 17 0.031862 0.023583 0.014546
9 18 0.029112 0.023583 0.014546
9 19 0.027966 0.023583 0.014546
9 20 0.023954 0.023583 0.014546
10 0 0.012837 0.023583 0.014546
10 1 0.011691 0.023583 0.014546
10 2 0.010774 0.023583 0.014546
10 3 0.011347 0.023583 0.014546
10 4 0.013410 0.023583 0.014546
10 5 0.014441 0.023583 0.014546
10 6 0.019713 0.023583 0.014546
10 7 0.020057 0.023583 0.014546
10 8 0.019713 0.023583 0.014546
10 9 0.020287 0.023583 0.014546
10 10 0.024298 0.023583 0.014546
10 11 0.026017 0.023583 0.014546
10 12 0.027622 0.023583 0.014546
10 13 0.027507 0.023583 0.014546
10 14 0.029914 0.023583 0.014546
10 15 0.031748 0.023583 0.014546
10 16 0.031289 0.023583 0.014546
10 17 0.028424 0.023583 0.014546
10 18 0.027507 0.023583 0.014546
10 19 0.024069 0.023583 0.014546
10 20 0.020516 0.023583 0.014546
11 0 0.016046 0.023583 0.014546
11 1 0.014900 0.023583 0.014546
11 2 0.014900 0.023583 0.014546
11 3 0.015587 0.023583 0.014546
11 4 0.017077 0.023583 0.014546
11 5 0.019255 0.023583 0.014546
11 6 0.021433 0.023583 0.014546
11 7 0.023381 0.023583 0.014546
11 8 0.020516 0.023583 0.014546
11 9 0.023954 0.023583 0.014546
11 10 0.024986 0.023583 0.014546
11 11 0.027851 0.023583 0.014546
11 12 0.026590 0.023583 0.014546
11 13 0.027851 0.023583 0.014546
11 14 0.027851 0.023583 0.014546
11 15 0.029914 0.023583 0.014546
11 16 0.027851 0.023583 0.014546
11 17 0.024871 0.023583 0.014546
11 18 0.022579 0.023583 0.014546
11 19 0.018567 0.023583 0.014546
11 20 0.016734 0.023583 0.014546
12 0 0.017192 0.023583 0.014546
12 1 0.017765 0.023583 0.014546
12 2 0.016504 0.023583 0.014546
12 3 0.017880 0.023583 0.014546
12 4 0.021318 0.023583 0.014546
12 5 0.022579 0.023583 0.014546
12 6 0.024642 0.023583 0.014546
12 7 0.024642 0.023583 0.014546
12 8 0.024298 0.023583 0.014546
12 9 0.026819 0.023583 0.014546
12 10 0.027966 0.023583 0.014546
12 11 0.027851 0.023583 0.014546
12 12 0.027622 0.023583 0.014546
12 13 0.026934 0.023583 0.014546
12 14 0.026705 0.023583 0.014546
12 15 0.026132 0.023583 0.014546
12 16 0.021777 0.023583 0.014546
12 17 0.020401 0.023583 0.014546
12 18 0.018338 0.023583 0.014546
12 19 0.016046 0.023583 0.014546
12 20 0.012837 0.023583 0.014546
13 0 0.020401 0.023583 0.014546
13 1 0.021891 0.023583 0.014546
13 2 0.022006 0.023583 0.014546
13 3 0.022923 0.023583 0.014546
13 4 0.025444 0.023583 0.014546
13 5 0.027393 0.023583 0.014546
13 6 0.028997 0.023583 0.014546
13 7 0.027163 0.023583 0.014546
13 8 0.026934 0.023583 0.014546
13 9 0.029226 0.023583 0.014546
13 10 0.029570 0.023583 0.014546
13 11 0.028768 0.023583 0.014546
13 12 0.028309 0.023583 0.014546
13 13 0.024298 0.023583 0.014546
13 14 0.024642 0.023583 0.014546
13 15 0.022579 0.023583 0.014546
13 16 0.020057 0.023583 0.014546
13 17 0.017077 0.023583 0.014546
13 18 0.016046 0.023583 0.014546
13 19 0.014327 0.023583 0.014546
13 20 0.012607 0.023583 0.014546
14 0 0.025559 0.023583 0.014546
14 1 0.026705 0.023583 0.014546
14 2 0.029112 0.023583 0.014546
14 3 0.031175 0.023583 0.014546
14 4 0.033467 0.023583 0.014546
14 5 0.035645 0.023583 0.014546
14 6 0.035645 0.023583 0.014546
14 7 0.032436 0.023583 0.014546
14 8 0.029456 0.023583 0.014546
14 9 0.031175 0.023583 0.014546
14 10 0.031633 0.023583 0.014546
14 11 0.030487 0.023583 0.014546
14 12 0.027966 0.023583 0.014546
14 13 0.024069 0.023583 0.014546
14 14 0.023037 0.023583 0.014546
14 15 0.020745 0.023583 0.014546
14 16 0.017765 0.023583 0.014546
14 17 0.015587 0.023583 0.014546
14 18 0.013639 0.023583 0.014546
14 19 0.012378 0.023583 0.014546
14 20 0.010544 0.023583 0.014546
15 0 0.028997 0.023583 0.014546
15 1 0.034155 0.023583 0.014546
15 2 0.037479 0.023583 0.014546
15 3 0.041948 0.023583 0.014546
15 4 0.042865 0.023583 0.014546
15 5 0.041719 0.023583 0.014546
15 6 0.041032 0.023583 0.014546
15 7 0.036447 0.023583 0.014546
15 8 0.034269 0.023583 0.014546
15 9 0.033582 0.023583 0.014546
15 10 0.031748 0.023583 0.014546
15 11 0.031404 0.023583 0.014546
15 12 0.027736 0.023583 0.014546
15 13 0.023266 0.023583 0.014546
15 14 0.019026 0.023583 0.014546
15 15 0.017994 0.023583 0.014546
15 16 0.015129 0.023583 0.014546
15 17 0.011691 0.023583 0.014546
15 18 0.010430 0.023583 0.014546
15 19 0.009742 0.023583 0.014546
15 20 0.009398 0.023583 0.014546
16 0 0.037364 0.023583 0.014546
16 1 0.044470 0.023583 0.014546
16 2 0.048138 0.023583 0.014546
16 3 0.051920 0.023583 0.014546
16 4 0.049628 0.023583 0.014546
16 5 0.050086 0.023583 0.014546
16 6 0.045616 0.023583 0.014546
16 7 0.039312 0.023583 0.014546
16 8 0.036562 0.023583 0.014546
16 9 0.034842 0.023583 0.014546
16 10 0.032321 0.023583 0.014546
16 11 0.030487 0.023583 0.014546
16 12 0.023725 0.023583 0.014546
16 13 0.019370 0.023583 0.014546
16 14 0.016848 0.023583 0.014546
16 15 0.013524 0.023583 0.014546
16 16 0.010774 0.023583 0.014546
16 17 0.009398 0.023583 0.014546
16 18 0.007564 0.023583 0.014546
16 19 0.005960 0.023583 0.014546
16 20 0.007679 0.023583 0.014546
17 0 0.040458 0.023583 0.014546
17 1 0.048138 0.023583 0.014546
17 2 0.053983 0.023583 0.014546
17 3 0.058338 0.023583 0.014546
17 4 0.057077 0.023583 0.014546
17 5 0.052034 0.023583 0.014546
17 6 0.045960 0.023583 0.014546
17 7 0.042407 0.023583 0.014546
17 8 0.036791 0.023583 0.014546
17 9 0.035645 0.023583 0.014546
17 10 0.030602 0.023583 0.014546
17 11 0.026476 0.023583 0.014546
17 12 0.020974 0.023583 0.014546
17 13 0.017536 0.023583 0.014546
17 14 0.014441 0.023583 0.014546
17 15 0.010659 0.023583 0.014546
17 16 0.008252 0.023583 0.014546
17 17 0.005960 0.023583 0.014546
17 18 0.005158 0.023583 0.014546
17 19 0.004928 0.023583 0.014546
17 20 0.005845 0.023583 0.014546
18 0 0.041834 0.023583 0.014546
18 1 0.050659 0.023583 0.014546
18 2 0.055931 0.023583 0.014546
18 3 0.059140 0.023583 0.014546
18 4 0.056046 0.023583 0.014546
18 5 0.051576 0.023583 0.014546
18 6 0.042980 0.023583 0.014546
18 7 0.038625 0.023583 0.014546
18 8 0.035301 0.023583 0.014546
18 9 0.030143 0.023583 0.014546
18 10 0.027966 0.023583 0.014546
18 11 0.025330 0.023583 0.014546
18 12 0.019713 0.023583 0.014546
18 13 0.015358 0.023583 0.014546
18 14 0.012378 0.023583 0.014546
18 15 0.009398 0.023583 0.014546
18 16 0.006074 0.023583 0.014546
18 17 0.004355 0.023583 0.014546
18 18 0.004585 0.023583 0.014546
18 19 0.004011 0.023583 0.014546
18 20 0.004814 0.023583 0.014546
19 0 0.038395 0.023583 0.014546
19 1 0.050430 0.023583 0.014546
19 2 0.055244 0.023583 0.014546
19 3 0.056046 0.023583 0.014546
19 4 0.052034 0.023583 0.014546
19 5 0.045501 0.023583 0.014546
19 6 0.038854 0.023583 0.014546
19 7 0.033467 0.023583 0.014546
19 8 0.030716 0.023583 0.014546
19 9 0.028653 0.023583 0.014546
19 10 0.023725 0.023583 0.014546
19 11 0.022808 0.023583 0.014546
19 12 0.016848 0.023583 0.014546
19 13 0.015244 0.023583 0.014546
19 14 0.010086 0.023583 0.014546
19 15 0.008367 0.023583 0.014546
19 16 0.006304 0.023583 0.014546
19 17 0.005158 0.023583 0.014546
19 18 0.003553 0.023583 0.014546
19 19 0.003668 0.023583 0.014546
19 20 0.005043 0.023583 0.014546
20 0 0.036562 0.023583 0.014546
20 1 0.045043 0.023583 0.014546
20 2 0.048023 0.023583 0.014546
20 3 0.048711 0.023583 0.014546
20 4 0.044585 0.023583 0.014546
20 5 0.037937 0.023583 0.014546
20 6 0.032550 0.023583 0.014546
20 7 0.029341 0.023583 0.014546
20 8 0.024756 0.023583 0.014546
20 9 0.025673 0.023583 0.014546
20 10 0.021203 0.023583 0.014546
20 11 0.018338 0.023583 0.014546
20 12 0.016390 0.023583 0.014546
20 13 0.014212 0.023583 0.014546
20 14 0.011232 0.023583 0.014546
20 15 0.008825 0.023583 0.014546
20 16 0.006533 0.023583 0.014546
20 17 0.005272 0.023583 0.014546
20 18 0.004355 0.023583 0.014546
20 19 0.004011 0.023583 0.014546
20 20 0.005616 0.023583 0.014546
