# contact distance = 12.0 Angstroms
# F = 0.4 kJ/mol

# i j contact_probability mean_contact_probability stddev_contact_probability
0 0 0.009151 0.021997 0.013269
0 1 0.007550 0.021997 0.013269
0 2 0.006978 0.021997 0.013269
0 3 0.007092 0.021997 0.013269
0 4 0.007550 0.021997 0.013269
0 5 0.009266 0.021997 0.013269
0 6 0.011439 0.021997 0.013269
0 7 0.012583 0.021997 0.013269
0 8 0.013155 0.021997 0.013269
0 9 0.012926 0.021997 0.013269
0 10 0.013727 0.021997 0.013269
0 11 0.015443 0.021997 0.013269
0 12 0.018074 0.021997 0.013269
0 13 0.021048 0.021997 0.013269
0 14 0.025509 0.021997 0.013269
0 15 0.028483 0.021997 0.013269
0 16 0.033173 0.021997 0.013269
0 17 0.036147 0.021997 0.013269
0 18 0.040037 0.021997 0.013269
0 19 0.039922 0.021997 0.013269
0 20 0.034317 0.021997 0.013269
1 0 0.007321 0.021997 0.013269
1 1 0.006749 0.021997 0.013269
1 2 0.005376 0.021997 0.013269
1 3 0.005491 0.021997 0.013269
1 4 0.007321 0.021997 0.013269
1 5 0.008694 0.021997 0.013269
1 6 0.009838 0.021997 0.013269
1 7 0.011553 0.021997 0.013269
1 8 0.012697 0.021997 0.013269
1 9 0.012697 0.021997 0.013269
1 10 0.014756 0.021997 0.013269
1 11 0.016472 0.021997 0.013269
1 12 0.019790 0.021997 0.013269
1 13 0.022306 0.021997 0.013269
1 14 0.027911 0.021997 0.013269
1 15 0.034203 0.021997 0.013269
1 16 0.038550 0.021997 0.013269
1 17 0.043468 0.021997 0.013269
1 18 0.046328 0.021997 0.013269
1 19 0.044269 0.021997 0.013269
1 20 0.037177 0.021997 0.013269
2 0 0.006863 0.021997 0.013269
2 1 0.006749 0.021997 0.013269
2 2 0.005033 0.021997 0.013269
2 3 0.004461 0.021997 0.013269
2 4 0.006406 0.021997 0.013269
2 5 0.008122 0.021997 0.013269
2 6 0.010638 0.021997 0.013269
2 7 0.011782 0.021997 0.013269
2 8 0.012697 0.021997 0.013269
2 9 0.013612 0.021997 0.013269
2 10 0.016472 0.021997 0.013269
2 11 0.018760 0.021997 0.013269
2 12 0.021505 0.021997 0.013269
2 13 0.024251 0.021997 0.013269
2 14 0.032029 0.021997 0.013269
2 15 0.039121 0.021997 0.013269
2 16 0.044612 0.021997 0.013269
2 17 0.048730 0.021997 0.013269
2 18 0.054907 0.021997 0.013269
2 19 0.050446 0.021997 0.013269
2 20 0.042896 0.021997 0.013269
3 0 0.007092 0.021997 0.013269
3 1 0.006520 0.021997 0.013269
3 2 0.004804 0.021997 0.013269
3 3 0.005033 0.021997 0.013269
3 4 0.006749 0.021997 0.013269
3 5 0.009037 0.021997 0.013269
3 6 0.011096 0.021997 0.013269
3 7 0.012583 0.021997 0.013269
3 8 0.012812 0.021997 0.013269
3 9 0.014756 0.021997 0.013269
3 10 0.016930 0.021997 0.013269
3 11 0.019218 0.021997 0.013269
3 12 0.022878 0.021997 0.013269
3 13 0.030428 0.021997 0.013269
3 14 0.036948 0.021997 0.013269
3 15 0.045642 0.021997 0.013269
3 16 0.049989 0.021997 0.013269
3 17 0.052162 0.021997 0.013269
3 18 0.057538 0.021997 0.013269
3 19 0.053763 0.021997 0.013269
3 20 0.045413 0.021997 0.013269
4 0 0.008122 0.021997 0.013269
4 1 0.006635 0.021997 0.013269
4 2 0.006177 0.021997 0.013269
4 3 0.006291 0.021997 0.013269
4 4 0.009037 0.021997 0.013269
4 5 0.012125 0.021997 0.013269
4 6 0.013727 0.021997 0.013269
4 7 0.014871 0.021997 0.013269
4 8 0.015328 0.021997 0.013269
4 9 0.016472 0.021997 0.013269
4 10 0.018417 0.021997 0.013269
4 11 0.022649 0.021997 0.013269
4 12 0.027225 0.021997 0.013269
4 13 0.032601 0.021997 0.013269
4 14 0.038550 0.021997 0.013269
4 15 0.044269 0.021997 0.013269
4 16 0.049302 0.021997 0.013269
4 17 0.051933 0.021997 0.013269
4 18 0.053992 0.021997 0.013269
4 19 0.048959 0.021997 0.013269
4 20 0.040609 0.021997 0.013269
5 0 0.010066 0.021997 0.013269
5 1 0.009723 0.021997 0.013269
5 2 0.008579 0.021997 0.013269
5 3 0.008922 0.021997 0.013269
5 4 0.012697 0.021997 0.013269
5 5 0.014642 0.021997 0.013269
5 6 0.018074 0.021997 0.013269
5 7 0.018302 0.021997 0.013269
5 8 0.017959 0.021997 0.013269
5 9 0.018989 0.021997 0.013269
5 10 0.021391 0.021997 0.013269
5 11 0.025166 0.021997 0.013269
5 12 0.027797 0.021997 0.013269
5 13 0.033974 0.021997 0.013269
5 14 0.038550 0.021997 0.013269
5 15 0.040837 0.021997 0.013269
5 16 0.041638 0.021997 0.013269
5 17 0.044269 0.021997 0.013269
5 18 0.043811 0.021997 0.013269
5 19 0.038778 0.021997 0.013269
5 20 0.032601 0.021997 0.013269
6 0 0.009952 0.021997 0.013269
6 1 0.010867 0.021997 0.013269
6 2 0.010981 0.021997 0.013269
6 3 0.012011 0.021997 0.013269
6 4 0.013727 0.021997 0.013269
6 5 0.016243 0.021997 0.013269
6 6 0.017159 0.021997 0.013269
6 7 0.018874 0.021997 0.013269
6 8 0.021048 0.021997 0.013269
6 9 0.020819 0.021997 0.013269
6 10 0.022992 0.021997 0.013269
6 11 0.026195 0.021997 0.013269
6 12 0.028712 0.021997 0.013269
6 13 0.031915 0.021997 0.013269
6 14 0.035575 0.021997 0.013269
6 15 0.035804 0.021997 0.013269
6 16 0.033745 0.021997 0.013269
6 17 0.033860 0.021997 0.013269
6 18 0.032029 0.021997 0.013269
6 19 0.028140 0.021997 0.013269
6 20 0.025623 0.021997 0.013269
7 0 0.012240 0.021997 0.013269
7 1 0.012812 0.021997 0.013269
7 2 0.013155 0.021997 0.013269
7 3 0.013384 0.021997 0.013269
7 4 0.014756 0.021997 0.013269
7 5 0.017159 0.021997 0.013269
7 6 0.019103 0.021997 0.013269
7 7 0.021277 0.021997 0.013269
7 8 0.020819 0.021997 0.013269
7 9 0.021505 0.021997 0.013269
7 10 0.022992 0.021997 0.013269
7 11 0.026767 0.021997 0.013269
7 12 0.027225 0.021997 0.013269
7 13 0.028026 0.021997 0.013269
7 14 0.030885 0.021997 0.013269
7 15 0.029170 0.021997 0.013269
7 16 0.028826 0.021997 0.013269
7 17 0.025166 0.021997 0.013269
7 18 0.023107 0.021997 0.013269
7 19 0.019904 0.021997 0.013269
7 20 0.019218 0.021997 0.013269
8 0 0.013384 0.021997 0.013269
8 1 0.013384 0.021997 0.013269
8 2 0.013841 0.021997 0.013269
8 3 0.014871 0.021997 0.013269
8 4 0.015557 0.021997 0.013269
8 5 0.019904 0.021997 0.013269
8 6 0.020361 0.021997 0.013269
8 7 0.021620 0.021997 0.013269
8 8 0.023107 0.021997 0.013269
8 9 0.024594 0.021997 0.013269
8 10 0.024365 0.021997 0.013269
8 11 0.026195 0.021997 0.013269
8 12 0.027568 0.021997 0.013269
8 13 0.026081 0.021997 0.013269
8 14 0.026996 0.021997 0.013269
8 15 0.023450 0.021997 0.013269
8 16 0.022992 0.021997 0.013269
8 17 0.019790 0.021997 0.013269
8 18 0.015900 0.021997 0.013269
8 19 0.016129 0.021997 0.013269
8 20 0.016243 0.021997 0.013269
9 0 0.014184 0.021997 0.013269
9 1 0.015328 0.021997 0.013269
9 2 0.016243 0.021997 0.013269
9 3 0.017616 0.021997 0.013269
9 4 0.020247 0.021997 0.013269
9 5 0.022992 0.021997 0.013269
9 6 0.022878 0.021997 0.013269
9 7 0.024480 0.021997 0.013269
9 8 0.024823 0.021997 0.013269
9 9 0.026310 0.021997 0.013269
9 10 0.026424 0.021997 0.013269
9 11 0.027568 0.021997 0.013269
9 12 0.025967 0.021997 0.013269
9 13 0.026310 0.021997 0.013269
9 14 0.023564 0.021997 0.013269
9 15 0.023679 0.021997 0.013269
9 16 0.021048 0.021997 0.013269
9 17 0.018074 0.021997 0.013269
9 18 0.015557 0.021997 0.013269
9 19 0.013727 0.021997 0.013269
9 20 0.013155 0.021997 0.013269
10 0 0.015328 0.021997 0.013269
10 1 0.016358 0.021997 0.013269
10 2 0.017387 0.021997 0.013269
10 3 0.019904 0.021997 0.013269
10 4 0.021391 0.021997 0.013269
10 5 0.024251 0.021997 0.013269
10 6 0.027339 0.021997 0.013269
10 7 0.027111 0.021997 0.013269
10 8 0.026653 0.021997 0.013269
10 9 0.028369 0.021997 0.013269
10 10 0.027339 0.021997 0.013269
10 11 0.026195 0.021997 0.013269
10 12 0.027797 0.021997 0.013269
10 13 0.025738 0.021997 0.013269
10 14 0.024594 0.021997 0.013269
10 15 0.021963 0.021997 0.013269
10 16 0.018531 0.021997 0.013269
10 17 0.015671 0.021997 0.013269
10 18 0.013498 0.021997 0.013269
10 19 0.012011 0.021997 0.013269
10 20 0.010981 0.021997 0.013269
11 0 0.016243 0.021997 0.013269
11 1 0.018417 0.021997 0.013269
11 2 0.020819 0.021997 0.013269
11 3 0.022077 0.021997 0.013269
11 4 0.024365 0.021997 0.013269
11 5 0.027339 0.021997 0.013269
11 6 0.028140 0.021997 0.013269
11 7 0.026882 0.021997 0.013269
11 8 0.027911 0.021997 0.013269
11 9 0.028712 0.021997 0.013269
11 10 0.026539 0.021997 0.013269
11 11 0.026653 0.021997 0.013269
11 12 0.025623 0.021997 0.013269
11 13 0.024823 0.021997 0.013269
11 14 0.022077 0.021997 0.013269
11 15 0.019332 0.021997 0.013269
11 16 0.015557 0.021997 0.013269
11 17 0.014184 0.021997 0.013269
11 18 0.010981 0.021997 0.013269
11 19 0.010181 0.021997 0.013269
11 20 0.009494 0.021997 0.013269
12 0 0.019103 0.021997 0.013269
12 1 0.020705 0.021997 0.013269
12 2 0.023450 0.021997 0.013269
12 3 0.024136 0.021997 0.013269
12 4 0.027911 0.021997 0.013269
12 5 0.030199 0.021997 0.013269
12 6 0.027454 0.021997 0.013269
12 7 0.028369 0.021997 0.013269
12 8 0.026195 0.021997 0.013269
12 9 0.026882 0.021997 0.013269
12 10 0.026424 0.021997 0.013269
12 11 0.025738 0.021997 0.013269
12 12 0.024022 0.021997 0.013269
12 13 0.023908 0.021997 0.013269
12 14 0.020018 0.021997 0.013269
12 15 0.017502 0.021997 0.013269
12 16 0.013841 0.021997 0.013269
12 17 0.012011 0.021997 0.013269
12 18 0.009037 0.021997 0.013269
12 19 0.008122 0.021997 0.013269
12 20 0.008122 0.021997 0.013269
13 0 0.022764 0.021997 0.013269
13 1 0.026310 0.021997 0.013269
13 2 0.026882 0.021997 0.013269
13 3 0.028941 0.021997 0.013269
13 4 0.031229 0.021997 0.013269
13 5 0.032830 0.021997 0.013269
13 6 0.030199 0.021997 0.013269
13 7 0.027911 0.021997 0.013269
13 8 0.026767 0.021997 0.013269
13 9 0.026424 0.021997 0.013269
13 10 0.026653 0.021997 0.013269
13 11 0.024937 0.021997 0.013269
13 12 0.022878 0.021997 0.013269
13 13 0.022192 0.021997 0.013269
13 14 0.018989 0.021997 0.013269
13 15 0.015100 0.021997 0.013269
13 16 0.012240 0.021997 0.013269
13 17 0.008122 0.021997 0.013269
13 18 0.007435 0.021997 0.013269
13 19 0.006749 0.021997 0.013269
13 20 0.006291 0.021997 0.013269
14 0 0.025166 0.021997 0.013269
14 1 0.030542 0.021997 0.013269
14 2 0.034203 0.021997 0.013269
14 3 0.037291 0.021997 0.013269
14 4 0.038778 0.021997 0.013269
14 5 0.037749 0.021997 0.013269
14 6 0.034889 0.021997 0.013269
14 7 0.031114 0.021997 0.013269
14 8 0.027568 0.021997 0.013269
14 9 0.027339 0.021997 0.013269
14 10 0.027225 0.021997 0.013269
14 11 0.025623 0.021997 0.013269
14 12 0.021620 0.021997 0.013269
14 13 0.016930 0.021997 0.013269
14 14 0.016015 0.021997 0.013269
14 15 0.012926 0.021997 0.013269
14 16 0.010410 0.021997 0.013269
14 17 0.006863 0.021997 0.013269
14 18 0.005834 0.021997 0.013269
14 19 0.006177 0.021997 0.013269
14 20 0.006063 0.021997 0.013269
15 0 0.030199 0.021997 0.013269
15 1 0.037062 0.021997 0.013269
15 2 0.042668 0.021997 0.013269
15 3 0.047243 0.021997 0.013269
15 4 0.046328 0.021997 0.013269
15 5 0.041409 0.021997 0.013269
15 6 0.035690 0.021997 0.013269
15 7 0.030428 0.021997 0.013269
15 8 0.025051 0.021997 0.013269
15 9 0.024594 0.021997 0.013269
15 10 0.022878 0.021997 0.013269
15 11 0.022192 0.021997 0.013269
15 12 0.020247 0.021997 0.013269
15 13 0.015671 0.021997 0.013269
15 14 0.012583 0.021997 0.013269
15 15 0.008122 0.021997 0.013269
15 16 0.007779 0.021997 0.013269
15 17 0.005148 0.021997 0.013269
15 18 0.004347 0.021997 0.013269
15 19 0.004690 0.021997 0.013269
15 20 0.004690 0.021997 0.013269
16 0 0.036834 0.021997 0.013269
16 1 0.044040 0.021997 0.013269
16 2 0.049302 0.021997 0.013269
16 3 0.051933 0.021997 0.013269
16 4 0.051132 0.021997 0.013269
16 5 0.042210 0.021997 0.013269
16 6 0.034660 0.021997 0.013269
16 7 0.028369 0.021997 0.013269
16 8 0.021849 0.021997 0.013269
16 9 0.020247 0.021997 0.013269
16 10 0.019103 0.021997 0.013269
16 11 0.018302 0.021997 0.013269
16 12 0.016930 0.021997 0.013269
16 13 0.012812 0.021997 0.013269
16 14 0.009609 0.021997 0.013269
16 15 0.007092 0.021997 0.013269
16 16 0.004919 0.021997 0.013269
16 17 0.003203 0.021997 0.013269
16 18 0.002059 0.021997 0.013269
16 19 0.003546 0.021997 0.013269
16 20 0.002860 0.021997 0.013269
17 0 0.037978 0.021997 0.013269
17 1 0.046214 0.021997 0.013269
17 2 0.054907 0.021997 0.013269
17 3 0.057881 0.021997 0.013269
17 4 0.050561 0.021997 0.013269
17 5 0.042668 0.021997 0.013269
17 6 0.032944 0.021997 0.013269
17 7 0.025166 0.021997 0.013269
17 8 0.019904 0.021997 0.013269
17 9 0.018302 0.021997 0.013269
17 10 0.017502 0.021997 0.013269
17 11 0.015557 0.021997 0.013269
17 12 0.013155 0.021997 0.013269
17 13 0.010638 0.021997 0.013269
17 14 0.008579 0.021997 0.013269
17 15 0.005834 0.021997 0.013269
17 16 0.003203 0.021997 0.013269
17 17 0.003203 0.021997 0.013269
17 18 0.002517 0.021997 0.013269
17 19 0.001945 0.021997 0.013269
17 20 0.002402 0.021997 0.013269
18 0 0.040609 0.021997 0.013269
18 1 0.049760 0.021997 0.013269
18 2 0.057310 0.021997 0.013269
18 3 0.058110 0.021997 0.013269
18 4 0.053420 0.021997 0.013269
18 5 0.041752 0.021997 0.013269
18 6 0.031915 0.021997 0.013269
18 7 0.022306 0.021997 0.013269
18 8 0.017502 0.021997 0.013269
18 9 0.019218 0.021997 0.013269
18 10 0.017387 0.021997 0.013269
18 11 0.013612 0.021997 0.013269
18 12 0.011782 0.021997 0.013269
18 13 0.008122 0.021997 0.013269
18 14 0.005491 0.021997 0.013269
18 15 0.004004 0.021997 0.013269
18 16 0.002974 0.021997 0.013269
18 17 0.002173 0.021997 0.013269
18 18 0.001716 0.021997 0.013269
18 19 0.001030 0.021997 0.013269
18 20 0.001830 0.021997 0.013269
19 0 0.042096 0.021997 0.013269
19 1 0.048845 0.021997 0.013269
19 2 0.053763 0.021997 0.013269
19 3 0.053992 0.021997 0.013269
19 4 0.048616 0.021997 0.013269
19 5 0.039693 0.021997 0.013269
19 6 0.027911 0.021997 0.013269
19 7 0.022306 0.021997 0.013269
19 8 0.019103 0.021997 0.013269
19 9 0.017273 0.021997 0.013269
19 10 0.014413 0.021997 0.013269
19 11 0.012354 0.021997 0.013269
19 12 0.009952 0.021997 0.013269
19 13 0.006520 0.021997 0.013269
19 14 0.005262 0.021997 0.013269
19 15 0.003660 0.021997 0.013269
19 16 0.003432 0.021997 0.013269
19 17 0.002402 0.021997 0.013269
19 18 0.001373 0.021997 0.013269
19 19 0.001258 0.021997 0.013269
19 20 0.002173 0.021997 0.013269
20 0 0.038206 0.021997 0.013269
20 1 0.042782 0.021997 0.013269
20 2 0.045871 0.021997 0.013269
20 3 0.045413 0.021997 0.013269
20 4 0.038550 0.021997 0.013269
20 5 0.032144 0.021997 0.013269
20 6 0.023450 0.021997 0.013269
20 7 0.019904 0.021997 0.013269
20 8 0.016015 0.021997 0.013269
20 9 0.015443 0.021997 0.013269
20 10 0.012469 0.021997 0.013269
20 11 0.010753 0.021997 0.013269
20 12 0.009838 0.021997 0.013269
20 13 0.008808 0.021997 0.013269
20 14 0.006863 0.021997 0.013269
20 15 0.004804 0.021997 0.013269
20 16 0.003432 0.021997 0.013269
20 17 0.002860 0.021997 0.013269
20 18 0.002974 0.021997 0.013269
20 19 0.003432 0.021997 0.013269
20 20 0.004576 0.021997 0.013269
