# contact distance = 12.0 Angstroms
# F = 0.4 kJ/mol

# i j contact_probability mean_contact_probability stddev_contact_probability
0 0 0.005262 0.020044 0.009086
0 1 0.004125 0.020044 0.009086
0 2 0.003982 0.020044 0.009086
0 3 0.005689 0.020044 0.009086
0 4 0.006542 0.020044 0.009086
0 5 0.006827 0.020044 0.009086
0 6 0.008534 0.020044 0.009086
0 7 0.010098 0.020044 0.009086
0 8 0.011094 0.020044 0.009086
0 9 0.012800 0.020044 0.009086
0 10 0.012516 0.020044 0.009086
0 11 0.012516 0.020044 0.009086
0 12 0.013938 0.020044 0.009086
0 13 0.015929 0.020044 0.009086
0 14 0.018205 0.020044 0.009086
0 15 0.021903 0.020044 0.009086
0 16 0.027308 0.020044 0.009086
0 17 0.031006 0.020044 0.009086
0 18 0.034703 0.020044 0.009086
0 19 0.035130 0.020044 0.009086
0 20 0.032286 0.020044 0.009086
1 0 0.005547 0.020044 0.009086
1 1 0.003556 0.020044 0.009086
1 2 0.003271 0.020044 0.009086
1 3 0.004267 0.020044 0.009086
1 4 0.003982 0.020044 0.009086
1 5 0.005831 0.020044 0.009086
1 6 0.007254 0.020044 0.009086
1 7 0.009245 0.020044 0.009086
1 8 0.010952 0.020044 0.009086
1 9 0.012516 0.020044 0.009086
1 10 0.012089 0.020044 0.009086
1 11 0.014365 0.020044 0.009086
1 12 0.013512 0.020044 0.009086
1 13 0.016356 0.020044 0.009086
1 14 0.019912 0.020044 0.009086
1 15 0.026881 0.020044 0.009086
1 16 0.030294 0.020044 0.009086
1 17 0.035130 0.020044 0.009086
1 18 0.038544 0.020044 0.009086
1 19 0.038259 0.020044 0.009086
1 20 0.036695 0.020044 0.009086
2 0 0.004836 0.020044 0.009086
2 1 0.002845 0.020044 0.009086
2 2 0.002702 0.020044 0.009086
2 3 0.003129 0.020044 0.009086
2 4 0.002845 0.020044 0.009086
2 5 0.004409 0.020044 0.009086
2 6 0.006258 0.020044 0.009086
2 7 0.008107 0.020044 0.009086
2 8 0.010667 0.020044 0.009086
2 9 0.011094 0.020044 0.009086
2 10 0.011947 0.020044 0.009086
2 11 0.013654 0.020044 0.009086
2 12 0.016641 0.020044 0.009086
2 13 0.017636 0.020044 0.009086
2 14 0.021334 0.020044 0.009086
2 15 0.025174 0.020044 0.009086
2 16 0.031432 0.020044 0.009086
2 17 0.037975 0.020044 0.009086
2 18 0.039113 0.020044 0.009086
2 19 0.039966 0.020044 0.009086
2 20 0.036695 0.020044 0.009086
3 0 0.004694 0.020044 0.009086
3 1 0.003271 0.020044 0.009086
3 2 0.003698 0.020044 0.009086
3 3 0.003129 0.020044 0.009086
3 4 0.003129 0.020044 0.009086
3 5 0.005262 0.020044 0.009086
3 6 0.007538 0.020044 0.009086
3 7 0.009671 0.020044 0.009086
3 8 0.010383 0.020044 0.009086
3 9 0.012658 0.020044 0.009086
3 10 0.013654 0.020044 0.009086
3 11 0.015645 0.020044 0.009086
3 12 0.019201 0.020044 0.009086
3 13 0.020054 0.020044 0.009086
3 14 0.023041 0.020044 0.009086
3 15 0.029726 0.020044 0.009086
3 16 0.033423 0.020044 0.009086
3 17 0.037690 0.020044 0.009086
3 18 0.039539 0.020044 0.009086
3 19 0.038544 0.020044 0.009086
3 20 0.033708 0.020044 0.009086
4 0 0.005262 0.020044 0.009086
4 1 0.004694 0.020044 0.009086
4 2 0.004125 0.020044 0.009086
4 3 0.004551 0.020044 0.009086
4 4 0.004694 0.020044 0.009086
4 5 0.005405 0.020044 0.009086
4 6 0.007965 0.020044 0.009086
4 7 0.010525 0.020044 0.009086
4 8 0.012516 0.020044 0.009086
4 9 0.014081 0.020044 0.009086
4 10 0.015929 0.020044 0.009086
4 11 0.019058 0.020044 0.009086
4 12 0.021192 0.020044 0.009086
4 13 0.021903 0.020044 0.009086
4 14 0.026739 0.020044 0.009086
4 15 0.029157 0.020044 0.009086
4 16 0.032855 0.020044 0.009086
4 17 0.037121 0.020044 0.009086
4 18 0.037121 0.020044 0.009086
4 19 0.035415 0.020044 0.009086
4 20 0.033139 0.020044 0.009086
5 0 0.007965 0.020044 0.009086
5 1 0.006400 0.020044 0.009086
5 2 0.006400 0.020044 0.009086
5 3 0.008107 0.020044 0.009086
5 4 0.006258 0.020044 0.009086
5 5 0.008960 0.020044 0.009086
5 6 0.012374 0.020044 0.009086
5 7 0.014649 0.020044 0.009086
5 8 0.016072 0.020044 0.009086
5 9 0.016498 0.020044 0.009086
5 10 0.018916 0.020044 0.009086
5 11 0.022045 0.020044 0.009086
5 12 0.023183 0.020044 0.009086
5 13 0.026739 0.020044 0.009086
5 14 0.026028 0.020044 0.009086
5 15 0.029157 0.020044 0.009086
5 16 0.031290 0.020044 0.009086
5 17 0.032997 0.020044 0.009086
5 18 0.031432 0.020044 0.009086
5 19 0.031574 0.020044 0.009086
5 20 0.028019 0.020044 0.009086
6 0 0.008391 0.020044 0.009086
6 1 0.008818 0.020044 0.009086
6 2 0.008534 0.020044 0.009086
6 3 0.009245 0.020044 0.009086
6 4 0.009671 0.020044 0.009086
6 5 0.010383 0.020044 0.009086
6 6 0.014081 0.020044 0.009086
6 7 0.017921 0.020044 0.009086
6 8 0.020054 0.020044 0.009086
6 9 0.021192 0.020044 0.009086
6 10 0.019770 0.020044 0.009086
6 11 0.022472 0.020044 0.009086
6 12 0.025885 0.020044 0.009086
6 13 0.026454 0.020044 0.009086
6 14 0.025601 0.020044 0.009086
6 15 0.028161 0.020044 0.009086
6 16 0.030152 0.020044 0.009086
6 17 0.028019 0.020044 0.009086
6 18 0.027308 0.020044 0.009086
6 19 0.026739 0.020044 0.009086
6 20 0.023752 0.020044 0.009086
7 0 0.009103 0.020044 0.009086
7 1 0.011236 0.020044 0.009086
7 2 0.010525 0.020044 0.009086
7 3 0.011947 0.020044 0.009086
7 4 0.012943 0.020044 0.009086
7 5 0.011663 0.020044 0.009086
7 6 0.016356 0.020044 0.009086
7 7 0.019627 0.020044 0.009086
7 8 0.021761 0.020044 0.009086
7 9 0.022614 0.020044 0.009086
7 10 0.023468 0.020044 0.009086
7 11 0.023610 0.020044 0.009086
7 12 0.026312 0.020044 0.009086
7 13 0.025743 0.020044 0.009086
7 14 0.025885 0.020044 0.009086
7 15 0.027450 0.020044 0.009086
7 16 0.028303 0.020044 0.009086
7 17 0.026312 0.020044 0.009086
7 18 0.024463 0.020044 0.009086
7 19 0.023468 0.020044 0.009086
7 20 0.021761 0.020044 0.009086
8 0 0.010952 0.020044 0.009086
8 1 0.012089 0.020044 0.009086
8 2 0.012516 0.020044 0.009086
8 3 0.013227 0.020044 0.009086
8 4 0.013512 0.020044 0.009086
8 5 0.013369 0.020044 0.009086
8 6 0.017921 0.020044 0.009086
8 7 0.020339 0.020044 0.009086
8 8 0.022187 0.020044 0.009086
8 9 0.023041 0.020044 0.009086
8 10 0.023752 0.020044 0.009086
8 11 0.025601 0.020044 0.009086
8 12 0.027734 0.020044 0.009086
8 13 0.027450 0.020044 0.009086
8 14 0.026312 0.020044 0.009086
8 15 0.025601 0.020044 0.009086
8 16 0.025316 0.020044 0.009086
8 17 0.023325 0.020044 0.009086
8 18 0.021192 0.020044 0.009086
8 19 0.019912 0.020044 0.009086
8 20 0.017636 0.020044 0.009086
9 0 0.012232 0.020044 0.009086
9 1 0.012943 0.020044 0.009086
9 2 0.014081 0.020044 0.009086
9 3 0.014081 0.020044 0.009086
9 4 0.015503 0.020044 0.009086
9 5 0.016356 0.020044 0.009086
9 6 0.019201 0.020044 0.009086
9 7 0.023325 0.020044 0.009086
9 8 0.023468 0.020044 0.009086
9 9 0.026028 0.020044 0.009086
9 10 0.026312 0.020044 0.009086
9 11 0.027308 0.020044 0.009086
9 12 0.029441 0.020044 0.009086
9 13 0.028161 0.020044 0.009086
9 14 0.025316 0.020044 0.009086
9 15 0.023752 0.020044 0.009086
9 16 0.022756 0.020044 0.009086
9 17 0.021619 0.020044 0.009086
9 18 0.019770 0.020044 0.009086
9 19 0.018205 0.020044 0.009086
9 20 0.018774 0.020044 0.009086
10 0 0.012089 0.020044 0.009086
10 1 0.013085 0.020044 0.009086
10 2 0.013227 0.020044 0.009086
10 3 0.015645 0.020044 0.009086
10 4 0.017778 0.020044 0.009086
10 5 0.019912 0.020044 0.009086
10 6 0.019627 0.020044 0.009086
10 7 0.024036 0.020044 0.009086
10 8 0.025601 0.020044 0.009086
10 9 0.028303 0.020044 0.009086
10 10 0.026312 0.020044 0.009086
10 11 0.030010 0.020044 0.009086
10 12 0.029441 0.020044 0.009086
10 13 0.028303 0.020044 0.009086
10 14 0.026312 0.020044 0.009086
10 15 0.024036 0.020044 0.009086
10 16 0.021761 0.020044 0.009086
10 17 0.019770 0.020044 0.009086
10 18 0.018205 0.020044 0.009086
10 19 0.018063 0.020044 0.009086
10 20 0.018063 0.020044 0.009086
11 0 0.014223 0.020044 0.009086
11 1 0.014081 0.020044 0.009086
11 2 0.015361 0.020044 0.009086
11 3 0.016925 0.020044 0.009086
11 4 0.018632 0.020044 0.009086
11 5 0.020765 0.020044 0.009086
11 6 0.022187 0.020044 0.009086
11 7 0.024605 0.020044 0.009086
11 8 0.025316 0.020044 0.009086
11 9 0.027165 0.020044 0.009086
11 10 0.026312 0.020044 0.009086
11 11 0.029583 0.020044 0.009086
11 12 0.030437 0.020044 0.009086
11 13 0.029868 0.020044 0.009086
11 14 0.025459 0.020044 0.009086
11 15 0.023041 0.020044 0.009086
11 16 0.019912 0.020044 0.009086
11 17 0.017778 0.020044 0.009086
11 18 0.017067 0.020044 0.009086
11 19 0.015787 0.020044 0.009086
11 20 0.016925 0.020044 0.009086
12 0 0.015076 0.020044 0.009086
12 1 0.015787 0.020044 0.009086
12 2 0.017067 0.020044 0.009086
12 3 0.018205 0.020044 0.009086
12 4 0.020054 0.020044 0.009086
12 5 0.022756 0.020044 0.009086
12 6 0.024179 0.020044 0.009086
12 7 0.026739 0.020044 0.009086
12 8 0.026597 0.020044 0.009086
12 9 0.028161 0.020044 0.009086
12 10 0.028019 0.020044 0.009086
12 11 0.029157 0.020044 0.009086
12 12 0.029583 0.020044 0.009086
12 13 0.027877 0.020044 0.009086
12 14 0.025459 0.020044 0.009086
12 15 0.021903 0.020044 0.009086
12 16 0.020196 0.020044 0.009086
12 17 0.017067 0.020044 0.009086
12 18 0.015218 0.020044 0.009086
12 19 0.013796 0.020044 0.009086
12 20 0.014649 0.020044 0.009086
13 0 0.017778 0.020044 0.009086
13 1 0.017636 0.020044 0.009086
13 2 0.017636 0.020044 0.009086
13 3 0.020196 0.020044 0.009086
13 4 0.021761 0.020044 0.009086
13 5 0.023325 0.020044 0.009086
13 6 0.024463 0.020044 0.009086
13 7 0.026312 0.020044 0.009086
13 8 0.026170 0.020044 0.009086
13 9 0.027877 0.020044 0.009086
13 10 0.028161 0.020044 0.009086
13 11 0.028161 0.020044 0.009086
13 12 0.028303 0.020044 0.009086
13 13 0.026170 0.020044 0.009086
13 14 0.024036 0.020044 0.009086
13 15 0.021903 0.020044 0.009086
13 16 0.019485 0.020044 0.009086
13 17 0.017494 0.020044 0.009086
13 18 0.014649 0.020044 0.009086
13 19 0.013938 0.020044 0.009086
13 20 0.012232 0.020044 0.009086
14 0 0.017494 0.020044 0.009086
14 1 0.019485 0.020044 0.009086
14 2 0.019912 0.020044 0.009086
14 3 0.024179 0.020044 0.009086
14 4 0.027165 0.020044 0.009086
14 5 0.027450 0.020044 0.009086
14 6 0.026881 0.020044 0.009086
14 7 0.027877 0.020044 0.009086
14 8 0.029299 0.020044 0.009086
14 9 0.028303 0.020044 0.009086
14 10 0.030579 0.020044 0.009086
14 11 0.029014 0.020044 0.009086
14 12 0.028019 0.020044 0.009086
14 13 0.023325 0.020044 0.009086
14 14 0.022330 0.020044 0.009086
14 15 0.018916 0.020044 0.009086
14 16 0.018205 0.020044 0.009086
14 17 0.015076 0.020044 0.009086
14 18 0.013227 0.020044 0.009086
14 19 0.013227 0.020044 0.009086
14 20 0.011520 0.020044 0.009086
15 0 0.020481 0.020044 0.009086
15 1 0.022756 0.020044 0.009086
15 2 0.026028 0.020044 0.009086
15 3 0.028588 0.020044 0.009086
15 4 0.027592 0.020044 0.009086
15 5 0.029583 0.020044 0.009086
15 6 0.027592 0.020044 0.009086
15 7 0.028161 0.020044 0.009086
15 8 0.029014 0.020044 0.009086
15 9 0.030152 0.020044 0.009086
15 10 0.027165 0.020044 0.009086
15 11 0.027450 0.020044 0.009086
15 12 0.025459 0.020044 0.009086
15 13 0.021903 0.020044 0.009086
15 14 0.018490 0.020044 0.009086
15 15 0.015787 0.020044 0.009086
15 16 0.015218 0.020044 0.009086
15 17 0.014507 0.020044 0.009086
15 18 0.011947 0.020044 0.009086
15 19 0.011236 0.020044 0.009086
15 20 0.011805 0.020044 0.009086
16 0 0.026597 0.020044 0.009086
16 1 0.031717 0.020044 0.009086
16 2 0.030010 0.020044 0.009086
16 3 0.031148 0.020044 0.009086
16 4 0.032143 0.020044 0.009086
16 5 0.032143 0.020044 0.009086
16 6 0.029441 0.020044 0.009086
16 7 0.027734 0.020044 0.009086
16 8 0.027592 0.020044 0.009086
16 9 0.027023 0.020044 0.009086
16 10 0.023325 0.020044 0.009086
16 11 0.021619 0.020044 0.009086
16 12 0.021619 0.020044 0.009086
16 13 0.018347 0.020044 0.009086
16 14 0.016214 0.020044 0.009086
16 15 0.015076 0.020044 0.009086
16 16 0.013512 0.020044 0.009086
16 17 0.011378 0.020044 0.009086
16 18 0.011094 0.020044 0.009086
16 19 0.009245 0.020044 0.009086
16 20 0.010098 0.020044 0.009086
17 0 0.031574 0.020044 0.009086
17 1 0.034988 0.020044 0.009086
17 2 0.036552 0.020044 0.009086
17 3 0.035272 0.020044 0.009086
17 4 0.036126 0.020044 0.009086
17 5 0.033850 0.020044 0.009086
17 6 0.030437 0.020044 0.009086
17 7 0.028019 0.020044 0.009086
17 8 0.025601 0.020044 0.009086
17 9 0.023752 0.020044 0.009086
17 10 0.022756 0.020044 0.009086
17 11 0.020907 0.020044 0.009086
17 12 0.018916 0.020044 0.009086
17 13 0.017352 0.020044 0.009086
17 14 0.015645 0.020044 0.009086
17 15 0.012374 0.020044 0.009086
17 16 0.011805 0.020044 0.009086
17 17 0.010240 0.020044 0.009086
17 18 0.008107 0.020044 0.009086
17 19 0.006827 0.020044 0.009086
17 20 0.007823 0.020044 0.009086
18 0 0.035130 0.020044 0.009086
18 1 0.038259 0.020044 0.009086
18 2 0.039255 0.020044 0.009086
18 3 0.038686 0.020044 0.009086
18 4 0.035984 0.020044 0.009086
18 5 0.030152 0.020044 0.009086
18 6 0.028161 0.020044 0.009086
18 7 0.026739 0.020044 0.009086
18 8 0.023610 0.020044 0.009086
18 9 0.021903 0.020044 0.009086
18 10 0.020765 0.020044 0.009086
18 11 0.019912 0.020044 0.009086
18 12 0.017778 0.020044 0.009086
18 13 0.015503 0.020044 0.009086
18 14 0.015361 0.020044 0.009086
18 15 0.011663 0.020044 0.009086
18 16 0.009956 0.020044 0.009086
18 17 0.007396 0.020044 0.009086
18 18 0.006258 0.020044 0.009086
18 19 0.005974 0.020044 0.009086
18 20 0.007111 0.020044 0.009086
19 0 0.032712 0.020044 0.009086
19 1 0.038544 0.020044 0.009086
19 2 0.037690 0.020044 0.009086
19 3 0.034988 0.020044 0.009086
19 4 0.031290 0.020044 0.009086
19 5 0.029299 0.020044 0.009086
19 6 0.025459 0.020044 0.009086
19 7 0.022614 0.020044 0.009086
19 8 0.021334 0.020044 0.009086
19 9 0.018063 0.020044 0.009086
19 10 0.018347 0.020044 0.009086
19 11 0.017636 0.020044 0.009086
19 12 0.016214 0.020044 0.009086
19 13 0.015645 0.020044 0.009086
19 14 0.015076 0.020044 0.009086
19 15 0.011805 0.020044 0.009086
19 16 0.009387 0.020044 0.009086
19 17 0.005974 0.020044 0.009086
19 18 0.005120 0.020044 0.009086
19 19 0.006685 0.020044 0.009086
19 20 0.006685 0.020044 0.009086
20 0 0.031432 0.020044 0.009086
20 1 0.035984 0.020044 0.009086
20 2 0.034703 0.020044 0.009086
20 3 0.028588 0.020044 0.009086
20 4 0.028019 0.020044 0.009086
20 5 0.024321 0.020044 0.009086
20 6 0.023183 0.020044 0.009086
20 7 0.020196 0.020044 0.009086
20 8 0.019627 0.020044 0.009086
20 9 0.017352 0.020044 0.009086
20 10 0.017352 0.020044 0.009086
20 11 0.016641 0.020044 0.009086
20 12 0.015503 0.020044 0.009086
20 13 0.015218 0.020044 0.009086
20 14 0.012658 0.020044 0.009086
20 15 0.012658 0.020044 0.009086
20 16 0.009814 0.020044 0.009086
20 17 0.007111 0.020044 0.009086
20 18 0.004836 0.020044 0.009086
20 19 0.004978 0.020044 0.009086
20 20 0.006116 0.020044 0.009086
