# contact distance = 12.0 Angstroms
# F = 0.4 kJ/mol

# i j contact_probability mean_contact_probability stddev_contact_probability
0 0 0.008869 0.020803 0.014026
0 1 0.007884 0.020803 0.014026
0 2 0.006617 0.020803 0.014026
0 3 0.005209 0.020803 0.014026
0 4 0.004646 0.020803 0.014026
0 5 0.004646 0.020803 0.014026
0 6 0.004505 0.020803 0.014026
0 7 0.005913 0.020803 0.014026
0 8 0.007039 0.020803 0.014026
0 9 0.009010 0.020803 0.014026
0 10 0.008166 0.020803 0.014026
0 11 0.009292 0.020803 0.014026
0 12 0.012108 0.020803 0.014026
0 13 0.015909 0.020803 0.014026
0 14 0.018724 0.020803 0.014026
0 15 0.021540 0.020803 0.014026
0 16 0.027312 0.020803 0.014026
0 17 0.030691 0.020803 0.014026
0 18 0.033507 0.020803 0.014026
0 19 0.035056 0.020803 0.014026
0 20 0.033366 0.020803 0.014026
1 0 0.008729 0.020803 0.014026
1 1 0.007180 0.020803 0.014026
1 2 0.004646 0.020803 0.014026
1 3 0.004364 0.020803 0.014026
1 4 0.003379 0.020803 0.014026
1 5 0.002393 0.020803 0.014026
1 6 0.003660 0.020803 0.014026
1 7 0.004083 0.020803 0.014026
1 8 0.005491 0.020803 0.014026
1 9 0.006054 0.020803 0.014026
1 10 0.007602 0.020803 0.014026
1 11 0.007884 0.020803 0.014026
1 12 0.011404 0.020803 0.014026
1 13 0.014642 0.020803 0.014026
1 14 0.019851 0.020803 0.014026
1 15 0.026045 0.020803 0.014026
1 16 0.032521 0.020803 0.014026
1 17 0.036886 0.020803 0.014026
1 18 0.042658 0.020803 0.014026
1 19 0.043644 0.020803 0.014026
1 20 0.040405 0.020803 0.014026
2 0 0.008306 0.020803 0.014026
2 1 0.005068 0.020803 0.014026
2 2 0.003238 0.020803 0.014026
2 3 0.003379 0.020803 0.014026
2 4 0.002393 0.020803 0.014026
2 5 0.003942 0.020803 0.014026
2 6 0.003942 0.020803 0.014026
2 7 0.003660 0.020803 0.014026
2 8 0.004083 0.020803 0.014026
2 9 0.005631 0.020803 0.014026
2 10 0.007462 0.020803 0.014026
2 11 0.008588 0.020803 0.014026
2 12 0.010840 0.020803 0.014026
2 13 0.013656 0.020803 0.014026
2 14 0.020977 0.020803 0.014026
2 15 0.026608 0.020803 0.014026
2 16 0.035619 0.020803 0.014026
2 17 0.042517 0.020803 0.014026
2 18 0.049697 0.020803 0.014026
2 19 0.049416 0.020803 0.014026
2 20 0.044770 0.020803 0.014026
3 0 0.006898 0.020803 0.014026
3 1 0.005209 0.020803 0.014026
3 2 0.003520 0.020803 0.014026
3 3 0.002816 0.020803 0.014026
3 4 0.002816 0.020803 0.014026
3 5 0.003801 0.020803 0.014026
3 6 0.004224 0.020803 0.014026
3 7 0.003801 0.020803 0.014026
3 8 0.004646 0.020803 0.014026
3 9 0.005491 0.020803 0.014026
3 10 0.006617 0.020803 0.014026
3 11 0.009151 0.020803 0.014026
3 12 0.012248 0.020803 0.014026
3 13 0.016050 0.020803 0.014026
3 14 0.020695 0.020803 0.014026
3 15 0.029002 0.020803 0.014026
3 16 0.039702 0.020803 0.014026
3 17 0.049416 0.020803 0.014026
3 18 0.053217 0.020803 0.014026
3 19 0.052513 0.020803 0.014026
3 20 0.046600 0.020803 0.014026
4 0 0.007321 0.020803 0.014026
4 1 0.004505 0.020803 0.014026
4 2 0.003801 0.020803 0.014026
4 3 0.002675 0.020803 0.014026
4 4 0.002675 0.020803 0.014026
4 5 0.003097 0.020803 0.014026
4 6 0.003379 0.020803 0.014026
4 7 0.004364 0.020803 0.014026
4 8 0.004787 0.020803 0.014026
4 9 0.006335 0.020803 0.014026
4 10 0.008729 0.020803 0.014026
4 11 0.009292 0.020803 0.014026
4 12 0.014079 0.020803 0.014026
4 13 0.017035 0.020803 0.014026
4 14 0.022948 0.020803 0.014026
4 15 0.031536 0.020803 0.014026
4 16 0.041109 0.020803 0.014026
4 17 0.051668 0.020803 0.014026
4 18 0.056455 0.020803 0.014026
4 19 0.054625 0.020803 0.014026
4 20 0.046318 0.020803 0.014026
5 0 0.007180 0.020803 0.014026
5 1 0.005631 0.020803 0.014026
5 2 0.003520 0.020803 0.014026
5 3 0.003520 0.020803 0.014026
5 4 0.003379 0.020803 0.014026
5 5 0.003660 0.020803 0.014026
5 6 0.003520 0.020803 0.014026
5 7 0.004224 0.020803 0.014026
5 8 0.004083 0.020803 0.014026
5 9 0.004646 0.020803 0.014026
5 10 0.008447 0.020803 0.014026
5 11 0.010840 0.020803 0.014026
5 12 0.013656 0.020803 0.014026
5 13 0.018865 0.020803 0.014026
5 14 0.027312 0.020803 0.014026
5 15 0.031254 0.020803 0.014026
5 16 0.042658 0.020803 0.014026
5 17 0.050401 0.020803 0.014026
5 18 0.053076 0.020803 0.014026
5 19 0.052935 0.020803 0.014026
5 20 0.045333 0.020803 0.014026
6 0 0.008447 0.020803 0.014026
6 1 0.006335 0.020803 0.014026
6 2 0.003942 0.020803 0.014026
6 3 0.003801 0.020803 0.014026
6 4 0.002816 0.020803 0.014026
6 5 0.003379 0.020803 0.014026
6 6 0.002675 0.020803 0.014026
6 7 0.003942 0.020803 0.014026
6 8 0.005068 0.020803 0.014026
6 9 0.005491 0.020803 0.014026
6 10 0.008869 0.020803 0.014026
6 11 0.011685 0.020803 0.014026
6 12 0.015768 0.020803 0.014026
6 13 0.020414 0.020803 0.014026
6 14 0.025482 0.020803 0.014026
6 15 0.033789 0.020803 0.014026
6 16 0.042799 0.020803 0.014026
6 17 0.047726 0.020803 0.014026
6 18 0.049838 0.020803 0.014026
6 19 0.046882 0.020803 0.014026
6 20 0.042517 0.020803 0.014026
7 0 0.007321 0.020803 0.014026
7 1 0.005209 0.020803 0.014026
7 2 0.004505 0.020803 0.014026
7 3 0.003942 0.020803 0.014026
7 4 0.003238 0.020803 0.014026
7 5 0.003942 0.020803 0.014026
7 6 0.003097 0.020803 0.014026
7 7 0.004224 0.020803 0.014026
7 8 0.005068 0.020803 0.014026
7 9 0.006195 0.020803 0.014026
7 10 0.009292 0.020803 0.014026
7 11 0.013093 0.020803 0.014026
7 12 0.015768 0.020803 0.014026
7 13 0.021540 0.020803 0.014026
7 14 0.025201 0.020803 0.014026
7 15 0.031677 0.020803 0.014026
7 16 0.039279 0.020803 0.014026
7 17 0.042517 0.020803 0.014026
7 18 0.042517 0.020803 0.014026
7 19 0.042236 0.020803 0.014026
7 20 0.037449 0.020803 0.014026
8 0 0.007321 0.020803 0.014026
8 1 0.006195 0.020803 0.014026
8 2 0.005631 0.020803 0.014026
8 3 0.003801 0.020803 0.014026
8 4 0.003942 0.020803 0.014026
8 5 0.004364 0.020803 0.014026
8 6 0.004787 0.020803 0.014026
8 7 0.005491 0.020803 0.014026
8 8 0.007180 0.020803 0.014026
8 9 0.009010 0.020803 0.014026
8 10 0.010700 0.020803 0.014026
8 11 0.015486 0.020803 0.014026
8 12 0.019851 0.020803 0.014026
8 13 0.021822 0.020803 0.014026
8 14 0.025905 0.020803 0.014026
8 15 0.032381 0.020803 0.014026
8 16 0.036604 0.020803 0.014026
8 17 0.036463 0.020803 0.014026
8 18 0.037449 0.020803 0.014026
8 19 0.035760 0.020803 0.014026
8 20 0.029847 0.020803 0.014026
9 0 0.007884 0.020803 0.014026
9 1 0.007180 0.020803 0.014026
9 2 0.005068 0.020803 0.014026
9 3 0.004083 0.020803 0.014026
9 4 0.003942 0.020803 0.014026
9 5 0.004787 0.020803 0.014026
9 6 0.006195 0.020803 0.014026
9 7 0.007743 0.020803 0.014026
9 8 0.009151 0.020803 0.014026
9 9 0.010981 0.020803 0.014026
9 10 0.013515 0.020803 0.014026
9 11 0.016613 0.020803 0.014026
9 12 0.019851 0.020803 0.014026
9 13 0.019992 0.020803 0.014026
9 14 0.023511 0.020803 0.014026
9 15 0.028439 0.020803 0.014026
9 16 0.029987 0.020803 0.014026
9 17 0.030128 0.020803 0.014026
9 18 0.030128 0.020803 0.014026
9 19 0.030269 0.020803 0.014026
9 20 0.027031 0.020803 0.014026
10 0 0.007884 0.020803 0.014026
10 1 0.007884 0.020803 0.014026
10 2 0.007321 0.020803 0.014026
10 3 0.005772 0.020803 0.014026
10 4 0.007039 0.020803 0.014026
10 5 0.006617 0.020803 0.014026
10 6 0.006898 0.020803 0.014026
10 7 0.007602 0.020803 0.014026
10 8 0.010418 0.020803 0.014026
10 9 0.012248 0.020803 0.014026
10 10 0.013234 0.020803 0.014026
10 11 0.016050 0.020803 0.014026
10 12 0.020132 0.020803 0.014026
10 13 0.021963 0.020803 0.014026
10 14 0.025341 0.020803 0.014026
10 15 0.026749 0.020803 0.014026
10 16 0.028861 0.020803 0.014026
10 17 0.028157 0.020803 0.014026
10 18 0.028298 0.020803 0.014026
10 19 0.028720 0.020803 0.014026
10 20 0.025060 0.020803 0.014026
11 0 0.010700 0.020803 0.014026
11 1 0.008025 0.020803 0.014026
11 2 0.009292 0.020803 0.014026
11 3 0.008447 0.020803 0.014026
11 4 0.008869 0.020803 0.014026
11 5 0.009714 0.020803 0.014026
11 6 0.009855 0.020803 0.014026
11 7 0.010840 0.020803 0.014026
11 8 0.012108 0.020803 0.014026
11 9 0.014782 0.020803 0.014026
11 10 0.015346 0.020803 0.014026
11 11 0.018584 0.020803 0.014026
11 12 0.023089 0.020803 0.014026
11 13 0.022807 0.020803 0.014026
11 14 0.026327 0.020803 0.014026
11 15 0.026186 0.020803 0.014026
11 16 0.028439 0.020803 0.014026
11 17 0.025905 0.020803 0.014026
11 18 0.026749 0.020803 0.014026
11 19 0.025201 0.020803 0.014026
11 20 0.021963 0.020803 0.014026
12 0 0.012671 0.020803 0.014026
12 1 0.013234 0.020803 0.014026
12 2 0.012389 0.020803 0.014026
12 3 0.013093 0.020803 0.014026
12 4 0.013938 0.020803 0.014026
12 5 0.014219 0.020803 0.014026
12 6 0.015205 0.020803 0.014026
12 7 0.017176 0.020803 0.014026
12 8 0.016894 0.020803 0.014026
12 9 0.018443 0.020803 0.014026
12 10 0.019288 0.020803 0.014026
12 11 0.025060 0.020803 0.014026
12 12 0.027594 0.020803 0.014026
12 13 0.026608 0.020803 0.014026
12 14 0.028298 0.020803 0.014026
12 15 0.027453 0.020803 0.014026
12 16 0.027876 0.020803 0.014026
12 17 0.026186 0.020803 0.014026
12 18 0.022526 0.020803 0.014026
12 19 0.021118 0.020803 0.014026
12 20 0.021540 0.020803 0.014026
13 0 0.015346 0.020803 0.014026
13 1 0.018021 0.020803 0.014026
13 2 0.017035 0.020803 0.014026
13 3 0.018724 0.020803 0.014026
13 4 0.018724 0.020803 0.014026
13 5 0.019710 0.020803 0.014026
13 6 0.021399 0.020803 0.014026
13 7 0.021259 0.020803 0.014026
13 8 0.021822 0.020803 0.014026
13 9 0.021963 0.020803 0.014026
13 10 0.023089 0.020803 0.014026
13 11 0.027594 0.020803 0.014026
13 12 0.030550 0.020803 0.014026
13 13 0.029847 0.020803 0.014026
13 14 0.028157 0.020803 0.014026
13 15 0.027312 0.020803 0.014026
13 16 0.027031 0.020803 0.014026
13 17 0.023652 0.020803 0.014026
13 18 0.022244 0.020803 0.014026
13 19 0.019992 0.020803 0.014026
13 20 0.017739 0.020803 0.014026
14 0 0.019147 0.020803 0.014026
14 1 0.022385 0.020803 0.014026
14 2 0.022666 0.020803 0.014026
14 3 0.024215 0.020803 0.014026
14 4 0.025341 0.020803 0.014026
14 5 0.025623 0.020803 0.014026
14 6 0.026045 0.020803 0.014026
14 7 0.028720 0.020803 0.014026
14 8 0.028016 0.020803 0.014026
14 9 0.026890 0.020803 0.014026
14 10 0.026749 0.020803 0.014026
14 11 0.030128 0.020803 0.014026
14 12 0.030128 0.020803 0.014026
14 13 0.029565 0.020803 0.014026
14 14 0.028298 0.020803 0.014026
14 15 0.028579 0.020803 0.014026
14 16 0.028016 0.020803 0.014026
14 17 0.021822 0.020803 0.014026
14 18 0.018161 0.020803 0.014026
14 19 0.016894 0.020803 0.014026
14 20 0.015909 0.020803 0.014026
15 0 0.022385 0.020803 0.014026
15 1 0.026890 0.020803 0.014026
15 2 0.030550 0.020803 0.014026
15 3 0.031254 0.020803 0.014026
15 4 0.033366 0.020803 0.014026
15 5 0.033085 0.020803 0.014026
15 6 0.032381 0.020803 0.014026
15 7 0.033507 0.020803 0.014026
15 8 0.033929 0.020803 0.014026
15 9 0.030691 0.020803 0.014026
15 10 0.029847 0.020803 0.014026
15 11 0.031254 0.020803 0.014026
15 12 0.029565 0.020803 0.014026
15 13 0.029283 0.020803 0.014026
15 14 0.025060 0.020803 0.014026
15 15 0.023934 0.020803 0.014026
15 16 0.021540 0.020803 0.014026
15 17 0.018584 0.020803 0.014026
15 18 0.013656 0.020803 0.014026
15 19 0.012248 0.020803 0.014026
15 20 0.011122 0.020803 0.014026
16 0 0.025764 0.020803 0.014026
16 1 0.032099 0.020803 0.014026
16 2 0.038716 0.020803 0.014026
16 3 0.039702 0.020803 0.014026
16 4 0.041673 0.020803 0.014026
16 5 0.041250 0.020803 0.014026
16 6 0.041391 0.020803 0.014026
16 7 0.039420 0.020803 0.014026
16 8 0.037449 0.020803 0.014026
16 9 0.031254 0.020803 0.014026
16 10 0.030550 0.020803 0.014026
16 11 0.029424 0.020803 0.014026
16 12 0.029002 0.020803 0.014026
16 13 0.025482 0.020803 0.014026
16 14 0.023230 0.020803 0.014026
16 15 0.020695 0.020803 0.014026
16 16 0.017176 0.020803 0.014026
16 17 0.013656 0.020803 0.014026
16 18 0.010700 0.020803 0.014026
16 19 0.009433 0.020803 0.014026
16 20 0.009573 0.020803 0.014026
17 0 0.027172 0.020803 0.014026
17 1 0.034633 0.020803 0.014026
17 2 0.045192 0.020803 0.014026
17 3 0.045474 0.020803 0.014026
17 4 0.047726 0.020803 0.014026
17 5 0.047726 0.020803 0.014026
17 6 0.046178 0.020803 0.014026
17 7 0.040969 0.020803 0.014026
17 8 0.035056 0.020803 0.014026
17 9 0.029565 0.020803 0.014026
17 10 0.028298 0.020803 0.014026
17 11 0.027312 0.020803 0.014026
17 12 0.025060 0.020803 0.014026
17 13 0.024074 0.020803 0.014026
17 14 0.019569 0.020803 0.014026
17 15 0.018302 0.020803 0.014026
17 16 0.013234 0.020803 0.014026
17 17 0.009292 0.020803 0.014026
17 18 0.008306 0.020803 0.014026
17 19 0.006195 0.020803 0.014026
17 20 0.007602 0.020803 0.014026
18 0 0.029987 0.020803 0.014026
18 1 0.039138 0.020803 0.014026
18 2 0.047304 0.020803 0.014026
18 3 0.052372 0.020803 0.014026
18 4 0.052795 0.020803 0.014026
18 5 0.053358 0.020803 0.014026
18 6 0.049416 0.020803 0.014026
18 7 0.041391 0.020803 0.014026
18 8 0.036182 0.020803 0.014026
18 9 0.031114 0.020803 0.014026
18 10 0.026468 0.020803 0.014026
18 11 0.025341 0.020803 0.014026
18 12 0.022666 0.020803 0.014026
18 13 0.019851 0.020803 0.014026
18 14 0.019147 0.020803 0.014026
18 15 0.015064 0.020803 0.014026
18 16 0.012248 0.020803 0.014026
18 17 0.009292 0.020803 0.014026
18 18 0.007743 0.020803 0.014026
18 19 0.006195 0.020803 0.014026
18 20 0.006335 0.020803 0.014026
19 0 0.032521 0.020803 0.014026
19 1 0.040687 0.020803 0.014026
19 2 0.046318 0.020803 0.014026
19 3 0.047726 0.020803 0.014026
19 4 0.053499 0.020803 0.014026
19 5 0.051950 0.020803 0.014026
19 6 0.047163 0.020803 0.014026
19 7 0.040405 0.020803 0.014026
19 8 0.033929 0.020803 0.014026
19 9 0.027735 0.020803 0.014026
19 10 0.023793 0.020803 0.014026
19 11 0.022385 0.020803 0.014026
19 12 0.020836 0.020803 0.014026
19 13 0.018443 0.020803 0.014026
19 14 0.016472 0.020803 0.014026
19 15 0.012952 0.020803 0.014026
19 16 0.010559 0.020803 0.014026
19 17 0.009151 0.020803 0.014026
19 18 0.007039 0.020803 0.014026
19 19 0.005772 0.020803 0.014026
19 20 0.007039 0.020803 0.014026
20 0 0.029424 0.020803 0.014026
20 1 0.036182 0.020803 0.014026
20 2 0.042095 0.020803 0.014026
20 3 0.044770 0.020803 0.014026
20 4 0.047304 0.020803 0.014026
20 5 0.046882 0.020803 0.014026
20 6 0.044207 0.020803 0.014026
20 7 0.036041 0.020803 0.014026
20 8 0.029002 0.020803 0.014026
20 9 0.025341 0.020803 0.014026
20 10 0.021822 0.020803 0.014026
20 11 0.019288 0.020803 0.014026
20 12 0.017317 0.020803 0.014026
20 13 0.015064 0.020803 0.014026
20 14 0.012952 0.020803 0.014026
20 15 0.011826 0.020803 0.014026
20 16 0.009433 0.020803 0.014026
20 17 0.007743 0.020803 0.014026
20 18 0.007462 0.020803 0.014026
20 19 0.007602 0.020803 0.014026
20 20 0.007180 0.020803 0.014026
