# contact distance = 12.0 Angstroms
# F = 0.4 kJ/mol

# i j contact_probability mean_contact_probability stddev_contact_probability
0 0 0.010935 0.023258 0.012781
0 1 0.010172 0.023258 0.012781
0 2 0.009790 0.023258 0.012781
0 3 0.008392 0.023258 0.012781
0 4 0.006993 0.023258 0.012781
0 5 0.007374 0.023258 0.012781
0 6 0.009409 0.023258 0.012781
0 7 0.011952 0.023258 0.012781
0 8 0.012715 0.023258 0.012781
0 9 0.015385 0.023258 0.012781
0 10 0.019580 0.023258 0.012781
0 11 0.021869 0.023258 0.012781
0 12 0.023649 0.023258 0.012781
0 13 0.027336 0.023258 0.012781
0 14 0.028989 0.023258 0.012781
0 15 0.031532 0.023258 0.012781
0 16 0.032422 0.023258 0.012781
0 17 0.030388 0.023258 0.012781
0 18 0.026955 0.023258 0.012781
0 19 0.026828 0.023258 0.012781
0 20 0.024031 0.023258 0.012781
1 0 0.008900 0.023258 0.012781
1 1 0.008010 0.023258 0.012781
1 2 0.006739 0.023258 0.012781
1 3 0.005340 0.023258 0.012781
1 4 0.004704 0.023258 0.012781
1 5 0.004832 0.023258 0.012781
1 6 0.007374 0.023258 0.012781
1 7 0.010553 0.023258 0.012781
1 8 0.011952 0.023258 0.012781
1 9 0.016020 0.023258 0.012781
1 10 0.020216 0.023258 0.012781
1 11 0.022759 0.023258 0.012781
1 12 0.024031 0.023258 0.012781
1 13 0.029752 0.023258 0.012781
1 14 0.034075 0.023258 0.012781
1 15 0.035982 0.023258 0.012781
1 16 0.037889 0.023258 0.012781
1 17 0.035219 0.023258 0.012781
1 18 0.032676 0.023258 0.012781
1 19 0.029116 0.023258 0.012781
1 20 0.027209 0.023258 0.012781
2 0 0.008900 0.023258 0.012781
2 1 0.007120 0.023258 0.012781
2 2 0.006103 0.023258 0.012781
2 3 0.004323 0.023258 0.012781
2 4 0.004196 0.023258 0.012781
2 5 0.005086 0.023258 0.012781
2 6 0.006357 0.023258 0.012781
2 7 0.009282 0.023258 0.012781
2 8 0.011316 0.023258 0.012781
2 9 0.015385 0.023258 0.012781
2 10 0.019962 0.023258 0.012781
2 11 0.023140 0.023258 0.012781
2 12 0.025556 0.023258 0.012781
2 13 0.031914 0.023258 0.012781
2 14 0.039415 0.023258 0.012781
2 15 0.041577 0.023258 0.012781
2 16 0.045645 0.023258 0.012781
2 17 0.046408 0.023258 0.012781
2 18 0.039924 0.023258 0.012781
2 19 0.034711 0.023258 0.012781
2 20 0.032168 0.023258 0.012781
3 0 0.009536 0.023258 0.012781
3 1 0.006484 0.023258 0.012781
3 2 0.005467 0.023258 0.012781
3 3 0.003179 0.023258 0.012781
3 4 0.002034 0.023258 0.012781
3 5 0.003687 0.023258 0.012781
3 6 0.006357 0.023258 0.012781
3 7 0.009409 0.023258 0.012781
3 8 0.010045 0.023258 0.012781
3 9 0.015893 0.023258 0.012781
3 10 0.018309 0.023258 0.012781
3 11 0.023013 0.023258 0.012781
3 12 0.028226 0.023258 0.012781
3 13 0.034456 0.023258 0.012781
3 14 0.042212 0.023258 0.012781
3 15 0.047552 0.023258 0.012781
3 16 0.051748 0.023258 0.012781
3 17 0.050350 0.023258 0.012781
3 18 0.045264 0.023258 0.012781
3 19 0.040305 0.023258 0.012781
3 20 0.032549 0.023258 0.012781
4 0 0.009409 0.023258 0.012781
4 1 0.005976 0.023258 0.012781
4 2 0.004069 0.023258 0.012781
4 3 0.002289 0.023258 0.012781
4 4 0.002543 0.023258 0.012781
4 5 0.004069 0.023258 0.012781
4 6 0.007120 0.023258 0.012781
4 7 0.008900 0.023258 0.012781
4 8 0.011443 0.023258 0.012781
4 9 0.015385 0.023258 0.012781
4 10 0.019580 0.023258 0.012781
4 11 0.023268 0.023258 0.012781
4 12 0.027845 0.023258 0.012781
4 13 0.036109 0.023258 0.012781
4 14 0.043865 0.023258 0.012781
4 15 0.050350 0.023258 0.012781
4 16 0.053655 0.023258 0.012781
4 17 0.052765 0.023258 0.012781
4 18 0.046662 0.023258 0.012781
4 19 0.040814 0.023258 0.012781
4 20 0.032931 0.023258 0.012781
5 0 0.009027 0.023258 0.012781
5 1 0.006612 0.023258 0.012781
5 2 0.005340 0.023258 0.012781
5 3 0.003814 0.023258 0.012781
5 4 0.002416 0.023258 0.012781
5 5 0.004069 0.023258 0.012781
5 6 0.006484 0.023258 0.012781
5 7 0.009663 0.023258 0.012781
5 8 0.013350 0.023258 0.012781
5 9 0.016402 0.023258 0.012781
5 10 0.021615 0.023258 0.012781
5 11 0.025175 0.023258 0.012781
5 12 0.029371 0.023258 0.012781
5 13 0.035474 0.023258 0.012781
5 14 0.040687 0.023258 0.012781
5 15 0.047425 0.023258 0.012781
5 16 0.051494 0.023258 0.012781
5 17 0.050095 0.023258 0.012781
5 18 0.042467 0.023258 0.012781
5 19 0.036745 0.023258 0.012781
5 20 0.030134 0.023258 0.012781
6 0 0.010807 0.023258 0.012781
6 1 0.008392 0.023258 0.012781
6 2 0.007247 0.023258 0.012781
6 3 0.004832 0.023258 0.012781
6 4 0.004959 0.023258 0.012781
6 5 0.005086 0.023258 0.012781
6 6 0.007502 0.023258 0.012781
6 7 0.010045 0.023258 0.012781
6 8 0.013732 0.023258 0.012781
6 9 0.017038 0.023258 0.012781
6 10 0.021360 0.023258 0.012781
6 11 0.026065 0.023258 0.012781
6 12 0.028226 0.023258 0.012781
6 13 0.033439 0.023258 0.012781
6 14 0.037381 0.023258 0.012781
6 15 0.041195 0.023258 0.012781
6 16 0.044247 0.023258 0.012781
6 17 0.042212 0.023258 0.012781
6 18 0.036364 0.023258 0.012781
6 19 0.032168 0.023258 0.012781
6 20 0.029752 0.023258 0.012781
7 0 0.010807 0.023258 0.012781
7 1 0.009790 0.023258 0.012781
7 2 0.008773 0.023258 0.012781
7 3 0.007502 0.023258 0.012781
7 4 0.007502 0.023258 0.012781
7 5 0.008010 0.023258 0.012781
7 6 0.009282 0.023258 0.012781
7 7 0.011316 0.023258 0.012781
7 8 0.015003 0.023258 0.012781
7 9 0.017673 0.023258 0.012781
7 10 0.020725 0.023258 0.012781
7 11 0.024285 0.023258 0.012781
7 12 0.028481 0.023258 0.012781
7 13 0.032168 0.023258 0.012781
7 14 0.032549 0.023258 0.012781
7 15 0.034202 0.023258 0.012781
7 16 0.036745 0.023258 0.012781
7 17 0.035474 0.023258 0.012781
7 18 0.030006 0.023258 0.012781
7 19 0.028735 0.023258 0.012781
7 20 0.027082 0.023258 0.012781
8 0 0.011316 0.023258 0.012781
8 1 0.012460 0.023258 0.012781
8 2 0.009536 0.023258 0.012781
8 3 0.009027 0.023258 0.012781
8 4 0.009154 0.023258 0.012781
8 5 0.010807 0.023258 0.012781
8 6 0.010172 0.023258 0.012781
8 7 0.011825 0.023258 0.012781
8 8 0.013859 0.023258 0.012781
8 9 0.018182 0.023258 0.012781
8 10 0.021488 0.023258 0.012781
8 11 0.026955 0.023258 0.012781
8 12 0.028226 0.023258 0.012781
8 13 0.031405 0.023258 0.012781
8 14 0.030896 0.023258 0.012781
8 15 0.029879 0.023258 0.012781
8 16 0.032549 0.023258 0.012781
8 17 0.031024 0.023258 0.012781
8 18 0.026828 0.023258 0.012781
8 19 0.025556 0.023258 0.012781
8 20 0.024412 0.023258 0.012781
9 0 0.015257 0.023258 0.012781
9 1 0.015385 0.023258 0.012781
9 2 0.013605 0.023258 0.012781
9 3 0.012587 0.023258 0.012781
9 4 0.013223 0.023258 0.012781
9 5 0.011189 0.023258 0.012781
9 6 0.014367 0.023258 0.012781
9 7 0.017165 0.023258 0.012781
9 8 0.019453 0.023258 0.012781
9 9 0.021488 0.023258 0.012781
9 10 0.023395 0.023258 0.012781
9 11 0.027082 0.023258 0.012781
9 12 0.030642 0.023258 0.012781
9 13 0.030134 0.023258 0.012781
9 14 0.029625 0.023258 0.012781
9 15 0.027591 0.023258 0.012781
9 16 0.028226 0.023258 0.012781
9 17 0.027082 0.023258 0.012781
9 18 0.026192 0.023258 0.012781
9 19 0.023649 0.023258 0.012781
9 20 0.020725 0.023258 0.012781
10 0 0.018436 0.023258 0.012781
10 1 0.017292 0.023258 0.012781
10 2 0.015639 0.023258 0.012781
10 3 0.016656 0.023258 0.012781
10 4 0.016529 0.023258 0.012781
10 5 0.018309 0.023258 0.012781
10 6 0.020979 0.023258 0.012781
10 7 0.022632 0.023258 0.012781
10 8 0.025429 0.023258 0.012781
10 9 0.025302 0.023258 0.012781
10 10 0.027463 0.023258 0.012781
10 11 0.028735 0.023258 0.012781
10 12 0.029879 0.023258 0.012781
10 13 0.030261 0.023258 0.012781
10 14 0.027463 0.023258 0.012781
10 15 0.027336 0.023258 0.012781
10 16 0.026065 0.023258 0.012781
10 17 0.023649 0.023258 0.012781
10 18 0.022759 0.023258 0.012781
10 19 0.022632 0.023258 0.012781
10 20 0.017546 0.023258 0.012781
11 0 0.020852 0.023258 0.012781
11 1 0.020979 0.023258 0.012781
11 2 0.020979 0.023258 0.012781
11 3 0.021615 0.023258 0.012781
11 4 0.021742 0.023258 0.012781
11 5 0.024412 0.023258 0.012781
11 6 0.026065 0.023258 0.012781
11 7 0.026446 0.023258 0.012781
11 8 0.028735 0.023258 0.012781
11 9 0.028735 0.023258 0.012781
11 10 0.030388 0.023258 0.012781
11 11 0.029752 0.023258 0.012781
11 12 0.030642 0.023258 0.012781
11 13 0.028353 0.023258 0.012781
11 14 0.027336 0.023258 0.012781
11 15 0.023776 0.023258 0.012781
11 16 0.023776 0.023258 0.012781
11 17 0.021996 0.023258 0.012781
11 18 0.019708 0.023258 0.012781
11 19 0.018436 0.023258 0.012781
11 20 0.015639 0.023258 0.012781
12 0 0.024031 0.023258 0.012781
12 1 0.023395 0.023258 0.012781
12 2 0.024921 0.023258 0.012781
12 3 0.025556 0.023258 0.012781
12 4 0.027845 0.023258 0.012781
12 5 0.028481 0.023258 0.012781
12 6 0.031786 0.023258 0.012781
12 7 0.031786 0.023258 0.012781
12 8 0.031278 0.023258 0.012781
12 9 0.031532 0.023258 0.012781
12 10 0.032168 0.023258 0.012781
12 11 0.031532 0.023258 0.012781
12 12 0.031151 0.023258 0.012781
12 13 0.027845 0.023258 0.012781
12 14 0.024158 0.023258 0.012781
12 15 0.021233 0.023258 0.012781
12 16 0.018182 0.023258 0.012781
12 17 0.018563 0.023258 0.012781
12 18 0.016147 0.023258 0.012781
12 19 0.015130 0.023258 0.012781
12 20 0.014367 0.023258 0.012781
13 0 0.026192 0.023258 0.012781
13 1 0.029371 0.023258 0.012781
13 2 0.027591 0.023258 0.012781
13 3 0.033566 0.023258 0.012781
13 4 0.034711 0.023258 0.012781
13 5 0.035728 0.023258 0.012781
13 6 0.038779 0.023258 0.012781
13 7 0.034329 0.023258 0.012781
13 8 0.034711 0.023258 0.012781
13 9 0.030515 0.023258 0.012781
13 10 0.032931 0.023258 0.012781
13 11 0.030515 0.023258 0.012781
13 12 0.029243 0.023258 0.012781
13 13 0.024412 0.023258 0.012781
13 14 0.021488 0.023258 0.012781
13 15 0.017928 0.023258 0.012781
13 16 0.014113 0.023258 0.012781
13 17 0.013605 0.023258 0.012781
13 18 0.014113 0.023258 0.012781
13 19 0.012460 0.023258 0.012781
13 20 0.012206 0.023258 0.012781
14 0 0.029752 0.023258 0.012781
14 1 0.033312 0.023258 0.012781
14 2 0.035346 0.023258 0.012781
14 3 0.040941 0.023258 0.012781
14 4 0.042212 0.023258 0.012781
14 5 0.043357 0.023258 0.012781
14 6 0.042721 0.023258 0.012781
14 7 0.038779 0.023258 0.012781
14 8 0.035982 0.023258 0.012781
14 9 0.030896 0.023258 0.012781
14 10 0.031532 0.023258 0.012781
14 11 0.029371 0.023258 0.012781
14 12 0.025683 0.023258 0.012781
14 13 0.020343 0.023258 0.012781
14 14 0.016529 0.023258 0.012781
14 15 0.013859 0.023258 0.012781
14 16 0.010553 0.023258 0.012781
14 17 0.010935 0.023258 0.012781
14 18 0.010045 0.023258 0.012781
14 19 0.010553 0.023258 0.012781
14 20 0.009409 0.023258 0.012781
15 0 0.031532 0.023258 0.012781
15 1 0.036872 0.023258 0.012781
15 2 0.043611 0.023258 0.012781
15 3 0.047298 0.023258 0.012781
15 4 0.050477 0.023258 0.012781
15 5 0.052638 0.023258 0.012781
15 6 0.048315 0.023258 0.012781
15 7 0.041704 0.023258 0.012781
15 8 0.036109 0.023258 0.012781
15 9 0.033439 0.023258 0.012781
15 10 0.030642 0.023258 0.012781
15 11 0.027972 0.023258 0.012781
15 12 0.023776 0.023258 0.012781
15 13 0.019199 0.023258 0.012781
15 14 0.014622 0.023258 0.012781
15 15 0.011316 0.023258 0.012781
15 16 0.009154 0.023258 0.012781
15 17 0.007883 0.023258 0.012781
15 18 0.008137 0.023258 0.012781
15 19 0.008773 0.023258 0.012781
15 20 0.007883 0.023258 0.012781
16 0 0.032295 0.023258 0.012781
16 1 0.040051 0.023258 0.012781
16 2 0.047807 0.023258 0.012781
16 3 0.052638 0.023258 0.012781
16 4 0.053274 0.023258 0.012781
16 5 0.053783 0.023258 0.012781
16 6 0.049205 0.023258 0.012781
16 7 0.042212 0.023258 0.012781
16 8 0.035728 0.023258 0.012781
16 9 0.030769 0.023258 0.012781
16 10 0.031405 0.023258 0.012781
16 11 0.026701 0.023258 0.012781
16 12 0.022759 0.023258 0.012781
16 13 0.016402 0.023258 0.012781
16 14 0.012333 0.023258 0.012781
16 15 0.009790 0.023258 0.012781
16 16 0.008519 0.023258 0.012781
16 17 0.007883 0.023258 0.012781
16 18 0.007374 0.023258 0.012781
16 19 0.008392 0.023258 0.012781
16 20 0.009154 0.023258 0.012781
17 0 0.033439 0.023258 0.012781
17 1 0.039034 0.023258 0.012781
17 2 0.047552 0.023258 0.012781
17 3 0.049968 0.023258 0.012781
17 4 0.051748 0.023258 0.012781
17 5 0.050731 0.023258 0.012781
17 6 0.048697 0.023258 0.012781
17 7 0.039288 0.023258 0.012781
17 8 0.035346 0.023258 0.012781
17 9 0.029625 0.023258 0.012781
17 10 0.027591 0.023258 0.012781
17 11 0.023776 0.023258 0.012781
17 12 0.018945 0.023258 0.012781
17 13 0.013096 0.023258 0.012781
17 14 0.009790 0.023258 0.012781
17 15 0.008519 0.023258 0.012781
17 16 0.007502 0.023258 0.012781
17 17 0.006866 0.023258 0.012781
17 18 0.006993 0.023258 0.012781
17 19 0.007629 0.023258 0.012781
17 20 0.008137 0.023258 0.012781
18 0 0.028099 0.023258 0.012781
18 1 0.033821 0.023258 0.012781
18 2 0.039797 0.023258 0.012781
18 3 0.044628 0.023258 0.012781
18 4 0.045391 0.023258 0.012781
18 5 0.046154 0.023258 0.012781
18 6 0.040178 0.023258 0.012781
18 7 0.032931 0.023258 0.012781
18 8 0.030261 0.023258 0.012781
18 9 0.028481 0.023258 0.012781
18 10 0.025175 0.023258 0.012781
18 11 0.019708 0.023258 0.012781
18 12 0.016402 0.023258 0.012781
18 13 0.012333 0.023258 0.012781
18 14 0.009027 0.023258 0.012781
18 15 0.008392 0.023258 0.012781
18 16 0.007883 0.023258 0.012781
18 17 0.006357 0.023258 0.012781
18 18 0.006230 0.023258 0.012781
18 19 0.007883 0.023258 0.012781
18 20 0.009154 0.023258 0.012781
19 0 0.026192 0.023258 0.012781
19 1 0.031532 0.023258 0.012781
19 2 0.035474 0.023258 0.012781
19 3 0.038398 0.023258 0.012781
19 4 0.039924 0.023258 0.012781
19 5 0.037127 0.023258 0.012781
19 6 0.033312 0.023258 0.012781
19 7 0.028353 0.023258 0.012781
19 8 0.027082 0.023258 0.012781
19 9 0.026192 0.023258 0.012781
19 10 0.023522 0.023258 0.012781
19 11 0.018818 0.023258 0.012781
19 12 0.016147 0.023258 0.012781
19 13 0.012460 0.023258 0.012781
19 14 0.010426 0.023258 0.012781
19 15 0.008773 0.023258 0.012781
19 16 0.006866 0.023258 0.012781
19 17 0.006357 0.023258 0.012781
19 18 0.006612 0.023258 0.012781
19 19 0.007883 0.023258 0.012781
19 20 0.008773 0.023258 0.012781
20 0 0.024285 0.023258 0.012781
20 1 0.028608 0.023258 0.012781
20 2 0.032295 0.023258 0.012781
20 3 0.033312 0.023258 0.012781
20 4 0.034075 0.023258 0.012781
20 5 0.032676 0.023258 0.012781
20 6 0.028481 0.023258 0.012781
20 7 0.025175 0.023258 0.012781
20 8 0.022505 0.023258 0.012781
20 9 0.022759 0.023258 0.012781
20 10 0.020852 0.023258 0.012781
20 11 0.016656 0.023258 0.012781
20 12 0.015003 0.023258 0.012781
20 13 0.012333 0.023258 0.012781
20 14 0.010553 0.023258 0.012781
20 15 0.007374 0.023258 0.012781
20 16 0.008137 0.023258 0.012781
20 17 0.008264 0.023258 0.012781
20 18 0.008137 0.023258 0.012781
20 19 0.008773 0.023258 0.012781
20 20 0.007374 0.023258 0.012781
