# contact distance = 12.0 Angstroms
# F = 0.4 kJ/mol

# i j contact_probability mean_contact_probability stddev_contact_probability
0 0 0.006341 0.024063 0.012171
0 1 0.005812 0.024063 0.012171
0 2 0.006077 0.024063 0.012171
0 3 0.006341 0.024063 0.012171
0 4 0.007266 0.024063 0.012171
0 5 0.008322 0.024063 0.012171
0 6 0.009775 0.024063 0.012171
0 7 0.013210 0.024063 0.012171
0 8 0.015852 0.024063 0.012171
0 9 0.016777 0.024063 0.012171
0 10 0.015852 0.024063 0.012171
0 11 0.017041 0.024063 0.012171
0 12 0.015852 0.024063 0.012171
0 13 0.015720 0.024063 0.012171
0 14 0.015324 0.024063 0.012171
0 15 0.017041 0.024063 0.012171
0 16 0.020872 0.024063 0.012171
0 17 0.023250 0.024063 0.012171
0 18 0.028005 0.024063 0.012171
0 19 0.031836 0.024063 0.012171
0 20 0.029194 0.024063 0.012171
1 0 0.005945 0.024063 0.012171
1 1 0.005020 0.024063 0.012171
1 2 0.004095 0.024063 0.012171
1 3 0.005548 0.024063 0.012171
1 4 0.005812 0.024063 0.012171
1 5 0.005945 0.024063 0.012171
1 6 0.009247 0.024063 0.012171
1 7 0.012946 0.024063 0.012171
1 8 0.014135 0.024063 0.012171
1 9 0.016380 0.024063 0.012171
1 10 0.015588 0.024063 0.012171
1 11 0.017569 0.024063 0.012171
1 12 0.016777 0.024063 0.012171
1 13 0.017173 0.024063 0.012171
1 14 0.017437 0.024063 0.012171
1 15 0.019022 0.024063 0.012171
1 16 0.023382 0.024063 0.012171
1 17 0.029326 0.024063 0.012171
1 18 0.036856 0.024063 0.012171
1 19 0.038177 0.024063 0.012171
1 20 0.035403 0.024063 0.012171
2 0 0.006077 0.024063 0.012171
2 1 0.005152 0.024063 0.012171
2 2 0.003435 0.024063 0.012171
2 3 0.003699 0.024063 0.012171
2 4 0.003963 0.024063 0.012171
2 5 0.005416 0.024063 0.012171
2 6 0.007133 0.024063 0.012171
2 7 0.009643 0.024063 0.012171
2 8 0.014135 0.024063 0.012171
2 9 0.016248 0.024063 0.012171
2 10 0.017305 0.024063 0.012171
2 11 0.018626 0.024063 0.012171
2 12 0.018758 0.024063 0.012171
2 13 0.018362 0.024063 0.012171
2 14 0.019419 0.024063 0.012171
2 15 0.022193 0.024063 0.012171
2 16 0.028137 0.024063 0.012171
2 17 0.035007 0.024063 0.012171
2 18 0.043857 0.024063 0.012171
2 19 0.044122 0.024063 0.012171
2 20 0.039102 0.024063 0.012171
3 0 0.007266 0.024063 0.012171
3 1 0.005284 0.024063 0.012171
3 2 0.003038 0.024063 0.012171
3 3 0.003831 0.024063 0.012171
3 4 0.004624 0.024063 0.012171
3 5 0.005020 0.024063 0.012171
3 6 0.007266 0.024063 0.012171
3 7 0.010040 0.024063 0.012171
3 8 0.014927 0.024063 0.012171
3 9 0.018626 0.024063 0.012171
3 10 0.021797 0.024063 0.012171
3 11 0.021004 0.024063 0.012171
3 12 0.020872 0.024063 0.012171
3 13 0.020740 0.024063 0.012171
3 14 0.022985 0.024063 0.012171
3 15 0.026816 0.024063 0.012171
3 16 0.031308 0.024063 0.012171
3 17 0.039498 0.024063 0.012171
3 18 0.048349 0.024063 0.012171
3 19 0.049802 0.024063 0.012171
3 20 0.044254 0.024063 0.012171
4 0 0.006869 0.024063 0.012171
4 1 0.004624 0.024063 0.012171
4 2 0.002642 0.024063 0.012171
4 3 0.003567 0.024063 0.012171
4 4 0.004624 0.024063 0.012171
4 5 0.005284 0.024063 0.012171
4 6 0.007001 0.024063 0.012171
4 7 0.010304 0.024063 0.012171
4 8 0.016909 0.024063 0.012171
4 9 0.020211 0.024063 0.012171
4 10 0.023910 0.024063 0.012171
4 11 0.025363 0.024063 0.012171
4 12 0.023382 0.024063 0.012171
4 13 0.025099 0.024063 0.012171
4 14 0.027081 0.024063 0.012171
4 15 0.029723 0.024063 0.012171
4 16 0.032365 0.024063 0.012171
4 17 0.042933 0.024063 0.012171
4 18 0.050991 0.024063 0.012171
4 19 0.051915 0.024063 0.012171
4 20 0.044518 0.024063 0.012171
5 0 0.008983 0.024063 0.012171
5 1 0.005945 0.024063 0.012171
5 2 0.004491 0.024063 0.012171
5 3 0.005152 0.024063 0.012171
5 4 0.005945 0.024063 0.012171
5 5 0.006869 0.024063 0.012171
5 6 0.008983 0.024063 0.012171
5 7 0.012021 0.024063 0.012171
5 8 0.017305 0.024063 0.012171
5 9 0.021797 0.024063 0.012171
5 10 0.026684 0.024063 0.012171
5 11 0.030383 0.024063 0.012171
5 12 0.028402 0.024063 0.012171
5 13 0.027213 0.024063 0.012171
5 14 0.029590 0.024063 0.012171
5 15 0.032629 0.024063 0.012171
5 16 0.034478 0.024063 0.012171
5 17 0.041347 0.024063 0.012171
5 18 0.045971 0.024063 0.012171
5 19 0.045310 0.024063 0.012171
5 20 0.040819 0.024063 0.012171
6 0 0.009115 0.024063 0.012171
6 1 0.008454 0.024063 0.012171
6 2 0.006869 0.024063 0.012171
6 3 0.007926 0.024063 0.012171
6 4 0.008719 0.024063 0.012171
6 5 0.009511 0.024063 0.012171
6 6 0.012946 0.024063 0.012171
6 7 0.016380 0.024063 0.012171
6 8 0.020079 0.024063 0.012171
6 9 0.024571 0.024063 0.012171
6 10 0.028269 0.024063 0.012171
6 11 0.030647 0.024063 0.012171
6 12 0.031308 0.024063 0.012171
6 13 0.031704 0.024063 0.012171
6 14 0.034214 0.024063 0.012171
6 15 0.034478 0.024063 0.012171
6 16 0.037781 0.024063 0.012171
6 17 0.039234 0.024063 0.012171
6 18 0.041612 0.024063 0.012171
6 19 0.039498 0.024063 0.012171
6 20 0.036196 0.024063 0.012171
7 0 0.011361 0.024063 0.012171
7 1 0.010436 0.024063 0.012171
7 2 0.009643 0.024063 0.012171
7 3 0.009908 0.024063 0.012171
7 4 0.011493 0.024063 0.012171
7 5 0.014267 0.024063 0.012171
7 6 0.017305 0.024063 0.012171
7 7 0.020872 0.024063 0.012171
7 8 0.024571 0.024063 0.012171
7 9 0.028005 0.024063 0.012171
7 10 0.029723 0.024063 0.012171
7 11 0.032365 0.024063 0.012171
7 12 0.033686 0.024063 0.012171
7 13 0.033157 0.024063 0.012171
7 14 0.037120 0.024063 0.012171
7 15 0.037384 0.024063 0.012171
7 16 0.037781 0.024063 0.012171
7 17 0.038838 0.024063 0.012171
7 18 0.037252 0.024063 0.012171
7 19 0.036328 0.024063 0.012171
7 20 0.031308 0.024063 0.012171
8 0 0.013210 0.024063 0.012171
8 1 0.013738 0.024063 0.012171
8 2 0.013210 0.024063 0.012171
8 3 0.013474 0.024063 0.012171
8 4 0.013606 0.024063 0.012171
8 5 0.018230 0.024063 0.012171
8 6 0.022061 0.024063 0.012171
8 7 0.025627 0.024063 0.012171
8 8 0.031836 0.024063 0.012171
8 9 0.033686 0.024063 0.012171
8 10 0.036592 0.024063 0.012171
8 11 0.036460 0.024063 0.012171
8 12 0.035403 0.024063 0.012171
8 13 0.036328 0.024063 0.012171
8 14 0.039630 0.024063 0.012171
8 15 0.038441 0.024063 0.012171
8 16 0.038970 0.024063 0.012171
8 17 0.034742 0.024063 0.012171
8 18 0.032100 0.024063 0.012171
8 19 0.028798 0.024063 0.012171
8 20 0.025495 0.024063 0.012171
9 0 0.013210 0.024063 0.012171
9 1 0.014399 0.024063 0.012171
9 2 0.014135 0.024063 0.012171
9 3 0.015324 0.024063 0.012171
9 4 0.016513 0.024063 0.012171
9 5 0.019683 0.024063 0.012171
9 6 0.024571 0.024063 0.012171
9 7 0.031572 0.024063 0.012171
9 8 0.036328 0.024063 0.012171
9 9 0.039234 0.024063 0.012171
9 10 0.037781 0.024063 0.012171
9 11 0.037913 0.024063 0.012171
9 12 0.037384 0.024063 0.012171
9 13 0.036592 0.024063 0.012171
9 14 0.038045 0.024063 0.012171
9 15 0.035799 0.024063 0.012171
9 16 0.032100 0.024063 0.012171
9 17 0.029855 0.024063 0.012171
9 18 0.026024 0.024063 0.012171
9 19 0.022325 0.024063 0.012171
9 20 0.019947 0.024063 0.012171
10 0 0.015456 0.024063 0.012171
10 1 0.014267 0.024063 0.012171
10 2 0.015059 0.024063 0.012171
10 3 0.015456 0.024063 0.012171
10 4 0.017966 0.024063 0.012171
10 5 0.022589 0.024063 0.012171
10 6 0.027345 0.024063 0.012171
10 7 0.034346 0.024063 0.012171
10 8 0.037384 0.024063 0.012171
10 9 0.039366 0.024063 0.012171
10 10 0.042008 0.024063 0.012171
10 11 0.039762 0.024063 0.012171
10 12 0.039102 0.024063 0.012171
10 13 0.038045 0.024063 0.012171
10 14 0.036856 0.024063 0.012171
10 15 0.034478 0.024063 0.012171
10 16 0.029723 0.024063 0.012171
10 17 0.026156 0.024063 0.012171
10 18 0.021400 0.024063 0.012171
10 19 0.019287 0.024063 0.012171
10 20 0.017041 0.024063 0.012171
11 0 0.016777 0.024063 0.012171
11 1 0.016380 0.024063 0.012171
11 2 0.015720 0.024063 0.012171
11 3 0.016777 0.024063 0.012171
11 4 0.018362 0.024063 0.012171
11 5 0.021136 0.024063 0.012171
11 6 0.027345 0.024063 0.012171
11 7 0.034082 0.024063 0.012171
11 8 0.036196 0.024063 0.012171
11 9 0.037649 0.024063 0.012171
11 10 0.038705 0.024063 0.012171
11 11 0.039630 0.024063 0.012171
11 12 0.038441 0.024063 0.012171
11 13 0.035403 0.024063 0.012171
11 14 0.036724 0.024063 0.012171
11 15 0.034875 0.024063 0.012171
11 16 0.026816 0.024063 0.012171
11 17 0.022061 0.024063 0.012171
11 18 0.018758 0.024063 0.012171
11 19 0.015192 0.024063 0.012171
11 20 0.016116 0.024063 0.012171
12 0 0.017305 0.024063 0.012171
12 1 0.019287 0.024063 0.012171
12 2 0.018098 0.024063 0.012171
12 3 0.019551 0.024063 0.012171
12 4 0.019287 0.024063 0.012171
12 5 0.020740 0.024063 0.012171
12 6 0.027873 0.024063 0.012171
12 7 0.033686 0.024063 0.012171
12 8 0.033950 0.024063 0.012171
12 9 0.037252 0.024063 0.012171
12 10 0.038573 0.024063 0.012171
12 11 0.037517 0.024063 0.012171
12 12 0.036196 0.024063 0.012171
12 13 0.035931 0.024063 0.012171
12 14 0.034214 0.024063 0.012171
12 15 0.031572 0.024063 0.012171
12 16 0.025892 0.024063 0.012171
12 17 0.019287 0.024063 0.012171
12 18 0.016909 0.024063 0.012171
12 19 0.014267 0.024063 0.012171
12 20 0.014003 0.024063 0.012171
13 0 0.019155 0.024063 0.012171
13 1 0.019815 0.024063 0.012171
13 2 0.020079 0.024063 0.012171
13 3 0.019683 0.024063 0.012171
13 4 0.022721 0.024063 0.012171
13 5 0.025495 0.024063 0.012171
13 6 0.030383 0.024063 0.012171
13 7 0.032365 0.024063 0.012171
13 8 0.034082 0.024063 0.012171
13 9 0.035931 0.024063 0.012171
13 10 0.036988 0.024063 0.012171
13 11 0.036724 0.024063 0.012171
13 12 0.036328 0.024063 0.012171
13 13 0.034610 0.024063 0.012171
13 14 0.031440 0.024063 0.012171
13 15 0.028534 0.024063 0.012171
13 16 0.022721 0.024063 0.012171
13 17 0.017834 0.024063 0.012171
13 18 0.015720 0.024063 0.012171
13 19 0.014135 0.024063 0.012171
13 20 0.013342 0.024063 0.012171
14 0 0.018230 0.024063 0.012171
14 1 0.019287 0.024063 0.012171
14 2 0.021797 0.024063 0.012171
14 3 0.023910 0.024063 0.012171
14 4 0.027345 0.024063 0.012171
14 5 0.030119 0.024063 0.012171
14 6 0.030647 0.024063 0.012171
14 7 0.034082 0.024063 0.012171
14 8 0.035007 0.024063 0.012171
14 9 0.035667 0.024063 0.012171
14 10 0.035007 0.024063 0.012171
14 11 0.035139 0.024063 0.012171
14 12 0.032497 0.024063 0.012171
14 13 0.033157 0.024063 0.012171
14 14 0.029326 0.024063 0.012171
14 15 0.027609 0.024063 0.012171
14 16 0.021532 0.024063 0.012171
14 17 0.017966 0.024063 0.012171
14 18 0.014135 0.024063 0.012171
14 19 0.012417 0.024063 0.012171
14 20 0.011493 0.024063 0.012171
15 0 0.019815 0.024063 0.012171
15 1 0.022721 0.024063 0.012171
15 2 0.024174 0.024063 0.012171
15 3 0.026948 0.024063 0.012171
15 4 0.033157 0.024063 0.012171
15 5 0.034742 0.024063 0.012171
15 6 0.033554 0.024063 0.012171
15 7 0.039102 0.024063 0.012171
15 8 0.038309 0.024063 0.012171
15 9 0.037120 0.024063 0.012171
15 10 0.034478 0.024063 0.012171
15 11 0.031704 0.024063 0.012171
15 12 0.031704 0.024063 0.012171
15 13 0.029723 0.024063 0.012171
15 14 0.026684 0.024063 0.012171
15 15 0.022721 0.024063 0.012171
15 16 0.018494 0.024063 0.012171
15 17 0.012550 0.024063 0.012171
15 18 0.009643 0.024063 0.012171
15 19 0.008983 0.024063 0.012171
15 20 0.009115 0.024063 0.012171
16 0 0.019947 0.024063 0.012171
16 1 0.023910 0.024063 0.012171
16 2 0.027609 0.024063 0.012171
16 3 0.032100 0.024063 0.012171
16 4 0.038177 0.024063 0.012171
16 5 0.037384 0.024063 0.012171
16 6 0.037517 0.024063 0.012171
16 7 0.037517 0.024063 0.012171
16 8 0.037384 0.024063 0.012171
16 9 0.037649 0.024063 0.012171
16 10 0.034082 0.024063 0.012171
16 11 0.031044 0.024063 0.012171
16 12 0.028005 0.024063 0.012171
16 13 0.024439 0.024063 0.012171
16 14 0.022985 0.024063 0.012171
16 15 0.020740 0.024063 0.012171
16 16 0.013078 0.024063 0.012171
16 17 0.010568 0.024063 0.012171
16 18 0.005945 0.024063 0.012171
16 19 0.005812 0.024063 0.012171
16 20 0.007133 0.024063 0.012171
17 0 0.023250 0.024063 0.012171
17 1 0.026684 0.024063 0.012171
17 2 0.034082 0.024063 0.012171
17 3 0.039630 0.024063 0.012171
17 4 0.042536 0.024063 0.012171
17 5 0.043329 0.024063 0.012171
17 6 0.041083 0.024063 0.012171
17 7 0.037252 0.024063 0.012171
17 8 0.036724 0.024063 0.012171
17 9 0.034742 0.024063 0.012171
17 10 0.030779 0.024063 0.012171
17 11 0.024835 0.024063 0.012171
17 12 0.022457 0.024063 0.012171
17 13 0.021400 0.024063 0.012171
17 14 0.020211 0.024063 0.012171
17 15 0.016909 0.024063 0.012171
17 16 0.013474 0.024063 0.012171
17 17 0.008454 0.024063 0.012171
17 18 0.006209 0.024063 0.012171
17 19 0.006209 0.024063 0.012171
17 20 0.007266 0.024063 0.012171
18 0 0.028666 0.024063 0.012171
18 1 0.034875 0.024063 0.012171
18 2 0.042272 0.024063 0.012171
18 3 0.046764 0.024063 0.012171
18 4 0.050727 0.024063 0.012171
18 5 0.048745 0.024063 0.012171
18 6 0.042933 0.024063 0.012171
18 7 0.036063 0.024063 0.012171
18 8 0.035535 0.024063 0.012171
18 9 0.032100 0.024063 0.012171
18 10 0.026024 0.024063 0.012171
18 11 0.021136 0.024063 0.012171
18 12 0.019155 0.024063 0.012171
18 13 0.019155 0.024063 0.012171
18 14 0.015324 0.024063 0.012171
18 15 0.013606 0.024063 0.012171
18 16 0.010964 0.024063 0.012171
18 17 0.007662 0.024063 0.012171
18 18 0.005416 0.024063 0.012171
18 19 0.004359 0.024063 0.012171
18 20 0.006341 0.024063 0.012171
19 0 0.031044 0.024063 0.012171
19 1 0.037781 0.024063 0.012171
19 2 0.044782 0.024063 0.012171
19 3 0.049670 0.024063 0.012171
19 4 0.052180 0.024063 0.012171
19 5 0.050066 0.024063 0.012171
19 6 0.042140 0.024063 0.012171
19 7 0.034875 0.024063 0.012171
19 8 0.031440 0.024063 0.012171
19 9 0.027477 0.024063 0.012171
19 10 0.021268 0.024063 0.012171
19 11 0.019947 0.024063 0.012171
19 12 0.017437 0.024063 0.012171
19 13 0.015192 0.024063 0.012171
19 14 0.012417 0.024063 0.012171
19 15 0.011096 0.024063 0.012171
19 16 0.010040 0.024063 0.012171
19 17 0.007266 0.024063 0.012171
19 18 0.005284 0.024063 0.012171
19 19 0.003699 0.024063 0.012171
19 20 0.005416 0.024063 0.012171
20 0 0.030383 0.024063 0.012171
20 1 0.036460 0.024063 0.012171
20 2 0.040951 0.024063 0.012171
20 3 0.045178 0.024063 0.012171
20 4 0.047292 0.024063 0.012171
20 5 0.044650 0.024063 0.012171
20 6 0.037120 0.024063 0.012171
20 7 0.032232 0.024063 0.012171
20 8 0.026024 0.024063 0.012171
20 9 0.025099 0.024063 0.012171
20 10 0.020343 0.024063 0.012171
20 11 0.016909 0.024063 0.012171
20 12 0.015984 0.024063 0.012171
20 13 0.013342 0.024063 0.012171
20 14 0.011625 0.024063 0.012171
20 15 0.010964 0.024063 0.012171
20 16 0.010436 0.024063 0.012171
20 17 0.007530 0.024063 0.012171
20 18 0.005152 0.024063 0.012171
20 19 0.005020 0.024063 0.012171
20 20 0.005680 0.024063 0.012171
