# contact distance = 12.0 Angstroms
# F = 0.4 kJ/mol

# i j contact_probability mean_contact_probability stddev_contact_probability
0 0 0.008775 0.014700 0.008487
0 1 0.009369 0.014700 0.008487
0 2 0.007436 0.014700 0.008487
0 3 0.007585 0.014700 0.008487
0 4 0.006990 0.014700 0.008487
0 5 0.007436 0.014700 0.008487
0 6 0.007585 0.014700 0.008487
0 7 0.008180 0.014700 0.008487
0 8 0.010262 0.014700 0.008487
0 9 0.010559 0.014700 0.008487
0 10 0.012790 0.014700 0.008487
0 11 0.013831 0.014700 0.008487
0 12 0.018739 0.014700 0.008487
0 13 0.022457 0.014700 0.008487
0 14 0.027662 0.014700 0.008487
0 15 0.029298 0.014700 0.008487
0 16 0.032570 0.014700 0.008487
0 17 0.030339 0.014700 0.008487
0 18 0.030488 0.014700 0.008487
0 19 0.027662 0.014700 0.008487
0 20 0.023349 0.014700 0.008487
1 0 0.007585 0.014700 0.008487
1 1 0.006544 0.014700 0.008487
1 2 0.006544 0.014700 0.008487
1 3 0.006544 0.014700 0.008487
1 4 0.006692 0.014700 0.008487
1 5 0.007139 0.014700 0.008487
1 6 0.007287 0.014700 0.008487
1 7 0.007436 0.014700 0.008487
1 8 0.009221 0.014700 0.008487
1 9 0.010708 0.014700 0.008487
1 10 0.011898 0.014700 0.008487
1 11 0.015170 0.014700 0.008487
1 12 0.018888 0.014700 0.008487
1 13 0.023349 0.014700 0.008487
1 14 0.029595 0.014700 0.008487
1 15 0.033908 0.014700 0.008487
1 16 0.036139 0.014700 0.008487
1 17 0.036288 0.014700 0.008487
1 18 0.034801 0.014700 0.008487
1 19 0.030488 0.014700 0.008487
1 20 0.025283 0.014700 0.008487
2 0 0.007585 0.014700 0.008487
2 1 0.005800 0.014700 0.008487
2 2 0.006098 0.014700 0.008487
2 3 0.006246 0.014700 0.008487
2 4 0.005651 0.014700 0.008487
2 5 0.005949 0.014700 0.008487
2 6 0.006395 0.014700 0.008487
2 7 0.006544 0.014700 0.008487
2 8 0.008031 0.014700 0.008487
2 9 0.010262 0.014700 0.008487
2 10 0.012790 0.014700 0.008487
2 11 0.015467 0.014700 0.008487
2 12 0.019780 0.014700 0.008487
2 13 0.023795 0.014700 0.008487
2 14 0.030488 0.014700 0.008487
2 15 0.035247 0.014700 0.008487
2 16 0.036883 0.014700 0.008487
2 17 0.035098 0.014700 0.008487
2 18 0.034057 0.014700 0.008487
2 19 0.029001 0.014700 0.008487
2 20 0.024539 0.014700 0.008487
3 0 0.006990 0.014700 0.008487
3 1 0.005949 0.014700 0.008487
3 2 0.005354 0.014700 0.008487
3 3 0.006544 0.014700 0.008487
3 4 0.005651 0.014700 0.008487
3 5 0.006990 0.014700 0.008487
3 6 0.005949 0.014700 0.008487
3 7 0.007139 0.014700 0.008487
3 8 0.008775 0.014700 0.008487
3 9 0.009369 0.014700 0.008487
3 10 0.013385 0.014700 0.008487
3 11 0.016211 0.014700 0.008487
3 12 0.020077 0.014700 0.008487
3 13 0.024390 0.014700 0.008487
3 14 0.026621 0.014700 0.008487
3 15 0.030190 0.014700 0.008487
3 16 0.032867 0.014700 0.008487
3 17 0.030934 0.014700 0.008487
3 18 0.031380 0.014700 0.008487
3 19 0.028703 0.014700 0.008487
3 20 0.021416 0.014700 0.008487
4 0 0.006841 0.014700 0.008487
4 1 0.005057 0.014700 0.008487
4 2 0.005651 0.014700 0.008487
4 3 0.006544 0.014700 0.008487
4 4 0.007139 0.014700 0.008487
4 5 0.008477 0.014700 0.008487
4 6 0.007882 0.014700 0.008487
4 7 0.008031 0.014700 0.008487
4 8 0.009518 0.014700 0.008487
4 9 0.010857 0.014700 0.008487
4 10 0.013385 0.014700 0.008487
4 11 0.016211 0.014700 0.008487
4 12 0.019929 0.014700 0.008487
4 13 0.023647 0.014700 0.008487
4 14 0.025877 0.014700 0.008487
4 15 0.026472 0.014700 0.008487
4 16 0.026472 0.014700 0.008487
4 17 0.027513 0.014700 0.008487
4 18 0.027067 0.014700 0.008487
4 19 0.023349 0.014700 0.008487
4 20 0.019929 0.014700 0.008487
5 0 0.006841 0.014700 0.008487
5 1 0.006098 0.014700 0.008487
5 2 0.006692 0.014700 0.008487
5 3 0.006841 0.014700 0.008487
5 4 0.006692 0.014700 0.008487
5 5 0.008923 0.014700 0.008487
5 6 0.009518 0.014700 0.008487
5 7 0.010559 0.014700 0.008487
5 8 0.011749 0.014700 0.008487
5 9 0.012939 0.014700 0.008487
5 10 0.015467 0.014700 0.008487
5 11 0.017252 0.014700 0.008487
5 12 0.018888 0.014700 0.008487
5 13 0.021118 0.014700 0.008487
5 14 0.024242 0.014700 0.008487
5 15 0.023349 0.014700 0.008487
5 16 0.022159 0.014700 0.008487
5 17 0.021565 0.014700 0.008487
5 18 0.021267 0.014700 0.008487
5 19 0.018293 0.014700 0.008487
5 20 0.017103 0.014700 0.008487
6 0 0.008031 0.014700 0.008487
6 1 0.006395 0.014700 0.008487
6 2 0.006544 0.014700 0.008487
6 3 0.007733 0.014700 0.008487
6 4 0.008626 0.014700 0.008487
6 5 0.010708 0.014700 0.008487
6 6 0.011600 0.014700 0.008487
6 7 0.011154 0.014700 0.008487
6 8 0.012939 0.014700 0.008487
6 9 0.015467 0.014700 0.008487
6 10 0.016508 0.014700 0.008487
6 11 0.018144 0.014700 0.008487
6 12 0.017698 0.014700 0.008487
6 13 0.019482 0.014700 0.008487
6 14 0.019482 0.014700 0.008487
6 15 0.018888 0.014700 0.008487
6 16 0.018144 0.014700 0.008487
6 17 0.019482 0.014700 0.008487
6 18 0.017549 0.014700 0.008487
6 19 0.015913 0.014700 0.008487
6 20 0.015170 0.014700 0.008487
7 0 0.007287 0.014700 0.008487
7 1 0.007139 0.014700 0.008487
7 2 0.007287 0.014700 0.008487
7 3 0.008477 0.014700 0.008487
7 4 0.009964 0.014700 0.008487
7 5 0.011749 0.014700 0.008487
7 6 0.012641 0.014700 0.008487
7 7 0.014128 0.014700 0.008487
7 8 0.014277 0.014700 0.008487
7 9 0.016508 0.014700 0.008487
7 10 0.017549 0.014700 0.008487
7 11 0.018441 0.014700 0.008487
7 12 0.017252 0.014700 0.008487
7 13 0.018293 0.014700 0.008487
7 14 0.017995 0.014700 0.008487
7 15 0.016508 0.014700 0.008487
7 16 0.014872 0.014700 0.008487
7 17 0.014277 0.014700 0.008487
7 18 0.012493 0.014700 0.008487
7 19 0.012939 0.014700 0.008487
7 20 0.013534 0.014700 0.008487
8 0 0.007287 0.014700 0.008487
8 1 0.008626 0.014700 0.008487
8 2 0.009369 0.014700 0.008487
8 3 0.008477 0.014700 0.008487
8 4 0.010410 0.014700 0.008487
8 5 0.012046 0.014700 0.008487
8 6 0.013087 0.014700 0.008487
8 7 0.014723 0.014700 0.008487
8 8 0.015764 0.014700 0.008487
8 9 0.018590 0.014700 0.008487
8 10 0.018144 0.014700 0.008487
8 11 0.019482 0.014700 0.008487
8 12 0.018888 0.014700 0.008487
8 13 0.017995 0.014700 0.008487
8 14 0.015467 0.014700 0.008487
8 15 0.015616 0.014700 0.008487
8 16 0.014426 0.014700 0.008487
8 17 0.012641 0.014700 0.008487
8 18 0.011005 0.014700 0.008487
8 19 0.011005 0.014700 0.008487
8 20 0.009816 0.014700 0.008487
9 0 0.010262 0.014700 0.008487
9 1 0.009369 0.014700 0.008487
9 2 0.009816 0.014700 0.008487
9 3 0.009816 0.014700 0.008487
9 4 0.009816 0.014700 0.008487
9 5 0.011600 0.014700 0.008487
9 6 0.012046 0.014700 0.008487
9 7 0.014872 0.014700 0.008487
9 8 0.017252 0.014700 0.008487
9 9 0.017252 0.014700 0.008487
9 10 0.018441 0.014700 0.008487
9 11 0.019929 0.014700 0.008487
9 12 0.018739 0.014700 0.008487
9 13 0.019631 0.014700 0.008487
9 14 0.017103 0.014700 0.008487
9 15 0.016211 0.014700 0.008487
9 16 0.014872 0.014700 0.008487
9 17 0.013534 0.014700 0.008487
9 18 0.011749 0.014700 0.008487
9 19 0.009221 0.014700 0.008487
9 20 0.009072 0.014700 0.008487
10 0 0.011749 0.014700 0.008487
10 1 0.010857 0.014700 0.008487
10 2 0.009518 0.014700 0.008487
10 3 0.010113 0.014700 0.008487
10 4 0.011749 0.014700 0.008487
10 5 0.013682 0.014700 0.008487
10 6 0.014575 0.014700 0.008487
10 7 0.016359 0.014700 0.008487
10 8 0.017103 0.014700 0.008487
10 9 0.017698 0.014700 0.008487
10 10 0.020226 0.014700 0.008487
10 11 0.021565 0.014700 0.008487
10 12 0.019185 0.014700 0.008487
10 13 0.017103 0.014700 0.008487
10 14 0.017252 0.014700 0.008487
10 15 0.015318 0.014700 0.008487
10 16 0.015021 0.014700 0.008487
10 17 0.011303 0.014700 0.008487
10 18 0.011005 0.014700 0.008487
10 19 0.009816 0.014700 0.008487
10 20 0.007436 0.014700 0.008487
11 0 0.013831 0.014700 0.008487
11 1 0.013087 0.014700 0.008487
11 2 0.012939 0.014700 0.008487
11 3 0.011898 0.014700 0.008487
11 4 0.014426 0.014700 0.008487
11 5 0.015170 0.014700 0.008487
11 6 0.017995 0.014700 0.008487
11 7 0.017400 0.014700 0.008487
11 8 0.018144 0.014700 0.008487
11 9 0.019929 0.014700 0.008487
11 10 0.020821 0.014700 0.008487
11 11 0.021713 0.014700 0.008487
11 12 0.019036 0.014700 0.008487
11 13 0.016062 0.014700 0.008487
11 14 0.014277 0.014700 0.008487
11 15 0.012939 0.014700 0.008487
11 16 0.012641 0.014700 0.008487
11 17 0.011600 0.014700 0.008487
11 18 0.009667 0.014700 0.008487
11 19 0.006990 0.014700 0.008487
11 20 0.005651 0.014700 0.008487
12 0 0.015467 0.014700 0.008487
12 1 0.015764 0.014700 0.008487
12 2 0.013831 0.014700 0.008487
12 3 0.015616 0.014700 0.008487
12 4 0.017698 0.014700 0.008487
12 5 0.017698 0.014700 0.008487
12 6 0.017103 0.014700 0.008487
12 7 0.017847 0.014700 0.008487
12 8 0.017698 0.014700 0.008487
12 9 0.018441 0.014700 0.008487
12 10 0.019482 0.014700 0.008487
12 11 0.019780 0.014700 0.008487
12 12 0.016359 0.014700 0.008487
12 13 0.013980 0.014700 0.008487
12 14 0.011749 0.014700 0.008487
12 15 0.010857 0.014700 0.008487
12 16 0.011005 0.014700 0.008487
12 17 0.008626 0.014700 0.008487
12 18 0.007733 0.014700 0.008487
12 19 0.005057 0.014700 0.008487
12 20 0.004908 0.014700 0.008487
13 0 0.020077 0.014700 0.008487
13 1 0.020821 0.014700 0.008487
13 2 0.019482 0.014700 0.008487
13 3 0.020821 0.014700 0.008487
13 4 0.020375 0.014700 0.008487
13 5 0.020077 0.014700 0.008487
13 6 0.018888 0.014700 0.008487
13 7 0.017549 0.014700 0.008487
13 8 0.017698 0.014700 0.008487
13 9 0.016954 0.014700 0.008487
13 10 0.018144 0.014700 0.008487
13 11 0.019334 0.014700 0.008487
13 12 0.015318 0.014700 0.008487
13 13 0.011154 0.014700 0.008487
13 14 0.008031 0.014700 0.008487
13 15 0.007882 0.014700 0.008487
13 16 0.007139 0.014700 0.008487
13 17 0.006395 0.014700 0.008487
13 18 0.005057 0.014700 0.008487
13 19 0.003421 0.014700 0.008487
13 20 0.003718 0.014700 0.008487
14 0 0.024836 0.014700 0.008487
14 1 0.026621 0.014700 0.008487
14 2 0.027067 0.014700 0.008487
14 3 0.026324 0.014700 0.008487
14 4 0.025431 0.014700 0.008487
14 5 0.022606 0.014700 0.008487
14 6 0.019185 0.014700 0.008487
14 7 0.017103 0.014700 0.008487
14 8 0.016211 0.014700 0.008487
14 9 0.016954 0.014700 0.008487
14 10 0.016657 0.014700 0.008487
14 11 0.016508 0.014700 0.008487
14 12 0.014128 0.014700 0.008487
14 13 0.009369 0.014700 0.008487
14 14 0.006246 0.014700 0.008487
14 15 0.005205 0.014700 0.008487
14 16 0.005057 0.014700 0.008487
14 17 0.003272 0.014700 0.008487
14 18 0.004015 0.014700 0.008487
14 19 0.003867 0.014700 0.008487
14 20 0.003272 0.014700 0.008487
15 0 0.027811 0.014700 0.008487
15 1 0.031529 0.014700 0.008487
15 2 0.032421 0.014700 0.008487
15 3 0.029893 0.014700 0.008487
15 4 0.027067 0.014700 0.008487
15 5 0.022903 0.014700 0.008487
15 6 0.017698 0.014700 0.008487
15 7 0.016062 0.014700 0.008487
15 8 0.014426 0.014700 0.008487
15 9 0.016062 0.014700 0.008487
15 10 0.016954 0.014700 0.008487
15 11 0.014723 0.014700 0.008487
15 12 0.011749 0.014700 0.008487
15 13 0.008328 0.014700 0.008487
15 14 0.005800 0.014700 0.008487
15 15 0.003718 0.014700 0.008487
15 16 0.002082 0.014700 0.008487
15 17 0.002231 0.014700 0.008487
15 18 0.002528 0.014700 0.008487
15 19 0.002528 0.014700 0.008487
15 20 0.002974 0.014700 0.008487
16 0 0.026770 0.014700 0.008487
16 1 0.033462 0.014700 0.008487
16 2 0.032867 0.014700 0.008487
16 3 0.031231 0.014700 0.008487
16 4 0.026621 0.014700 0.008487
16 5 0.022011 0.014700 0.008487
16 6 0.019185 0.014700 0.008487
16 7 0.014277 0.014700 0.008487
16 8 0.014426 0.014700 0.008487
16 9 0.017549 0.014700 0.008487
16 10 0.016805 0.014700 0.008487
16 11 0.014575 0.014700 0.008487
16 12 0.011600 0.014700 0.008487
16 13 0.006098 0.014700 0.008487
16 14 0.004462 0.014700 0.008487
16 15 0.002528 0.014700 0.008487
16 16 0.002231 0.014700 0.008487
16 17 0.001487 0.014700 0.008487
16 18 0.001487 0.014700 0.008487
16 19 0.001636 0.014700 0.008487
16 20 0.002082 0.014700 0.008487
17 0 0.028703 0.014700 0.008487
17 1 0.034801 0.014700 0.008487
17 2 0.034206 0.014700 0.008487
17 3 0.032867 0.014700 0.008487
17 4 0.027513 0.014700 0.008487
17 5 0.023349 0.014700 0.008487
17 6 0.019036 0.014700 0.008487
17 7 0.015318 0.014700 0.008487
17 8 0.014277 0.014700 0.008487
17 9 0.014426 0.014700 0.008487
17 10 0.014575 0.014700 0.008487
17 11 0.012493 0.014700 0.008487
17 12 0.010708 0.014700 0.008487
17 13 0.006544 0.014700 0.008487
17 14 0.003867 0.014700 0.008487
17 15 0.003421 0.014700 0.008487
17 16 0.002380 0.014700 0.008487
17 17 0.001785 0.014700 0.008487
17 18 0.001190 0.014700 0.008487
17 19 0.001190 0.014700 0.008487
17 20 0.002231 0.014700 0.008487
18 0 0.029744 0.014700 0.008487
18 1 0.033016 0.014700 0.008487
18 2 0.033908 0.014700 0.008487
18 3 0.031083 0.014700 0.008487
18 4 0.028406 0.014700 0.008487
18 5 0.022606 0.014700 0.008487
18 6 0.019334 0.014700 0.008487
18 7 0.015318 0.014700 0.008487
18 8 0.012344 0.014700 0.008487
18 9 0.011303 0.014700 0.008487
18 10 0.012195 0.014700 0.008487
18 11 0.011005 0.014700 0.008487
18 12 0.009369 0.014700 0.008487
18 13 0.006395 0.014700 0.008487
18 14 0.003867 0.014700 0.008487
18 15 0.002082 0.014700 0.008487
18 16 0.001636 0.014700 0.008487
18 17 0.001933 0.014700 0.008487
18 18 0.001338 0.014700 0.008487
18 19 0.001636 0.014700 0.008487
18 20 0.002528 0.014700 0.008487
19 0 0.030042 0.014700 0.008487
19 1 0.032272 0.014700 0.008487
19 2 0.033016 0.014700 0.008487
19 3 0.031231 0.014700 0.008487
19 4 0.024985 0.014700 0.008487
19 5 0.020821 0.014700 0.008487
19 6 0.017549 0.014700 0.008487
19 7 0.014426 0.014700 0.008487
19 8 0.013385 0.014700 0.008487
19 9 0.011303 0.014700 0.008487
19 10 0.010559 0.014700 0.008487
19 11 0.009072 0.014700 0.008487
19 12 0.008180 0.014700 0.008487
19 13 0.006544 0.014700 0.008487
19 14 0.004462 0.014700 0.008487
19 15 0.002528 0.014700 0.008487
19 16 0.002231 0.014700 0.008487
19 17 0.002677 0.014700 0.008487
19 18 0.001636 0.014700 0.008487
19 19 0.001487 0.014700 0.008487
19 20 0.003718 0.014700 0.008487
20 0 0.027662 0.014700 0.008487
20 1 0.028703 0.014700 0.008487
20 2 0.028108 0.014700 0.008487
20 3 0.028108 0.014700 0.008487
20 4 0.023944 0.014700 0.008487
20 5 0.017103 0.014700 0.008487
20 6 0.014426 0.014700 0.008487
20 7 0.012790 0.014700 0.008487
20 8 0.010410 0.014700 0.008487
20 9 0.009518 0.014700 0.008487
20 10 0.009518 0.014700 0.008487
20 11 0.008180 0.014700 0.008487
20 12 0.009369 0.014700 0.008487
20 13 0.006544 0.014700 0.008487
20 14 0.004610 0.014700 0.008487
20 15 0.003421 0.014700 0.008487
20 16 0.003569 0.014700 0.008487
20 17 0.003421 0.014700 0.008487
20 18 0.003421 0.014700 0.008487
20 19 0.003123 0.014700 0.008487
20 20 0.004313 0.014700 0.008487
