# contact distance = 12.0 Angstroms
# F = 0.4 kJ/mol

# i j contact_probability mean_contact_probability stddev_contact_probability
0 0 0.007789 0.026457 0.014237
0 1 0.006208 0.026457 0.014237
0 2 0.006999 0.026457 0.014237
0 3 0.007676 0.026457 0.014237
0 4 0.010272 0.026457 0.014237
0 5 0.011062 0.026457 0.014237
0 6 0.013433 0.026457 0.014237
0 7 0.015239 0.026457 0.014237
0 8 0.017835 0.026457 0.014237
0 9 0.020996 0.026457 0.014237
0 10 0.023705 0.026457 0.014237
0 11 0.026075 0.026457 0.014237
0 12 0.030477 0.026457 0.014237
0 13 0.035218 0.026457 0.014237
0 14 0.039508 0.026457 0.014237
0 15 0.045716 0.026457 0.014237
0 16 0.052715 0.026457 0.014237
0 17 0.057907 0.026457 0.014237
0 18 0.062987 0.026457 0.014237
0 19 0.060052 0.026457 0.014237
0 20 0.052376 0.026457 0.014237
1 0 0.007789 0.026457 0.014237
1 1 0.007224 0.026457 0.014237
1 2 0.007224 0.026457 0.014237
1 3 0.008014 0.026457 0.014237
1 4 0.008917 0.026457 0.014237
1 5 0.011401 0.026457 0.014237
1 6 0.012868 0.026457 0.014237
1 7 0.015464 0.026457 0.014237
1 8 0.017271 0.026457 0.014237
1 9 0.019641 0.026457 0.014237
1 10 0.024721 0.026457 0.014237
1 11 0.028671 0.026457 0.014237
1 12 0.033299 0.026457 0.014237
1 13 0.038605 0.026457 0.014237
1 14 0.044926 0.026457 0.014237
1 15 0.050119 0.026457 0.014237
1 16 0.058472 0.026457 0.014237
1 17 0.064228 0.026457 0.014237
1 18 0.067953 0.026457 0.014237
1 19 0.063325 0.026457 0.014237
1 20 0.055875 0.026457 0.014237
2 0 0.009030 0.026457 0.014237
2 1 0.007789 0.026457 0.014237
2 2 0.007450 0.026457 0.014237
2 3 0.008353 0.026457 0.014237
2 4 0.008127 0.026457 0.014237
2 5 0.013207 0.026457 0.014237
2 6 0.014674 0.026457 0.014237
2 7 0.017271 0.026457 0.014237
2 8 0.019528 0.026457 0.014237
2 9 0.020883 0.026457 0.014237
2 10 0.025962 0.026457 0.014237
2 11 0.029913 0.026457 0.014237
2 12 0.033864 0.026457 0.014237
2 13 0.039395 0.026457 0.014237
2 14 0.045039 0.026457 0.014237
2 15 0.051812 0.026457 0.014237
2 16 0.056327 0.026457 0.014237
2 17 0.061858 0.026457 0.014237
2 18 0.063777 0.026457 0.014237
2 19 0.058133 0.026457 0.014237
2 20 0.049441 0.026457 0.014237
3 0 0.011175 0.026457 0.014237
3 1 0.009708 0.026457 0.014237
3 2 0.008692 0.026457 0.014237
3 3 0.008466 0.026457 0.014237
3 4 0.011175 0.026457 0.014237
3 5 0.013320 0.026457 0.014237
3 6 0.015352 0.026457 0.014237
3 7 0.019302 0.026457 0.014237
3 8 0.020770 0.026457 0.014237
3 9 0.023818 0.026457 0.014237
3 10 0.027994 0.026457 0.014237
3 11 0.029913 0.026457 0.014237
3 12 0.032509 0.026457 0.014237
3 13 0.037589 0.026457 0.014237
3 14 0.044249 0.026457 0.014237
3 15 0.048651 0.026457 0.014237
3 16 0.050119 0.026457 0.014237
3 17 0.055537 0.026457 0.014237
3 18 0.052263 0.026457 0.014237
3 19 0.046958 0.026457 0.014237
3 20 0.039508 0.026457 0.014237
4 0 0.012078 0.026457 0.014237
4 1 0.011627 0.026457 0.014237
4 2 0.010949 0.026457 0.014237
4 3 0.010498 0.026457 0.014237
4 4 0.013546 0.026457 0.014237
4 5 0.014110 0.026457 0.014237
4 6 0.017496 0.026457 0.014237
4 7 0.021560 0.026457 0.014237
4 8 0.021899 0.026457 0.014237
4 9 0.026301 0.026457 0.014237
4 10 0.028559 0.026457 0.014237
4 11 0.030139 0.026457 0.014237
4 12 0.032735 0.026457 0.014237
4 13 0.035557 0.026457 0.014237
4 14 0.041878 0.026457 0.014237
4 15 0.041765 0.026457 0.014237
4 16 0.044475 0.026457 0.014237
4 17 0.045265 0.026457 0.014237
4 18 0.040862 0.026457 0.014237
4 19 0.034993 0.026457 0.014237
4 20 0.030590 0.026457 0.014237
5 0 0.014449 0.026457 0.014237
5 1 0.015126 0.026457 0.014237
5 2 0.014449 0.026457 0.014237
5 3 0.014449 0.026457 0.014237
5 4 0.015577 0.026457 0.014237
5 5 0.015916 0.026457 0.014237
5 6 0.019190 0.026457 0.014237
5 7 0.022237 0.026457 0.014237
5 8 0.023140 0.026457 0.014237
5 9 0.027317 0.026457 0.014237
5 10 0.030026 0.026457 0.014237
5 11 0.031719 0.026457 0.014237
5 12 0.034654 0.026457 0.014237
5 13 0.034880 0.026457 0.014237
5 14 0.038831 0.026457 0.014237
5 15 0.037024 0.026457 0.014237
5 16 0.039282 0.026457 0.014237
5 17 0.035218 0.026457 0.014237
5 18 0.031606 0.026457 0.014237
5 19 0.028333 0.026457 0.014237
5 20 0.024156 0.026457 0.014237
6 0 0.014336 0.026457 0.014237
6 1 0.014787 0.026457 0.014237
6 2 0.014561 0.026457 0.014237
6 3 0.015239 0.026457 0.014237
6 4 0.015239 0.026457 0.014237
6 5 0.016029 0.026457 0.014237
6 6 0.021221 0.026457 0.014237
6 7 0.021786 0.026457 0.014237
6 8 0.025962 0.026457 0.014237
6 9 0.031493 0.026457 0.014237
6 10 0.031719 0.026457 0.014237
6 11 0.034203 0.026457 0.014237
6 12 0.036460 0.026457 0.014237
6 13 0.036912 0.026457 0.014237
6 14 0.036121 0.026457 0.014237
6 15 0.036121 0.026457 0.014237
6 16 0.036686 0.026457 0.014237
6 17 0.031719 0.026457 0.014237
6 18 0.026414 0.026457 0.014237
6 19 0.024043 0.026457 0.014237
6 20 0.022124 0.026457 0.014237
7 0 0.015013 0.026457 0.014237
7 1 0.014336 0.026457 0.014237
7 2 0.015126 0.026457 0.014237
7 3 0.015464 0.026457 0.014237
7 4 0.016029 0.026457 0.014237
7 5 0.019190 0.026457 0.014237
7 6 0.022915 0.026457 0.014237
7 7 0.026075 0.026457 0.014237
7 8 0.027881 0.026457 0.014237
7 9 0.030252 0.026457 0.014237
7 10 0.033751 0.026457 0.014237
7 11 0.035331 0.026457 0.014237
7 12 0.037363 0.026457 0.014237
7 13 0.032848 0.026457 0.014237
7 14 0.034880 0.026457 0.014237
7 15 0.034315 0.026457 0.014237
7 16 0.032735 0.026457 0.014237
7 17 0.028784 0.026457 0.014237
7 18 0.026752 0.026457 0.014237
7 19 0.021786 0.026457 0.014237
7 20 0.019415 0.026457 0.014237
8 0 0.017271 0.026457 0.014237
8 1 0.017835 0.026457 0.014237
8 2 0.016142 0.026457 0.014237
8 3 0.017158 0.026457 0.014237
8 4 0.018286 0.026457 0.014237
8 5 0.021221 0.026457 0.014237
8 6 0.023592 0.026457 0.014237
8 7 0.028671 0.026457 0.014237
8 8 0.030929 0.026457 0.014237
8 9 0.033751 0.026457 0.014237
8 10 0.036460 0.026457 0.014237
8 11 0.037476 0.026457 0.014237
8 12 0.036009 0.026457 0.014237
8 13 0.036234 0.026457 0.014237
8 14 0.034767 0.026457 0.014237
8 15 0.034090 0.026457 0.014237
8 16 0.030477 0.026457 0.014237
8 17 0.027430 0.026457 0.014237
8 18 0.023930 0.026457 0.014237
8 19 0.018738 0.026457 0.014237
8 20 0.017271 0.026457 0.014237
9 0 0.018512 0.026457 0.014237
9 1 0.017496 0.026457 0.014237
9 2 0.018512 0.026457 0.014237
9 3 0.018625 0.026457 0.014237
9 4 0.020205 0.026457 0.014237
9 5 0.024269 0.026457 0.014237
9 6 0.027994 0.026457 0.014237
9 7 0.030252 0.026457 0.014237
9 8 0.033751 0.026457 0.014237
9 9 0.037928 0.026457 0.014237
9 10 0.039395 0.026457 0.014237
9 11 0.038605 0.026457 0.014237
9 12 0.038153 0.026457 0.014237
9 13 0.035783 0.026457 0.014237
9 14 0.033412 0.026457 0.014237
9 15 0.033074 0.026457 0.014237
9 16 0.030929 0.026457 0.014237
9 17 0.028333 0.026457 0.014237
9 18 0.021899 0.026457 0.014237
9 19 0.018964 0.026457 0.014237
9 20 0.015577 0.026457 0.014237
10 0 0.020657 0.026457 0.014237
10 1 0.021447 0.026457 0.014237
10 2 0.020996 0.026457 0.014237
10 3 0.021786 0.026457 0.014237
10 4 0.024043 0.026457 0.014237
10 5 0.027091 0.026457 0.014237
10 6 0.030703 0.026457 0.014237
10 7 0.032735 0.026457 0.014237
10 8 0.038040 0.026457 0.014237
10 9 0.040524 0.026457 0.014237
10 10 0.041878 0.026457 0.014237
10 11 0.040637 0.026457 0.014237
10 12 0.037928 0.026457 0.014237
10 13 0.036799 0.026457 0.014237
10 14 0.034654 0.026457 0.014237
10 15 0.031719 0.026457 0.014237
10 16 0.028897 0.026457 0.014237
10 17 0.024608 0.026457 0.014237
10 18 0.020657 0.026457 0.014237
10 19 0.018286 0.026457 0.014237
10 20 0.015352 0.026457 0.014237
11 0 0.023818 0.026457 0.014237
11 1 0.025059 0.026457 0.014237
11 2 0.023366 0.026457 0.014237
11 3 0.024946 0.026457 0.014237
11 4 0.028446 0.026457 0.014237
11 5 0.031832 0.026457 0.014237
11 6 0.033412 0.026457 0.014237
11 7 0.034767 0.026457 0.014237
11 8 0.039734 0.026457 0.014237
11 9 0.041201 0.026457 0.014237
11 10 0.041765 0.026457 0.014237
11 11 0.037815 0.026457 0.014237
11 12 0.035783 0.026457 0.014237
11 13 0.030703 0.026457 0.014237
11 14 0.030703 0.026457 0.014237
11 15 0.027091 0.026457 0.014237
11 16 0.023818 0.026457 0.014237
11 17 0.021221 0.026457 0.014237
11 18 0.017496 0.026457 0.014237
11 19 0.016706 0.026457 0.014237
11 20 0.014449 0.026457 0.014237
12 0 0.027768 0.026457 0.014237
12 1 0.028446 0.026457 0.014237
12 2 0.029574 0.026457 0.014237
12 3 0.029123 0.026457 0.014237
12 4 0.030703 0.026457 0.014237
12 5 0.032171 0.026457 0.014237
12 6 0.032622 0.026457 0.014237
12 7 0.033638 0.026457 0.014237
12 8 0.036347 0.026457 0.014237
12 9 0.040411 0.026457 0.014237
12 10 0.041088 0.026457 0.014237
12 11 0.036799 0.026457 0.014237
12 12 0.034541 0.026457 0.014237
12 13 0.030703 0.026457 0.014237
12 14 0.026865 0.026457 0.014237
12 15 0.023592 0.026457 0.014237
12 16 0.020431 0.026457 0.014237
12 17 0.017835 0.026457 0.014237
12 18 0.014561 0.026457 0.014237
12 19 0.012755 0.026457 0.014237
12 20 0.012755 0.026457 0.014237
13 0 0.031268 0.026457 0.014237
13 1 0.036799 0.026457 0.014237
13 2 0.034203 0.026457 0.014237
13 3 0.032396 0.026457 0.014237
13 4 0.034315 0.026457 0.014237
13 5 0.032848 0.026457 0.014237
13 6 0.033977 0.026457 0.014237
13 7 0.033525 0.026457 0.014237
13 8 0.035218 0.026457 0.014237
13 9 0.038605 0.026457 0.014237
13 10 0.037476 0.026457 0.014237
13 11 0.036347 0.026457 0.014237
13 12 0.031719 0.026457 0.014237
13 13 0.026752 0.026457 0.014237
13 14 0.024269 0.026457 0.014237
13 15 0.020205 0.026457 0.014237
13 16 0.015916 0.026457 0.014237
13 17 0.012981 0.026457 0.014237
13 18 0.011852 0.026457 0.014237
13 19 0.010046 0.026457 0.014237
13 20 0.009933 0.026457 0.014237
14 0 0.039056 0.026457 0.014237
14 1 0.040862 0.026457 0.014237
14 2 0.040524 0.026457 0.014237
14 3 0.036912 0.026457 0.014237
14 4 0.035331 0.026457 0.014237
14 5 0.034315 0.026457 0.014237
14 6 0.035444 0.026457 0.014237
14 7 0.035106 0.026457 0.014237
14 8 0.035444 0.026457 0.014237
14 9 0.036799 0.026457 0.014237
14 10 0.036234 0.026457 0.014237
14 11 0.033074 0.026457 0.014237
14 12 0.028784 0.026457 0.014237
14 13 0.023366 0.026457 0.014237
14 14 0.019641 0.026457 0.014237
14 15 0.016255 0.026457 0.014237
14 16 0.011627 0.026457 0.014237
14 17 0.009143 0.026457 0.014237
14 18 0.006434 0.026457 0.014237
14 19 0.006321 0.026457 0.014237
14 20 0.007563 0.026457 0.014237
15 0 0.044136 0.026457 0.014237
15 1 0.046845 0.026457 0.014237
15 2 0.046958 0.026457 0.014237
15 3 0.039508 0.026457 0.014237
15 4 0.036347 0.026457 0.014237
15 5 0.035896 0.026457 0.014237
15 6 0.035783 0.026457 0.014237
15 7 0.032284 0.026457 0.014237
15 8 0.035670 0.026457 0.014237
15 9 0.034993 0.026457 0.014237
15 10 0.034880 0.026457 0.014237
15 11 0.031493 0.026457 0.014237
15 12 0.025398 0.026457 0.014237
15 13 0.021334 0.026457 0.014237
15 14 0.017158 0.026457 0.014237
15 15 0.013546 0.026457 0.014237
15 16 0.008353 0.026457 0.014237
15 17 0.006547 0.026457 0.014237
15 18 0.003838 0.026457 0.014237
15 19 0.002709 0.026457 0.014237
15 20 0.003951 0.026457 0.014237
16 0 0.050570 0.026457 0.014237
16 1 0.054295 0.026457 0.014237
16 2 0.052715 0.026457 0.014237
16 3 0.043459 0.026457 0.014237
16 4 0.039056 0.026457 0.014237
16 5 0.033525 0.026457 0.014237
16 6 0.033751 0.026457 0.014237
16 7 0.032848 0.026457 0.014237
16 8 0.032509 0.026457 0.014237
16 9 0.031945 0.026457 0.014237
16 10 0.030252 0.026457 0.014237
16 11 0.025849 0.026457 0.014237
16 12 0.021108 0.026457 0.014237
16 13 0.017948 0.026457 0.014237
16 14 0.013433 0.026457 0.014237
16 15 0.009933 0.026457 0.014237
16 16 0.006095 0.026457 0.014237
16 17 0.004967 0.026457 0.014237
16 18 0.003161 0.026457 0.014237
16 19 0.001580 0.026457 0.014237
16 20 0.003048 0.026457 0.014237
17 0 0.055763 0.026457 0.014237
17 1 0.060503 0.026457 0.014237
17 2 0.055198 0.026457 0.014237
17 3 0.046845 0.026457 0.014237
17 4 0.039282 0.026457 0.014237
17 5 0.031832 0.026457 0.014237
17 6 0.029462 0.026457 0.014237
17 7 0.027881 0.026457 0.014237
17 8 0.030139 0.026457 0.014237
17 9 0.028220 0.026457 0.014237
17 10 0.026188 0.026457 0.014237
17 11 0.022463 0.026457 0.014237
17 12 0.018738 0.026457 0.014237
17 13 0.014336 0.026457 0.014237
17 14 0.009369 0.026457 0.014237
17 15 0.007337 0.026457 0.014237
17 16 0.005080 0.026457 0.014237
17 17 0.003499 0.026457 0.014237
17 18 0.002032 0.026457 0.014237
17 19 0.001580 0.026457 0.014237
17 20 0.001919 0.026457 0.014237
18 0 0.058810 0.026457 0.014237
18 1 0.062761 0.026457 0.014237
18 2 0.057117 0.026457 0.014237
18 3 0.044926 0.026457 0.014237
18 4 0.036009 0.026457 0.014237
18 5 0.029462 0.026457 0.014237
18 6 0.024495 0.026457 0.014237
18 7 0.024156 0.026457 0.014237
18 8 0.025172 0.026457 0.014237
18 9 0.024043 0.026457 0.014237
18 10 0.022012 0.026457 0.014237
18 11 0.018399 0.026457 0.014237
18 12 0.015239 0.026457 0.014237
18 13 0.011175 0.026457 0.014237
18 14 0.007337 0.026457 0.014237
18 15 0.005531 0.026457 0.014237
18 16 0.004064 0.026457 0.014237
18 17 0.002145 0.026457 0.014237
18 18 0.001580 0.026457 0.014237
18 19 0.001242 0.026457 0.014237
18 20 0.002483 0.026457 0.014237
19 0 0.054634 0.026457 0.014237
19 1 0.057230 0.026457 0.014237
19 2 0.050119 0.026457 0.014237
19 3 0.039846 0.026457 0.014237
19 4 0.028784 0.026457 0.014237
19 5 0.023140 0.026457 0.014237
19 6 0.020770 0.026457 0.014237
19 7 0.020544 0.026457 0.014237
19 8 0.019754 0.026457 0.014237
19 9 0.019641 0.026457 0.014237
19 10 0.017948 0.026457 0.014237
19 11 0.015239 0.026457 0.014237
19 12 0.012191 0.026457 0.014237
19 13 0.010272 0.026457 0.014237
19 14 0.007111 0.026457 0.014237
19 15 0.004741 0.026457 0.014237
19 16 0.003386 0.026457 0.014237
19 17 0.002596 0.026457 0.014237
19 18 0.001467 0.026457 0.014237
19 19 0.001919 0.026457 0.014237
19 20 0.001806 0.026457 0.014237
20 0 0.047071 0.026457 0.014237
20 1 0.047748 0.026457 0.014237
20 2 0.042443 0.026457 0.014237
20 3 0.033299 0.026457 0.014237
20 4 0.026978 0.026457 0.014237
20 5 0.020883 0.026457 0.014237
20 6 0.017383 0.026457 0.014237
20 7 0.016593 0.026457 0.014237
20 8 0.016593 0.026457 0.014237
20 9 0.017496 0.026457 0.014237
20 10 0.015464 0.026457 0.014237
20 11 0.013320 0.026457 0.014237
20 12 0.012078 0.026457 0.014237
20 13 0.010159 0.026457 0.014237
20 14 0.007902 0.026457 0.014237
20 15 0.005418 0.026457 0.014237
20 16 0.004289 0.026457 0.014237
20 17 0.003499 0.026457 0.014237
20 18 0.002935 0.026457 0.014237
20 19 0.002596 0.026457 0.014237
20 20 0.003274 0.026457 0.014237
