# contact distance = 12.0 Angstroms
# F = 0.4 kJ/mol

# i j contact_probability mean_contact_probability stddev_contact_probability
0 0 0.008269 0.016580 0.010110
0 1 0.006964 0.016580 0.010110
0 2 0.005223 0.016580 0.010110
0 3 0.004787 0.016580 0.010110
0 4 0.004497 0.016580 0.010110
0 5 0.005368 0.016580 0.010110
0 6 0.007544 0.016580 0.010110
0 7 0.006819 0.016580 0.010110
0 8 0.008124 0.016580 0.010110
0 9 0.009575 0.016580 0.010110
0 10 0.011461 0.016580 0.010110
0 11 0.013202 0.016580 0.010110
0 12 0.014943 0.016580 0.010110
0 13 0.021761 0.016580 0.010110
0 14 0.026259 0.016580 0.010110
0 15 0.029450 0.016580 0.010110
0 16 0.036124 0.016580 0.010110
0 17 0.037719 0.016580 0.010110
0 18 0.036269 0.016580 0.010110
0 19 0.033657 0.016580 0.010110
0 20 0.030321 0.016580 0.010110
1 0 0.006528 0.016580 0.010110
1 1 0.004497 0.016580 0.010110
1 2 0.003482 0.016580 0.010110
1 3 0.003917 0.016580 0.010110
1 4 0.003482 0.016580 0.010110
1 5 0.006238 0.016580 0.010110
1 6 0.006383 0.016580 0.010110
1 7 0.006383 0.016580 0.010110
1 8 0.006964 0.016580 0.010110
1 9 0.009140 0.016580 0.010110
1 10 0.010445 0.016580 0.010110
1 11 0.012186 0.016580 0.010110
1 12 0.016248 0.016580 0.010110
1 13 0.021326 0.016580 0.010110
1 14 0.026549 0.016580 0.010110
1 15 0.034528 0.016580 0.010110
1 16 0.041201 0.016580 0.010110
1 17 0.044103 0.016580 0.010110
1 18 0.043522 0.016580 0.010110
1 19 0.039896 0.016580 0.010110
1 20 0.033512 0.016580 0.010110
2 0 0.006093 0.016580 0.010110
2 1 0.003772 0.016580 0.010110
2 2 0.003772 0.016580 0.010110
2 3 0.003047 0.016580 0.010110
2 4 0.004352 0.016580 0.010110
2 5 0.005658 0.016580 0.010110
2 6 0.006528 0.016580 0.010110
2 7 0.006819 0.016580 0.010110
2 8 0.008414 0.016580 0.010110
2 9 0.010010 0.016580 0.010110
2 10 0.010881 0.016580 0.010110
2 11 0.012622 0.016580 0.010110
2 12 0.018570 0.016580 0.010110
2 13 0.022487 0.016580 0.010110
2 14 0.028870 0.016580 0.010110
2 15 0.035979 0.016580 0.010110
2 16 0.040476 0.016580 0.010110
2 17 0.046424 0.016580 0.010110
2 18 0.044973 0.016580 0.010110
2 19 0.041782 0.016580 0.010110
2 20 0.035253 0.016580 0.010110
3 0 0.007544 0.016580 0.010110
3 1 0.004787 0.016580 0.010110
3 2 0.003192 0.016580 0.010110
3 3 0.002901 0.016580 0.010110
3 4 0.002756 0.016580 0.010110
3 5 0.006383 0.016580 0.010110
3 6 0.007689 0.016580 0.010110
3 7 0.008414 0.016580 0.010110
3 8 0.008124 0.016580 0.010110
3 9 0.009865 0.016580 0.010110
3 10 0.010445 0.016580 0.010110
3 11 0.013202 0.016580 0.010110
3 12 0.019295 0.016580 0.010110
3 13 0.024082 0.016580 0.010110
3 14 0.027999 0.016580 0.010110
3 15 0.033367 0.016580 0.010110
3 16 0.039605 0.016580 0.010110
3 17 0.044103 0.016580 0.010110
3 18 0.043522 0.016580 0.010110
3 19 0.039750 0.016580 0.010110
3 20 0.032497 0.016580 0.010110
4 0 0.007399 0.016580 0.010110
4 1 0.004642 0.016580 0.010110
4 2 0.004497 0.016580 0.010110
4 3 0.004352 0.016580 0.010110
4 4 0.004352 0.016580 0.010110
4 5 0.007544 0.016580 0.010110
4 6 0.008704 0.016580 0.010110
4 7 0.009430 0.016580 0.010110
4 8 0.008850 0.016580 0.010110
4 9 0.010445 0.016580 0.010110
4 10 0.012912 0.016580 0.010110
4 11 0.015813 0.016580 0.010110
4 12 0.019875 0.016580 0.010110
4 13 0.023937 0.016580 0.010110
4 14 0.025098 0.016580 0.010110
4 15 0.031771 0.016580 0.010110
4 16 0.036414 0.016580 0.010110
4 17 0.037139 0.016580 0.010110
4 18 0.036269 0.016580 0.010110
4 19 0.033802 0.016580 0.010110
4 20 0.027274 0.016580 0.010110
5 0 0.007979 0.016580 0.010110
5 1 0.006673 0.016580 0.010110
5 2 0.006383 0.016580 0.010110
5 3 0.006383 0.016580 0.010110
5 4 0.007254 0.016580 0.010110
5 5 0.009720 0.016580 0.010110
5 6 0.010736 0.016580 0.010110
5 7 0.011751 0.016580 0.010110
5 8 0.012331 0.016580 0.010110
5 9 0.010590 0.016580 0.010110
5 10 0.012622 0.016580 0.010110
5 11 0.017264 0.016580 0.010110
5 12 0.021326 0.016580 0.010110
5 13 0.023792 0.016580 0.010110
5 14 0.025533 0.016580 0.010110
5 15 0.027129 0.016580 0.010110
5 16 0.029595 0.016580 0.010110
5 17 0.028870 0.016580 0.010110
5 18 0.029160 0.016580 0.010110
5 19 0.027564 0.016580 0.010110
5 20 0.021036 0.016580 0.010110
6 0 0.010300 0.016580 0.010110
6 1 0.008995 0.016580 0.010110
6 2 0.006964 0.016580 0.010110
6 3 0.007544 0.016580 0.010110
6 4 0.007979 0.016580 0.010110
6 5 0.011316 0.016580 0.010110
6 6 0.014072 0.016580 0.010110
6 7 0.013492 0.016580 0.010110
6 8 0.013347 0.016580 0.010110
6 9 0.012186 0.016580 0.010110
6 10 0.015523 0.016580 0.010110
6 11 0.019150 0.016580 0.010110
6 12 0.022632 0.016580 0.010110
6 13 0.024082 0.016580 0.010110
6 14 0.022196 0.016580 0.010110
6 15 0.022487 0.016580 0.010110
6 16 0.022196 0.016580 0.010110
6 17 0.020746 0.016580 0.010110
6 18 0.020891 0.016580 0.010110
6 19 0.021036 0.016580 0.010110
6 20 0.018279 0.016580 0.010110
7 0 0.012767 0.016580 0.010110
7 1 0.011171 0.016580 0.010110
7 2 0.009865 0.016580 0.010110
7 3 0.009430 0.016580 0.010110
7 4 0.010736 0.016580 0.010110
7 5 0.012476 0.016580 0.010110
7 6 0.014507 0.016580 0.010110
7 7 0.016393 0.016580 0.010110
7 8 0.015668 0.016580 0.010110
7 9 0.014362 0.016580 0.010110
7 10 0.016103 0.016580 0.010110
7 11 0.015813 0.016580 0.010110
7 12 0.019440 0.016580 0.010110
7 13 0.017409 0.016580 0.010110
7 14 0.017699 0.016580 0.010110
7 15 0.017989 0.016580 0.010110
7 16 0.018570 0.016580 0.010110
7 17 0.016393 0.016580 0.010110
7 18 0.015813 0.016580 0.010110
7 19 0.015088 0.016580 0.010110
7 20 0.014653 0.016580 0.010110
8 0 0.012767 0.016580 0.010110
8 1 0.013057 0.016580 0.010110
8 2 0.010590 0.016580 0.010110
8 3 0.008995 0.016580 0.010110
8 4 0.009720 0.016580 0.010110
8 5 0.012622 0.016580 0.010110
8 6 0.015378 0.016580 0.010110
8 7 0.017409 0.016580 0.010110
8 8 0.015958 0.016580 0.010110
8 9 0.015378 0.016580 0.010110
8 10 0.016539 0.016580 0.010110
8 11 0.016684 0.016580 0.010110
8 12 0.017264 0.016580 0.010110
8 13 0.015668 0.016580 0.010110
8 14 0.015958 0.016580 0.010110
8 15 0.016539 0.016580 0.010110
8 16 0.014943 0.016580 0.010110
8 17 0.013202 0.016580 0.010110
8 18 0.013347 0.016580 0.010110
8 19 0.013347 0.016580 0.010110
8 20 0.012622 0.016580 0.010110
9 0 0.013057 0.016580 0.010110
9 1 0.010881 0.016580 0.010110
9 2 0.010300 0.016580 0.010110
9 3 0.009285 0.016580 0.010110
9 4 0.010445 0.016580 0.010110
9 5 0.011896 0.016580 0.010110
9 6 0.014362 0.016580 0.010110
9 7 0.015813 0.016580 0.010110
9 8 0.018424 0.016580 0.010110
9 9 0.018424 0.016580 0.010110
9 10 0.017119 0.016580 0.010110
9 11 0.016684 0.016580 0.010110
9 12 0.015958 0.016580 0.010110
9 13 0.015378 0.016580 0.010110
9 14 0.014507 0.016580 0.010110
9 15 0.015958 0.016580 0.010110
9 16 0.014072 0.016580 0.010110
9 17 0.012912 0.016580 0.010110
9 18 0.012186 0.016580 0.010110
9 19 0.011751 0.016580 0.010110
9 20 0.012767 0.016580 0.010110
10 0 0.011896 0.016580 0.010110
10 1 0.011896 0.016580 0.010110
10 2 0.011751 0.016580 0.010110
10 3 0.013057 0.016580 0.010110
10 4 0.012622 0.016580 0.010110
10 5 0.014217 0.016580 0.010110
10 6 0.016103 0.016580 0.010110
10 7 0.018134 0.016580 0.010110
10 8 0.019730 0.016580 0.010110
10 9 0.020746 0.016580 0.010110
10 10 0.018424 0.016580 0.010110
10 11 0.018279 0.016580 0.010110
10 12 0.017844 0.016580 0.010110
10 13 0.016829 0.016580 0.010110
10 14 0.014653 0.016580 0.010110
10 15 0.016539 0.016580 0.010110
10 16 0.012767 0.016580 0.010110
10 17 0.011461 0.016580 0.010110
10 18 0.008995 0.016580 0.010110
10 19 0.010300 0.016580 0.010110
10 20 0.010300 0.016580 0.010110
11 0 0.015958 0.016580 0.010110
11 1 0.017409 0.016580 0.010110
11 2 0.016248 0.016580 0.010110
11 3 0.016539 0.016580 0.010110
11 4 0.017119 0.016580 0.010110
11 5 0.018279 0.016580 0.010110
11 6 0.018279 0.016580 0.010110
11 7 0.018424 0.016580 0.010110
11 8 0.018715 0.016580 0.010110
11 9 0.019875 0.016580 0.010110
11 10 0.019295 0.016580 0.010110
11 11 0.018570 0.016580 0.010110
11 12 0.017699 0.016580 0.010110
11 13 0.017264 0.016580 0.010110
11 14 0.015233 0.016580 0.010110
11 15 0.015233 0.016580 0.010110
11 16 0.013782 0.016580 0.010110
11 17 0.011316 0.016580 0.010110
11 18 0.009865 0.016580 0.010110
11 19 0.010445 0.016580 0.010110
11 20 0.009285 0.016580 0.010110
12 0 0.019295 0.016580 0.010110
12 1 0.018424 0.016580 0.010110
12 2 0.019585 0.016580 0.010110
12 3 0.019440 0.016580 0.010110
12 4 0.017554 0.016580 0.010110
12 5 0.019440 0.016580 0.010110
12 6 0.021181 0.016580 0.010110
12 7 0.020310 0.016580 0.010110
12 8 0.020601 0.016580 0.010110
12 9 0.019585 0.016580 0.010110
12 10 0.019005 0.016580 0.010110
12 11 0.017409 0.016580 0.010110
12 12 0.017409 0.016580 0.010110
12 13 0.013637 0.016580 0.010110
12 14 0.014798 0.016580 0.010110
12 15 0.015088 0.016580 0.010110
12 16 0.012041 0.016580 0.010110
12 17 0.010736 0.016580 0.010110
12 18 0.011026 0.016580 0.010110
12 19 0.009285 0.016580 0.010110
12 20 0.008269 0.016580 0.010110
13 0 0.023792 0.016580 0.010110
13 1 0.023357 0.016580 0.010110
13 2 0.025388 0.016580 0.010110
13 3 0.025098 0.016580 0.010110
13 4 0.022777 0.016580 0.010110
13 5 0.023937 0.016580 0.010110
13 6 0.023502 0.016580 0.010110
13 7 0.022777 0.016580 0.010110
13 8 0.020891 0.016580 0.010110
13 9 0.018715 0.016580 0.010110
13 10 0.016539 0.016580 0.010110
13 11 0.015958 0.016580 0.010110
13 12 0.015088 0.016580 0.010110
13 13 0.012912 0.016580 0.010110
13 14 0.013347 0.016580 0.010110
13 15 0.011896 0.016580 0.010110
13 16 0.010300 0.016580 0.010110
13 17 0.007979 0.016580 0.010110
13 18 0.008124 0.016580 0.010110
13 19 0.009430 0.016580 0.010110
13 20 0.009430 0.016580 0.010110
14 0 0.025533 0.016580 0.010110
14 1 0.027129 0.016580 0.010110
14 2 0.028870 0.016580 0.010110
14 3 0.028870 0.016580 0.010110
14 4 0.030176 0.016580 0.010110
14 5 0.028870 0.016580 0.010110
14 6 0.025678 0.016580 0.010110
14 7 0.022777 0.016580 0.010110
14 8 0.021181 0.016580 0.010110
14 9 0.017554 0.016580 0.010110
14 10 0.014943 0.016580 0.010110
14 11 0.013927 0.016580 0.010110
14 12 0.013202 0.016580 0.010110
14 13 0.012041 0.016580 0.010110
14 14 0.011896 0.016580 0.010110
14 15 0.010155 0.016580 0.010110
14 16 0.009575 0.016580 0.010110
14 17 0.007979 0.016580 0.010110
14 18 0.007689 0.016580 0.010110
14 19 0.007689 0.016580 0.010110
14 20 0.008124 0.016580 0.010110
15 0 0.030756 0.016580 0.010110
15 1 0.032932 0.016580 0.010110
15 2 0.035108 0.016580 0.010110
15 3 0.035253 0.016580 0.010110
15 4 0.034383 0.016580 0.010110
15 5 0.032207 0.016580 0.010110
15 6 0.027709 0.016580 0.010110
15 7 0.022487 0.016580 0.010110
15 8 0.018570 0.016580 0.010110
15 9 0.015378 0.016580 0.010110
15 10 0.013347 0.016580 0.010110
15 11 0.012476 0.016580 0.010110
15 12 0.013347 0.016580 0.010110
15 13 0.011896 0.016580 0.010110
15 14 0.010155 0.016580 0.010110
15 15 0.008559 0.016580 0.010110
15 16 0.007979 0.016580 0.010110
15 17 0.007109 0.016580 0.010110
15 18 0.005368 0.016580 0.010110
15 19 0.005658 0.016580 0.010110
15 20 0.006528 0.016580 0.010110
16 0 0.033657 0.016580 0.010110
16 1 0.038010 0.016580 0.010110
16 2 0.039460 0.016580 0.010110
16 3 0.041491 0.016580 0.010110
16 4 0.038010 0.016580 0.010110
16 5 0.034528 0.016580 0.010110
16 6 0.025823 0.016580 0.010110
16 7 0.020891 0.016580 0.010110
16 8 0.014072 0.016580 0.010110
16 9 0.012476 0.016580 0.010110
16 10 0.012041 0.016580 0.010110
16 11 0.011896 0.016580 0.010110
16 12 0.010881 0.016580 0.010110
16 13 0.009430 0.016580 0.010110
16 14 0.007979 0.016580 0.010110
16 15 0.007254 0.016580 0.010110
16 16 0.006238 0.016580 0.010110
16 17 0.005368 0.016580 0.010110
16 18 0.004207 0.016580 0.010110
16 19 0.005803 0.016580 0.010110
16 20 0.005658 0.016580 0.010110
17 0 0.035398 0.016580 0.010110
17 1 0.040766 0.016580 0.010110
17 2 0.041056 0.016580 0.010110
17 3 0.042507 0.016580 0.010110
17 4 0.039750 0.016580 0.010110
17 5 0.031626 0.016580 0.010110
17 6 0.023647 0.016580 0.010110
17 7 0.017554 0.016580 0.010110
17 8 0.012476 0.016580 0.010110
17 9 0.009430 0.016580 0.010110
17 10 0.009285 0.016580 0.010110
17 11 0.009720 0.016580 0.010110
17 12 0.009865 0.016580 0.010110
17 13 0.008559 0.016580 0.010110
17 14 0.006964 0.016580 0.010110
17 15 0.006383 0.016580 0.010110
17 16 0.005658 0.016580 0.010110
17 17 0.004497 0.016580 0.010110
17 18 0.004787 0.016580 0.010110
17 19 0.005368 0.016580 0.010110
17 20 0.005368 0.016580 0.010110
18 0 0.034238 0.016580 0.010110
18 1 0.040476 0.016580 0.010110
18 2 0.040041 0.016580 0.010110
18 3 0.039750 0.016580 0.010110
18 4 0.034673 0.016580 0.010110
18 5 0.029305 0.016580 0.010110
18 6 0.021471 0.016580 0.010110
18 7 0.014653 0.016580 0.010110
18 8 0.011316 0.016580 0.010110
18 9 0.009430 0.016580 0.010110
18 10 0.008269 0.016580 0.010110
18 11 0.008269 0.016580 0.010110
18 12 0.008559 0.016580 0.010110
18 13 0.008269 0.016580 0.010110
18 14 0.006964 0.016580 0.010110
18 15 0.006673 0.016580 0.010110
18 16 0.006093 0.016580 0.010110
18 17 0.005368 0.016580 0.010110
18 18 0.005078 0.016580 0.010110
18 19 0.005223 0.016580 0.010110
18 20 0.005658 0.016580 0.010110
19 0 0.032787 0.016580 0.010110
19 1 0.036124 0.016580 0.010110
19 2 0.036414 0.016580 0.010110
19 3 0.034818 0.016580 0.010110
19 4 0.031626 0.016580 0.010110
19 5 0.024518 0.016580 0.010110
19 6 0.019730 0.016580 0.010110
19 7 0.015233 0.016580 0.010110
19 8 0.010736 0.016580 0.010110
19 9 0.010445 0.016580 0.010110
19 10 0.009575 0.016580 0.010110
19 11 0.008704 0.016580 0.010110
19 12 0.008414 0.016580 0.010110
19 13 0.008559 0.016580 0.010110
19 14 0.007689 0.016580 0.010110
19 15 0.006964 0.016580 0.010110
19 16 0.006093 0.016580 0.010110
19 17 0.004642 0.016580 0.010110
19 18 0.004933 0.016580 0.010110
19 19 0.004787 0.016580 0.010110
19 20 0.004933 0.016580 0.010110
20 0 0.026549 0.016580 0.010110
20 1 0.030030 0.016580 0.010110
20 2 0.030030 0.016580 0.010110
20 3 0.029015 0.016580 0.010110
20 4 0.024373 0.016580 0.010110
20 5 0.021906 0.016580 0.010110
20 6 0.017699 0.016580 0.010110
20 7 0.014072 0.016580 0.010110
20 8 0.012476 0.016580 0.010110
20 9 0.009720 0.016580 0.010110
20 10 0.007834 0.016580 0.010110
20 11 0.009140 0.016580 0.010110
20 12 0.007399 0.016580 0.010110
20 13 0.005803 0.016580 0.010110
20 14 0.005658 0.016580 0.010110
20 15 0.005803 0.016580 0.010110
20 16 0.005513 0.016580 0.010110
20 17 0.004933 0.016580 0.010110
20 18 0.004933 0.016580 0.010110
20 19 0.005078 0.016580 0.010110
20 20 0.005368 0.016580 0.010110
