# contact distance = 12.0 Angstroms
# F = 0.4 kJ/mol

# i j contact_probability mean_contact_probability stddev_contact_probability
0 0 0.006345 0.021906 0.010416
0 1 0.005460 0.021906 0.010416
0 2 0.004722 0.021906 0.010416
0 3 0.005165 0.021906 0.010416
0 4 0.006050 0.021906 0.010416
0 5 0.006197 0.021906 0.010416
0 6 0.007968 0.021906 0.010416
0 7 0.010772 0.021906 0.010416
0 8 0.014018 0.021906 0.010416
0 9 0.015346 0.021906 0.010416
0 10 0.016379 0.021906 0.010416
0 11 0.019773 0.021906 0.010416
0 12 0.019183 0.021906 0.010416
0 13 0.020511 0.021906 0.010416
0 14 0.022724 0.021906 0.010416
0 15 0.024495 0.021906 0.010416
0 16 0.026118 0.021906 0.010416
0 17 0.030544 0.021906 0.010416
0 18 0.029954 0.021906 0.010416
0 19 0.029659 0.021906 0.010416
0 20 0.028184 0.021906 0.010416
1 0 0.007230 0.021906 0.010416
1 1 0.005165 0.021906 0.010416
1 2 0.004132 0.021906 0.010416
1 3 0.004279 0.021906 0.010416
1 4 0.004279 0.021906 0.010416
1 5 0.004279 0.021906 0.010416
1 6 0.006788 0.021906 0.010416
1 7 0.009739 0.021906 0.010416
1 8 0.013723 0.021906 0.010416
1 9 0.015198 0.021906 0.010416
1 10 0.018150 0.021906 0.010416
1 11 0.018740 0.021906 0.010416
1 12 0.019183 0.021906 0.010416
1 13 0.019330 0.021906 0.010416
1 14 0.023019 0.021906 0.010416
1 15 0.026118 0.021906 0.010416
1 16 0.029659 0.021906 0.010416
1 17 0.030692 0.021906 0.010416
1 18 0.032610 0.021906 0.010416
1 19 0.031873 0.021906 0.010416
1 20 0.031135 0.021906 0.010416
2 0 0.005607 0.021906 0.010416
2 1 0.003541 0.021906 0.010416
2 2 0.002213 0.021906 0.010416
2 3 0.002804 0.021906 0.010416
2 4 0.003394 0.021906 0.010416
2 5 0.004574 0.021906 0.010416
2 6 0.007673 0.021906 0.010416
2 7 0.010919 0.021906 0.010416
2 8 0.013428 0.021906 0.010416
2 9 0.014756 0.021906 0.010416
2 10 0.016231 0.021906 0.010416
2 11 0.017707 0.021906 0.010416
2 12 0.018002 0.021906 0.010416
2 13 0.018592 0.021906 0.010416
2 14 0.021986 0.021906 0.010416
2 15 0.026413 0.021906 0.010416
2 16 0.029069 0.021906 0.010416
2 17 0.031725 0.021906 0.010416
2 18 0.034381 0.021906 0.010416
2 19 0.035414 0.021906 0.010416
2 20 0.033643 0.021906 0.010416
3 0 0.005607 0.021906 0.010416
3 1 0.003689 0.021906 0.010416
3 2 0.001918 0.021906 0.010416
3 3 0.002804 0.021906 0.010416
3 4 0.003394 0.021906 0.010416
3 5 0.004574 0.021906 0.010416
3 6 0.008411 0.021906 0.010416
3 7 0.010624 0.021906 0.010416
3 8 0.015641 0.021906 0.010416
3 9 0.018002 0.021906 0.010416
3 10 0.018002 0.021906 0.010416
3 11 0.019035 0.021906 0.010416
3 12 0.018887 0.021906 0.010416
3 13 0.018297 0.021906 0.010416
3 14 0.022871 0.021906 0.010416
3 15 0.027446 0.021906 0.010416
3 16 0.030102 0.021906 0.010416
3 17 0.032905 0.021906 0.010416
3 18 0.034381 0.021906 0.010416
3 19 0.034971 0.021906 0.010416
3 20 0.035857 0.021906 0.010416
4 0 0.005312 0.021906 0.010416
4 1 0.004279 0.021906 0.010416
4 2 0.002804 0.021906 0.010416
4 3 0.002951 0.021906 0.010416
4 4 0.002804 0.021906 0.010416
4 5 0.004869 0.021906 0.010416
4 6 0.008116 0.021906 0.010416
4 7 0.011805 0.021906 0.010416
4 8 0.014461 0.021906 0.010416
4 9 0.017412 0.021906 0.010416
4 10 0.019035 0.021906 0.010416
4 11 0.019625 0.021906 0.010416
4 12 0.020806 0.021906 0.010416
4 13 0.022134 0.021906 0.010416
4 14 0.025675 0.021906 0.010416
4 15 0.027298 0.021906 0.010416
4 16 0.032020 0.021906 0.010416
4 17 0.034824 0.021906 0.010416
4 18 0.035561 0.021906 0.010416
4 19 0.035119 0.021906 0.010416
4 20 0.033053 0.021906 0.010416
5 0 0.007821 0.021906 0.010416
5 1 0.005902 0.021906 0.010416
5 2 0.005017 0.021906 0.010416
5 3 0.004279 0.021906 0.010416
5 4 0.004279 0.021906 0.010416
5 5 0.007083 0.021906 0.010416
5 6 0.010034 0.021906 0.010416
5 7 0.013133 0.021906 0.010416
5 8 0.015789 0.021906 0.010416
5 9 0.020363 0.021906 0.010416
5 10 0.020363 0.021906 0.010416
5 11 0.020953 0.021906 0.010416
5 12 0.022281 0.021906 0.010416
5 13 0.026265 0.021906 0.010416
5 14 0.029807 0.021906 0.010416
5 15 0.033053 0.021906 0.010416
5 16 0.033643 0.021906 0.010416
5 17 0.035414 0.021906 0.010416
5 18 0.034676 0.021906 0.010416
5 19 0.032020 0.021906 0.010416
5 20 0.032020 0.021906 0.010416
6 0 0.008853 0.021906 0.010416
6 1 0.008411 0.021906 0.010416
6 2 0.006197 0.021906 0.010416
6 3 0.006640 0.021906 0.010416
6 4 0.007968 0.021906 0.010416
6 5 0.008853 0.021906 0.010416
6 6 0.012985 0.021906 0.010416
6 7 0.015346 0.021906 0.010416
6 8 0.019773 0.021906 0.010416
6 9 0.021691 0.021906 0.010416
6 10 0.022871 0.021906 0.010416
6 11 0.022576 0.021906 0.010416
6 12 0.026265 0.021906 0.010416
6 13 0.030840 0.021906 0.010416
6 14 0.032020 0.021906 0.010416
6 15 0.032758 0.021906 0.010416
6 16 0.034529 0.021906 0.010416
6 17 0.033201 0.021906 0.010416
6 18 0.029659 0.021906 0.010416
6 19 0.030102 0.021906 0.010416
6 20 0.026413 0.021906 0.010416
7 0 0.011510 0.021906 0.010416
7 1 0.010477 0.021906 0.010416
7 2 0.009296 0.021906 0.010416
7 3 0.008411 0.021906 0.010416
7 4 0.010772 0.021906 0.010416
7 5 0.013575 0.021906 0.010416
7 6 0.015789 0.021906 0.010416
7 7 0.019920 0.021906 0.010416
7 8 0.023314 0.021906 0.010416
7 9 0.025232 0.021906 0.010416
7 10 0.026265 0.021906 0.010416
7 11 0.027298 0.021906 0.010416
7 12 0.029807 0.021906 0.010416
7 13 0.032905 0.021906 0.010416
7 14 0.036447 0.021906 0.010416
7 15 0.033938 0.021906 0.010416
7 16 0.032758 0.021906 0.010416
7 17 0.030102 0.021906 0.010416
7 18 0.028479 0.021906 0.010416
7 19 0.026708 0.021906 0.010416
7 20 0.023609 0.021906 0.010416
8 0 0.013723 0.021906 0.010416
8 1 0.012985 0.021906 0.010416
8 2 0.010919 0.021906 0.010416
8 3 0.010772 0.021906 0.010416
8 4 0.012395 0.021906 0.010416
8 5 0.016379 0.021906 0.010416
8 6 0.019625 0.021906 0.010416
8 7 0.023757 0.021906 0.010416
8 8 0.025970 0.021906 0.010416
8 9 0.026560 0.021906 0.010416
8 10 0.029512 0.021906 0.010416
8 11 0.031135 0.021906 0.010416
8 12 0.031873 0.021906 0.010416
8 13 0.036152 0.021906 0.010416
8 14 0.034824 0.021906 0.010416
8 15 0.034233 0.021906 0.010416
8 16 0.031282 0.021906 0.010416
8 17 0.028774 0.021906 0.010416
8 18 0.027298 0.021906 0.010416
8 19 0.026708 0.021906 0.010416
8 20 0.021543 0.021906 0.010416
9 0 0.016084 0.021906 0.010416
9 1 0.015494 0.021906 0.010416
9 2 0.013575 0.021906 0.010416
9 3 0.013575 0.021906 0.010416
9 4 0.013870 0.021906 0.010416
9 5 0.018002 0.021906 0.010416
9 6 0.022576 0.021906 0.010416
9 7 0.025232 0.021906 0.010416
9 8 0.029069 0.021906 0.010416
9 9 0.030397 0.021906 0.010416
9 10 0.032168 0.021906 0.010416
9 11 0.034233 0.021906 0.010416
9 12 0.036299 0.021906 0.010416
9 13 0.038660 0.021906 0.010416
9 14 0.035857 0.021906 0.010416
9 15 0.033643 0.021906 0.010416
9 16 0.029364 0.021906 0.010416
9 17 0.024495 0.021906 0.010416
9 18 0.025085 0.021906 0.010416
9 19 0.025823 0.021906 0.010416
9 20 0.022429 0.021906 0.010416
10 0 0.017264 0.021906 0.010416
10 1 0.015494 0.021906 0.010416
10 2 0.015051 0.021906 0.010416
10 3 0.014608 0.021906 0.010416
10 4 0.016084 0.021906 0.010416
10 5 0.018150 0.021906 0.010416
10 6 0.021543 0.021906 0.010416
10 7 0.025675 0.021906 0.010416
10 8 0.027888 0.021906 0.010416
10 9 0.030249 0.021906 0.010416
10 10 0.030544 0.021906 0.010416
10 11 0.035266 0.021906 0.010416
10 12 0.035119 0.021906 0.010416
10 13 0.037037 0.021906 0.010416
10 14 0.035119 0.021906 0.010416
10 15 0.033053 0.021906 0.010416
10 16 0.028921 0.021906 0.010416
10 17 0.025232 0.021906 0.010416
10 18 0.024495 0.021906 0.010416
10 19 0.021543 0.021906 0.010416
10 20 0.019773 0.021906 0.010416
11 0 0.015789 0.021906 0.010416
11 1 0.016084 0.021906 0.010416
11 2 0.016526 0.021906 0.010416
11 3 0.016969 0.021906 0.010416
11 4 0.016674 0.021906 0.010416
11 5 0.018592 0.021906 0.010416
11 6 0.020953 0.021906 0.010416
11 7 0.026265 0.021906 0.010416
11 8 0.029954 0.021906 0.010416
11 9 0.031873 0.021906 0.010416
11 10 0.031725 0.021906 0.010416
11 11 0.033643 0.021906 0.010416
11 12 0.034529 0.021906 0.010416
11 13 0.033791 0.021906 0.010416
11 14 0.034824 0.021906 0.010416
11 15 0.030544 0.021906 0.010416
11 16 0.025380 0.021906 0.010416
11 17 0.023757 0.021906 0.010416
11 18 0.023462 0.021906 0.010416
11 19 0.020658 0.021906 0.010416
11 20 0.016231 0.021906 0.010416
12 0 0.018592 0.021906 0.010416
12 1 0.018002 0.021906 0.010416
12 2 0.017117 0.021906 0.010416
12 3 0.019478 0.021906 0.010416
12 4 0.018297 0.021906 0.010416
12 5 0.020511 0.021906 0.010416
12 6 0.024642 0.021906 0.010416
12 7 0.028036 0.021906 0.010416
12 8 0.032905 0.021906 0.010416
12 9 0.032905 0.021906 0.010416
12 10 0.032758 0.021906 0.010416
12 11 0.033791 0.021906 0.010416
12 12 0.031873 0.021906 0.010416
12 13 0.033348 0.021906 0.010416
12 14 0.032020 0.021906 0.010416
12 15 0.028479 0.021906 0.010416
12 16 0.022871 0.021906 0.010416
12 17 0.020511 0.021906 0.010416
12 18 0.019773 0.021906 0.010416
12 19 0.017559 0.021906 0.010416
12 20 0.015198 0.021906 0.010416
13 0 0.018887 0.021906 0.010416
13 1 0.020363 0.021906 0.010416
13 2 0.021543 0.021906 0.010416
13 3 0.020658 0.021906 0.010416
13 4 0.023314 0.021906 0.010416
13 5 0.023609 0.021906 0.010416
13 6 0.026708 0.021906 0.010416
13 7 0.031577 0.021906 0.010416
13 8 0.037332 0.021906 0.010416
13 9 0.037332 0.021906 0.010416
13 10 0.035266 0.021906 0.010416
13 11 0.034381 0.021906 0.010416
13 12 0.034233 0.021906 0.010416
13 13 0.031282 0.021906 0.010416
13 14 0.030102 0.021906 0.010416
13 15 0.027151 0.021906 0.010416
13 16 0.020806 0.021906 0.010416
13 17 0.016674 0.021906 0.010416
13 18 0.016526 0.021906 0.010416
13 19 0.013575 0.021906 0.010416
13 20 0.012985 0.021906 0.010416
14 0 0.021248 0.021906 0.010416
14 1 0.024937 0.021906 0.010416
14 2 0.024937 0.021906 0.010416
14 3 0.026856 0.021906 0.010416
14 4 0.028036 0.021906 0.010416
14 5 0.030692 0.021906 0.010416
14 6 0.032168 0.021906 0.010416
14 7 0.035709 0.021906 0.010416
14 8 0.037332 0.021906 0.010416
14 9 0.038955 0.021906 0.010416
14 10 0.036594 0.021906 0.010416
14 11 0.034233 0.021906 0.010416
14 12 0.033496 0.021906 0.010416
14 13 0.030249 0.021906 0.010416
14 14 0.029216 0.021906 0.010416
14 15 0.023314 0.021906 0.010416
14 16 0.018445 0.021906 0.010416
14 17 0.015346 0.021906 0.010416
14 18 0.013428 0.021906 0.010416
14 19 0.010919 0.021906 0.010416
14 20 0.010477 0.021906 0.010416
15 0 0.021543 0.021906 0.010416
15 1 0.027593 0.021906 0.010416
15 2 0.030397 0.021906 0.010416
15 3 0.031873 0.021906 0.010416
15 4 0.031873 0.021906 0.010416
15 5 0.033938 0.021906 0.010416
15 6 0.036594 0.021906 0.010416
15 7 0.036742 0.021906 0.010416
15 8 0.036004 0.021906 0.010416
15 9 0.034676 0.021906 0.010416
15 10 0.032610 0.021906 0.010416
15 11 0.032463 0.021906 0.010416
15 12 0.028036 0.021906 0.010416
15 13 0.026413 0.021906 0.010416
15 14 0.023609 0.021906 0.010416
15 15 0.019478 0.021906 0.010416
15 16 0.014756 0.021906 0.010416
15 17 0.013133 0.021906 0.010416
15 18 0.011657 0.021906 0.010416
15 19 0.009296 0.021906 0.010416
15 20 0.008263 0.021906 0.010416
16 0 0.024052 0.021906 0.010416
16 1 0.027446 0.021906 0.010416
16 2 0.033348 0.021906 0.010416
16 3 0.037922 0.021906 0.010416
16 4 0.035857 0.021906 0.010416
16 5 0.036447 0.021906 0.010416
16 6 0.036889 0.021906 0.010416
16 7 0.034676 0.021906 0.010416
16 8 0.031430 0.021906 0.010416
16 9 0.028479 0.021906 0.010416
16 10 0.028331 0.021906 0.010416
16 11 0.024642 0.021906 0.010416
16 12 0.024199 0.021906 0.010416
16 13 0.022429 0.021906 0.010416
16 14 0.019478 0.021906 0.010416
16 15 0.016674 0.021906 0.010416
16 16 0.012100 0.021906 0.010416
16 17 0.011362 0.021906 0.010416
16 18 0.009001 0.021906 0.010416
16 19 0.008116 0.021906 0.010416
16 20 0.006935 0.021906 0.010416
17 0 0.026560 0.021906 0.010416
17 1 0.028331 0.021906 0.010416
17 2 0.035414 0.021906 0.010416
17 3 0.037332 0.021906 0.010416
17 4 0.037922 0.021906 0.010416
17 5 0.039250 0.021906 0.010416
17 6 0.036594 0.021906 0.010416
17 7 0.032020 0.021906 0.010416
17 8 0.029364 0.021906 0.010416
17 9 0.027298 0.021906 0.010416
17 10 0.024495 0.021906 0.010416
17 11 0.020068 0.021906 0.010416
17 12 0.020806 0.021906 0.010416
17 13 0.018592 0.021906 0.010416
17 14 0.014756 0.021906 0.010416
17 15 0.012838 0.021906 0.010416
17 16 0.011362 0.021906 0.010416
17 17 0.009149 0.021906 0.010416
17 18 0.007525 0.021906 0.010416
17 19 0.005902 0.021906 0.010416
17 20 0.005902 0.021906 0.010416
18 0 0.028331 0.021906 0.010416
18 1 0.033791 0.021906 0.010416
18 2 0.036594 0.021906 0.010416
18 3 0.040726 0.021906 0.010416
18 4 0.038955 0.021906 0.010416
18 5 0.040726 0.021906 0.010416
18 6 0.034824 0.021906 0.010416
18 7 0.029807 0.021906 0.010416
18 8 0.027888 0.021906 0.010416
18 9 0.026118 0.021906 0.010416
18 10 0.020363 0.021906 0.010416
18 11 0.019773 0.021906 0.010416
18 12 0.016231 0.021906 0.010416
18 13 0.015789 0.021906 0.010416
18 14 0.011510 0.021906 0.010416
18 15 0.010034 0.021906 0.010416
18 16 0.008706 0.021906 0.010416
18 17 0.006935 0.021906 0.010416
18 18 0.006788 0.021906 0.010416
18 19 0.005460 0.021906 0.010416
18 20 0.004427 0.021906 0.010416
19 0 0.032020 0.021906 0.010416
19 1 0.034086 0.021906 0.010416
19 2 0.040431 0.021906 0.010416
19 3 0.039841 0.021906 0.010416
19 4 0.039398 0.021906 0.010416
19 5 0.038070 0.021906 0.010416
19 6 0.034381 0.021906 0.010416
19 7 0.026856 0.021906 0.010416
19 8 0.023167 0.021906 0.010416
19 9 0.020363 0.021906 0.010416
19 10 0.017707 0.021906 0.010416
19 11 0.014903 0.021906 0.010416
19 12 0.013428 0.021906 0.010416
19 13 0.011805 0.021906 0.010416
19 14 0.010624 0.021906 0.010416
19 15 0.008411 0.021906 0.010416
19 16 0.008853 0.021906 0.010416
19 17 0.006197 0.021906 0.010416
19 18 0.005902 0.021906 0.010416
19 19 0.005017 0.021906 0.010416
19 20 0.003837 0.021906 0.010416
20 0 0.027888 0.021906 0.010416
20 1 0.032905 0.021906 0.010416
20 2 0.035414 0.021906 0.010416
20 3 0.038070 0.021906 0.010416
20 4 0.035857 0.021906 0.010416
20 5 0.034676 0.021906 0.010416
20 6 0.030544 0.021906 0.010416
20 7 0.023167 0.021906 0.010416
20 8 0.020806 0.021906 0.010416
20 9 0.019920 0.021906 0.010416
20 10 0.016969 0.021906 0.010416
20 11 0.013723 0.021906 0.010416
20 12 0.010772 0.021906 0.010416
20 13 0.010919 0.021906 0.010416
20 14 0.010477 0.021906 0.010416
20 15 0.008558 0.021906 0.010416
20 16 0.007230 0.021906 0.010416
20 17 0.005607 0.021906 0.010416
20 18 0.004869 0.021906 0.010416
20 19 0.004574 0.021906 0.010416
20 20 0.005165 0.021906 0.010416
