# contact distance = 12.0 Angstroms
# F = 0.4 kJ/mol

# i j contact_probability mean_contact_probability stddev_contact_probability
0 0 0.005847 0.019270 0.010674
0 1 0.005057 0.019270 0.010674
0 2 0.005373 0.019270 0.010674
0 3 0.003635 0.019270 0.010674
0 4 0.005373 0.019270 0.010674
0 5 0.005847 0.019270 0.010674
0 6 0.006005 0.019270 0.010674
0 7 0.007901 0.019270 0.010674
0 8 0.008692 0.019270 0.010674
0 9 0.009956 0.019270 0.010674
0 10 0.011378 0.019270 0.010674
0 11 0.013748 0.019270 0.010674
0 12 0.013590 0.019270 0.010674
0 13 0.014223 0.019270 0.010674
0 14 0.018015 0.019270 0.010674
0 15 0.018331 0.019270 0.010674
0 16 0.022282 0.019270 0.010674
0 17 0.024494 0.019270 0.010674
0 18 0.026233 0.019270 0.010674
0 19 0.028761 0.019270 0.010674
0 20 0.024178 0.019270 0.010674
1 0 0.004899 0.019270 0.010674
1 1 0.003793 0.019270 0.010674
1 2 0.003161 0.019270 0.010674
1 3 0.003635 0.019270 0.010674
1 4 0.003635 0.019270 0.010674
1 5 0.005373 0.019270 0.010674
1 6 0.005215 0.019270 0.010674
1 7 0.007269 0.019270 0.010674
1 8 0.008059 0.019270 0.010674
1 9 0.009956 0.019270 0.010674
1 10 0.010904 0.019270 0.010674
1 11 0.011378 0.019270 0.010674
1 12 0.012484 0.019270 0.010674
1 13 0.015487 0.019270 0.010674
1 14 0.018489 0.019270 0.010674
1 15 0.020070 0.019270 0.010674
1 16 0.023546 0.019270 0.010674
1 17 0.032238 0.019270 0.010674
1 18 0.035240 0.019270 0.010674
1 19 0.033502 0.019270 0.010674
1 20 0.029393 0.019270 0.010674
2 0 0.003161 0.019270 0.010674
2 1 0.002054 0.019270 0.010674
2 2 0.002054 0.019270 0.010674
2 3 0.003003 0.019270 0.010674
2 4 0.002528 0.019270 0.010674
2 5 0.003319 0.019270 0.010674
2 6 0.002845 0.019270 0.010674
2 7 0.004583 0.019270 0.010674
2 8 0.007111 0.019270 0.010674
2 9 0.008217 0.019270 0.010674
2 10 0.010114 0.019270 0.010674
2 11 0.010904 0.019270 0.010674
2 12 0.013274 0.019270 0.010674
2 13 0.015329 0.019270 0.010674
2 14 0.017541 0.019270 0.010674
2 15 0.022756 0.019270 0.010674
2 16 0.029235 0.019270 0.010674
2 17 0.036820 0.019270 0.010674
2 18 0.040613 0.019270 0.010674
2 19 0.039507 0.019270 0.010674
2 20 0.033344 0.019270 0.010674
3 0 0.003793 0.019270 0.010674
3 1 0.003635 0.019270 0.010674
3 2 0.002528 0.019270 0.010674
3 3 0.003319 0.019270 0.010674
3 4 0.003477 0.019270 0.010674
3 5 0.003161 0.019270 0.010674
3 6 0.004109 0.019270 0.010674
3 7 0.005215 0.019270 0.010674
3 8 0.006321 0.019270 0.010674
3 9 0.009324 0.019270 0.010674
3 10 0.009324 0.019270 0.010674
3 11 0.011062 0.019270 0.010674
3 12 0.013432 0.019270 0.010674
3 13 0.015487 0.019270 0.010674
3 14 0.016593 0.019270 0.010674
3 15 0.024968 0.019270 0.010674
3 16 0.031131 0.019270 0.010674
3 17 0.038085 0.019270 0.010674
3 18 0.043932 0.019270 0.010674
3 19 0.043142 0.019270 0.010674
3 20 0.036662 0.019270 0.010674
4 0 0.004583 0.019270 0.010674
4 1 0.003951 0.019270 0.010674
4 2 0.003003 0.019270 0.010674
4 3 0.002528 0.019270 0.010674
4 4 0.003477 0.019270 0.010674
4 5 0.004583 0.019270 0.010674
4 6 0.005373 0.019270 0.010674
4 7 0.007743 0.019270 0.010674
4 8 0.008692 0.019270 0.010674
4 9 0.012484 0.019270 0.010674
4 10 0.011694 0.019270 0.010674
4 11 0.014539 0.019270 0.010674
4 12 0.013906 0.019270 0.010674
4 13 0.017699 0.019270 0.010674
4 14 0.023072 0.019270 0.010674
4 15 0.029709 0.019270 0.010674
4 16 0.036188 0.019270 0.010674
4 17 0.040297 0.019270 0.010674
4 18 0.045986 0.019270 0.010674
4 19 0.043300 0.019270 0.010674
4 20 0.038243 0.019270 0.010674
5 0 0.004583 0.019270 0.010674
5 1 0.003793 0.019270 0.010674
5 2 0.003477 0.019270 0.010674
5 3 0.003319 0.019270 0.010674
5 4 0.005057 0.019270 0.010674
5 5 0.006637 0.019270 0.010674
5 6 0.008534 0.019270 0.010674
5 7 0.009166 0.019270 0.010674
5 8 0.012010 0.019270 0.010674
5 9 0.014223 0.019270 0.010674
5 10 0.013748 0.019270 0.010674
5 11 0.016277 0.019270 0.010674
5 12 0.017067 0.019270 0.010674
5 13 0.021334 0.019270 0.010674
5 14 0.024810 0.019270 0.010674
5 15 0.031448 0.019270 0.010674
5 16 0.038559 0.019270 0.010674
5 17 0.041561 0.019270 0.010674
5 18 0.042351 0.019270 0.010674
5 19 0.042509 0.019270 0.010674
5 20 0.033502 0.019270 0.010674
6 0 0.006163 0.019270 0.010674
6 1 0.004741 0.019270 0.010674
6 2 0.005057 0.019270 0.010674
6 3 0.005057 0.019270 0.010674
6 4 0.005531 0.019270 0.010674
6 5 0.007269 0.019270 0.010674
6 6 0.009640 0.019270 0.010674
6 7 0.011378 0.019270 0.010674
6 8 0.014223 0.019270 0.010674
6 9 0.015171 0.019270 0.010674
6 10 0.017699 0.019270 0.010674
6 11 0.019437 0.019270 0.010674
6 12 0.021492 0.019270 0.010674
6 13 0.023546 0.019270 0.010674
6 14 0.027339 0.019270 0.010674
6 15 0.031131 0.019270 0.010674
6 16 0.035714 0.019270 0.010674
6 17 0.039665 0.019270 0.010674
6 18 0.039191 0.019270 0.010674
6 19 0.036030 0.019270 0.010674
6 20 0.030815 0.019270 0.010674
7 0 0.007269 0.019270 0.010674
7 1 0.007269 0.019270 0.010674
7 2 0.006637 0.019270 0.010674
7 3 0.006163 0.019270 0.010674
7 4 0.007743 0.019270 0.010674
7 5 0.009640 0.019270 0.010674
7 6 0.013116 0.019270 0.010674
7 7 0.012958 0.019270 0.010674
7 8 0.015645 0.019270 0.010674
7 9 0.018489 0.019270 0.010674
7 10 0.021018 0.019270 0.010674
7 11 0.022282 0.019270 0.010674
7 12 0.024810 0.019270 0.010674
7 13 0.024810 0.019270 0.010674
7 14 0.027339 0.019270 0.010674
7 15 0.031290 0.019270 0.010674
7 16 0.034766 0.019270 0.010674
7 17 0.033502 0.019270 0.010674
7 18 0.031764 0.019270 0.010674
7 19 0.029393 0.019270 0.010674
7 20 0.024336 0.019270 0.010674
8 0 0.008059 0.019270 0.010674
8 1 0.008059 0.019270 0.010674
8 2 0.007901 0.019270 0.010674
8 3 0.006953 0.019270 0.010674
8 4 0.009640 0.019270 0.010674
8 5 0.011378 0.019270 0.010674
8 6 0.014539 0.019270 0.010674
8 7 0.015961 0.019270 0.010674
8 8 0.019279 0.019270 0.010674
8 9 0.018331 0.019270 0.010674
8 10 0.022124 0.019270 0.010674
8 11 0.024494 0.019270 0.010674
8 12 0.025601 0.019270 0.010674
8 13 0.026233 0.019270 0.010674
8 14 0.025442 0.019270 0.010674
8 15 0.030815 0.019270 0.010674
8 16 0.030499 0.019270 0.010674
8 17 0.027813 0.019270 0.010674
8 18 0.026391 0.019270 0.010674
8 19 0.023862 0.019270 0.010674
8 20 0.020386 0.019270 0.010674
9 0 0.009956 0.019270 0.010674
9 1 0.009324 0.019270 0.010674
9 2 0.008059 0.019270 0.010674
9 3 0.007585 0.019270 0.010674
9 4 0.009956 0.019270 0.010674
9 5 0.012168 0.019270 0.010674
9 6 0.014855 0.019270 0.010674
9 7 0.017699 0.019270 0.010674
9 8 0.018805 0.019270 0.010674
9 9 0.022440 0.019270 0.010674
9 10 0.024336 0.019270 0.010674
9 11 0.024810 0.019270 0.010674
9 12 0.026233 0.019270 0.010674
9 13 0.025917 0.019270 0.010674
9 14 0.025917 0.019270 0.010674
9 15 0.027023 0.019270 0.010674
9 16 0.024178 0.019270 0.010674
9 17 0.022440 0.019270 0.010674
9 18 0.020070 0.019270 0.010674
9 19 0.019912 0.019270 0.010674
9 20 0.017383 0.019270 0.010674
10 0 0.009640 0.019270 0.010674
10 1 0.009640 0.019270 0.010674
10 2 0.009798 0.019270 0.010674
10 3 0.010746 0.019270 0.010674
10 4 0.011220 0.019270 0.010674
10 5 0.012010 0.019270 0.010674
10 6 0.015013 0.019270 0.010674
10 7 0.019437 0.019270 0.010674
10 8 0.022598 0.019270 0.010674
10 9 0.023704 0.019270 0.010674
10 10 0.025442 0.019270 0.010674
10 11 0.027181 0.019270 0.010674
10 12 0.026549 0.019270 0.010674
10 13 0.023862 0.019270 0.010674
10 14 0.025126 0.019270 0.010674
10 15 0.022124 0.019270 0.010674
10 16 0.021176 0.019270 0.010674
10 17 0.018647 0.019270 0.010674
10 18 0.018647 0.019270 0.010674
10 19 0.018173 0.019270 0.010674
10 20 0.018647 0.019270 0.010674
11 0 0.012168 0.019270 0.010674
11 1 0.011852 0.019270 0.010674
11 2 0.012168 0.019270 0.010674
11 3 0.012326 0.019270 0.010674
11 4 0.012800 0.019270 0.010674
11 5 0.016593 0.019270 0.010674
11 6 0.018015 0.019270 0.010674
11 7 0.023388 0.019270 0.010674
11 8 0.024178 0.019270 0.010674
11 9 0.025917 0.019270 0.010674
11 10 0.026391 0.019270 0.010674
11 11 0.027181 0.019270 0.010674
11 12 0.025284 0.019270 0.010674
11 13 0.022756 0.019270 0.010674
11 14 0.022124 0.019270 0.010674
11 15 0.021334 0.019270 0.010674
11 16 0.020070 0.019270 0.010674
11 17 0.016909 0.019270 0.010674
11 18 0.016277 0.019270 0.010674
11 19 0.017225 0.019270 0.010674
11 20 0.018173 0.019270 0.010674
12 0 0.012800 0.019270 0.010674
12 1 0.014855 0.019270 0.010674
12 2 0.015329 0.019270 0.010674
12 3 0.015645 0.019270 0.010674
12 4 0.014539 0.019270 0.010674
12 5 0.019279 0.019270 0.010674
12 6 0.022282 0.019270 0.010674
12 7 0.025601 0.019270 0.010674
12 8 0.028603 0.019270 0.010674
12 9 0.028919 0.019270 0.010674
12 10 0.029235 0.019270 0.010674
12 11 0.026233 0.019270 0.010674
12 12 0.026075 0.019270 0.010674
12 13 0.021650 0.019270 0.010674
12 14 0.021176 0.019270 0.010674
12 15 0.020702 0.019270 0.010674
12 16 0.019121 0.019270 0.010674
12 17 0.016119 0.019270 0.010674
12 18 0.014064 0.019270 0.010674
12 19 0.015803 0.019270 0.010674
12 20 0.015171 0.019270 0.010674
13 0 0.015487 0.019270 0.010674
13 1 0.015013 0.019270 0.010674
13 2 0.017383 0.019270 0.010674
13 3 0.018963 0.019270 0.010674
13 4 0.020228 0.019270 0.010674
13 5 0.022756 0.019270 0.010674
13 6 0.025126 0.019270 0.010674
13 7 0.027023 0.019270 0.010674
13 8 0.030183 0.019270 0.010674
13 9 0.030815 0.019270 0.010674
13 10 0.028761 0.019270 0.010674
13 11 0.027813 0.019270 0.010674
13 12 0.024810 0.019270 0.010674
13 13 0.023388 0.019270 0.010674
13 14 0.021808 0.019270 0.010674
13 15 0.020228 0.019270 0.010674
13 16 0.020544 0.019270 0.010674
13 17 0.015487 0.019270 0.010674
13 18 0.014697 0.019270 0.010674
13 19 0.016119 0.019270 0.010674
13 20 0.015803 0.019270 0.010674
14 0 0.016119 0.019270 0.010674
14 1 0.017383 0.019270 0.010674
14 2 0.020386 0.019270 0.010674
14 3 0.020228 0.019270 0.010674
14 4 0.022440 0.019270 0.010674
14 5 0.024336 0.019270 0.010674
14 6 0.027339 0.019270 0.010674
14 7 0.028919 0.019270 0.010674
14 8 0.030183 0.019270 0.010674
14 9 0.029709 0.019270 0.010674
14 10 0.027971 0.019270 0.010674
14 11 0.025759 0.019270 0.010674
14 12 0.024968 0.019270 0.010674
14 13 0.022282 0.019270 0.010674
14 14 0.018647 0.019270 0.010674
14 15 0.019121 0.019270 0.010674
14 16 0.016751 0.019270 0.010674
14 17 0.016119 0.019270 0.010674
14 18 0.014223 0.019270 0.010674
14 19 0.015487 0.019270 0.010674
14 20 0.013748 0.019270 0.010674
15 0 0.019437 0.019270 0.010674
15 1 0.021018 0.019270 0.010674
15 2 0.023230 0.019270 0.010674
15 3 0.025917 0.019270 0.010674
15 4 0.027813 0.019270 0.010674
15 5 0.030025 0.019270 0.010674
15 6 0.030815 0.019270 0.010674
15 7 0.030025 0.019270 0.010674
15 8 0.030183 0.019270 0.010674
15 9 0.027655 0.019270 0.010674
15 10 0.025917 0.019270 0.010674
15 11 0.024810 0.019270 0.010674
15 12 0.022914 0.019270 0.010674
15 13 0.020070 0.019270 0.010674
15 14 0.017067 0.019270 0.010674
15 15 0.016435 0.019270 0.010674
15 16 0.016119 0.019270 0.010674
15 17 0.014539 0.019270 0.010674
15 18 0.011694 0.019270 0.010674
15 19 0.011062 0.019270 0.010674
15 20 0.012010 0.019270 0.010674
16 0 0.025284 0.019270 0.010674
16 1 0.031290 0.019270 0.010674
16 2 0.033976 0.019270 0.010674
16 3 0.033344 0.019270 0.010674
16 4 0.035398 0.019270 0.010674
16 5 0.037137 0.019270 0.010674
16 6 0.034134 0.019270 0.010674
16 7 0.032080 0.019270 0.010674
16 8 0.030025 0.019270 0.010674
16 9 0.027023 0.019270 0.010674
16 10 0.025126 0.019270 0.010674
16 11 0.023230 0.019270 0.010674
16 12 0.021492 0.019270 0.010674
16 13 0.020070 0.019270 0.010674
16 14 0.018015 0.019270 0.010674
16 15 0.016119 0.019270 0.010674
16 16 0.015171 0.019270 0.010674
16 17 0.012642 0.019270 0.010674
16 18 0.009008 0.019270 0.010674
16 19 0.008534 0.019270 0.010674
16 20 0.009640 0.019270 0.010674
17 0 0.030815 0.019270 0.010674
17 1 0.036979 0.019270 0.010674
17 2 0.042984 0.019270 0.010674
17 3 0.046460 0.019270 0.010674
17 4 0.044248 0.019270 0.010674
17 5 0.043774 0.019270 0.010674
17 6 0.035398 0.019270 0.010674
17 7 0.028919 0.019270 0.010674
17 8 0.027339 0.019270 0.010674
17 9 0.026075 0.019270 0.010674
17 10 0.021808 0.019270 0.010674
17 11 0.020228 0.019270 0.010674
17 12 0.017383 0.019270 0.010674
17 13 0.016751 0.019270 0.010674
17 14 0.014539 0.019270 0.010674
17 15 0.012168 0.019270 0.010674
17 16 0.011852 0.019270 0.010674
17 17 0.008850 0.019270 0.010674
17 18 0.006479 0.019270 0.010674
17 19 0.008059 0.019270 0.010674
17 20 0.008059 0.019270 0.010674
18 0 0.031764 0.019270 0.010674
18 1 0.040771 0.019270 0.010674
18 2 0.044880 0.019270 0.010674
18 3 0.047566 0.019270 0.010674
18 4 0.048673 0.019270 0.010674
18 5 0.042826 0.019270 0.010674
18 6 0.036188 0.019270 0.010674
18 7 0.028445 0.019270 0.010674
18 8 0.024178 0.019270 0.010674
18 9 0.019912 0.019270 0.010674
18 10 0.017067 0.019270 0.010674
18 11 0.015487 0.019270 0.010674
18 12 0.014223 0.019270 0.010674
18 13 0.012010 0.019270 0.010674
18 14 0.012326 0.019270 0.010674
18 15 0.011852 0.019270 0.010674
18 16 0.011536 0.019270 0.010674
18 17 0.008217 0.019270 0.010674
18 18 0.006795 0.019270 0.010674
18 19 0.006479 0.019270 0.010674
18 20 0.007427 0.019270 0.010674
19 0 0.029867 0.019270 0.010674
19 1 0.037137 0.019270 0.010674
19 2 0.041877 0.019270 0.010674
19 3 0.043300 0.019270 0.010674
19 4 0.043142 0.019270 0.010674
19 5 0.037611 0.019270 0.010674
19 6 0.030025 0.019270 0.010674
19 7 0.023230 0.019270 0.010674
19 8 0.021018 0.019270 0.010674
19 9 0.018015 0.019270 0.010674
19 10 0.015329 0.019270 0.010674
19 11 0.014539 0.019270 0.010674
19 12 0.013116 0.019270 0.010674
19 13 0.011378 0.019270 0.010674
19 14 0.010746 0.019270 0.010674
19 15 0.011062 0.019270 0.010674
19 16 0.009798 0.019270 0.010674
19 17 0.007901 0.019270 0.010674
19 18 0.006953 0.019270 0.010674
19 19 0.006795 0.019270 0.010674
19 20 0.007585 0.019270 0.010674
20 0 0.024494 0.019270 0.010674
20 1 0.030973 0.019270 0.010674
20 2 0.036030 0.019270 0.010674
20 3 0.037611 0.019270 0.010674
20 4 0.035872 0.019270 0.010674
20 5 0.030815 0.019270 0.010674
20 6 0.027655 0.019270 0.010674
20 7 0.021808 0.019270 0.010674
20 8 0.019437 0.019270 0.010674
20 9 0.017383 0.019270 0.010674
20 10 0.013748 0.019270 0.010674
20 11 0.012642 0.019270 0.010674
20 12 0.014064 0.019270 0.010674
20 13 0.012958 0.019270 0.010674
20 14 0.010904 0.019270 0.010674
20 15 0.010114 0.019270 0.010674
20 16 0.008850 0.019270 0.010674
20 17 0.006953 0.019270 0.010674
20 18 0.006321 0.019270 0.010674
20 19 0.007111 0.019270 0.010674
20 20 0.008217 0.019270 0.010674
