# contact distance = 12.0 Angstroms
# F = 0.4 kJ/mol

# i j contact_probability mean_contact_probability stddev_contact_probability
0 0 0.010708 0.021091 0.011724
0 1 0.009217 0.021091 0.011724
0 2 0.007319 0.021091 0.011724
0 3 0.009217 0.021091 0.011724
0 4 0.009623 0.021091 0.011724
0 5 0.009217 0.021091 0.011724
0 6 0.009217 0.021091 0.011724
0 7 0.010436 0.021091 0.011724
0 8 0.011927 0.021091 0.011724
0 9 0.012470 0.021091 0.011724
0 10 0.015045 0.021091 0.011724
0 11 0.014909 0.021091 0.011724
0 12 0.016671 0.021091 0.011724
0 13 0.018975 0.021091 0.011724
0 14 0.022635 0.021091 0.011724
0 15 0.026430 0.021091 0.011724
0 16 0.034969 0.021091 0.011724
0 17 0.040933 0.021091 0.011724
0 18 0.042017 0.021091 0.011724
0 19 0.040390 0.021091 0.011724
0 20 0.034291 0.021091 0.011724
1 0 0.009623 0.021091 0.011724
1 1 0.008946 0.021091 0.011724
1 2 0.006641 0.021091 0.011724
1 3 0.007455 0.021091 0.011724
1 4 0.007590 0.021091 0.011724
1 5 0.008674 0.021091 0.011724
1 6 0.007997 0.021091 0.011724
1 7 0.009352 0.021091 0.011724
1 8 0.011250 0.021091 0.011724
1 9 0.011521 0.021091 0.011724
1 10 0.014367 0.021091 0.011724
1 11 0.014638 0.021091 0.011724
1 12 0.017078 0.021091 0.011724
1 13 0.020331 0.021091 0.011724
1 14 0.024939 0.021091 0.011724
1 15 0.032258 0.021091 0.011724
1 16 0.039713 0.021091 0.011724
1 17 0.046218 0.021091 0.011724
1 18 0.048387 0.021091 0.011724
1 19 0.045270 0.021091 0.011724
1 20 0.036595 0.021091 0.011724
2 0 0.009894 0.021091 0.011724
2 1 0.007997 0.021091 0.011724
2 2 0.006912 0.021091 0.011724
2 3 0.005422 0.021091 0.011724
2 4 0.006641 0.021091 0.011724
2 5 0.008403 0.021091 0.011724
2 6 0.010030 0.021091 0.011724
2 7 0.010165 0.021091 0.011724
2 8 0.010979 0.021091 0.011724
2 9 0.013147 0.021091 0.011724
2 10 0.013960 0.021091 0.011724
2 11 0.015316 0.021091 0.011724
2 12 0.019382 0.021091 0.011724
2 13 0.022364 0.021091 0.011724
2 14 0.027514 0.021091 0.011724
2 15 0.035104 0.021091 0.011724
2 16 0.042559 0.021091 0.011724
2 17 0.046490 0.021091 0.011724
2 18 0.048929 0.021091 0.011724
2 19 0.044863 0.021091 0.011724
2 20 0.038357 0.021091 0.011724
3 0 0.008946 0.021091 0.011724
3 1 0.008403 0.021091 0.011724
3 2 0.007455 0.021091 0.011724
3 3 0.006912 0.021091 0.011724
3 4 0.006099 0.021091 0.011724
3 5 0.008810 0.021091 0.011724
3 6 0.009623 0.021091 0.011724
3 7 0.010436 0.021091 0.011724
3 8 0.011250 0.021091 0.011724
3 9 0.013554 0.021091 0.011724
3 10 0.014638 0.021091 0.011724
3 11 0.018027 0.021091 0.011724
3 12 0.020466 0.021091 0.011724
3 13 0.026294 0.021091 0.011724
3 14 0.030767 0.021091 0.011724
3 15 0.039035 0.021091 0.011724
3 16 0.046083 0.021091 0.011724
3 17 0.050556 0.021091 0.011724
3 18 0.048387 0.021091 0.011724
3 19 0.045947 0.021091 0.011724
3 20 0.037680 0.021091 0.011724
4 0 0.008674 0.021091 0.011724
4 1 0.007590 0.021091 0.011724
4 2 0.006641 0.021091 0.011724
4 3 0.006235 0.021091 0.011724
4 4 0.006777 0.021091 0.011724
4 5 0.009217 0.021091 0.011724
4 6 0.010708 0.021091 0.011724
4 7 0.011927 0.021091 0.011724
4 8 0.012605 0.021091 0.011724
4 9 0.013418 0.021091 0.011724
4 10 0.015180 0.021091 0.011724
4 11 0.018433 0.021091 0.011724
4 12 0.021008 0.021091 0.011724
4 13 0.025346 0.021091 0.011724
4 14 0.031851 0.021091 0.011724
4 15 0.039713 0.021091 0.011724
4 16 0.046083 0.021091 0.011724
4 17 0.049065 0.021091 0.011724
4 18 0.045134 0.021091 0.011724
4 19 0.041068 0.021091 0.011724
4 20 0.035647 0.021091 0.011724
5 0 0.010030 0.021091 0.011724
5 1 0.007997 0.021091 0.011724
5 2 0.007319 0.021091 0.011724
5 3 0.008132 0.021091 0.011724
5 4 0.008403 0.021091 0.011724
5 5 0.009759 0.021091 0.011724
5 6 0.011385 0.021091 0.011724
5 7 0.013283 0.021091 0.011724
5 8 0.013825 0.021091 0.011724
5 9 0.014909 0.021091 0.011724
5 10 0.016536 0.021091 0.011724
5 11 0.019382 0.021091 0.011724
5 12 0.022906 0.021091 0.011724
5 13 0.025617 0.021091 0.011724
5 14 0.032936 0.021091 0.011724
5 15 0.038628 0.021091 0.011724
5 16 0.043237 0.021091 0.011724
5 17 0.043508 0.021091 0.011724
5 18 0.040119 0.021091 0.011724
5 19 0.038086 0.021091 0.011724
5 20 0.031038 0.021091 0.011724
6 0 0.011385 0.021091 0.011724
6 1 0.009488 0.021091 0.011724
6 2 0.009217 0.021091 0.011724
6 3 0.007997 0.021091 0.011724
6 4 0.008132 0.021091 0.011724
6 5 0.010708 0.021091 0.011724
6 6 0.013554 0.021091 0.011724
6 7 0.013283 0.021091 0.011724
6 8 0.016942 0.021091 0.011724
6 9 0.015451 0.021091 0.011724
6 10 0.018162 0.021091 0.011724
6 11 0.021415 0.021091 0.011724
6 12 0.025346 0.021091 0.011724
6 13 0.028734 0.021091 0.011724
6 14 0.031716 0.021091 0.011724
6 15 0.034020 0.021091 0.011724
6 16 0.036866 0.021091 0.011724
6 17 0.036460 0.021091 0.011724
6 18 0.033207 0.021091 0.011724
6 19 0.027379 0.021091 0.011724
6 20 0.025346 0.021091 0.011724
7 0 0.010843 0.021091 0.011724
7 1 0.010708 0.021091 0.011724
7 2 0.009352 0.021091 0.011724
7 3 0.010572 0.021091 0.011724
7 4 0.010165 0.021091 0.011724
7 5 0.012063 0.021091 0.011724
7 6 0.012334 0.021091 0.011724
7 7 0.016129 0.021091 0.011724
7 8 0.016942 0.021091 0.011724
7 9 0.017891 0.021091 0.011724
7 10 0.019517 0.021091 0.011724
7 11 0.022635 0.021091 0.011724
7 12 0.027650 0.021091 0.011724
7 13 0.031174 0.021091 0.011724
7 14 0.031987 0.021091 0.011724
7 15 0.032800 0.021091 0.011724
7 16 0.030496 0.021091 0.011724
7 17 0.027785 0.021091 0.011724
7 18 0.025210 0.021091 0.011724
7 19 0.021957 0.021091 0.011724
7 20 0.019382 0.021091 0.011724
8 0 0.012741 0.021091 0.011724
8 1 0.011385 0.021091 0.011724
8 2 0.009894 0.021091 0.011724
8 3 0.010979 0.021091 0.011724
8 4 0.012063 0.021091 0.011724
8 5 0.013147 0.021091 0.011724
8 6 0.015722 0.021091 0.011724
8 7 0.015451 0.021091 0.011724
8 8 0.017891 0.021091 0.011724
8 9 0.018162 0.021091 0.011724
8 10 0.019653 0.021091 0.011724
8 11 0.023041 0.021091 0.011724
8 12 0.026294 0.021091 0.011724
8 13 0.028734 0.021091 0.011724
8 14 0.028870 0.021091 0.011724
8 15 0.028463 0.021091 0.011724
8 16 0.023313 0.021091 0.011724
8 17 0.021415 0.021091 0.011724
8 18 0.019924 0.021091 0.011724
8 19 0.018162 0.021091 0.011724
8 20 0.016942 0.021091 0.011724
9 0 0.014503 0.021091 0.011724
9 1 0.012876 0.021091 0.011724
9 2 0.011927 0.021091 0.011724
9 3 0.012334 0.021091 0.011724
9 4 0.014231 0.021091 0.011724
9 5 0.015045 0.021091 0.011724
9 6 0.016400 0.021091 0.011724
9 7 0.017620 0.021091 0.011724
9 8 0.018298 0.021091 0.011724
9 9 0.020060 0.021091 0.011724
9 10 0.019653 0.021091 0.011724
9 11 0.022635 0.021091 0.011724
9 12 0.025888 0.021091 0.011724
9 13 0.027650 0.021091 0.011724
9 14 0.026701 0.021091 0.011724
9 15 0.026023 0.021091 0.011724
9 16 0.023719 0.021091 0.011724
9 17 0.017620 0.021091 0.011724
9 18 0.016400 0.021091 0.011724
9 19 0.016129 0.021091 0.011724
9 20 0.014231 0.021091 0.011724
10 0 0.014096 0.021091 0.011724
10 1 0.013283 0.021091 0.011724
10 2 0.013825 0.021091 0.011724
10 3 0.013825 0.021091 0.011724
10 4 0.014774 0.021091 0.011724
10 5 0.015858 0.021091 0.011724
10 6 0.016536 0.021091 0.011724
10 7 0.019111 0.021091 0.011724
10 8 0.021686 0.021091 0.011724
10 9 0.021144 0.021091 0.011724
10 10 0.019924 0.021091 0.011724
10 11 0.021686 0.021091 0.011724
10 12 0.026159 0.021091 0.011724
10 13 0.025481 0.021091 0.011724
10 14 0.026701 0.021091 0.011724
10 15 0.026294 0.021091 0.011724
10 16 0.024126 0.021091 0.011724
10 17 0.020195 0.021091 0.011724
10 18 0.017755 0.021091 0.011724
10 19 0.014909 0.021091 0.011724
10 20 0.013825 0.021091 0.011724
11 0 0.015316 0.021091 0.011724
11 1 0.013147 0.021091 0.011724
11 2 0.014367 0.021091 0.011724
11 3 0.016671 0.021091 0.011724
11 4 0.017078 0.021091 0.011724
11 5 0.018298 0.021091 0.011724
11 6 0.021957 0.021091 0.011724
11 7 0.022635 0.021091 0.011724
11 8 0.023177 0.021091 0.011724
11 9 0.024397 0.021091 0.011724
11 10 0.022499 0.021091 0.011724
11 11 0.023990 0.021091 0.011724
11 12 0.026972 0.021091 0.011724
11 13 0.028192 0.021091 0.011724
11 14 0.029276 0.021091 0.011724
11 15 0.026430 0.021091 0.011724
11 16 0.022906 0.021091 0.011724
11 17 0.020060 0.021091 0.011724
11 18 0.017484 0.021091 0.011724
11 19 0.013689 0.021091 0.011724
11 20 0.013283 0.021091 0.011724
12 0 0.017078 0.021091 0.011724
12 1 0.015451 0.021091 0.011724
12 2 0.016671 0.021091 0.011724
12 3 0.019111 0.021091 0.011724
12 4 0.021957 0.021091 0.011724
12 5 0.023177 0.021091 0.011724
12 6 0.026159 0.021091 0.011724
12 7 0.026159 0.021091 0.011724
12 8 0.027108 0.021091 0.011724
12 9 0.025075 0.021091 0.011724
12 10 0.025210 0.021091 0.011724
12 11 0.026430 0.021091 0.011724
12 12 0.028056 0.021091 0.011724
12 13 0.028463 0.021091 0.011724
12 14 0.026972 0.021091 0.011724
12 15 0.025481 0.021091 0.011724
12 16 0.021415 0.021091 0.011724
12 17 0.018569 0.021091 0.011724
12 18 0.015587 0.021091 0.011724
12 19 0.012741 0.021091 0.011724
12 20 0.011656 0.021091 0.011724
13 0 0.017755 0.021091 0.011724
13 1 0.018162 0.021091 0.011724
13 2 0.020602 0.021091 0.011724
13 3 0.023177 0.021091 0.011724
13 4 0.024668 0.021091 0.011724
13 5 0.025617 0.021091 0.011724
13 6 0.028056 0.021091 0.011724
13 7 0.026972 0.021091 0.011724
13 8 0.026294 0.021091 0.011724
13 9 0.025752 0.021091 0.011724
13 10 0.024126 0.021091 0.011724
13 11 0.027650 0.021091 0.011724
13 12 0.028463 0.021091 0.011724
13 13 0.027379 0.021091 0.011724
13 14 0.025617 0.021091 0.011724
13 15 0.022906 0.021091 0.011724
13 16 0.020737 0.021091 0.011724
13 17 0.014909 0.021091 0.011724
13 18 0.012063 0.021091 0.011724
13 19 0.011385 0.021091 0.011724
13 20 0.011114 0.021091 0.011724
14 0 0.022770 0.021091 0.011724
14 1 0.025752 0.021091 0.011724
14 2 0.026023 0.021091 0.011724
14 3 0.027921 0.021091 0.011724
14 4 0.030767 0.021091 0.011724
14 5 0.031174 0.021091 0.011724
14 6 0.032936 0.021091 0.011724
14 7 0.029141 0.021091 0.011724
14 8 0.027514 0.021091 0.011724
14 9 0.025752 0.021091 0.011724
14 10 0.025752 0.021091 0.011724
14 11 0.027379 0.021091 0.011724
14 12 0.026159 0.021091 0.011724
14 13 0.024397 0.021091 0.011724
14 14 0.021957 0.021091 0.011724
14 15 0.018569 0.021091 0.011724
14 16 0.015587 0.021091 0.011724
14 17 0.011656 0.021091 0.011724
14 18 0.010030 0.021091 0.011724
14 19 0.010030 0.021091 0.011724
14 20 0.008268 0.021091 0.011724
15 0 0.028599 0.021091 0.011724
15 1 0.033885 0.021091 0.011724
15 2 0.034427 0.021091 0.011724
15 3 0.036460 0.021091 0.011724
15 4 0.036324 0.021091 0.011724
15 5 0.036324 0.021091 0.011724
15 6 0.035240 0.021091 0.011724
15 7 0.030767 0.021091 0.011724
15 8 0.027379 0.021091 0.011724
15 9 0.025752 0.021091 0.011724
15 10 0.024668 0.021091 0.011724
15 11 0.024668 0.021091 0.011724
15 12 0.021957 0.021091 0.011724
15 13 0.022228 0.021091 0.011724
15 14 0.018433 0.021091 0.011724
15 15 0.014638 0.021091 0.011724
15 16 0.010436 0.021091 0.011724
15 17 0.007455 0.021091 0.011724
15 18 0.006099 0.021091 0.011724
15 19 0.006370 0.021091 0.011724
15 20 0.006912 0.021091 0.011724
16 0 0.037951 0.021091 0.011724
16 1 0.040255 0.021091 0.011724
16 2 0.040933 0.021091 0.011724
16 3 0.043237 0.021091 0.011724
16 4 0.039577 0.021091 0.011724
16 5 0.038764 0.021091 0.011724
16 6 0.035918 0.021091 0.011724
16 7 0.031309 0.021091 0.011724
16 8 0.027921 0.021091 0.011724
16 9 0.025210 0.021091 0.011724
16 10 0.021686 0.021091 0.011724
16 11 0.021415 0.021091 0.011724
16 12 0.018975 0.021091 0.011724
16 13 0.017078 0.021091 0.011724
16 14 0.013825 0.021091 0.011724
16 15 0.011385 0.021091 0.011724
16 16 0.007455 0.021091 0.011724
16 17 0.003931 0.021091 0.011724
16 18 0.003931 0.021091 0.011724
16 19 0.003660 0.021091 0.011724
16 20 0.005286 0.021091 0.011724
17 0 0.040797 0.021091 0.011724
17 1 0.046354 0.021091 0.011724
17 2 0.047709 0.021091 0.011724
17 3 0.047032 0.021091 0.011724
17 4 0.043237 0.021091 0.011724
17 5 0.040390 0.021091 0.011724
17 6 0.035647 0.021091 0.011724
17 7 0.028734 0.021091 0.011724
17 8 0.023448 0.021091 0.011724
17 9 0.019924 0.021091 0.011724
17 10 0.018298 0.021091 0.011724
17 11 0.017620 0.021091 0.011724
17 12 0.016129 0.021091 0.011724
17 13 0.013554 0.021091 0.011724
17 14 0.012063 0.021091 0.011724
17 15 0.008268 0.021091 0.011724
17 16 0.004202 0.021091 0.011724
17 17 0.002169 0.021091 0.011724
17 18 0.001898 0.021091 0.011724
17 19 0.002440 0.021091 0.011724
17 20 0.003253 0.021091 0.011724
18 0 0.043643 0.021091 0.011724
18 1 0.049607 0.021091 0.011724
18 2 0.049471 0.021091 0.011724
18 3 0.049742 0.021091 0.011724
18 4 0.043779 0.021091 0.011724
18 5 0.040255 0.021091 0.011724
18 6 0.033613 0.021091 0.011724
18 7 0.025481 0.021091 0.011724
18 8 0.022906 0.021091 0.011724
18 9 0.018569 0.021091 0.011724
18 10 0.017349 0.021091 0.011724
18 11 0.014909 0.021091 0.011724
18 12 0.014096 0.021091 0.011724
18 13 0.013554 0.021091 0.011724
18 14 0.010843 0.021091 0.011724
18 15 0.006777 0.021091 0.011724
18 16 0.003795 0.021091 0.011724
18 17 0.002575 0.021091 0.011724
18 18 0.002304 0.021091 0.011724
18 19 0.002440 0.021091 0.011724
18 20 0.002575 0.021091 0.011724
19 0 0.043779 0.021091 0.011724
19 1 0.045947 0.021091 0.011724
19 2 0.045405 0.021091 0.011724
19 3 0.044592 0.021091 0.011724
19 4 0.040661 0.021091 0.011724
19 5 0.036324 0.021091 0.011724
19 6 0.030496 0.021091 0.011724
19 7 0.023990 0.021091 0.011724
19 8 0.022093 0.021091 0.011724
19 9 0.017620 0.021091 0.011724
19 10 0.016536 0.021091 0.011724
19 11 0.015045 0.021091 0.011724
19 12 0.013554 0.021091 0.011724
19 13 0.013012 0.021091 0.011724
19 14 0.010030 0.021091 0.011724
19 15 0.007048 0.021091 0.011724
19 16 0.004473 0.021091 0.011724
19 17 0.002304 0.021091 0.011724
19 18 0.001491 0.021091 0.011724
19 19 0.002304 0.021091 0.011724
19 20 0.003253 0.021091 0.011724
20 0 0.039713 0.021091 0.011724
20 1 0.042694 0.021091 0.011724
20 2 0.041610 0.021091 0.011724
20 3 0.038628 0.021091 0.011724
20 4 0.033885 0.021091 0.011724
20 5 0.030496 0.021091 0.011724
20 6 0.024126 0.021091 0.011724
20 7 0.020602 0.021091 0.011724
20 8 0.020466 0.021091 0.011724
20 9 0.018027 0.021091 0.011724
20 10 0.016671 0.021091 0.011724
20 11 0.014774 0.021091 0.011724
20 12 0.012876 0.021091 0.011724
20 13 0.012876 0.021091 0.011724
20 14 0.010843 0.021091 0.011724
20 15 0.007319 0.021091 0.011724
20 16 0.005422 0.021091 0.011724
20 17 0.002846 0.021091 0.011724
20 18 0.002033 0.021091 0.011724
20 19 0.002982 0.021091 0.011724
20 20 0.004608 0.021091 0.011724
