# contact distance = 12.0 Angstroms
# F = 0.4 kJ/mol

# i j contact_probability mean_contact_probability stddev_contact_probability
0 0 0.006751 0.022152 0.010605
0 1 0.005583 0.022152 0.010605
0 2 0.007011 0.022152 0.010605
0 3 0.008050 0.022152 0.010605
0 4 0.009089 0.022152 0.010605
0 5 0.011815 0.022152 0.010605
0 6 0.011426 0.022152 0.010605
0 7 0.012075 0.022152 0.010605
0 8 0.011036 0.022152 0.010605
0 9 0.010647 0.022152 0.010605
0 10 0.013763 0.022152 0.010605
0 11 0.019605 0.022152 0.010605
0 12 0.026876 0.022152 0.010605
0 13 0.029992 0.022152 0.010605
0 14 0.035965 0.022152 0.010605
0 15 0.039340 0.022152 0.010605
0 16 0.040379 0.022152 0.010605
0 17 0.038561 0.022152 0.010605
0 18 0.035575 0.022152 0.010605
0 19 0.032459 0.022152 0.010605
0 20 0.027525 0.022152 0.010605
1 0 0.005713 0.022152 0.010605
1 1 0.004804 0.022152 0.010605
1 2 0.005583 0.022152 0.010605
1 3 0.008180 0.022152 0.010605
1 4 0.010387 0.022152 0.010605
1 5 0.013113 0.022152 0.010605
1 6 0.011296 0.022152 0.010605
1 7 0.010257 0.022152 0.010605
1 8 0.010906 0.022152 0.010605
1 9 0.011426 0.022152 0.010605
1 10 0.013892 0.022152 0.010605
1 11 0.020384 0.022152 0.010605
1 12 0.028694 0.022152 0.010605
1 13 0.035575 0.022152 0.010605
1 14 0.038821 0.022152 0.010605
1 15 0.042716 0.022152 0.010605
1 16 0.043365 0.022152 0.010605
1 17 0.043365 0.022152 0.010605
1 18 0.035445 0.022152 0.010605
1 19 0.031940 0.022152 0.010605
1 20 0.027006 0.022152 0.010605
2 0 0.006622 0.022152 0.010605
2 1 0.005193 0.022152 0.010605
2 2 0.006881 0.022152 0.010605
2 3 0.009478 0.022152 0.010605
2 4 0.011296 0.022152 0.010605
2 5 0.012724 0.022152 0.010605
2 6 0.011426 0.022152 0.010605
2 7 0.011815 0.022152 0.010605
2 8 0.011166 0.022152 0.010605
2 9 0.013633 0.022152 0.010605
2 10 0.014542 0.022152 0.010605
2 11 0.019605 0.022152 0.010605
2 12 0.027136 0.022152 0.010605
2 13 0.033498 0.022152 0.010605
2 14 0.038821 0.022152 0.010605
2 15 0.040379 0.022152 0.010605
2 16 0.044534 0.022152 0.010605
2 17 0.041158 0.022152 0.010605
2 18 0.035575 0.022152 0.010605
2 19 0.032459 0.022152 0.010605
2 20 0.026616 0.022152 0.010605
3 0 0.007401 0.022152 0.010605
3 1 0.007790 0.022152 0.010605
3 2 0.008180 0.022152 0.010605
3 3 0.009738 0.022152 0.010605
3 4 0.011296 0.022152 0.010605
3 5 0.012724 0.022152 0.010605
3 6 0.013113 0.022152 0.010605
3 7 0.013503 0.022152 0.010605
3 8 0.013633 0.022152 0.010605
3 9 0.014672 0.022152 0.010605
3 10 0.018696 0.022152 0.010605
3 11 0.023630 0.022152 0.010605
3 12 0.028954 0.022152 0.010605
3 13 0.031940 0.022152 0.010605
3 14 0.036744 0.022152 0.010605
3 15 0.040249 0.022152 0.010605
3 16 0.038691 0.022152 0.010605
3 17 0.037263 0.022152 0.010605
3 18 0.029862 0.022152 0.010605
3 19 0.027525 0.022152 0.010605
3 20 0.024150 0.022152 0.010605
4 0 0.008959 0.022152 0.010605
4 1 0.008959 0.022152 0.010605
4 2 0.009348 0.022152 0.010605
4 3 0.010127 0.022152 0.010605
4 4 0.011036 0.022152 0.010605
4 5 0.014022 0.022152 0.010605
4 6 0.014542 0.022152 0.010605
4 7 0.014931 0.022152 0.010605
4 8 0.016619 0.022152 0.010605
4 9 0.017398 0.022152 0.010605
4 10 0.019865 0.022152 0.010605
4 11 0.024539 0.022152 0.010605
4 12 0.029083 0.022152 0.010605
4 13 0.030771 0.022152 0.010605
4 14 0.036484 0.022152 0.010605
4 15 0.036095 0.022152 0.010605
4 16 0.034666 0.022152 0.010605
4 17 0.032719 0.022152 0.010605
4 18 0.029343 0.022152 0.010605
4 19 0.024799 0.022152 0.010605
4 20 0.021553 0.022152 0.010605
5 0 0.010257 0.022152 0.010605
5 1 0.010257 0.022152 0.010605
5 2 0.010517 0.022152 0.010605
5 3 0.011945 0.022152 0.010605
5 4 0.011945 0.022152 0.010605
5 5 0.013503 0.022152 0.010605
5 6 0.015321 0.022152 0.010605
5 7 0.017268 0.022152 0.010605
5 8 0.016489 0.022152 0.010605
5 9 0.019216 0.022152 0.010605
5 10 0.019735 0.022152 0.010605
5 11 0.025188 0.022152 0.010605
5 12 0.028304 0.022152 0.010605
5 13 0.031161 0.022152 0.010605
5 14 0.032070 0.022152 0.010605
5 15 0.031550 0.022152 0.010605
5 16 0.032329 0.022152 0.010605
5 17 0.028304 0.022152 0.010605
5 18 0.025967 0.022152 0.010605
5 19 0.023760 0.022152 0.010605
5 20 0.021033 0.022152 0.010605
6 0 0.011296 0.022152 0.010605
6 1 0.010387 0.022152 0.010605
6 2 0.011166 0.022152 0.010605
6 3 0.011296 0.022152 0.010605
6 4 0.012464 0.022152 0.010605
6 5 0.013763 0.022152 0.010605
6 6 0.017917 0.022152 0.010605
6 7 0.018177 0.022152 0.010605
6 8 0.019216 0.022152 0.010605
6 9 0.020514 0.022152 0.010605
6 10 0.021293 0.022152 0.010605
6 11 0.024799 0.022152 0.010605
6 12 0.029603 0.022152 0.010605
6 13 0.029733 0.022152 0.010605
6 14 0.032719 0.022152 0.010605
6 15 0.032459 0.022152 0.010605
6 16 0.030641 0.022152 0.010605
6 17 0.028434 0.022152 0.010605
6 18 0.024799 0.022152 0.010605
6 19 0.021553 0.022152 0.010605
6 20 0.020644 0.022152 0.010605
7 0 0.011036 0.022152 0.010605
7 1 0.011166 0.022152 0.010605
7 2 0.012075 0.022152 0.010605
7 3 0.012075 0.022152 0.010605
7 4 0.013503 0.022152 0.010605
7 5 0.015710 0.022152 0.010605
7 6 0.019086 0.022152 0.010605
7 7 0.019865 0.022152 0.010605
7 8 0.021293 0.022152 0.010605
7 9 0.022462 0.022152 0.010605
7 10 0.023760 0.022152 0.010605
7 11 0.026746 0.022152 0.010605
7 12 0.031550 0.022152 0.010605
7 13 0.032070 0.022152 0.010605
7 14 0.033368 0.022152 0.010605
7 15 0.031550 0.022152 0.010605
7 16 0.032199 0.022152 0.010605
7 17 0.027785 0.022152 0.010605
7 18 0.023371 0.022152 0.010605
7 19 0.020644 0.022152 0.010605
7 20 0.018956 0.022152 0.010605
8 0 0.011296 0.022152 0.010605
8 1 0.009738 0.022152 0.010605
8 2 0.011685 0.022152 0.010605
8 3 0.014022 0.022152 0.010605
8 4 0.015970 0.022152 0.010605
8 5 0.018047 0.022152 0.010605
8 6 0.020254 0.022152 0.010605
8 7 0.021683 0.022152 0.010605
8 8 0.023241 0.022152 0.010605
8 9 0.022721 0.022152 0.010605
8 10 0.024669 0.022152 0.010605
8 11 0.027006 0.022152 0.010605
8 12 0.032199 0.022152 0.010605
8 13 0.031420 0.022152 0.010605
8 14 0.033498 0.022152 0.010605
8 15 0.032849 0.022152 0.010605
8 16 0.032329 0.022152 0.010605
8 17 0.028434 0.022152 0.010605
8 18 0.023630 0.022152 0.010605
8 19 0.019995 0.022152 0.010605
8 20 0.018826 0.022152 0.010605
9 0 0.009868 0.022152 0.010605
9 1 0.010906 0.022152 0.010605
9 2 0.011815 0.022152 0.010605
9 3 0.015321 0.022152 0.010605
9 4 0.018696 0.022152 0.010605
9 5 0.020774 0.022152 0.010605
9 6 0.023760 0.022152 0.010605
9 7 0.025188 0.022152 0.010605
9 8 0.025058 0.022152 0.010605
9 9 0.025448 0.022152 0.010605
9 10 0.027395 0.022152 0.010605
9 11 0.029343 0.022152 0.010605
9 12 0.033498 0.022152 0.010605
9 13 0.032719 0.022152 0.010605
9 14 0.031940 0.022152 0.010605
9 15 0.030771 0.022152 0.010605
9 16 0.030512 0.022152 0.010605
9 17 0.026876 0.022152 0.010605
9 18 0.023241 0.022152 0.010605
9 19 0.020125 0.022152 0.010605
9 20 0.018177 0.022152 0.010605
10 0 0.010517 0.022152 0.010605
10 1 0.012205 0.022152 0.010605
10 2 0.013503 0.022152 0.010605
10 3 0.017788 0.022152 0.010605
10 4 0.019995 0.022152 0.010605
10 5 0.022981 0.022152 0.010605
10 6 0.023760 0.022152 0.010605
10 7 0.027395 0.022152 0.010605
10 8 0.028564 0.022152 0.010605
10 9 0.026616 0.022152 0.010605
10 10 0.029473 0.022152 0.010605
10 11 0.032070 0.022152 0.010605
10 12 0.032589 0.022152 0.010605
10 13 0.031420 0.022152 0.010605
10 14 0.031420 0.022152 0.010605
10 15 0.030771 0.022152 0.010605
10 16 0.027655 0.022152 0.010605
10 17 0.025708 0.022152 0.010605
10 18 0.021033 0.022152 0.010605
10 19 0.020774 0.022152 0.010605
10 20 0.018567 0.022152 0.010605
11 0 0.016879 0.022152 0.010605
11 1 0.019475 0.022152 0.010605
11 2 0.022332 0.022152 0.010605
11 3 0.021942 0.022152 0.010605
11 4 0.024799 0.022152 0.010605
11 5 0.029862 0.022152 0.010605
11 6 0.029473 0.022152 0.010605
11 7 0.031161 0.022152 0.010605
11 8 0.029862 0.022152 0.010605
11 9 0.030122 0.022152 0.010605
11 10 0.035316 0.022152 0.010605
11 11 0.034147 0.022152 0.010605
11 12 0.034017 0.022152 0.010605
11 13 0.031291 0.022152 0.010605
11 14 0.029733 0.022152 0.010605
11 15 0.028304 0.022152 0.010605
11 16 0.024150 0.022152 0.010605
11 17 0.023371 0.022152 0.010605
11 18 0.019475 0.022152 0.010605
11 19 0.018307 0.022152 0.010605
11 20 0.015840 0.022152 0.010605
12 0 0.023630 0.022152 0.010605
12 1 0.026746 0.022152 0.010605
12 2 0.030382 0.022152 0.010605
12 3 0.029992 0.022152 0.010605
12 4 0.032719 0.022152 0.010605
12 5 0.032978 0.022152 0.010605
12 6 0.033108 0.022152 0.010605
12 7 0.032199 0.022152 0.010605
12 8 0.031680 0.022152 0.010605
12 9 0.034926 0.022152 0.010605
12 10 0.035445 0.022152 0.010605
12 11 0.034536 0.022152 0.010605
12 12 0.033498 0.022152 0.010605
12 13 0.028045 0.022152 0.010605
12 14 0.025448 0.022152 0.010605
12 15 0.022462 0.022152 0.010605
12 16 0.019605 0.022152 0.010605
12 17 0.017788 0.022152 0.010605
12 18 0.015451 0.022152 0.010605
12 19 0.014282 0.022152 0.010605
12 20 0.013763 0.022152 0.010605
13 0 0.032978 0.022152 0.010605
13 1 0.034147 0.022152 0.010605
13 2 0.036354 0.022152 0.010605
13 3 0.034407 0.022152 0.010605
13 4 0.035965 0.022152 0.010605
13 5 0.034017 0.022152 0.010605
13 6 0.034407 0.022152 0.010605
13 7 0.033628 0.022152 0.010605
13 8 0.034666 0.022152 0.010605
13 9 0.036744 0.022152 0.010605
13 10 0.037653 0.022152 0.010605
13 11 0.034666 0.022152 0.010605
13 12 0.029603 0.022152 0.010605
13 13 0.022851 0.022152 0.010605
13 14 0.018047 0.022152 0.010605
13 15 0.014152 0.022152 0.010605
13 16 0.014542 0.022152 0.010605
13 17 0.012464 0.022152 0.010605
13 18 0.011555 0.022152 0.010605
13 19 0.009997 0.022152 0.010605
13 20 0.010517 0.022152 0.010605
14 0 0.036484 0.022152 0.010605
14 1 0.041158 0.022152 0.010605
14 2 0.041937 0.022152 0.010605
14 3 0.038691 0.022152 0.010605
14 4 0.037003 0.022152 0.010605
14 5 0.032719 0.022152 0.010605
14 6 0.032978 0.022152 0.010605
14 7 0.034796 0.022152 0.010605
14 8 0.036484 0.022152 0.010605
14 9 0.036744 0.022152 0.010605
14 10 0.036484 0.022152 0.010605
14 11 0.030252 0.022152 0.010605
14 12 0.025578 0.022152 0.010605
14 13 0.018047 0.022152 0.010605
14 14 0.012075 0.022152 0.010605
14 15 0.009868 0.022152 0.010605
14 16 0.008439 0.022152 0.010605
14 17 0.007011 0.022152 0.010605
14 18 0.007141 0.022152 0.010605
14 19 0.006622 0.022152 0.010605
14 20 0.008050 0.022152 0.010605
15 0 0.038302 0.022152 0.010605
15 1 0.040249 0.022152 0.010605
15 2 0.042197 0.022152 0.010605
15 3 0.040379 0.022152 0.010605
15 4 0.036224 0.022152 0.010605
15 5 0.031031 0.022152 0.010605
15 6 0.030641 0.022152 0.010605
15 7 0.034666 0.022152 0.010605
15 8 0.034536 0.022152 0.010605
15 9 0.035186 0.022152 0.010605
15 10 0.033368 0.022152 0.010605
15 11 0.028824 0.022152 0.010605
15 12 0.022462 0.022152 0.010605
15 13 0.014412 0.022152 0.010605
15 14 0.007401 0.022152 0.010605
15 15 0.005843 0.022152 0.010605
15 16 0.005713 0.022152 0.010605
15 17 0.004674 0.022152 0.010605
15 18 0.004414 0.022152 0.010605
15 19 0.004804 0.022152 0.010605
15 20 0.005843 0.022152 0.010605
16 0 0.038691 0.022152 0.010605
16 1 0.040639 0.022152 0.010605
16 2 0.041548 0.022152 0.010605
16 3 0.036095 0.022152 0.010605
16 4 0.033238 0.022152 0.010605
16 5 0.027136 0.022152 0.010605
16 6 0.029603 0.022152 0.010605
16 7 0.029733 0.022152 0.010605
16 8 0.032329 0.022152 0.010605
16 9 0.033757 0.022152 0.010605
16 10 0.031680 0.022152 0.010605
16 11 0.025318 0.022152 0.010605
16 12 0.019605 0.022152 0.010605
16 13 0.011555 0.022152 0.010605
16 14 0.005583 0.022152 0.010605
16 15 0.004544 0.022152 0.010605
16 16 0.004414 0.022152 0.010605
16 17 0.004804 0.022152 0.010605
16 18 0.004285 0.022152 0.010605
16 19 0.004025 0.022152 0.010605
16 20 0.005453 0.022152 0.010605
17 0 0.036744 0.022152 0.010605
17 1 0.039600 0.022152 0.010605
17 2 0.038432 0.022152 0.010605
17 3 0.033108 0.022152 0.010605
17 4 0.030512 0.022152 0.010605
17 5 0.026227 0.022152 0.010605
17 6 0.026876 0.022152 0.010605
17 7 0.028434 0.022152 0.010605
17 8 0.028824 0.022152 0.010605
17 9 0.030771 0.022152 0.010605
17 10 0.026227 0.022152 0.010605
17 11 0.021813 0.022152 0.010605
17 12 0.014931 0.022152 0.010605
17 13 0.011555 0.022152 0.010605
17 14 0.007011 0.022152 0.010605
17 15 0.004155 0.022152 0.010605
17 16 0.004285 0.022152 0.010605
17 17 0.004285 0.022152 0.010605
17 18 0.004544 0.022152 0.010605
17 19 0.004804 0.022152 0.010605
17 20 0.006232 0.022152 0.010605
18 0 0.033757 0.022152 0.010605
18 1 0.035965 0.022152 0.010605
18 2 0.033757 0.022152 0.010605
18 3 0.030901 0.022152 0.010605
18 4 0.027785 0.022152 0.010605
18 5 0.025058 0.022152 0.010605
18 6 0.025058 0.022152 0.010605
18 7 0.025708 0.022152 0.010605
18 8 0.026097 0.022152 0.010605
18 9 0.027136 0.022152 0.010605
18 10 0.023500 0.022152 0.010605
18 11 0.018307 0.022152 0.010605
18 12 0.013633 0.022152 0.010605
18 13 0.010647 0.022152 0.010605
18 14 0.006622 0.022152 0.010605
18 15 0.005193 0.022152 0.010605
18 16 0.004934 0.022152 0.010605
18 17 0.004804 0.022152 0.010605
18 18 0.004544 0.022152 0.010605
18 19 0.006362 0.022152 0.010605
18 20 0.007141 0.022152 0.010605
19 0 0.032070 0.022152 0.010605
19 1 0.031550 0.022152 0.010605
19 2 0.029992 0.022152 0.010605
19 3 0.029213 0.022152 0.010605
19 4 0.024669 0.022152 0.010605
19 5 0.021033 0.022152 0.010605
19 6 0.021163 0.022152 0.010605
19 7 0.022721 0.022152 0.010605
19 8 0.023371 0.022152 0.010605
19 9 0.024929 0.022152 0.010605
19 10 0.021293 0.022152 0.010605
19 11 0.017528 0.022152 0.010605
19 12 0.013373 0.022152 0.010605
19 13 0.009089 0.022152 0.010605
19 14 0.007531 0.022152 0.010605
19 15 0.006362 0.022152 0.010605
19 16 0.006362 0.022152 0.010605
19 17 0.005583 0.022152 0.010605
19 18 0.005713 0.022152 0.010605
19 19 0.007141 0.022152 0.010605
19 20 0.008050 0.022152 0.010605
20 0 0.025578 0.022152 0.010605
20 1 0.025708 0.022152 0.010605
20 2 0.024539 0.022152 0.010605
20 3 0.023371 0.022152 0.010605
20 4 0.021813 0.022152 0.010605
20 5 0.019995 0.022152 0.010605
20 6 0.020384 0.022152 0.010605
20 7 0.020904 0.022152 0.010605
20 8 0.020384 0.022152 0.010605
20 9 0.021813 0.022152 0.010605
20 10 0.019216 0.022152 0.010605
20 11 0.016359 0.022152 0.010605
20 12 0.012334 0.022152 0.010605
20 13 0.011555 0.022152 0.010605
20 14 0.009348 0.022152 0.010605
20 15 0.007790 0.022152 0.010605
20 16 0.007790 0.022152 0.010605
20 17 0.007790 0.022152 0.010605
20 18 0.008050 0.022152 0.010605
20 19 0.008439 0.022152 0.010605
20 20 0.009478 0.022152 0.010605
