# contact distance = 12.0 Angstroms
# F = 0.4 kJ/mol

# i j contact_probability mean_contact_probability stddev_contact_probability
0 0 0.012957 0.027357 0.007298
0 1 0.013921 0.027357 0.007298
0 2 0.014197 0.027357 0.007298
0 3 0.015575 0.027357 0.007298
0 4 0.016954 0.027357 0.007298
0 5 0.018470 0.027357 0.007298
0 6 0.018470 0.027357 0.007298
0 7 0.017367 0.027357 0.007298
0 8 0.016540 0.027357 0.007298
0 9 0.016127 0.027357 0.007298
0 10 0.017919 0.027357 0.007298
0 11 0.017367 0.027357 0.007298
0 12 0.019573 0.027357 0.007298
0 13 0.021916 0.027357 0.007298
0 14 0.025637 0.027357 0.007298
0 15 0.026465 0.027357 0.007298
0 16 0.028946 0.027357 0.007298
0 17 0.028394 0.027357 0.007298
0 18 0.029359 0.027357 0.007298
0 19 0.028119 0.027357 0.007298
0 20 0.025637 0.027357 0.007298
1 0 0.011716 0.027357 0.007298
1 1 0.011578 0.027357 0.007298
1 2 0.012681 0.027357 0.007298
1 3 0.014611 0.027357 0.007298
1 4 0.016540 0.027357 0.007298
1 5 0.016954 0.027357 0.007298
1 6 0.017505 0.027357 0.007298
1 7 0.017229 0.027357 0.007298
1 8 0.017367 0.027357 0.007298
1 9 0.017781 0.027357 0.007298
1 10 0.018057 0.027357 0.007298
1 11 0.018470 0.027357 0.007298
1 12 0.020538 0.027357 0.007298
1 13 0.024397 0.027357 0.007298
1 14 0.026051 0.027357 0.007298
1 15 0.029083 0.027357 0.007298
1 16 0.031427 0.027357 0.007298
1 17 0.032943 0.027357 0.007298
1 18 0.034735 0.027357 0.007298
1 19 0.032391 0.027357 0.007298
1 20 0.029221 0.027357 0.007298
2 0 0.011854 0.027357 0.007298
2 1 0.012819 0.027357 0.007298
2 2 0.012957 0.027357 0.007298
2 3 0.015024 0.027357 0.007298
2 4 0.015713 0.027357 0.007298
2 5 0.017643 0.027357 0.007298
2 6 0.019021 0.027357 0.007298
2 7 0.018470 0.027357 0.007298
2 8 0.019435 0.027357 0.007298
2 9 0.018470 0.027357 0.007298
2 10 0.019297 0.027357 0.007298
2 11 0.020124 0.027357 0.007298
2 12 0.022329 0.027357 0.007298
2 13 0.026051 0.027357 0.007298
2 14 0.028256 0.027357 0.007298
2 15 0.030875 0.027357 0.007298
2 16 0.034045 0.027357 0.007298
2 17 0.035286 0.027357 0.007298
2 18 0.036527 0.027357 0.007298
2 19 0.033770 0.027357 0.007298
2 20 0.029359 0.027357 0.007298
3 0 0.015989 0.027357 0.007298
3 1 0.015024 0.027357 0.007298
3 2 0.014886 0.027357 0.007298
3 3 0.016265 0.027357 0.007298
3 4 0.018746 0.027357 0.007298
3 5 0.019848 0.027357 0.007298
3 6 0.020400 0.027357 0.007298
3 7 0.022743 0.027357 0.007298
3 8 0.021640 0.027357 0.007298
3 9 0.022054 0.027357 0.007298
3 10 0.022192 0.027357 0.007298
3 11 0.023570 0.027357 0.007298
3 12 0.026740 0.027357 0.007298
3 13 0.027567 0.027357 0.007298
3 14 0.029359 0.027357 0.007298
3 15 0.032116 0.027357 0.007298
3 16 0.034459 0.027357 0.007298
3 17 0.034735 0.027357 0.007298
3 18 0.036527 0.027357 0.007298
3 19 0.033908 0.027357 0.007298
3 20 0.028670 0.027357 0.007298
4 0 0.017367 0.027357 0.007298
4 1 0.017505 0.027357 0.007298
4 2 0.019159 0.027357 0.007298
4 3 0.019021 0.027357 0.007298
4 4 0.020538 0.027357 0.007298
4 5 0.021916 0.027357 0.007298
4 6 0.023294 0.027357 0.007298
4 7 0.023708 0.027357 0.007298
4 8 0.023432 0.027357 0.007298
4 9 0.025224 0.027357 0.007298
4 10 0.024810 0.027357 0.007298
4 11 0.029083 0.027357 0.007298
4 12 0.028670 0.027357 0.007298
4 13 0.030600 0.027357 0.007298
4 14 0.029773 0.027357 0.007298
4 15 0.033356 0.027357 0.007298
4 16 0.035837 0.027357 0.007298
4 17 0.034321 0.027357 0.007298
4 18 0.035562 0.027357 0.007298
4 19 0.030462 0.027357 0.007298
4 20 0.026189 0.027357 0.007298
5 0 0.019986 0.027357 0.007298
5 1 0.019297 0.027357 0.007298
5 2 0.022054 0.027357 0.007298
5 3 0.022881 0.027357 0.007298
5 4 0.023432 0.027357 0.007298
5 5 0.023983 0.027357 0.007298
5 6 0.024810 0.027357 0.007298
5 7 0.024948 0.027357 0.007298
5 8 0.024397 0.027357 0.007298
5 9 0.025224 0.027357 0.007298
5 10 0.026740 0.027357 0.007298
5 11 0.028808 0.027357 0.007298
5 12 0.030600 0.027357 0.007298
5 13 0.031289 0.027357 0.007298
5 14 0.032391 0.027357 0.007298
5 15 0.032116 0.027357 0.007298
5 16 0.032943 0.027357 0.007298
5 17 0.031840 0.027357 0.007298
5 18 0.031151 0.027357 0.007298
5 19 0.027016 0.027357 0.007298
5 20 0.023156 0.027357 0.007298
6 0 0.020262 0.027357 0.007298
6 1 0.020262 0.027357 0.007298
6 2 0.022192 0.027357 0.007298
6 3 0.022329 0.027357 0.007298
6 4 0.024121 0.027357 0.007298
6 5 0.022467 0.027357 0.007298
6 6 0.025637 0.027357 0.007298
6 7 0.027016 0.027357 0.007298
6 8 0.024948 0.027357 0.007298
6 9 0.027429 0.027357 0.007298
6 10 0.029910 0.027357 0.007298
6 11 0.030875 0.027357 0.007298
6 12 0.032805 0.027357 0.007298
6 13 0.034735 0.027357 0.007298
6 14 0.035700 0.027357 0.007298
6 15 0.036389 0.027357 0.007298
6 16 0.033908 0.027357 0.007298
6 17 0.032529 0.027357 0.007298
6 18 0.029497 0.027357 0.007298
6 19 0.025362 0.027357 0.007298
6 20 0.021502 0.027357 0.007298
7 0 0.022467 0.027357 0.007298
7 1 0.022743 0.027357 0.007298
7 2 0.023846 0.027357 0.007298
7 3 0.024121 0.027357 0.007298
7 4 0.022329 0.027357 0.007298
7 5 0.023432 0.027357 0.007298
7 6 0.024535 0.027357 0.007298
7 7 0.026051 0.027357 0.007298
7 8 0.025775 0.027357 0.007298
7 9 0.026878 0.027357 0.007298
7 10 0.027981 0.027357 0.007298
7 11 0.031151 0.027357 0.007298
7 12 0.031427 0.027357 0.007298
7 13 0.035010 0.027357 0.007298
7 14 0.034735 0.027357 0.007298
7 15 0.036664 0.027357 0.007298
7 16 0.035286 0.027357 0.007298
7 17 0.031564 0.027357 0.007298
7 18 0.028532 0.027357 0.007298
7 19 0.024673 0.027357 0.007298
7 20 0.020538 0.027357 0.007298
8 0 0.022329 0.027357 0.007298
8 1 0.021227 0.027357 0.007298
8 2 0.022467 0.027357 0.007298
8 3 0.022192 0.027357 0.007298
8 4 0.022881 0.027357 0.007298
8 5 0.024810 0.027357 0.007298
8 6 0.027567 0.027357 0.007298
8 7 0.028670 0.027357 0.007298
8 8 0.031013 0.027357 0.007298
8 9 0.029083 0.027357 0.007298
8 10 0.028808 0.027357 0.007298
8 11 0.030462 0.027357 0.007298
8 12 0.033494 0.027357 0.007298
8 13 0.035286 0.027357 0.007298
8 14 0.038456 0.027357 0.007298
8 15 0.038594 0.027357 0.007298
8 16 0.035975 0.027357 0.007298
8 17 0.031978 0.027357 0.007298
8 18 0.028808 0.027357 0.007298
8 19 0.025775 0.027357 0.007298
8 20 0.020951 0.027357 0.007298
9 0 0.020813 0.027357 0.007298
9 1 0.019711 0.027357 0.007298
9 2 0.021640 0.027357 0.007298
9 3 0.021227 0.027357 0.007298
9 4 0.024673 0.027357 0.007298
9 5 0.024810 0.027357 0.007298
9 6 0.028808 0.027357 0.007298
9 7 0.032116 0.027357 0.007298
9 8 0.033356 0.027357 0.007298
9 9 0.029773 0.027357 0.007298
9 10 0.030875 0.027357 0.007298
9 11 0.032943 0.027357 0.007298
9 12 0.033632 0.027357 0.007298
9 13 0.036940 0.027357 0.007298
9 14 0.038181 0.027357 0.007298
9 15 0.039421 0.027357 0.007298
9 16 0.038318 0.027357 0.007298
9 17 0.033081 0.027357 0.007298
9 18 0.030737 0.027357 0.007298
9 19 0.026602 0.027357 0.007298
9 20 0.020951 0.027357 0.007298
10 0 0.019435 0.027357 0.007298
10 1 0.021778 0.027357 0.007298
10 2 0.022329 0.027357 0.007298
10 3 0.024397 0.027357 0.007298
10 4 0.026189 0.027357 0.007298
10 5 0.027843 0.027357 0.007298
10 6 0.029910 0.027357 0.007298
10 7 0.032391 0.027357 0.007298
10 8 0.031702 0.027357 0.007298
10 9 0.032667 0.027357 0.007298
10 10 0.032116 0.027357 0.007298
10 11 0.033632 0.027357 0.007298
10 12 0.035286 0.027357 0.007298
10 13 0.036527 0.027357 0.007298
10 14 0.038870 0.027357 0.007298
10 15 0.039145 0.027357 0.007298
10 16 0.039421 0.027357 0.007298
10 17 0.035286 0.027357 0.007298
10 18 0.030324 0.027357 0.007298
10 19 0.025913 0.027357 0.007298
10 20 0.021502 0.027357 0.007298
11 0 0.020262 0.027357 0.007298
11 1 0.023294 0.027357 0.007298
11 2 0.024397 0.027357 0.007298
11 3 0.026878 0.027357 0.007298
11 4 0.029773 0.027357 0.007298
11 5 0.030462 0.027357 0.007298
11 6 0.031013 0.027357 0.007298
11 7 0.031427 0.027357 0.007298
11 8 0.031840 0.027357 0.007298
11 9 0.031840 0.027357 0.007298
11 10 0.034183 0.027357 0.007298
11 11 0.035010 0.027357 0.007298
11 12 0.037354 0.027357 0.007298
11 13 0.035700 0.027357 0.007298
11 14 0.039972 0.027357 0.007298
11 15 0.042040 0.027357 0.007298
11 16 0.039421 0.027357 0.007298
11 17 0.035700 0.027357 0.007298
11 18 0.031013 0.027357 0.007298
11 19 0.025224 0.027357 0.007298
11 20 0.021089 0.027357 0.007298
12 0 0.019573 0.027357 0.007298
12 1 0.021778 0.027357 0.007298
12 2 0.023846 0.027357 0.007298
12 3 0.027154 0.027357 0.007298
12 4 0.030600 0.027357 0.007298
12 5 0.030462 0.027357 0.007298
12 6 0.030048 0.027357 0.007298
12 7 0.031702 0.027357 0.007298
12 8 0.034873 0.027357 0.007298
12 9 0.035286 0.027357 0.007298
12 10 0.036802 0.027357 0.007298
12 11 0.039697 0.027357 0.007298
12 12 0.036802 0.027357 0.007298
12 13 0.038594 0.027357 0.007298
12 14 0.040662 0.027357 0.007298
12 15 0.042591 0.027357 0.007298
12 16 0.040110 0.027357 0.007298
12 17 0.036802 0.027357 0.007298
12 18 0.029773 0.027357 0.007298
12 19 0.024673 0.027357 0.007298
12 20 0.021365 0.027357 0.007298
13 0 0.019297 0.027357 0.007298
13 1 0.022605 0.027357 0.007298
13 2 0.023983 0.027357 0.007298
13 3 0.026740 0.027357 0.007298
13 4 0.029497 0.027357 0.007298
13 5 0.029359 0.027357 0.007298
13 6 0.031151 0.027357 0.007298
13 7 0.035010 0.027357 0.007298
13 8 0.033356 0.027357 0.007298
13 9 0.036251 0.027357 0.007298
13 10 0.039559 0.027357 0.007298
13 11 0.040248 0.027357 0.007298
13 12 0.039835 0.027357 0.007298
13 13 0.040524 0.027357 0.007298
13 14 0.042040 0.027357 0.007298
13 15 0.042867 0.027357 0.007298
13 16 0.038318 0.027357 0.007298
13 17 0.035975 0.027357 0.007298
13 18 0.029910 0.027357 0.007298
13 19 0.025224 0.027357 0.007298
13 20 0.021778 0.027357 0.007298
14 0 0.020813 0.027357 0.007298
14 1 0.023019 0.027357 0.007298
14 2 0.026740 0.027357 0.007298
14 3 0.028256 0.027357 0.007298
14 4 0.028808 0.027357 0.007298
14 5 0.030600 0.027357 0.007298
14 6 0.030600 0.027357 0.007298
14 7 0.032943 0.027357 0.007298
14 8 0.036389 0.027357 0.007298
14 9 0.039283 0.027357 0.007298
14 10 0.039145 0.027357 0.007298
14 11 0.041075 0.027357 0.007298
14 12 0.039145 0.027357 0.007298
14 13 0.040799 0.027357 0.007298
14 14 0.041213 0.027357 0.007298
14 15 0.040799 0.027357 0.007298
14 16 0.036802 0.027357 0.007298
14 17 0.034183 0.027357 0.007298
14 18 0.027567 0.027357 0.007298
14 19 0.022743 0.027357 0.007298
14 20 0.020951 0.027357 0.007298
15 0 0.022881 0.027357 0.007298
15 1 0.025224 0.027357 0.007298
15 2 0.026602 0.027357 0.007298
15 3 0.029083 0.027357 0.007298
15 4 0.029635 0.027357 0.007298
15 5 0.029083 0.027357 0.007298
15 6 0.031427 0.027357 0.007298
15 7 0.032529 0.027357 0.007298
15 8 0.032805 0.027357 0.007298
15 9 0.036940 0.027357 0.007298
15 10 0.038043 0.027357 0.007298
15 11 0.040799 0.027357 0.007298
15 12 0.040386 0.027357 0.007298
15 13 0.039421 0.027357 0.007298
15 14 0.039283 0.027357 0.007298
15 15 0.038043 0.027357 0.007298
15 16 0.035700 0.027357 0.007298
15 17 0.030324 0.027357 0.007298
15 18 0.026189 0.027357 0.007298
15 19 0.020675 0.027357 0.007298
15 20 0.018884 0.027357 0.007298
16 0 0.026051 0.027357 0.007298
16 1 0.029773 0.027357 0.007298
16 2 0.030186 0.027357 0.007298
16 3 0.027429 0.027357 0.007298
16 4 0.029083 0.027357 0.007298
16 5 0.029221 0.027357 0.007298
16 6 0.030324 0.027357 0.007298
16 7 0.031289 0.027357 0.007298
16 8 0.032391 0.027357 0.007298
16 9 0.033908 0.027357 0.007298
16 10 0.035975 0.027357 0.007298
16 11 0.038870 0.027357 0.007298
16 12 0.039283 0.027357 0.007298
16 13 0.039008 0.027357 0.007298
16 14 0.035975 0.027357 0.007298
16 15 0.034735 0.027357 0.007298
16 16 0.031151 0.027357 0.007298
16 17 0.024535 0.027357 0.007298
16 18 0.020538 0.027357 0.007298
16 19 0.017643 0.027357 0.007298
16 20 0.017092 0.027357 0.007298
17 0 0.027429 0.027357 0.007298
17 1 0.031013 0.027357 0.007298
17 2 0.031840 0.027357 0.007298
17 3 0.030600 0.027357 0.007298
17 4 0.030048 0.027357 0.007298
17 5 0.029083 0.027357 0.007298
17 6 0.028394 0.027357 0.007298
17 7 0.028394 0.027357 0.007298
17 8 0.030600 0.027357 0.007298
17 9 0.032391 0.027357 0.007298
17 10 0.032529 0.027357 0.007298
17 11 0.034183 0.027357 0.007298
17 12 0.035837 0.027357 0.007298
17 13 0.034183 0.027357 0.007298
17 14 0.034045 0.027357 0.007298
17 15 0.029221 0.027357 0.007298
17 16 0.025637 0.027357 0.007298
17 17 0.020538 0.027357 0.007298
17 18 0.015300 0.027357 0.007298
17 19 0.013232 0.027357 0.007298
17 20 0.013784 0.027357 0.007298
18 0 0.029083 0.027357 0.007298
18 1 0.032254 0.027357 0.007298
18 2 0.032805 0.027357 0.007298
18 3 0.032254 0.027357 0.007298
18 4 0.029910 0.027357 0.007298
18 5 0.028532 0.027357 0.007298
18 6 0.026465 0.027357 0.007298
18 7 0.026465 0.027357 0.007298
18 8 0.028532 0.027357 0.007298
18 9 0.028946 0.027357 0.007298
18 10 0.028256 0.027357 0.007298
18 11 0.028532 0.027357 0.007298
18 12 0.028808 0.027357 0.007298
18 13 0.031151 0.027357 0.007298
18 14 0.028670 0.027357 0.007298
18 15 0.026602 0.027357 0.007298
18 16 0.019711 0.027357 0.007298
18 17 0.015989 0.027357 0.007298
18 18 0.011578 0.027357 0.007298
18 19 0.011303 0.027357 0.007298
18 20 0.011303 0.027357 0.007298
19 0 0.028394 0.027357 0.007298
19 1 0.030324 0.027357 0.007298
19 2 0.032254 0.027357 0.007298
19 3 0.031013 0.027357 0.007298
19 4 0.029359 0.027357 0.007298
19 5 0.026740 0.027357 0.007298
19 6 0.024535 0.027357 0.007298
19 7 0.024948 0.027357 0.007298
19 8 0.026602 0.027357 0.007298
19 9 0.026465 0.027357 0.007298
19 10 0.025224 0.027357 0.007298
19 11 0.025086 0.027357 0.007298
19 12 0.025500 0.027357 0.007298
19 13 0.027981 0.027357 0.007298
19 14 0.026327 0.027357 0.007298
19 15 0.021502 0.027357 0.007298
19 16 0.016402 0.027357 0.007298
19 17 0.011578 0.027357 0.007298
19 18 0.011578 0.027357 0.007298
19 19 0.011992 0.027357 0.007298
19 20 0.011440 0.027357 0.007298
20 0 0.026740 0.027357 0.007298
20 1 0.025775 0.027357 0.007298
20 2 0.027154 0.027357 0.007298
20 3 0.026051 0.027357 0.007298
20 4 0.026327 0.027357 0.007298
20 5 0.024259 0.027357 0.007298
20 6 0.022605 0.027357 0.007298
20 7 0.022054 0.027357 0.007298
20 8 0.023570 0.027357 0.007298
20 9 0.024121 0.027357 0.007298
20 10 0.023019 0.027357 0.007298
20 11 0.022743 0.027357 0.007298
20 12 0.023983 0.027357 0.007298
20 13 0.025224 0.027357 0.007298
20 14 0.022881 0.027357 0.007298
20 15 0.020538 0.027357 0.007298
20 16 0.015851 0.027357 0.007298
20 17 0.011854 0.027357 0.007298
20 18 0.010751 0.027357 0.007298
20 19 0.011716 0.027357 0.007298
20 20 0.011165 0.027357 0.007298
