# contact distance = 12.0 Angstroms
# F = 0.4 kJ/mol

# i j contact_probability mean_contact_probability stddev_contact_probability
0 0 0.006158 0.025315 0.014897
0 1 0.005598 0.025315 0.014897
0 2 0.005598 0.025315 0.014897
0 3 0.006941 0.025315 0.014897
0 4 0.007949 0.025315 0.014897
0 5 0.010524 0.025315 0.014897
0 6 0.010860 0.025315 0.014897
0 7 0.012203 0.025315 0.014897
0 8 0.012315 0.025315 0.014897
0 9 0.011644 0.025315 0.014897
0 10 0.014778 0.025315 0.014897
0 11 0.018809 0.025315 0.014897
0 12 0.021496 0.025315 0.014897
0 13 0.026310 0.025315 0.014897
0 14 0.035714 0.025315 0.014897
0 15 0.047134 0.025315 0.014897
0 16 0.056090 0.025315 0.014897
0 17 0.058106 0.025315 0.014897
0 18 0.058218 0.025315 0.014897
0 19 0.051724 0.025315 0.014897
0 20 0.043215 0.025315 0.014897
1 0 0.006158 0.025315 0.014897
1 1 0.004254 0.025315 0.014897
1 2 0.004254 0.025315 0.014897
1 3 0.005934 0.025315 0.014897
1 4 0.007277 0.025315 0.014897
1 5 0.008621 0.025315 0.014897
1 6 0.009740 0.025315 0.014897
1 7 0.010972 0.025315 0.014897
1 8 0.012763 0.025315 0.014897
1 9 0.013323 0.025315 0.014897
1 10 0.014778 0.025315 0.014897
1 11 0.018249 0.025315 0.014897
1 12 0.022615 0.025315 0.014897
1 13 0.028549 0.025315 0.014897
1 14 0.040528 0.025315 0.014897
1 15 0.053739 0.025315 0.014897
1 16 0.061800 0.025315 0.014897
1 17 0.066502 0.025315 0.014897
1 18 0.067846 0.025315 0.014897
1 19 0.058554 0.025315 0.014897
1 20 0.047022 0.025315 0.014897
2 0 0.005934 0.025315 0.014897
2 1 0.004478 0.025315 0.014897
2 2 0.003471 0.025315 0.014897
2 3 0.005038 0.025315 0.014897
2 4 0.007613 0.025315 0.014897
2 5 0.008845 0.025315 0.014897
2 6 0.008845 0.025315 0.014897
2 7 0.011196 0.025315 0.014897
2 8 0.011532 0.025315 0.014897
2 9 0.013099 0.025315 0.014897
2 10 0.015226 0.025315 0.014897
2 11 0.018809 0.025315 0.014897
2 12 0.023511 0.025315 0.014897
2 13 0.031124 0.025315 0.014897
2 14 0.041760 0.025315 0.014897
2 15 0.054075 0.025315 0.014897
2 16 0.064823 0.025315 0.014897
2 17 0.069301 0.025315 0.014897
2 18 0.066279 0.025315 0.014897
2 19 0.058665 0.025315 0.014897
2 20 0.047134 0.025315 0.014897
3 0 0.006494 0.025315 0.014897
3 1 0.005150 0.025315 0.014897
3 2 0.005038 0.025315 0.014897
3 3 0.005598 0.025315 0.014897
3 4 0.006605 0.025315 0.014897
3 5 0.008397 0.025315 0.014897
3 6 0.010188 0.025315 0.014897
3 7 0.010636 0.025315 0.014897
3 8 0.011979 0.025315 0.014897
3 9 0.015226 0.025315 0.014897
3 10 0.017689 0.025315 0.014897
3 11 0.020264 0.025315 0.014897
3 12 0.025302 0.025315 0.014897
3 13 0.031236 0.025315 0.014897
3 14 0.043439 0.025315 0.014897
3 15 0.051164 0.025315 0.014897
3 16 0.058442 0.025315 0.014897
3 17 0.063032 0.025315 0.014897
3 18 0.061464 0.025315 0.014897
3 19 0.053739 0.025315 0.014897
3 20 0.043887 0.025315 0.014897
4 0 0.007725 0.025315 0.014897
4 1 0.007501 0.025315 0.014897
4 2 0.006829 0.025315 0.014897
4 3 0.007725 0.025315 0.014897
4 4 0.008957 0.025315 0.014897
4 5 0.010188 0.025315 0.014897
4 6 0.011420 0.025315 0.014897
4 7 0.014442 0.025315 0.014897
4 8 0.016346 0.025315 0.014897
4 9 0.018025 0.025315 0.014897
4 10 0.020264 0.025315 0.014897
4 11 0.023399 0.025315 0.014897
4 12 0.027653 0.025315 0.014897
4 13 0.033363 0.025315 0.014897
4 14 0.039073 0.025315 0.014897
4 15 0.043775 0.025315 0.014897
4 16 0.049597 0.025315 0.014897
4 17 0.051948 0.025315 0.014897
4 18 0.049933 0.025315 0.014897
4 19 0.041984 0.025315 0.014897
4 20 0.037058 0.025315 0.014897
5 0 0.008957 0.025315 0.014897
5 1 0.009404 0.025315 0.014897
5 2 0.009852 0.025315 0.014897
5 3 0.010188 0.025315 0.014897
5 4 0.011532 0.025315 0.014897
5 5 0.013211 0.025315 0.014897
5 6 0.014442 0.025315 0.014897
5 7 0.016010 0.025315 0.014897
5 8 0.019033 0.025315 0.014897
5 9 0.021048 0.025315 0.014897
5 10 0.021944 0.025315 0.014897
5 11 0.025974 0.025315 0.014897
5 12 0.029781 0.025315 0.014897
5 13 0.032132 0.025315 0.014897
5 14 0.035490 0.025315 0.014897
5 15 0.038401 0.025315 0.014897
5 16 0.041312 0.025315 0.014897
5 17 0.041200 0.025315 0.014897
5 18 0.036834 0.025315 0.014897
5 19 0.033363 0.025315 0.014897
5 20 0.030340 0.025315 0.014897
6 0 0.010300 0.025315 0.014897
6 1 0.010412 0.025315 0.014897
6 2 0.011420 0.025315 0.014897
6 3 0.011196 0.025315 0.014897
6 4 0.013323 0.025315 0.014897
6 5 0.015338 0.025315 0.014897
6 6 0.017017 0.025315 0.014897
6 7 0.018921 0.025315 0.014897
6 8 0.020936 0.025315 0.014897
6 9 0.023847 0.025315 0.014897
6 10 0.024742 0.025315 0.014897
6 11 0.027653 0.025315 0.014897
6 12 0.030452 0.025315 0.014897
6 13 0.032244 0.025315 0.014897
6 14 0.033811 0.025315 0.014897
6 15 0.033811 0.025315 0.014897
6 16 0.033027 0.025315 0.014897
6 17 0.032020 0.025315 0.014897
6 18 0.030900 0.025315 0.014897
6 19 0.027206 0.025315 0.014897
6 20 0.025526 0.025315 0.014897
7 0 0.011979 0.025315 0.014897
7 1 0.009964 0.025315 0.014897
7 2 0.011532 0.025315 0.014897
7 3 0.012987 0.025315 0.014897
7 4 0.014778 0.025315 0.014897
7 5 0.015674 0.025315 0.014897
7 6 0.017465 0.025315 0.014897
7 7 0.020040 0.025315 0.014897
7 8 0.024631 0.025315 0.014897
7 9 0.024966 0.025315 0.014897
7 10 0.024854 0.025315 0.014897
7 11 0.028325 0.025315 0.014897
7 12 0.030340 0.025315 0.014897
7 13 0.030228 0.025315 0.014897
7 14 0.032691 0.025315 0.014897
7 15 0.031012 0.025315 0.014897
7 16 0.029333 0.025315 0.014897
7 17 0.028549 0.025315 0.014897
7 18 0.025974 0.025315 0.014897
7 19 0.023847 0.025315 0.014897
7 20 0.020936 0.025315 0.014897
8 0 0.011979 0.025315 0.014897
8 1 0.011420 0.025315 0.014897
8 2 0.012875 0.025315 0.014897
8 3 0.012875 0.025315 0.014897
8 4 0.015450 0.025315 0.014897
8 5 0.017241 0.025315 0.014897
8 6 0.018361 0.025315 0.014897
8 7 0.023175 0.025315 0.014897
8 8 0.023847 0.025315 0.014897
8 9 0.025078 0.025315 0.014897
8 10 0.026198 0.025315 0.014897
8 11 0.028549 0.025315 0.014897
8 12 0.030116 0.025315 0.014897
8 13 0.028101 0.025315 0.014897
8 14 0.029445 0.025315 0.014897
8 15 0.028661 0.025315 0.014897
8 16 0.027877 0.025315 0.014897
8 17 0.025190 0.025315 0.014897
8 18 0.023511 0.025315 0.014897
8 19 0.020600 0.025315 0.014897
8 20 0.019481 0.025315 0.014897
9 0 0.012427 0.025315 0.014897
9 1 0.013883 0.025315 0.014897
9 2 0.013323 0.025315 0.014897
9 3 0.014890 0.025315 0.014897
9 4 0.016906 0.025315 0.014897
9 5 0.018697 0.025315 0.014897
9 6 0.021944 0.025315 0.014897
9 7 0.023959 0.025315 0.014897
9 8 0.025302 0.025315 0.014897
9 9 0.024966 0.025315 0.014897
9 10 0.028213 0.025315 0.014897
9 11 0.029109 0.025315 0.014897
9 12 0.030228 0.025315 0.014897
9 13 0.028213 0.025315 0.014897
9 14 0.027877 0.025315 0.014897
9 15 0.026646 0.025315 0.014897
9 16 0.026534 0.025315 0.014897
9 17 0.023959 0.025315 0.014897
9 18 0.021832 0.025315 0.014897
9 19 0.018473 0.025315 0.014897
9 20 0.017129 0.025315 0.014897
10 0 0.014219 0.025315 0.014897
10 1 0.015226 0.025315 0.014897
10 2 0.016794 0.025315 0.014897
10 3 0.017129 0.025315 0.014897
10 4 0.018025 0.025315 0.014897
10 5 0.020936 0.025315 0.014897
10 6 0.022615 0.025315 0.014897
10 7 0.023511 0.025315 0.014897
10 8 0.026086 0.025315 0.014897
10 9 0.026310 0.025315 0.014897
10 10 0.028437 0.025315 0.014897
10 11 0.027206 0.025315 0.014897
10 12 0.027989 0.025315 0.014897
10 13 0.026982 0.025315 0.014897
10 14 0.026982 0.025315 0.014897
10 15 0.026422 0.025315 0.014897
10 16 0.024183 0.025315 0.014897
10 17 0.021720 0.025315 0.014897
10 18 0.019033 0.025315 0.014897
10 19 0.017577 0.025315 0.014897
10 20 0.016010 0.025315 0.014897
11 0 0.016346 0.025315 0.014897
11 1 0.017689 0.025315 0.014897
11 2 0.019816 0.025315 0.014897
11 3 0.019928 0.025315 0.014897
11 4 0.021496 0.025315 0.014897
11 5 0.022951 0.025315 0.014897
11 6 0.025078 0.025315 0.014897
11 7 0.024966 0.025315 0.014897
11 8 0.027206 0.025315 0.014897
11 9 0.027429 0.025315 0.014897
11 10 0.027541 0.025315 0.014897
11 11 0.028661 0.025315 0.014897
11 12 0.030900 0.025315 0.014897
11 13 0.029557 0.025315 0.014897
11 14 0.028773 0.025315 0.014897
11 15 0.027989 0.025315 0.014897
11 16 0.024295 0.025315 0.014897
11 17 0.021160 0.025315 0.014897
11 18 0.019257 0.025315 0.014897
11 19 0.017241 0.025315 0.014897
11 20 0.017353 0.025315 0.014897
12 0 0.021272 0.025315 0.014897
12 1 0.020712 0.025315 0.014897
12 2 0.022056 0.025315 0.014897
12 3 0.022503 0.025315 0.014897
12 4 0.024742 0.025315 0.014897
12 5 0.026198 0.025315 0.014897
12 6 0.027541 0.025315 0.014897
12 7 0.028213 0.025315 0.014897
12 8 0.028885 0.025315 0.014897
12 9 0.029445 0.025315 0.014897
12 10 0.028549 0.025315 0.014897
12 11 0.030676 0.025315 0.014897
12 12 0.028325 0.025315 0.014897
12 13 0.028885 0.025315 0.014897
12 14 0.028437 0.025315 0.014897
12 15 0.025638 0.025315 0.014897
12 16 0.023399 0.025315 0.014897
12 17 0.019369 0.025315 0.014897
12 18 0.018137 0.025315 0.014897
12 19 0.017465 0.025315 0.014897
12 20 0.017017 0.025315 0.014897
13 0 0.026534 0.025315 0.014897
13 1 0.025862 0.025315 0.014897
13 2 0.026646 0.025315 0.014897
13 3 0.028661 0.025315 0.014897
13 4 0.028325 0.025315 0.014897
13 5 0.028885 0.025315 0.014897
13 6 0.029893 0.025315 0.014897
13 7 0.029333 0.025315 0.014897
13 8 0.030340 0.025315 0.014897
13 9 0.029221 0.025315 0.014897
13 10 0.029893 0.025315 0.014897
13 11 0.031348 0.025315 0.014897
13 12 0.031012 0.025315 0.014897
13 13 0.027429 0.025315 0.014897
13 14 0.025862 0.025315 0.014897
13 15 0.024854 0.025315 0.014897
13 16 0.021048 0.025315 0.014897
13 17 0.017689 0.025315 0.014897
13 18 0.016010 0.025315 0.014897
13 19 0.015114 0.025315 0.014897
13 20 0.014219 0.025315 0.014897
14 0 0.032691 0.025315 0.014897
14 1 0.035602 0.025315 0.014897
14 2 0.037618 0.025315 0.014897
14 3 0.036610 0.025315 0.014897
14 4 0.034931 0.025315 0.014897
14 5 0.034595 0.025315 0.014897
14 6 0.033587 0.025315 0.014897
14 7 0.033811 0.025315 0.014897
14 8 0.032020 0.025315 0.014897
14 9 0.032915 0.025315 0.014897
14 10 0.030900 0.025315 0.014897
14 11 0.029109 0.025315 0.014897
14 12 0.029221 0.025315 0.014897
14 13 0.026982 0.025315 0.014897
14 14 0.024631 0.025315 0.014897
14 15 0.022279 0.025315 0.014897
14 16 0.018809 0.025315 0.014897
14 17 0.015450 0.025315 0.014897
14 18 0.012875 0.025315 0.014897
14 19 0.013323 0.025315 0.014897
14 20 0.012987 0.025315 0.014897
15 0 0.044559 0.025315 0.014897
15 1 0.049485 0.025315 0.014897
15 2 0.051836 0.025315 0.014897
15 3 0.048030 0.025315 0.014897
15 4 0.045231 0.025315 0.014897
15 5 0.040528 0.025315 0.014897
15 6 0.037618 0.025315 0.014897
15 7 0.035490 0.025315 0.014897
15 8 0.032691 0.025315 0.014897
15 9 0.032468 0.025315 0.014897
15 10 0.029669 0.025315 0.014897
15 11 0.028661 0.025315 0.014897
15 12 0.027206 0.025315 0.014897
15 13 0.022503 0.025315 0.014897
15 14 0.021720 0.025315 0.014897
15 15 0.018137 0.025315 0.014897
15 16 0.013435 0.025315 0.014897
15 17 0.011196 0.025315 0.014897
15 18 0.010972 0.025315 0.014897
15 19 0.010524 0.025315 0.014897
15 20 0.010748 0.025315 0.014897
16 0 0.053627 0.025315 0.014897
16 1 0.062248 0.025315 0.014897
16 2 0.063592 0.025315 0.014897
16 3 0.061576 0.025315 0.014897
16 4 0.052620 0.025315 0.014897
16 5 0.044559 0.025315 0.014897
16 6 0.037506 0.025315 0.014897
16 7 0.032803 0.025315 0.014897
16 8 0.030788 0.025315 0.014897
16 9 0.028549 0.025315 0.014897
16 10 0.026870 0.025315 0.014897
16 11 0.025526 0.025315 0.014897
16 12 0.024966 0.025315 0.014897
16 13 0.021608 0.025315 0.014897
16 14 0.017577 0.025315 0.014897
16 15 0.013883 0.025315 0.014897
16 16 0.010636 0.025315 0.014897
16 17 0.008285 0.025315 0.014897
16 18 0.007277 0.025315 0.014897
16 19 0.007613 0.025315 0.014897
16 20 0.007949 0.025315 0.014897
17 0 0.058106 0.025315 0.014897
17 1 0.067734 0.025315 0.014897
17 2 0.070981 0.025315 0.014897
17 3 0.064823 0.025315 0.014897
17 4 0.054971 0.025315 0.014897
17 5 0.042544 0.025315 0.014897
17 6 0.037058 0.025315 0.014897
17 7 0.030788 0.025315 0.014897
17 8 0.027206 0.025315 0.014897
17 9 0.025974 0.025315 0.014897
17 10 0.024742 0.025315 0.014897
17 11 0.023735 0.025315 0.014897
17 12 0.022056 0.025315 0.014897
17 13 0.019033 0.025315 0.014897
17 14 0.015898 0.025315 0.014897
17 15 0.011420 0.025315 0.014897
17 16 0.008285 0.025315 0.014897
17 17 0.006270 0.025315 0.014897
17 18 0.005150 0.025315 0.014897
17 19 0.005598 0.025315 0.014897
17 20 0.006494 0.025315 0.014897
18 0 0.057210 0.025315 0.014897
18 1 0.068406 0.025315 0.014897
18 2 0.070645 0.025315 0.014897
18 3 0.061017 0.025315 0.014897
18 4 0.047918 0.025315 0.014897
18 5 0.039633 0.025315 0.014897
18 6 0.035378 0.025315 0.014897
18 7 0.030452 0.025315 0.014897
18 8 0.025974 0.025315 0.014897
18 9 0.022503 0.025315 0.014897
18 10 0.020264 0.025315 0.014897
18 11 0.017241 0.025315 0.014897
18 12 0.018473 0.025315 0.014897
18 13 0.015226 0.025315 0.014897
18 14 0.012763 0.025315 0.014897
18 15 0.009852 0.025315 0.014897
18 16 0.007501 0.025315 0.014897
18 17 0.005598 0.025315 0.014897
18 18 0.004926 0.025315 0.014897
18 19 0.006829 0.025315 0.014897
18 20 0.007613 0.025315 0.014897
19 0 0.052284 0.025315 0.014897
19 1 0.058889 0.025315 0.014897
19 2 0.061352 0.025315 0.014897
19 3 0.053180 0.025315 0.014897
19 4 0.043103 0.025315 0.014897
19 5 0.036050 0.025315 0.014897
19 6 0.030676 0.025315 0.014897
19 7 0.026870 0.025315 0.014897
19 8 0.024742 0.025315 0.014897
19 9 0.021496 0.025315 0.014897
19 10 0.018473 0.025315 0.014897
19 11 0.015562 0.025315 0.014897
19 12 0.015898 0.025315 0.014897
19 13 0.013547 0.025315 0.014897
19 14 0.010972 0.025315 0.014897
19 15 0.009516 0.025315 0.014897
19 16 0.007277 0.025315 0.014897
19 17 0.005486 0.025315 0.014897
19 18 0.005486 0.025315 0.014897
19 19 0.006829 0.025315 0.014897
19 20 0.008733 0.025315 0.014897
20 0 0.042096 0.025315 0.014897
20 1 0.047470 0.025315 0.014897
20 2 0.048589 0.025315 0.014897
20 3 0.044335 0.025315 0.014897
20 4 0.036610 0.025315 0.014897
20 5 0.031124 0.025315 0.014897
20 6 0.026982 0.025315 0.014897
20 7 0.021720 0.025315 0.014897
20 8 0.020152 0.025315 0.014897
20 9 0.017465 0.025315 0.014897
20 10 0.015450 0.025315 0.014897
20 11 0.014107 0.025315 0.014897
20 12 0.013883 0.025315 0.014897
20 13 0.012315 0.025315 0.014897
20 14 0.009964 0.025315 0.014897
20 15 0.010188 0.025315 0.014897
20 16 0.006941 0.025315 0.014897
20 17 0.005598 0.025315 0.014897
20 18 0.006046 0.025315 0.014897
20 19 0.007501 0.025315 0.014897
20 20 0.009292 0.025315 0.014897
