# contact distance = 12.0 Angstroms
# F = 0.4 kJ/mol

# i j contact_probability mean_contact_probability stddev_contact_probability
0 0 0.004589 0.023559 0.013852
0 1 0.003735 0.023559 0.013852
0 2 0.004162 0.023559 0.013852
0 3 0.005229 0.023559 0.013852
0 4 0.006937 0.023559 0.013852
0 5 0.008858 0.023559 0.013852
0 6 0.010245 0.023559 0.013852
0 7 0.012593 0.023559 0.013852
0 8 0.014301 0.023559 0.013852
0 9 0.015582 0.023559 0.013852
0 10 0.017076 0.023559 0.013852
0 11 0.020064 0.023559 0.013852
0 12 0.020704 0.023559 0.013852
0 13 0.022839 0.023559 0.013852
0 14 0.030736 0.023559 0.013852
0 15 0.040128 0.023559 0.013852
0 16 0.049413 0.023559 0.013852
0 17 0.053789 0.023559 0.013852
0 18 0.053148 0.023559 0.013852
0 19 0.049520 0.023559 0.013852
0 20 0.042263 0.023559 0.013852
1 0 0.003735 0.023559 0.013852
1 1 0.002668 0.023559 0.013852
1 2 0.002134 0.023559 0.013852
1 3 0.004376 0.023559 0.013852
1 4 0.005550 0.023559 0.013852
1 5 0.007471 0.023559 0.013852
1 6 0.009392 0.023559 0.013852
1 7 0.011633 0.023559 0.013852
1 8 0.013234 0.023559 0.013852
1 9 0.013661 0.023559 0.013852
1 10 0.016862 0.023559 0.013852
1 11 0.018890 0.023559 0.013852
1 12 0.024333 0.023559 0.013852
1 13 0.028495 0.023559 0.013852
1 14 0.036820 0.023559 0.013852
1 15 0.045144 0.023559 0.013852
1 16 0.056670 0.023559 0.013852
1 17 0.061900 0.023559 0.013852
1 18 0.061366 0.023559 0.013852
1 19 0.052508 0.023559 0.013852
1 20 0.045358 0.023559 0.013852
2 0 0.003949 0.023559 0.013852
2 1 0.002241 0.023559 0.013852
2 2 0.002561 0.023559 0.013852
2 3 0.003202 0.023559 0.013852
2 4 0.005550 0.023559 0.013852
2 5 0.007364 0.023559 0.013852
2 6 0.009498 0.023559 0.013852
2 7 0.010779 0.023559 0.013852
2 8 0.013020 0.023559 0.013852
2 9 0.014941 0.023559 0.013852
2 10 0.017823 0.023559 0.013852
2 11 0.019317 0.023559 0.013852
2 12 0.024013 0.023559 0.013852
2 13 0.029883 0.023559 0.013852
2 14 0.037460 0.023559 0.013852
2 15 0.047385 0.023559 0.013852
2 16 0.059338 0.023559 0.013852
2 17 0.062113 0.023559 0.013852
2 18 0.061686 0.023559 0.013852
2 19 0.055283 0.023559 0.013852
2 20 0.047385 0.023559 0.013852
3 0 0.005016 0.023559 0.013852
3 1 0.004055 0.023559 0.013852
3 2 0.003202 0.023559 0.013852
3 3 0.004589 0.023559 0.013852
3 4 0.005977 0.023559 0.013852
3 5 0.007364 0.023559 0.013852
3 6 0.008965 0.023559 0.013852
3 7 0.011206 0.023559 0.013852
3 8 0.013874 0.023559 0.013852
3 9 0.014194 0.023559 0.013852
3 10 0.019637 0.023559 0.013852
3 11 0.020277 0.023559 0.013852
3 12 0.025400 0.023559 0.013852
3 13 0.031377 0.023559 0.013852
3 14 0.038954 0.023559 0.013852
3 15 0.046425 0.023559 0.013852
3 16 0.053575 0.023559 0.013852
3 17 0.057737 0.023559 0.013852
3 18 0.055176 0.023559 0.013852
3 19 0.049733 0.023559 0.013852
3 20 0.043223 0.023559 0.013852
4 0 0.007044 0.023559 0.013852
4 1 0.007044 0.023559 0.013852
4 2 0.005123 0.023559 0.013852
4 3 0.005870 0.023559 0.013852
4 4 0.006830 0.023559 0.013852
4 5 0.008431 0.023559 0.013852
4 6 0.010245 0.023559 0.013852
4 7 0.012593 0.023559 0.013852
4 8 0.015155 0.023559 0.013852
4 9 0.018463 0.023559 0.013852
4 10 0.021238 0.023559 0.013852
4 11 0.023693 0.023559 0.013852
4 12 0.026894 0.023559 0.013852
4 13 0.033725 0.023559 0.013852
4 14 0.036606 0.023559 0.013852
4 15 0.040235 0.023559 0.013852
4 16 0.045144 0.023559 0.013852
4 17 0.048453 0.023559 0.013852
4 18 0.044610 0.023559 0.013852
4 19 0.040342 0.023559 0.013852
4 20 0.034472 0.023559 0.013852
5 0 0.009392 0.023559 0.013852
5 1 0.007684 0.023559 0.013852
5 2 0.007150 0.023559 0.013852
5 3 0.007471 0.023559 0.013852
5 4 0.008431 0.023559 0.013852
5 5 0.010139 0.023559 0.013852
5 6 0.012380 0.023559 0.013852
5 7 0.014941 0.023559 0.013852
5 8 0.017289 0.023559 0.013852
5 9 0.019744 0.023559 0.013852
5 10 0.023372 0.023559 0.013852
5 11 0.025827 0.023559 0.013852
5 12 0.028068 0.023559 0.013852
5 13 0.031590 0.023559 0.013852
5 14 0.036606 0.023559 0.013852
5 15 0.036713 0.023559 0.013852
5 16 0.036073 0.023559 0.013852
5 17 0.037460 0.023559 0.013852
5 18 0.032871 0.023559 0.013852
5 19 0.031057 0.023559 0.013852
5 20 0.027855 0.023559 0.013852
6 0 0.010886 0.023559 0.013852
6 1 0.010139 0.023559 0.013852
6 2 0.008538 0.023559 0.013852
6 3 0.008751 0.023559 0.013852
6 4 0.010993 0.023559 0.013852
6 5 0.010886 0.023559 0.013852
6 6 0.013767 0.023559 0.013852
6 7 0.016969 0.023559 0.013852
6 8 0.019424 0.023559 0.013852
6 9 0.023799 0.023559 0.013852
6 10 0.025507 0.023559 0.013852
6 11 0.026894 0.023559 0.013852
6 12 0.029242 0.023559 0.013852
6 13 0.031483 0.023559 0.013852
6 14 0.034899 0.023559 0.013852
6 15 0.033938 0.023559 0.013852
6 16 0.032017 0.023559 0.013852
6 17 0.028815 0.023559 0.013852
6 18 0.025400 0.023559 0.013852
6 19 0.022625 0.023559 0.013852
6 20 0.022092 0.023559 0.013852
7 0 0.013234 0.023559 0.013852
7 1 0.011313 0.023559 0.013852
7 2 0.011526 0.023559 0.013852
7 3 0.012380 0.023559 0.013852
7 4 0.011953 0.023559 0.013852
7 5 0.013127 0.023559 0.013852
7 6 0.015155 0.023559 0.013852
7 7 0.018250 0.023559 0.013852
7 8 0.023052 0.023559 0.013852
7 9 0.026894 0.023559 0.013852
7 10 0.028282 0.023559 0.013852
7 11 0.029349 0.023559 0.013852
7 12 0.030416 0.023559 0.013852
7 13 0.032124 0.023559 0.013852
7 14 0.033298 0.023559 0.013852
7 15 0.031590 0.023559 0.013852
7 16 0.027641 0.023559 0.013852
7 17 0.024440 0.023559 0.013852
7 18 0.021131 0.023559 0.013852
7 19 0.017396 0.023559 0.013852
7 20 0.017609 0.023559 0.013852
8 0 0.013874 0.023559 0.013852
8 1 0.013874 0.023559 0.013852
8 2 0.013234 0.023559 0.013852
8 3 0.013340 0.023559 0.013852
8 4 0.014621 0.023559 0.013852
8 5 0.016329 0.023559 0.013852
8 6 0.017609 0.023559 0.013852
8 7 0.020598 0.023559 0.013852
8 8 0.023266 0.023559 0.013852
8 9 0.026788 0.023559 0.013852
8 10 0.031910 0.023559 0.013852
8 11 0.032124 0.023559 0.013852
8 12 0.030843 0.023559 0.013852
8 13 0.032551 0.023559 0.013852
8 14 0.033191 0.023559 0.013852
8 15 0.030950 0.023559 0.013852
8 16 0.025934 0.023559 0.013852
8 17 0.020918 0.023559 0.013852
8 18 0.018143 0.023559 0.013852
8 19 0.016435 0.023559 0.013852
8 20 0.015155 0.023559 0.013852
9 0 0.013447 0.023559 0.013852
9 1 0.013020 0.023559 0.013852
9 2 0.013554 0.023559 0.013852
9 3 0.015795 0.023559 0.013852
9 4 0.016542 0.023559 0.013852
9 5 0.018997 0.023559 0.013852
9 6 0.019851 0.023559 0.013852
9 7 0.021772 0.023559 0.013852
9 8 0.027535 0.023559 0.013852
9 9 0.028175 0.023559 0.013852
9 10 0.032978 0.023559 0.013852
9 11 0.034365 0.023559 0.013852
9 12 0.032017 0.023559 0.013852
9 13 0.033298 0.023559 0.013852
9 14 0.031057 0.023559 0.013852
9 15 0.028709 0.023559 0.013852
9 16 0.025080 0.023559 0.013852
9 17 0.018677 0.023559 0.013852
9 18 0.016756 0.023559 0.013852
9 19 0.014514 0.023559 0.013852
9 20 0.014408 0.023559 0.013852
10 0 0.014941 0.023559 0.013852
10 1 0.015368 0.023559 0.013852
10 2 0.016009 0.023559 0.013852
10 3 0.017609 0.023559 0.013852
10 4 0.019637 0.023559 0.013852
10 5 0.021878 0.023559 0.013852
10 6 0.024333 0.023559 0.013852
10 7 0.025507 0.023559 0.013852
10 8 0.029349 0.023559 0.013852
10 9 0.032871 0.023559 0.013852
10 10 0.033725 0.023559 0.013852
10 11 0.033831 0.023559 0.013852
10 12 0.032551 0.023559 0.013852
10 13 0.032124 0.023559 0.013852
10 14 0.031270 0.023559 0.013852
10 15 0.026788 0.023559 0.013852
10 16 0.022839 0.023559 0.013852
10 17 0.020064 0.023559 0.013852
10 18 0.016435 0.023559 0.013852
10 19 0.014835 0.023559 0.013852
10 20 0.013340 0.023559 0.013852
11 0 0.018036 0.023559 0.013852
11 1 0.019210 0.023559 0.013852
11 2 0.019104 0.023559 0.013852
11 3 0.022412 0.023559 0.013852
11 4 0.022839 0.023559 0.013852
11 5 0.025400 0.023559 0.013852
11 6 0.027962 0.023559 0.013852
11 7 0.026788 0.023559 0.013852
11 8 0.029456 0.023559 0.013852
11 9 0.032657 0.023559 0.013852
11 10 0.032231 0.023559 0.013852
11 11 0.033191 0.023559 0.013852
11 12 0.031697 0.023559 0.013852
11 13 0.031804 0.023559 0.013852
11 14 0.029562 0.023559 0.013852
11 15 0.026467 0.023559 0.013852
11 16 0.022839 0.023559 0.013852
11 17 0.017930 0.023559 0.013852
11 18 0.016009 0.023559 0.013852
11 19 0.014941 0.023559 0.013852
11 20 0.013981 0.023559 0.013852
12 0 0.021451 0.023559 0.013852
12 1 0.023693 0.023559 0.013852
12 2 0.024120 0.023559 0.013852
12 3 0.026361 0.023559 0.013852
12 4 0.025720 0.023559 0.013852
12 5 0.027428 0.023559 0.013852
12 6 0.028068 0.023559 0.013852
12 7 0.028388 0.023559 0.013852
12 8 0.031483 0.023559 0.013852
12 9 0.031804 0.023559 0.013852
12 10 0.032871 0.023559 0.013852
12 11 0.031910 0.023559 0.013852
12 12 0.030736 0.023559 0.013852
12 13 0.030523 0.023559 0.013852
12 14 0.027641 0.023559 0.013852
12 15 0.025080 0.023559 0.013852
12 16 0.021131 0.023559 0.013852
12 17 0.016009 0.023559 0.013852
12 18 0.013447 0.023559 0.013852
12 19 0.012166 0.023559 0.013852
12 20 0.012166 0.023559 0.013852
13 0 0.025187 0.023559 0.013852
13 1 0.027748 0.023559 0.013852
13 2 0.028922 0.023559 0.013852
13 3 0.033404 0.023559 0.013852
13 4 0.031377 0.023559 0.013852
13 5 0.031804 0.023559 0.013852
13 6 0.032017 0.023559 0.013852
13 7 0.031270 0.023559 0.013852
13 8 0.030309 0.023559 0.013852
13 9 0.031697 0.023559 0.013852
13 10 0.031697 0.023559 0.013852
13 11 0.031804 0.023559 0.013852
13 12 0.029456 0.023559 0.013852
13 13 0.029136 0.023559 0.013852
13 14 0.026788 0.023559 0.013852
13 15 0.022732 0.023559 0.013852
13 16 0.018783 0.023559 0.013852
13 17 0.015155 0.023559 0.013852
13 18 0.012380 0.023559 0.013852
13 19 0.012380 0.023559 0.013852
13 20 0.011846 0.023559 0.013852
14 0 0.032657 0.023559 0.013852
14 1 0.036286 0.023559 0.013852
14 2 0.039061 0.023559 0.013852
14 3 0.038847 0.023559 0.013852
14 4 0.035646 0.023559 0.013852
14 5 0.034899 0.023559 0.013852
14 6 0.033618 0.023559 0.013852
14 7 0.032444 0.023559 0.013852
14 8 0.031377 0.023559 0.013852
14 9 0.031057 0.023559 0.013852
14 10 0.030630 0.023559 0.013852
14 11 0.030203 0.023559 0.013852
14 12 0.028709 0.023559 0.013852
14 13 0.027428 0.023559 0.013852
14 14 0.025080 0.023559 0.013852
14 15 0.020384 0.023559 0.013852
14 16 0.015582 0.023559 0.013852
14 17 0.011846 0.023559 0.013852
14 18 0.009605 0.023559 0.013852
14 19 0.009392 0.023559 0.013852
14 20 0.010032 0.023559 0.013852
15 0 0.039488 0.023559 0.013852
15 1 0.045891 0.023559 0.013852
15 2 0.048239 0.023559 0.013852
15 3 0.046211 0.023559 0.013852
15 4 0.040662 0.023559 0.013852
15 5 0.037140 0.023559 0.013852
15 6 0.031590 0.023559 0.013852
15 7 0.030630 0.023559 0.013852
15 8 0.029883 0.023559 0.013852
15 9 0.028175 0.023559 0.013852
15 10 0.027428 0.023559 0.013852
15 11 0.027321 0.023559 0.013852
15 12 0.024333 0.023559 0.013852
15 13 0.022305 0.023559 0.013852
15 14 0.019851 0.023559 0.013852
15 15 0.015795 0.023559 0.013852
15 16 0.011846 0.023559 0.013852
15 17 0.008324 0.023559 0.013852
15 18 0.008004 0.023559 0.013852
15 19 0.007791 0.023559 0.013852
15 20 0.006937 0.023559 0.013852
16 0 0.047492 0.023559 0.013852
16 1 0.054429 0.023559 0.013852
16 2 0.057311 0.023559 0.013852
16 3 0.051441 0.023559 0.013852
16 4 0.042156 0.023559 0.013852
16 5 0.034685 0.023559 0.013852
16 6 0.029349 0.023559 0.013852
16 7 0.028815 0.023559 0.013852
16 8 0.024973 0.023559 0.013852
16 9 0.024440 0.023559 0.013852
16 10 0.024120 0.023559 0.013852
16 11 0.023586 0.023559 0.013852
16 12 0.020704 0.023559 0.013852
16 13 0.018356 0.023559 0.013852
16 14 0.014621 0.023559 0.013852
16 15 0.011206 0.023559 0.013852
16 16 0.008324 0.023559 0.013852
16 17 0.005550 0.023559 0.013852
16 18 0.004482 0.023559 0.013852
16 19 0.005550 0.023559 0.013852
16 20 0.005656 0.023559 0.013852
17 0 0.054749 0.023559 0.013852
17 1 0.060726 0.023559 0.013852
17 2 0.060299 0.023559 0.013852
17 3 0.052721 0.023559 0.013852
17 4 0.042369 0.023559 0.013852
17 5 0.031910 0.023559 0.013852
17 6 0.027855 0.023559 0.013852
17 7 0.024440 0.023559 0.013852
17 8 0.022199 0.023559 0.013852
17 9 0.018997 0.023559 0.013852
17 10 0.020277 0.023559 0.013852
17 11 0.018890 0.023559 0.013852
17 12 0.016435 0.023559 0.013852
17 13 0.014194 0.023559 0.013852
17 14 0.012060 0.023559 0.013852
17 15 0.008538 0.023559 0.013852
17 16 0.005123 0.023559 0.013852
17 17 0.003629 0.023559 0.013852
17 18 0.003842 0.023559 0.013852
17 19 0.003415 0.023559 0.013852
17 20 0.004376 0.023559 0.013852
18 0 0.054002 0.023559 0.013852
18 1 0.059658 0.023559 0.013852
18 2 0.055923 0.023559 0.013852
18 3 0.049413 0.023559 0.013852
18 4 0.040555 0.023559 0.013852
18 5 0.030309 0.023559 0.013852
18 6 0.025720 0.023559 0.013852
18 7 0.022092 0.023559 0.013852
18 8 0.020491 0.023559 0.013852
18 9 0.019210 0.023559 0.013852
18 10 0.018036 0.023559 0.013852
18 11 0.016329 0.023559 0.013852
18 12 0.014088 0.023559 0.013852
18 13 0.011313 0.023559 0.013852
18 14 0.008965 0.023559 0.013852
18 15 0.006830 0.023559 0.013852
18 16 0.004376 0.023559 0.013852
18 17 0.003522 0.023559 0.013852
18 18 0.003202 0.023559 0.013852
18 19 0.002882 0.023559 0.013852
18 20 0.003735 0.023559 0.013852
19 0 0.049520 0.023559 0.013852
19 1 0.050587 0.023559 0.013852
19 2 0.050374 0.023559 0.013852
19 3 0.043330 0.023559 0.013852
19 4 0.036179 0.023559 0.013852
19 5 0.027962 0.023559 0.013852
19 6 0.022092 0.023559 0.013852
19 7 0.021665 0.023559 0.013852
19 8 0.019424 0.023559 0.013852
19 9 0.017930 0.023559 0.013852
19 10 0.017930 0.023559 0.013852
19 11 0.014941 0.023559 0.013852
19 12 0.013234 0.023559 0.013852
19 13 0.009925 0.023559 0.013852
19 14 0.008324 0.023559 0.013852
19 15 0.006617 0.023559 0.013852
19 16 0.005229 0.023559 0.013852
19 17 0.003842 0.023559 0.013852
19 18 0.002882 0.023559 0.013852
19 19 0.003522 0.023559 0.013852
19 20 0.004376 0.023559 0.013852
20 0 0.041622 0.023559 0.013852
20 1 0.041836 0.023559 0.013852
20 2 0.042156 0.023559 0.013852
20 3 0.037567 0.023559 0.013852
20 4 0.031697 0.023559 0.013852
20 5 0.022839 0.023559 0.013852
20 6 0.021985 0.023559 0.013852
20 7 0.021345 0.023559 0.013852
20 8 0.019530 0.023559 0.013852
20 9 0.017823 0.023559 0.013852
20 10 0.018463 0.023559 0.013852
20 11 0.014941 0.023559 0.013852
20 12 0.014621 0.023559 0.013852
20 13 0.009605 0.023559 0.013852
20 14 0.007791 0.023559 0.013852
20 15 0.007791 0.023559 0.013852
20 16 0.005656 0.023559 0.013852
20 17 0.005763 0.023559 0.013852
20 18 0.004803 0.023559 0.013852
20 19 0.004589 0.023559 0.013852
20 20 0.004909 0.023559 0.013852
