# contact distance = 12.0 Angstroms
# F = 0.4 kJ/mol

# i j contact_probability mean_contact_probability stddev_contact_probability
0 0 0.011811 0.018954 0.012555
0 1 0.010581 0.018954 0.012555
0 2 0.010212 0.018954 0.012555
0 3 0.009227 0.018954 0.012555
0 4 0.009843 0.018954 0.012555
0 5 0.008735 0.018954 0.012555
0 6 0.009843 0.018954 0.012555
0 7 0.010089 0.018954 0.012555
0 8 0.012426 0.018954 0.012555
0 9 0.015133 0.018954 0.012555
0 10 0.016978 0.018954 0.012555
0 11 0.018455 0.018954 0.012555
0 12 0.021900 0.018954 0.012555
0 13 0.025468 0.018954 0.012555
0 14 0.028051 0.018954 0.012555
0 15 0.027805 0.018954 0.012555
0 16 0.026575 0.018954 0.012555
0 17 0.027067 0.018954 0.012555
0 18 0.026329 0.018954 0.012555
0 19 0.025098 0.018954 0.012555
0 20 0.021777 0.018954 0.012555
1 0 0.010089 0.018954 0.012555
1 1 0.008120 0.018954 0.012555
1 2 0.007874 0.018954 0.012555
1 3 0.007505 0.018954 0.012555
1 4 0.008489 0.018954 0.012555
1 5 0.007382 0.018954 0.012555
1 6 0.007505 0.018954 0.012555
1 7 0.008366 0.018954 0.012555
1 8 0.011811 0.018954 0.012555
1 9 0.015010 0.018954 0.012555
1 10 0.017101 0.018954 0.012555
1 11 0.020546 0.018954 0.012555
1 12 0.023499 0.018954 0.012555
1 13 0.028297 0.018954 0.012555
1 14 0.031004 0.018954 0.012555
1 15 0.034326 0.018954 0.012555
1 16 0.034941 0.018954 0.012555
1 17 0.034080 0.018954 0.012555
1 18 0.032849 0.018954 0.012555
1 19 0.028666 0.018954 0.012555
1 20 0.026083 0.018954 0.012555
2 0 0.009719 0.018954 0.012555
2 1 0.007505 0.018954 0.012555
2 2 0.005906 0.018954 0.012555
2 3 0.005906 0.018954 0.012555
2 4 0.005906 0.018954 0.012555
2 5 0.006029 0.018954 0.012555
2 6 0.006152 0.018954 0.012555
2 7 0.007997 0.018954 0.012555
2 8 0.010827 0.018954 0.012555
2 9 0.015256 0.018954 0.012555
2 10 0.018332 0.018954 0.012555
2 11 0.022884 0.018954 0.012555
2 12 0.027190 0.018954 0.012555
2 13 0.031373 0.018954 0.012555
2 14 0.037525 0.018954 0.012555
2 15 0.040723 0.018954 0.012555
2 16 0.041093 0.018954 0.012555
2 17 0.041339 0.018954 0.012555
2 18 0.038140 0.018954 0.012555
2 19 0.033095 0.018954 0.012555
2 20 0.027682 0.018954 0.012555
3 0 0.010581 0.018954 0.012555
3 1 0.008366 0.018954 0.012555
3 2 0.007136 0.018954 0.012555
3 3 0.006275 0.018954 0.012555
3 4 0.005536 0.018954 0.012555
3 5 0.005044 0.018954 0.012555
3 6 0.006767 0.018954 0.012555
3 7 0.008489 0.018954 0.012555
3 8 0.011442 0.018954 0.012555
3 9 0.016363 0.018954 0.012555
3 10 0.018824 0.018954 0.012555
3 11 0.023622 0.018954 0.012555
3 12 0.028789 0.018954 0.012555
3 13 0.036171 0.018954 0.012555
3 14 0.040477 0.018954 0.012555
3 15 0.044783 0.018954 0.012555
3 16 0.045030 0.018954 0.012555
3 17 0.043553 0.018954 0.012555
3 18 0.040477 0.018954 0.012555
3 19 0.036417 0.018954 0.012555
3 20 0.028912 0.018954 0.012555
4 0 0.011319 0.018954 0.012555
4 1 0.009473 0.018954 0.012555
4 2 0.007628 0.018954 0.012555
4 3 0.006275 0.018954 0.012555
4 4 0.005906 0.018954 0.012555
4 5 0.005906 0.018954 0.012555
4 6 0.008120 0.018954 0.012555
4 7 0.008120 0.018954 0.012555
4 8 0.011565 0.018954 0.012555
4 9 0.015871 0.018954 0.012555
4 10 0.021531 0.018954 0.012555
4 11 0.024975 0.018954 0.012555
4 12 0.030266 0.018954 0.012555
4 13 0.037156 0.018954 0.012555
4 14 0.042323 0.018954 0.012555
4 15 0.045153 0.018954 0.012555
4 16 0.046752 0.018954 0.012555
4 17 0.045522 0.018954 0.012555
4 18 0.041585 0.018954 0.012555
4 19 0.037032 0.018954 0.012555
4 20 0.030266 0.018954 0.012555
5 0 0.011565 0.018954 0.012555
5 1 0.008612 0.018954 0.012555
5 2 0.007874 0.018954 0.012555
5 3 0.006275 0.018954 0.012555
5 4 0.006029 0.018954 0.012555
5 5 0.006152 0.018954 0.012555
5 6 0.007751 0.018954 0.012555
5 7 0.007997 0.018954 0.012555
5 8 0.012795 0.018954 0.012555
5 9 0.017347 0.018954 0.012555
5 10 0.022761 0.018954 0.012555
5 11 0.025960 0.018954 0.012555
5 12 0.031127 0.018954 0.012555
5 13 0.035064 0.018954 0.012555
5 14 0.041954 0.018954 0.012555
5 15 0.043307 0.018954 0.012555
5 16 0.043061 0.018954 0.012555
5 17 0.042815 0.018954 0.012555
5 18 0.041093 0.018954 0.012555
5 19 0.033219 0.018954 0.012555
5 20 0.028789 0.018954 0.012555
6 0 0.011688 0.018954 0.012555
6 1 0.008366 0.018954 0.012555
6 2 0.007136 0.018954 0.012555
6 3 0.007259 0.018954 0.012555
6 4 0.007136 0.018954 0.012555
6 5 0.007997 0.018954 0.012555
6 6 0.009719 0.018954 0.012555
6 7 0.009843 0.018954 0.012555
6 8 0.013164 0.018954 0.012555
6 9 0.018455 0.018954 0.012555
6 10 0.022515 0.018954 0.012555
6 11 0.027313 0.018954 0.012555
6 12 0.028912 0.018954 0.012555
6 13 0.034818 0.018954 0.012555
6 14 0.038878 0.018954 0.012555
6 15 0.040723 0.018954 0.012555
6 16 0.038140 0.018954 0.012555
6 17 0.037771 0.018954 0.012555
6 18 0.034080 0.018954 0.012555
6 19 0.029651 0.018954 0.012555
6 20 0.024360 0.018954 0.012555
7 0 0.010458 0.018954 0.012555
7 1 0.009719 0.018954 0.012555
7 2 0.007751 0.018954 0.012555
7 3 0.007874 0.018954 0.012555
7 4 0.007874 0.018954 0.012555
7 5 0.010212 0.018954 0.012555
7 6 0.011073 0.018954 0.012555
7 7 0.011196 0.018954 0.012555
7 8 0.013410 0.018954 0.012555
7 9 0.019685 0.018954 0.012555
7 10 0.023622 0.018954 0.012555
7 11 0.026452 0.018954 0.012555
7 12 0.028297 0.018954 0.012555
7 13 0.032480 0.018954 0.012555
7 14 0.034449 0.018954 0.012555
7 15 0.031496 0.018954 0.012555
7 16 0.031988 0.018954 0.012555
7 17 0.030512 0.018954 0.012555
7 18 0.027313 0.018954 0.012555
7 19 0.023991 0.018954 0.012555
7 20 0.021777 0.018954 0.012555
8 0 0.012426 0.018954 0.012555
8 1 0.010212 0.018954 0.012555
8 2 0.009227 0.018954 0.012555
8 3 0.010581 0.018954 0.012555
8 4 0.010212 0.018954 0.012555
8 5 0.012426 0.018954 0.012555
8 6 0.013410 0.018954 0.012555
8 7 0.013287 0.018954 0.012555
8 8 0.016855 0.018954 0.012555
8 9 0.020423 0.018954 0.012555
8 10 0.021407 0.018954 0.012555
8 11 0.022884 0.018954 0.012555
8 12 0.024606 0.018954 0.012555
8 13 0.025960 0.018954 0.012555
8 14 0.026575 0.018954 0.012555
8 15 0.024237 0.018954 0.012555
8 16 0.023130 0.018954 0.012555
8 17 0.022515 0.018954 0.012555
8 18 0.018086 0.018954 0.012555
8 19 0.017840 0.018954 0.012555
8 20 0.016486 0.018954 0.012555
9 0 0.013041 0.018954 0.012555
9 1 0.014518 0.018954 0.012555
9 2 0.012549 0.018954 0.012555
9 3 0.013780 0.018954 0.012555
9 4 0.015994 0.018954 0.012555
9 5 0.016732 0.018954 0.012555
9 6 0.017470 0.018954 0.012555
9 7 0.018332 0.018954 0.012555
9 8 0.020669 0.018954 0.012555
9 9 0.020546 0.018954 0.012555
9 10 0.021654 0.018954 0.012555
9 11 0.021161 0.018954 0.012555
9 12 0.019931 0.018954 0.012555
9 13 0.020300 0.018954 0.012555
9 14 0.020423 0.018954 0.012555
9 15 0.019070 0.018954 0.012555
9 16 0.018209 0.018954 0.012555
9 17 0.015502 0.018954 0.012555
9 18 0.013780 0.018954 0.012555
9 19 0.012672 0.018954 0.012555
9 20 0.013287 0.018954 0.012555
10 0 0.016609 0.018954 0.012555
10 1 0.017347 0.018954 0.012555
10 2 0.017347 0.018954 0.012555
10 3 0.019193 0.018954 0.012555
10 4 0.021038 0.018954 0.012555
10 5 0.020423 0.018954 0.012555
10 6 0.021284 0.018954 0.012555
10 7 0.022761 0.018954 0.012555
10 8 0.023499 0.018954 0.012555
10 9 0.021038 0.018954 0.012555
10 10 0.021284 0.018954 0.012555
10 11 0.020054 0.018954 0.012555
10 12 0.017224 0.018954 0.012555
10 13 0.016363 0.018954 0.012555
10 14 0.015625 0.018954 0.012555
10 15 0.013533 0.018954 0.012555
10 16 0.014149 0.018954 0.012555
10 17 0.013287 0.018954 0.012555
10 18 0.010581 0.018954 0.012555
10 19 0.010458 0.018954 0.012555
10 20 0.010827 0.018954 0.012555
11 0 0.016978 0.018954 0.012555
11 1 0.020546 0.018954 0.012555
11 2 0.022392 0.018954 0.012555
11 3 0.023745 0.018954 0.012555
11 4 0.025221 0.018954 0.012555
11 5 0.025344 0.018954 0.012555
11 6 0.026575 0.018954 0.012555
11 7 0.025591 0.018954 0.012555
11 8 0.025591 0.018954 0.012555
11 9 0.023007 0.018954 0.012555
11 10 0.020177 0.018954 0.012555
11 11 0.016363 0.018954 0.012555
11 12 0.016117 0.018954 0.012555
11 13 0.014887 0.018954 0.012555
11 14 0.012426 0.018954 0.012555
11 15 0.009104 0.018954 0.012555
11 16 0.010704 0.018954 0.012555
11 17 0.008120 0.018954 0.012555
11 18 0.007751 0.018954 0.012555
11 19 0.007259 0.018954 0.012555
11 20 0.008735 0.018954 0.012555
12 0 0.021161 0.018954 0.012555
12 1 0.023868 0.018954 0.012555
12 2 0.025960 0.018954 0.012555
12 3 0.031619 0.018954 0.012555
12 4 0.031496 0.018954 0.012555
12 5 0.030512 0.018954 0.012555
12 6 0.029528 0.018954 0.012555
12 7 0.028297 0.018954 0.012555
12 8 0.027928 0.018954 0.012555
12 9 0.022269 0.018954 0.012555
12 10 0.019070 0.018954 0.012555
12 11 0.015871 0.018954 0.012555
12 12 0.014641 0.018954 0.012555
12 13 0.010458 0.018954 0.012555
12 14 0.008858 0.018954 0.012555
12 15 0.007874 0.018954 0.012555
12 16 0.005413 0.018954 0.012555
12 17 0.005906 0.018954 0.012555
12 18 0.005044 0.018954 0.012555
12 19 0.005413 0.018954 0.012555
12 20 0.006521 0.018954 0.012555
13 0 0.022884 0.018954 0.012555
13 1 0.026698 0.018954 0.012555
13 2 0.034449 0.018954 0.012555
13 3 0.038386 0.018954 0.012555
13 4 0.039001 0.018954 0.012555
13 5 0.037156 0.018954 0.012555
13 6 0.034080 0.018954 0.012555
13 7 0.031865 0.018954 0.012555
13 8 0.027805 0.018954 0.012555
13 9 0.021777 0.018954 0.012555
13 10 0.016240 0.018954 0.012555
13 11 0.013656 0.018954 0.012555
13 12 0.008981 0.018954 0.012555
13 13 0.007874 0.018954 0.012555
13 14 0.005659 0.018954 0.012555
13 15 0.004675 0.018954 0.012555
13 16 0.004183 0.018954 0.012555
13 17 0.003691 0.018954 0.012555
13 18 0.003445 0.018954 0.012555
13 19 0.003937 0.018954 0.012555
13 20 0.005167 0.018954 0.012555
14 0 0.024360 0.018954 0.012555
14 1 0.032480 0.018954 0.012555
14 2 0.037032 0.018954 0.012555
14 3 0.042323 0.018954 0.012555
14 4 0.046260 0.018954 0.012555
14 5 0.044045 0.018954 0.012555
14 6 0.040108 0.018954 0.012555
14 7 0.034080 0.018954 0.012555
14 8 0.027436 0.018954 0.012555
14 9 0.020792 0.018954 0.012555
14 10 0.015625 0.018954 0.012555
14 11 0.012549 0.018954 0.012555
14 12 0.009227 0.018954 0.012555
14 13 0.006398 0.018954 0.012555
14 14 0.005044 0.018954 0.012555
14 15 0.003691 0.018954 0.012555
14 16 0.002092 0.018954 0.012555
14 17 0.002092 0.018954 0.012555
14 18 0.001722 0.018954 0.012555
14 19 0.002461 0.018954 0.012555
14 20 0.003568 0.018954 0.012555
15 0 0.025221 0.018954 0.012555
15 1 0.033095 0.018954 0.012555
15 2 0.039616 0.018954 0.012555
15 3 0.044414 0.018954 0.012555
15 4 0.048105 0.018954 0.012555
15 5 0.045522 0.018954 0.012555
15 6 0.042200 0.018954 0.012555
15 7 0.034449 0.018954 0.012555
15 8 0.026206 0.018954 0.012555
15 9 0.020054 0.018954 0.012555
15 10 0.014641 0.018954 0.012555
15 11 0.011319 0.018954 0.012555
15 12 0.008858 0.018954 0.012555
15 13 0.005413 0.018954 0.012555
15 14 0.003199 0.018954 0.012555
15 15 0.002092 0.018954 0.012555
15 16 0.001230 0.018954 0.012555
15 17 0.000615 0.018954 0.012555
15 18 0.000615 0.018954 0.012555
15 19 0.001107 0.018954 0.012555
15 20 0.002707 0.018954 0.012555
16 0 0.026944 0.018954 0.012555
16 1 0.035802 0.018954 0.012555
16 2 0.042692 0.018954 0.012555
16 3 0.045276 0.018954 0.012555
16 4 0.046752 0.018954 0.012555
16 5 0.045522 0.018954 0.012555
16 6 0.039616 0.018954 0.012555
16 7 0.033219 0.018954 0.012555
16 8 0.023130 0.018954 0.012555
16 9 0.017840 0.018954 0.012555
16 10 0.013410 0.018954 0.012555
16 11 0.009227 0.018954 0.012555
16 12 0.007505 0.018954 0.012555
16 13 0.004306 0.018954 0.012555
16 14 0.002707 0.018954 0.012555
16 15 0.002215 0.018954 0.012555
16 16 0.000984 0.018954 0.012555
16 17 0.000738 0.018954 0.012555
16 18 0.000861 0.018954 0.012555
16 19 0.001599 0.018954 0.012555
16 20 0.002707 0.018954 0.012555
17 0 0.028543 0.018954 0.012555
17 1 0.034326 0.018954 0.012555
17 2 0.039616 0.018954 0.012555
17 3 0.042692 0.018954 0.012555
17 4 0.045030 0.018954 0.012555
17 5 0.044045 0.018954 0.012555
17 6 0.038878 0.018954 0.012555
17 7 0.030635 0.018954 0.012555
17 8 0.020669 0.018954 0.012555
17 9 0.016240 0.018954 0.012555
17 10 0.010581 0.018954 0.012555
17 11 0.007997 0.018954 0.012555
17 12 0.006890 0.018954 0.012555
17 13 0.004183 0.018954 0.012555
17 14 0.002215 0.018954 0.012555
17 15 0.002461 0.018954 0.012555
17 16 0.001969 0.018954 0.012555
17 17 0.001722 0.018954 0.012555
17 18 0.001107 0.018954 0.012555
17 19 0.001969 0.018954 0.012555
17 20 0.003814 0.018954 0.012555
18 0 0.027559 0.018954 0.012555
18 1 0.033957 0.018954 0.012555
18 2 0.037279 0.018954 0.012555
18 3 0.039493 0.018954 0.012555
18 4 0.039862 0.018954 0.012555
18 5 0.038632 0.018954 0.012555
18 6 0.034941 0.018954 0.012555
18 7 0.027805 0.018954 0.012555
18 8 0.020915 0.018954 0.012555
18 9 0.014149 0.018954 0.012555
18 10 0.010089 0.018954 0.012555
18 11 0.007628 0.018954 0.012555
18 12 0.006890 0.018954 0.012555
18 13 0.004060 0.018954 0.012555
18 14 0.002584 0.018954 0.012555
18 15 0.002215 0.018954 0.012555
18 16 0.001969 0.018954 0.012555
18 17 0.001722 0.018954 0.012555
18 18 0.001476 0.018954 0.012555
18 19 0.002338 0.018954 0.012555
18 20 0.004675 0.018954 0.012555
19 0 0.024729 0.018954 0.012555
19 1 0.030020 0.018954 0.012555
19 2 0.031988 0.018954 0.012555
19 3 0.034203 0.018954 0.012555
19 4 0.033711 0.018954 0.012555
19 5 0.032357 0.018954 0.012555
19 6 0.028543 0.018954 0.012555
19 7 0.024975 0.018954 0.012555
19 8 0.019193 0.018954 0.012555
19 9 0.012303 0.018954 0.012555
19 10 0.010335 0.018954 0.012555
19 11 0.008120 0.018954 0.012555
19 12 0.005782 0.018954 0.012555
19 13 0.005290 0.018954 0.012555
19 14 0.003199 0.018954 0.012555
19 15 0.002707 0.018954 0.012555
19 16 0.001722 0.018954 0.012555
19 17 0.002338 0.018954 0.012555
19 18 0.002215 0.018954 0.012555
19 19 0.003568 0.018954 0.012555
19 20 0.004429 0.018954 0.012555
20 0 0.022392 0.018954 0.012555
20 1 0.024729 0.018954 0.012555
20 2 0.024975 0.018954 0.012555
20 3 0.027067 0.018954 0.012555
20 4 0.026452 0.018954 0.012555
20 5 0.026575 0.018954 0.012555
20 6 0.024114 0.018954 0.012555
20 7 0.022023 0.018954 0.012555
20 8 0.017594 0.018954 0.012555
20 9 0.012303 0.018954 0.012555
20 10 0.010212 0.018954 0.012555
20 11 0.008243 0.018954 0.012555
20 12 0.006767 0.018954 0.012555
20 13 0.005413 0.018954 0.012555
20 14 0.005044 0.018954 0.012555
20 15 0.003937 0.018954 0.012555
20 16 0.003322 0.018954 0.012555
20 17 0.003568 0.018954 0.012555
20 18 0.003814 0.018954 0.012555
20 19 0.004183 0.018954 0.012555
20 20 0.004798 0.018954 0.012555
