# contact distance = 12.0 Angstroms
# F = 0.4 kJ/mol

# i j contact_probability mean_contact_probability stddev_contact_probability
0 0 0.008649 0.020841 0.012191
0 1 0.007656 0.020841 0.012191
0 2 0.007089 0.020841 0.012191
0 3 0.005388 0.020841 0.012191
0 4 0.005388 0.020841 0.012191
0 5 0.008223 0.020841 0.012191
0 6 0.007940 0.020841 0.012191
0 7 0.009358 0.020841 0.012191
0 8 0.010917 0.020841 0.012191
0 9 0.013328 0.020841 0.012191
0 10 0.014320 0.020841 0.012191
0 11 0.017014 0.020841 0.012191
0 12 0.017014 0.020841 0.012191
0 13 0.019566 0.020841 0.012191
0 14 0.020700 0.020841 0.012191
0 15 0.025946 0.020841 0.012191
0 16 0.029349 0.020841 0.012191
0 17 0.036013 0.020841 0.012191
0 18 0.040692 0.020841 0.012191
0 19 0.038849 0.020841 0.012191
0 20 0.038140 0.020841 0.012191
1 0 0.007515 0.020841 0.012191
1 1 0.006238 0.020841 0.012191
1 2 0.004395 0.020841 0.012191
1 3 0.004679 0.020841 0.012191
1 4 0.005104 0.020841 0.012191
1 5 0.005530 0.020841 0.012191
1 6 0.006238 0.020841 0.012191
1 7 0.007940 0.020841 0.012191
1 8 0.009216 0.020841 0.012191
1 9 0.012619 0.020841 0.012191
1 10 0.013044 0.020841 0.012191
1 11 0.013753 0.020841 0.012191
1 12 0.013753 0.020841 0.012191
1 13 0.018007 0.020841 0.012191
1 14 0.022969 0.020841 0.012191
1 15 0.027790 0.020841 0.012191
1 16 0.035304 0.020841 0.012191
1 17 0.041543 0.020841 0.012191
1 18 0.048915 0.020841 0.012191
1 19 0.047639 0.020841 0.012191
1 20 0.045796 0.020841 0.012191
2 0 0.006664 0.020841 0.012191
2 1 0.005813 0.020841 0.012191
2 2 0.003261 0.020841 0.012191
2 3 0.003119 0.020841 0.012191
2 4 0.004254 0.020841 0.012191
2 5 0.005388 0.020841 0.012191
2 6 0.006380 0.020841 0.012191
2 7 0.006947 0.020841 0.012191
2 8 0.007798 0.020841 0.012191
2 9 0.009500 0.020841 0.012191
2 10 0.011626 0.020841 0.012191
2 11 0.011768 0.020841 0.012191
2 12 0.014462 0.020841 0.012191
2 13 0.018148 0.020841 0.012191
2 14 0.021268 0.020841 0.012191
2 15 0.029491 0.020841 0.012191
2 16 0.038282 0.020841 0.012191
2 17 0.047356 0.020841 0.012191
2 18 0.053594 0.020841 0.012191
2 19 0.055437 0.020841 0.012191
2 20 0.049341 0.020841 0.012191
3 0 0.007798 0.020841 0.012191
3 1 0.005104 0.020841 0.012191
3 2 0.003403 0.020841 0.012191
3 3 0.002552 0.020841 0.012191
3 4 0.003403 0.020841 0.012191
3 5 0.005530 0.020841 0.012191
3 6 0.005813 0.020841 0.012191
3 7 0.006806 0.020841 0.012191
3 8 0.007656 0.020841 0.012191
3 9 0.011059 0.020841 0.012191
3 10 0.010492 0.020841 0.012191
3 11 0.011343 0.020841 0.012191
3 12 0.017156 0.020841 0.012191
3 13 0.019566 0.020841 0.012191
3 14 0.024245 0.020841 0.012191
3 15 0.031476 0.020841 0.012191
3 16 0.039699 0.020841 0.012191
3 17 0.053169 0.020841 0.012191
3 18 0.056713 0.020841 0.012191
3 19 0.056572 0.020841 0.012191
3 20 0.048490 0.020841 0.012191
4 0 0.007373 0.020841 0.012191
4 1 0.006238 0.020841 0.012191
4 2 0.003970 0.020841 0.012191
4 3 0.004395 0.020841 0.012191
4 4 0.004395 0.020841 0.012191
4 5 0.006806 0.020841 0.012191
4 6 0.006806 0.020841 0.012191
4 7 0.007515 0.020841 0.012191
4 8 0.008082 0.020841 0.012191
4 9 0.010776 0.020841 0.012191
4 10 0.012052 0.020841 0.012191
4 11 0.015454 0.020841 0.012191
4 12 0.018290 0.020841 0.012191
4 13 0.023253 0.020841 0.012191
4 14 0.027222 0.020841 0.012191
4 15 0.032894 0.020841 0.012191
4 16 0.040834 0.020841 0.012191
4 17 0.049057 0.020841 0.012191
4 18 0.053027 0.020841 0.012191
4 19 0.052602 0.020841 0.012191
4 20 0.045513 0.020841 0.012191
5 0 0.007798 0.020841 0.012191
5 1 0.006522 0.020841 0.012191
5 2 0.005246 0.020841 0.012191
5 3 0.005671 0.020841 0.012191
5 4 0.006947 0.020841 0.012191
5 5 0.008223 0.020841 0.012191
5 6 0.008082 0.020841 0.012191
5 7 0.008932 0.020841 0.012191
5 8 0.010776 0.020841 0.012191
5 9 0.012761 0.020841 0.012191
5 10 0.013753 0.020841 0.012191
5 11 0.017014 0.020841 0.012191
5 12 0.021693 0.020841 0.012191
5 13 0.024670 0.020841 0.012191
5 14 0.026939 0.020841 0.012191
5 15 0.034170 0.020841 0.012191
5 16 0.037006 0.020841 0.012191
5 17 0.041259 0.020841 0.012191
5 18 0.040975 0.020841 0.012191
5 19 0.040267 0.020841 0.012191
5 20 0.035871 0.020841 0.012191
6 0 0.009216 0.020841 0.012191
6 1 0.006238 0.020841 0.012191
6 2 0.005388 0.020841 0.012191
6 3 0.005388 0.020841 0.012191
6 4 0.006806 0.020841 0.012191
6 5 0.008223 0.020841 0.012191
6 6 0.009074 0.020841 0.012191
6 7 0.010492 0.020841 0.012191
6 8 0.010776 0.020841 0.012191
6 9 0.014037 0.020841 0.012191
6 10 0.015313 0.020841 0.012191
6 11 0.019141 0.020841 0.012191
6 12 0.021268 0.020841 0.012191
6 13 0.024812 0.020841 0.012191
6 14 0.028073 0.020841 0.012191
6 15 0.030342 0.020841 0.012191
6 16 0.031760 0.020841 0.012191
6 17 0.032327 0.020841 0.012191
6 18 0.032610 0.020841 0.012191
6 19 0.030058 0.020841 0.012191
6 20 0.027931 0.020841 0.012191
7 0 0.008507 0.020841 0.012191
7 1 0.007798 0.020841 0.012191
7 2 0.007515 0.020841 0.012191
7 3 0.006522 0.020841 0.012191
7 4 0.007798 0.020841 0.012191
7 5 0.009216 0.020841 0.012191
7 6 0.009500 0.020841 0.012191
7 7 0.012619 0.020841 0.012191
7 8 0.012761 0.020841 0.012191
7 9 0.015313 0.020841 0.012191
7 10 0.019141 0.020841 0.012191
7 11 0.021976 0.020841 0.012191
7 12 0.022118 0.020841 0.012191
7 13 0.024954 0.020841 0.012191
7 14 0.024670 0.020841 0.012191
7 15 0.027790 0.020841 0.012191
7 16 0.028215 0.020841 0.012191
7 17 0.027506 0.020841 0.012191
7 18 0.024387 0.020841 0.012191
7 19 0.022402 0.020841 0.012191
7 20 0.019566 0.020841 0.012191
8 0 0.009358 0.020841 0.012191
8 1 0.008932 0.020841 0.012191
8 2 0.008507 0.020841 0.012191
8 3 0.009074 0.020841 0.012191
8 4 0.009074 0.020841 0.012191
8 5 0.010492 0.020841 0.012191
8 6 0.011768 0.020841 0.012191
8 7 0.013328 0.020841 0.012191
8 8 0.015029 0.020841 0.012191
8 9 0.018007 0.020841 0.012191
8 10 0.022402 0.020841 0.012191
8 11 0.022402 0.020841 0.012191
8 12 0.025379 0.020841 0.012191
8 13 0.026655 0.020841 0.012191
8 14 0.026514 0.020841 0.012191
8 15 0.028073 0.020841 0.012191
8 16 0.026939 0.020841 0.012191
8 17 0.025379 0.020841 0.012191
8 18 0.022402 0.020841 0.012191
8 19 0.021126 0.020841 0.012191
8 20 0.018007 0.020841 0.012191
9 0 0.009358 0.020841 0.012191
9 1 0.010067 0.020841 0.012191
9 2 0.010917 0.020841 0.012191
9 3 0.010067 0.020841 0.012191
9 4 0.011626 0.020841 0.012191
9 5 0.014462 0.020841 0.012191
9 6 0.013611 0.020841 0.012191
9 7 0.015313 0.020841 0.012191
9 8 0.016447 0.020841 0.012191
9 9 0.019850 0.020841 0.012191
9 10 0.023394 0.020841 0.012191
9 11 0.027506 0.020841 0.012191
9 12 0.027931 0.020841 0.012191
9 13 0.026088 0.020841 0.012191
9 14 0.026088 0.020841 0.012191
9 15 0.026655 0.020841 0.012191
9 16 0.026088 0.020841 0.012191
9 17 0.023253 0.020841 0.012191
9 18 0.020842 0.020841 0.012191
9 19 0.018148 0.020841 0.012191
9 20 0.014604 0.020841 0.012191
10 0 0.011484 0.020841 0.012191
10 1 0.011343 0.020841 0.012191
10 2 0.010067 0.020841 0.012191
10 3 0.011768 0.020841 0.012191
10 4 0.013469 0.020841 0.012191
10 5 0.016589 0.020841 0.012191
10 6 0.017156 0.020841 0.012191
10 7 0.018290 0.020841 0.012191
10 8 0.020984 0.020841 0.012191
10 9 0.022827 0.020841 0.012191
10 10 0.025805 0.020841 0.012191
10 11 0.028499 0.020841 0.012191
10 12 0.029916 0.020841 0.012191
10 13 0.028073 0.020841 0.012191
10 14 0.028215 0.020841 0.012191
10 15 0.028073 0.020841 0.012191
10 16 0.025096 0.020841 0.012191
10 17 0.021693 0.020841 0.012191
10 18 0.019566 0.020841 0.012191
10 19 0.016589 0.020841 0.012191
10 20 0.014178 0.020841 0.012191
11 0 0.012477 0.020841 0.012191
11 1 0.011626 0.020841 0.012191
11 2 0.012619 0.020841 0.012191
11 3 0.013186 0.020841 0.012191
11 4 0.016872 0.020841 0.012191
11 5 0.019283 0.020841 0.012191
11 6 0.020417 0.020841 0.012191
11 7 0.021693 0.020841 0.012191
11 8 0.022544 0.020841 0.012191
11 9 0.025521 0.020841 0.012191
11 10 0.027931 0.020841 0.012191
11 11 0.030200 0.020841 0.012191
11 12 0.033319 0.020841 0.012191
11 13 0.031051 0.020841 0.012191
11 14 0.028924 0.020841 0.012191
11 15 0.028782 0.020841 0.012191
11 16 0.025096 0.020841 0.012191
11 17 0.023253 0.020841 0.012191
11 18 0.019424 0.020841 0.012191
11 19 0.016305 0.020841 0.012191
11 20 0.013186 0.020841 0.012191
12 0 0.014178 0.020841 0.012191
12 1 0.014037 0.020841 0.012191
12 2 0.014604 0.020841 0.012191
12 3 0.015171 0.020841 0.012191
12 4 0.017439 0.020841 0.012191
12 5 0.020417 0.020841 0.012191
12 6 0.023536 0.020841 0.012191
12 7 0.023820 0.020841 0.012191
12 8 0.025663 0.020841 0.012191
12 9 0.025946 0.020841 0.012191
12 10 0.027790 0.020841 0.012191
12 11 0.031901 0.020841 0.012191
12 12 0.032752 0.020841 0.012191
12 13 0.030625 0.020841 0.012191
12 14 0.029207 0.020841 0.012191
12 15 0.027506 0.020841 0.012191
12 16 0.026655 0.020841 0.012191
12 17 0.021835 0.020841 0.012191
12 18 0.018857 0.020841 0.012191
12 19 0.016163 0.020841 0.012191
12 20 0.014462 0.020841 0.012191
13 0 0.015880 0.020841 0.012191
13 1 0.016872 0.020841 0.012191
13 2 0.019141 0.020841 0.012191
13 3 0.019424 0.020841 0.012191
13 4 0.022402 0.020841 0.012191
13 5 0.024103 0.020841 0.012191
13 6 0.025096 0.020841 0.012191
13 7 0.026372 0.020841 0.012191
13 8 0.026939 0.020841 0.012191
13 9 0.028640 0.020841 0.012191
13 10 0.029207 0.020841 0.012191
13 11 0.033319 0.020841 0.012191
13 12 0.032752 0.020841 0.012191
13 13 0.032327 0.020841 0.012191
13 14 0.031334 0.020841 0.012191
13 15 0.029491 0.020841 0.012191
13 16 0.023536 0.020841 0.012191
13 17 0.020700 0.020841 0.012191
13 18 0.016305 0.020841 0.012191
13 19 0.016022 0.020841 0.012191
13 20 0.014887 0.020841 0.012191
14 0 0.020133 0.020841 0.012191
14 1 0.021693 0.020841 0.012191
14 2 0.023820 0.020841 0.012191
14 3 0.025805 0.020841 0.012191
14 4 0.026939 0.020841 0.012191
14 5 0.028073 0.020841 0.012191
14 6 0.029633 0.020841 0.012191
14 7 0.029916 0.020841 0.012191
14 8 0.028499 0.020841 0.012191
14 9 0.028499 0.020841 0.012191
14 10 0.029349 0.020841 0.012191
14 11 0.032043 0.020841 0.012191
14 12 0.031618 0.020841 0.012191
14 13 0.030767 0.020841 0.012191
14 14 0.030342 0.020841 0.012191
14 15 0.025805 0.020841 0.012191
14 16 0.020700 0.020841 0.012191
14 17 0.018007 0.020841 0.012191
14 18 0.015029 0.020841 0.012191
14 19 0.014178 0.020841 0.012191
14 20 0.012761 0.020841 0.012191
15 0 0.023394 0.020841 0.012191
15 1 0.026230 0.020841 0.012191
15 2 0.029349 0.020841 0.012191
15 3 0.029775 0.020841 0.012191
15 4 0.032752 0.020841 0.012191
15 5 0.031334 0.020841 0.012191
15 6 0.031476 0.020841 0.012191
15 7 0.029916 0.020841 0.012191
15 8 0.028073 0.020841 0.012191
15 9 0.027081 0.020841 0.012191
15 10 0.027506 0.020841 0.012191
15 11 0.030058 0.020841 0.012191
15 12 0.029066 0.020841 0.012191
15 13 0.028782 0.020841 0.012191
15 14 0.024529 0.020841 0.012191
15 15 0.021693 0.020841 0.012191
15 16 0.017581 0.020841 0.012191
15 17 0.014887 0.020841 0.012191
15 18 0.012761 0.020841 0.012191
15 19 0.012477 0.020841 0.012191
15 20 0.010776 0.020841 0.012191
16 0 0.027081 0.020841 0.012191
16 1 0.033461 0.020841 0.012191
16 2 0.037431 0.020841 0.012191
16 3 0.038140 0.020841 0.012191
16 4 0.038423 0.020841 0.012191
16 5 0.033036 0.020841 0.012191
16 6 0.032185 0.020841 0.012191
16 7 0.027506 0.020841 0.012191
16 8 0.026372 0.020841 0.012191
16 9 0.024954 0.020841 0.012191
16 10 0.023253 0.020841 0.012191
16 11 0.024387 0.020841 0.012191
16 12 0.024529 0.020841 0.012191
16 13 0.025237 0.020841 0.012191
16 14 0.020275 0.020841 0.012191
16 15 0.017581 0.020841 0.012191
16 16 0.014462 0.020841 0.012191
16 17 0.010634 0.020841 0.012191
16 18 0.008507 0.020841 0.012191
16 19 0.007656 0.020841 0.012191
16 20 0.007798 0.020841 0.012191
17 0 0.034312 0.020841 0.012191
17 1 0.041401 0.020841 0.012191
17 2 0.047639 0.020841 0.012191
17 3 0.046647 0.020841 0.012191
17 4 0.042252 0.020841 0.012191
17 5 0.036722 0.020841 0.012191
17 6 0.031901 0.020841 0.012191
17 7 0.024387 0.020841 0.012191
17 8 0.022402 0.020841 0.012191
17 9 0.020842 0.020841 0.012191
17 10 0.018857 0.020841 0.012191
17 11 0.019283 0.020841 0.012191
17 12 0.018574 0.020841 0.012191
17 13 0.018715 0.020841 0.012191
17 14 0.016022 0.020841 0.012191
17 15 0.012052 0.020841 0.012191
17 16 0.008649 0.020841 0.012191
17 17 0.007373 0.020841 0.012191
17 18 0.005530 0.020841 0.012191
17 19 0.004537 0.020841 0.012191
17 20 0.004679 0.020841 0.012191
18 0 0.039274 0.020841 0.012191
18 1 0.045938 0.020841 0.012191
18 2 0.053594 0.020841 0.012191
18 3 0.052176 0.020841 0.012191
18 4 0.047639 0.020841 0.012191
18 5 0.039558 0.020841 0.012191
18 6 0.032043 0.020841 0.012191
18 7 0.023536 0.020841 0.012191
18 8 0.019850 0.020841 0.012191
18 9 0.017439 0.020841 0.012191
18 10 0.016163 0.020841 0.012191
18 11 0.015313 0.020841 0.012191
18 12 0.013328 0.020841 0.012191
18 13 0.013753 0.020841 0.012191
18 14 0.013044 0.020841 0.012191
18 15 0.009641 0.020841 0.012191
18 16 0.007373 0.020841 0.012191
18 17 0.005104 0.020841 0.012191
18 18 0.003261 0.020841 0.012191
18 19 0.003261 0.020841 0.012191
18 20 0.003828 0.020841 0.012191
19 0 0.040125 0.020841 0.012191
19 1 0.049482 0.020841 0.012191
19 2 0.053169 0.020841 0.012191
19 3 0.050475 0.020841 0.012191
19 4 0.045654 0.020841 0.012191
19 5 0.035304 0.020841 0.012191
19 6 0.025237 0.020841 0.012191
19 7 0.018999 0.020841 0.012191
19 8 0.017723 0.020841 0.012191
19 9 0.016447 0.020841 0.012191
19 10 0.012902 0.020841 0.012191
19 11 0.012477 0.020841 0.012191
19 12 0.013469 0.020841 0.012191
19 13 0.013753 0.020841 0.012191
19 14 0.011626 0.020841 0.012191
19 15 0.008932 0.020841 0.012191
19 16 0.006664 0.020841 0.012191
19 17 0.005530 0.020841 0.012191
19 18 0.002977 0.020841 0.012191
19 19 0.003119 0.020841 0.012191
19 20 0.004537 0.020841 0.012191
20 0 0.036438 0.020841 0.012191
20 1 0.040834 0.020841 0.012191
20 2 0.046647 0.020841 0.012191
20 3 0.042677 0.020841 0.012191
20 4 0.038565 0.020841 0.012191
20 5 0.027931 0.020841 0.012191
20 6 0.023111 0.020841 0.012191
20 7 0.017865 0.020841 0.012191
20 8 0.016447 0.020841 0.012191
20 9 0.014178 0.020841 0.012191
20 10 0.012477 0.020841 0.012191
20 11 0.013611 0.020841 0.012191
20 12 0.012619 0.020841 0.012191
20 13 0.012477 0.020841 0.012191
20 14 0.012052 0.020841 0.012191
20 15 0.009216 0.020841 0.012191
20 16 0.007656 0.020841 0.012191
20 17 0.005530 0.020841 0.012191
20 18 0.005246 0.020841 0.012191
20 19 0.005388 0.020841 0.012191
20 20 0.007373 0.020841 0.012191
