# contact distance = 20.0 Angstroms
# F = 0.4 kJ/mol

# i j contact_probability mean_contact_probability stddev_contact_probability
0 0 0.116305 0.125924 0.018391
0 1 0.126183 0.125924 0.018391
0 2 0.129939 0.125924 0.018391
0 3 0.130913 0.125924 0.018391
0 4 0.128826 0.125924 0.018391
0 5 0.125626 0.125924 0.018391
0 6 0.123957 0.125924 0.018391
0 7 0.119783 0.125924 0.018391
0 8 0.113662 0.125924 0.018391
0 9 0.112549 0.125924 0.018391
0 10 0.110879 0.125924 0.018391
0 11 0.103923 0.125924 0.018391
0 12 0.101697 0.125924 0.018391
0 13 0.097106 0.125924 0.018391
0 14 0.094880 0.125924 0.018391
0 15 0.090428 0.125924 0.018391
0 16 0.086255 0.125924 0.018391
0 17 0.083472 0.125924 0.018391
0 18 0.082777 0.125924 0.018391
0 19 0.078047 0.125924 0.018391
0 20 0.074847 0.125924 0.018391
1 0 0.124235 0.125924 0.018391
1 1 0.129661 0.125924 0.018391
1 2 0.136338 0.125924 0.018391
1 3 0.137590 0.125924 0.018391
1 4 0.138008 0.125924 0.018391
1 5 0.135086 0.125924 0.018391
1 6 0.131191 0.125924 0.018391
1 7 0.129661 0.125924 0.018391
1 8 0.122565 0.125924 0.018391
1 9 0.121313 0.125924 0.018391
1 10 0.118114 0.125924 0.018391
1 11 0.118531 0.125924 0.018391
1 12 0.114636 0.125924 0.018391
1 13 0.109210 0.125924 0.018391
1 14 0.103088 0.125924 0.018391
1 15 0.096828 0.125924 0.018391
1 16 0.093628 0.125924 0.018391
1 17 0.090289 0.125924 0.018391
1 18 0.087924 0.125924 0.018391
1 19 0.083890 0.125924 0.018391
1 20 0.079438 0.125924 0.018391
2 0 0.126739 0.125924 0.018391
2 1 0.132443 0.125924 0.018391
2 2 0.139399 0.125924 0.018391
2 3 0.142181 0.125924 0.018391
2 4 0.141625 0.125924 0.018391
2 5 0.141208 0.125924 0.018391
2 6 0.136756 0.125924 0.018391
2 7 0.132582 0.125924 0.018391
2 8 0.131747 0.125924 0.018391
2 9 0.129521 0.125924 0.018391
2 10 0.126043 0.125924 0.018391
2 11 0.126600 0.125924 0.018391
2 12 0.123122 0.125924 0.018391
2 13 0.118531 0.125924 0.018391
2 14 0.113523 0.125924 0.018391
2 15 0.107958 0.125924 0.018391
2 16 0.103367 0.125924 0.018391
2 17 0.096967 0.125924 0.018391
2 18 0.094741 0.125924 0.018391
2 19 0.090011 0.125924 0.018391
2 20 0.086255 0.125924 0.018391
3 0 0.127295 0.125924 0.018391
3 1 0.134391 0.125924 0.018391
3 2 0.138564 0.125924 0.018391
3 3 0.143155 0.125924 0.018391
3 4 0.143712 0.125924 0.018391
3 5 0.145938 0.125924 0.018391
3 6 0.141903 0.125924 0.018391
3 7 0.137451 0.125924 0.018391
3 8 0.135504 0.125924 0.018391
3 9 0.136617 0.125924 0.018391
3 10 0.134808 0.125924 0.018391
3 11 0.131469 0.125924 0.018391
3 12 0.130634 0.125924 0.018391
3 13 0.129382 0.125924 0.018391
3 14 0.123817 0.125924 0.018391
3 15 0.117696 0.125924 0.018391
3 16 0.112410 0.125924 0.018391
3 17 0.109210 0.125924 0.018391
3 18 0.101419 0.125924 0.018391
3 19 0.098358 0.125924 0.018391
3 20 0.092098 0.125924 0.018391
4 0 0.128269 0.125924 0.018391
4 1 0.136060 0.125924 0.018391
4 2 0.139955 0.125924 0.018391
4 3 0.143434 0.125924 0.018391
4 4 0.143294 0.125924 0.018391
4 5 0.146216 0.125924 0.018391
4 6 0.146216 0.125924 0.018391
4 7 0.140790 0.125924 0.018391
4 8 0.138843 0.125924 0.018391
4 9 0.139816 0.125924 0.018391
4 10 0.137730 0.125924 0.018391
4 11 0.136477 0.125924 0.018391
4 12 0.134112 0.125924 0.018391
4 13 0.133139 0.125924 0.018391
4 14 0.128965 0.125924 0.018391
4 15 0.125209 0.125924 0.018391
4 16 0.120200 0.125924 0.018391
4 17 0.117279 0.125924 0.018391
4 18 0.108932 0.125924 0.018391
4 19 0.103645 0.125924 0.018391
4 20 0.096272 0.125924 0.018391
5 0 0.124374 0.125924 0.018391
5 1 0.134112 0.125924 0.018391
5 2 0.140929 0.125924 0.018391
5 3 0.145520 0.125924 0.018391
5 4 0.145103 0.125924 0.018391
5 5 0.144964 0.125924 0.018391
5 6 0.146772 0.125924 0.018391
5 7 0.144129 0.125924 0.018391
5 8 0.142877 0.125924 0.018391
5 9 0.141625 0.125924 0.018391
5 10 0.139955 0.125924 0.018391
5 11 0.138982 0.125924 0.018391
5 12 0.138008 0.125924 0.018391
5 13 0.135782 0.125924 0.018391
5 14 0.133417 0.125924 0.018391
5 15 0.129800 0.125924 0.018391
5 16 0.125765 0.125924 0.018391
5 17 0.121035 0.125924 0.018391
5 18 0.117557 0.125924 0.018391
5 19 0.108932 0.125924 0.018391
5 20 0.100167 0.125924 0.018391
6 0 0.121174 0.125924 0.018391
6 1 0.131608 0.125924 0.018391
6 2 0.138564 0.125924 0.018391
6 3 0.143573 0.125924 0.018391
6 4 0.144407 0.125924 0.018391
6 5 0.146633 0.125924 0.018391
6 6 0.147746 0.125924 0.018391
6 7 0.146912 0.125924 0.018391
6 8 0.146077 0.125924 0.018391
6 9 0.145938 0.125924 0.018391
6 10 0.141625 0.125924 0.018391
6 11 0.138982 0.125924 0.018391
6 12 0.140651 0.125924 0.018391
6 13 0.139538 0.125924 0.018391
6 14 0.136477 0.125924 0.018391
6 15 0.130356 0.125924 0.018391
6 16 0.128269 0.125924 0.018391
6 17 0.127156 0.125924 0.018391
6 18 0.119922 0.125924 0.018391
6 19 0.111714 0.125924 0.018391
6 20 0.102532 0.125924 0.018391
7 0 0.120200 0.125924 0.018391
7 1 0.130495 0.125924 0.018391
7 2 0.135782 0.125924 0.018391
7 3 0.140651 0.125924 0.018391
7 4 0.143712 0.125924 0.018391
7 5 0.147190 0.125924 0.018391
7 6 0.147468 0.125924 0.018391
7 7 0.145381 0.125924 0.018391
7 8 0.146216 0.125924 0.018391
7 9 0.146355 0.125924 0.018391
7 10 0.143851 0.125924 0.018391
7 11 0.141208 0.125924 0.018391
7 12 0.142877 0.125924 0.018391
7 13 0.138843 0.125924 0.018391
7 14 0.136756 0.125924 0.018391
7 15 0.131608 0.125924 0.018391
7 16 0.127991 0.125924 0.018391
7 17 0.125487 0.125924 0.018391
7 18 0.118253 0.125924 0.018391
7 19 0.112688 0.125924 0.018391
7 20 0.104897 0.125924 0.018391
8 0 0.116861 0.125924 0.018391
8 1 0.127156 0.125924 0.018391
8 2 0.132165 0.125924 0.018391
8 3 0.138843 0.125924 0.018391
8 4 0.140790 0.125924 0.018391
8 5 0.145242 0.125924 0.018391
8 6 0.143712 0.125924 0.018391
8 7 0.145242 0.125924 0.018391
8 8 0.144268 0.125924 0.018391
8 9 0.143712 0.125924 0.018391
8 10 0.141068 0.125924 0.018391
8 11 0.143712 0.125924 0.018391
8 12 0.144268 0.125924 0.018391
8 13 0.144546 0.125924 0.018391
8 14 0.139121 0.125924 0.018391
8 15 0.134947 0.125924 0.018391
8 16 0.131052 0.125924 0.018391
8 17 0.125348 0.125924 0.018391
8 18 0.120618 0.125924 0.018391
8 19 0.116166 0.125924 0.018391
8 20 0.108375 0.125924 0.018391
9 0 0.111297 0.125924 0.018391
9 1 0.119783 0.125924 0.018391
9 2 0.131052 0.125924 0.018391
9 3 0.138564 0.125924 0.018391
9 4 0.139260 0.125924 0.018391
9 5 0.140651 0.125924 0.018391
9 6 0.141486 0.125924 0.018391
9 7 0.144825 0.125924 0.018391
9 8 0.143712 0.125924 0.018391
9 9 0.142599 0.125924 0.018391
9 10 0.143016 0.125924 0.018391
9 11 0.142460 0.125924 0.018391
9 12 0.144129 0.125924 0.018391
9 13 0.143851 0.125924 0.018391
9 14 0.138982 0.125924 0.018391
9 15 0.139538 0.125924 0.018391
9 16 0.134808 0.125924 0.018391
9 17 0.129382 0.125924 0.018391
9 18 0.124791 0.125924 0.018391
9 19 0.121731 0.125924 0.018391
9 20 0.111714 0.125924 0.018391
10 0 0.105175 0.125924 0.018391
10 1 0.116305 0.125924 0.018391
10 2 0.128548 0.125924 0.018391
10 3 0.136895 0.125924 0.018391
10 4 0.138843 0.125924 0.018391
10 5 0.141208 0.125924 0.018391
10 6 0.142042 0.125924 0.018391
10 7 0.147468 0.125924 0.018391
10 8 0.148164 0.125924 0.018391
10 9 0.144686 0.125924 0.018391
10 10 0.145381 0.125924 0.018391
10 11 0.148024 0.125924 0.018391
10 12 0.146077 0.125924 0.018391
10 13 0.146912 0.125924 0.018391
10 14 0.144964 0.125924 0.018391
10 15 0.141903 0.125924 0.018391
10 16 0.137312 0.125924 0.018391
10 17 0.133695 0.125924 0.018391
10 18 0.129382 0.125924 0.018391
10 19 0.122983 0.125924 0.018391
10 20 0.112966 0.125924 0.018391
11 0 0.105454 0.125924 0.018391
11 1 0.114218 0.125924 0.018391
11 2 0.127017 0.125924 0.018391
11 3 0.133278 0.125924 0.018391
11 4 0.137869 0.125924 0.018391
11 5 0.139955 0.125924 0.018391
11 6 0.141068 0.125924 0.018391
11 7 0.146355 0.125924 0.018391
11 8 0.147746 0.125924 0.018391
11 9 0.147190 0.125924 0.018391
11 10 0.147607 0.125924 0.018391
11 11 0.148442 0.125924 0.018391
11 12 0.147329 0.125924 0.018391
11 13 0.146912 0.125924 0.018391
11 14 0.146494 0.125924 0.018391
11 15 0.146077 0.125924 0.018391
11 16 0.141068 0.125924 0.018391
11 17 0.136060 0.125924 0.018391
11 18 0.129939 0.125924 0.018391
11 19 0.124791 0.125924 0.018391
11 20 0.113801 0.125924 0.018391
12 0 0.106706 0.125924 0.018391
12 1 0.114636 0.125924 0.018391
12 2 0.124513 0.125924 0.018391
12 3 0.129521 0.125924 0.018391
12 4 0.137173 0.125924 0.018391
12 5 0.140512 0.125924 0.018391
12 6 0.140651 0.125924 0.018391
12 7 0.144964 0.125924 0.018391
12 8 0.147468 0.125924 0.018391
12 9 0.148442 0.125924 0.018391
12 10 0.151363 0.125924 0.018391
12 11 0.151085 0.125924 0.018391
12 12 0.150250 0.125924 0.018391
12 13 0.148720 0.125924 0.018391
12 14 0.149277 0.125924 0.018391
12 15 0.149277 0.125924 0.018391
12 16 0.143294 0.125924 0.018391
12 17 0.137034 0.125924 0.018391
12 18 0.132026 0.125924 0.018391
12 19 0.124652 0.125924 0.018391
12 20 0.112966 0.125924 0.018391
13 0 0.103088 0.125924 0.018391
13 1 0.112827 0.125924 0.018391
13 2 0.121313 0.125924 0.018391
13 3 0.129521 0.125924 0.018391
13 4 0.134947 0.125924 0.018391
13 5 0.139955 0.125924 0.018391
13 6 0.141903 0.125924 0.018391
13 7 0.146633 0.125924 0.018391
13 8 0.148024 0.125924 0.018391
13 9 0.150250 0.125924 0.018391
13 10 0.152059 0.125924 0.018391
13 11 0.150668 0.125924 0.018391
13 12 0.153172 0.125924 0.018391
13 13 0.150807 0.125924 0.018391
13 14 0.150529 0.125924 0.018391
13 15 0.149137 0.125924 0.018391
13 16 0.142460 0.125924 0.018391
13 17 0.135782 0.125924 0.018391
13 18 0.131747 0.125924 0.018391
13 19 0.122148 0.125924 0.018391
13 20 0.114357 0.125924 0.018391
14 0 0.100584 0.125924 0.018391
14 1 0.110184 0.125924 0.018391
14 2 0.117974 0.125924 0.018391
14 3 0.126043 0.125924 0.018391
14 4 0.131469 0.125924 0.018391
14 5 0.136060 0.125924 0.018391
14 6 0.139816 0.125924 0.018391
14 7 0.145242 0.125924 0.018391
14 8 0.144129 0.125924 0.018391
14 9 0.146772 0.125924 0.018391
14 10 0.148303 0.125924 0.018391
14 11 0.149416 0.125924 0.018391
14 12 0.151920 0.125924 0.018391
14 13 0.150668 0.125924 0.018391
14 14 0.148442 0.125924 0.018391
14 15 0.146355 0.125924 0.018391
14 16 0.139677 0.125924 0.018391
14 17 0.132860 0.125924 0.018391
14 18 0.126600 0.125924 0.018391
14 19 0.119226 0.125924 0.018391
14 20 0.114079 0.125924 0.018391
15 0 0.094046 0.125924 0.018391
15 1 0.104201 0.125924 0.018391
15 2 0.113383 0.125924 0.018391
15 3 0.119505 0.125924 0.018391
15 4 0.127017 0.125924 0.018391
15 5 0.131469 0.125924 0.018391
15 6 0.135225 0.125924 0.018391
15 7 0.139816 0.125924 0.018391
15 8 0.142599 0.125924 0.018391
15 9 0.143573 0.125924 0.018391
15 10 0.145659 0.125924 0.018391
15 11 0.144825 0.125924 0.018391
15 12 0.147329 0.125924 0.018391
15 13 0.145381 0.125924 0.018391
15 14 0.141625 0.125924 0.018391
15 15 0.140512 0.125924 0.018391
15 16 0.135782 0.125924 0.018391
15 17 0.129800 0.125924 0.018391
15 18 0.121313 0.125924 0.018391
15 19 0.114357 0.125924 0.018391
15 20 0.108236 0.125924 0.018391
16 0 0.084585 0.125924 0.018391
16 1 0.096828 0.125924 0.018391
16 2 0.105175 0.125924 0.018391
16 3 0.113383 0.125924 0.018391
16 4 0.118531 0.125924 0.018391
16 5 0.123678 0.125924 0.018391
16 6 0.129104 0.125924 0.018391
16 7 0.135364 0.125924 0.018391
16 8 0.141625 0.125924 0.018391
16 9 0.140234 0.125924 0.018391
16 10 0.140651 0.125924 0.018391
16 11 0.141208 0.125924 0.018391
16 12 0.142738 0.125924 0.018391
16 13 0.140929 0.125924 0.018391
16 14 0.135643 0.125924 0.018391
16 15 0.133973 0.125924 0.018391
16 16 0.128408 0.125924 0.018391
16 17 0.122844 0.125924 0.018391
16 18 0.116305 0.125924 0.018391
16 19 0.112966 0.125924 0.018391
16 20 0.104062 0.125924 0.018391
17 0 0.082638 0.125924 0.018391
17 1 0.090568 0.125924 0.018391
17 2 0.099054 0.125924 0.018391
17 3 0.109210 0.125924 0.018391
17 4 0.112131 0.125924 0.018391
17 5 0.116722 0.125924 0.018391
17 6 0.123817 0.125924 0.018391
17 7 0.129800 0.125924 0.018391
17 8 0.136060 0.125924 0.018391
17 9 0.136060 0.125924 0.018391
17 10 0.137590 0.125924 0.018391
17 11 0.138008 0.125924 0.018391
17 12 0.137034 0.125924 0.018391
17 13 0.135225 0.125924 0.018391
17 14 0.132721 0.125924 0.018391
17 15 0.127017 0.125924 0.018391
17 16 0.121592 0.125924 0.018391
17 17 0.116583 0.125924 0.018391
17 18 0.110462 0.125924 0.018391
17 19 0.104341 0.125924 0.018391
17 20 0.100723 0.125924 0.018391
18 0 0.080968 0.125924 0.018391
18 1 0.089037 0.125924 0.018391
18 2 0.096272 0.125924 0.018391
18 3 0.105454 0.125924 0.018391
18 4 0.106984 0.125924 0.018391
18 5 0.114357 0.125924 0.018391
18 6 0.118670 0.125924 0.018391
18 7 0.122287 0.125924 0.018391
18 8 0.128687 0.125924 0.018391
18 9 0.127852 0.125924 0.018391
18 10 0.130078 0.125924 0.018391
18 11 0.128687 0.125924 0.018391
18 12 0.130356 0.125924 0.018391
18 13 0.129800 0.125924 0.018391
18 14 0.124513 0.125924 0.018391
18 15 0.122148 0.125924 0.018391
18 16 0.116444 0.125924 0.018391
18 17 0.112827 0.125924 0.018391
18 18 0.105454 0.125924 0.018391
18 19 0.099750 0.125924 0.018391
18 20 0.096132 0.125924 0.018391
19 0 0.079994 0.125924 0.018391
19 1 0.085977 0.125924 0.018391
19 2 0.091263 0.125924 0.018391
19 3 0.097524 0.125924 0.018391
19 4 0.101280 0.125924 0.018391
19 5 0.106845 0.125924 0.018391
19 6 0.110462 0.125924 0.018391
19 7 0.116305 0.125924 0.018391
19 8 0.120200 0.125924 0.018391
19 9 0.120757 0.125924 0.018391
19 10 0.119366 0.125924 0.018391
19 11 0.120200 0.125924 0.018391
19 12 0.119922 0.125924 0.018391
19 13 0.118948 0.125924 0.018391
19 14 0.115470 0.125924 0.018391
19 15 0.112549 0.125924 0.018391
19 16 0.111714 0.125924 0.018391
19 17 0.105593 0.125924 0.018391
19 18 0.101558 0.125924 0.018391
19 19 0.095854 0.125924 0.018391
19 20 0.090707 0.125924 0.018391
20 0 0.073734 0.125924 0.018391
20 1 0.079299 0.125924 0.018391
20 2 0.084307 0.125924 0.018391
20 3 0.088203 0.125924 0.018391
20 4 0.091681 0.125924 0.018391
20 5 0.098497 0.125924 0.018391
20 6 0.102532 0.125924 0.018391
20 7 0.106984 0.125924 0.018391
20 8 0.108792 0.125924 0.018391
20 9 0.108097 0.125924 0.018391
20 10 0.109071 0.125924 0.018391
20 11 0.106288 0.125924 0.018391
20 12 0.108097 0.125924 0.018391
20 13 0.107958 0.125924 0.018391
20 14 0.107819 0.125924 0.018391
20 15 0.106010 0.125924 0.018391
20 16 0.102810 0.125924 0.018391
20 17 0.098637 0.125924 0.018391
20 18 0.093072 0.125924 0.018391
20 19 0.088759 0.125924 0.018391
20 20 0.084446 0.125924 0.018391
