# contact distance = 20.0 Angstroms
# F = 0.4 kJ/mol

# i j contact_probability mean_contact_probability stddev_contact_probability
0 0 0.084522 0.081863 0.013534
0 1 0.085550 0.081863 0.013534
0 2 0.083787 0.081863 0.013534
0 3 0.079671 0.081863 0.013534
0 4 0.076437 0.081863 0.013534
0 5 0.071586 0.081863 0.013534
0 6 0.070851 0.081863 0.013534
0 7 0.072468 0.081863 0.013534
0 8 0.071292 0.081863 0.013534
0 9 0.071880 0.081863 0.013534
0 10 0.070998 0.081863 0.013534
0 11 0.074379 0.081863 0.013534
0 12 0.079230 0.081863 0.013534
0 13 0.086432 0.081863 0.013534
0 14 0.088490 0.081863 0.013534
0 15 0.092165 0.081863 0.013534
0 16 0.091283 0.081863 0.013534
0 17 0.094664 0.081863 0.013534
0 18 0.092018 0.081863 0.013534
0 19 0.091724 0.081863 0.013534
0 20 0.089960 0.081863 0.013534
1 0 0.085550 0.081863 0.013534
1 1 0.089225 0.081863 0.013534
1 2 0.086579 0.081863 0.013534
1 3 0.080847 0.081863 0.013534
1 4 0.077760 0.081863 0.013534
1 5 0.073203 0.081863 0.013534
1 6 0.075408 0.081863 0.013534
1 7 0.076731 0.081863 0.013534
1 8 0.075702 0.081863 0.013534
1 9 0.075996 0.081863 0.013534
1 10 0.074379 0.081863 0.013534
1 11 0.075996 0.081863 0.013534
1 12 0.083787 0.081863 0.013534
1 13 0.090107 0.081863 0.013534
1 14 0.091724 0.081863 0.013534
1 15 0.093341 0.081863 0.013534
1 16 0.093488 0.081863 0.013534
1 17 0.094811 0.081863 0.013534
1 18 0.095693 0.081863 0.013534
1 19 0.092900 0.081863 0.013534
1 20 0.090989 0.081863 0.013534
2 0 0.084081 0.081863 0.013534
2 1 0.086285 0.081863 0.013534
2 2 0.085403 0.081863 0.013534
2 3 0.082023 0.081863 0.013534
2 4 0.080112 0.081863 0.013534
2 5 0.075996 0.081863 0.013534
2 6 0.078348 0.081863 0.013534
2 7 0.079083 0.081863 0.013534
2 8 0.078054 0.081863 0.013534
2 9 0.078201 0.081863 0.013534
2 10 0.078054 0.081863 0.013534
2 11 0.083199 0.081863 0.013534
2 12 0.087167 0.081863 0.013534
2 13 0.092459 0.081863 0.013534
2 14 0.092018 0.081863 0.013534
2 15 0.095546 0.081863 0.013534
2 16 0.094517 0.081863 0.013534
2 17 0.097751 0.081863 0.013534
2 18 0.095987 0.081863 0.013534
2 19 0.092606 0.081863 0.013534
2 20 0.089078 0.081863 0.013534
3 0 0.078936 0.081863 0.013534
3 1 0.082464 0.081863 0.013534
3 2 0.082464 0.081863 0.013534
3 3 0.079377 0.081863 0.013534
3 4 0.080994 0.081863 0.013534
3 5 0.079524 0.081863 0.013534
3 6 0.079083 0.081863 0.013534
3 7 0.080259 0.081863 0.013534
3 8 0.079671 0.081863 0.013534
3 9 0.082464 0.081863 0.013534
3 10 0.080847 0.081863 0.013534
3 11 0.083346 0.081863 0.013534
3 12 0.089813 0.081863 0.013534
3 13 0.093341 0.081863 0.013534
3 14 0.095252 0.081863 0.013534
3 15 0.096134 0.081863 0.013534
3 16 0.097457 0.081863 0.013534
3 17 0.097163 0.081863 0.013534
3 18 0.095252 0.081863 0.013534
3 19 0.091283 0.081863 0.013534
3 20 0.088784 0.081863 0.013534
4 0 0.074232 0.081863 0.013534
4 1 0.076731 0.081863 0.013534
4 2 0.080112 0.081863 0.013534
4 3 0.077172 0.081863 0.013534
4 4 0.078495 0.081863 0.013534
4 5 0.079524 0.081863 0.013534
4 6 0.079965 0.081863 0.013534
4 7 0.084228 0.081863 0.013534
4 8 0.085110 0.081863 0.013534
4 9 0.082611 0.081863 0.013534
4 10 0.083346 0.081863 0.013534
4 11 0.086138 0.081863 0.013534
4 12 0.091430 0.081863 0.013534
4 13 0.093782 0.081863 0.013534
4 14 0.095546 0.081863 0.013534
4 15 0.098486 0.081863 0.013534
4 16 0.095546 0.081863 0.013534
4 17 0.094370 0.081863 0.013534
4 18 0.093929 0.081863 0.013534
4 19 0.092165 0.081863 0.013534
4 20 0.086726 0.081863 0.013534
5 0 0.069969 0.081863 0.013534
5 1 0.073791 0.081863 0.013534
5 2 0.075849 0.081863 0.013534
5 3 0.075555 0.081863 0.013534
5 4 0.078495 0.081863 0.013534
5 5 0.081141 0.081863 0.013534
5 6 0.083493 0.081863 0.013534
5 7 0.085697 0.081863 0.013534
5 8 0.085403 0.081863 0.013534
5 9 0.084228 0.081863 0.013534
5 10 0.084963 0.081863 0.013534
5 11 0.087020 0.081863 0.013534
5 12 0.092165 0.081863 0.013534
5 13 0.096722 0.081863 0.013534
5 14 0.097457 0.081863 0.013534
5 15 0.099221 0.081863 0.013534
5 16 0.096281 0.081863 0.013534
5 17 0.094517 0.081863 0.013534
5 18 0.093635 0.081863 0.013534
5 19 0.089666 0.081863 0.013534
5 20 0.082023 0.081863 0.013534
6 0 0.070998 0.081863 0.013534
6 1 0.070263 0.081863 0.013534
6 2 0.070410 0.081863 0.013534
6 3 0.074673 0.081863 0.013534
6 4 0.075408 0.081863 0.013534
6 5 0.079377 0.081863 0.013534
6 6 0.084522 0.081863 0.013534
6 7 0.084669 0.081863 0.013534
6 8 0.086726 0.081863 0.013534
6 9 0.087167 0.081863 0.013534
6 10 0.086432 0.081863 0.013534
6 11 0.086726 0.081863 0.013534
6 12 0.093929 0.081863 0.013534
6 13 0.094811 0.081863 0.013534
6 14 0.097310 0.081863 0.013534
6 15 0.096428 0.081863 0.013534
6 16 0.096428 0.081863 0.013534
6 17 0.094223 0.081863 0.013534
6 18 0.089372 0.081863 0.013534
6 19 0.085844 0.081863 0.013534
6 20 0.076143 0.081863 0.013534
7 0 0.069234 0.081863 0.013534
7 1 0.072321 0.081863 0.013534
7 2 0.072027 0.081863 0.013534
7 3 0.070851 0.081863 0.013534
7 4 0.074673 0.081863 0.013534
7 5 0.080553 0.081863 0.013534
7 6 0.082023 0.081863 0.013534
7 7 0.086579 0.081863 0.013534
7 8 0.089225 0.081863 0.013534
7 9 0.090548 0.081863 0.013534
7 10 0.088490 0.081863 0.013534
7 11 0.089078 0.081863 0.013534
7 12 0.091871 0.081863 0.013534
7 13 0.093341 0.081863 0.013534
7 14 0.094370 0.081863 0.013534
7 15 0.094223 0.081863 0.013534
7 16 0.093194 0.081863 0.013534
7 17 0.090107 0.081863 0.013534
7 18 0.088637 0.081863 0.013534
7 19 0.081582 0.081863 0.013534
7 20 0.074526 0.081863 0.013534
8 0 0.071145 0.081863 0.013534
8 1 0.069969 0.081863 0.013534
8 2 0.071586 0.081863 0.013534
8 3 0.072321 0.081863 0.013534
8 4 0.075996 0.081863 0.013534
8 5 0.081729 0.081863 0.013534
8 6 0.084228 0.081863 0.013534
8 7 0.088343 0.081863 0.013534
8 8 0.089666 0.081863 0.013534
8 9 0.089960 0.081863 0.013534
8 10 0.089813 0.081863 0.013534
8 11 0.090989 0.081863 0.013534
8 12 0.091430 0.081863 0.013534
8 13 0.093488 0.081863 0.013534
8 14 0.092606 0.081863 0.013534
8 15 0.089960 0.081863 0.013534
8 16 0.089078 0.081863 0.013534
8 17 0.086285 0.081863 0.013534
8 18 0.080994 0.081863 0.013534
8 19 0.077466 0.081863 0.013534
8 20 0.071439 0.081863 0.013534
9 0 0.066735 0.081863 0.013534
9 1 0.068940 0.081863 0.013534
9 2 0.070116 0.081863 0.013534
9 3 0.072174 0.081863 0.013534
9 4 0.075849 0.081863 0.013534
9 5 0.080700 0.081863 0.013534
9 6 0.085110 0.081863 0.013534
9 7 0.087461 0.081863 0.013534
9 8 0.090401 0.081863 0.013534
9 9 0.090842 0.081863 0.013534
9 10 0.091283 0.081863 0.013534
9 11 0.090989 0.081863 0.013534
9 12 0.092312 0.081863 0.013534
9 13 0.092900 0.081863 0.013534
9 14 0.091283 0.081863 0.013534
9 15 0.089519 0.081863 0.013534
9 16 0.086726 0.081863 0.013534
9 17 0.082905 0.081863 0.013534
9 18 0.079818 0.081863 0.013534
9 19 0.072468 0.081863 0.013534
9 20 0.066588 0.081863 0.013534
10 0 0.068499 0.081863 0.013534
10 1 0.068499 0.081863 0.013534
10 2 0.071292 0.081863 0.013534
10 3 0.073791 0.081863 0.013534
10 4 0.077319 0.081863 0.013534
10 5 0.079377 0.081863 0.013534
10 6 0.084522 0.081863 0.013534
10 7 0.087461 0.081863 0.013534
10 8 0.088196 0.081863 0.013534
10 9 0.089666 0.081863 0.013534
10 10 0.088931 0.081863 0.013534
10 11 0.091136 0.081863 0.013534
10 12 0.091871 0.081863 0.013534
10 13 0.090695 0.081863 0.013534
10 14 0.090401 0.081863 0.013534
10 15 0.085844 0.081863 0.013534
10 16 0.083052 0.081863 0.013534
10 17 0.081141 0.081863 0.013534
10 18 0.074085 0.081863 0.013534
10 19 0.066735 0.081863 0.013534
10 20 0.060709 0.081863 0.013534
11 0 0.070704 0.081863 0.013534
11 1 0.072321 0.081863 0.013534
11 2 0.075996 0.081863 0.013534
11 3 0.077025 0.081863 0.013534
11 4 0.080406 0.081863 0.013534
11 5 0.084816 0.081863 0.013534
11 6 0.086285 0.081863 0.013534
11 7 0.089813 0.081863 0.013534
11 8 0.090107 0.081863 0.013534
11 9 0.090107 0.081863 0.013534
11 10 0.091577 0.081863 0.013534
11 11 0.092165 0.081863 0.013534
11 12 0.093782 0.081863 0.013534
11 13 0.093635 0.081863 0.013534
11 14 0.092018 0.081863 0.013534
11 15 0.087020 0.081863 0.013534
11 16 0.082464 0.081863 0.013534
11 17 0.078054 0.081863 0.013534
11 18 0.071292 0.081863 0.013534
11 19 0.064530 0.081863 0.013534
11 20 0.057769 0.081863 0.013534
12 0 0.078054 0.081863 0.013534
12 1 0.080994 0.081863 0.013534
12 2 0.082170 0.081863 0.013534
12 3 0.084081 0.081863 0.013534
12 4 0.085110 0.081863 0.013534
12 5 0.087167 0.081863 0.013534
12 6 0.089225 0.081863 0.013534
12 7 0.091430 0.081863 0.013534
12 8 0.091724 0.081863 0.013534
12 9 0.092900 0.081863 0.013534
12 10 0.093194 0.081863 0.013534
12 11 0.091577 0.081863 0.013534
12 12 0.094076 0.081863 0.013534
12 13 0.094370 0.081863 0.013534
12 14 0.092312 0.081863 0.013534
12 15 0.086726 0.081863 0.013534
12 16 0.080112 0.081863 0.013534
12 17 0.074967 0.081863 0.013534
12 18 0.070116 0.081863 0.013534
12 19 0.061590 0.081863 0.013534
12 20 0.056740 0.081863 0.013534
13 0 0.084522 0.081863 0.013534
13 1 0.088637 0.081863 0.013534
13 2 0.091136 0.081863 0.013534
13 3 0.089813 0.081863 0.013534
13 4 0.090254 0.081863 0.013534
13 5 0.090695 0.081863 0.013534
13 6 0.090989 0.081863 0.013534
13 7 0.093782 0.081863 0.013534
13 8 0.092312 0.081863 0.013534
13 9 0.092606 0.081863 0.013534
13 10 0.089960 0.081863 0.013534
13 11 0.091871 0.081863 0.013534
13 12 0.093047 0.081863 0.013534
13 13 0.091724 0.081863 0.013534
13 14 0.088490 0.081863 0.013534
13 15 0.085403 0.081863 0.013534
13 16 0.079524 0.081863 0.013534
13 17 0.074526 0.081863 0.013534
13 18 0.067470 0.081863 0.013534
13 19 0.059974 0.081863 0.013534
13 20 0.056299 0.081863 0.013534
14 0 0.089813 0.081863 0.013534
14 1 0.093341 0.081863 0.013534
14 2 0.097016 0.081863 0.013534
14 3 0.096134 0.081863 0.013534
14 4 0.094664 0.081863 0.013534
14 5 0.093488 0.081863 0.013534
14 6 0.092312 0.081863 0.013534
14 7 0.092606 0.081863 0.013534
14 8 0.090401 0.081863 0.013534
14 9 0.088343 0.081863 0.013534
14 10 0.088637 0.081863 0.013534
14 11 0.090548 0.081863 0.013534
14 12 0.092753 0.081863 0.013534
14 13 0.091871 0.081863 0.013534
14 14 0.086726 0.081863 0.013534
14 15 0.079671 0.081863 0.013534
14 16 0.078054 0.081863 0.013534
14 17 0.070704 0.081863 0.013534
14 18 0.065265 0.081863 0.013534
14 19 0.057475 0.081863 0.013534
14 20 0.051448 0.081863 0.013534
15 0 0.092900 0.081863 0.013534
15 1 0.099662 0.081863 0.013534
15 2 0.101426 0.081863 0.013534
15 3 0.099809 0.081863 0.013534
15 4 0.098045 0.081863 0.013534
15 5 0.096428 0.081863 0.013534
15 6 0.093782 0.081863 0.013534
15 7 0.092606 0.081863 0.013534
15 8 0.089519 0.081863 0.013534
15 9 0.088196 0.081863 0.013534
15 10 0.089813 0.081863 0.013534
15 11 0.086579 0.081863 0.013534
15 12 0.088637 0.081863 0.013534
15 13 0.086285 0.081863 0.013534
15 14 0.080700 0.081863 0.013534
15 15 0.075702 0.081863 0.013534
15 16 0.073056 0.081863 0.013534
15 17 0.067470 0.081863 0.013534
15 18 0.059974 0.081863 0.013534
15 19 0.054535 0.081863 0.013534
15 20 0.048067 0.081863 0.013534
16 0 0.093929 0.081863 0.013534
16 1 0.101279 0.081863 0.013534
16 2 0.104513 0.081863 0.013534
16 3 0.099809 0.081863 0.013534
16 4 0.099662 0.081863 0.013534
16 5 0.097310 0.081863 0.013534
16 6 0.093194 0.081863 0.013534
16 7 0.089078 0.081863 0.013534
16 8 0.086138 0.081863 0.013534
16 9 0.087608 0.081863 0.013534
16 10 0.086285 0.081863 0.013534
16 11 0.085844 0.081863 0.013534
16 12 0.084375 0.081863 0.013534
16 13 0.082317 0.081863 0.013534
16 14 0.076143 0.081863 0.013534
16 15 0.072615 0.081863 0.013534
16 16 0.065853 0.081863 0.013534
16 17 0.060121 0.081863 0.013534
16 18 0.054682 0.081863 0.013534
16 19 0.049390 0.081863 0.013534
16 20 0.045127 0.081863 0.013534
17 0 0.095399 0.081863 0.013534
17 1 0.100985 0.081863 0.013534
17 2 0.101279 0.081863 0.013534
17 3 0.102308 0.081863 0.013534
17 4 0.100691 0.081863 0.013534
17 5 0.098486 0.081863 0.013534
17 6 0.094517 0.081863 0.013534
17 7 0.089519 0.081863 0.013534
17 8 0.084963 0.081863 0.013534
17 9 0.081729 0.081863 0.013534
17 10 0.080259 0.081863 0.013534
17 11 0.081288 0.081863 0.013534
17 12 0.080112 0.081863 0.013534
17 13 0.075702 0.081863 0.013534
17 14 0.072174 0.081863 0.013534
17 15 0.066735 0.081863 0.013534
17 16 0.059239 0.081863 0.013534
17 17 0.056152 0.081863 0.013534
17 18 0.049537 0.081863 0.013534
17 19 0.046303 0.081863 0.013534
17 20 0.041452 0.081863 0.013534
18 0 0.094223 0.081863 0.013534
18 1 0.099809 0.081863 0.013534
18 2 0.099809 0.081863 0.013534
18 3 0.100544 0.081863 0.013534
18 4 0.101279 0.081863 0.013534
18 5 0.095840 0.081863 0.013534
18 6 0.094223 0.081863 0.013534
18 7 0.087314 0.081863 0.013534
18 8 0.081288 0.081863 0.013534
18 9 0.078348 0.081863 0.013534
18 10 0.077319 0.081863 0.013534
18 11 0.075702 0.081863 0.013534
18 12 0.074232 0.081863 0.013534
18 13 0.070998 0.081863 0.013534
18 14 0.067029 0.081863 0.013534
18 15 0.060415 0.081863 0.013534
18 16 0.055564 0.081863 0.013534
18 17 0.051448 0.081863 0.013534
18 18 0.045862 0.081863 0.013534
18 19 0.041599 0.081863 0.013534
18 20 0.041158 0.081863 0.013534
19 0 0.091283 0.081863 0.013534
19 1 0.097163 0.081863 0.013534
19 2 0.097457 0.081863 0.013534
19 3 0.097751 0.081863 0.013534
19 4 0.095693 0.081863 0.013534
19 5 0.090989 0.081863 0.013534
19 6 0.087314 0.081863 0.013534
19 7 0.086138 0.081863 0.013534
19 8 0.079671 0.081863 0.013534
19 9 0.072615 0.081863 0.013534
19 10 0.070557 0.081863 0.013534
19 11 0.070116 0.081863 0.013534
19 12 0.068646 0.081863 0.013534
19 13 0.066882 0.081863 0.013534
19 14 0.061590 0.081863 0.013534
19 15 0.054535 0.081863 0.013534
19 16 0.048361 0.081863 0.013534
19 17 0.044686 0.081863 0.013534
19 18 0.038953 0.081863 0.013534
19 19 0.036601 0.081863 0.013534
19 20 0.036455 0.081863 0.013534
20 0 0.085844 0.081863 0.013534
20 1 0.091724 0.081863 0.013534
20 2 0.093929 0.081863 0.013534
20 3 0.093488 0.081863 0.013534
20 4 0.089225 0.081863 0.013534
20 5 0.082317 0.081863 0.013534
20 6 0.079671 0.081863 0.013534
20 7 0.076878 0.081863 0.013534
20 8 0.071880 0.081863 0.013534
20 9 0.068940 0.081863 0.013534
20 10 0.067029 0.081863 0.013534
20 11 0.064089 0.081863 0.013534
20 12 0.063501 0.081863 0.013534
20 13 0.062178 0.081863 0.013534
20 14 0.055858 0.081863 0.013534
20 15 0.051448 0.081863 0.013534
20 16 0.043951 0.081863 0.013534
20 17 0.039541 0.081863 0.013534
20 18 0.035573 0.081863 0.013534
20 19 0.034838 0.081863 0.013534
20 20 0.033368 0.081863 0.013534
