# contact distance = 20.0 Angstroms
# F = 0.4 kJ/mol

# i j contact_probability mean_contact_probability stddev_contact_probability
0 0 0.067702 0.086670 0.016616
0 1 0.067314 0.086670 0.016616
0 2 0.065113 0.086670 0.016616
0 3 0.061618 0.086670 0.016616
0 4 0.061489 0.086670 0.016616
0 5 0.065243 0.086670 0.016616
0 6 0.063819 0.086670 0.016616
0 7 0.064725 0.086670 0.016616
0 8 0.068350 0.086670 0.016616
0 9 0.068867 0.086670 0.016616
0 10 0.072233 0.086670 0.016616
0 11 0.078576 0.086670 0.016616
0 12 0.085825 0.086670 0.016616
0 13 0.092945 0.086670 0.016616
0 14 0.097476 0.086670 0.016616
0 15 0.100712 0.086670 0.016616
0 16 0.102654 0.086670 0.016616
0 17 0.105113 0.086670 0.016616
0 18 0.103689 0.086670 0.016616
0 19 0.101359 0.086670 0.016616
0 20 0.100194 0.086670 0.016616
1 0 0.068997 0.086670 0.016616
1 1 0.066667 0.086670 0.016616
1 2 0.064207 0.086670 0.016616
1 3 0.062265 0.086670 0.016616
1 4 0.062395 0.086670 0.016616
1 5 0.063689 0.086670 0.016616
1 6 0.061359 0.086670 0.016616
1 7 0.063430 0.086670 0.016616
1 8 0.067832 0.086670 0.016616
1 9 0.071197 0.086670 0.016616
1 10 0.077799 0.086670 0.016616
1 11 0.083754 0.086670 0.016616
1 12 0.091392 0.086670 0.016616
1 13 0.096311 0.086670 0.016616
1 14 0.100841 0.086670 0.016616
1 15 0.103560 0.086670 0.016616
1 16 0.107702 0.086670 0.016616
1 17 0.109256 0.086670 0.016616
1 18 0.107832 0.086670 0.016616
1 19 0.104854 0.086670 0.016616
1 20 0.104466 0.086670 0.016616
2 0 0.064595 0.086670 0.016616
2 1 0.064595 0.086670 0.016616
2 2 0.061100 0.086670 0.016616
2 3 0.060712 0.086670 0.016616
2 4 0.062265 0.086670 0.016616
2 5 0.058900 0.086670 0.016616
2 6 0.060583 0.086670 0.016616
2 7 0.062524 0.086670 0.016616
2 8 0.069644 0.086670 0.016616
2 9 0.073139 0.086670 0.016616
2 10 0.081036 0.086670 0.016616
2 11 0.087508 0.086670 0.016616
2 12 0.091003 0.086670 0.016616
2 13 0.096052 0.086670 0.016616
2 14 0.100841 0.086670 0.016616
2 15 0.107055 0.086670 0.016616
2 16 0.109644 0.086670 0.016616
2 17 0.112492 0.086670 0.016616
2 18 0.110550 0.086670 0.016616
2 19 0.107314 0.086670 0.016616
2 20 0.103301 0.086670 0.016616
3 0 0.062654 0.086670 0.016616
3 1 0.063042 0.086670 0.016616
3 2 0.059029 0.086670 0.016616
3 3 0.059288 0.086670 0.016616
3 4 0.060194 0.086670 0.016616
3 5 0.060712 0.086670 0.016616
3 6 0.061489 0.086670 0.016616
3 7 0.065113 0.086670 0.016616
3 8 0.069903 0.086670 0.016616
3 9 0.076764 0.086670 0.016616
3 10 0.084013 0.086670 0.016616
3 11 0.088026 0.086670 0.016616
3 12 0.091650 0.086670 0.016616
3 13 0.096440 0.086670 0.016616
3 14 0.102006 0.086670 0.016616
3 15 0.105502 0.086670 0.016616
3 16 0.108091 0.086670 0.016616
3 17 0.109385 0.086670 0.016616
3 18 0.109773 0.086670 0.016616
3 19 0.107314 0.086670 0.016616
3 20 0.101877 0.086670 0.016616
4 0 0.061489 0.086670 0.016616
4 1 0.060971 0.086670 0.016616
4 2 0.058770 0.086670 0.016616
4 3 0.057346 0.086670 0.016616
4 4 0.058252 0.086670 0.016616
4 5 0.060841 0.086670 0.016616
4 6 0.064078 0.086670 0.016616
4 7 0.063560 0.086670 0.016616
4 8 0.071068 0.086670 0.016616
4 9 0.077540 0.086670 0.016616
4 10 0.082071 0.086670 0.016616
4 11 0.087896 0.086670 0.016616
4 12 0.091133 0.086670 0.016616
4 13 0.092945 0.086670 0.016616
4 14 0.099417 0.086670 0.016616
4 15 0.104984 0.086670 0.016616
4 16 0.106408 0.086670 0.016616
4 17 0.107961 0.086670 0.016616
4 18 0.106667 0.086670 0.016616
4 19 0.105113 0.086670 0.016616
4 20 0.100841 0.086670 0.016616
5 0 0.058641 0.086670 0.016616
5 1 0.058511 0.086670 0.016616
5 2 0.055922 0.086670 0.016616
5 3 0.056828 0.086670 0.016616
5 4 0.057735 0.086670 0.016616
5 5 0.062006 0.086670 0.016616
5 6 0.062913 0.086670 0.016616
5 7 0.067055 0.086670 0.016616
5 8 0.073786 0.086670 0.016616
5 9 0.078835 0.086670 0.016616
5 10 0.083754 0.086670 0.016616
5 11 0.086990 0.086670 0.016616
5 12 0.089709 0.086670 0.016616
5 13 0.092816 0.086670 0.016616
5 14 0.095793 0.086670 0.016616
5 15 0.102006 0.086670 0.016616
5 16 0.101877 0.086670 0.016616
5 17 0.105631 0.086670 0.016616
5 18 0.104078 0.086670 0.016616
5 19 0.104078 0.086670 0.016616
5 20 0.098252 0.086670 0.016616
6 0 0.057605 0.086670 0.016616
6 1 0.056311 0.086670 0.016616
6 2 0.056699 0.086670 0.016616
6 3 0.058770 0.086670 0.016616
6 4 0.061877 0.086670 0.016616
6 5 0.065113 0.086670 0.016616
6 6 0.067573 0.086670 0.016616
6 7 0.071715 0.086670 0.016616
6 8 0.077411 0.086670 0.016616
6 9 0.081683 0.086670 0.016616
6 10 0.086472 0.086670 0.016616
6 11 0.090744 0.086670 0.016616
6 12 0.091909 0.086670 0.016616
6 13 0.094757 0.086670 0.016616
6 14 0.096570 0.086670 0.016616
6 15 0.101230 0.086670 0.016616
6 16 0.102654 0.086670 0.016616
6 17 0.104337 0.086670 0.016616
6 18 0.102913 0.086670 0.016616
6 19 0.100453 0.086670 0.016616
6 20 0.093722 0.086670 0.016616
7 0 0.059676 0.086670 0.016616
7 1 0.058252 0.086670 0.016616
7 2 0.058123 0.086670 0.016616
7 3 0.059806 0.086670 0.016616
7 4 0.065243 0.086670 0.016616
7 5 0.069126 0.086670 0.016616
7 6 0.071586 0.086670 0.016616
7 7 0.072492 0.086670 0.016616
7 8 0.078706 0.086670 0.016616
7 9 0.085696 0.086670 0.016616
7 10 0.090097 0.086670 0.016616
7 11 0.093204 0.086670 0.016616
7 12 0.093074 0.086670 0.016616
7 13 0.094757 0.086670 0.016616
7 14 0.096440 0.086670 0.016616
7 15 0.098123 0.086670 0.016616
7 16 0.099935 0.086670 0.016616
7 17 0.097346 0.086670 0.016616
7 18 0.097735 0.086670 0.016616
7 19 0.093204 0.086670 0.016616
7 20 0.088673 0.086670 0.016616
8 0 0.062654 0.086670 0.016616
8 1 0.062265 0.086670 0.016616
8 2 0.062913 0.086670 0.016616
8 3 0.065502 0.086670 0.016616
8 4 0.069385 0.086670 0.016616
8 5 0.072362 0.086670 0.016616
8 6 0.074951 0.086670 0.016616
8 7 0.077929 0.086670 0.016616
8 8 0.081294 0.086670 0.016616
8 9 0.089320 0.086670 0.016616
8 10 0.092298 0.086670 0.016616
8 11 0.095534 0.086670 0.016616
8 12 0.096958 0.086670 0.016616
8 13 0.099935 0.086670 0.016616
8 14 0.098382 0.086670 0.016616
8 15 0.099288 0.086670 0.016616
8 16 0.098123 0.086670 0.016616
8 17 0.098511 0.086670 0.016616
8 18 0.095275 0.086670 0.016616
8 19 0.091133 0.086670 0.016616
8 20 0.082718 0.086670 0.016616
9 0 0.064984 0.086670 0.016616
9 1 0.067702 0.086670 0.016616
9 2 0.069385 0.086670 0.016616
9 3 0.069515 0.086670 0.016616
9 4 0.072104 0.086670 0.016616
9 5 0.075469 0.086670 0.016616
9 6 0.078447 0.086670 0.016616
9 7 0.081553 0.086670 0.016616
9 8 0.085307 0.086670 0.016616
9 9 0.088932 0.086670 0.016616
9 10 0.094628 0.086670 0.016616
9 11 0.098382 0.086670 0.016616
9 12 0.098252 0.086670 0.016616
9 13 0.097994 0.086670 0.016616
9 14 0.099159 0.086670 0.016616
9 15 0.098511 0.086670 0.016616
9 16 0.099029 0.086670 0.016616
9 17 0.095534 0.086670 0.016616
9 18 0.092427 0.086670 0.016616
9 19 0.086990 0.086670 0.016616
9 20 0.081683 0.086670 0.016616
10 0 0.070809 0.086670 0.016616
10 1 0.074304 0.086670 0.016616
10 2 0.075987 0.086670 0.016616
10 3 0.076634 0.086670 0.016616
10 4 0.077023 0.086670 0.016616
10 5 0.081942 0.086670 0.016616
10 6 0.086343 0.086670 0.016616
10 7 0.087896 0.086670 0.016616
10 8 0.093204 0.086670 0.016616
10 9 0.094369 0.086670 0.016616
10 10 0.097605 0.086670 0.016616
10 11 0.101489 0.086670 0.016616
10 12 0.102136 0.086670 0.016616
10 13 0.101748 0.086670 0.016616
10 14 0.099288 0.086670 0.016616
10 15 0.099806 0.086670 0.016616
10 16 0.099676 0.086670 0.016616
10 17 0.096052 0.086670 0.016616
10 18 0.088932 0.086670 0.016616
10 19 0.084531 0.086670 0.016616
10 20 0.081424 0.086670 0.016616
11 0 0.078188 0.086670 0.016616
11 1 0.078835 0.086670 0.016616
11 2 0.081294 0.086670 0.016616
11 3 0.084660 0.086670 0.016616
11 4 0.085955 0.086670 0.016616
11 5 0.087767 0.086670 0.016616
11 6 0.089450 0.086670 0.016616
11 7 0.091133 0.086670 0.016616
11 8 0.096052 0.086670 0.016616
11 9 0.096699 0.086670 0.016616
11 10 0.103689 0.086670 0.016616
11 11 0.105113 0.086670 0.016616
11 12 0.105372 0.086670 0.016616
11 13 0.102006 0.086670 0.016616
11 14 0.099935 0.086670 0.016616
11 15 0.097087 0.086670 0.016616
11 16 0.097346 0.086670 0.016616
11 17 0.092945 0.086670 0.016616
11 18 0.090615 0.086670 0.016616
11 19 0.083107 0.086670 0.016616
11 20 0.079094 0.086670 0.016616
12 0 0.082977 0.086670 0.016616
12 1 0.086602 0.086670 0.016616
12 2 0.088544 0.086670 0.016616
12 3 0.089320 0.086670 0.016616
12 4 0.090744 0.086670 0.016616
12 5 0.090744 0.086670 0.016616
12 6 0.092945 0.086670 0.016616
12 7 0.097864 0.086670 0.016616
12 8 0.100324 0.086670 0.016616
12 9 0.101877 0.086670 0.016616
12 10 0.104337 0.086670 0.016616
12 11 0.105243 0.086670 0.016616
12 12 0.108350 0.086670 0.016616
12 13 0.103560 0.086670 0.016616
12 14 0.099935 0.086670 0.016616
12 15 0.096828 0.086670 0.016616
12 16 0.097735 0.086670 0.016616
12 17 0.094887 0.086670 0.016616
12 18 0.090744 0.086670 0.016616
12 19 0.084013 0.086670 0.016616
12 20 0.076764 0.086670 0.016616
13 0 0.088285 0.086670 0.016616
13 1 0.093851 0.086670 0.016616
13 2 0.097994 0.086670 0.016616
13 3 0.097735 0.086670 0.016616
13 4 0.097087 0.086670 0.016616
13 5 0.099547 0.086670 0.016616
13 6 0.099806 0.086670 0.016616
13 7 0.099029 0.086670 0.016616
13 8 0.102913 0.086670 0.016616
13 9 0.105243 0.086670 0.016616
13 10 0.106408 0.086670 0.016616
13 11 0.105631 0.086670 0.016616
13 12 0.106278 0.086670 0.016616
13 13 0.102265 0.086670 0.016616
13 14 0.099288 0.086670 0.016616
13 15 0.097476 0.086670 0.016616
13 16 0.097476 0.086670 0.016616
13 17 0.092427 0.086670 0.016616
13 18 0.087120 0.086670 0.016616
13 19 0.079741 0.086670 0.016616
13 20 0.070550 0.086670 0.016616
14 0 0.093981 0.086670 0.016616
14 1 0.101877 0.086670 0.016616
14 2 0.104207 0.086670 0.016616
14 3 0.103560 0.086670 0.016616
14 4 0.101748 0.086670 0.016616
14 5 0.102006 0.086670 0.016616
14 6 0.101100 0.086670 0.016616
14 7 0.100453 0.086670 0.016616
14 8 0.102265 0.086670 0.016616
14 9 0.103042 0.086670 0.016616
14 10 0.104854 0.086670 0.016616
14 11 0.103042 0.086670 0.016616
14 12 0.103301 0.086670 0.016616
14 13 0.099159 0.086670 0.016616
14 14 0.096699 0.086670 0.016616
14 15 0.095016 0.086670 0.016616
14 16 0.091262 0.086670 0.016616
14 17 0.085566 0.086670 0.016616
14 18 0.079482 0.086670 0.016616
14 19 0.072362 0.086670 0.016616
14 20 0.062006 0.086670 0.016616
15 0 0.100971 0.086670 0.016616
15 1 0.107314 0.086670 0.016616
15 2 0.106667 0.086670 0.016616
15 3 0.105761 0.086670 0.016616
15 4 0.105372 0.086670 0.016616
15 5 0.106667 0.086670 0.016616
15 6 0.103948 0.086670 0.016616
15 7 0.102654 0.086670 0.016616
15 8 0.103560 0.086670 0.016616
15 9 0.102265 0.086670 0.016616
15 10 0.103172 0.086670 0.016616
15 11 0.098511 0.086670 0.016616
15 12 0.100194 0.086670 0.016616
15 13 0.097605 0.086670 0.016616
15 14 0.092686 0.086670 0.016616
15 15 0.086861 0.086670 0.016616
15 16 0.083625 0.086670 0.016616
15 17 0.078706 0.086670 0.016616
15 18 0.073010 0.086670 0.016616
15 19 0.066926 0.086670 0.016616
15 20 0.061877 0.086670 0.016616
16 0 0.102395 0.086670 0.016616
16 1 0.108867 0.086670 0.016616
16 2 0.107832 0.086670 0.016616
16 3 0.107702 0.086670 0.016616
16 4 0.107055 0.086670 0.016616
16 5 0.106408 0.086670 0.016616
16 6 0.104207 0.086670 0.016616
16 7 0.102783 0.086670 0.016616
16 8 0.102136 0.086670 0.016616
16 9 0.101100 0.086670 0.016616
16 10 0.098770 0.086670 0.016616
16 11 0.096440 0.086670 0.016616
16 12 0.096181 0.086670 0.016616
16 13 0.095534 0.086670 0.016616
16 14 0.088026 0.086670 0.016616
16 15 0.083754 0.086670 0.016616
16 16 0.078188 0.086670 0.016616
16 17 0.073786 0.086670 0.016616
16 18 0.069385 0.086670 0.016616
16 19 0.063689 0.086670 0.016616
16 20 0.057735 0.086670 0.016616
17 0 0.103689 0.086670 0.016616
17 1 0.107055 0.086670 0.016616
17 2 0.108997 0.086670 0.016616
17 3 0.109903 0.086670 0.016616
17 4 0.107184 0.086670 0.016616
17 5 0.107573 0.086670 0.016616
17 6 0.104207 0.086670 0.016616
17 7 0.102006 0.086670 0.016616
17 8 0.100453 0.086670 0.016616
17 9 0.097735 0.086670 0.016616
17 10 0.096052 0.086670 0.016616
17 11 0.096181 0.086670 0.016616
17 12 0.093592 0.086670 0.016616
17 13 0.090356 0.086670 0.016616
17 14 0.084531 0.086670 0.016616
17 15 0.079094 0.086670 0.016616
17 16 0.073269 0.086670 0.016616
17 17 0.068091 0.086670 0.016616
17 18 0.066408 0.086670 0.016616
17 19 0.059159 0.086670 0.016616
17 20 0.055275 0.086670 0.016616
18 0 0.103172 0.086670 0.016616
18 1 0.106019 0.086670 0.016616
18 2 0.108608 0.086670 0.016616
18 3 0.109256 0.086670 0.016616
18 4 0.108608 0.086670 0.016616
18 5 0.104595 0.086670 0.016616
18 6 0.102913 0.086670 0.016616
18 7 0.099935 0.086670 0.016616
18 8 0.097994 0.086670 0.016616
18 9 0.094887 0.086670 0.016616
18 10 0.091262 0.086670 0.016616
18 11 0.088414 0.086670 0.016616
18 12 0.085955 0.086670 0.016616
18 13 0.081294 0.086670 0.016616
18 14 0.076246 0.086670 0.016616
18 15 0.072880 0.086670 0.016616
18 16 0.068091 0.086670 0.016616
18 17 0.061618 0.086670 0.016616
18 18 0.059288 0.086670 0.016616
18 19 0.056052 0.086670 0.016616
18 20 0.050615 0.086670 0.016616
19 0 0.101100 0.086670 0.016616
19 1 0.102265 0.086670 0.016616
19 2 0.104207 0.086670 0.016616
19 3 0.106149 0.086670 0.016616
19 4 0.105761 0.086670 0.016616
19 5 0.102783 0.086670 0.016616
19 6 0.099288 0.086670 0.016616
19 7 0.096958 0.086670 0.016616
19 8 0.090227 0.086670 0.016616
19 9 0.088026 0.086670 0.016616
19 10 0.085955 0.086670 0.016616
19 11 0.082589 0.086670 0.016616
19 12 0.079353 0.086670 0.016616
19 13 0.076634 0.086670 0.016616
19 14 0.071974 0.086670 0.016616
19 15 0.067055 0.086670 0.016616
19 16 0.063301 0.086670 0.016616
19 17 0.060583 0.086670 0.016616
19 18 0.056181 0.086670 0.016616
19 19 0.050874 0.086670 0.016616
19 20 0.050615 0.086670 0.016616
20 0 0.096440 0.086670 0.016616
20 1 0.099159 0.086670 0.016616
20 2 0.100583 0.086670 0.016616
20 3 0.103689 0.086670 0.016616
20 4 0.101618 0.086670 0.016616
20 5 0.101100 0.086670 0.016616
20 6 0.094498 0.086670 0.016616
20 7 0.089579 0.086670 0.016616
20 8 0.083754 0.086670 0.016616
20 9 0.081553 0.086670 0.016616
20 10 0.078576 0.086670 0.016616
20 11 0.075340 0.086670 0.016616
20 12 0.072362 0.086670 0.016616
20 13 0.071586 0.086670 0.016616
20 14 0.066537 0.086670 0.016616
20 15 0.062654 0.086670 0.016616
20 16 0.059547 0.086670 0.016616
20 17 0.056311 0.086670 0.016616
20 18 0.051780 0.086670 0.016616
20 19 0.049450 0.086670 0.016616
20 20 0.046731 0.086670 0.016616
