# contact distance = 20.0 Angstroms
# F = 0.4 kJ/mol

# i j contact_probability mean_contact_probability stddev_contact_probability
0 0 0.051014 0.096591 0.019064
0 1 0.053477 0.096591 0.019064
0 2 0.056761 0.096591 0.019064
0 3 0.058755 0.096591 0.019064
0 4 0.060631 0.096591 0.019064
0 5 0.064032 0.096591 0.019064
0 6 0.066026 0.096591 0.019064
0 7 0.068957 0.096591 0.019064
0 8 0.074938 0.096591 0.019064
0 9 0.078339 0.096591 0.019064
0 10 0.082092 0.096591 0.019064
0 11 0.091474 0.096591 0.019064
0 12 0.099801 0.096591 0.019064
0 13 0.105430 0.096591 0.019064
0 14 0.109183 0.096591 0.019064
0 15 0.115046 0.096591 0.019064
0 16 0.113639 0.096591 0.019064
0 17 0.113053 0.096591 0.019064
0 18 0.108010 0.096591 0.019064
0 19 0.104257 0.096591 0.019064
0 20 0.099566 0.096591 0.019064
1 0 0.051249 0.096591 0.019064
1 1 0.053125 0.096591 0.019064
1 2 0.056057 0.096591 0.019064
1 3 0.058872 0.096591 0.019064
1 4 0.061452 0.096591 0.019064
1 5 0.064970 0.096591 0.019064
1 6 0.069661 0.096591 0.019064
1 7 0.071772 0.096591 0.019064
1 8 0.077284 0.096591 0.019064
1 9 0.081154 0.096591 0.019064
1 10 0.087018 0.096591 0.019064
1 11 0.095344 0.096591 0.019064
1 12 0.104609 0.096591 0.019064
1 13 0.110238 0.096591 0.019064
1 14 0.113287 0.096591 0.019064
1 15 0.118799 0.096591 0.019064
1 16 0.118682 0.096591 0.019064
1 17 0.116454 0.096591 0.019064
1 18 0.115985 0.096591 0.019064
1 19 0.108831 0.096591 0.019064
1 20 0.103553 0.096591 0.019064
2 0 0.052656 0.096591 0.019064
2 1 0.053594 0.096591 0.019064
2 2 0.058051 0.096591 0.019064
2 3 0.058637 0.096591 0.019064
2 4 0.062273 0.096591 0.019064
2 5 0.063211 0.096591 0.019064
2 6 0.070247 0.096591 0.019064
2 7 0.073297 0.096591 0.019064
2 8 0.079864 0.096591 0.019064
2 9 0.083382 0.096591 0.019064
2 10 0.090419 0.096591 0.019064
2 11 0.099332 0.096591 0.019064
2 12 0.106016 0.096591 0.019064
2 13 0.112701 0.096591 0.019064
2 14 0.115398 0.096591 0.019064
2 15 0.118682 0.096591 0.019064
2 16 0.120089 0.096591 0.019064
2 17 0.119855 0.096591 0.019064
2 18 0.119151 0.096591 0.019064
2 19 0.113874 0.096591 0.019064
2 20 0.108244 0.096591 0.019064
3 0 0.053477 0.096591 0.019064
3 1 0.056644 0.096591 0.019064
3 2 0.062156 0.096591 0.019064
3 3 0.063446 0.096591 0.019064
3 4 0.064501 0.096591 0.019064
3 5 0.064618 0.096591 0.019064
3 6 0.068371 0.096591 0.019064
3 7 0.074235 0.096591 0.019064
3 8 0.081975 0.096591 0.019064
3 9 0.087721 0.096591 0.019064
3 10 0.094171 0.096591 0.019064
3 11 0.101442 0.096591 0.019064
3 12 0.107893 0.096591 0.019064
3 13 0.113170 0.096591 0.019064
3 14 0.115867 0.096591 0.019064
3 15 0.120206 0.096591 0.019064
3 16 0.120558 0.096591 0.019064
3 17 0.121496 0.096591 0.019064
3 18 0.118916 0.096591 0.019064
3 19 0.115046 0.096591 0.019064
3 20 0.109769 0.096591 0.019064
4 0 0.057113 0.096591 0.019064
4 1 0.059927 0.096591 0.019064
4 2 0.062976 0.096591 0.019064
4 3 0.064853 0.096591 0.019064
4 4 0.068371 0.096591 0.019064
4 5 0.070130 0.096591 0.019064
4 6 0.072945 0.096591 0.019064
4 7 0.076698 0.096591 0.019064
4 8 0.083499 0.096591 0.019064
4 9 0.089129 0.096591 0.019064
4 10 0.094758 0.096591 0.019064
4 11 0.101442 0.096591 0.019064
4 12 0.107423 0.096591 0.019064
4 13 0.110121 0.096591 0.019064
4 14 0.116336 0.096591 0.019064
4 15 0.120324 0.096591 0.019064
4 16 0.123021 0.096591 0.019064
4 17 0.123725 0.096591 0.019064
4 18 0.121614 0.096591 0.019064
4 19 0.115515 0.096591 0.019064
4 20 0.105664 0.096591 0.019064
5 0 0.059810 0.096591 0.019064
5 1 0.060748 0.096591 0.019064
5 2 0.065205 0.096591 0.019064
5 3 0.068371 0.096591 0.019064
5 4 0.072593 0.096591 0.019064
5 5 0.074704 0.096591 0.019064
5 6 0.077049 0.096591 0.019064
5 7 0.080333 0.096591 0.019064
5 8 0.087604 0.096591 0.019064
5 9 0.092999 0.096591 0.019064
5 10 0.094523 0.096591 0.019064
5 11 0.101794 0.096591 0.019064
5 12 0.106016 0.096591 0.019064
5 13 0.110824 0.096591 0.019064
5 14 0.114343 0.096591 0.019064
5 15 0.118565 0.096591 0.019064
5 16 0.119855 0.096591 0.019064
5 17 0.120089 0.096591 0.019064
5 18 0.118799 0.096591 0.019064
5 19 0.109769 0.096591 0.019064
5 20 0.101208 0.096591 0.019064
6 0 0.063094 0.096591 0.019064
6 1 0.063328 0.096591 0.019064
6 2 0.068723 0.096591 0.019064
6 3 0.073531 0.096591 0.019064
6 4 0.076580 0.096591 0.019064
6 5 0.077988 0.096591 0.019064
6 6 0.080450 0.096591 0.019064
6 7 0.084672 0.096591 0.019064
6 8 0.087370 0.096591 0.019064
6 9 0.093937 0.096591 0.019064
6 10 0.098159 0.096591 0.019064
6 11 0.102967 0.096591 0.019064
6 12 0.106720 0.096591 0.019064
6 13 0.110004 0.096591 0.019064
6 14 0.112701 0.096591 0.019064
6 15 0.115867 0.096591 0.019064
6 16 0.117509 0.096591 0.019064
6 17 0.114694 0.096591 0.019064
6 18 0.111997 0.096591 0.019064
6 19 0.104374 0.096591 0.019064
6 20 0.097338 0.096591 0.019064
7 0 0.067081 0.096591 0.019064
7 1 0.069192 0.096591 0.019064
7 2 0.074000 0.096591 0.019064
7 3 0.077401 0.096591 0.019064
7 4 0.080099 0.096591 0.019064
7 5 0.080802 0.096591 0.019064
7 6 0.084789 0.096591 0.019064
7 7 0.089011 0.096591 0.019064
7 8 0.093351 0.096591 0.019064
7 9 0.097924 0.096591 0.019064
7 10 0.100504 0.096591 0.019064
7 11 0.104257 0.096591 0.019064
7 12 0.106133 0.096591 0.019064
7 13 0.108244 0.096591 0.019064
7 14 0.111645 0.096591 0.019064
7 15 0.112935 0.096591 0.019064
7 16 0.112818 0.096591 0.019064
7 17 0.113170 0.096591 0.019064
7 18 0.108479 0.096591 0.019064
7 19 0.099566 0.096591 0.019064
7 20 0.091474 0.096591 0.019064
8 0 0.070482 0.096591 0.019064
8 1 0.072124 0.096591 0.019064
8 2 0.076698 0.096591 0.019064
8 3 0.082092 0.096591 0.019064
8 4 0.083030 0.096591 0.019064
8 5 0.086314 0.096591 0.019064
8 6 0.091005 0.096591 0.019064
8 7 0.094875 0.096591 0.019064
8 8 0.097103 0.096591 0.019064
8 9 0.099918 0.096591 0.019064
8 10 0.102498 0.096591 0.019064
8 11 0.106133 0.096591 0.019064
8 12 0.108948 0.096591 0.019064
8 13 0.108127 0.096591 0.019064
8 14 0.110473 0.096591 0.019064
8 15 0.111294 0.096591 0.019064
8 16 0.110004 0.096591 0.019064
8 17 0.109534 0.096591 0.019064
8 18 0.103084 0.096591 0.019064
8 19 0.094875 0.096591 0.019064
8 20 0.089011 0.096591 0.019064
9 0 0.074000 0.096591 0.019064
9 1 0.076580 0.096591 0.019064
9 2 0.079864 0.096591 0.019064
9 3 0.083265 0.096591 0.019064
9 4 0.089011 0.096591 0.019064
9 5 0.091357 0.096591 0.019064
9 6 0.094289 0.096591 0.019064
9 7 0.097455 0.096591 0.019064
9 8 0.098862 0.096591 0.019064
9 9 0.101560 0.096591 0.019064
9 10 0.104609 0.096591 0.019064
9 11 0.108948 0.096591 0.019064
9 12 0.111528 0.096591 0.019064
9 13 0.113170 0.096591 0.019064
9 14 0.111411 0.096591 0.019064
9 15 0.109652 0.096591 0.019064
9 16 0.108010 0.096591 0.019064
9 17 0.106720 0.096591 0.019064
9 18 0.098980 0.096591 0.019064
9 19 0.092999 0.096591 0.019064
9 20 0.082327 0.096591 0.019064
10 0 0.079864 0.096591 0.019064
10 1 0.084789 0.096591 0.019064
10 2 0.088073 0.096591 0.019064
10 3 0.092881 0.096591 0.019064
10 4 0.096048 0.096591 0.019064
10 5 0.097807 0.096591 0.019064
10 6 0.099332 0.096591 0.019064
10 7 0.101091 0.096591 0.019064
10 8 0.102850 0.096591 0.019064
10 9 0.104961 0.096591 0.019064
10 10 0.108596 0.096591 0.019064
10 11 0.111645 0.096591 0.019064
10 12 0.112701 0.096591 0.019064
10 13 0.111880 0.096591 0.019064
10 14 0.111997 0.096591 0.019064
10 15 0.110473 0.096591 0.019064
10 16 0.106720 0.096591 0.019064
10 17 0.105078 0.096591 0.019064
10 18 0.098393 0.096591 0.019064
10 19 0.090067 0.096591 0.019064
10 20 0.079629 0.096591 0.019064
11 0 0.087370 0.096591 0.019064
11 1 0.093116 0.096591 0.019064
11 2 0.097338 0.096591 0.019064
11 3 0.099449 0.096591 0.019064
11 4 0.103671 0.096591 0.019064
11 5 0.102732 0.096591 0.019064
11 6 0.104257 0.096591 0.019064
11 7 0.105547 0.096591 0.019064
11 8 0.107423 0.096591 0.019064
11 9 0.108244 0.096591 0.019064
11 10 0.108948 0.096591 0.019064
11 11 0.111997 0.096591 0.019064
11 12 0.113170 0.096591 0.019064
11 13 0.113404 0.096591 0.019064
11 14 0.111645 0.096591 0.019064
11 15 0.110355 0.096591 0.019064
11 16 0.106485 0.096591 0.019064
11 17 0.104257 0.096591 0.019064
11 18 0.097690 0.096591 0.019064
11 19 0.087370 0.096591 0.019064
11 20 0.080685 0.096591 0.019064
12 0 0.093116 0.096591 0.019064
12 1 0.099332 0.096591 0.019064
12 2 0.106485 0.096591 0.019064
12 3 0.109769 0.096591 0.019064
12 4 0.106954 0.096591 0.019064
12 5 0.110238 0.096591 0.019064
12 6 0.109183 0.096591 0.019064
12 7 0.107893 0.096591 0.019064
12 8 0.112584 0.096591 0.019064
12 9 0.110121 0.096591 0.019064
12 10 0.113756 0.096591 0.019064
12 11 0.114577 0.096591 0.019064
12 12 0.113756 0.096591 0.019064
12 13 0.110355 0.096591 0.019064
12 14 0.107893 0.096591 0.019064
12 15 0.108948 0.096591 0.019064
12 16 0.104492 0.096591 0.019064
12 17 0.101442 0.096591 0.019064
12 18 0.092530 0.096591 0.019064
12 19 0.085024 0.096591 0.019064
12 20 0.078808 0.096591 0.019064
13 0 0.101208 0.096591 0.019064
13 1 0.107541 0.096591 0.019064
13 2 0.112349 0.096591 0.019064
13 3 0.116454 0.096591 0.019064
13 4 0.115281 0.096591 0.019064
13 5 0.114225 0.096591 0.019064
13 6 0.113404 0.096591 0.019064
13 7 0.114929 0.096591 0.019064
13 8 0.112584 0.096591 0.019064
13 9 0.112232 0.096591 0.019064
13 10 0.114108 0.096591 0.019064
13 11 0.114577 0.096591 0.019064
13 12 0.112114 0.096591 0.019064
13 13 0.110942 0.096591 0.019064
13 14 0.108948 0.096591 0.019064
13 15 0.107306 0.096591 0.019064
13 16 0.104726 0.096591 0.019064
13 17 0.097690 0.096591 0.019064
13 18 0.089011 0.096591 0.019064
13 19 0.081858 0.096591 0.019064
13 20 0.076228 0.096591 0.019064
14 0 0.106485 0.096591 0.019064
14 1 0.110707 0.096591 0.019064
14 2 0.116336 0.096591 0.019064
14 3 0.120206 0.096591 0.019064
14 4 0.120910 0.096591 0.019064
14 5 0.120558 0.096591 0.019064
14 6 0.118330 0.096591 0.019064
14 7 0.118213 0.096591 0.019064
14 8 0.115867 0.096591 0.019064
14 9 0.115750 0.096591 0.019064
14 10 0.111997 0.096591 0.019064
14 11 0.113522 0.096591 0.019064
14 12 0.111294 0.096591 0.019064
14 13 0.111880 0.096591 0.019064
14 14 0.110004 0.096591 0.019064
14 15 0.105664 0.096591 0.019064
14 16 0.101325 0.096591 0.019064
14 17 0.097572 0.096591 0.019064
14 18 0.086549 0.096591 0.019064
14 19 0.081740 0.096591 0.019064
14 20 0.074469 0.096591 0.019064
15 0 0.111411 0.096591 0.019064
15 1 0.114108 0.096591 0.019064
15 2 0.118095 0.096591 0.019064
15 3 0.120441 0.096591 0.019064
15 4 0.123256 0.096591 0.019064
15 5 0.122669 0.096591 0.019064
15 6 0.121496 0.096591 0.019064
15 7 0.119737 0.096591 0.019064
15 8 0.119385 0.096591 0.019064
15 9 0.117275 0.096591 0.019064
15 10 0.113404 0.096591 0.019064
15 11 0.112818 0.096591 0.019064
15 12 0.110707 0.096591 0.019064
15 13 0.109183 0.096591 0.019064
15 14 0.106133 0.096591 0.019064
15 15 0.103788 0.096591 0.019064
15 16 0.099449 0.096591 0.019064
15 17 0.092412 0.096591 0.019064
15 18 0.086080 0.096591 0.019064
15 19 0.077284 0.096591 0.019064
15 20 0.072124 0.096591 0.019064
16 0 0.113053 0.096591 0.019064
16 1 0.116219 0.096591 0.019064
16 2 0.119737 0.096591 0.019064
16 3 0.123490 0.096591 0.019064
16 4 0.123256 0.096591 0.019064
16 5 0.124428 0.096591 0.019064
16 6 0.122435 0.096591 0.019064
16 7 0.119151 0.096591 0.019064
16 8 0.119151 0.096591 0.019064
16 9 0.115633 0.096591 0.019064
16 10 0.111294 0.096591 0.019064
16 11 0.110707 0.096591 0.019064
16 12 0.108362 0.096591 0.019064
16 13 0.104492 0.096591 0.019064
16 14 0.103436 0.096591 0.019064
16 15 0.096869 0.096591 0.019064
16 16 0.092178 0.096591 0.019064
16 17 0.087721 0.096591 0.019064
16 18 0.081623 0.096591 0.019064
16 19 0.072358 0.096591 0.019064
16 20 0.064736 0.096591 0.019064
17 0 0.112818 0.096591 0.019064
17 1 0.114929 0.096591 0.019064
17 2 0.118447 0.096591 0.019064
17 3 0.121966 0.096591 0.019064
17 4 0.122786 0.096591 0.019064
17 5 0.123021 0.096591 0.019064
17 6 0.118682 0.096591 0.019064
17 7 0.116454 0.096591 0.019064
17 8 0.115046 0.096591 0.019064
17 9 0.111411 0.096591 0.019064
17 10 0.107775 0.096591 0.019064
17 11 0.107072 0.096591 0.019064
17 12 0.103671 0.096591 0.019064
17 13 0.100270 0.096591 0.019064
17 14 0.095931 0.096591 0.019064
17 15 0.091005 0.096591 0.019064
17 16 0.084672 0.096591 0.019064
17 17 0.079395 0.096591 0.019064
17 18 0.072827 0.096591 0.019064
17 19 0.067433 0.096591 0.019064
17 20 0.060514 0.096591 0.019064
18 0 0.111059 0.096591 0.019064
18 1 0.112701 0.096591 0.019064
18 2 0.114694 0.096591 0.019064
18 3 0.118213 0.096591 0.019064
18 4 0.118330 0.096591 0.019064
18 5 0.118682 0.096591 0.019064
18 6 0.114108 0.096591 0.019064
18 7 0.111059 0.096591 0.019064
18 8 0.110355 0.096591 0.019064
18 9 0.106720 0.096591 0.019064
18 10 0.102029 0.096591 0.019064
18 11 0.100504 0.096591 0.019064
18 12 0.096165 0.096591 0.019064
18 13 0.091474 0.096591 0.019064
18 14 0.088660 0.096591 0.019064
18 15 0.081271 0.096591 0.019064
18 16 0.076580 0.096591 0.019064
18 17 0.071889 0.096591 0.019064
18 18 0.066846 0.096591 0.019064
18 19 0.062859 0.096591 0.019064
18 20 0.058520 0.096591 0.019064
19 0 0.103084 0.096591 0.019064
19 1 0.107775 0.096591 0.019064
19 2 0.110355 0.096591 0.019064
19 3 0.110473 0.096591 0.019064
19 4 0.111645 0.096591 0.019064
19 5 0.110121 0.096591 0.019064
19 6 0.108713 0.096591 0.019064
19 7 0.105313 0.096591 0.019064
19 8 0.102498 0.096591 0.019064
19 9 0.098745 0.096591 0.019064
19 10 0.095227 0.096591 0.019064
19 11 0.093937 0.096591 0.019064
19 12 0.089363 0.096591 0.019064
19 13 0.085493 0.096591 0.019064
19 14 0.080099 0.096591 0.019064
19 15 0.075290 0.096591 0.019064
19 16 0.071889 0.096591 0.019064
19 17 0.067081 0.096591 0.019064
19 18 0.062038 0.096591 0.019064
19 19 0.058403 0.096591 0.019064
19 20 0.055705 0.096591 0.019064
20 0 0.096282 0.096591 0.019064
20 1 0.100035 0.096591 0.019064
20 2 0.104023 0.096591 0.019064
20 3 0.102732 0.096591 0.019064
20 4 0.102615 0.096591 0.019064
20 5 0.102381 0.096591 0.019064
20 6 0.098511 0.096591 0.019064
20 7 0.096517 0.096591 0.019064
20 8 0.095813 0.096591 0.019064
20 9 0.093585 0.096591 0.019064
20 10 0.088190 0.096591 0.019064
20 11 0.085845 0.096591 0.019064
20 12 0.080685 0.096591 0.019064
20 13 0.078457 0.096591 0.019064
20 14 0.073414 0.096591 0.019064
20 15 0.070013 0.096591 0.019064
20 16 0.066377 0.096591 0.019064
20 17 0.061804 0.096591 0.019064
20 18 0.058989 0.096591 0.019064
20 19 0.054767 0.096591 0.019064
20 20 0.052187 0.096591 0.019064
