# contact distance = 20.0 Angstroms
# F = 0.4 kJ/mol

# i j contact_probability mean_contact_probability stddev_contact_probability
0 0 0.064075 0.098630 0.019674
0 1 0.066809 0.098630 0.019674
0 2 0.067879 0.098630 0.019674
0 3 0.068474 0.098630 0.019674
0 4 0.068949 0.098630 0.019674
0 5 0.068355 0.098630 0.019674
0 6 0.070851 0.098630 0.019674
0 7 0.071327 0.098630 0.019674
0 8 0.075725 0.098630 0.019674
0 9 0.076082 0.098630 0.019674
0 10 0.080718 0.098630 0.019674
0 11 0.085711 0.098630 0.019674
0 12 0.092130 0.098630 0.019674
0 13 0.098787 0.098630 0.019674
0 14 0.105207 0.098630 0.019674
0 15 0.109605 0.098630 0.019674
0 16 0.111151 0.098630 0.019674
0 17 0.112815 0.098630 0.019674
0 18 0.109249 0.098630 0.019674
0 19 0.105801 0.098630 0.019674
0 20 0.100333 0.098630 0.019674
1 0 0.065621 0.098630 0.019674
1 1 0.065502 0.098630 0.019674
1 2 0.069900 0.098630 0.019674
1 3 0.069425 0.098630 0.019674
1 4 0.069544 0.098630 0.019674
1 5 0.069306 0.098630 0.019674
1 6 0.072040 0.098630 0.019674
1 7 0.075487 0.098630 0.019674
1 8 0.077033 0.098630 0.019674
1 9 0.081194 0.098630 0.019674
1 10 0.087137 0.098630 0.019674
1 11 0.089753 0.098630 0.019674
1 12 0.100095 0.098630 0.019674
1 13 0.106752 0.098630 0.019674
1 14 0.113528 0.098630 0.019674
1 15 0.116738 0.098630 0.019674
1 16 0.119116 0.098630 0.019674
1 17 0.117808 0.098630 0.019674
1 18 0.116619 0.098630 0.019674
1 19 0.112458 0.098630 0.019674
1 20 0.105920 0.098630 0.019674
2 0 0.069068 0.098630 0.019674
2 1 0.069425 0.098630 0.019674
2 2 0.071327 0.098630 0.019674
2 3 0.070257 0.098630 0.019674
2 4 0.071327 0.098630 0.019674
2 5 0.069306 0.098630 0.019674
2 6 0.072753 0.098630 0.019674
2 7 0.078222 0.098630 0.019674
2 8 0.080956 0.098630 0.019674
2 9 0.085117 0.098630 0.019674
2 10 0.092487 0.098630 0.019674
2 11 0.097599 0.098630 0.019674
2 12 0.105445 0.098630 0.019674
2 13 0.112696 0.098630 0.019674
2 14 0.119472 0.098630 0.019674
2 15 0.124346 0.098630 0.019674
2 16 0.122920 0.098630 0.019674
2 17 0.124584 0.098630 0.019674
2 18 0.122206 0.098630 0.019674
2 19 0.116857 0.098630 0.019674
2 20 0.111626 0.098630 0.019674
3 0 0.070851 0.098630 0.019674
3 1 0.072159 0.098630 0.019674
3 2 0.072634 0.098630 0.019674
3 3 0.070138 0.098630 0.019674
3 4 0.073110 0.098630 0.019674
3 5 0.072634 0.098630 0.019674
3 6 0.077508 0.098630 0.019674
3 7 0.081550 0.098630 0.019674
3 8 0.084641 0.098630 0.019674
3 9 0.087256 0.098630 0.019674
3 10 0.094508 0.098630 0.019674
3 11 0.097361 0.098630 0.019674
3 12 0.105445 0.098630 0.019674
3 13 0.114836 0.098630 0.019674
3 14 0.124108 0.098630 0.019674
3 15 0.126843 0.098630 0.019674
3 16 0.127080 0.098630 0.019674
3 17 0.127080 0.098630 0.019674
3 18 0.123752 0.098630 0.019674
3 19 0.119710 0.098630 0.019674
3 20 0.115668 0.098630 0.019674
4 0 0.067523 0.098630 0.019674
4 1 0.070970 0.098630 0.019674
4 2 0.070376 0.098630 0.019674
4 3 0.071564 0.098630 0.019674
4 4 0.074536 0.098630 0.019674
4 5 0.074655 0.098630 0.019674
4 6 0.079173 0.098630 0.019674
4 7 0.083928 0.098630 0.019674
4 8 0.085592 0.098630 0.019674
4 9 0.090823 0.098630 0.019674
4 10 0.096172 0.098630 0.019674
4 11 0.100333 0.098630 0.019674
4 12 0.106396 0.098630 0.019674
4 13 0.115668 0.098630 0.019674
4 14 0.125654 0.098630 0.019674
4 15 0.128626 0.098630 0.019674
4 16 0.129815 0.098630 0.019674
4 17 0.127675 0.098630 0.019674
4 18 0.125059 0.098630 0.019674
4 19 0.122325 0.098630 0.019674
4 20 0.117808 0.098630 0.019674
5 0 0.068236 0.098630 0.019674
5 1 0.069662 0.098630 0.019674
5 2 0.072159 0.098630 0.019674
5 3 0.073348 0.098630 0.019674
5 4 0.076438 0.098630 0.019674
5 5 0.075369 0.098630 0.019674
5 6 0.080480 0.098630 0.019674
5 7 0.084284 0.098630 0.019674
5 8 0.089990 0.098630 0.019674
5 9 0.093081 0.098630 0.019674
5 10 0.096529 0.098630 0.019674
5 11 0.101165 0.098630 0.019674
5 12 0.107228 0.098630 0.019674
5 13 0.117570 0.098630 0.019674
5 14 0.123990 0.098630 0.019674
5 15 0.127437 0.098630 0.019674
5 16 0.129815 0.098630 0.019674
5 17 0.127318 0.098630 0.019674
5 18 0.124822 0.098630 0.019674
5 19 0.119829 0.098630 0.019674
5 20 0.116500 0.098630 0.019674
6 0 0.070257 0.098630 0.019674
6 1 0.070376 0.098630 0.019674
6 2 0.074655 0.098630 0.019674
6 3 0.076082 0.098630 0.019674
6 4 0.078459 0.098630 0.019674
6 5 0.079054 0.098630 0.019674
6 6 0.082501 0.098630 0.019674
6 7 0.088088 0.098630 0.019674
6 8 0.092487 0.098630 0.019674
6 9 0.095697 0.098630 0.019674
6 10 0.100333 0.098630 0.019674
6 11 0.104494 0.098630 0.019674
6 12 0.107941 0.098630 0.019674
6 13 0.116262 0.098630 0.019674
6 14 0.122801 0.098630 0.019674
6 15 0.127080 0.098630 0.019674
6 16 0.128031 0.098630 0.019674
6 17 0.127318 0.098630 0.019674
6 18 0.123633 0.098630 0.019674
6 19 0.120423 0.098630 0.019674
6 20 0.114955 0.098630 0.019674
7 0 0.070732 0.098630 0.019674
7 1 0.073942 0.098630 0.019674
7 2 0.077152 0.098630 0.019674
7 3 0.078459 0.098630 0.019674
7 4 0.081312 0.098630 0.019674
7 5 0.081312 0.098630 0.019674
7 6 0.088326 0.098630 0.019674
7 7 0.093200 0.098630 0.019674
7 8 0.095102 0.098630 0.019674
7 9 0.097123 0.098630 0.019674
7 10 0.100689 0.098630 0.019674
7 11 0.104494 0.098630 0.019674
7 12 0.109724 0.098630 0.019674
7 13 0.116262 0.098630 0.019674
7 14 0.119710 0.098630 0.019674
7 15 0.123276 0.098630 0.019674
7 16 0.126248 0.098630 0.019674
7 17 0.123039 0.098630 0.019674
7 18 0.120899 0.098630 0.019674
7 19 0.115430 0.098630 0.019674
7 20 0.110200 0.098630 0.019674
8 0 0.070613 0.098630 0.019674
8 1 0.073704 0.098630 0.019674
8 2 0.078816 0.098630 0.019674
8 3 0.080837 0.098630 0.019674
8 4 0.083928 0.098630 0.019674
8 5 0.086543 0.098630 0.019674
8 6 0.091417 0.098630 0.019674
8 7 0.094270 0.098630 0.019674
8 8 0.094270 0.098630 0.019674
8 9 0.097361 0.098630 0.019674
8 10 0.100571 0.098630 0.019674
8 11 0.104018 0.098630 0.019674
8 12 0.107822 0.098630 0.019674
8 13 0.114123 0.098630 0.019674
8 14 0.119472 0.098630 0.019674
8 15 0.120780 0.098630 0.019674
8 16 0.123514 0.098630 0.019674
8 17 0.121136 0.098630 0.019674
8 18 0.117214 0.098630 0.019674
8 19 0.111270 0.098630 0.019674
8 20 0.104256 0.098630 0.019674
9 0 0.072753 0.098630 0.019674
9 1 0.079173 0.098630 0.019674
9 2 0.081075 0.098630 0.019674
9 3 0.084879 0.098630 0.019674
9 4 0.087137 0.098630 0.019674
9 5 0.090823 0.098630 0.019674
9 6 0.093438 0.098630 0.019674
9 7 0.095697 0.098630 0.019674
9 8 0.096885 0.098630 0.019674
9 9 0.095459 0.098630 0.019674
9 10 0.098669 0.098630 0.019674
9 11 0.102235 0.098630 0.019674
9 12 0.104731 0.098630 0.019674
9 13 0.109368 0.098630 0.019674
9 14 0.113528 0.098630 0.019674
9 15 0.117689 0.098630 0.019674
9 16 0.120542 0.098630 0.019674
9 17 0.117570 0.098630 0.019674
9 18 0.113291 0.098630 0.019674
9 19 0.106039 0.098630 0.019674
9 20 0.099144 0.098630 0.019674
10 0 0.077389 0.098630 0.019674
10 1 0.081669 0.098630 0.019674
10 2 0.087019 0.098630 0.019674
10 3 0.089039 0.098630 0.019674
10 4 0.095102 0.098630 0.019674
10 5 0.094983 0.098630 0.019674
10 6 0.096767 0.098630 0.019674
10 7 0.097955 0.098630 0.019674
10 8 0.097836 0.098630 0.019674
10 9 0.096410 0.098630 0.019674
10 10 0.099382 0.098630 0.019674
10 11 0.101522 0.098630 0.019674
10 12 0.103661 0.098630 0.019674
10 13 0.107703 0.098630 0.019674
10 14 0.111388 0.098630 0.019674
10 15 0.114479 0.098630 0.019674
10 16 0.116262 0.098630 0.019674
10 17 0.113766 0.098630 0.019674
10 18 0.109368 0.098630 0.019674
10 19 0.097836 0.098630 0.019674
10 20 0.093319 0.098630 0.019674
11 0 0.080599 0.098630 0.019674
11 1 0.087019 0.098630 0.019674
11 2 0.092130 0.098630 0.019674
11 3 0.095102 0.098630 0.019674
11 4 0.101759 0.098630 0.019674
11 5 0.100927 0.098630 0.019674
11 6 0.102235 0.098630 0.019674
11 7 0.101641 0.098630 0.019674
11 8 0.100571 0.098630 0.019674
11 9 0.101997 0.098630 0.019674
11 10 0.102473 0.098630 0.019674
11 11 0.104850 0.098630 0.019674
11 12 0.102948 0.098630 0.019674
11 13 0.107941 0.098630 0.019674
11 14 0.110913 0.098630 0.019674
11 15 0.110556 0.098630 0.019674
11 16 0.110794 0.098630 0.019674
11 17 0.105326 0.098630 0.019674
11 18 0.099263 0.098630 0.019674
11 19 0.092368 0.098630 0.019674
11 20 0.084879 0.098630 0.019674
12 0 0.087613 0.098630 0.019674
12 1 0.094151 0.098630 0.019674
12 2 0.100214 0.098630 0.019674
12 3 0.103067 0.098630 0.019674
12 4 0.107347 0.098630 0.019674
12 5 0.108773 0.098630 0.019674
12 6 0.109130 0.098630 0.019674
12 7 0.109130 0.098630 0.019674
12 8 0.109011 0.098630 0.019674
12 9 0.106158 0.098630 0.019674
12 10 0.105563 0.098630 0.019674
12 11 0.107822 0.098630 0.019674
12 12 0.107228 0.098630 0.019674
12 13 0.109011 0.098630 0.019674
12 14 0.111151 0.098630 0.019674
12 15 0.110794 0.098630 0.019674
12 16 0.106277 0.098630 0.019674
12 17 0.100095 0.098630 0.019674
12 18 0.093200 0.098630 0.019674
12 19 0.084879 0.098630 0.019674
12 20 0.081788 0.098630 0.019674
13 0 0.092368 0.098630 0.019674
13 1 0.101403 0.098630 0.019674
13 2 0.108654 0.098630 0.019674
13 3 0.112577 0.098630 0.019674
13 4 0.117095 0.098630 0.019674
13 5 0.115787 0.098630 0.019674
13 6 0.117927 0.098630 0.019674
13 7 0.114004 0.098630 0.019674
13 8 0.111626 0.098630 0.019674
13 9 0.111151 0.098630 0.019674
13 10 0.108773 0.098630 0.019674
13 11 0.107941 0.098630 0.019674
13 12 0.108179 0.098630 0.019674
13 13 0.107584 0.098630 0.019674
13 14 0.110200 0.098630 0.019674
13 15 0.107109 0.098630 0.019674
13 16 0.104018 0.098630 0.019674
13 17 0.093081 0.098630 0.019674
13 18 0.085354 0.098630 0.019674
13 19 0.082026 0.098630 0.019674
13 20 0.074893 0.098630 0.019674
14 0 0.103186 0.098630 0.019674
14 1 0.107941 0.098630 0.019674
14 2 0.113409 0.098630 0.019674
14 3 0.117214 0.098630 0.019674
14 4 0.123633 0.098630 0.019674
14 5 0.122087 0.098630 0.019674
14 6 0.121612 0.098630 0.019674
14 7 0.118283 0.098630 0.019674
14 8 0.116381 0.098630 0.019674
14 9 0.114004 0.098630 0.019674
14 10 0.110437 0.098630 0.019674
14 11 0.110794 0.098630 0.019674
14 12 0.107941 0.098630 0.019674
14 13 0.108417 0.098630 0.019674
14 14 0.108892 0.098630 0.019674
14 15 0.101403 0.098630 0.019674
14 16 0.098550 0.098630 0.019674
14 17 0.089039 0.098630 0.019674
14 18 0.078222 0.098630 0.019674
14 19 0.072872 0.098630 0.019674
14 20 0.069068 0.098630 0.019674
15 0 0.107347 0.098630 0.019674
15 1 0.110794 0.098630 0.019674
15 2 0.115787 0.098630 0.019674
15 3 0.121136 0.098630 0.019674
15 4 0.125297 0.098630 0.019674
15 5 0.125416 0.098630 0.019674
15 6 0.124465 0.098630 0.019674
15 7 0.124108 0.098630 0.019674
15 8 0.120304 0.098630 0.019674
15 9 0.117451 0.098630 0.019674
15 10 0.114123 0.098630 0.019674
15 11 0.110913 0.098630 0.019674
15 12 0.106158 0.098630 0.019674
15 13 0.105326 0.098630 0.019674
15 14 0.102829 0.098630 0.019674
15 15 0.099857 0.098630 0.019674
15 16 0.090228 0.098630 0.019674
15 17 0.080599 0.098630 0.019674
15 18 0.071802 0.098630 0.019674
15 19 0.067047 0.098630 0.019674
15 20 0.063837 0.098630 0.019674
16 0 0.110319 0.098630 0.019674
16 1 0.115074 0.098630 0.019674
16 2 0.119234 0.098630 0.019674
16 3 0.124108 0.098630 0.019674
16 4 0.128626 0.098630 0.019674
16 5 0.126961 0.098630 0.019674
16 6 0.127794 0.098630 0.019674
16 7 0.124822 0.098630 0.019674
16 8 0.121136 0.098630 0.019674
16 9 0.116144 0.098630 0.019674
16 10 0.115549 0.098630 0.019674
16 11 0.110913 0.098630 0.019674
16 12 0.106515 0.098630 0.019674
16 13 0.101878 0.098630 0.019674
16 14 0.101759 0.098630 0.019674
16 15 0.093081 0.098630 0.019674
16 16 0.085711 0.098630 0.019674
16 17 0.072753 0.098630 0.019674
16 18 0.065739 0.098630 0.019674
16 19 0.062649 0.098630 0.019674
16 20 0.058369 0.098630 0.019674
17 0 0.107466 0.098630 0.019674
17 1 0.116619 0.098630 0.019674
17 2 0.121850 0.098630 0.019674
17 3 0.124822 0.098630 0.019674
17 4 0.128507 0.098630 0.019674
17 5 0.127199 0.098630 0.019674
17 6 0.127675 0.098630 0.019674
17 7 0.125416 0.098630 0.019674
17 8 0.119948 0.098630 0.019674
17 9 0.117451 0.098630 0.019674
17 10 0.114717 0.098630 0.019674
17 11 0.109249 0.098630 0.019674
17 12 0.106515 0.098630 0.019674
17 13 0.099382 0.098630 0.019674
17 14 0.095578 0.098630 0.019674
17 15 0.087137 0.098630 0.019674
17 16 0.080480 0.098630 0.019674
17 17 0.068592 0.098630 0.019674
17 18 0.065264 0.098630 0.019674
17 19 0.060152 0.098630 0.019674
17 20 0.054565 0.098630 0.019674
18 0 0.109130 0.098630 0.019674
18 1 0.116144 0.098630 0.019674
18 2 0.123514 0.098630 0.019674
18 3 0.126248 0.098630 0.019674
18 4 0.126248 0.098630 0.019674
18 5 0.126843 0.098630 0.019674
18 6 0.126605 0.098630 0.019674
18 7 0.122920 0.098630 0.019674
18 8 0.119591 0.098630 0.019674
18 9 0.115430 0.098630 0.019674
18 10 0.110556 0.098630 0.019674
18 11 0.104375 0.098630 0.019674
18 12 0.099501 0.098630 0.019674
18 13 0.093913 0.098630 0.019674
18 14 0.087019 0.098630 0.019674
18 15 0.081194 0.098630 0.019674
18 16 0.073823 0.098630 0.019674
18 17 0.065026 0.098630 0.019674
18 18 0.059082 0.098630 0.019674
18 19 0.056824 0.098630 0.019674
18 20 0.051950 0.098630 0.019674
19 0 0.104494 0.098630 0.019674
19 1 0.111388 0.098630 0.019674
19 2 0.117570 0.098630 0.019674
19 3 0.121018 0.098630 0.019674
19 4 0.124465 0.098630 0.019674
19 5 0.120423 0.098630 0.019674
19 6 0.121136 0.098630 0.019674
19 7 0.118283 0.098630 0.019674
19 8 0.115311 0.098630 0.019674
19 9 0.108417 0.098630 0.019674
19 10 0.104137 0.098630 0.019674
19 11 0.096885 0.098630 0.019674
19 12 0.089277 0.098630 0.019674
19 13 0.083096 0.098630 0.019674
19 14 0.080124 0.098630 0.019674
19 15 0.073942 0.098630 0.019674
19 16 0.066809 0.098630 0.019674
19 17 0.061222 0.098630 0.019674
19 18 0.057656 0.098630 0.019674
19 19 0.054684 0.098630 0.019674
19 20 0.052187 0.098630 0.019674
20 0 0.098550 0.098630 0.019674
20 1 0.105682 0.098630 0.019674
20 2 0.110556 0.098630 0.019674
20 3 0.113885 0.098630 0.019674
20 4 0.117332 0.098630 0.019674
20 5 0.114836 0.098630 0.019674
20 6 0.116025 0.098630 0.019674
20 7 0.112221 0.098630 0.019674
20 8 0.105682 0.098630 0.019674
20 9 0.100095 0.098630 0.019674
20 10 0.094746 0.098630 0.019674
20 11 0.089396 0.098630 0.019674
20 12 0.083809 0.098630 0.019674
20 13 0.078578 0.098630 0.019674
20 14 0.075606 0.098630 0.019674
20 15 0.070613 0.098630 0.019674
20 16 0.064432 0.098630 0.019674
20 17 0.059201 0.098630 0.019674
20 18 0.053614 0.098630 0.019674
20 19 0.050761 0.098630 0.019674
20 20 0.050999 0.098630 0.019674
