# contact distance = 20.0 Angstroms
# F = 0.4 kJ/mol

# i j contact_probability mean_contact_probability stddev_contact_probability
0 0 0.082271 0.081750 0.013722
0 1 0.085047 0.081750 0.013722
0 2 0.084921 0.081750 0.013722
0 3 0.076467 0.081750 0.013722
0 4 0.072681 0.081750 0.013722
0 5 0.069148 0.081750 0.013722
0 6 0.067508 0.081750 0.013722
0 7 0.068013 0.081750 0.013722
0 8 0.068644 0.081750 0.013722
0 9 0.071924 0.081750 0.013722
0 10 0.073691 0.081750 0.013722
0 11 0.079369 0.081750 0.013722
0 12 0.082902 0.081750 0.013722
0 13 0.085300 0.081750 0.013722
0 14 0.089716 0.081750 0.013722
0 15 0.094890 0.081750 0.013722
0 16 0.097287 0.081750 0.013722
0 17 0.100694 0.081750 0.013722
0 18 0.100820 0.081750 0.013722
0 19 0.098675 0.081750 0.013722
0 20 0.095016 0.081750 0.013722
1 0 0.081388 0.081750 0.013722
1 1 0.085300 0.081750 0.013722
1 2 0.084921 0.081750 0.013722
1 3 0.082776 0.081750 0.013722
1 4 0.077350 0.081750 0.013722
1 5 0.076341 0.081750 0.013722
1 6 0.072303 0.081750 0.013722
1 7 0.071546 0.081750 0.013722
1 8 0.073060 0.081750 0.013722
1 9 0.077981 0.081750 0.013722
1 10 0.078738 0.081750 0.013722
1 11 0.083785 0.081750 0.013722
1 12 0.088454 0.081750 0.013722
1 13 0.091356 0.081750 0.013722
1 14 0.094890 0.081750 0.013722
1 15 0.099054 0.081750 0.013722
1 16 0.102839 0.081750 0.013722
1 17 0.103596 0.081750 0.013722
1 18 0.102965 0.081750 0.013722
1 19 0.099558 0.081750 0.013722
1 20 0.095268 0.081750 0.013722
2 0 0.079495 0.081750 0.013722
2 1 0.081262 0.081750 0.013722
2 2 0.085426 0.081750 0.013722
2 3 0.080252 0.081750 0.013722
2 4 0.076467 0.081750 0.013722
2 5 0.075331 0.081750 0.013722
2 6 0.072429 0.081750 0.013722
2 7 0.074953 0.081750 0.013722
2 8 0.075205 0.081750 0.013722
2 9 0.081514 0.081750 0.013722
2 10 0.084543 0.081750 0.013722
2 11 0.087319 0.081750 0.013722
2 12 0.091230 0.081750 0.013722
2 13 0.095394 0.081750 0.013722
2 14 0.097413 0.081750 0.013722
2 15 0.102208 0.081750 0.013722
2 16 0.104984 0.081750 0.013722
2 17 0.103091 0.081750 0.013722
2 18 0.104227 0.081750 0.013722
2 19 0.099180 0.081750 0.013722
2 20 0.096530 0.081750 0.013722
3 0 0.072429 0.081750 0.013722
3 1 0.075331 0.081750 0.013722
3 2 0.077603 0.081750 0.013722
3 3 0.076593 0.081750 0.013722
3 4 0.073438 0.081750 0.013722
3 5 0.075331 0.081750 0.013722
3 6 0.075079 0.081750 0.013722
3 7 0.077981 0.081750 0.013722
3 8 0.079874 0.081750 0.013722
3 9 0.083533 0.081750 0.013722
3 10 0.086057 0.081750 0.013722
3 11 0.088707 0.081750 0.013722
3 12 0.092618 0.081750 0.013722
3 13 0.096530 0.081750 0.013722
3 14 0.097161 0.081750 0.013722
3 15 0.099937 0.081750 0.013722
3 16 0.102839 0.081750 0.013722
3 17 0.101830 0.081750 0.013722
3 18 0.102461 0.081750 0.013722
3 19 0.101451 0.081750 0.013722
3 20 0.097918 0.081750 0.013722
4 0 0.066498 0.081750 0.013722
4 1 0.071546 0.081750 0.013722
4 2 0.073438 0.081750 0.013722
4 3 0.072050 0.081750 0.013722
4 4 0.072050 0.081750 0.013722
4 5 0.074826 0.081750 0.013722
4 6 0.076215 0.081750 0.013722
4 7 0.078612 0.081750 0.013722
4 8 0.079621 0.081750 0.013722
4 9 0.084290 0.081750 0.013722
4 10 0.086562 0.081750 0.013722
4 11 0.086562 0.081750 0.013722
4 12 0.088707 0.081750 0.013722
4 13 0.090473 0.081750 0.013722
4 14 0.094385 0.081750 0.013722
4 15 0.098927 0.081750 0.013722
4 16 0.100189 0.081750 0.013722
4 17 0.101325 0.081750 0.013722
4 18 0.100820 0.081750 0.013722
4 19 0.097035 0.081750 0.013722
4 20 0.092240 0.081750 0.013722
5 0 0.065868 0.081750 0.013722
5 1 0.067508 0.081750 0.013722
5 2 0.071420 0.081750 0.013722
5 3 0.073312 0.081750 0.013722
5 4 0.070789 0.081750 0.013722
5 5 0.075457 0.081750 0.013722
5 6 0.076088 0.081750 0.013722
5 7 0.077098 0.081750 0.013722
5 8 0.078233 0.081750 0.013722
5 9 0.083155 0.081750 0.013722
5 10 0.085678 0.081750 0.013722
5 11 0.086057 0.081750 0.013722
5 12 0.087192 0.081750 0.013722
5 13 0.089968 0.081750 0.013722
5 14 0.094385 0.081750 0.013722
5 15 0.095142 0.081750 0.013722
5 16 0.099306 0.081750 0.013722
5 17 0.098297 0.081750 0.013722
5 18 0.097035 0.081750 0.013722
5 19 0.094006 0.081750 0.013722
5 20 0.089211 0.081750 0.013722
6 0 0.062587 0.081750 0.013722
6 1 0.067760 0.081750 0.013722
6 2 0.070158 0.081750 0.013722
6 3 0.075205 0.081750 0.013722
6 4 0.072808 0.081750 0.013722
6 5 0.075331 0.081750 0.013722
6 6 0.074700 0.081750 0.013722
6 7 0.075836 0.081750 0.013722
6 8 0.076215 0.081750 0.013722
6 9 0.082019 0.081750 0.013722
6 10 0.083912 0.081750 0.013722
6 11 0.086183 0.081750 0.013722
6 12 0.088454 0.081750 0.013722
6 13 0.088454 0.081750 0.013722
6 14 0.089464 0.081750 0.013722
6 15 0.091735 0.081750 0.013722
6 16 0.095268 0.081750 0.013722
6 17 0.094385 0.081750 0.013722
6 18 0.092240 0.081750 0.013722
6 19 0.086562 0.081750 0.013722
6 20 0.082019 0.081750 0.013722
7 0 0.062082 0.081750 0.013722
7 1 0.065489 0.081750 0.013722
7 2 0.071167 0.081750 0.013722
7 3 0.076215 0.081750 0.013722
7 4 0.075710 0.081750 0.013722
7 5 0.073943 0.081750 0.013722
7 6 0.075836 0.081750 0.013722
7 7 0.079495 0.081750 0.013722
7 8 0.082019 0.081750 0.013722
7 9 0.084543 0.081750 0.013722
7 10 0.085804 0.081750 0.013722
7 11 0.088076 0.081750 0.013722
7 12 0.089211 0.081750 0.013722
7 13 0.087319 0.081750 0.013722
7 14 0.087445 0.081750 0.013722
7 15 0.089338 0.081750 0.013722
7 16 0.090347 0.081750 0.013722
7 17 0.092114 0.081750 0.013722
7 18 0.088833 0.081750 0.013722
7 19 0.081514 0.081750 0.013722
7 20 0.075962 0.081750 0.013722
8 0 0.062334 0.081750 0.013722
8 1 0.069148 0.081750 0.013722
8 2 0.073943 0.081750 0.013722
8 3 0.075331 0.081750 0.013722
8 4 0.076467 0.081750 0.013722
8 5 0.075836 0.081750 0.013722
8 6 0.078864 0.081750 0.013722
8 7 0.082145 0.081750 0.013722
8 8 0.080757 0.081750 0.013722
8 9 0.083407 0.081750 0.013722
8 10 0.085678 0.081750 0.013722
8 11 0.088833 0.081750 0.013722
8 12 0.087823 0.081750 0.013722
8 13 0.087697 0.081750 0.013722
8 14 0.087571 0.081750 0.013722
8 15 0.085678 0.081750 0.013722
8 16 0.087571 0.081750 0.013722
8 17 0.086940 0.081750 0.013722
8 18 0.086562 0.081750 0.013722
8 19 0.079748 0.081750 0.013722
8 20 0.073565 0.081750 0.013722
9 0 0.068391 0.081750 0.013722
9 1 0.074700 0.081750 0.013722
9 2 0.079243 0.081750 0.013722
9 3 0.080252 0.081750 0.013722
9 4 0.080252 0.081750 0.013722
9 5 0.081640 0.081750 0.013722
9 6 0.082524 0.081750 0.013722
9 7 0.085174 0.081750 0.013722
9 8 0.085047 0.081750 0.013722
9 9 0.088076 0.081750 0.013722
9 10 0.088833 0.081750 0.013722
9 11 0.089842 0.081750 0.013722
9 12 0.088076 0.081750 0.013722
9 13 0.084795 0.081750 0.013722
9 14 0.086435 0.081750 0.013722
9 15 0.084164 0.081750 0.013722
9 16 0.084416 0.081750 0.013722
9 17 0.083028 0.081750 0.013722
9 18 0.081767 0.081750 0.013722
9 19 0.076719 0.081750 0.013722
9 20 0.068644 0.081750 0.013722
10 0 0.071672 0.081750 0.013722
10 1 0.076845 0.081750 0.013722
10 2 0.081514 0.081750 0.013722
10 3 0.084543 0.081750 0.013722
10 4 0.084164 0.081750 0.013722
10 5 0.086057 0.081750 0.013722
10 6 0.085931 0.081750 0.013722
10 7 0.088202 0.081750 0.013722
10 8 0.087445 0.081750 0.013722
10 9 0.089842 0.081750 0.013722
10 10 0.090726 0.081750 0.013722
10 11 0.086814 0.081750 0.013722
10 12 0.086057 0.081750 0.013722
10 13 0.084038 0.081750 0.013722
10 14 0.084038 0.081750 0.013722
10 15 0.082397 0.081750 0.013722
10 16 0.081640 0.081750 0.013722
10 17 0.078233 0.081750 0.013722
10 18 0.075836 0.081750 0.013722
10 19 0.071420 0.081750 0.013722
10 20 0.065489 0.081750 0.013722
11 0 0.078486 0.081750 0.013722
11 1 0.085678 0.081750 0.013722
11 2 0.091356 0.081750 0.013722
11 3 0.089338 0.081750 0.013722
11 4 0.086940 0.081750 0.013722
11 5 0.089590 0.081750 0.013722
11 6 0.089968 0.081750 0.013722
11 7 0.091609 0.081750 0.013722
11 8 0.089464 0.081750 0.013722
11 9 0.090978 0.081750 0.013722
11 10 0.086814 0.081750 0.013722
11 11 0.084921 0.081750 0.013722
11 12 0.081767 0.081750 0.013722
11 13 0.082650 0.081750 0.013722
11 14 0.079748 0.081750 0.013722
11 15 0.080000 0.081750 0.013722
11 16 0.080000 0.081750 0.013722
11 17 0.077350 0.081750 0.013722
11 18 0.076593 0.081750 0.013722
11 19 0.069527 0.081750 0.013722
11 20 0.063975 0.081750 0.013722
12 0 0.083028 0.081750 0.013722
12 1 0.087950 0.081750 0.013722
12 2 0.094132 0.081750 0.013722
12 3 0.095142 0.081750 0.013722
12 4 0.089968 0.081750 0.013722
12 5 0.090599 0.081750 0.013722
12 6 0.091483 0.081750 0.013722
12 7 0.091483 0.081750 0.013722
12 8 0.088833 0.081750 0.013722
12 9 0.088202 0.081750 0.013722
12 10 0.084795 0.081750 0.013722
12 11 0.083155 0.081750 0.013722
12 12 0.082271 0.081750 0.013722
12 13 0.080126 0.081750 0.013722
12 14 0.078360 0.081750 0.013722
12 15 0.077476 0.081750 0.013722
12 16 0.076088 0.081750 0.013722
12 17 0.074574 0.081750 0.013722
12 18 0.071798 0.081750 0.013722
12 19 0.067634 0.081750 0.013722
12 20 0.060820 0.081750 0.013722
13 0 0.087571 0.081750 0.013722
13 1 0.092618 0.081750 0.013722
13 2 0.096530 0.081750 0.013722
13 3 0.096656 0.081750 0.013722
13 4 0.095394 0.081750 0.013722
13 5 0.092492 0.081750 0.013722
13 6 0.089211 0.081750 0.013722
13 7 0.090095 0.081750 0.013722
13 8 0.087445 0.081750 0.013722
13 9 0.086940 0.081750 0.013722
13 10 0.084669 0.081750 0.013722
13 11 0.083659 0.081750 0.013722
13 12 0.078864 0.081750 0.013722
13 13 0.076972 0.081750 0.013722
13 14 0.074069 0.081750 0.013722
13 15 0.072303 0.081750 0.013722
13 16 0.072303 0.081750 0.013722
13 17 0.070158 0.081750 0.013722
13 18 0.068644 0.081750 0.013722
13 19 0.064227 0.081750 0.013722
13 20 0.061325 0.081750 0.013722
14 0 0.094385 0.081750 0.013722
14 1 0.097792 0.081750 0.013722
14 2 0.103218 0.081750 0.013722
14 3 0.101830 0.081750 0.013722
14 4 0.098801 0.081750 0.013722
14 5 0.094259 0.081750 0.013722
14 6 0.089968 0.081750 0.013722
14 7 0.088454 0.081750 0.013722
14 8 0.087066 0.081750 0.013722
14 9 0.088328 0.081750 0.013722
14 10 0.084416 0.081750 0.013722
14 11 0.082650 0.081750 0.013722
14 12 0.079369 0.081750 0.013722
14 13 0.072555 0.081750 0.013722
14 14 0.069527 0.081750 0.013722
14 15 0.068391 0.081750 0.013722
14 16 0.069274 0.081750 0.013722
14 17 0.066877 0.081750 0.013722
14 18 0.064984 0.081750 0.013722
14 19 0.062208 0.081750 0.013722
14 20 0.058423 0.081750 0.013722
15 0 0.098801 0.081750 0.013722
15 1 0.100820 0.081750 0.013722
15 2 0.106120 0.081750 0.013722
15 3 0.104858 0.081750 0.013722
15 4 0.102839 0.081750 0.013722
15 5 0.100568 0.081750 0.013722
15 6 0.092618 0.081750 0.013722
15 7 0.090726 0.081750 0.013722
15 8 0.086814 0.081750 0.013722
15 9 0.086183 0.081750 0.013722
15 10 0.083785 0.081750 0.013722
15 11 0.079621 0.081750 0.013722
15 12 0.076845 0.081750 0.013722
15 13 0.069905 0.081750 0.013722
15 14 0.065994 0.081750 0.013722
15 15 0.065363 0.081750 0.013722
15 16 0.065237 0.081750 0.013722
15 17 0.063091 0.081750 0.013722
15 18 0.059306 0.081750 0.013722
15 19 0.058801 0.081750 0.013722
15 20 0.057287 0.081750 0.013722
16 0 0.099306 0.081750 0.013722
16 1 0.102713 0.081750 0.013722
16 2 0.106498 0.081750 0.013722
16 3 0.107886 0.081750 0.013722
16 4 0.105237 0.081750 0.013722
16 5 0.100694 0.081750 0.013722
16 6 0.096025 0.081750 0.013722
16 7 0.094637 0.081750 0.013722
16 8 0.089590 0.081750 0.013722
16 9 0.087950 0.081750 0.013722
16 10 0.082145 0.081750 0.013722
16 11 0.077476 0.081750 0.013722
16 12 0.072681 0.081750 0.013722
16 13 0.068139 0.081750 0.013722
16 14 0.063722 0.081750 0.013722
16 15 0.061830 0.081750 0.013722
16 16 0.062461 0.081750 0.013722
16 17 0.059432 0.081750 0.013722
16 18 0.057539 0.081750 0.013722
16 19 0.054763 0.081750 0.013722
16 20 0.054511 0.081750 0.013722
17 0 0.100568 0.081750 0.013722
17 1 0.103344 0.081750 0.013722
17 2 0.109022 0.081750 0.013722
17 3 0.108139 0.081750 0.013722
17 4 0.106372 0.081750 0.013722
17 5 0.102334 0.081750 0.013722
17 6 0.094385 0.081750 0.013722
17 7 0.094132 0.081750 0.013722
17 8 0.086940 0.081750 0.013722
17 9 0.083281 0.081750 0.013722
17 10 0.077098 0.081750 0.013722
17 11 0.073438 0.081750 0.013722
17 12 0.068896 0.081750 0.013722
17 13 0.065615 0.081750 0.013722
17 14 0.062461 0.081750 0.013722
17 15 0.059432 0.081750 0.013722
17 16 0.054763 0.081750 0.013722
17 17 0.055016 0.081750 0.013722
17 18 0.055016 0.081750 0.013722
17 19 0.055142 0.081750 0.013722
17 20 0.050095 0.081750 0.013722
18 0 0.099558 0.081750 0.013722
18 1 0.103470 0.081750 0.013722
18 2 0.106625 0.081750 0.013722
18 3 0.106877 0.081750 0.013722
18 4 0.103344 0.081750 0.013722
18 5 0.102082 0.081750 0.013722
18 6 0.095268 0.081750 0.013722
18 7 0.090726 0.081750 0.013722
18 8 0.083028 0.081750 0.013722
18 9 0.080126 0.081750 0.013722
18 10 0.073312 0.081750 0.013722
18 11 0.068391 0.081750 0.013722
18 12 0.065363 0.081750 0.013722
18 13 0.060946 0.081750 0.013722
18 14 0.060442 0.081750 0.013722
18 15 0.056782 0.081750 0.013722
18 16 0.052871 0.081750 0.013722
18 17 0.053375 0.081750 0.013722
18 18 0.053754 0.081750 0.013722
18 19 0.051609 0.081750 0.013722
18 20 0.050347 0.081750 0.013722
19 0 0.097918 0.081750 0.013722
19 1 0.102082 0.081750 0.013722
19 2 0.103218 0.081750 0.013722
19 3 0.102082 0.081750 0.013722
19 4 0.100442 0.081750 0.013722
19 5 0.100063 0.081750 0.013722
19 6 0.092114 0.081750 0.013722
19 7 0.087066 0.081750 0.013722
19 8 0.080631 0.081750 0.013722
19 9 0.076215 0.081750 0.013722
19 10 0.071293 0.081750 0.013722
19 11 0.064227 0.081750 0.013722
19 12 0.064101 0.081750 0.013722
19 13 0.057161 0.081750 0.013722
19 14 0.057035 0.081750 0.013722
19 15 0.054385 0.081750 0.013722
19 16 0.053249 0.081750 0.013722
19 17 0.054890 0.081750 0.013722
19 18 0.052871 0.081750 0.013722
19 19 0.052492 0.081750 0.013722
19 20 0.049590 0.081750 0.013722
20 0 0.092997 0.081750 0.013722
20 1 0.099180 0.081750 0.013722
20 2 0.101073 0.081750 0.013722
20 3 0.098549 0.081750 0.013722
20 4 0.095521 0.081750 0.013722
20 5 0.093628 0.081750 0.013722
20 6 0.087319 0.081750 0.013722
20 7 0.081388 0.081750 0.013722
20 8 0.076341 0.081750 0.013722
20 9 0.072177 0.081750 0.013722
20 10 0.066120 0.081750 0.013722
20 11 0.061073 0.081750 0.013722
20 12 0.058297 0.081750 0.013722
20 13 0.055647 0.081750 0.013722
20 14 0.054511 0.081750 0.013722
20 15 0.052492 0.081750 0.013722
20 16 0.052114 0.081750 0.013722
20 17 0.050599 0.081750 0.013722
20 18 0.048959 0.081750 0.013722
20 19 0.049968 0.081750 0.013722
20 20 0.048833 0.081750 0.013722
