# contact distance = 20.0 Angstroms
# F = 0.4 kJ/mol

# i j contact_probability mean_contact_probability stddev_contact_probability
0 0 0.128108 0.121511 0.022915
0 1 0.130002 0.121511 0.022915
0 2 0.130002 0.121511 0.022915
0 3 0.128108 0.121511 0.022915
0 4 0.123846 0.121511 0.022915
0 5 0.121241 0.121511 0.022915
0 6 0.118162 0.121511 0.022915
0 7 0.115558 0.121511 0.022915
0 8 0.114374 0.121511 0.022915
0 9 0.110348 0.121511 0.022915
0 10 0.106796 0.121511 0.022915
0 11 0.103481 0.121511 0.022915
0 12 0.098745 0.121511 0.022915
0 13 0.096614 0.121511 0.022915
0 14 0.092825 0.121511 0.022915
0 15 0.085958 0.121511 0.022915
0 16 0.083353 0.121511 0.022915
0 17 0.081459 0.121511 0.022915
0 18 0.075539 0.121511 0.022915
0 19 0.073171 0.121511 0.022915
0 20 0.070803 0.121511 0.022915
1 0 0.128818 0.121511 0.022915
1 1 0.132134 0.121511 0.022915
1 2 0.132844 0.121511 0.022915
1 3 0.130002 0.121511 0.022915
1 4 0.128818 0.121511 0.022915
1 5 0.129529 0.121511 0.022915
1 6 0.126214 0.121511 0.022915
1 7 0.123135 0.121511 0.022915
1 8 0.123846 0.121511 0.022915
1 9 0.118636 0.121511 0.022915
1 10 0.113900 0.121511 0.022915
1 11 0.112006 0.121511 0.022915
1 12 0.105375 0.121511 0.022915
1 13 0.100403 0.121511 0.022915
1 14 0.096614 0.121511 0.022915
1 15 0.092115 0.121511 0.022915
1 16 0.089273 0.121511 0.022915
1 17 0.082879 0.121511 0.022915
1 18 0.080275 0.121511 0.022915
1 19 0.077196 0.121511 0.022915
1 20 0.073644 0.121511 0.022915
2 0 0.128582 0.121511 0.022915
2 1 0.132370 0.121511 0.022915
2 2 0.134265 0.121511 0.022915
2 3 0.135922 0.121511 0.022915
2 4 0.133318 0.121511 0.022915
2 5 0.134028 0.121511 0.022915
2 6 0.132844 0.121511 0.022915
2 7 0.130239 0.121511 0.022915
2 8 0.129292 0.121511 0.022915
2 9 0.126687 0.121511 0.022915
2 10 0.121951 0.121511 0.022915
2 11 0.117452 0.121511 0.022915
2 12 0.112953 0.121511 0.022915
2 13 0.107980 0.121511 0.022915
2 14 0.101587 0.121511 0.022915
2 15 0.097798 0.121511 0.022915
2 16 0.096140 0.121511 0.022915
2 17 0.089983 0.121511 0.022915
2 18 0.086905 0.121511 0.022915
2 19 0.081695 0.121511 0.022915
2 20 0.077670 0.121511 0.022915
3 0 0.131660 0.121511 0.022915
3 1 0.133081 0.121511 0.022915
3 2 0.135212 0.121511 0.022915
3 3 0.136870 0.121511 0.022915
3 4 0.135686 0.121511 0.022915
3 5 0.139474 0.121511 0.022915
3 6 0.137106 0.121511 0.022915
3 7 0.136633 0.121511 0.022915
3 8 0.136633 0.121511 0.022915
3 9 0.133791 0.121511 0.022915
3 10 0.129529 0.121511 0.022915
3 11 0.125977 0.121511 0.022915
3 12 0.118399 0.121511 0.022915
3 13 0.115321 0.121511 0.022915
3 14 0.110348 0.121511 0.022915
3 15 0.104902 0.121511 0.022915
3 16 0.101823 0.121511 0.022915
3 17 0.098508 0.121511 0.022915
3 18 0.092825 0.121511 0.022915
3 19 0.087379 0.121511 0.022915
3 20 0.082406 0.121511 0.022915
4 0 0.129292 0.121511 0.022915
4 1 0.135212 0.121511 0.022915
4 2 0.139001 0.121511 0.022915
4 3 0.142079 0.121511 0.022915
4 4 0.137817 0.121511 0.022915
4 5 0.142553 0.121511 0.022915
4 6 0.140185 0.121511 0.022915
4 7 0.143500 0.121511 0.022915
4 8 0.144684 0.121511 0.022915
4 9 0.141842 0.121511 0.022915
4 10 0.137106 0.121511 0.022915
4 11 0.133318 0.121511 0.022915
4 12 0.127161 0.121511 0.022915
4 13 0.120530 0.121511 0.022915
4 14 0.117452 0.121511 0.022915
4 15 0.109401 0.121511 0.022915
4 16 0.105612 0.121511 0.022915
4 17 0.103481 0.121511 0.022915
4 18 0.097087 0.121511 0.022915
4 19 0.094009 0.121511 0.022915
4 20 0.086905 0.121511 0.022915
5 0 0.127161 0.121511 0.022915
5 1 0.136159 0.121511 0.022915
5 2 0.140185 0.121511 0.022915
5 3 0.142789 0.121511 0.022915
5 4 0.141369 0.121511 0.022915
5 5 0.148946 0.121511 0.022915
5 6 0.147999 0.121511 0.022915
5 7 0.146341 0.121511 0.022915
5 8 0.149420 0.121511 0.022915
5 9 0.149183 0.121511 0.022915
5 10 0.144447 0.121511 0.022915
5 11 0.139711 0.121511 0.022915
5 12 0.140185 0.121511 0.022915
5 13 0.132134 0.121511 0.022915
5 14 0.125266 0.121511 0.022915
5 15 0.119110 0.121511 0.022915
5 16 0.118636 0.121511 0.022915
5 17 0.113900 0.121511 0.022915
5 18 0.105375 0.121511 0.022915
5 19 0.101587 0.121511 0.022915
5 20 0.094956 0.121511 0.022915
6 0 0.122898 0.121511 0.022915
6 1 0.129529 0.121511 0.022915
6 2 0.136159 0.121511 0.022915
6 3 0.144684 0.121511 0.022915
6 4 0.145394 0.121511 0.022915
6 5 0.151077 0.121511 0.022915
6 6 0.150604 0.121511 0.022915
6 7 0.152972 0.121511 0.022915
6 8 0.149893 0.121511 0.022915
6 9 0.154629 0.121511 0.022915
6 10 0.152025 0.121511 0.022915
6 11 0.147289 0.121511 0.022915
6 12 0.144210 0.121511 0.022915
6 13 0.138764 0.121511 0.022915
6 14 0.133318 0.121511 0.022915
6 15 0.125503 0.121511 0.022915
6 16 0.123372 0.121511 0.022915
6 17 0.124556 0.121511 0.022915
6 18 0.112716 0.121511 0.022915
6 19 0.106086 0.121511 0.022915
6 20 0.098745 0.121511 0.022915
7 0 0.121714 0.121511 0.022915
7 1 0.126450 0.121511 0.022915
7 2 0.133554 0.121511 0.022915
7 3 0.140422 0.121511 0.022915
7 4 0.144684 0.121511 0.022915
7 5 0.151788 0.121511 0.022915
7 6 0.155813 0.121511 0.022915
7 7 0.156287 0.121511 0.022915
7 8 0.153445 0.121511 0.022915
7 9 0.157945 0.121511 0.022915
7 10 0.154629 0.121511 0.022915
7 11 0.152972 0.121511 0.022915
7 12 0.151314 0.121511 0.022915
7 13 0.144684 0.121511 0.022915
7 14 0.140658 0.121511 0.022915
7 15 0.135922 0.121511 0.022915
7 16 0.134028 0.121511 0.022915
7 17 0.131186 0.121511 0.022915
7 18 0.119820 0.121511 0.022915
7 19 0.113663 0.121511 0.022915
7 20 0.104191 0.121511 0.022915
8 0 0.115558 0.121511 0.022915
8 1 0.121241 0.121511 0.022915
8 2 0.129292 0.121511 0.022915
8 3 0.138054 0.121511 0.022915
8 4 0.142316 0.121511 0.022915
8 5 0.151314 0.121511 0.022915
8 6 0.155577 0.121511 0.022915
8 7 0.157234 0.121511 0.022915
8 8 0.156050 0.121511 0.022915
8 9 0.155340 0.121511 0.022915
8 10 0.158181 0.121511 0.022915
8 11 0.152972 0.121511 0.022915
8 12 0.152261 0.121511 0.022915
8 13 0.148473 0.121511 0.022915
8 14 0.145394 0.121511 0.022915
8 15 0.139238 0.121511 0.022915
8 16 0.136870 0.121511 0.022915
8 17 0.132844 0.121511 0.022915
8 18 0.126450 0.121511 0.022915
8 19 0.119110 0.121511 0.022915
8 20 0.108217 0.121511 0.022915
9 0 0.113900 0.121511 0.022915
9 1 0.121951 0.121511 0.022915
9 2 0.132370 0.121511 0.022915
9 3 0.135449 0.121511 0.022915
9 4 0.140895 0.121511 0.022915
9 5 0.147762 0.121511 0.022915
9 6 0.152261 0.121511 0.022915
9 7 0.156050 0.121511 0.022915
9 8 0.158655 0.121511 0.022915
9 9 0.154393 0.121511 0.022915
9 10 0.152972 0.121511 0.022915
9 11 0.152735 0.121511 0.022915
9 12 0.149420 0.121511 0.022915
9 13 0.147999 0.121511 0.022915
9 14 0.147052 0.121511 0.022915
9 15 0.141132 0.121511 0.022915
9 16 0.139001 0.121511 0.022915
9 17 0.134265 0.121511 0.022915
9 18 0.130713 0.121511 0.022915
9 19 0.122898 0.121511 0.022915
9 20 0.111532 0.121511 0.022915
10 0 0.109164 0.121511 0.022915
10 1 0.115558 0.121511 0.022915
10 2 0.127871 0.121511 0.022915
10 3 0.131660 0.121511 0.022915
10 4 0.140422 0.121511 0.022915
10 5 0.145394 0.121511 0.022915
10 6 0.151551 0.121511 0.022915
10 7 0.156287 0.121511 0.022915
10 8 0.156050 0.121511 0.022915
10 9 0.155813 0.121511 0.022915
10 10 0.151788 0.121511 0.022915
10 11 0.152735 0.121511 0.022915
10 12 0.150841 0.121511 0.022915
10 13 0.147762 0.121511 0.022915
10 14 0.148236 0.121511 0.022915
10 15 0.146105 0.121511 0.022915
10 16 0.138290 0.121511 0.022915
10 17 0.133791 0.121511 0.022915
10 18 0.132134 0.121511 0.022915
10 19 0.125030 0.121511 0.022915
10 20 0.114847 0.121511 0.022915
11 0 0.099219 0.121511 0.022915
11 1 0.108927 0.121511 0.022915
11 2 0.120530 0.121511 0.022915
11 3 0.128582 0.121511 0.022915
11 4 0.133791 0.121511 0.022915
11 5 0.142316 0.121511 0.022915
11 6 0.149657 0.121511 0.022915
11 7 0.150604 0.121511 0.022915
11 8 0.151788 0.121511 0.022915
11 9 0.153919 0.121511 0.022915
11 10 0.154866 0.121511 0.022915
11 11 0.149183 0.121511 0.022915
11 12 0.151077 0.121511 0.022915
11 13 0.148473 0.121511 0.022915
11 14 0.147762 0.121511 0.022915
11 15 0.145631 0.121511 0.022915
11 16 0.140658 0.121511 0.022915
11 17 0.135922 0.121511 0.022915
11 18 0.129766 0.121511 0.022915
11 19 0.123372 0.121511 0.022915
11 20 0.113663 0.121511 0.022915
12 0 0.095193 0.121511 0.022915
12 1 0.103007 0.121511 0.022915
12 2 0.110822 0.121511 0.022915
12 3 0.120294 0.121511 0.022915
12 4 0.126687 0.121511 0.022915
12 5 0.136159 0.121511 0.022915
12 6 0.142553 0.121511 0.022915
12 7 0.148946 0.121511 0.022915
12 8 0.151314 0.121511 0.022915
12 9 0.151551 0.121511 0.022915
12 10 0.152025 0.121511 0.022915
12 11 0.151077 0.121511 0.022915
12 12 0.148709 0.121511 0.022915
12 13 0.149183 0.121511 0.022915
12 14 0.147999 0.121511 0.022915
12 15 0.146105 0.121511 0.022915
12 16 0.138290 0.121511 0.022915
12 17 0.133554 0.121511 0.022915
12 18 0.121951 0.121511 0.022915
12 19 0.115794 0.121511 0.022915
12 20 0.107743 0.121511 0.022915
13 0 0.090220 0.121511 0.022915
13 1 0.095667 0.121511 0.022915
13 2 0.104902 0.121511 0.022915
13 3 0.113900 0.121511 0.022915
13 4 0.124556 0.121511 0.022915
13 5 0.129292 0.121511 0.022915
13 6 0.138054 0.121511 0.022915
13 7 0.143973 0.121511 0.022915
13 8 0.145157 0.121511 0.022915
13 9 0.147999 0.121511 0.022915
13 10 0.149420 0.121511 0.022915
13 11 0.146815 0.121511 0.022915
13 12 0.147052 0.121511 0.022915
13 13 0.143263 0.121511 0.022915
13 14 0.144210 0.121511 0.022915
13 15 0.142316 0.121511 0.022915
13 16 0.131897 0.121511 0.022915
13 17 0.124556 0.121511 0.022915
13 18 0.117215 0.121511 0.022915
13 19 0.113663 0.121511 0.022915
13 20 0.102771 0.121511 0.022915
14 0 0.078854 0.121511 0.022915
14 1 0.088326 0.121511 0.022915
14 2 0.094956 0.121511 0.022915
14 3 0.103955 0.121511 0.022915
14 4 0.116978 0.121511 0.022915
14 5 0.121241 0.121511 0.022915
14 6 0.131186 0.121511 0.022915
14 7 0.141132 0.121511 0.022915
14 8 0.143026 0.121511 0.022915
14 9 0.144447 0.121511 0.022915
14 10 0.145394 0.121511 0.022915
14 11 0.143263 0.121511 0.022915
14 12 0.144447 0.121511 0.022915
14 13 0.140658 0.121511 0.022915
14 14 0.139474 0.121511 0.022915
14 15 0.134975 0.121511 0.022915
14 16 0.126450 0.121511 0.022915
14 17 0.119820 0.121511 0.022915
14 18 0.111769 0.121511 0.022915
14 19 0.106086 0.121511 0.022915
14 20 0.097798 0.121511 0.022915
15 0 0.071987 0.121511 0.022915
15 1 0.078380 0.121511 0.022915
15 2 0.089747 0.121511 0.022915
15 3 0.099929 0.121511 0.022915
15 4 0.107507 0.121511 0.022915
15 5 0.115794 0.121511 0.022915
15 6 0.125266 0.121511 0.022915
15 7 0.131660 0.121511 0.022915
15 8 0.134738 0.121511 0.022915
15 9 0.136870 0.121511 0.022915
15 10 0.135922 0.121511 0.022915
15 11 0.138290 0.121511 0.022915
15 12 0.139001 0.121511 0.022915
15 13 0.134738 0.121511 0.022915
15 14 0.131660 0.121511 0.022915
15 15 0.124556 0.121511 0.022915
15 16 0.118399 0.121511 0.022915
15 17 0.110822 0.121511 0.022915
15 18 0.106796 0.121511 0.022915
15 19 0.103244 0.121511 0.022915
15 20 0.097087 0.121511 0.022915
16 0 0.071513 0.121511 0.022915
16 1 0.075302 0.121511 0.022915
16 2 0.083827 0.121511 0.022915
16 3 0.093772 0.121511 0.022915
16 4 0.105375 0.121511 0.022915
16 5 0.113190 0.121511 0.022915
16 6 0.120057 0.121511 0.022915
16 7 0.127161 0.121511 0.022915
16 8 0.132134 0.121511 0.022915
16 9 0.133554 0.121511 0.022915
16 10 0.135922 0.121511 0.022915
16 11 0.137817 0.121511 0.022915
16 12 0.136396 0.121511 0.022915
16 13 0.129055 0.121511 0.022915
16 14 0.123846 0.121511 0.022915
16 15 0.117689 0.121511 0.022915
16 16 0.112242 0.121511 0.022915
16 17 0.105139 0.121511 0.022915
16 18 0.100876 0.121511 0.022915
16 19 0.098271 0.121511 0.022915
16 20 0.092115 0.121511 0.022915
17 0 0.068435 0.121511 0.022915
17 1 0.075065 0.121511 0.022915
17 2 0.082169 0.121511 0.022915
17 3 0.089747 0.121511 0.022915
17 4 0.099455 0.121511 0.022915
17 5 0.107270 0.121511 0.022915
17 6 0.112716 0.121511 0.022915
17 7 0.118636 0.121511 0.022915
17 8 0.129529 0.121511 0.022915
17 9 0.128345 0.121511 0.022915
17 10 0.132370 0.121511 0.022915
17 11 0.136633 0.121511 0.022915
17 12 0.130002 0.121511 0.022915
17 13 0.122425 0.121511 0.022915
17 14 0.117452 0.121511 0.022915
17 15 0.110111 0.121511 0.022915
17 16 0.107507 0.121511 0.022915
17 17 0.098035 0.121511 0.022915
17 18 0.096614 0.121511 0.022915
17 19 0.094483 0.121511 0.022915
17 20 0.089747 0.121511 0.022915
18 0 0.067724 0.121511 0.022915
18 1 0.074118 0.121511 0.022915
18 2 0.082879 0.121511 0.022915
18 3 0.088326 0.121511 0.022915
18 4 0.093772 0.121511 0.022915
18 5 0.102297 0.121511 0.022915
18 6 0.107270 0.121511 0.022915
18 7 0.112242 0.121511 0.022915
18 8 0.120530 0.121511 0.022915
18 9 0.123846 0.121511 0.022915
18 10 0.130713 0.121511 0.022915
18 11 0.130002 0.121511 0.022915
18 12 0.127398 0.121511 0.022915
18 13 0.117215 0.121511 0.022915
18 14 0.112479 0.121511 0.022915
18 15 0.110348 0.121511 0.022915
18 16 0.104191 0.121511 0.022915
18 17 0.096851 0.121511 0.022915
18 18 0.092825 0.121511 0.022915
18 19 0.089747 0.121511 0.022915
18 20 0.087852 0.121511 0.022915
19 0 0.063936 0.121511 0.022915
19 1 0.069856 0.121511 0.022915
19 2 0.073881 0.121511 0.022915
19 3 0.081459 0.121511 0.022915
19 4 0.091878 0.121511 0.022915
19 5 0.094483 0.121511 0.022915
19 6 0.104428 0.121511 0.022915
19 7 0.104665 0.121511 0.022915
19 8 0.112479 0.121511 0.022915
19 9 0.118399 0.121511 0.022915
19 10 0.122662 0.121511 0.022915
19 11 0.121951 0.121511 0.022915
19 12 0.117689 0.121511 0.022915
19 13 0.114374 0.121511 0.022915
19 14 0.112716 0.121511 0.022915
19 15 0.106086 0.121511 0.022915
19 16 0.105375 0.121511 0.022915
19 17 0.096614 0.121511 0.022915
19 18 0.092825 0.121511 0.022915
19 19 0.087852 0.121511 0.022915
19 20 0.084774 0.121511 0.022915
20 0 0.062041 0.121511 0.022915
20 1 0.066304 0.121511 0.022915
20 2 0.069382 0.121511 0.022915
20 3 0.073171 0.121511 0.022915
20 4 0.084300 0.121511 0.022915
20 5 0.090220 0.121511 0.022915
20 6 0.096377 0.121511 0.022915
20 7 0.103244 0.121511 0.022915
20 8 0.107270 0.121511 0.022915
20 9 0.110348 0.121511 0.022915
20 10 0.113663 0.121511 0.022915
20 11 0.112716 0.121511 0.022915
20 12 0.113426 0.121511 0.022915
20 13 0.107033 0.121511 0.022915
20 14 0.103955 0.121511 0.022915
20 15 0.101587 0.121511 0.022915
20 16 0.097561 0.121511 0.022915
20 17 0.094246 0.121511 0.022915
20 18 0.089747 0.121511 0.022915
20 19 0.082406 0.121511 0.022915
20 20 0.083353 0.121511 0.022915
