# contact distance = 20.0 Angstroms
# F = 0.4 kJ/mol

# i j contact_probability mean_contact_probability stddev_contact_probability
0 0 0.055051 0.092833 0.016258
0 1 0.059059 0.092833 0.016258
0 2 0.061732 0.092833 0.016258
0 3 0.065874 0.092833 0.016258
0 4 0.068279 0.092833 0.016258
0 5 0.070551 0.092833 0.016258
0 6 0.070951 0.092833 0.016258
0 7 0.075361 0.092833 0.016258
0 8 0.073757 0.092833 0.016258
0 9 0.076697 0.092833 0.016258
0 10 0.079770 0.092833 0.016258
0 11 0.081774 0.092833 0.016258
0 12 0.084848 0.092833 0.016258
0 13 0.086986 0.092833 0.016258
0 14 0.089257 0.092833 0.016258
0 15 0.091529 0.092833 0.016258
0 16 0.095136 0.092833 0.016258
0 17 0.094735 0.092833 0.016258
0 18 0.096205 0.092833 0.016258
0 19 0.091929 0.092833 0.016258
0 20 0.087520 0.092833 0.016258
1 0 0.062133 0.092833 0.016258
1 1 0.064270 0.092833 0.016258
1 2 0.064270 0.092833 0.016258
1 3 0.068947 0.092833 0.016258
1 4 0.072154 0.092833 0.016258
1 5 0.076697 0.092833 0.016258
1 6 0.077365 0.092833 0.016258
1 7 0.078568 0.092833 0.016258
1 8 0.080438 0.092833 0.016258
1 9 0.082710 0.092833 0.016258
1 10 0.085382 0.092833 0.016258
1 11 0.087654 0.092833 0.016258
1 12 0.091128 0.092833 0.016258
1 13 0.092865 0.092833 0.016258
1 14 0.095270 0.092833 0.016258
1 15 0.097541 0.092833 0.016258
1 16 0.096606 0.092833 0.016258
1 17 0.098477 0.092833 0.016258
1 18 0.099679 0.092833 0.016258
1 19 0.096205 0.092833 0.016258
1 20 0.092063 0.092833 0.016258
2 0 0.063068 0.092833 0.016258
2 1 0.065339 0.092833 0.016258
2 2 0.070150 0.092833 0.016258
2 3 0.072956 0.092833 0.016258
2 4 0.076964 0.092833 0.016258
2 5 0.081908 0.092833 0.016258
2 6 0.082309 0.092833 0.016258
2 7 0.084313 0.092833 0.016258
2 8 0.083645 0.092833 0.016258
2 9 0.089391 0.092833 0.016258
2 10 0.090727 0.092833 0.016258
2 11 0.095136 0.092833 0.016258
2 12 0.094602 0.092833 0.016258
2 13 0.096606 0.092833 0.016258
2 14 0.099412 0.092833 0.016258
2 15 0.099947 0.092833 0.016258
2 16 0.100748 0.092833 0.016258
2 17 0.101817 0.092833 0.016258
2 18 0.099813 0.092833 0.016258
2 19 0.098210 0.092833 0.016258
2 20 0.094201 0.092833 0.016258
3 0 0.067745 0.092833 0.016258
3 1 0.071619 0.092833 0.016258
3 2 0.073223 0.092833 0.016258
3 3 0.079503 0.092833 0.016258
3 4 0.084313 0.092833 0.016258
3 5 0.088055 0.092833 0.016258
3 6 0.090593 0.092833 0.016258
3 7 0.090593 0.092833 0.016258
3 8 0.092063 0.092833 0.016258
3 9 0.093666 0.092833 0.016258
3 10 0.096205 0.092833 0.016258
3 11 0.099278 0.092833 0.016258
3 12 0.100214 0.092833 0.016258
3 13 0.102352 0.092833 0.016258
3 14 0.103287 0.092833 0.016258
3 15 0.102485 0.092833 0.016258
3 16 0.102218 0.092833 0.016258
3 17 0.104089 0.092833 0.016258
3 18 0.102753 0.092833 0.016258
3 19 0.100882 0.092833 0.016258
3 20 0.095537 0.092833 0.016258
4 0 0.070951 0.092833 0.016258
4 1 0.073089 0.092833 0.016258
4 2 0.077766 0.092833 0.016258
4 3 0.083645 0.092833 0.016258
4 4 0.088322 0.092833 0.016258
4 5 0.091128 0.092833 0.016258
4 6 0.097007 0.092833 0.016258
4 7 0.095804 0.092833 0.016258
4 8 0.095270 0.092833 0.016258
4 9 0.094468 0.092833 0.016258
4 10 0.098477 0.092833 0.016258
4 11 0.100882 0.092833 0.016258
4 12 0.103153 0.092833 0.016258
4 13 0.102485 0.092833 0.016258
4 14 0.105024 0.092833 0.016258
4 15 0.106761 0.092833 0.016258
4 16 0.106627 0.092833 0.016258
4 17 0.104757 0.092833 0.016258
4 18 0.105291 0.092833 0.016258
4 19 0.101149 0.092833 0.016258
4 20 0.093533 0.092833 0.016258
5 0 0.071887 0.092833 0.016258
5 1 0.075628 0.092833 0.016258
5 2 0.080706 0.092833 0.016258
5 3 0.084714 0.092833 0.016258
5 4 0.090059 0.092833 0.016258
5 5 0.096606 0.092833 0.016258
5 6 0.100748 0.092833 0.016258
5 7 0.098744 0.092833 0.016258
5 8 0.100214 0.092833 0.016258
5 9 0.101149 0.092833 0.016258
5 10 0.101817 0.092833 0.016258
5 11 0.106627 0.092833 0.016258
5 12 0.107563 0.092833 0.016258
5 13 0.107563 0.092833 0.016258
5 14 0.109033 0.092833 0.016258
5 15 0.107162 0.092833 0.016258
5 16 0.105959 0.092833 0.016258
5 17 0.106895 0.092833 0.016258
5 18 0.103153 0.092833 0.016258
5 19 0.099546 0.092833 0.016258
5 20 0.091929 0.092833 0.016258
6 0 0.072020 0.092833 0.016258
6 1 0.076563 0.092833 0.016258
6 2 0.081374 0.092833 0.016258
6 3 0.087119 0.092833 0.016258
6 4 0.093399 0.092833 0.016258
6 5 0.098343 0.092833 0.016258
6 6 0.101416 0.092833 0.016258
6 7 0.105024 0.092833 0.016258
6 8 0.102619 0.092833 0.016258
6 9 0.102886 0.092833 0.016258
6 10 0.106494 0.092833 0.016258
6 11 0.109701 0.092833 0.016258
6 12 0.113175 0.092833 0.016258
6 13 0.112507 0.092833 0.016258
6 14 0.110369 0.092833 0.016258
6 15 0.107162 0.092833 0.016258
6 16 0.107028 0.092833 0.016258
6 17 0.103955 0.092833 0.016258
6 18 0.101550 0.092833 0.016258
6 19 0.095537 0.092833 0.016258
6 20 0.088589 0.092833 0.016258
7 0 0.073223 0.092833 0.016258
7 1 0.078300 0.092833 0.016258
7 2 0.083378 0.092833 0.016258
7 3 0.088322 0.092833 0.016258
7 4 0.094067 0.092833 0.016258
7 5 0.098210 0.092833 0.016258
7 6 0.103821 0.092833 0.016258
7 7 0.105158 0.092833 0.016258
7 8 0.105158 0.092833 0.016258
7 9 0.107696 0.092833 0.016258
7 10 0.107696 0.092833 0.016258
7 11 0.111972 0.092833 0.016258
7 12 0.112640 0.092833 0.016258
7 13 0.112106 0.092833 0.016258
7 14 0.110903 0.092833 0.016258
7 15 0.111304 0.092833 0.016258
7 16 0.106494 0.092833 0.016258
7 17 0.099412 0.092833 0.016258
7 18 0.095804 0.092833 0.016258
7 19 0.090861 0.092833 0.016258
7 20 0.084580 0.092833 0.016258
8 0 0.075762 0.092833 0.016258
8 1 0.080171 0.092833 0.016258
8 2 0.086718 0.092833 0.016258
8 3 0.090994 0.092833 0.016258
8 4 0.094468 0.092833 0.016258
8 5 0.100748 0.092833 0.016258
8 6 0.105959 0.092833 0.016258
8 7 0.105959 0.092833 0.016258
8 8 0.109033 0.092833 0.016258
8 9 0.109968 0.092833 0.016258
8 10 0.111705 0.092833 0.016258
8 11 0.111972 0.092833 0.016258
8 12 0.111839 0.092833 0.016258
8 13 0.110369 0.092833 0.016258
8 14 0.111705 0.092833 0.016258
8 15 0.107964 0.092833 0.016258
8 16 0.103020 0.092833 0.016258
8 17 0.096873 0.092833 0.016258
8 18 0.090994 0.092833 0.016258
8 19 0.088188 0.092833 0.016258
8 20 0.082443 0.092833 0.016258
9 0 0.076831 0.092833 0.016258
9 1 0.081908 0.092833 0.016258
9 2 0.089391 0.092833 0.016258
9 3 0.095136 0.092833 0.016258
9 4 0.099145 0.092833 0.016258
9 5 0.103821 0.092833 0.016258
9 6 0.105826 0.092833 0.016258
9 7 0.109433 0.092833 0.016258
9 8 0.110502 0.092833 0.016258
9 9 0.112908 0.092833 0.016258
9 10 0.114244 0.092833 0.016258
9 11 0.113175 0.092833 0.016258
9 12 0.113709 0.092833 0.016258
9 13 0.112373 0.092833 0.016258
9 14 0.110369 0.092833 0.016258
9 15 0.108365 0.092833 0.016258
9 16 0.101684 0.092833 0.016258
9 17 0.098878 0.092833 0.016258
9 18 0.091529 0.092833 0.016258
9 19 0.085249 0.092833 0.016258
9 20 0.079503 0.092833 0.016258
10 0 0.078167 0.092833 0.016258
10 1 0.085115 0.092833 0.016258
10 2 0.093934 0.092833 0.016258
10 3 0.098343 0.092833 0.016258
10 4 0.102352 0.092833 0.016258
10 5 0.106360 0.092833 0.016258
10 6 0.107296 0.092833 0.016258
10 7 0.111571 0.092833 0.016258
10 8 0.112373 0.092833 0.016258
10 9 0.113308 0.092833 0.016258
10 10 0.114778 0.092833 0.016258
10 11 0.111571 0.092833 0.016258
10 12 0.112908 0.092833 0.016258
10 13 0.111972 0.092833 0.016258
10 14 0.109701 0.092833 0.016258
10 15 0.105959 0.092833 0.016258
10 16 0.101015 0.092833 0.016258
10 17 0.095537 0.092833 0.016258
10 18 0.088589 0.092833 0.016258
10 19 0.083779 0.092833 0.016258
10 20 0.076296 0.092833 0.016258
11 0 0.081240 0.092833 0.016258
11 1 0.088055 0.092833 0.016258
11 2 0.095404 0.092833 0.016258
11 3 0.100615 0.092833 0.016258
11 4 0.105291 0.092833 0.016258
11 5 0.108899 0.092833 0.016258
11 6 0.111705 0.092833 0.016258
11 7 0.113308 0.092833 0.016258
11 8 0.114110 0.092833 0.016258
11 9 0.114377 0.092833 0.016258
11 10 0.114377 0.092833 0.016258
11 11 0.114110 0.092833 0.016258
11 12 0.112507 0.092833 0.016258
11 13 0.110903 0.092833 0.016258
11 14 0.108231 0.092833 0.016258
11 15 0.106360 0.092833 0.016258
11 16 0.100347 0.092833 0.016258
11 17 0.093800 0.092833 0.016258
11 18 0.087520 0.092833 0.016258
11 19 0.083645 0.092833 0.016258
11 20 0.074158 0.092833 0.016258
12 0 0.085917 0.092833 0.016258
12 1 0.090994 0.092833 0.016258
12 2 0.097809 0.092833 0.016258
12 3 0.101684 0.092833 0.016258
12 4 0.105692 0.092833 0.016258
12 5 0.110369 0.092833 0.016258
12 6 0.112774 0.092833 0.016258
12 7 0.112640 0.092833 0.016258
12 8 0.114110 0.092833 0.016258
12 9 0.115045 0.092833 0.016258
12 10 0.115446 0.092833 0.016258
12 11 0.113175 0.092833 0.016258
12 12 0.111304 0.092833 0.016258
12 13 0.110903 0.092833 0.016258
12 14 0.108365 0.092833 0.016258
12 15 0.103821 0.092833 0.016258
12 16 0.096606 0.092833 0.016258
12 17 0.092063 0.092833 0.016258
12 18 0.083645 0.092833 0.016258
12 19 0.079236 0.092833 0.016258
12 20 0.073490 0.092833 0.016258
13 0 0.088455 0.092833 0.016258
13 1 0.091662 0.092833 0.016258
13 2 0.099278 0.092833 0.016258
13 3 0.105024 0.092833 0.016258
13 4 0.105024 0.092833 0.016258
13 5 0.110369 0.092833 0.016258
13 6 0.112373 0.092833 0.016258
13 7 0.113308 0.092833 0.016258
13 8 0.114244 0.092833 0.016258
13 9 0.114110 0.092833 0.016258
13 10 0.113576 0.092833 0.016258
13 11 0.113976 0.092833 0.016258
13 12 0.111170 0.092833 0.016258
13 13 0.107830 0.092833 0.016258
13 14 0.102753 0.092833 0.016258
13 15 0.100347 0.092833 0.016258
13 16 0.093132 0.092833 0.016258
13 17 0.088589 0.092833 0.016258
13 18 0.080973 0.092833 0.016258
13 19 0.074292 0.092833 0.016258
13 20 0.069749 0.092833 0.016258
14 0 0.089257 0.092833 0.016258
14 1 0.093934 0.092833 0.016258
14 2 0.103554 0.092833 0.016258
14 3 0.107296 0.092833 0.016258
14 4 0.106227 0.092833 0.016258
14 5 0.109433 0.092833 0.016258
14 6 0.110770 0.092833 0.016258
14 7 0.111839 0.092833 0.016258
14 8 0.111304 0.092833 0.016258
14 9 0.109567 0.092833 0.016258
14 10 0.111438 0.092833 0.016258
14 11 0.109567 0.092833 0.016258
14 12 0.108097 0.092833 0.016258
14 13 0.104490 0.092833 0.016258
14 14 0.099145 0.092833 0.016258
14 15 0.093533 0.092833 0.016258
14 16 0.091662 0.092833 0.016258
14 17 0.082843 0.092833 0.016258
14 18 0.075494 0.092833 0.016258
14 19 0.067878 0.092833 0.016258
14 20 0.065740 0.092833 0.016258
15 0 0.093132 0.092833 0.016258
15 1 0.096873 0.092833 0.016258
15 2 0.105826 0.092833 0.016258
15 3 0.108632 0.092833 0.016258
15 4 0.108899 0.092833 0.016258
15 5 0.106761 0.092833 0.016258
15 6 0.108765 0.092833 0.016258
15 7 0.109968 0.092833 0.016258
15 8 0.110235 0.092833 0.016258
15 9 0.108097 0.092833 0.016258
15 10 0.109834 0.092833 0.016258
15 11 0.105826 0.092833 0.016258
15 12 0.102218 0.092833 0.016258
15 13 0.099813 0.092833 0.016258
15 14 0.094067 0.092833 0.016258
15 15 0.088455 0.092833 0.016258
15 16 0.083912 0.092833 0.016258
15 17 0.076162 0.092833 0.016258
15 18 0.069214 0.092833 0.016258
15 19 0.065607 0.092833 0.016258
15 20 0.061064 0.092833 0.016258
16 0 0.092865 0.092833 0.016258
16 1 0.099278 0.092833 0.016258
16 2 0.105024 0.092833 0.016258
16 3 0.106627 0.092833 0.016258
16 4 0.108231 0.092833 0.016258
16 5 0.106227 0.092833 0.016258
16 6 0.104490 0.092833 0.016258
16 7 0.105959 0.092833 0.016258
16 8 0.107296 0.092833 0.016258
16 9 0.104490 0.092833 0.016258
16 10 0.101416 0.092833 0.016258
16 11 0.099546 0.092833 0.016258
16 12 0.096339 0.092833 0.016258
16 13 0.092464 0.092833 0.016258
16 14 0.087921 0.092833 0.016258
16 15 0.081507 0.092833 0.016258
16 16 0.077900 0.092833 0.016258
16 17 0.071085 0.092833 0.016258
16 18 0.064270 0.092833 0.016258
16 19 0.059995 0.092833 0.016258
16 20 0.057456 0.092833 0.016258
17 0 0.094869 0.092833 0.016258
17 1 0.099546 0.092833 0.016258
17 2 0.104222 0.092833 0.016258
17 3 0.108498 0.092833 0.016258
17 4 0.107429 0.092833 0.016258
17 5 0.107696 0.092833 0.016258
17 6 0.104490 0.092833 0.016258
17 7 0.102084 0.092833 0.016258
17 8 0.101817 0.092833 0.016258
17 9 0.099813 0.092833 0.016258
17 10 0.099412 0.092833 0.016258
17 11 0.095671 0.092833 0.016258
17 12 0.091529 0.092833 0.016258
17 13 0.088990 0.092833 0.016258
17 14 0.084580 0.092833 0.016258
17 15 0.074292 0.092833 0.016258
17 16 0.072020 0.092833 0.016258
17 17 0.065339 0.092833 0.016258
17 18 0.060128 0.092833 0.016258
17 19 0.055051 0.092833 0.016258
17 20 0.051978 0.092833 0.016258
18 0 0.092865 0.092833 0.016258
18 1 0.098076 0.092833 0.016258
18 2 0.101817 0.092833 0.016258
18 3 0.102485 0.092833 0.016258
18 4 0.104890 0.092833 0.016258
18 5 0.106360 0.092833 0.016258
18 6 0.100615 0.092833 0.016258
18 7 0.097809 0.092833 0.016258
18 8 0.096072 0.092833 0.016258
18 9 0.092998 0.092833 0.016258
18 10 0.090192 0.092833 0.016258
18 11 0.087386 0.092833 0.016258
18 12 0.085649 0.092833 0.016258
18 13 0.080305 0.092833 0.016258
18 14 0.075494 0.092833 0.016258
18 15 0.070684 0.092833 0.016258
18 16 0.064805 0.092833 0.016258
18 17 0.057322 0.092833 0.016258
18 18 0.053715 0.092833 0.016258
18 19 0.051577 0.092833 0.016258
18 20 0.048637 0.092833 0.016258
19 0 0.091796 0.092833 0.016258
19 1 0.095537 0.092833 0.016258
19 2 0.098610 0.092833 0.016258
19 3 0.101283 0.092833 0.016258
19 4 0.101817 0.092833 0.016258
19 5 0.101015 0.092833 0.016258
19 6 0.098343 0.092833 0.016258
19 7 0.092598 0.092833 0.016258
19 8 0.086050 0.092833 0.016258
19 9 0.086317 0.092833 0.016258
19 10 0.085783 0.092833 0.016258
19 11 0.080438 0.092833 0.016258
19 12 0.078167 0.092833 0.016258
19 13 0.075361 0.092833 0.016258
19 14 0.070551 0.092833 0.016258
19 15 0.064939 0.092833 0.016258
19 16 0.057055 0.092833 0.016258
19 17 0.052913 0.092833 0.016258
19 18 0.047167 0.092833 0.016258
19 19 0.045430 0.092833 0.016258
19 20 0.043426 0.092833 0.016258
20 0 0.089123 0.092833 0.016258
20 1 0.092063 0.092833 0.016258
20 2 0.093399 0.092833 0.016258
20 3 0.097007 0.092833 0.016258
20 4 0.095404 0.092833 0.016258
20 5 0.095136 0.092833 0.016258
20 6 0.090059 0.092833 0.016258
20 7 0.083912 0.092833 0.016258
20 8 0.078701 0.092833 0.016258
20 9 0.079369 0.092833 0.016258
20 10 0.076029 0.092833 0.016258
20 11 0.072956 0.092833 0.016258
20 12 0.072288 0.092833 0.016258
20 13 0.069615 0.092833 0.016258
20 14 0.065607 0.092833 0.016258
20 15 0.060663 0.092833 0.016258
20 16 0.054784 0.092833 0.016258
20 17 0.048771 0.092833 0.016258
20 18 0.045163 0.092833 0.016258
20 19 0.041021 0.092833 0.016258
20 20 0.041021 0.092833 0.016258
