# contact distance = 20.0 Angstroms
# F = 0.4 kJ/mol

# i j contact_probability mean_contact_probability stddev_contact_probability
0 0 0.073246 0.077988 0.013906
0 1 0.072966 0.077988 0.013906
0 2 0.071009 0.077988 0.013906
0 3 0.064300 0.077988 0.013906
0 4 0.060945 0.077988 0.013906
0 5 0.059268 0.077988 0.013906
0 6 0.056472 0.077988 0.013906
0 7 0.053956 0.077988 0.013906
0 8 0.053956 0.077988 0.013906
0 9 0.055074 0.077988 0.013906
0 10 0.053956 0.077988 0.013906
0 11 0.053956 0.077988 0.013906
0 12 0.058149 0.077988 0.013906
0 13 0.058988 0.077988 0.013906
0 14 0.064579 0.077988 0.013906
0 15 0.070450 0.077988 0.013906
0 16 0.077439 0.077988 0.013906
0 17 0.080794 0.077988 0.013906
0 18 0.084428 0.077988 0.013906
0 19 0.080514 0.077988 0.013906
0 20 0.075762 0.077988 0.013906
1 0 0.073805 0.077988 0.013906
1 1 0.075203 0.077988 0.013906
1 2 0.072687 0.077988 0.013906
1 3 0.067654 0.077988 0.013906
1 4 0.062343 0.077988 0.013906
1 5 0.062063 0.077988 0.013906
1 6 0.060106 0.077988 0.013906
1 7 0.054515 0.077988 0.013906
1 8 0.055074 0.077988 0.013906
1 9 0.057311 0.077988 0.013906
1 10 0.056472 0.077988 0.013906
1 11 0.058429 0.077988 0.013906
1 12 0.060386 0.077988 0.013906
1 13 0.062902 0.077988 0.013906
1 14 0.072127 0.077988 0.013906
1 15 0.076880 0.077988 0.013906
1 16 0.082192 0.077988 0.013906
1 17 0.085826 0.077988 0.013906
1 18 0.086944 0.077988 0.013906
1 19 0.087503 0.077988 0.013906
1 20 0.085267 0.077988 0.013906
2 0 0.071289 0.077988 0.013906
2 1 0.072127 0.077988 0.013906
2 2 0.073525 0.077988 0.013906
2 3 0.070730 0.077988 0.013906
2 4 0.070171 0.077988 0.013906
2 5 0.061504 0.077988 0.013906
2 6 0.061224 0.077988 0.013906
2 7 0.057311 0.077988 0.013906
2 8 0.055913 0.077988 0.013906
2 9 0.057031 0.077988 0.013906
2 10 0.057590 0.077988 0.013906
2 11 0.060386 0.077988 0.013906
2 12 0.065977 0.077988 0.013906
2 13 0.071289 0.077988 0.013906
2 14 0.077719 0.077988 0.013906
2 15 0.083869 0.077988 0.013906
2 16 0.088063 0.077988 0.013906
2 17 0.092256 0.077988 0.013906
2 18 0.092536 0.077988 0.013906
2 19 0.093933 0.077988 0.013906
2 20 0.091417 0.077988 0.013906
3 0 0.069891 0.077988 0.013906
3 1 0.071568 0.077988 0.013906
3 2 0.074923 0.077988 0.013906
3 3 0.072966 0.077988 0.013906
3 4 0.066257 0.077988 0.013906
3 5 0.064020 0.077988 0.013906
3 6 0.064859 0.077988 0.013906
3 7 0.058429 0.077988 0.013906
3 8 0.057031 0.077988 0.013906
3 9 0.058708 0.077988 0.013906
3 10 0.060945 0.077988 0.013906
3 11 0.065698 0.077988 0.013906
3 12 0.069611 0.077988 0.013906
3 13 0.075762 0.077988 0.013906
3 14 0.081912 0.077988 0.013906
3 15 0.087503 0.077988 0.013906
3 16 0.097009 0.077988 0.013906
3 17 0.096450 0.077988 0.013906
3 18 0.096729 0.077988 0.013906
3 19 0.096170 0.077988 0.013906
3 20 0.093654 0.077988 0.013906
4 0 0.066816 0.077988 0.013906
4 1 0.071009 0.077988 0.013906
4 2 0.070450 0.077988 0.013906
4 3 0.066536 0.077988 0.013906
4 4 0.067095 0.077988 0.013906
4 5 0.062063 0.077988 0.013906
4 6 0.064300 0.077988 0.013906
4 7 0.061224 0.077988 0.013906
4 8 0.061784 0.077988 0.013906
4 9 0.062902 0.077988 0.013906
4 10 0.065698 0.077988 0.013906
4 11 0.069891 0.077988 0.013906
4 12 0.071009 0.077988 0.013906
4 13 0.077719 0.077988 0.013906
4 14 0.085826 0.077988 0.013906
4 15 0.092536 0.077988 0.013906
4 16 0.099804 0.077988 0.013906
4 17 0.103718 0.077988 0.013906
4 18 0.100923 0.077988 0.013906
4 19 0.098966 0.077988 0.013906
4 20 0.095611 0.077988 0.013906
5 0 0.063741 0.077988 0.013906
5 1 0.063461 0.077988 0.013906
5 2 0.064859 0.077988 0.013906
5 3 0.063461 0.077988 0.013906
5 4 0.062622 0.077988 0.013906
5 5 0.057870 0.077988 0.013906
5 6 0.058429 0.077988 0.013906
5 7 0.061504 0.077988 0.013906
5 8 0.060945 0.077988 0.013906
5 9 0.062343 0.077988 0.013906
5 10 0.068773 0.077988 0.013906
5 11 0.071289 0.077988 0.013906
5 12 0.074084 0.077988 0.013906
5 13 0.083030 0.077988 0.013906
5 14 0.088622 0.077988 0.013906
5 15 0.094772 0.077988 0.013906
5 16 0.098686 0.077988 0.013906
5 17 0.103439 0.077988 0.013906
5 18 0.099525 0.077988 0.013906
5 19 0.098406 0.077988 0.013906
5 20 0.098966 0.077988 0.013906
6 0 0.058429 0.077988 0.013906
6 1 0.058149 0.077988 0.013906
6 2 0.056751 0.077988 0.013906
6 3 0.058429 0.077988 0.013906
6 4 0.061784 0.077988 0.013906
6 5 0.057311 0.077988 0.013906
6 6 0.058708 0.077988 0.013906
6 7 0.063181 0.077988 0.013906
6 8 0.064579 0.077988 0.013906
6 9 0.067095 0.077988 0.013906
6 10 0.068493 0.077988 0.013906
6 11 0.071568 0.077988 0.013906
6 12 0.074364 0.077988 0.013906
6 13 0.082192 0.077988 0.013906
6 14 0.086385 0.077988 0.013906
6 15 0.094493 0.077988 0.013906
6 16 0.096729 0.077988 0.013906
6 17 0.102041 0.077988 0.013906
6 18 0.100923 0.077988 0.013906
6 19 0.097288 0.077988 0.013906
6 20 0.096170 0.077988 0.013906
7 0 0.058708 0.077988 0.013906
7 1 0.057031 0.077988 0.013906
7 2 0.057590 0.077988 0.013906
7 3 0.058708 0.077988 0.013906
7 4 0.059827 0.077988 0.013906
7 5 0.059827 0.077988 0.013906
7 6 0.060945 0.077988 0.013906
7 7 0.065138 0.077988 0.013906
7 8 0.066536 0.077988 0.013906
7 9 0.065977 0.077988 0.013906
7 10 0.068493 0.077988 0.013906
7 11 0.071009 0.077988 0.013906
7 12 0.074084 0.077988 0.013906
7 13 0.081633 0.077988 0.013906
7 14 0.085267 0.077988 0.013906
7 15 0.092256 0.077988 0.013906
7 16 0.096729 0.077988 0.013906
7 17 0.097568 0.077988 0.013906
7 18 0.096450 0.077988 0.013906
7 19 0.095052 0.077988 0.013906
7 20 0.091417 0.077988 0.013906
8 0 0.056472 0.077988 0.013906
8 1 0.054235 0.077988 0.013906
8 2 0.054515 0.077988 0.013906
8 3 0.058149 0.077988 0.013906
8 4 0.060665 0.077988 0.013906
8 5 0.058429 0.077988 0.013906
8 6 0.060106 0.077988 0.013906
8 7 0.063181 0.077988 0.013906
8 8 0.064859 0.077988 0.013906
8 9 0.067095 0.077988 0.013906
8 10 0.069891 0.077988 0.013906
8 11 0.070730 0.077988 0.013906
8 12 0.073246 0.077988 0.013906
8 13 0.075482 0.077988 0.013906
8 14 0.082751 0.077988 0.013906
8 15 0.088901 0.077988 0.013906
8 16 0.096170 0.077988 0.013906
8 17 0.095331 0.077988 0.013906
8 18 0.095331 0.077988 0.013906
8 19 0.091977 0.077988 0.013906
8 20 0.089181 0.077988 0.013906
9 0 0.054235 0.077988 0.013906
9 1 0.056192 0.077988 0.013906
9 2 0.055913 0.077988 0.013906
9 3 0.057870 0.077988 0.013906
9 4 0.061784 0.077988 0.013906
9 5 0.060665 0.077988 0.013906
9 6 0.061224 0.077988 0.013906
9 7 0.064579 0.077988 0.013906
9 8 0.067654 0.077988 0.013906
9 9 0.069332 0.077988 0.013906
9 10 0.071568 0.077988 0.013906
9 11 0.072407 0.077988 0.013906
9 12 0.077719 0.077988 0.013906
9 13 0.076041 0.077988 0.013906
9 14 0.081074 0.077988 0.013906
9 15 0.086944 0.077988 0.013906
9 16 0.092815 0.077988 0.013906
9 17 0.094213 0.077988 0.013906
9 18 0.091697 0.077988 0.013906
9 19 0.086944 0.077988 0.013906
9 20 0.081633 0.077988 0.013906
10 0 0.053397 0.077988 0.013906
10 1 0.055074 0.077988 0.013906
10 2 0.058429 0.077988 0.013906
10 3 0.060386 0.077988 0.013906
10 4 0.065418 0.077988 0.013906
10 5 0.067654 0.077988 0.013906
10 6 0.070171 0.077988 0.013906
10 7 0.068493 0.077988 0.013906
10 8 0.072687 0.077988 0.013906
10 9 0.072687 0.077988 0.013906
10 10 0.075482 0.077988 0.013906
10 11 0.075762 0.077988 0.013906
10 12 0.077998 0.077988 0.013906
10 13 0.078837 0.077988 0.013906
10 14 0.081074 0.077988 0.013906
10 15 0.084428 0.077988 0.013906
10 16 0.087224 0.077988 0.013906
10 17 0.091417 0.077988 0.013906
10 18 0.090299 0.077988 0.013906
10 19 0.081353 0.077988 0.013906
10 20 0.073805 0.077988 0.013906
11 0 0.053956 0.077988 0.013906
11 1 0.058149 0.077988 0.013906
11 2 0.062343 0.077988 0.013906
11 3 0.067654 0.077988 0.013906
11 4 0.071009 0.077988 0.013906
11 5 0.074084 0.077988 0.013906
11 6 0.073525 0.077988 0.013906
11 7 0.074364 0.077988 0.013906
11 8 0.077998 0.077988 0.013906
11 9 0.075482 0.077988 0.013906
11 10 0.077160 0.077988 0.013906
11 11 0.080514 0.077988 0.013906
11 12 0.079396 0.077988 0.013906
11 13 0.079117 0.077988 0.013906
11 14 0.080235 0.077988 0.013906
11 15 0.084987 0.077988 0.013906
11 16 0.088342 0.077988 0.013906
11 17 0.086106 0.077988 0.013906
11 18 0.084987 0.077988 0.013906
11 19 0.079117 0.077988 0.013906
11 20 0.069332 0.077988 0.013906
12 0 0.055354 0.077988 0.013906
12 1 0.061784 0.077988 0.013906
12 2 0.066536 0.077988 0.013906
12 3 0.071009 0.077988 0.013906
12 4 0.078278 0.077988 0.013906
12 5 0.079117 0.077988 0.013906
12 6 0.078837 0.077988 0.013906
12 7 0.080794 0.077988 0.013906
12 8 0.082192 0.077988 0.013906
12 9 0.081912 0.077988 0.013906
12 10 0.083869 0.077988 0.013906
12 11 0.082471 0.077988 0.013906
12 12 0.081912 0.077988 0.013906
12 13 0.081353 0.077988 0.013906
12 14 0.079117 0.077988 0.013906
12 15 0.084428 0.077988 0.013906
12 16 0.089740 0.077988 0.013906
12 17 0.084708 0.077988 0.013906
12 18 0.080794 0.077988 0.013906
12 19 0.074084 0.077988 0.013906
12 20 0.068773 0.077988 0.013906
13 0 0.060106 0.077988 0.013906
13 1 0.066816 0.077988 0.013906
13 2 0.071568 0.077988 0.013906
13 3 0.079955 0.077988 0.013906
13 4 0.084708 0.077988 0.013906
13 5 0.088901 0.077988 0.013906
13 6 0.090858 0.077988 0.013906
13 7 0.090020 0.077988 0.013906
13 8 0.089460 0.077988 0.013906
13 9 0.084149 0.077988 0.013906
13 10 0.085547 0.077988 0.013906
13 11 0.085267 0.077988 0.013906
13 12 0.082471 0.077988 0.013906
13 13 0.081633 0.077988 0.013906
13 14 0.081633 0.077988 0.013906
13 15 0.083590 0.077988 0.013906
13 16 0.085826 0.077988 0.013906
13 17 0.084708 0.077988 0.013906
13 18 0.079117 0.077988 0.013906
13 19 0.072966 0.077988 0.013906
13 20 0.069891 0.077988 0.013906
14 0 0.065977 0.077988 0.013906
14 1 0.074923 0.077988 0.013906
14 2 0.078557 0.077988 0.013906
14 3 0.082471 0.077988 0.013906
14 4 0.091417 0.077988 0.013906
14 5 0.092536 0.077988 0.013906
14 6 0.095611 0.077988 0.013906
14 7 0.095890 0.077988 0.013906
14 8 0.094213 0.077988 0.013906
14 9 0.089740 0.077988 0.013906
14 10 0.086665 0.077988 0.013906
14 11 0.088342 0.077988 0.013906
14 12 0.083310 0.077988 0.013906
14 13 0.081074 0.077988 0.013906
14 14 0.080235 0.077988 0.013906
14 15 0.081074 0.077988 0.013906
14 16 0.081912 0.077988 0.013906
14 17 0.081353 0.077988 0.013906
14 18 0.076880 0.077988 0.013906
14 19 0.073246 0.077988 0.013906
14 20 0.068773 0.077988 0.013906
15 0 0.074644 0.077988 0.013906
15 1 0.081912 0.077988 0.013906
15 2 0.087783 0.077988 0.013906
15 3 0.091977 0.077988 0.013906
15 4 0.093933 0.077988 0.013906
15 5 0.097568 0.077988 0.013906
15 6 0.099245 0.077988 0.013906
15 7 0.097568 0.077988 0.013906
15 8 0.094493 0.077988 0.013906
15 9 0.093654 0.077988 0.013906
15 10 0.094213 0.077988 0.013906
15 11 0.089460 0.077988 0.013906
15 12 0.085826 0.077988 0.013906
15 13 0.083590 0.077988 0.013906
15 14 0.082751 0.077988 0.013906
15 15 0.084987 0.077988 0.013906
15 16 0.084708 0.077988 0.013906
15 17 0.084708 0.077988 0.013906
15 18 0.080235 0.077988 0.013906
15 19 0.076601 0.077988 0.013906
15 20 0.065977 0.077988 0.013906
16 0 0.083590 0.077988 0.013906
16 1 0.090020 0.077988 0.013906
16 2 0.097288 0.077988 0.013906
16 3 0.096729 0.077988 0.013906
16 4 0.102600 0.077988 0.013906
16 5 0.102880 0.077988 0.013906
16 6 0.101202 0.077988 0.013906
16 7 0.100084 0.077988 0.013906
16 8 0.096170 0.077988 0.013906
16 9 0.094772 0.077988 0.013906
16 10 0.091697 0.077988 0.013906
16 11 0.088063 0.077988 0.013906
16 12 0.083030 0.077988 0.013906
16 13 0.081633 0.077988 0.013906
16 14 0.085267 0.077988 0.013906
16 15 0.088063 0.077988 0.013906
16 16 0.088342 0.077988 0.013906
16 17 0.088342 0.077988 0.013906
16 18 0.084708 0.077988 0.013906
16 19 0.077719 0.077988 0.013906
16 20 0.071848 0.077988 0.013906
17 0 0.087783 0.077988 0.013906
17 1 0.094493 0.077988 0.013906
17 2 0.101202 0.077988 0.013906
17 3 0.098406 0.077988 0.013906
17 4 0.105675 0.077988 0.013906
17 5 0.102880 0.077988 0.013906
17 6 0.103159 0.077988 0.013906
17 7 0.099245 0.077988 0.013906
17 8 0.097847 0.077988 0.013906
17 9 0.096450 0.077988 0.013906
17 10 0.092536 0.077988 0.013906
17 11 0.086106 0.077988 0.013906
17 12 0.081353 0.077988 0.013906
17 13 0.084149 0.077988 0.013906
17 14 0.082192 0.077988 0.013906
17 15 0.086106 0.077988 0.013906
17 16 0.086944 0.077988 0.013906
17 17 0.087783 0.077988 0.013906
17 18 0.080794 0.077988 0.013906
17 19 0.076880 0.077988 0.013906
17 20 0.070171 0.077988 0.013906
18 0 0.095611 0.077988 0.013906
18 1 0.098686 0.077988 0.013906
18 2 0.099804 0.077988 0.013906
18 3 0.101761 0.077988 0.013906
18 4 0.103718 0.077988 0.013906
18 5 0.101482 0.077988 0.013906
18 6 0.102320 0.077988 0.013906
18 7 0.096170 0.077988 0.013906
18 8 0.095611 0.077988 0.013906
18 9 0.093374 0.077988 0.013906
18 10 0.089460 0.077988 0.013906
18 11 0.085267 0.077988 0.013906
18 12 0.078278 0.077988 0.013906
18 13 0.074923 0.077988 0.013906
18 14 0.073805 0.077988 0.013906
18 15 0.083030 0.077988 0.013906
18 16 0.080235 0.077988 0.013906
18 17 0.080235 0.077988 0.013906
18 18 0.079676 0.077988 0.013906
18 19 0.072687 0.077988 0.013906
18 20 0.069332 0.077988 0.013906
19 0 0.094213 0.077988 0.013906
19 1 0.095890 0.077988 0.013906
19 2 0.098127 0.077988 0.013906
19 3 0.102600 0.077988 0.013906
19 4 0.102320 0.077988 0.013906
19 5 0.100084 0.077988 0.013906
19 6 0.098406 0.077988 0.013906
19 7 0.098686 0.077988 0.013906
19 8 0.092815 0.077988 0.013906
19 9 0.090858 0.077988 0.013906
19 10 0.085826 0.077988 0.013906
19 11 0.076041 0.077988 0.013906
19 12 0.068493 0.077988 0.013906
19 13 0.065977 0.077988 0.013906
19 14 0.064859 0.077988 0.013906
19 15 0.068493 0.077988 0.013906
19 16 0.073246 0.077988 0.013906
19 17 0.071848 0.077988 0.013906
19 18 0.072966 0.077988 0.013906
19 19 0.065977 0.077988 0.013906
19 20 0.062902 0.077988 0.013906
20 0 0.087224 0.077988 0.013906
20 1 0.092815 0.077988 0.013906
20 2 0.095331 0.077988 0.013906
20 3 0.100084 0.077988 0.013906
20 4 0.098686 0.077988 0.013906
20 5 0.098127 0.077988 0.013906
20 6 0.097847 0.077988 0.013906
20 7 0.097568 0.077988 0.013906
20 8 0.086385 0.077988 0.013906
20 9 0.081912 0.077988 0.013906
20 10 0.075762 0.077988 0.013906
20 11 0.069052 0.077988 0.013906
20 12 0.061504 0.077988 0.013906
20 13 0.058708 0.077988 0.013906
20 14 0.060106 0.077988 0.013906
20 15 0.060945 0.077988 0.013906
20 16 0.066536 0.077988 0.013906
20 17 0.064020 0.077988 0.013906
20 18 0.065138 0.077988 0.013906
20 19 0.059827 0.077988 0.013906
20 20 0.055354 0.077988 0.013906
