# contact distance = 20.0 Angstroms
# F = 0.4 kJ/mol

# i j contact_probability mean_contact_probability stddev_contact_probability
0 0 0.070825 0.088988 0.015487
0 1 0.072032 0.088988 0.015487
0 2 0.068410 0.088988 0.015487
0 3 0.068545 0.088988 0.015487
0 4 0.066130 0.088988 0.015487
0 5 0.064655 0.088988 0.015487
0 6 0.064655 0.088988 0.015487
0 7 0.067203 0.088988 0.015487
0 8 0.070020 0.088988 0.015487
0 9 0.073239 0.088988 0.015487
0 10 0.074849 0.088988 0.015487
0 11 0.079276 0.088988 0.015487
0 12 0.084909 0.088988 0.015487
0 13 0.092958 0.088988 0.015487
0 14 0.096445 0.088988 0.015487
0 15 0.098189 0.088988 0.015487
0 16 0.100604 0.088988 0.015487
0 17 0.104896 0.088988 0.015487
0 18 0.103555 0.088988 0.015487
0 19 0.098189 0.088988 0.015487
0 20 0.094702 0.088988 0.015487
1 0 0.073239 0.088988 0.015487
1 1 0.072703 0.088988 0.015487
1 2 0.070959 0.088988 0.015487
1 3 0.068947 0.088988 0.015487
1 4 0.065996 0.088988 0.015487
1 5 0.065862 0.088988 0.015487
1 6 0.065594 0.088988 0.015487
1 7 0.067203 0.088988 0.015487
1 8 0.072435 0.088988 0.015487
1 9 0.075520 0.088988 0.015487
1 10 0.079812 0.088988 0.015487
1 11 0.083300 0.088988 0.015487
1 12 0.089604 0.088988 0.015487
1 13 0.095104 0.088988 0.015487
1 14 0.098457 0.088988 0.015487
1 15 0.102079 0.088988 0.015487
1 16 0.104896 0.088988 0.015487
1 17 0.104359 0.088988 0.015487
1 18 0.105164 0.088988 0.015487
1 19 0.098994 0.088988 0.015487
1 20 0.097384 0.088988 0.015487
2 0 0.072300 0.088988 0.015487
2 1 0.071362 0.088988 0.015487
2 2 0.069215 0.088988 0.015487
2 3 0.067874 0.088988 0.015487
2 4 0.068947 0.088988 0.015487
2 5 0.066533 0.088988 0.015487
2 6 0.066935 0.088988 0.015487
2 7 0.068276 0.088988 0.015487
2 8 0.071630 0.088988 0.015487
2 9 0.077666 0.088988 0.015487
2 10 0.081690 0.088988 0.015487
2 11 0.087860 0.088988 0.015487
2 12 0.093226 0.088988 0.015487
2 13 0.097384 0.088988 0.015487
2 14 0.103555 0.088988 0.015487
2 15 0.104628 0.088988 0.015487
2 16 0.105298 0.088988 0.015487
2 17 0.104896 0.088988 0.015487
2 18 0.105164 0.088988 0.015487
2 19 0.100067 0.088988 0.015487
2 20 0.095909 0.088988 0.015487
3 0 0.069886 0.088988 0.015487
3 1 0.070288 0.088988 0.015487
3 2 0.066801 0.088988 0.015487
3 3 0.068008 0.088988 0.015487
3 4 0.067606 0.088988 0.015487
3 5 0.068947 0.088988 0.015487
3 6 0.068947 0.088988 0.015487
3 7 0.070288 0.088988 0.015487
3 8 0.073910 0.088988 0.015487
3 9 0.078203 0.088988 0.015487
3 10 0.084239 0.088988 0.015487
3 11 0.088665 0.088988 0.015487
3 12 0.092555 0.088988 0.015487
3 13 0.096982 0.088988 0.015487
3 14 0.103286 0.088988 0.015487
3 15 0.105433 0.088988 0.015487
3 16 0.106237 0.088988 0.015487
3 17 0.107445 0.088988 0.015487
3 18 0.104628 0.088988 0.015487
3 19 0.101408 0.088988 0.015487
3 20 0.098994 0.088988 0.015487
4 0 0.065191 0.088988 0.015487
4 1 0.067874 0.088988 0.015487
4 2 0.068813 0.088988 0.015487
4 3 0.068410 0.088988 0.015487
4 4 0.069081 0.088988 0.015487
4 5 0.073105 0.088988 0.015487
4 6 0.069215 0.088988 0.015487
4 7 0.070288 0.088988 0.015487
4 8 0.074715 0.088988 0.015487
4 9 0.079410 0.088988 0.015487
4 10 0.085178 0.088988 0.015487
4 11 0.089470 0.088988 0.015487
4 12 0.093092 0.088988 0.015487
4 13 0.095238 0.088988 0.015487
4 14 0.100604 0.088988 0.015487
4 15 0.104225 0.088988 0.015487
4 16 0.105433 0.088988 0.015487
4 17 0.107579 0.088988 0.015487
4 18 0.105298 0.088988 0.015487
4 19 0.101274 0.088988 0.015487
4 20 0.096982 0.088988 0.015487
5 0 0.068276 0.088988 0.015487
5 1 0.070423 0.088988 0.015487
5 2 0.070825 0.088988 0.015487
5 3 0.070423 0.088988 0.015487
5 4 0.073105 0.088988 0.015487
5 5 0.075252 0.088988 0.015487
5 6 0.074044 0.088988 0.015487
5 7 0.076995 0.088988 0.015487
5 8 0.081154 0.088988 0.015487
5 9 0.084641 0.088988 0.015487
5 10 0.090007 0.088988 0.015487
5 11 0.092958 0.088988 0.015487
5 12 0.097653 0.088988 0.015487
5 13 0.098994 0.088988 0.015487
5 14 0.100201 0.088988 0.015487
5 15 0.104225 0.088988 0.015487
5 16 0.107981 0.088988 0.015487
5 17 0.107981 0.088988 0.015487
5 18 0.104628 0.088988 0.015487
5 19 0.099799 0.088988 0.015487
5 20 0.095775 0.088988 0.015487
6 0 0.070020 0.088988 0.015487
6 1 0.073776 0.088988 0.015487
6 2 0.071362 0.088988 0.015487
6 3 0.073642 0.088988 0.015487
6 4 0.074447 0.088988 0.015487
6 5 0.079678 0.088988 0.015487
6 6 0.079812 0.088988 0.015487
6 7 0.082093 0.088988 0.015487
6 8 0.083970 0.088988 0.015487
6 9 0.087190 0.088988 0.015487
6 10 0.091885 0.088988 0.015487
6 11 0.096714 0.088988 0.015487
6 12 0.096311 0.088988 0.015487
6 13 0.097653 0.088988 0.015487
6 14 0.098592 0.088988 0.015487
6 15 0.102079 0.088988 0.015487
6 16 0.101408 0.088988 0.015487
6 17 0.103152 0.088988 0.015487
6 18 0.101811 0.088988 0.015487
6 19 0.094970 0.088988 0.015487
6 20 0.092555 0.088988 0.015487
7 0 0.071227 0.088988 0.015487
7 1 0.072703 0.088988 0.015487
7 2 0.074983 0.088988 0.015487
7 3 0.077264 0.088988 0.015487
7 4 0.079946 0.088988 0.015487
7 5 0.079276 0.088988 0.015487
7 6 0.082763 0.088988 0.015487
7 7 0.084641 0.088988 0.015487
7 8 0.087324 0.088988 0.015487
7 9 0.090007 0.088988 0.015487
7 10 0.092824 0.088988 0.015487
7 11 0.097518 0.088988 0.015487
7 12 0.098323 0.088988 0.015487
7 13 0.098323 0.088988 0.015487
7 14 0.098189 0.088988 0.015487
7 15 0.098994 0.088988 0.015487
7 16 0.100604 0.088988 0.015487
7 17 0.102347 0.088988 0.015487
7 18 0.099665 0.088988 0.015487
7 19 0.092153 0.088988 0.015487
7 20 0.089202 0.088988 0.015487
8 0 0.070423 0.088988 0.015487
8 1 0.073508 0.088988 0.015487
8 2 0.074715 0.088988 0.015487
8 3 0.079007 0.088988 0.015487
8 4 0.080751 0.088988 0.015487
8 5 0.084909 0.088988 0.015487
8 6 0.086117 0.088988 0.015487
8 7 0.087458 0.088988 0.015487
8 8 0.092153 0.088988 0.015487
8 9 0.094970 0.088988 0.015487
8 10 0.097384 0.088988 0.015487
8 11 0.102616 0.088988 0.015487
8 12 0.101677 0.088988 0.015487
8 13 0.101543 0.088988 0.015487
8 14 0.099799 0.088988 0.015487
8 15 0.100335 0.088988 0.015487
8 16 0.097921 0.088988 0.015487
8 17 0.099262 0.088988 0.015487
8 18 0.098457 0.088988 0.015487
8 19 0.091616 0.088988 0.015487
8 20 0.087860 0.088988 0.015487
9 0 0.072971 0.088988 0.015487
9 1 0.072971 0.088988 0.015487
9 2 0.075788 0.088988 0.015487
9 3 0.081154 0.088988 0.015487
9 4 0.084507 0.088988 0.015487
9 5 0.085178 0.088988 0.015487
9 6 0.088799 0.088988 0.015487
9 7 0.090007 0.088988 0.015487
9 8 0.094567 0.088988 0.015487
9 9 0.097518 0.088988 0.015487
9 10 0.100738 0.088988 0.015487
9 11 0.103555 0.088988 0.015487
9 12 0.104896 0.088988 0.015487
9 13 0.104359 0.088988 0.015487
9 14 0.100738 0.088988 0.015487
9 15 0.100738 0.088988 0.015487
9 16 0.099799 0.088988 0.015487
9 17 0.099396 0.088988 0.015487
9 18 0.096714 0.088988 0.015487
9 19 0.090409 0.088988 0.015487
9 20 0.083568 0.088988 0.015487
10 0 0.078203 0.088988 0.015487
10 1 0.079544 0.088988 0.015487
10 2 0.081958 0.088988 0.015487
10 3 0.085580 0.088988 0.015487
10 4 0.088263 0.088988 0.015487
10 5 0.090677 0.088988 0.015487
10 6 0.092958 0.088988 0.015487
10 7 0.095506 0.088988 0.015487
10 8 0.096445 0.088988 0.015487
10 9 0.099799 0.088988 0.015487
10 10 0.105164 0.088988 0.015487
10 11 0.108115 0.088988 0.015487
10 12 0.107713 0.088988 0.015487
10 13 0.107579 0.088988 0.015487
10 14 0.104225 0.088988 0.015487
10 15 0.103689 0.088988 0.015487
10 16 0.103018 0.088988 0.015487
10 17 0.099933 0.088988 0.015487
10 18 0.095238 0.088988 0.015487
10 19 0.085580 0.088988 0.015487
10 20 0.079678 0.088988 0.015487
11 0 0.081019 0.088988 0.015487
11 1 0.084775 0.088988 0.015487
11 2 0.086251 0.088988 0.015487
11 3 0.089336 0.088988 0.015487
11 4 0.089738 0.088988 0.015487
11 5 0.092958 0.088988 0.015487
11 6 0.096714 0.088988 0.015487
11 7 0.098457 0.088988 0.015487
11 8 0.100201 0.088988 0.015487
11 9 0.101543 0.088988 0.015487
11 10 0.105835 0.088988 0.015487
11 11 0.111335 0.088988 0.015487
11 12 0.109725 0.088988 0.015487
11 13 0.109457 0.088988 0.015487
11 14 0.106103 0.088988 0.015487
11 15 0.104225 0.088988 0.015487
11 16 0.102347 0.088988 0.015487
11 17 0.099933 0.088988 0.015487
11 18 0.094702 0.088988 0.015487
11 19 0.086251 0.088988 0.015487
11 20 0.079544 0.088988 0.015487
12 0 0.085178 0.088988 0.015487
12 1 0.088531 0.088988 0.015487
12 2 0.091214 0.088988 0.015487
12 3 0.091482 0.088988 0.015487
12 4 0.092019 0.088988 0.015487
12 5 0.093763 0.088988 0.015487
12 6 0.097921 0.088988 0.015487
12 7 0.102884 0.088988 0.015487
12 8 0.103286 0.088988 0.015487
12 9 0.102750 0.088988 0.015487
12 10 0.108115 0.088988 0.015487
12 11 0.112005 0.088988 0.015487
12 12 0.112408 0.088988 0.015487
12 13 0.112542 0.088988 0.015487
12 14 0.109457 0.088988 0.015487
12 15 0.105701 0.088988 0.015487
12 16 0.101945 0.088988 0.015487
12 17 0.097787 0.088988 0.015487
12 18 0.090007 0.088988 0.015487
12 19 0.083166 0.088988 0.015487
12 20 0.077532 0.088988 0.015487
13 0 0.090275 0.088988 0.015487
13 1 0.095372 0.088988 0.015487
13 2 0.096848 0.088988 0.015487
13 3 0.095641 0.088988 0.015487
13 4 0.097384 0.088988 0.015487
13 5 0.098055 0.088988 0.015487
13 6 0.099262 0.088988 0.015487
13 7 0.103286 0.088988 0.015487
13 8 0.105835 0.088988 0.015487
13 9 0.103823 0.088988 0.015487
13 10 0.107713 0.088988 0.015487
13 11 0.108249 0.088988 0.015487
13 12 0.110798 0.088988 0.015487
13 13 0.110262 0.088988 0.015487
13 14 0.108786 0.088988 0.015487
13 15 0.104628 0.088988 0.015487
13 16 0.098055 0.088988 0.015487
13 17 0.089604 0.088988 0.015487
13 18 0.081422 0.088988 0.015487
13 19 0.075386 0.088988 0.015487
13 20 0.070020 0.088988 0.015487
14 0 0.095104 0.088988 0.015487
14 1 0.100604 0.088988 0.015487
14 2 0.101677 0.088988 0.015487
14 3 0.098457 0.088988 0.015487
14 4 0.099799 0.088988 0.015487
14 5 0.100872 0.088988 0.015487
14 6 0.101140 0.088988 0.015487
14 7 0.103957 0.088988 0.015487
14 8 0.103823 0.088988 0.015487
14 9 0.105030 0.088988 0.015487
14 10 0.108518 0.088988 0.015487
14 11 0.107847 0.088988 0.015487
14 12 0.106103 0.088988 0.015487
14 13 0.107713 0.088988 0.015487
14 14 0.105030 0.088988 0.015487
14 15 0.100335 0.088988 0.015487
14 16 0.091885 0.088988 0.015487
14 17 0.084507 0.088988 0.015487
14 18 0.074849 0.088988 0.015487
14 19 0.067203 0.088988 0.015487
14 20 0.063045 0.088988 0.015487
15 0 0.100335 0.088988 0.015487
15 1 0.103957 0.088988 0.015487
15 2 0.103823 0.088988 0.015487
15 3 0.104494 0.088988 0.015487
15 4 0.102482 0.088988 0.015487
15 5 0.099396 0.088988 0.015487
15 6 0.100604 0.088988 0.015487
15 7 0.101945 0.088988 0.015487
15 8 0.103018 0.088988 0.015487
15 9 0.104896 0.088988 0.015487
15 10 0.106372 0.088988 0.015487
15 11 0.103286 0.088988 0.015487
15 12 0.104628 0.088988 0.015487
15 13 0.102750 0.088988 0.015487
15 14 0.099531 0.088988 0.015487
15 15 0.095372 0.088988 0.015487
15 16 0.086653 0.088988 0.015487
15 17 0.077934 0.088988 0.015487
15 18 0.067337 0.088988 0.015487
15 19 0.062374 0.088988 0.015487
15 20 0.055399 0.088988 0.015487
16 0 0.099665 0.088988 0.015487
16 1 0.103823 0.088988 0.015487
16 2 0.103823 0.088988 0.015487
16 3 0.106774 0.088988 0.015487
16 4 0.104225 0.088988 0.015487
16 5 0.102884 0.088988 0.015487
16 6 0.099933 0.088988 0.015487
16 7 0.100872 0.088988 0.015487
16 8 0.100738 0.088988 0.015487
16 9 0.102884 0.088988 0.015487
16 10 0.103286 0.088988 0.015487
16 11 0.100738 0.088988 0.015487
16 12 0.100604 0.088988 0.015487
16 13 0.098055 0.088988 0.015487
16 14 0.091616 0.088988 0.015487
16 15 0.085714 0.088988 0.015487
16 16 0.080751 0.088988 0.015487
16 17 0.072569 0.088988 0.015487
16 18 0.061301 0.088988 0.015487
16 19 0.057679 0.088988 0.015487
16 20 0.050973 0.088988 0.015487
17 0 0.101140 0.088988 0.015487
17 1 0.104225 0.088988 0.015487
17 2 0.104225 0.088988 0.015487
17 3 0.107445 0.088988 0.015487
17 4 0.106506 0.088988 0.015487
17 5 0.104359 0.088988 0.015487
17 6 0.102482 0.088988 0.015487
17 7 0.101006 0.088988 0.015487
17 8 0.098055 0.088988 0.015487
17 9 0.097921 0.088988 0.015487
17 10 0.099531 0.088988 0.015487
17 11 0.096177 0.088988 0.015487
17 12 0.095775 0.088988 0.015487
17 13 0.093494 0.088988 0.015487
17 14 0.086653 0.088988 0.015487
17 15 0.081556 0.088988 0.015487
17 16 0.073508 0.088988 0.015487
17 17 0.064655 0.088988 0.015487
17 18 0.057545 0.088988 0.015487
17 19 0.053387 0.088988 0.015487
17 20 0.047753 0.088988 0.015487
18 0 0.100469 0.088988 0.015487
18 1 0.103421 0.088988 0.015487
18 2 0.102884 0.088988 0.015487
18 3 0.102884 0.088988 0.015487
18 4 0.103421 0.088988 0.015487
18 5 0.104091 0.088988 0.015487
18 6 0.098055 0.088988 0.015487
18 7 0.095909 0.088988 0.015487
18 8 0.092958 0.088988 0.015487
18 9 0.095909 0.088988 0.015487
18 10 0.094299 0.088988 0.015487
18 11 0.092555 0.088988 0.015487
18 12 0.091348 0.088988 0.015487
18 13 0.088665 0.088988 0.015487
18 14 0.081690 0.088988 0.015487
18 15 0.074044 0.088988 0.015487
18 16 0.066935 0.088988 0.015487
18 17 0.059423 0.088988 0.015487
18 18 0.051911 0.088988 0.015487
18 19 0.047217 0.088988 0.015487
18 20 0.042656 0.088988 0.015487
19 0 0.095909 0.088988 0.015487
19 1 0.098860 0.088988 0.015487
19 2 0.100469 0.088988 0.015487
19 3 0.102616 0.088988 0.015487
19 4 0.101274 0.088988 0.015487
19 5 0.097116 0.088988 0.015487
19 6 0.093763 0.088988 0.015487
19 7 0.092019 0.088988 0.015487
19 8 0.089068 0.088988 0.015487
19 9 0.087726 0.088988 0.015487
19 10 0.087995 0.088988 0.015487
19 11 0.085714 0.088988 0.015487
19 12 0.085044 0.088988 0.015487
19 13 0.080215 0.088988 0.015487
19 14 0.076325 0.088988 0.015487
19 15 0.068679 0.088988 0.015487
19 16 0.060228 0.088988 0.015487
19 17 0.053521 0.088988 0.015487
19 18 0.047485 0.088988 0.015487
19 19 0.041717 0.088988 0.015487
19 20 0.038766 0.088988 0.015487
20 0 0.094970 0.088988 0.015487
20 1 0.097116 0.088988 0.015487
20 2 0.098055 0.088988 0.015487
20 3 0.097116 0.088988 0.015487
20 4 0.094433 0.088988 0.015487
20 5 0.090409 0.088988 0.015487
20 6 0.087458 0.088988 0.015487
20 7 0.084507 0.088988 0.015487
20 8 0.082763 0.088988 0.015487
20 9 0.079142 0.088988 0.015487
20 10 0.079812 0.088988 0.015487
20 11 0.079812 0.088988 0.015487
20 12 0.079410 0.088988 0.015487
20 13 0.076190 0.088988 0.015487
20 14 0.071227 0.088988 0.015487
20 15 0.063581 0.088988 0.015487
20 16 0.055667 0.088988 0.015487
20 17 0.050436 0.088988 0.015487
20 18 0.043997 0.088988 0.015487
20 19 0.041046 0.088988 0.015487
20 20 0.037961 0.088988 0.015487
