# contact distance = 20.0 Angstroms
# F = 0.4 kJ/mol

# i j contact_probability mean_contact_probability stddev_contact_probability
0 0 0.067943 0.097712 0.018389
0 1 0.070966 0.097712 0.018389
0 2 0.074277 0.097712 0.018389
0 3 0.072261 0.097712 0.018389
0 4 0.067943 0.097712 0.018389
0 5 0.068951 0.097712 0.018389
0 6 0.068951 0.097712 0.018389
0 7 0.069382 0.097712 0.018389
0 8 0.074709 0.097712 0.018389
0 9 0.076148 0.097712 0.018389
0 10 0.075572 0.097712 0.018389
0 11 0.079171 0.097712 0.018389
0 12 0.083777 0.097712 0.018389
0 13 0.088096 0.097712 0.018389
0 14 0.088240 0.097712 0.018389
0 15 0.091838 0.097712 0.018389
0 16 0.091982 0.097712 0.018389
0 17 0.092702 0.097712 0.018389
0 18 0.091982 0.097712 0.018389
0 19 0.090399 0.097712 0.018389
0 20 0.085217 0.097712 0.018389
1 0 0.069670 0.097712 0.018389
1 1 0.074133 0.097712 0.018389
1 2 0.075716 0.097712 0.018389
1 3 0.074852 0.097712 0.018389
1 4 0.072549 0.097712 0.018389
1 5 0.070390 0.097712 0.018389
1 6 0.075860 0.097712 0.018389
1 7 0.076724 0.097712 0.018389
1 8 0.078163 0.097712 0.018389
1 9 0.081042 0.097712 0.018389
1 10 0.081186 0.097712 0.018389
1 11 0.087376 0.097712 0.018389
1 12 0.088527 0.097712 0.018389
1 13 0.094717 0.097712 0.018389
1 14 0.093997 0.097712 0.018389
1 15 0.097164 0.097712 0.018389
1 16 0.097452 0.097712 0.018389
1 17 0.098172 0.097712 0.018389
1 18 0.098604 0.097712 0.018389
1 19 0.091838 0.097712 0.018389
1 20 0.086800 0.097712 0.018389
2 0 0.070678 0.097712 0.018389
2 1 0.074133 0.097712 0.018389
2 2 0.078163 0.097712 0.018389
2 3 0.078739 0.097712 0.018389
2 4 0.079891 0.097712 0.018389
2 5 0.080322 0.097712 0.018389
2 6 0.081762 0.097712 0.018389
2 7 0.079747 0.097712 0.018389
2 8 0.083201 0.097712 0.018389
2 9 0.085073 0.097712 0.018389
2 10 0.089103 0.097712 0.018389
2 11 0.090687 0.097712 0.018389
2 12 0.096157 0.097712 0.018389
2 13 0.099467 0.097712 0.018389
2 14 0.102202 0.097712 0.018389
2 15 0.102778 0.097712 0.018389
2 16 0.103498 0.097712 0.018389
2 17 0.103066 0.097712 0.018389
2 18 0.101483 0.097712 0.018389
2 19 0.094861 0.097712 0.018389
2 20 0.089967 0.097712 0.018389
3 0 0.071110 0.097712 0.018389
3 1 0.074565 0.097712 0.018389
3 2 0.078163 0.097712 0.018389
3 3 0.080466 0.097712 0.018389
3 4 0.083345 0.097712 0.018389
3 5 0.085792 0.097712 0.018389
3 6 0.084209 0.097712 0.018389
3 7 0.084497 0.097712 0.018389
3 8 0.088383 0.097712 0.018389
3 9 0.088671 0.097712 0.018389
3 10 0.093710 0.097712 0.018389
3 11 0.096876 0.097712 0.018389
3 12 0.100043 0.097712 0.018389
3 13 0.103210 0.097712 0.018389
3 14 0.106953 0.097712 0.018389
3 15 0.109112 0.097712 0.018389
3 16 0.107960 0.097712 0.018389
3 17 0.107241 0.097712 0.018389
3 18 0.104362 0.097712 0.018389
3 19 0.100907 0.097712 0.018389
3 20 0.094861 0.097712 0.018389
4 0 0.068519 0.097712 0.018389
4 1 0.072693 0.097712 0.018389
4 2 0.078451 0.097712 0.018389
4 3 0.081906 0.097712 0.018389
4 4 0.085792 0.097712 0.018389
4 5 0.086080 0.097712 0.018389
4 6 0.086656 0.097712 0.018389
4 7 0.089823 0.097712 0.018389
4 8 0.092990 0.097712 0.018389
4 9 0.093997 0.097712 0.018389
4 10 0.098028 0.097712 0.018389
4 11 0.104218 0.097712 0.018389
4 12 0.108104 0.097712 0.018389
4 13 0.109400 0.097712 0.018389
4 14 0.112711 0.097712 0.018389
4 15 0.112711 0.097712 0.018389
4 16 0.110263 0.097712 0.018389
4 17 0.111127 0.097712 0.018389
4 18 0.106809 0.097712 0.018389
4 19 0.104506 0.097712 0.018389
4 20 0.098028 0.097712 0.018389
5 0 0.069526 0.097712 0.018389
5 1 0.072693 0.097712 0.018389
5 2 0.078307 0.097712 0.018389
5 3 0.083057 0.097712 0.018389
5 4 0.086944 0.097712 0.018389
5 5 0.087664 0.097712 0.018389
5 6 0.091550 0.097712 0.018389
5 7 0.095293 0.097712 0.018389
5 8 0.100331 0.097712 0.018389
5 9 0.100331 0.097712 0.018389
5 10 0.102634 0.097712 0.018389
5 11 0.107097 0.097712 0.018389
5 12 0.113862 0.097712 0.018389
5 13 0.115158 0.097712 0.018389
5 14 0.116453 0.097712 0.018389
5 15 0.113574 0.097712 0.018389
5 16 0.116021 0.097712 0.018389
5 17 0.111703 0.097712 0.018389
5 18 0.106233 0.097712 0.018389
5 19 0.104793 0.097712 0.018389
5 20 0.098460 0.097712 0.018389
6 0 0.069958 0.097712 0.018389
6 1 0.073845 0.097712 0.018389
6 2 0.083057 0.097712 0.018389
6 3 0.085361 0.097712 0.018389
6 4 0.090111 0.097712 0.018389
6 5 0.092126 0.097712 0.018389
6 6 0.095581 0.097712 0.018389
6 7 0.099180 0.097712 0.018389
6 8 0.105225 0.097712 0.018389
6 9 0.104937 0.097712 0.018389
6 10 0.107672 0.097712 0.018389
6 11 0.110263 0.097712 0.018389
6 12 0.114582 0.097712 0.018389
6 13 0.117605 0.097712 0.018389
6 14 0.117317 0.097712 0.018389
6 15 0.117317 0.097712 0.018389
6 16 0.115877 0.097712 0.018389
6 17 0.113718 0.097712 0.018389
6 18 0.107097 0.097712 0.018389
6 19 0.102922 0.097712 0.018389
6 20 0.096588 0.097712 0.018389
7 0 0.071110 0.097712 0.018389
7 1 0.077156 0.097712 0.018389
7 2 0.081618 0.097712 0.018389
7 3 0.087808 0.097712 0.018389
7 4 0.091982 0.097712 0.018389
7 5 0.096013 0.097712 0.018389
7 6 0.100043 0.097712 0.018389
7 7 0.102922 0.097712 0.018389
7 8 0.109112 0.097712 0.018389
7 9 0.111271 0.097712 0.018389
7 10 0.111559 0.097712 0.018389
7 11 0.112711 0.097712 0.018389
7 12 0.116453 0.097712 0.018389
7 13 0.119620 0.097712 0.018389
7 14 0.116597 0.097712 0.018389
7 15 0.116165 0.097712 0.018389
7 16 0.116453 0.097712 0.018389
7 17 0.113430 0.097712 0.018389
7 18 0.107097 0.097712 0.018389
7 19 0.102490 0.097712 0.018389
7 20 0.096013 0.097712 0.018389
8 0 0.072693 0.097712 0.018389
8 1 0.079891 0.097712 0.018389
8 2 0.084641 0.097712 0.018389
8 3 0.088815 0.097712 0.018389
8 4 0.093710 0.097712 0.018389
8 5 0.099899 0.097712 0.018389
8 6 0.104649 0.097712 0.018389
8 7 0.107960 0.097712 0.018389
8 8 0.110695 0.097712 0.018389
8 9 0.114870 0.097712 0.018389
8 10 0.115877 0.097712 0.018389
8 11 0.117461 0.097712 0.018389
8 12 0.121059 0.097712 0.018389
8 13 0.121491 0.097712 0.018389
8 14 0.120772 0.097712 0.018389
8 15 0.117029 0.097712 0.018389
8 16 0.116309 0.097712 0.018389
8 17 0.112711 0.097712 0.018389
8 18 0.108248 0.097712 0.018389
8 19 0.104506 0.097712 0.018389
8 20 0.096157 0.097712 0.018389
9 0 0.075140 0.097712 0.018389
9 1 0.082626 0.097712 0.018389
9 2 0.087952 0.097712 0.018389
9 3 0.092414 0.097712 0.018389
9 4 0.098604 0.097712 0.018389
9 5 0.101627 0.097712 0.018389
9 6 0.108104 0.097712 0.018389
9 7 0.109688 0.097712 0.018389
9 8 0.114582 0.097712 0.018389
9 9 0.116741 0.097712 0.018389
9 10 0.118900 0.097712 0.018389
9 11 0.120340 0.097712 0.018389
9 12 0.122787 0.097712 0.018389
9 13 0.122067 0.097712 0.018389
9 14 0.120340 0.097712 0.018389
9 15 0.118181 0.097712 0.018389
9 16 0.114006 0.097712 0.018389
9 17 0.110263 0.097712 0.018389
9 18 0.104218 0.097712 0.018389
9 19 0.099755 0.097712 0.018389
9 20 0.093566 0.097712 0.018389
10 0 0.079459 0.097712 0.018389
10 1 0.086368 0.097712 0.018389
10 2 0.090687 0.097712 0.018389
10 3 0.097452 0.097712 0.018389
10 4 0.104649 0.097712 0.018389
10 5 0.107672 0.097712 0.018389
10 6 0.109976 0.097712 0.018389
10 7 0.114870 0.097712 0.018389
10 8 0.117029 0.097712 0.018389
10 9 0.115733 0.097712 0.018389
10 10 0.119476 0.097712 0.018389
10 11 0.121203 0.097712 0.018389
10 12 0.125810 0.097712 0.018389
10 13 0.122355 0.097712 0.018389
10 14 0.119476 0.097712 0.018389
10 15 0.117749 0.097712 0.018389
10 16 0.115158 0.097712 0.018389
10 17 0.108536 0.097712 0.018389
10 18 0.102202 0.097712 0.018389
10 19 0.098028 0.097712 0.018389
10 20 0.090543 0.097712 0.018389
11 0 0.083489 0.097712 0.018389
11 1 0.089535 0.097712 0.018389
11 2 0.096013 0.097712 0.018389
11 3 0.102634 0.097712 0.018389
11 4 0.106953 0.097712 0.018389
11 5 0.110263 0.097712 0.018389
11 6 0.114150 0.097712 0.018389
11 7 0.117173 0.097712 0.018389
11 8 0.116453 0.097712 0.018389
11 9 0.119188 0.097712 0.018389
11 10 0.118756 0.097712 0.018389
11 11 0.118037 0.097712 0.018389
11 12 0.122787 0.097712 0.018389
11 13 0.122067 0.097712 0.018389
11 14 0.116741 0.097712 0.018389
11 15 0.115014 0.097712 0.018389
11 16 0.115014 0.097712 0.018389
11 17 0.109832 0.097712 0.018389
11 18 0.100331 0.097712 0.018389
11 19 0.090255 0.097712 0.018389
11 20 0.085073 0.097712 0.018389
12 0 0.089103 0.097712 0.018389
12 1 0.093853 0.097712 0.018389
12 2 0.102346 0.097712 0.018389
12 3 0.108104 0.097712 0.018389
12 4 0.112423 0.097712 0.018389
12 5 0.114582 0.097712 0.018389
12 6 0.118181 0.097712 0.018389
12 7 0.119908 0.097712 0.018389
12 8 0.122355 0.097712 0.018389
12 9 0.119620 0.097712 0.018389
12 10 0.122211 0.097712 0.018389
12 11 0.121203 0.097712 0.018389
12 12 0.123219 0.097712 0.018389
12 13 0.123650 0.097712 0.018389
12 14 0.118612 0.097712 0.018389
12 15 0.112854 0.097712 0.018389
12 16 0.110983 0.097712 0.018389
12 17 0.103498 0.097712 0.018389
12 18 0.094717 0.097712 0.018389
12 19 0.085792 0.097712 0.018389
12 20 0.080322 0.097712 0.018389
13 0 0.090399 0.097712 0.018389
13 1 0.096732 0.097712 0.018389
13 2 0.103930 0.097712 0.018389
13 3 0.110839 0.097712 0.018389
13 4 0.114726 0.097712 0.018389
13 5 0.118037 0.097712 0.018389
13 6 0.122067 0.097712 0.018389
13 7 0.121779 0.097712 0.018389
13 8 0.125378 0.097712 0.018389
13 9 0.123363 0.097712 0.018389
13 10 0.124082 0.097712 0.018389
13 11 0.122355 0.097712 0.018389
13 12 0.124514 0.097712 0.018389
13 13 0.123507 0.097712 0.018389
13 14 0.117605 0.097712 0.018389
13 15 0.109688 0.097712 0.018389
13 16 0.105945 0.097712 0.018389
13 17 0.098028 0.097712 0.018389
13 18 0.088240 0.097712 0.018389
13 19 0.082194 0.097712 0.018389
13 20 0.075572 0.097712 0.018389
14 0 0.093710 0.097712 0.018389
14 1 0.101771 0.097712 0.018389
14 2 0.106665 0.097712 0.018389
14 3 0.111127 0.097712 0.018389
14 4 0.114870 0.097712 0.018389
14 5 0.118900 0.097712 0.018389
14 6 0.120628 0.097712 0.018389
14 7 0.123219 0.097712 0.018389
14 8 0.124658 0.097712 0.018389
14 9 0.123650 0.097712 0.018389
14 10 0.122355 0.097712 0.018389
14 11 0.123650 0.097712 0.018389
14 12 0.124946 0.097712 0.018389
14 13 0.118037 0.097712 0.018389
14 14 0.113142 0.097712 0.018389
14 15 0.104506 0.097712 0.018389
14 16 0.098172 0.097712 0.018389
14 17 0.089823 0.097712 0.018389
14 18 0.082050 0.097712 0.018389
14 19 0.075140 0.097712 0.018389
14 20 0.069958 0.097712 0.018389
15 0 0.098028 0.097712 0.018389
15 1 0.104362 0.097712 0.018389
15 2 0.110119 0.097712 0.018389
15 3 0.115158 0.097712 0.018389
15 4 0.116453 0.097712 0.018389
15 5 0.119476 0.097712 0.018389
15 6 0.121203 0.097712 0.018389
15 7 0.122499 0.097712 0.018389
15 8 0.121203 0.097712 0.018389
15 9 0.123219 0.097712 0.018389
15 10 0.121779 0.097712 0.018389
15 11 0.119188 0.097712 0.018389
15 12 0.118037 0.097712 0.018389
15 13 0.115302 0.097712 0.018389
15 14 0.109400 0.097712 0.018389
15 15 0.098172 0.097712 0.018389
15 16 0.091550 0.097712 0.018389
15 17 0.082913 0.097712 0.018389
15 18 0.075860 0.097712 0.018389
15 19 0.068375 0.097712 0.018389
15 20 0.063625 0.097712 0.018389
16 0 0.099323 0.097712 0.018389
16 1 0.103210 0.097712 0.018389
16 2 0.109256 0.097712 0.018389
16 3 0.117749 0.097712 0.018389
16 4 0.117173 0.097712 0.018389
16 5 0.118756 0.097712 0.018389
16 6 0.119188 0.097712 0.018389
16 7 0.119620 0.097712 0.018389
16 8 0.117749 0.097712 0.018389
16 9 0.117461 0.097712 0.018389
16 10 0.116309 0.097712 0.018389
16 11 0.112998 0.097712 0.018389
16 12 0.112279 0.097712 0.018389
16 13 0.108680 0.097712 0.018389
16 14 0.103498 0.097712 0.018389
16 15 0.092702 0.097712 0.018389
16 16 0.084353 0.097712 0.018389
16 17 0.077875 0.097712 0.018389
16 18 0.068375 0.097712 0.018389
16 19 0.061753 0.097712 0.018389
16 20 0.058586 0.097712 0.018389
17 0 0.097308 0.097712 0.018389
17 1 0.100907 0.097712 0.018389
17 2 0.108392 0.097712 0.018389
17 3 0.112998 0.097712 0.018389
17 4 0.116597 0.097712 0.018389
17 5 0.117317 0.097712 0.018389
17 6 0.114726 0.097712 0.018389
17 7 0.116165 0.097712 0.018389
17 8 0.114870 0.097712 0.018389
17 9 0.112711 0.097712 0.018389
17 10 0.109256 0.097712 0.018389
17 11 0.106089 0.097712 0.018389
17 12 0.105657 0.097712 0.018389
17 13 0.102634 0.097712 0.018389
17 14 0.092846 0.097712 0.018389
17 15 0.083345 0.097712 0.018389
17 16 0.077444 0.097712 0.018389
17 17 0.068519 0.097712 0.018389
17 18 0.059882 0.097712 0.018389
17 19 0.056283 0.097712 0.018389
17 20 0.051389 0.097712 0.018389
18 0 0.094285 0.097712 0.018389
18 1 0.097164 0.097712 0.018389
18 2 0.104506 0.097712 0.018389
18 3 0.106809 0.097712 0.018389
18 4 0.112423 0.097712 0.018389
18 5 0.113430 0.097712 0.018389
18 6 0.112711 0.097712 0.018389
18 7 0.109832 0.097712 0.018389
18 8 0.108536 0.097712 0.018389
18 9 0.103642 0.097712 0.018389
18 10 0.101627 0.097712 0.018389
18 11 0.099899 0.097712 0.018389
18 12 0.096157 0.097712 0.018389
18 13 0.091406 0.097712 0.018389
18 14 0.081474 0.097712 0.018389
18 15 0.075284 0.097712 0.018389
18 16 0.069670 0.097712 0.018389
18 17 0.060458 0.097712 0.018389
18 18 0.053548 0.097712 0.018389
18 19 0.050669 0.097712 0.018389
18 20 0.044911 0.097712 0.018389
19 0 0.091262 0.097712 0.018389
19 1 0.095437 0.097712 0.018389
19 2 0.101627 0.097712 0.018389
19 3 0.102346 0.097712 0.018389
19 4 0.105801 0.097712 0.018389
19 5 0.104649 0.097712 0.018389
19 6 0.105081 0.097712 0.018389
19 7 0.104074 0.097712 0.018389
19 8 0.099755 0.097712 0.018389
19 9 0.096013 0.097712 0.018389
19 10 0.093134 0.097712 0.018389
19 11 0.091550 0.097712 0.018389
19 12 0.086800 0.097712 0.018389
19 13 0.080322 0.097712 0.018389
19 14 0.075284 0.097712 0.018389
19 15 0.068951 0.097712 0.018389
19 16 0.063769 0.097712 0.018389
19 17 0.054556 0.097712 0.018389
19 18 0.048222 0.097712 0.018389
19 19 0.044911 0.097712 0.018389
19 20 0.042320 0.097712 0.018389
20 0 0.086368 0.097712 0.018389
20 1 0.090975 0.097712 0.018389
20 2 0.095581 0.097712 0.018389
20 3 0.098604 0.097712 0.018389
20 4 0.100043 0.097712 0.018389
20 5 0.095005 0.097712 0.018389
20 6 0.096445 0.097712 0.018389
20 7 0.094861 0.097712 0.018389
20 8 0.090975 0.097712 0.018389
20 9 0.087520 0.097712 0.018389
20 10 0.085217 0.097712 0.018389
20 11 0.080898 0.097712 0.018389
20 12 0.076292 0.097712 0.018389
20 13 0.075140 0.097712 0.018389
20 14 0.069239 0.097712 0.018389
20 15 0.062329 0.097712 0.018389
20 16 0.058011 0.097712 0.018389
20 17 0.051101 0.097712 0.018389
20 18 0.047071 0.097712 0.018389
20 19 0.044624 0.097712 0.018389
20 20 0.042033 0.097712 0.018389
