# contact distance = 20.0 Angstroms
# F = 0.4 kJ/mol

# i j contact_probability mean_contact_probability stddev_contact_probability
0 0 0.083548 0.085864 0.017166
0 1 0.084964 0.085864 0.017166
0 2 0.083934 0.085864 0.017166
0 3 0.080973 0.085864 0.017166
0 4 0.076468 0.085864 0.017166
0 5 0.072091 0.085864 0.017166
0 6 0.068615 0.085864 0.017166
0 7 0.070675 0.085864 0.017166
0 8 0.072734 0.085864 0.017166
0 9 0.077626 0.085864 0.017166
0 10 0.082003 0.085864 0.017166
0 11 0.083033 0.085864 0.017166
0 12 0.089212 0.085864 0.017166
0 13 0.094104 0.085864 0.017166
0 14 0.100026 0.085864 0.017166
0 15 0.104403 0.085864 0.017166
0 16 0.105175 0.085864 0.017166
0 17 0.108522 0.085864 0.017166
0 18 0.107492 0.085864 0.017166
0 19 0.100154 0.085864 0.017166
0 20 0.096550 0.085864 0.017166
1 0 0.084449 0.085864 0.017166
1 1 0.088054 0.085864 0.017166
1 2 0.087667 0.085864 0.017166
1 3 0.084578 0.085864 0.017166
1 4 0.078399 0.085864 0.017166
1 5 0.074279 0.085864 0.017166
1 6 0.070675 0.085864 0.017166
1 7 0.071318 0.085864 0.017166
1 8 0.078141 0.085864 0.017166
1 9 0.078785 0.085864 0.017166
1 10 0.084964 0.085864 0.017166
1 11 0.089212 0.085864 0.017166
1 12 0.095134 0.085864 0.017166
1 13 0.102729 0.085864 0.017166
1 14 0.105561 0.085864 0.017166
1 15 0.110324 0.085864 0.017166
1 16 0.111354 0.085864 0.017166
1 17 0.112127 0.085864 0.017166
1 18 0.109166 0.085864 0.017166
1 19 0.104016 0.085864 0.017166
1 20 0.098610 0.085864 0.017166
2 0 0.081102 0.085864 0.017166
2 1 0.085350 0.085864 0.017166
2 2 0.086895 0.085864 0.017166
2 3 0.082775 0.085864 0.017166
2 4 0.076210 0.085864 0.017166
2 5 0.074150 0.085864 0.017166
2 6 0.073764 0.085864 0.017166
2 7 0.076854 0.085864 0.017166
2 8 0.078270 0.085864 0.017166
2 9 0.081359 0.085864 0.017166
2 10 0.085865 0.085864 0.017166
2 11 0.092945 0.085864 0.017166
2 12 0.097194 0.085864 0.017166
2 13 0.104016 0.085864 0.017166
2 14 0.108007 0.085864 0.017166
2 15 0.112899 0.085864 0.017166
2 16 0.113285 0.085864 0.017166
2 17 0.114830 0.085864 0.017166
2 18 0.110582 0.085864 0.017166
2 19 0.105175 0.085864 0.017166
2 20 0.100798 0.085864 0.017166
3 0 0.077626 0.085864 0.017166
3 1 0.082389 0.085864 0.017166
3 2 0.080201 0.085864 0.017166
3 3 0.078785 0.085864 0.017166
3 4 0.073893 0.085864 0.017166
3 5 0.074794 0.085864 0.017166
3 6 0.071189 0.085864 0.017166
3 7 0.075824 0.085864 0.017166
3 8 0.077497 0.085864 0.017166
3 9 0.082775 0.085864 0.017166
3 10 0.091272 0.085864 0.017166
3 11 0.095134 0.085864 0.017166
3 12 0.098867 0.085864 0.017166
3 13 0.104145 0.085864 0.017166
3 14 0.109037 0.085864 0.017166
3 15 0.112255 0.085864 0.017166
3 16 0.114573 0.085864 0.017166
3 17 0.114186 0.085864 0.017166
3 18 0.109809 0.085864 0.017166
3 19 0.103630 0.085864 0.017166
3 20 0.099768 0.085864 0.017166
4 0 0.075695 0.085864 0.017166
4 1 0.079815 0.085864 0.017166
4 2 0.078141 0.085864 0.017166
4 3 0.076339 0.085864 0.017166
4 4 0.074150 0.085864 0.017166
4 5 0.072477 0.085864 0.017166
4 6 0.072348 0.085864 0.017166
4 7 0.074794 0.085864 0.017166
4 8 0.078399 0.085864 0.017166
4 9 0.083162 0.085864 0.017166
4 10 0.088826 0.085864 0.017166
4 11 0.092945 0.085864 0.017166
4 12 0.098867 0.085864 0.017166
4 13 0.103888 0.085864 0.017166
4 14 0.107364 0.085864 0.017166
4 15 0.113028 0.085864 0.017166
4 16 0.112513 0.085864 0.017166
4 17 0.112384 0.085864 0.017166
4 18 0.108651 0.085864 0.017166
4 19 0.103373 0.085864 0.017166
4 20 0.097709 0.085864 0.017166
5 0 0.073120 0.085864 0.017166
5 1 0.077111 0.085864 0.017166
5 2 0.077369 0.085864 0.017166
5 3 0.077626 0.085864 0.017166
5 4 0.074794 0.085864 0.017166
5 5 0.074150 0.085864 0.017166
5 6 0.072219 0.085864 0.017166
5 7 0.077240 0.085864 0.017166
5 8 0.079300 0.085864 0.017166
5 9 0.085994 0.085864 0.017166
5 10 0.092044 0.085864 0.017166
5 11 0.096421 0.085864 0.017166
5 12 0.100154 0.085864 0.017166
5 13 0.102472 0.085864 0.017166
5 14 0.106462 0.085864 0.017166
5 15 0.109423 0.085864 0.017166
5 16 0.108780 0.085864 0.017166
5 17 0.108522 0.085864 0.017166
5 18 0.105947 0.085864 0.017166
5 19 0.101442 0.085864 0.017166
5 20 0.093589 0.085864 0.017166
6 0 0.070932 0.085864 0.017166
6 1 0.073635 0.085864 0.017166
6 2 0.077626 0.085864 0.017166
6 3 0.076596 0.085864 0.017166
6 4 0.073507 0.085864 0.017166
6 5 0.074279 0.085864 0.017166
6 6 0.073120 0.085864 0.017166
6 7 0.073893 0.085864 0.017166
6 8 0.078656 0.085864 0.017166
6 9 0.084964 0.085864 0.017166
6 10 0.088697 0.085864 0.017166
6 11 0.093332 0.085864 0.017166
6 12 0.096164 0.085864 0.017166
6 13 0.100541 0.085864 0.017166
6 14 0.101957 0.085864 0.017166
6 15 0.106076 0.085864 0.017166
6 16 0.104660 0.085864 0.017166
6 17 0.101957 0.085864 0.017166
6 18 0.100154 0.085864 0.017166
6 19 0.093975 0.085864 0.017166
6 20 0.086509 0.085864 0.017166
7 0 0.069258 0.085864 0.017166
7 1 0.071962 0.085864 0.017166
7 2 0.078012 0.085864 0.017166
7 3 0.077884 0.085864 0.017166
7 4 0.075438 0.085864 0.017166
7 5 0.079171 0.085864 0.017166
7 6 0.075051 0.085864 0.017166
7 7 0.078141 0.085864 0.017166
7 8 0.079557 0.085864 0.017166
7 9 0.084192 0.085864 0.017166
7 10 0.092044 0.085864 0.017166
7 11 0.092302 0.085864 0.017166
7 12 0.095778 0.085864 0.017166
7 13 0.096421 0.085864 0.017166
7 14 0.098223 0.085864 0.017166
7 15 0.102600 0.085864 0.017166
7 16 0.101442 0.085864 0.017166
7 17 0.097837 0.085864 0.017166
7 18 0.094361 0.085864 0.017166
7 19 0.089727 0.085864 0.017166
7 20 0.083934 0.085864 0.017166
8 0 0.069516 0.085864 0.017166
8 1 0.072219 0.085864 0.017166
8 2 0.074537 0.085864 0.017166
8 3 0.076725 0.085864 0.017166
8 4 0.078913 0.085864 0.017166
8 5 0.080072 0.085864 0.017166
8 6 0.077884 0.085864 0.017166
8 7 0.079300 0.085864 0.017166
8 8 0.080716 0.085864 0.017166
8 9 0.084835 0.085864 0.017166
8 10 0.089212 0.085864 0.017166
8 11 0.094104 0.085864 0.017166
8 12 0.096550 0.085864 0.017166
8 13 0.096421 0.085864 0.017166
8 14 0.096807 0.085864 0.017166
8 15 0.099768 0.085864 0.017166
8 16 0.097322 0.085864 0.017166
8 17 0.092945 0.085864 0.017166
8 18 0.087410 0.085864 0.017166
8 19 0.081746 0.085864 0.017166
8 20 0.077755 0.085864 0.017166
9 0 0.070288 0.085864 0.017166
9 1 0.076468 0.085864 0.017166
9 2 0.079042 0.085864 0.017166
9 3 0.081102 0.085864 0.017166
9 4 0.082775 0.085864 0.017166
9 5 0.081617 0.085864 0.017166
9 6 0.081488 0.085864 0.017166
9 7 0.082904 0.085864 0.017166
9 8 0.082003 0.085864 0.017166
9 9 0.084063 0.085864 0.017166
9 10 0.088826 0.085864 0.017166
9 11 0.092302 0.085864 0.017166
9 12 0.097451 0.085864 0.017166
9 13 0.096936 0.085864 0.017166
9 14 0.097966 0.085864 0.017166
9 15 0.098481 0.085864 0.017166
9 16 0.091529 0.085864 0.017166
9 17 0.089985 0.085864 0.017166
9 18 0.085736 0.085864 0.017166
9 19 0.079686 0.085864 0.017166
9 20 0.073507 0.085864 0.017166
10 0 0.075180 0.085864 0.017166
10 1 0.082518 0.085864 0.017166
10 2 0.085736 0.085864 0.017166
10 3 0.087281 0.085864 0.017166
10 4 0.087796 0.085864 0.017166
10 5 0.087152 0.085864 0.017166
10 6 0.085093 0.085864 0.017166
10 7 0.085736 0.085864 0.017166
10 8 0.085221 0.085864 0.017166
10 9 0.088955 0.085864 0.017166
10 10 0.091658 0.085864 0.017166
10 11 0.094876 0.085864 0.017166
10 12 0.097322 0.085864 0.017166
10 13 0.095134 0.085864 0.017166
10 14 0.096679 0.085864 0.017166
10 15 0.096936 0.085864 0.017166
10 16 0.093332 0.085864 0.017166
10 17 0.088826 0.085864 0.017166
10 18 0.083805 0.085864 0.017166
10 19 0.077755 0.085864 0.017166
10 20 0.069645 0.085864 0.017166
11 0 0.080844 0.085864 0.017166
11 1 0.088568 0.085864 0.017166
11 2 0.092430 0.085864 0.017166
11 3 0.095263 0.085864 0.017166
11 4 0.092173 0.085864 0.017166
11 5 0.090886 0.085864 0.017166
11 6 0.088182 0.085864 0.017166
11 7 0.089083 0.085864 0.017166
11 8 0.090886 0.085864 0.017166
11 9 0.092817 0.085864 0.017166
11 10 0.094490 0.085864 0.017166
11 11 0.097322 0.085864 0.017166
11 12 0.097194 0.085864 0.017166
11 13 0.095005 0.085864 0.017166
11 14 0.095391 0.085864 0.017166
11 15 0.097194 0.085864 0.017166
11 16 0.093332 0.085864 0.017166
11 17 0.089212 0.085864 0.017166
11 18 0.082132 0.085864 0.017166
11 19 0.075309 0.085864 0.017166
11 20 0.069258 0.085864 0.017166
12 0 0.084706 0.085864 0.017166
12 1 0.094233 0.085864 0.017166
12 2 0.099125 0.085864 0.017166
12 3 0.100927 0.085864 0.017166
12 4 0.098610 0.085864 0.017166
12 5 0.094490 0.085864 0.017166
12 6 0.092044 0.085864 0.017166
12 7 0.091143 0.085864 0.017166
12 8 0.092044 0.085864 0.017166
12 9 0.094490 0.085864 0.017166
12 10 0.096807 0.085864 0.017166
12 11 0.097451 0.085864 0.017166
12 12 0.095778 0.085864 0.017166
12 13 0.095263 0.085864 0.017166
12 14 0.095778 0.085864 0.017166
12 15 0.093718 0.085864 0.017166
12 16 0.089727 0.085864 0.017166
12 17 0.085736 0.085864 0.017166
12 18 0.079557 0.085864 0.017166
12 19 0.071962 0.085864 0.017166
12 20 0.063852 0.085864 0.017166
13 0 0.089212 0.085864 0.017166
13 1 0.099640 0.085864 0.017166
13 2 0.105304 0.085864 0.017166
13 3 0.109166 0.085864 0.017166
13 4 0.105433 0.085864 0.017166
13 5 0.102858 0.085864 0.017166
13 6 0.097194 0.085864 0.017166
13 7 0.097451 0.085864 0.017166
13 8 0.097194 0.085864 0.017166
13 9 0.096421 0.085864 0.017166
13 10 0.095263 0.085864 0.017166
13 11 0.092817 0.085864 0.017166
13 12 0.092559 0.085864 0.017166
13 13 0.093332 0.085864 0.017166
13 14 0.091658 0.085864 0.017166
13 15 0.088311 0.085864 0.017166
13 16 0.084320 0.085864 0.017166
13 17 0.080844 0.085864 0.017166
13 18 0.074150 0.085864 0.017166
13 19 0.068229 0.085864 0.017166
13 20 0.062178 0.085864 0.017166
14 0 0.095134 0.085864 0.017166
14 1 0.102858 0.085864 0.017166
14 2 0.109037 0.085864 0.017166
14 3 0.111226 0.085864 0.017166
14 4 0.106591 0.085864 0.017166
14 5 0.105819 0.085864 0.017166
14 6 0.104145 0.085864 0.017166
14 7 0.099897 0.085864 0.017166
14 8 0.098610 0.085864 0.017166
14 9 0.096035 0.085864 0.017166
14 10 0.093074 0.085864 0.017166
14 11 0.091272 0.085864 0.017166
14 12 0.090242 0.085864 0.017166
14 13 0.091272 0.085864 0.017166
14 14 0.086766 0.085864 0.017166
14 15 0.082132 0.085864 0.017166
14 16 0.076596 0.085864 0.017166
14 17 0.074150 0.085864 0.017166
14 18 0.068744 0.085864 0.017166
14 19 0.061020 0.085864 0.017166
14 20 0.055870 0.085864 0.017166
15 0 0.100412 0.085864 0.017166
15 1 0.105819 0.085864 0.017166
15 2 0.111740 0.085864 0.017166
15 3 0.111740 0.085864 0.017166
15 4 0.110196 0.085864 0.017166
15 5 0.109295 0.085864 0.017166
15 6 0.104789 0.085864 0.017166
15 7 0.101828 0.085864 0.017166
15 8 0.098095 0.085864 0.017166
15 9 0.094748 0.085864 0.017166
15 10 0.091658 0.085864 0.017166
15 11 0.090113 0.085864 0.017166
15 12 0.088826 0.085864 0.017166
15 13 0.085994 0.085864 0.017166
15 14 0.083677 0.085864 0.017166
15 15 0.079171 0.085864 0.017166
15 16 0.072734 0.085864 0.017166
15 17 0.066555 0.085864 0.017166
15 18 0.061406 0.085864 0.017166
15 19 0.054197 0.085864 0.017166
15 20 0.050721 0.085864 0.017166
16 0 0.099897 0.085864 0.017166
16 1 0.106849 0.085864 0.017166
16 2 0.108522 0.085864 0.017166
16 3 0.109423 0.085864 0.017166
16 4 0.109681 0.085864 0.017166
16 5 0.107621 0.085864 0.017166
16 6 0.103115 0.085864 0.017166
16 7 0.100412 0.085864 0.017166
16 8 0.093460 0.085864 0.017166
16 9 0.090757 0.085864 0.017166
16 10 0.088182 0.085864 0.017166
16 11 0.086637 0.085864 0.017166
16 12 0.083548 0.085864 0.017166
16 13 0.080072 0.085864 0.017166
16 14 0.074923 0.085864 0.017166
16 15 0.069645 0.085864 0.017166
16 16 0.061535 0.085864 0.017166
16 17 0.057286 0.085864 0.017166
16 18 0.051622 0.085864 0.017166
16 19 0.047503 0.085864 0.017166
16 20 0.044156 0.085864 0.017166
17 0 0.099897 0.085864 0.017166
17 1 0.104145 0.085864 0.017166
17 2 0.106462 0.085864 0.017166
17 3 0.107878 0.085864 0.017166
17 4 0.107235 0.085864 0.017166
17 5 0.105947 0.085864 0.017166
17 6 0.102858 0.085864 0.017166
17 7 0.098481 0.085864 0.017166
17 8 0.093460 0.085864 0.017166
17 9 0.091143 0.085864 0.017166
17 10 0.084449 0.085864 0.017166
17 11 0.079557 0.085864 0.017166
17 12 0.078141 0.085864 0.017166
17 13 0.074923 0.085864 0.017166
17 14 0.067327 0.085864 0.017166
17 15 0.058187 0.085864 0.017166
17 16 0.053038 0.085864 0.017166
17 17 0.051236 0.085864 0.017166
17 18 0.044027 0.085864 0.017166
17 19 0.041195 0.085864 0.017166
17 20 0.040165 0.085864 0.017166
18 0 0.097194 0.085864 0.017166
18 1 0.099768 0.085864 0.017166
18 2 0.103759 0.085864 0.017166
18 3 0.104274 0.085864 0.017166
18 4 0.103888 0.085864 0.017166
18 5 0.101442 0.085864 0.017166
18 6 0.097065 0.085864 0.017166
18 7 0.093074 0.085864 0.017166
18 8 0.087667 0.085864 0.017166
18 9 0.083162 0.085864 0.017166
18 10 0.078270 0.085864 0.017166
18 11 0.074537 0.085864 0.017166
18 12 0.072219 0.085864 0.017166
18 13 0.065525 0.085864 0.017166
18 14 0.059604 0.085864 0.017166
18 15 0.052394 0.085864 0.017166
18 16 0.043898 0.085864 0.017166
18 17 0.042225 0.085864 0.017166
18 18 0.037848 0.085864 0.017166
18 19 0.036045 0.085864 0.017166
18 20 0.037333 0.085864 0.017166
19 0 0.091401 0.085864 0.017166
19 1 0.096679 0.085864 0.017166
19 2 0.098352 0.085864 0.017166
19 3 0.098223 0.085864 0.017166
19 4 0.101056 0.085864 0.017166
19 5 0.096679 0.085864 0.017166
19 6 0.091916 0.085864 0.017166
19 7 0.088054 0.085864 0.017166
19 8 0.080587 0.085864 0.017166
19 9 0.076210 0.085864 0.017166
19 10 0.070417 0.085864 0.017166
19 11 0.066813 0.085864 0.017166
19 12 0.065525 0.085864 0.017166
19 13 0.059861 0.085864 0.017166
19 14 0.053424 0.085864 0.017166
19 15 0.048018 0.085864 0.017166
19 16 0.041323 0.085864 0.017166
19 17 0.040036 0.085864 0.017166
19 18 0.036818 0.085864 0.017166
19 19 0.035273 0.085864 0.017166
19 20 0.036946 0.085864 0.017166
20 0 0.088440 0.085864 0.017166
20 1 0.093203 0.085864 0.017166
20 2 0.095391 0.085864 0.017166
20 3 0.093074 0.085864 0.017166
20 4 0.093718 0.085864 0.017166
20 5 0.089856 0.085864 0.017166
20 6 0.085865 0.085864 0.017166
20 7 0.079686 0.085864 0.017166
20 8 0.074794 0.085864 0.017166
20 9 0.068100 0.085864 0.017166
20 10 0.063723 0.085864 0.017166
20 11 0.060633 0.085864 0.017166
20 12 0.057544 0.085864 0.017166
20 13 0.054068 0.085864 0.017166
20 14 0.050850 0.085864 0.017166
20 15 0.045443 0.085864 0.017166
20 16 0.040036 0.085864 0.017166
20 17 0.036174 0.085864 0.017166
20 18 0.034887 0.085864 0.017166
20 19 0.034372 0.085864 0.017166
20 20 0.033728 0.085864 0.017166
