# contact distance = 20.0 Angstroms
# F = 0.4 kJ/mol

# i j contact_probability mean_contact_probability stddev_contact_probability
0 0 0.052721 0.096247 0.020744
0 1 0.055816 0.096247 0.020744
0 2 0.057524 0.096247 0.020744
0 3 0.059445 0.096247 0.020744
0 4 0.064034 0.096247 0.020744
0 5 0.062540 0.096247 0.020744
0 6 0.065101 0.096247 0.020744
0 7 0.067556 0.096247 0.020744
0 8 0.073212 0.096247 0.020744
0 9 0.079296 0.096247 0.020744
0 10 0.086980 0.096247 0.020744
0 11 0.092743 0.096247 0.020744
0 12 0.101494 0.096247 0.020744
0 13 0.106617 0.096247 0.020744
0 14 0.116329 0.096247 0.020744
0 15 0.120171 0.096247 0.020744
0 16 0.122839 0.096247 0.020744
0 17 0.123159 0.096247 0.020744
0 18 0.123052 0.096247 0.020744
0 19 0.120598 0.096247 0.020744
0 20 0.114514 0.096247 0.020744
1 0 0.057737 0.096247 0.020744
1 1 0.057951 0.096247 0.020744
1 2 0.061259 0.096247 0.020744
1 3 0.063927 0.096247 0.020744
1 4 0.065422 0.096247 0.020744
1 5 0.064674 0.096247 0.020744
1 6 0.067343 0.096247 0.020744
1 7 0.070971 0.096247 0.020744
1 8 0.076307 0.096247 0.020744
1 9 0.084845 0.096247 0.020744
1 10 0.092956 0.096247 0.020744
1 11 0.100000 0.096247 0.020744
1 12 0.106083 0.096247 0.020744
1 13 0.115155 0.096247 0.020744
1 14 0.121772 0.096247 0.020744
1 15 0.125507 0.096247 0.020744
1 16 0.126467 0.096247 0.020744
1 17 0.126467 0.096247 0.020744
1 18 0.126574 0.096247 0.020744
1 19 0.124440 0.096247 0.020744
1 20 0.118036 0.096247 0.020744
2 0 0.060619 0.096247 0.020744
2 1 0.062433 0.096247 0.020744
2 2 0.064354 0.096247 0.020744
2 3 0.062647 0.096247 0.020744
2 4 0.068196 0.096247 0.020744
2 5 0.064568 0.096247 0.020744
2 6 0.068090 0.096247 0.020744
2 7 0.073212 0.096247 0.020744
2 8 0.079082 0.096247 0.020744
2 9 0.088901 0.096247 0.020744
2 10 0.096371 0.096247 0.020744
2 11 0.102028 0.096247 0.020744
2 12 0.110566 0.096247 0.020744
2 13 0.117182 0.096247 0.020744
2 14 0.125720 0.096247 0.020744
2 15 0.127428 0.096247 0.020744
2 16 0.129029 0.096247 0.020744
2 17 0.127641 0.096247 0.020744
2 18 0.126681 0.096247 0.020744
2 19 0.125934 0.096247 0.020744
2 20 0.120598 0.096247 0.020744
3 0 0.062753 0.096247 0.020744
3 1 0.063287 0.096247 0.020744
3 2 0.066062 0.096247 0.020744
3 3 0.064354 0.096247 0.020744
3 4 0.066702 0.096247 0.020744
3 5 0.065528 0.096247 0.020744
3 6 0.068730 0.096247 0.020744
3 7 0.074173 0.096247 0.020744
3 8 0.081964 0.096247 0.020744
3 9 0.087513 0.096247 0.020744
3 10 0.098292 0.096247 0.020744
3 11 0.103949 0.096247 0.020744
3 12 0.111846 0.096247 0.020744
3 13 0.117396 0.096247 0.020744
3 14 0.123266 0.096247 0.020744
3 15 0.127001 0.096247 0.020744
3 16 0.129669 0.096247 0.020744
3 17 0.128175 0.096247 0.020744
3 18 0.127321 0.096247 0.020744
3 19 0.123479 0.096247 0.020744
3 20 0.119424 0.096247 0.020744
4 0 0.062860 0.096247 0.020744
4 1 0.065315 0.096247 0.020744
4 2 0.067343 0.096247 0.020744
4 3 0.065848 0.096247 0.020744
4 4 0.068730 0.096247 0.020744
4 5 0.070117 0.096247 0.020744
4 6 0.071825 0.096247 0.020744
4 7 0.076734 0.096247 0.020744
4 8 0.083138 0.096247 0.020744
4 9 0.092209 0.096247 0.020744
4 10 0.099360 0.096247 0.020744
4 11 0.104909 0.096247 0.020744
4 12 0.109392 0.096247 0.020744
4 13 0.113234 0.096247 0.020744
4 14 0.120918 0.096247 0.020744
4 15 0.124653 0.096247 0.020744
4 16 0.127321 0.096247 0.020744
4 17 0.128282 0.096247 0.020744
4 18 0.124973 0.096247 0.020744
4 19 0.121558 0.096247 0.020744
4 20 0.114728 0.096247 0.020744
5 0 0.063501 0.096247 0.020744
5 1 0.066596 0.096247 0.020744
5 2 0.067556 0.096247 0.020744
5 3 0.068517 0.096247 0.020744
5 4 0.069264 0.096247 0.020744
5 5 0.071291 0.096247 0.020744
5 6 0.075880 0.096247 0.020744
5 7 0.079509 0.096247 0.020744
5 8 0.087620 0.096247 0.020744
5 9 0.091676 0.096247 0.020744
5 10 0.099680 0.096247 0.020744
5 11 0.102775 0.096247 0.020744
5 12 0.106617 0.096247 0.020744
5 13 0.110245 0.096247 0.020744
5 14 0.117289 0.096247 0.020744
5 15 0.120918 0.096247 0.020744
5 16 0.123479 0.096247 0.020744
5 17 0.123906 0.096247 0.020744
5 18 0.120277 0.096247 0.020744
5 19 0.115475 0.096247 0.020744
5 20 0.107364 0.096247 0.020744
6 0 0.065848 0.096247 0.020744
6 1 0.069157 0.096247 0.020744
6 2 0.069904 0.096247 0.020744
6 3 0.070331 0.096247 0.020744
6 4 0.074707 0.096247 0.020744
6 5 0.075027 0.096247 0.020744
6 6 0.082284 0.096247 0.020744
6 7 0.084632 0.096247 0.020744
6 8 0.088687 0.096247 0.020744
6 9 0.094023 0.096247 0.020744
6 10 0.099573 0.096247 0.020744
6 11 0.102775 0.096247 0.020744
6 12 0.107044 0.096247 0.020744
6 13 0.108538 0.096247 0.020744
6 14 0.115368 0.096247 0.020744
6 15 0.116222 0.096247 0.020744
6 16 0.119424 0.096247 0.020744
6 17 0.120171 0.096247 0.020744
6 18 0.115582 0.096247 0.020744
6 19 0.107044 0.096247 0.020744
6 20 0.099680 0.096247 0.020744
7 0 0.071078 0.096247 0.020744
7 1 0.070864 0.096247 0.020744
7 2 0.074493 0.096247 0.020744
7 3 0.075027 0.096247 0.020744
7 4 0.076734 0.096247 0.020744
7 5 0.080470 0.096247 0.020744
7 6 0.086019 0.096247 0.020744
7 7 0.088581 0.096247 0.020744
7 8 0.095197 0.096247 0.020744
7 9 0.096585 0.096247 0.020744
7 10 0.101281 0.096247 0.020744
7 11 0.104909 0.096247 0.020744
7 12 0.107684 0.096247 0.020744
7 13 0.109925 0.096247 0.020744
7 14 0.112273 0.096247 0.020744
7 15 0.111953 0.096247 0.020744
7 16 0.113554 0.096247 0.020744
7 17 0.115688 0.096247 0.020744
7 18 0.110779 0.096247 0.020744
7 19 0.103735 0.096247 0.020744
7 20 0.093490 0.096247 0.020744
8 0 0.071291 0.096247 0.020744
8 1 0.077375 0.096247 0.020744
8 2 0.080043 0.096247 0.020744
8 3 0.083885 0.096247 0.020744
8 4 0.087193 0.096247 0.020744
8 5 0.088154 0.096247 0.020744
8 6 0.091996 0.096247 0.020744
8 7 0.094771 0.096247 0.020744
8 8 0.098613 0.096247 0.020744
8 9 0.100427 0.096247 0.020744
8 10 0.103949 0.096247 0.020744
8 11 0.106937 0.096247 0.020744
8 12 0.108538 0.096247 0.020744
8 13 0.108004 0.096247 0.020744
8 14 0.108965 0.096247 0.020744
8 15 0.111419 0.096247 0.020744
8 16 0.110459 0.096247 0.020744
8 17 0.107577 0.096247 0.020744
8 18 0.103629 0.096247 0.020744
8 19 0.097118 0.096247 0.020744
8 20 0.087513 0.096247 0.020744
9 0 0.076094 0.096247 0.020744
9 1 0.080043 0.096247 0.020744
9 2 0.086339 0.096247 0.020744
9 3 0.089755 0.096247 0.020744
9 4 0.089221 0.096247 0.020744
9 5 0.091355 0.096247 0.020744
9 6 0.095091 0.096247 0.020744
9 7 0.097439 0.096247 0.020744
9 8 0.102241 0.096247 0.020744
9 9 0.102348 0.096247 0.020744
9 10 0.104162 0.096247 0.020744
9 11 0.107364 0.096247 0.020744
9 12 0.107150 0.096247 0.020744
9 13 0.106830 0.096247 0.020744
9 14 0.107044 0.096247 0.020744
9 15 0.107257 0.096247 0.020744
9 16 0.105870 0.096247 0.020744
9 17 0.102668 0.096247 0.020744
9 18 0.098079 0.096247 0.020744
9 19 0.091355 0.096247 0.020744
9 20 0.080256 0.096247 0.020744
10 0 0.081110 0.096247 0.020744
10 1 0.089541 0.096247 0.020744
10 2 0.091676 0.096247 0.020744
10 3 0.094984 0.096247 0.020744
10 4 0.094877 0.096247 0.020744
10 5 0.095731 0.096247 0.020744
10 6 0.100854 0.096247 0.020744
10 7 0.102134 0.096247 0.020744
10 8 0.103522 0.096247 0.020744
10 9 0.103415 0.096247 0.020744
10 10 0.105443 0.096247 0.020744
10 11 0.109285 0.096247 0.020744
10 12 0.108218 0.096247 0.020744
10 13 0.108111 0.096247 0.020744
10 14 0.106937 0.096247 0.020744
10 15 0.104482 0.096247 0.020744
10 16 0.101387 0.096247 0.020744
10 17 0.097225 0.096247 0.020744
10 18 0.094130 0.096247 0.020744
10 19 0.085059 0.096247 0.020744
10 20 0.078442 0.096247 0.020744
11 0 0.090608 0.096247 0.020744
11 1 0.095411 0.096247 0.020744
11 2 0.098933 0.096247 0.020744
11 3 0.102241 0.096247 0.020744
11 4 0.100107 0.096247 0.020744
11 5 0.100534 0.096247 0.020744
11 6 0.104376 0.096247 0.020744
11 7 0.103949 0.096247 0.020744
11 8 0.104269 0.096247 0.020744
11 9 0.106724 0.096247 0.020744
11 10 0.108004 0.096247 0.020744
11 11 0.109072 0.096247 0.020744
11 12 0.108965 0.096247 0.020744
11 13 0.107791 0.096247 0.020744
11 14 0.105336 0.096247 0.020744
11 15 0.102882 0.096247 0.020744
11 16 0.098506 0.096247 0.020744
11 17 0.093276 0.096247 0.020744
11 18 0.087193 0.096247 0.020744
11 19 0.080896 0.096247 0.020744
11 20 0.075027 0.096247 0.020744
12 0 0.096158 0.096247 0.020744
12 1 0.103949 0.096247 0.020744
12 2 0.110459 0.096247 0.020744
12 3 0.109605 0.096247 0.020744
12 4 0.106830 0.096247 0.020744
12 5 0.106403 0.096247 0.020744
12 6 0.106724 0.096247 0.020744
12 7 0.105229 0.096247 0.020744
12 8 0.106190 0.096247 0.020744
12 9 0.106937 0.096247 0.020744
12 10 0.109392 0.096247 0.020744
12 11 0.110139 0.096247 0.020744
12 12 0.108751 0.096247 0.020744
12 13 0.105550 0.096247 0.020744
12 14 0.103735 0.096247 0.020744
12 15 0.100213 0.096247 0.020744
12 16 0.095838 0.096247 0.020744
12 17 0.090502 0.096247 0.020744
12 18 0.086873 0.096247 0.020744
12 19 0.079402 0.096247 0.020744
12 20 0.073106 0.096247 0.020744
13 0 0.106510 0.096247 0.020744
13 1 0.114514 0.096247 0.020744
13 2 0.117076 0.096247 0.020744
13 3 0.116435 0.096247 0.020744
13 4 0.113020 0.096247 0.020744
13 5 0.110139 0.096247 0.020744
13 6 0.106830 0.096247 0.020744
13 7 0.107257 0.096247 0.020744
13 8 0.106724 0.096247 0.020744
13 9 0.105229 0.096247 0.020744
13 10 0.108751 0.096247 0.020744
13 11 0.108965 0.096247 0.020744
13 12 0.107364 0.096247 0.020744
13 13 0.104269 0.096247 0.020744
13 14 0.103842 0.096247 0.020744
13 15 0.099573 0.096247 0.020744
13 16 0.094023 0.096247 0.020744
13 17 0.089114 0.096247 0.020744
13 18 0.081644 0.096247 0.020744
13 19 0.076414 0.096247 0.020744
13 20 0.069691 0.096247 0.020744
14 0 0.116649 0.096247 0.020744
14 1 0.121451 0.096247 0.020744
14 2 0.123266 0.096247 0.020744
14 3 0.124013 0.096247 0.020744
14 4 0.117182 0.096247 0.020744
14 5 0.113661 0.096247 0.020744
14 6 0.112593 0.096247 0.020744
14 7 0.110032 0.096247 0.020744
14 8 0.109072 0.096247 0.020744
14 9 0.108004 0.096247 0.020744
14 10 0.109605 0.096247 0.020744
14 11 0.108218 0.096247 0.020744
14 12 0.105123 0.096247 0.020744
14 13 0.103095 0.096247 0.020744
14 14 0.102028 0.096247 0.020744
14 15 0.100213 0.096247 0.020744
14 16 0.093703 0.096247 0.020744
14 17 0.087834 0.096247 0.020744
14 18 0.080896 0.096247 0.020744
14 19 0.074493 0.096247 0.020744
14 20 0.066809 0.096247 0.020744
15 0 0.120918 0.096247 0.020744
15 1 0.127215 0.096247 0.020744
15 2 0.125293 0.096247 0.020744
15 3 0.127321 0.096247 0.020744
15 4 0.123052 0.096247 0.020744
15 5 0.117823 0.096247 0.020744
15 6 0.112700 0.096247 0.020744
15 7 0.112593 0.096247 0.020744
15 8 0.109285 0.096247 0.020744
15 9 0.108324 0.096247 0.020744
15 10 0.107364 0.096247 0.020744
15 11 0.105656 0.096247 0.020744
15 12 0.103522 0.096247 0.020744
15 13 0.099360 0.096247 0.020744
15 14 0.100320 0.096247 0.020744
15 15 0.096265 0.096247 0.020744
15 16 0.090715 0.096247 0.020744
15 17 0.085165 0.096247 0.020744
15 18 0.076201 0.096247 0.020744
15 19 0.068303 0.096247 0.020744
15 20 0.063607 0.096247 0.020744
16 0 0.124867 0.096247 0.020744
16 1 0.128388 0.096247 0.020744
16 2 0.128282 0.096247 0.020744
16 3 0.127321 0.096247 0.020744
16 4 0.124653 0.096247 0.020744
16 5 0.121345 0.096247 0.020744
16 6 0.115261 0.096247 0.020744
16 7 0.111419 0.096247 0.020744
16 8 0.109498 0.096247 0.020744
16 9 0.107150 0.096247 0.020744
16 10 0.104909 0.096247 0.020744
16 11 0.103308 0.096247 0.020744
16 12 0.100107 0.096247 0.020744
16 13 0.096158 0.096247 0.020744
16 14 0.092956 0.096247 0.020744
16 15 0.090502 0.096247 0.020744
16 16 0.085592 0.096247 0.020744
16 17 0.078228 0.096247 0.020744
16 18 0.073106 0.096247 0.020744
16 19 0.063821 0.096247 0.020744
16 20 0.059338 0.096247 0.020744
17 0 0.126681 0.096247 0.020744
17 1 0.129883 0.096247 0.020744
17 2 0.129136 0.096247 0.020744
17 3 0.128388 0.096247 0.020744
17 4 0.125293 0.096247 0.020744
17 5 0.120384 0.096247 0.020744
17 6 0.116222 0.096247 0.020744
17 7 0.108858 0.096247 0.020744
17 8 0.105123 0.096247 0.020744
17 9 0.102668 0.096247 0.020744
17 10 0.100427 0.096247 0.020744
17 11 0.099466 0.096247 0.020744
17 12 0.096158 0.096247 0.020744
17 13 0.090181 0.096247 0.020744
17 14 0.087193 0.096247 0.020744
17 15 0.082391 0.096247 0.020744
17 16 0.076841 0.096247 0.020744
17 17 0.071398 0.096247 0.020744
17 18 0.064141 0.096247 0.020744
17 19 0.058698 0.096247 0.020744
17 20 0.054749 0.096247 0.020744
18 0 0.124440 0.096247 0.020744
18 1 0.127855 0.096247 0.020744
18 2 0.129456 0.096247 0.020744
18 3 0.125507 0.096247 0.020744
18 4 0.123906 0.096247 0.020744
18 5 0.118356 0.096247 0.020744
18 6 0.111633 0.096247 0.020744
18 7 0.104696 0.096247 0.020744
18 8 0.102028 0.096247 0.020744
18 9 0.098719 0.096247 0.020744
18 10 0.096265 0.096247 0.020744
18 11 0.093276 0.096247 0.020744
18 12 0.087513 0.096247 0.020744
18 13 0.083565 0.096247 0.020744
18 14 0.078549 0.096247 0.020744
18 15 0.073106 0.096247 0.020744
18 16 0.068837 0.096247 0.020744
18 17 0.063714 0.096247 0.020744
18 18 0.058378 0.096247 0.020744
18 19 0.052295 0.096247 0.020744
18 20 0.049733 0.096247 0.020744
19 0 0.119851 0.096247 0.020744
19 1 0.125827 0.096247 0.020744
19 2 0.125187 0.096247 0.020744
19 3 0.121772 0.096247 0.020744
19 4 0.116862 0.096247 0.020744
19 5 0.112593 0.096247 0.020744
19 6 0.104803 0.096247 0.020744
19 7 0.100000 0.096247 0.020744
19 8 0.094984 0.096247 0.020744
19 9 0.093170 0.096247 0.020744
19 10 0.088260 0.096247 0.020744
19 11 0.085165 0.096247 0.020744
19 12 0.080683 0.096247 0.020744
19 13 0.076521 0.096247 0.020744
19 14 0.073533 0.096247 0.020744
19 15 0.067022 0.096247 0.020744
19 16 0.061900 0.096247 0.020744
19 17 0.057631 0.096247 0.020744
19 18 0.054749 0.096247 0.020744
19 19 0.048773 0.096247 0.020744
19 20 0.046318 0.096247 0.020744
20 0 0.114835 0.096247 0.020744
20 1 0.119424 0.096247 0.020744
20 2 0.121345 0.096247 0.020744
20 3 0.115795 0.096247 0.020744
20 4 0.109925 0.096247 0.020744
20 5 0.104269 0.096247 0.020744
20 6 0.097866 0.096247 0.020744
20 7 0.091889 0.096247 0.020744
20 8 0.086766 0.096247 0.020744
20 9 0.084739 0.096247 0.020744
20 10 0.080256 0.096247 0.020744
20 11 0.079723 0.096247 0.020744
20 12 0.075454 0.096247 0.020744
20 13 0.072999 0.096247 0.020744
20 14 0.068090 0.096247 0.020744
20 15 0.063287 0.096247 0.020744
20 16 0.056457 0.096247 0.020744
20 17 0.055176 0.096247 0.020744
20 18 0.050267 0.096247 0.020744
20 19 0.046105 0.096247 0.020744
20 20 0.046531 0.096247 0.020744
