# contact distance = 20.0 Angstroms
# F = 0.4 kJ/mol

# i j contact_probability mean_contact_probability stddev_contact_probability
0 0 0.048989 0.080052 0.016101
0 1 0.049779 0.080052 0.016101
0 2 0.049147 0.080052 0.016101
0 3 0.048673 0.080052 0.016101
0 4 0.047250 0.080052 0.016101
0 5 0.049305 0.080052 0.016101
0 6 0.049147 0.080052 0.016101
0 7 0.051201 0.080052 0.016101
0 8 0.048989 0.080052 0.016101
0 9 0.052623 0.080052 0.016101
0 10 0.053729 0.080052 0.016101
0 11 0.057838 0.080052 0.016101
0 12 0.059893 0.080052 0.016101
0 13 0.066688 0.080052 0.016101
0 14 0.071271 0.080052 0.016101
0 15 0.072535 0.080052 0.016101
0 16 0.079488 0.080052 0.016101
0 17 0.084861 0.080052 0.016101
0 18 0.085651 0.080052 0.016101
0 19 0.084071 0.080052 0.016101
0 20 0.081700 0.080052 0.016101
1 0 0.049463 0.080052 0.016101
1 1 0.049147 0.080052 0.016101
1 2 0.051043 0.080052 0.016101
1 3 0.048673 0.080052 0.016101
1 4 0.047250 0.080052 0.016101
1 5 0.051517 0.080052 0.016101
1 6 0.050411 0.080052 0.016101
1 7 0.052465 0.080052 0.016101
1 8 0.054994 0.080052 0.016101
1 9 0.055152 0.080052 0.016101
1 10 0.057838 0.080052 0.016101
1 11 0.062737 0.080052 0.016101
1 12 0.065265 0.080052 0.016101
1 13 0.072693 0.080052 0.016101
1 14 0.077434 0.080052 0.016101
1 15 0.084387 0.080052 0.016101
1 16 0.089128 0.080052 0.016101
1 17 0.092604 0.080052 0.016101
1 18 0.093236 0.080052 0.016101
1 19 0.089602 0.080052 0.016101
1 20 0.087705 0.080052 0.016101
2 0 0.048198 0.080052 0.016101
2 1 0.047882 0.080052 0.016101
2 2 0.048831 0.080052 0.016101
2 3 0.048040 0.080052 0.016101
2 4 0.047408 0.080052 0.016101
2 5 0.050885 0.080052 0.016101
2 6 0.050727 0.080052 0.016101
2 7 0.051991 0.080052 0.016101
2 8 0.056100 0.080052 0.016101
2 9 0.060209 0.080052 0.016101
2 10 0.061789 0.080052 0.016101
2 11 0.065898 0.080052 0.016101
2 12 0.070164 0.080052 0.016101
2 13 0.076643 0.080052 0.016101
2 14 0.084229 0.080052 0.016101
2 15 0.088338 0.080052 0.016101
2 16 0.093552 0.080052 0.016101
2 17 0.094659 0.080052 0.016101
2 18 0.094501 0.080052 0.016101
2 19 0.094027 0.080052 0.016101
2 20 0.089444 0.080052 0.016101
3 0 0.048040 0.080052 0.016101
3 1 0.049147 0.080052 0.016101
3 2 0.050095 0.080052 0.016101
3 3 0.050411 0.080052 0.016101
3 4 0.049463 0.080052 0.016101
3 5 0.049463 0.080052 0.016101
3 6 0.053571 0.080052 0.016101
3 7 0.053571 0.080052 0.016101
3 8 0.060209 0.080052 0.016101
3 9 0.064475 0.080052 0.016101
3 10 0.067162 0.080052 0.016101
3 11 0.069532 0.080052 0.016101
3 12 0.075379 0.080052 0.016101
3 13 0.082807 0.080052 0.016101
3 14 0.088812 0.080052 0.016101
3 15 0.093710 0.080052 0.016101
3 16 0.095449 0.080052 0.016101
3 17 0.096397 0.080052 0.016101
3 18 0.097187 0.080052 0.016101
3 19 0.097029 0.080052 0.016101
3 20 0.093236 0.080052 0.016101
4 0 0.049621 0.080052 0.016101
4 1 0.050569 0.080052 0.016101
4 2 0.051991 0.080052 0.016101
4 3 0.053571 0.080052 0.016101
4 4 0.051043 0.080052 0.016101
4 5 0.055942 0.080052 0.016101
4 6 0.055942 0.080052 0.016101
4 7 0.058628 0.080052 0.016101
4 8 0.061947 0.080052 0.016101
4 9 0.067478 0.080052 0.016101
4 10 0.070638 0.080052 0.016101
4 11 0.074115 0.080052 0.016101
4 12 0.078382 0.080052 0.016101
4 13 0.086915 0.080052 0.016101
4 14 0.092446 0.080052 0.016101
4 15 0.095607 0.080052 0.016101
4 16 0.100506 0.080052 0.016101
4 17 0.099241 0.080052 0.016101
4 18 0.099399 0.080052 0.016101
4 19 0.099083 0.080052 0.016101
4 20 0.096081 0.080052 0.016101
5 0 0.050411 0.080052 0.016101
5 1 0.051833 0.080052 0.016101
5 2 0.053571 0.080052 0.016101
5 3 0.054204 0.080052 0.016101
5 4 0.056416 0.080052 0.016101
5 5 0.056258 0.080052 0.016101
5 6 0.060209 0.080052 0.016101
5 7 0.064159 0.080052 0.016101
5 8 0.067004 0.080052 0.016101
5 9 0.071429 0.080052 0.016101
5 10 0.076960 0.080052 0.016101
5 11 0.080436 0.080052 0.016101
5 12 0.082491 0.080052 0.016101
5 13 0.087863 0.080052 0.016101
5 14 0.093710 0.080052 0.016101
5 15 0.098293 0.080052 0.016101
5 16 0.101454 0.080052 0.016101
5 17 0.100032 0.080052 0.016101
5 18 0.102402 0.080052 0.016101
5 19 0.101296 0.080052 0.016101
5 20 0.095291 0.080052 0.016101
6 0 0.052781 0.080052 0.016101
6 1 0.052939 0.080052 0.016101
6 2 0.053571 0.080052 0.016101
6 3 0.056100 0.080052 0.016101
6 4 0.058470 0.080052 0.016101
6 5 0.060683 0.080052 0.016101
6 6 0.061473 0.080052 0.016101
6 7 0.067636 0.080052 0.016101
6 8 0.071587 0.080052 0.016101
6 9 0.074747 0.080052 0.016101
6 10 0.079330 0.080052 0.016101
6 11 0.082807 0.080052 0.016101
6 12 0.087073 0.080052 0.016101
6 13 0.093078 0.080052 0.016101
6 14 0.095291 0.080052 0.016101
6 15 0.096713 0.080052 0.016101
6 16 0.101138 0.080052 0.016101
6 17 0.101928 0.080052 0.016101
6 18 0.102244 0.080052 0.016101
6 19 0.101612 0.080052 0.016101
6 20 0.093869 0.080052 0.016101
7 0 0.053571 0.080052 0.016101
7 1 0.055468 0.080052 0.016101
7 2 0.056890 0.080052 0.016101
7 3 0.057838 0.080052 0.016101
7 4 0.059893 0.080052 0.016101
7 5 0.064949 0.080052 0.016101
7 6 0.067636 0.080052 0.016101
7 7 0.072535 0.080052 0.016101
7 8 0.077908 0.080052 0.016101
7 9 0.080278 0.080052 0.016101
7 10 0.081858 0.080052 0.016101
7 11 0.086125 0.080052 0.016101
7 12 0.087705 0.080052 0.016101
7 13 0.091814 0.080052 0.016101
7 14 0.094343 0.080052 0.016101
7 15 0.096397 0.080052 0.016101
7 16 0.099399 0.080052 0.016101
7 17 0.101296 0.080052 0.016101
7 18 0.099716 0.080052 0.016101
7 19 0.099083 0.080052 0.016101
7 20 0.094185 0.080052 0.016101
8 0 0.054204 0.080052 0.016101
8 1 0.055942 0.080052 0.016101
8 2 0.058786 0.080052 0.016101
8 3 0.060683 0.080052 0.016101
8 4 0.064317 0.080052 0.016101
8 5 0.067162 0.080052 0.016101
8 6 0.074431 0.080052 0.016101
8 7 0.076802 0.080052 0.016101
8 8 0.082332 0.080052 0.016101
8 9 0.081700 0.080052 0.016101
8 10 0.086283 0.080052 0.016101
8 11 0.088970 0.080052 0.016101
8 12 0.089128 0.080052 0.016101
8 13 0.091814 0.080052 0.016101
8 14 0.093236 0.080052 0.016101
8 15 0.097187 0.080052 0.016101
8 16 0.099241 0.080052 0.016101
8 17 0.098135 0.080052 0.016101
8 18 0.099558 0.080052 0.016101
8 19 0.097187 0.080052 0.016101
8 20 0.088970 0.080052 0.016101
9 0 0.055784 0.080052 0.016101
9 1 0.058470 0.080052 0.016101
9 2 0.059893 0.080052 0.016101
9 3 0.063843 0.080052 0.016101
9 4 0.066846 0.080052 0.016101
9 5 0.071271 0.080052 0.016101
9 6 0.076327 0.080052 0.016101
9 7 0.079804 0.080052 0.016101
9 8 0.084703 0.080052 0.016101
9 9 0.088338 0.080052 0.016101
9 10 0.091340 0.080052 0.016101
9 11 0.089602 0.080052 0.016101
9 12 0.089760 0.080052 0.016101
9 13 0.089918 0.080052 0.016101
9 14 0.091340 0.080052 0.016101
9 15 0.096397 0.080052 0.016101
9 16 0.097819 0.080052 0.016101
9 17 0.096713 0.080052 0.016101
9 18 0.095133 0.080052 0.016101
9 19 0.091024 0.080052 0.016101
9 20 0.083281 0.080052 0.016101
10 0 0.058944 0.080052 0.016101
10 1 0.060367 0.080052 0.016101
10 2 0.065740 0.080052 0.016101
10 3 0.069690 0.080052 0.016101
10 4 0.070796 0.080052 0.016101
10 5 0.076169 0.080052 0.016101
10 6 0.081068 0.080052 0.016101
10 7 0.083439 0.080052 0.016101
10 8 0.086915 0.080052 0.016101
10 9 0.086915 0.080052 0.016101
10 10 0.091498 0.080052 0.016101
10 11 0.093394 0.080052 0.016101
10 12 0.092288 0.080052 0.016101
10 13 0.092130 0.080052 0.016101
10 14 0.092920 0.080052 0.016101
10 15 0.095765 0.080052 0.016101
10 16 0.096555 0.080052 0.016101
10 17 0.094027 0.080052 0.016101
10 18 0.091498 0.080052 0.016101
10 19 0.086599 0.080052 0.016101
10 20 0.077118 0.080052 0.016101
11 0 0.062895 0.080052 0.016101
11 1 0.065740 0.080052 0.016101
11 2 0.069374 0.080052 0.016101
11 3 0.074431 0.080052 0.016101
11 4 0.077118 0.080052 0.016101
11 5 0.080910 0.080052 0.016101
11 6 0.085335 0.080052 0.016101
11 7 0.087389 0.080052 0.016101
11 8 0.089760 0.080052 0.016101
11 9 0.091972 0.080052 0.016101
11 10 0.091340 0.080052 0.016101
11 11 0.088812 0.080052 0.016101
11 12 0.089760 0.080052 0.016101
11 13 0.089444 0.080052 0.016101
11 14 0.091024 0.080052 0.016101
11 15 0.093078 0.080052 0.016101
11 16 0.095133 0.080052 0.016101
11 17 0.091182 0.080052 0.016101
11 18 0.087073 0.080052 0.016101
11 19 0.081384 0.080052 0.016101
11 20 0.075379 0.080052 0.016101
12 0 0.069216 0.080052 0.016101
12 1 0.072377 0.080052 0.016101
12 2 0.077118 0.080052 0.016101
12 3 0.080436 0.080052 0.016101
12 4 0.081226 0.080052 0.016101
12 5 0.085493 0.080052 0.016101
12 6 0.085967 0.080052 0.016101
12 7 0.089286 0.080052 0.016101
12 8 0.090708 0.080052 0.016101
12 9 0.090708 0.080052 0.016101
12 10 0.091340 0.080052 0.016101
12 11 0.090392 0.080052 0.016101
12 12 0.091498 0.080052 0.016101
12 13 0.090234 0.080052 0.016101
12 14 0.090550 0.080052 0.016101
12 15 0.092920 0.080052 0.016101
12 16 0.090550 0.080052 0.016101
12 17 0.088812 0.080052 0.016101
12 18 0.083281 0.080052 0.016101
12 19 0.077592 0.080052 0.016101
12 20 0.073799 0.080052 0.016101
13 0 0.074273 0.080052 0.016101
13 1 0.080752 0.080052 0.016101
13 2 0.085019 0.080052 0.016101
13 3 0.088021 0.080052 0.016101
13 4 0.093552 0.080052 0.016101
13 5 0.094817 0.080052 0.016101
13 6 0.092762 0.080052 0.016101
13 7 0.091656 0.080052 0.016101
13 8 0.090076 0.080052 0.016101
13 9 0.091340 0.080052 0.016101
13 10 0.092446 0.080052 0.016101
13 11 0.089128 0.080052 0.016101
13 12 0.090076 0.080052 0.016101
13 13 0.089760 0.080052 0.016101
13 14 0.088338 0.080052 0.016101
13 15 0.088180 0.080052 0.016101
13 16 0.088970 0.080052 0.016101
13 17 0.083913 0.080052 0.016101
13 18 0.082016 0.080052 0.016101
13 19 0.077434 0.080052 0.016101
13 20 0.073325 0.080052 0.016101
14 0 0.080278 0.080052 0.016101
14 1 0.086599 0.080052 0.016101
14 2 0.091656 0.080052 0.016101
14 3 0.097503 0.080052 0.016101
14 4 0.098925 0.080052 0.016101
14 5 0.098451 0.080052 0.016101
14 6 0.095449 0.080052 0.016101
14 7 0.095291 0.080052 0.016101
14 8 0.090866 0.080052 0.016101
14 9 0.089760 0.080052 0.016101
14 10 0.089602 0.080052 0.016101
14 11 0.090550 0.080052 0.016101
14 12 0.088654 0.080052 0.016101
14 13 0.089602 0.080052 0.016101
14 14 0.087863 0.080052 0.016101
14 15 0.088338 0.080052 0.016101
14 16 0.085335 0.080052 0.016101
14 17 0.081068 0.080052 0.016101
14 18 0.080120 0.080052 0.016101
14 19 0.077750 0.080052 0.016101
14 20 0.072377 0.080052 0.016101
15 0 0.084071 0.080052 0.016101
15 1 0.091814 0.080052 0.016101
15 2 0.098609 0.080052 0.016101
15 3 0.101928 0.080052 0.016101
15 4 0.104140 0.080052 0.016101
15 5 0.100032 0.080052 0.016101
15 6 0.099558 0.080052 0.016101
15 7 0.098609 0.080052 0.016101
15 8 0.092762 0.080052 0.016101
15 9 0.091656 0.080052 0.016101
15 10 0.089444 0.080052 0.016101
15 11 0.089760 0.080052 0.016101
15 12 0.088021 0.080052 0.016101
15 13 0.088180 0.080052 0.016101
15 14 0.089444 0.080052 0.016101
15 15 0.087073 0.080052 0.016101
15 16 0.086283 0.080052 0.016101
15 17 0.081068 0.080052 0.016101
15 18 0.080910 0.080052 0.016101
15 19 0.077592 0.080052 0.016101
15 20 0.069848 0.080052 0.016101
16 0 0.088338 0.080052 0.016101
16 1 0.094659 0.080052 0.016101
16 2 0.100506 0.080052 0.016101
16 3 0.105247 0.080052 0.016101
16 4 0.106985 0.080052 0.016101
16 5 0.104614 0.080052 0.016101
16 6 0.102402 0.080052 0.016101
16 7 0.098925 0.080052 0.016101
16 8 0.095923 0.080052 0.016101
16 9 0.093710 0.080052 0.016101
16 10 0.088496 0.080052 0.016101
16 11 0.085177 0.080052 0.016101
16 12 0.085019 0.080052 0.016101
16 13 0.084545 0.080052 0.016101
16 14 0.087073 0.080052 0.016101
16 15 0.087863 0.080052 0.016101
16 16 0.086283 0.080052 0.016101
16 17 0.079962 0.080052 0.016101
16 18 0.080910 0.080052 0.016101
16 19 0.075537 0.080052 0.016101
16 20 0.068110 0.080052 0.016101
17 0 0.092446 0.080052 0.016101
17 1 0.096713 0.080052 0.016101
17 2 0.100190 0.080052 0.016101
17 3 0.103034 0.080052 0.016101
17 4 0.106985 0.080052 0.016101
17 5 0.107143 0.080052 0.016101
17 6 0.101612 0.080052 0.016101
17 7 0.099558 0.080052 0.016101
17 8 0.097345 0.080052 0.016101
17 9 0.095291 0.080052 0.016101
17 10 0.089602 0.080052 0.016101
17 11 0.084229 0.080052 0.016101
17 12 0.084703 0.080052 0.016101
17 13 0.085019 0.080052 0.016101
17 14 0.082174 0.080052 0.016101
17 15 0.084703 0.080052 0.016101
17 16 0.083439 0.080052 0.016101
17 17 0.080120 0.080052 0.016101
17 18 0.078698 0.080052 0.016101
17 19 0.073957 0.080052 0.016101
17 20 0.065107 0.080052 0.016101
18 0 0.093078 0.080052 0.016101
18 1 0.096397 0.080052 0.016101
18 2 0.100190 0.080052 0.016101
18 3 0.102086 0.080052 0.016101
18 4 0.105247 0.080052 0.016101
18 5 0.103824 0.080052 0.016101
18 6 0.101138 0.080052 0.016101
18 7 0.097819 0.080052 0.016101
18 8 0.096081 0.080052 0.016101
18 9 0.089602 0.080052 0.016101
18 10 0.087073 0.080052 0.016101
18 11 0.083913 0.080052 0.016101
18 12 0.081068 0.080052 0.016101
18 13 0.080436 0.080052 0.016101
18 14 0.078698 0.080052 0.016101
18 15 0.077750 0.080052 0.016101
18 16 0.079488 0.080052 0.016101
18 17 0.076802 0.080052 0.016101
18 18 0.074273 0.080052 0.016101
18 19 0.068584 0.080052 0.016101
18 20 0.061473 0.080052 0.016101
19 0 0.087863 0.080052 0.016101
19 1 0.091498 0.080052 0.016101
19 2 0.096713 0.080052 0.016101
19 3 0.099716 0.080052 0.016101
19 4 0.101296 0.080052 0.016101
19 5 0.099558 0.080052 0.016101
19 6 0.096555 0.080052 0.016101
19 7 0.093394 0.080052 0.016101
19 8 0.089760 0.080052 0.016101
19 9 0.082491 0.080052 0.016101
19 10 0.077434 0.080052 0.016101
19 11 0.077592 0.080052 0.016101
19 12 0.074905 0.080052 0.016101
19 13 0.076802 0.080052 0.016101
19 14 0.073957 0.080052 0.016101
19 15 0.070796 0.080052 0.016101
19 16 0.074431 0.080052 0.016101
19 17 0.070954 0.080052 0.016101
19 18 0.066688 0.080052 0.016101
19 19 0.062737 0.080052 0.016101
19 20 0.056416 0.080052 0.016101
20 0 0.084545 0.080052 0.016101
20 1 0.089444 0.080052 0.016101
20 2 0.096397 0.080052 0.016101
20 3 0.095607 0.080052 0.016101
20 4 0.097345 0.080052 0.016101
20 5 0.095291 0.080052 0.016101
20 6 0.091972 0.080052 0.016101
20 7 0.086915 0.080052 0.016101
20 8 0.082491 0.080052 0.016101
20 9 0.074115 0.080052 0.016101
20 10 0.072377 0.080052 0.016101
20 11 0.071271 0.080052 0.016101
20 12 0.067794 0.080052 0.016101
20 13 0.070322 0.080052 0.016101
20 14 0.067794 0.080052 0.016101
20 15 0.066530 0.080052 0.016101
20 16 0.065740 0.080052 0.016101
20 17 0.063843 0.080052 0.016101
20 18 0.059893 0.080052 0.016101
20 19 0.056890 0.080052 0.016101
20 20 0.052149 0.080052 0.016101
