# contact distance = 20.0 Angstroms
# F = 0.4 kJ/mol

# i j contact_probability mean_contact_probability stddev_contact_probability
0 0 0.066527 0.074581 0.013734
0 1 0.063035 0.074581 0.013734
0 2 0.060241 0.074581 0.013734
0 3 0.061638 0.074581 0.013734
0 4 0.057273 0.074581 0.013734
0 5 0.055526 0.074581 0.013734
0 6 0.053082 0.074581 0.013734
0 7 0.049764 0.074581 0.013734
0 8 0.047494 0.074581 0.013734
0 9 0.048717 0.074581 0.013734
0 10 0.050812 0.074581 0.013734
0 11 0.056400 0.074581 0.013734
0 12 0.061463 0.074581 0.013734
0 13 0.068448 0.074581 0.013734
0 14 0.074908 0.074581 0.013734
0 15 0.081893 0.074581 0.013734
0 16 0.085560 0.074581 0.013734
0 17 0.090449 0.074581 0.013734
0 18 0.089226 0.074581 0.013734
0 19 0.085734 0.074581 0.013734
0 20 0.084687 0.074581 0.013734
1 0 0.063908 0.074581 0.013734
1 1 0.061638 0.074581 0.013734
1 2 0.060241 0.074581 0.013734
1 3 0.062686 0.074581 0.013734
1 4 0.060765 0.074581 0.013734
1 5 0.055876 0.074581 0.013734
1 6 0.053955 0.074581 0.013734
1 7 0.050113 0.074581 0.013734
1 8 0.048717 0.074581 0.013734
1 9 0.051161 0.074581 0.013734
1 10 0.053257 0.074581 0.013734
1 11 0.061463 0.074581 0.013734
1 12 0.068448 0.074581 0.013734
1 13 0.075781 0.074581 0.013734
1 14 0.082766 0.074581 0.013734
1 15 0.089052 0.074581 0.013734
1 16 0.093766 0.074581 0.013734
1 17 0.095338 0.074581 0.013734
1 18 0.096386 0.074581 0.013734
1 19 0.092020 0.074581 0.013734
1 20 0.090798 0.074581 0.013734
2 0 0.062686 0.074581 0.013734
2 1 0.061638 0.074581 0.013734
2 2 0.063908 0.074581 0.013734
2 3 0.062511 0.074581 0.013734
2 4 0.061638 0.074581 0.013734
2 5 0.059717 0.074581 0.013734
2 6 0.055003 0.074581 0.013734
2 7 0.053955 0.074581 0.013734
2 8 0.054130 0.074581 0.013734
2 9 0.051510 0.074581 0.013734
2 10 0.057796 0.074581 0.013734
2 11 0.065654 0.074581 0.013734
2 12 0.072813 0.074581 0.013734
2 13 0.080845 0.074581 0.013734
2 14 0.089576 0.074581 0.013734
2 15 0.094290 0.074581 0.013734
2 16 0.099179 0.074581 0.013734
2 17 0.100925 0.074581 0.013734
2 18 0.100227 0.074581 0.013734
2 19 0.098306 0.074581 0.013734
2 20 0.093592 0.074581 0.013734
3 0 0.063035 0.074581 0.013734
3 1 0.063384 0.074581 0.013734
3 2 0.063384 0.074581 0.013734
3 3 0.064955 0.074581 0.013734
3 4 0.064082 0.074581 0.013734
3 5 0.061987 0.074581 0.013734
3 6 0.058844 0.074581 0.013734
3 7 0.055352 0.074581 0.013734
3 8 0.056574 0.074581 0.013734
3 9 0.056050 0.074581 0.013734
3 10 0.063035 0.074581 0.013734
3 11 0.069845 0.074581 0.013734
3 12 0.077178 0.074581 0.013734
3 13 0.081544 0.074581 0.013734
3 14 0.087830 0.074581 0.013734
3 15 0.097782 0.074581 0.013734
3 16 0.100052 0.074581 0.013734
3 17 0.101275 0.074581 0.013734
3 18 0.101449 0.074581 0.013734
3 19 0.096560 0.074581 0.013734
3 20 0.094290 0.074581 0.013734
4 0 0.060939 0.074581 0.013734
4 1 0.060939 0.074581 0.013734
4 2 0.061463 0.074581 0.013734
4 3 0.063908 0.074581 0.013734
4 4 0.065479 0.074581 0.013734
4 5 0.066702 0.074581 0.013734
4 6 0.062686 0.074581 0.013734
4 7 0.059717 0.074581 0.013734
4 8 0.060590 0.074581 0.013734
4 9 0.065829 0.074581 0.013734
4 10 0.068797 0.074581 0.013734
4 11 0.072464 0.074581 0.013734
4 12 0.078226 0.074581 0.013734
4 13 0.084687 0.074581 0.013734
4 14 0.090623 0.074581 0.013734
4 15 0.097433 0.074581 0.013734
4 16 0.100751 0.074581 0.013734
4 17 0.101973 0.074581 0.013734
4 18 0.101449 0.074581 0.013734
4 19 0.097957 0.074581 0.013734
4 20 0.093941 0.074581 0.013734
5 0 0.056400 0.074581 0.013734
5 1 0.057971 0.074581 0.013734
5 2 0.061987 0.074581 0.013734
5 3 0.065130 0.074581 0.013734
5 4 0.064781 0.074581 0.013734
5 5 0.063384 0.074581 0.013734
5 6 0.063559 0.074581 0.013734
5 7 0.062336 0.074581 0.013734
5 8 0.061812 0.074581 0.013734
5 9 0.065479 0.074581 0.013734
5 10 0.070019 0.074581 0.013734
5 11 0.073686 0.074581 0.013734
5 12 0.078051 0.074581 0.013734
5 13 0.085210 0.074581 0.013734
5 14 0.091671 0.074581 0.013734
5 15 0.095862 0.074581 0.013734
5 16 0.097782 0.074581 0.013734
5 17 0.100227 0.074581 0.013734
5 18 0.101275 0.074581 0.013734
5 19 0.099529 0.074581 0.013734
5 20 0.094989 0.074581 0.013734
6 0 0.053082 0.074581 0.013734
6 1 0.056574 0.074581 0.013734
6 2 0.058320 0.074581 0.013734
6 3 0.065654 0.074581 0.013734
6 4 0.063733 0.074581 0.013734
6 5 0.065654 0.074581 0.013734
6 6 0.063559 0.074581 0.013734
6 7 0.064606 0.074581 0.013734
6 8 0.066876 0.074581 0.013734
6 9 0.068273 0.074581 0.013734
6 10 0.071241 0.074581 0.013734
6 11 0.075781 0.074581 0.013734
6 12 0.077178 0.074581 0.013734
6 13 0.086433 0.074581 0.013734
6 14 0.090449 0.074581 0.013734
6 15 0.096036 0.074581 0.013734
6 16 0.099529 0.074581 0.013734
6 17 0.098830 0.074581 0.013734
6 18 0.097957 0.074581 0.013734
6 19 0.098306 0.074581 0.013734
6 20 0.092719 0.074581 0.013734
7 0 0.049415 0.074581 0.013734
7 1 0.053431 0.074581 0.013734
7 2 0.056749 0.074581 0.013734
7 3 0.062336 0.074581 0.013734
7 4 0.065829 0.074581 0.013734
7 5 0.065305 0.074581 0.013734
7 6 0.062860 0.074581 0.013734
7 7 0.063733 0.074581 0.013734
7 8 0.064082 0.074581 0.013734
7 9 0.068972 0.074581 0.013734
7 10 0.071416 0.074581 0.013734
7 11 0.076131 0.074581 0.013734
7 12 0.078750 0.074581 0.013734
7 13 0.082417 0.074581 0.013734
7 14 0.088528 0.074581 0.013734
7 15 0.090274 0.074581 0.013734
7 16 0.091671 0.074581 0.013734
7 17 0.093766 0.074581 0.013734
7 18 0.095687 0.074581 0.013734
7 19 0.091322 0.074581 0.013734
7 20 0.089052 0.074581 0.013734
8 0 0.048367 0.074581 0.013734
8 1 0.051510 0.074581 0.013734
8 2 0.057971 0.074581 0.013734
8 3 0.059892 0.074581 0.013734
8 4 0.063035 0.074581 0.013734
8 5 0.065305 0.074581 0.013734
8 6 0.064432 0.074581 0.013734
8 7 0.066003 0.074581 0.013734
8 8 0.064257 0.074581 0.013734
8 9 0.068622 0.074581 0.013734
8 10 0.070543 0.074581 0.013734
8 11 0.074035 0.074581 0.013734
8 12 0.076829 0.074581 0.013734
8 13 0.080671 0.074581 0.013734
8 14 0.081194 0.074581 0.013734
8 15 0.085210 0.074581 0.013734
8 16 0.086258 0.074581 0.013734
8 17 0.087655 0.074581 0.013734
8 18 0.088004 0.074581 0.013734
8 19 0.086433 0.074581 0.013734
8 20 0.081544 0.074581 0.013734
9 0 0.048018 0.074581 0.013734
9 1 0.052733 0.074581 0.013734
9 2 0.057273 0.074581 0.013734
9 3 0.064432 0.074581 0.013734
9 4 0.066527 0.074581 0.013734
9 5 0.066876 0.074581 0.013734
9 6 0.067749 0.074581 0.013734
9 7 0.066876 0.074581 0.013734
9 8 0.064955 0.074581 0.013734
9 9 0.066876 0.074581 0.013734
9 10 0.070543 0.074581 0.013734
9 11 0.074908 0.074581 0.013734
9 12 0.076654 0.074581 0.013734
9 13 0.075432 0.074581 0.013734
9 14 0.078924 0.074581 0.013734
9 15 0.080496 0.074581 0.013734
9 16 0.080671 0.074581 0.013734
9 17 0.081718 0.074581 0.013734
9 18 0.082242 0.074581 0.013734
9 19 0.077004 0.074581 0.013734
9 20 0.076131 0.074581 0.013734
10 0 0.051685 0.074581 0.013734
10 1 0.056400 0.074581 0.013734
10 2 0.062511 0.074581 0.013734
10 3 0.067924 0.074581 0.013734
10 4 0.071591 0.074581 0.013734
10 5 0.070194 0.074581 0.013734
10 6 0.070543 0.074581 0.013734
10 7 0.073162 0.074581 0.013734
10 8 0.068972 0.074581 0.013734
10 9 0.069670 0.074581 0.013734
10 10 0.068273 0.074581 0.013734
10 11 0.070368 0.074581 0.013734
10 12 0.073511 0.074581 0.013734
10 13 0.072813 0.074581 0.013734
10 14 0.072464 0.074581 0.013734
10 15 0.075607 0.074581 0.013734
10 16 0.074559 0.074581 0.013734
10 17 0.074908 0.074581 0.013734
10 18 0.074908 0.074581 0.013734
10 19 0.071940 0.074581 0.013734
10 20 0.068098 0.074581 0.013734
11 0 0.057098 0.074581 0.013734
11 1 0.062860 0.074581 0.013734
11 2 0.068622 0.074581 0.013734
11 3 0.075258 0.074581 0.013734
11 4 0.076829 0.074581 0.013734
11 5 0.073861 0.074581 0.013734
11 6 0.075781 0.074581 0.013734
11 7 0.075781 0.074581 0.013734
11 8 0.074384 0.074581 0.013734
11 9 0.072115 0.074581 0.013734
11 10 0.070892 0.074581 0.013734
11 11 0.071416 0.074581 0.013734
11 12 0.071940 0.074581 0.013734
11 13 0.071067 0.074581 0.013734
11 14 0.073162 0.074581 0.013734
11 15 0.071591 0.074581 0.013734
11 16 0.072115 0.074581 0.013734
11 17 0.073337 0.074581 0.013734
11 18 0.072464 0.074581 0.013734
11 19 0.067749 0.074581 0.013734
11 20 0.063384 0.074581 0.013734
12 0 0.063733 0.074581 0.013734
12 1 0.068797 0.074581 0.013734
12 2 0.077178 0.074581 0.013734
12 3 0.082067 0.074581 0.013734
12 4 0.082242 0.074581 0.013734
12 5 0.082766 0.074581 0.013734
12 6 0.080671 0.074581 0.013734
12 7 0.075607 0.074581 0.013734
12 8 0.076131 0.074581 0.013734
12 9 0.075258 0.074581 0.013734
12 10 0.073686 0.074581 0.013734
12 11 0.071591 0.074581 0.013734
12 12 0.071067 0.074581 0.013734
12 13 0.070019 0.074581 0.013734
12 14 0.071940 0.074581 0.013734
12 15 0.071940 0.074581 0.013734
12 16 0.072115 0.074581 0.013734
12 17 0.073686 0.074581 0.013734
12 18 0.071416 0.074581 0.013734
12 19 0.065130 0.074581 0.013734
12 20 0.061812 0.074581 0.013734
13 0 0.070194 0.074581 0.013734
13 1 0.078051 0.074581 0.013734
13 2 0.084512 0.074581 0.013734
13 3 0.085560 0.074581 0.013734
13 4 0.088179 0.074581 0.013734
13 5 0.086607 0.074581 0.013734
13 6 0.085036 0.074581 0.013734
13 7 0.081893 0.074581 0.013734
13 8 0.081718 0.074581 0.013734
13 9 0.077877 0.074581 0.013734
13 10 0.073861 0.074581 0.013734
13 11 0.072813 0.074581 0.013734
13 12 0.071940 0.074581 0.013734
13 13 0.071765 0.074581 0.013734
13 14 0.072464 0.074581 0.013734
13 15 0.072813 0.074581 0.013734
13 16 0.072115 0.074581 0.013734
13 17 0.071241 0.074581 0.013734
13 18 0.072115 0.074581 0.013734
13 19 0.065479 0.074581 0.013734
13 20 0.062511 0.074581 0.013734
14 0 0.076480 0.074581 0.013734
14 1 0.083290 0.074581 0.013734
14 2 0.085385 0.074581 0.013734
14 3 0.089226 0.074581 0.013734
14 4 0.090973 0.074581 0.013734
14 5 0.091147 0.074581 0.013734
14 6 0.089576 0.074581 0.013734
14 7 0.085734 0.074581 0.013734
14 8 0.083464 0.074581 0.013734
14 9 0.081893 0.074581 0.013734
14 10 0.077528 0.074581 0.013734
14 11 0.075781 0.074581 0.013734
14 12 0.074035 0.074581 0.013734
14 13 0.077702 0.074581 0.013734
14 14 0.074908 0.074581 0.013734
14 15 0.072813 0.074581 0.013734
14 16 0.072638 0.074581 0.013734
14 17 0.068797 0.074581 0.013734
14 18 0.067225 0.074581 0.013734
14 19 0.067051 0.074581 0.013734
14 20 0.063384 0.074581 0.013734
15 0 0.083115 0.074581 0.013734
15 1 0.088703 0.074581 0.013734
15 2 0.092719 0.074581 0.013734
15 3 0.094465 0.074581 0.013734
15 4 0.095163 0.074581 0.013734
15 5 0.095862 0.074581 0.013734
15 6 0.090623 0.074581 0.013734
15 7 0.088877 0.074581 0.013734
15 8 0.086957 0.074581 0.013734
15 9 0.084163 0.074581 0.013734
15 10 0.079972 0.074581 0.013734
15 11 0.077178 0.074581 0.013734
15 12 0.076654 0.074581 0.013734
15 13 0.076131 0.074581 0.013734
15 14 0.076305 0.074581 0.013734
15 15 0.075607 0.074581 0.013734
15 16 0.069495 0.074581 0.013734
15 17 0.068972 0.074581 0.013734
15 18 0.069670 0.074581 0.013734
15 19 0.065305 0.074581 0.013734
15 20 0.062511 0.074581 0.013734
16 0 0.089052 0.074581 0.013734
16 1 0.093941 0.074581 0.013734
16 2 0.097608 0.074581 0.013734
16 3 0.095163 0.074581 0.013734
16 4 0.094639 0.074581 0.013734
16 5 0.094465 0.074581 0.013734
16 6 0.093592 0.074581 0.013734
16 7 0.090623 0.074581 0.013734
16 8 0.088703 0.074581 0.013734
16 9 0.086083 0.074581 0.013734
16 10 0.078575 0.074581 0.013734
16 11 0.076654 0.074581 0.013734
16 12 0.074210 0.074581 0.013734
16 13 0.075258 0.074581 0.013734
16 14 0.074384 0.074581 0.013734
16 15 0.074035 0.074581 0.013734
16 16 0.069146 0.074581 0.013734
16 17 0.067400 0.074581 0.013734
16 18 0.067051 0.074581 0.013734
16 19 0.065305 0.074581 0.013734
16 20 0.061114 0.074581 0.013734
17 0 0.089226 0.074581 0.013734
17 1 0.093766 0.074581 0.013734
17 2 0.096909 0.074581 0.013734
17 3 0.099354 0.074581 0.013734
17 4 0.098306 0.074581 0.013734
17 5 0.094989 0.074581 0.013734
17 6 0.095687 0.074581 0.013734
17 7 0.090274 0.074581 0.013734
17 8 0.085560 0.074581 0.013734
17 9 0.084512 0.074581 0.013734
17 10 0.078401 0.074581 0.013734
17 11 0.076305 0.074581 0.013734
17 12 0.073511 0.074581 0.013734
17 13 0.071241 0.074581 0.013734
17 14 0.070892 0.074581 0.013734
17 15 0.070194 0.074581 0.013734
17 16 0.066527 0.074581 0.013734
17 17 0.066702 0.074581 0.013734
17 18 0.065829 0.074581 0.013734
17 19 0.063908 0.074581 0.013734
17 20 0.059892 0.074581 0.013734
18 0 0.089576 0.074581 0.013734
18 1 0.094814 0.074581 0.013734
18 2 0.097433 0.074581 0.013734
18 3 0.099529 0.074581 0.013734
18 4 0.098830 0.074581 0.013734
18 5 0.096909 0.074581 0.013734
18 6 0.094465 0.074581 0.013734
18 7 0.090100 0.074581 0.013734
18 8 0.084687 0.074581 0.013734
18 9 0.081544 0.074581 0.013734
18 10 0.075956 0.074581 0.013734
18 11 0.070368 0.074581 0.013734
18 12 0.068273 0.074581 0.013734
18 13 0.066352 0.074581 0.013734
18 14 0.065305 0.074581 0.013734
18 15 0.067749 0.074581 0.013734
18 16 0.065130 0.074581 0.013734
18 17 0.062860 0.074581 0.013734
18 18 0.059717 0.074581 0.013734
18 19 0.060765 0.074581 0.013734
18 20 0.057796 0.074581 0.013734
19 0 0.088004 0.074581 0.013734
19 1 0.093592 0.074581 0.013734
19 2 0.096735 0.074581 0.013734
19 3 0.099005 0.074581 0.013734
19 4 0.098655 0.074581 0.013734
19 5 0.095512 0.074581 0.013734
19 6 0.091846 0.074581 0.013734
19 7 0.086433 0.074581 0.013734
19 8 0.082766 0.074581 0.013734
19 9 0.078750 0.074581 0.013734
19 10 0.070194 0.074581 0.013734
19 11 0.063209 0.074581 0.013734
19 12 0.062511 0.074581 0.013734
19 13 0.061289 0.074581 0.013734
19 14 0.060590 0.074581 0.013734
19 15 0.062860 0.074581 0.013734
19 16 0.060066 0.074581 0.013734
19 17 0.059543 0.074581 0.013734
19 18 0.057273 0.074581 0.013734
19 19 0.054304 0.074581 0.013734
19 20 0.052034 0.074581 0.013734
20 0 0.083988 0.074581 0.013734
20 1 0.089052 0.074581 0.013734
20 2 0.093417 0.074581 0.013734
20 3 0.095687 0.074581 0.013734
20 4 0.095163 0.074581 0.013734
20 5 0.091671 0.074581 0.013734
20 6 0.085734 0.074581 0.013734
20 7 0.078750 0.074581 0.013734
20 8 0.076654 0.074581 0.013734
20 9 0.070718 0.074581 0.013734
20 10 0.063908 0.074581 0.013734
20 11 0.061114 0.074581 0.013734
20 12 0.056749 0.074581 0.013734
20 13 0.054653 0.074581 0.013734
20 14 0.053780 0.074581 0.013734
20 15 0.056574 0.074581 0.013734
20 16 0.053780 0.074581 0.013734
20 17 0.053257 0.074581 0.013734
20 18 0.051685 0.074581 0.013734
20 19 0.050463 0.074581 0.013734
20 20 0.049939 0.074581 0.013734
