# contact distance = 20.0 Angstroms
# F = 0.4 kJ/mol

# i j contact_probability mean_contact_probability stddev_contact_probability
0 0 0.086111 0.082388 0.013957
0 1 0.085278 0.082388 0.013957
0 2 0.081111 0.082388 0.013957
0 3 0.076667 0.082388 0.013957
0 4 0.073333 0.082388 0.013957
0 5 0.067500 0.082388 0.013957
0 6 0.069861 0.082388 0.013957
0 7 0.068472 0.082388 0.013957
0 8 0.071528 0.082388 0.013957
0 9 0.072917 0.082388 0.013957
0 10 0.075972 0.082388 0.013957
0 11 0.078472 0.082388 0.013957
0 12 0.080833 0.082388 0.013957
0 13 0.086250 0.082388 0.013957
0 14 0.087917 0.082388 0.013957
0 15 0.092917 0.082388 0.013957
0 16 0.095417 0.082388 0.013957
0 17 0.097639 0.082388 0.013957
0 18 0.095694 0.082388 0.013957
0 19 0.092917 0.082388 0.013957
0 20 0.089167 0.082388 0.013957
1 0 0.088472 0.082388 0.013957
1 1 0.086667 0.082388 0.013957
1 2 0.082500 0.082388 0.013957
1 3 0.078472 0.082388 0.013957
1 4 0.074444 0.082388 0.013957
1 5 0.069028 0.082388 0.013957
1 6 0.070000 0.082388 0.013957
1 7 0.070833 0.082388 0.013957
1 8 0.072639 0.082388 0.013957
1 9 0.075278 0.082388 0.013957
1 10 0.080556 0.082388 0.013957
1 11 0.080833 0.082388 0.013957
1 12 0.084444 0.082388 0.013957
1 13 0.090694 0.082388 0.013957
1 14 0.093194 0.082388 0.013957
1 15 0.097222 0.082388 0.013957
1 16 0.100278 0.082388 0.013957
1 17 0.098611 0.082388 0.013957
1 18 0.096667 0.082388 0.013957
1 19 0.094444 0.082388 0.013957
1 20 0.090833 0.082388 0.013957
2 0 0.087083 0.082388 0.013957
2 1 0.086806 0.082388 0.013957
2 2 0.082639 0.082388 0.013957
2 3 0.078750 0.082388 0.013957
2 4 0.074583 0.082388 0.013957
2 5 0.070417 0.082388 0.013957
2 6 0.069861 0.082388 0.013957
2 7 0.070417 0.082388 0.013957
2 8 0.075556 0.082388 0.013957
2 9 0.078611 0.082388 0.013957
2 10 0.081250 0.082388 0.013957
2 11 0.085139 0.082388 0.013957
2 12 0.088611 0.082388 0.013957
2 13 0.091250 0.082388 0.013957
2 14 0.094444 0.082388 0.013957
2 15 0.099583 0.082388 0.013957
2 16 0.101667 0.082388 0.013957
2 17 0.100556 0.082388 0.013957
2 18 0.098333 0.082388 0.013957
2 19 0.093611 0.082388 0.013957
2 20 0.090972 0.082388 0.013957
3 0 0.081111 0.082388 0.013957
3 1 0.082639 0.082388 0.013957
3 2 0.079861 0.082388 0.013957
3 3 0.075417 0.082388 0.013957
3 4 0.071944 0.082388 0.013957
3 5 0.071389 0.082388 0.013957
3 6 0.071944 0.082388 0.013957
3 7 0.071667 0.082388 0.013957
3 8 0.076389 0.082388 0.013957
3 9 0.082222 0.082388 0.013957
3 10 0.083611 0.082388 0.013957
3 11 0.086111 0.082388 0.013957
3 12 0.088750 0.082388 0.013957
3 13 0.091944 0.082388 0.013957
3 14 0.094583 0.082388 0.013957
3 15 0.098333 0.082388 0.013957
3 16 0.099583 0.082388 0.013957
3 17 0.099861 0.082388 0.013957
3 18 0.098750 0.082388 0.013957
3 19 0.095139 0.082388 0.013957
3 20 0.090694 0.082388 0.013957
4 0 0.077361 0.082388 0.013957
4 1 0.077778 0.082388 0.013957
4 2 0.076667 0.082388 0.013957
4 3 0.074167 0.082388 0.013957
4 4 0.071806 0.082388 0.013957
4 5 0.070278 0.082388 0.013957
4 6 0.074028 0.082388 0.013957
4 7 0.075833 0.082388 0.013957
4 8 0.080417 0.082388 0.013957
4 9 0.083611 0.082388 0.013957
4 10 0.087361 0.082388 0.013957
4 11 0.086944 0.082388 0.013957
4 12 0.088333 0.082388 0.013957
4 13 0.091944 0.082388 0.013957
4 14 0.091944 0.082388 0.013957
4 15 0.096944 0.082388 0.013957
4 16 0.096111 0.082388 0.013957
4 17 0.099583 0.082388 0.013957
4 18 0.098472 0.082388 0.013957
4 19 0.093611 0.082388 0.013957
4 20 0.089028 0.082388 0.013957
5 0 0.072917 0.082388 0.013957
5 1 0.074583 0.082388 0.013957
5 2 0.075417 0.082388 0.013957
5 3 0.074583 0.082388 0.013957
5 4 0.072917 0.082388 0.013957
5 5 0.073333 0.082388 0.013957
5 6 0.077639 0.082388 0.013957
5 7 0.075972 0.082388 0.013957
5 8 0.080139 0.082388 0.013957
5 9 0.085000 0.082388 0.013957
5 10 0.087500 0.082388 0.013957
5 11 0.090278 0.082388 0.013957
5 12 0.089583 0.082388 0.013957
5 13 0.091667 0.082388 0.013957
5 14 0.090694 0.082388 0.013957
5 15 0.092778 0.082388 0.013957
5 16 0.095972 0.082388 0.013957
5 17 0.095278 0.082388 0.013957
5 18 0.095972 0.082388 0.013957
5 19 0.091111 0.082388 0.013957
5 20 0.085694 0.082388 0.013957
6 0 0.071667 0.082388 0.013957
6 1 0.076389 0.082388 0.013957
6 2 0.074722 0.082388 0.013957
6 3 0.075556 0.082388 0.013957
6 4 0.075139 0.082388 0.013957
6 5 0.076389 0.082388 0.013957
6 6 0.077778 0.082388 0.013957
6 7 0.078611 0.082388 0.013957
6 8 0.084028 0.082388 0.013957
6 9 0.087639 0.082388 0.013957
6 10 0.088333 0.082388 0.013957
6 11 0.090833 0.082388 0.013957
6 12 0.091250 0.082388 0.013957
6 13 0.091528 0.082388 0.013957
6 14 0.090694 0.082388 0.013957
6 15 0.092222 0.082388 0.013957
6 16 0.093472 0.082388 0.013957
6 17 0.094167 0.082388 0.013957
6 18 0.092500 0.082388 0.013957
6 19 0.087500 0.082388 0.013957
6 20 0.078750 0.082388 0.013957
7 0 0.070139 0.082388 0.013957
7 1 0.074861 0.082388 0.013957
7 2 0.074583 0.082388 0.013957
7 3 0.074583 0.082388 0.013957
7 4 0.076944 0.082388 0.013957
7 5 0.078194 0.082388 0.013957
7 6 0.080139 0.082388 0.013957
7 7 0.082917 0.082388 0.013957
7 8 0.086389 0.082388 0.013957
7 9 0.085833 0.082388 0.013957
7 10 0.086944 0.082388 0.013957
7 11 0.088333 0.082388 0.013957
7 12 0.088750 0.082388 0.013957
7 13 0.091389 0.082388 0.013957
7 14 0.090972 0.082388 0.013957
7 15 0.092500 0.082388 0.013957
7 16 0.090833 0.082388 0.013957
7 17 0.091250 0.082388 0.013957
7 18 0.087361 0.082388 0.013957
7 19 0.080139 0.082388 0.013957
7 20 0.074444 0.082388 0.013957
8 0 0.073472 0.082388 0.013957
8 1 0.075833 0.082388 0.013957
8 2 0.076250 0.082388 0.013957
8 3 0.078333 0.082388 0.013957
8 4 0.080278 0.082388 0.013957
8 5 0.081250 0.082388 0.013957
8 6 0.082222 0.082388 0.013957
8 7 0.085556 0.082388 0.013957
8 8 0.087222 0.082388 0.013957
8 9 0.088472 0.082388 0.013957
8 10 0.088472 0.082388 0.013957
8 11 0.089167 0.082388 0.013957
8 12 0.090139 0.082388 0.013957
8 13 0.091111 0.082388 0.013957
8 14 0.090139 0.082388 0.013957
8 15 0.088333 0.082388 0.013957
8 16 0.090694 0.082388 0.013957
8 17 0.087222 0.082388 0.013957
8 18 0.084722 0.082388 0.013957
8 19 0.078889 0.082388 0.013957
8 20 0.070972 0.082388 0.013957
9 0 0.073750 0.082388 0.013957
9 1 0.075833 0.082388 0.013957
9 2 0.077778 0.082388 0.013957
9 3 0.079444 0.082388 0.013957
9 4 0.084306 0.082388 0.013957
9 5 0.084444 0.082388 0.013957
9 6 0.086250 0.082388 0.013957
9 7 0.088750 0.082388 0.013957
9 8 0.088472 0.082388 0.013957
9 9 0.090833 0.082388 0.013957
9 10 0.091528 0.082388 0.013957
9 11 0.093333 0.082388 0.013957
9 12 0.090000 0.082388 0.013957
9 13 0.090417 0.082388 0.013957
9 14 0.089306 0.082388 0.013957
9 15 0.090139 0.082388 0.013957
9 16 0.087639 0.082388 0.013957
9 17 0.083889 0.082388 0.013957
9 18 0.081111 0.082388 0.013957
9 19 0.074306 0.082388 0.013957
9 20 0.067083 0.082388 0.013957
10 0 0.072778 0.082388 0.013957
10 1 0.077083 0.082388 0.013957
10 2 0.079583 0.082388 0.013957
10 3 0.082917 0.082388 0.013957
10 4 0.083750 0.082388 0.013957
10 5 0.086806 0.082388 0.013957
10 6 0.089722 0.082388 0.013957
10 7 0.089028 0.082388 0.013957
10 8 0.091389 0.082388 0.013957
10 9 0.091944 0.082388 0.013957
10 10 0.094722 0.082388 0.013957
10 11 0.093056 0.082388 0.013957
10 12 0.091111 0.082388 0.013957
10 13 0.086944 0.082388 0.013957
10 14 0.086806 0.082388 0.013957
10 15 0.086389 0.082388 0.013957
10 16 0.085000 0.082388 0.013957
10 17 0.081528 0.082388 0.013957
10 18 0.078889 0.082388 0.013957
10 19 0.070556 0.082388 0.013957
10 20 0.063889 0.082388 0.013957
11 0 0.076389 0.082388 0.013957
11 1 0.079306 0.082388 0.013957
11 2 0.084583 0.082388 0.013957
11 3 0.084722 0.082388 0.013957
11 4 0.086806 0.082388 0.013957
11 5 0.086250 0.082388 0.013957
11 6 0.090139 0.082388 0.013957
11 7 0.093611 0.082388 0.013957
11 8 0.093333 0.082388 0.013957
11 9 0.093056 0.082388 0.013957
11 10 0.091528 0.082388 0.013957
11 11 0.092222 0.082388 0.013957
11 12 0.091806 0.082388 0.013957
11 13 0.087917 0.082388 0.013957
11 14 0.084444 0.082388 0.013957
11 15 0.084583 0.082388 0.013957
11 16 0.083889 0.082388 0.013957
11 17 0.081528 0.082388 0.013957
11 18 0.074306 0.082388 0.013957
11 19 0.067639 0.082388 0.013957
11 20 0.061667 0.082388 0.013957
12 0 0.080972 0.082388 0.013957
12 1 0.081528 0.082388 0.013957
12 2 0.086944 0.082388 0.013957
12 3 0.086250 0.082388 0.013957
12 4 0.087222 0.082388 0.013957
12 5 0.087361 0.082388 0.013957
12 6 0.090833 0.082388 0.013957
12 7 0.093194 0.082388 0.013957
12 8 0.093194 0.082388 0.013957
12 9 0.090000 0.082388 0.013957
12 10 0.091667 0.082388 0.013957
12 11 0.090278 0.082388 0.013957
12 12 0.089444 0.082388 0.013957
12 13 0.085694 0.082388 0.013957
12 14 0.082500 0.082388 0.013957
12 15 0.081944 0.082388 0.013957
12 16 0.079861 0.082388 0.013957
12 17 0.075278 0.082388 0.013957
12 18 0.068750 0.082388 0.013957
12 19 0.062500 0.082388 0.013957
12 20 0.057222 0.082388 0.013957
13 0 0.088333 0.082388 0.013957
13 1 0.088750 0.082388 0.013957
13 2 0.091528 0.082388 0.013957
13 3 0.091806 0.082388 0.013957
13 4 0.089028 0.082388 0.013957
13 5 0.091250 0.082388 0.013957
13 6 0.090000 0.082388 0.013957
13 7 0.091944 0.082388 0.013957
13 8 0.093194 0.082388 0.013957
13 9 0.091528 0.082388 0.013957
13 10 0.094167 0.082388 0.013957
13 11 0.088889 0.082388 0.013957
13 12 0.088611 0.082388 0.013957
13 13 0.088472 0.082388 0.013957
13 14 0.080000 0.082388 0.013957
13 15 0.079444 0.082388 0.013957
13 16 0.075972 0.082388 0.013957
13 17 0.072639 0.082388 0.013957
13 18 0.066389 0.082388 0.013957
13 19 0.060556 0.082388 0.013957
13 20 0.054028 0.082388 0.013957
14 0 0.092917 0.082388 0.013957
14 1 0.095139 0.082388 0.013957
14 2 0.099583 0.082388 0.013957
14 3 0.097083 0.082388 0.013957
14 4 0.096528 0.082388 0.013957
14 5 0.096389 0.082388 0.013957
14 6 0.093194 0.082388 0.013957
14 7 0.092500 0.082388 0.013957
14 8 0.093750 0.082388 0.013957
14 9 0.092639 0.082388 0.013957
14 10 0.093611 0.082388 0.013957
14 11 0.087917 0.082388 0.013957
14 12 0.086806 0.082388 0.013957
14 13 0.084722 0.082388 0.013957
14 14 0.079722 0.082388 0.013957
14 15 0.078611 0.082388 0.013957
14 16 0.074861 0.082388 0.013957
14 17 0.068194 0.082388 0.013957
14 18 0.063750 0.082388 0.013957
14 19 0.056944 0.082388 0.013957
14 20 0.050556 0.082388 0.013957
15 0 0.097500 0.082388 0.013957
15 1 0.099306 0.082388 0.013957
15 2 0.101667 0.082388 0.013957
15 3 0.101667 0.082388 0.013957
15 4 0.102500 0.082388 0.013957
15 5 0.100000 0.082388 0.013957
15 6 0.098056 0.082388 0.013957
15 7 0.095972 0.082388 0.013957
15 8 0.095139 0.082388 0.013957
15 9 0.093056 0.082388 0.013957
15 10 0.091806 0.082388 0.013957
15 11 0.085833 0.082388 0.013957
15 12 0.082361 0.082388 0.013957
15 13 0.079444 0.082388 0.013957
15 14 0.075972 0.082388 0.013957
15 15 0.073056 0.082388 0.013957
15 16 0.067222 0.082388 0.013957
15 17 0.064306 0.082388 0.013957
15 18 0.056667 0.082388 0.013957
15 19 0.053194 0.082388 0.013957
15 20 0.047083 0.082388 0.013957
16 0 0.100833 0.082388 0.013957
16 1 0.103194 0.082388 0.013957
16 2 0.105556 0.082388 0.013957
16 3 0.105972 0.082388 0.013957
16 4 0.103056 0.082388 0.013957
16 5 0.100972 0.082388 0.013957
16 6 0.099444 0.082388 0.013957
16 7 0.096250 0.082388 0.013957
16 8 0.094722 0.082388 0.013957
16 9 0.091250 0.082388 0.013957
16 10 0.086806 0.082388 0.013957
16 11 0.082500 0.082388 0.013957
16 12 0.078472 0.082388 0.013957
16 13 0.075278 0.082388 0.013957
16 14 0.073333 0.082388 0.013957
16 15 0.070556 0.082388 0.013957
16 16 0.062778 0.082388 0.013957
16 17 0.059167 0.082388 0.013957
16 18 0.055556 0.082388 0.013957
16 19 0.050000 0.082388 0.013957
16 20 0.043472 0.082388 0.013957
17 0 0.102222 0.082388 0.013957
17 1 0.102778 0.082388 0.013957
17 2 0.106111 0.082388 0.013957
17 3 0.107083 0.082388 0.013957
17 4 0.105417 0.082388 0.013957
17 5 0.101250 0.082388 0.013957
17 6 0.100694 0.082388 0.013957
17 7 0.097222 0.082388 0.013957
17 8 0.090556 0.082388 0.013957
17 9 0.088750 0.082388 0.013957
17 10 0.083750 0.082388 0.013957
17 11 0.080694 0.082388 0.013957
17 12 0.075556 0.082388 0.013957
17 13 0.073472 0.082388 0.013957
17 14 0.068056 0.082388 0.013957
17 15 0.064583 0.082388 0.013957
17 16 0.058889 0.082388 0.013957
17 17 0.052222 0.082388 0.013957
17 18 0.048333 0.082388 0.013957
17 19 0.044583 0.082388 0.013957
17 20 0.040278 0.082388 0.013957
18 0 0.102083 0.082388 0.013957
18 1 0.101667 0.082388 0.013957
18 2 0.105417 0.082388 0.013957
18 3 0.103333 0.082388 0.013957
18 4 0.104167 0.082388 0.013957
18 5 0.101806 0.082388 0.013957
18 6 0.098194 0.082388 0.013957
18 7 0.091111 0.082388 0.013957
18 8 0.087222 0.082388 0.013957
18 9 0.083333 0.082388 0.013957
18 10 0.081250 0.082388 0.013957
18 11 0.075833 0.082388 0.013957
18 12 0.073472 0.082388 0.013957
18 13 0.067917 0.082388 0.013957
18 14 0.061250 0.082388 0.013957
18 15 0.058333 0.082388 0.013957
18 16 0.056250 0.082388 0.013957
18 17 0.049444 0.082388 0.013957
18 18 0.044167 0.082388 0.013957
18 19 0.042222 0.082388 0.013957
18 20 0.038194 0.082388 0.013957
19 0 0.100556 0.082388 0.013957
19 1 0.100556 0.082388 0.013957
19 2 0.099583 0.082388 0.013957
19 3 0.101111 0.082388 0.013957
19 4 0.100972 0.082388 0.013957
19 5 0.097639 0.082388 0.013957
19 6 0.093472 0.082388 0.013957
19 7 0.086111 0.082388 0.013957
19 8 0.082222 0.082388 0.013957
19 9 0.077917 0.082388 0.013957
19 10 0.074306 0.082388 0.013957
19 11 0.070000 0.082388 0.013957
19 12 0.066389 0.082388 0.013957
19 13 0.063056 0.082388 0.013957
19 14 0.059167 0.082388 0.013957
19 15 0.055278 0.082388 0.013957
19 16 0.052639 0.082388 0.013957
19 17 0.048472 0.082388 0.013957
19 18 0.045139 0.082388 0.013957
19 19 0.041667 0.082388 0.013957
19 20 0.039167 0.082388 0.013957
20 0 0.095278 0.082388 0.013957
20 1 0.095139 0.082388 0.013957
20 2 0.095417 0.082388 0.013957
20 3 0.097361 0.082388 0.013957
20 4 0.094167 0.082388 0.013957
20 5 0.087778 0.082388 0.013957
20 6 0.086250 0.082388 0.013957
20 7 0.080417 0.082388 0.013957
20 8 0.075278 0.082388 0.013957
20 9 0.072500 0.082388 0.013957
20 10 0.070417 0.082388 0.013957
20 11 0.066806 0.082388 0.013957
20 12 0.061389 0.082388 0.013957
20 13 0.058750 0.082388 0.013957
20 14 0.055556 0.082388 0.013957
20 15 0.052083 0.082388 0.013957
20 16 0.048611 0.082388 0.013957
20 17 0.044722 0.082388 0.013957
20 18 0.043750 0.082388 0.013957
20 19 0.039861 0.082388 0.013957
20 20 0.038333 0.082388 0.013957
