# contact distance = 20.0 Angstroms
# F = 0.4 kJ/mol

# i j contact_probability mean_contact_probability stddev_contact_probability
0 0 0.082819 0.102488 0.015914
0 1 0.086250 0.102488 0.015914
0 2 0.085564 0.102488 0.015914
0 3 0.084878 0.102488 0.015914
0 4 0.083962 0.102488 0.015914
0 5 0.085335 0.102488 0.015914
0 6 0.088538 0.102488 0.015914
0 7 0.086250 0.102488 0.015914
0 8 0.086022 0.102488 0.015914
0 9 0.084191 0.102488 0.015914
0 10 0.085335 0.102488 0.015914
0 11 0.087165 0.102488 0.015914
0 12 0.085793 0.102488 0.015914
0 13 0.087852 0.102488 0.015914
0 14 0.089911 0.102488 0.015914
0 15 0.088081 0.102488 0.015914
0 16 0.088081 0.102488 0.015914
0 17 0.084649 0.102488 0.015914
0 18 0.084420 0.102488 0.015914
0 19 0.084191 0.102488 0.015914
0 20 0.080760 0.102488 0.015914
1 0 0.083047 0.102488 0.015914
1 1 0.084191 0.102488 0.015914
1 2 0.085335 0.102488 0.015914
1 3 0.085106 0.102488 0.015914
1 4 0.088767 0.102488 0.015914
1 5 0.089453 0.102488 0.015914
1 6 0.091741 0.102488 0.015914
1 7 0.091970 0.102488 0.015914
1 8 0.089224 0.102488 0.015914
1 9 0.088538 0.102488 0.015914
1 10 0.086708 0.102488 0.015914
1 11 0.088767 0.102488 0.015914
1 12 0.092199 0.102488 0.015914
1 13 0.093114 0.102488 0.015914
1 14 0.097003 0.102488 0.015914
1 15 0.094715 0.102488 0.015914
1 16 0.091741 0.102488 0.015914
1 17 0.091283 0.102488 0.015914
1 18 0.085793 0.102488 0.015914
1 19 0.084649 0.102488 0.015914
1 20 0.078701 0.102488 0.015914
2 0 0.084420 0.102488 0.015914
2 1 0.084191 0.102488 0.015914
2 2 0.089453 0.102488 0.015914
2 3 0.092427 0.102488 0.015914
2 4 0.091283 0.102488 0.015914
2 5 0.093800 0.102488 0.015914
2 6 0.095173 0.102488 0.015914
2 7 0.096774 0.102488 0.015914
2 8 0.096545 0.102488 0.015914
2 9 0.092427 0.102488 0.015914
2 10 0.094486 0.102488 0.015914
2 11 0.097461 0.102488 0.015914
2 12 0.099977 0.102488 0.015914
2 13 0.103409 0.102488 0.015914
2 14 0.101350 0.102488 0.015914
2 15 0.098833 0.102488 0.015914
2 16 0.095173 0.102488 0.015914
2 17 0.093342 0.102488 0.015914
2 18 0.091283 0.102488 0.015914
2 19 0.088538 0.102488 0.015914
2 20 0.084878 0.102488 0.015914
3 0 0.082361 0.102488 0.015914
3 1 0.085564 0.102488 0.015914
3 2 0.089453 0.102488 0.015914
3 3 0.095859 0.102488 0.015914
3 4 0.098376 0.102488 0.015914
3 5 0.096317 0.102488 0.015914
3 6 0.100206 0.102488 0.015914
3 7 0.099291 0.102488 0.015914
3 8 0.099291 0.102488 0.015914
3 9 0.099520 0.102488 0.015914
3 10 0.101350 0.102488 0.015914
3 11 0.104553 0.102488 0.015914
3 12 0.107527 0.102488 0.015914
3 13 0.110959 0.102488 0.015914
3 14 0.107984 0.102488 0.015914
3 15 0.107298 0.102488 0.015914
3 16 0.100435 0.102488 0.015914
3 17 0.099977 0.102488 0.015914
3 18 0.094715 0.102488 0.015914
3 19 0.090368 0.102488 0.015914
3 20 0.084878 0.102488 0.015914
4 0 0.086479 0.102488 0.015914
4 1 0.087852 0.102488 0.015914
4 2 0.091512 0.102488 0.015914
4 3 0.094029 0.102488 0.015914
4 4 0.095402 0.102488 0.015914
4 5 0.097689 0.102488 0.015914
4 6 0.101350 0.102488 0.015914
4 7 0.104553 0.102488 0.015914
4 8 0.103409 0.102488 0.015914
4 9 0.105468 0.102488 0.015914
4 10 0.108671 0.102488 0.015914
4 11 0.111416 0.102488 0.015914
4 12 0.114390 0.102488 0.015914
4 13 0.115077 0.102488 0.015914
4 14 0.114390 0.102488 0.015914
4 15 0.110272 0.102488 0.015914
4 16 0.106841 0.102488 0.015914
4 17 0.103180 0.102488 0.015914
4 18 0.098376 0.102488 0.015914
4 19 0.097003 0.102488 0.015914
4 20 0.088081 0.102488 0.015914
5 0 0.083047 0.102488 0.015914
5 1 0.084649 0.102488 0.015914
5 2 0.088081 0.102488 0.015914
5 3 0.092199 0.102488 0.015914
5 4 0.093114 0.102488 0.015914
5 5 0.098833 0.102488 0.015914
5 6 0.104095 0.102488 0.015914
5 7 0.103409 0.102488 0.015914
5 8 0.106383 0.102488 0.015914
5 9 0.106383 0.102488 0.015914
5 10 0.109586 0.102488 0.015914
5 11 0.115077 0.102488 0.015914
5 12 0.114848 0.102488 0.015914
5 13 0.120567 0.102488 0.015914
5 14 0.118508 0.102488 0.015914
5 15 0.113246 0.102488 0.015914
5 16 0.108213 0.102488 0.015914
5 17 0.107069 0.102488 0.015914
5 18 0.100206 0.102488 0.015914
5 19 0.097918 0.102488 0.015914
5 20 0.087394 0.102488 0.015914
6 0 0.081903 0.102488 0.015914
6 1 0.085793 0.102488 0.015914
6 2 0.087852 0.102488 0.015914
6 3 0.092656 0.102488 0.015914
6 4 0.095402 0.102488 0.015914
6 5 0.099977 0.102488 0.015914
6 6 0.105010 0.102488 0.015914
6 7 0.108442 0.102488 0.015914
6 8 0.109357 0.102488 0.015914
6 9 0.112560 0.102488 0.015914
6 10 0.115763 0.102488 0.015914
6 11 0.119195 0.102488 0.015914
6 12 0.124685 0.102488 0.015914
6 13 0.125143 0.102488 0.015914
6 14 0.123084 0.102488 0.015914
6 15 0.120339 0.102488 0.015914
6 16 0.113704 0.102488 0.015914
6 17 0.111874 0.102488 0.015914
6 18 0.103180 0.102488 0.015914
6 19 0.099062 0.102488 0.015914
6 20 0.091512 0.102488 0.015914
7 0 0.081446 0.102488 0.015914
7 1 0.083962 0.102488 0.015914
7 2 0.090368 0.102488 0.015914
7 3 0.096774 0.102488 0.015914
7 4 0.098147 0.102488 0.015914
7 5 0.100435 0.102488 0.015914
7 6 0.106612 0.102488 0.015914
7 7 0.108671 0.102488 0.015914
7 8 0.112789 0.102488 0.015914
7 9 0.112560 0.102488 0.015914
7 10 0.116678 0.102488 0.015914
7 11 0.122169 0.102488 0.015914
7 12 0.126287 0.102488 0.015914
7 13 0.126744 0.102488 0.015914
7 14 0.127660 0.102488 0.015914
7 15 0.122626 0.102488 0.015914
7 16 0.119881 0.102488 0.015914
7 17 0.113933 0.102488 0.015914
7 18 0.106612 0.102488 0.015914
7 19 0.102494 0.102488 0.015914
7 20 0.089682 0.102488 0.015914
8 0 0.082361 0.102488 0.015914
8 1 0.086479 0.102488 0.015914
8 2 0.090826 0.102488 0.015914
8 3 0.097918 0.102488 0.015914
8 4 0.102036 0.102488 0.015914
8 5 0.106383 0.102488 0.015914
8 6 0.109586 0.102488 0.015914
8 7 0.112789 0.102488 0.015914
8 8 0.115305 0.102488 0.015914
8 9 0.116678 0.102488 0.015914
8 10 0.121940 0.102488 0.015914
8 11 0.126744 0.102488 0.015914
8 12 0.130634 0.102488 0.015914
8 13 0.130405 0.102488 0.015914
8 14 0.127431 0.102488 0.015914
8 15 0.122398 0.102488 0.015914
8 16 0.119195 0.102488 0.015914
8 17 0.116449 0.102488 0.015914
8 18 0.110959 0.102488 0.015914
8 19 0.104324 0.102488 0.015914
8 20 0.091512 0.102488 0.015914
9 0 0.079616 0.102488 0.015914
9 1 0.084878 0.102488 0.015914
9 2 0.088767 0.102488 0.015914
9 3 0.098376 0.102488 0.015914
9 4 0.103866 0.102488 0.015914
9 5 0.106841 0.102488 0.015914
9 6 0.110730 0.102488 0.015914
9 7 0.115763 0.102488 0.015914
9 8 0.117136 0.102488 0.015914
9 9 0.119195 0.102488 0.015914
9 10 0.121482 0.102488 0.015914
9 11 0.125372 0.102488 0.015914
9 12 0.130176 0.102488 0.015914
9 13 0.132235 0.102488 0.015914
9 14 0.132235 0.102488 0.015914
9 15 0.124457 0.102488 0.015914
9 16 0.120339 0.102488 0.015914
9 17 0.114848 0.102488 0.015914
9 18 0.110730 0.102488 0.015914
9 19 0.103180 0.102488 0.015914
9 20 0.094715 0.102488 0.015914
10 0 0.078243 0.102488 0.015914
10 1 0.085106 0.102488 0.015914
10 2 0.091970 0.102488 0.015914
10 3 0.097003 0.102488 0.015914
10 4 0.103409 0.102488 0.015914
10 5 0.106612 0.102488 0.015914
10 6 0.111874 0.102488 0.015914
10 7 0.115992 0.102488 0.015914
10 8 0.119652 0.102488 0.015914
10 9 0.121025 0.102488 0.015914
10 10 0.127660 0.102488 0.015914
10 11 0.128803 0.102488 0.015914
10 12 0.131549 0.102488 0.015914
10 13 0.130863 0.102488 0.015914
10 14 0.134065 0.102488 0.015914
10 15 0.129032 0.102488 0.015914
10 16 0.124685 0.102488 0.015914
10 17 0.119195 0.102488 0.015914
10 18 0.113246 0.102488 0.015914
10 19 0.103638 0.102488 0.015914
10 20 0.094715 0.102488 0.015914
11 0 0.079158 0.102488 0.015914
11 1 0.084191 0.102488 0.015914
11 2 0.091512 0.102488 0.015914
11 3 0.097918 0.102488 0.015914
11 4 0.103638 0.102488 0.015914
11 5 0.110501 0.102488 0.015914
11 6 0.113933 0.102488 0.015914
11 7 0.116678 0.102488 0.015914
11 8 0.122855 0.102488 0.015914
11 9 0.124228 0.102488 0.015914
11 10 0.128117 0.102488 0.015914
11 11 0.131091 0.102488 0.015914
11 12 0.132922 0.102488 0.015914
11 13 0.129261 0.102488 0.015914
11 14 0.129032 0.102488 0.015914
11 15 0.131549 0.102488 0.015914
11 16 0.126973 0.102488 0.015914
11 17 0.118737 0.102488 0.015914
11 18 0.113933 0.102488 0.015914
11 19 0.105239 0.102488 0.015914
11 20 0.094944 0.102488 0.015914
12 0 0.078243 0.102488 0.015914
12 1 0.082819 0.102488 0.015914
12 2 0.089224 0.102488 0.015914
12 3 0.100206 0.102488 0.015914
12 4 0.103180 0.102488 0.015914
12 5 0.111645 0.102488 0.015914
12 6 0.117593 0.102488 0.015914
12 7 0.121940 0.102488 0.015914
12 8 0.122855 0.102488 0.015914
12 9 0.123313 0.102488 0.015914
12 10 0.127660 0.102488 0.015914
12 11 0.129947 0.102488 0.015914
12 12 0.130176 0.102488 0.015914
12 13 0.133837 0.102488 0.015914
12 14 0.131549 0.102488 0.015914
12 15 0.131549 0.102488 0.015914
12 16 0.129032 0.102488 0.015914
12 17 0.123084 0.102488 0.015914
12 18 0.117136 0.102488 0.015914
12 19 0.107756 0.102488 0.015914
12 20 0.091283 0.102488 0.015914
13 0 0.079616 0.102488 0.015914
13 1 0.082361 0.102488 0.015914
13 2 0.091741 0.102488 0.015914
13 3 0.101807 0.102488 0.015914
13 4 0.107756 0.102488 0.015914
13 5 0.113246 0.102488 0.015914
13 6 0.117364 0.102488 0.015914
13 7 0.121254 0.102488 0.015914
13 8 0.122169 0.102488 0.015914
13 9 0.125372 0.102488 0.015914
13 10 0.126287 0.102488 0.015914
13 11 0.129947 0.102488 0.015914
13 12 0.132922 0.102488 0.015914
13 13 0.131091 0.102488 0.015914
13 14 0.131549 0.102488 0.015914
13 15 0.129261 0.102488 0.015914
13 16 0.126516 0.102488 0.015914
13 17 0.118051 0.102488 0.015914
13 18 0.111874 0.102488 0.015914
13 19 0.102036 0.102488 0.015914
13 20 0.091512 0.102488 0.015914
14 0 0.081446 0.102488 0.015914
14 1 0.088309 0.102488 0.015914
14 2 0.093342 0.102488 0.015914
14 3 0.099062 0.102488 0.015914
14 4 0.105925 0.102488 0.015914
14 5 0.113704 0.102488 0.015914
14 6 0.117136 0.102488 0.015914
14 7 0.117364 0.102488 0.015914
14 8 0.122398 0.102488 0.015914
14 9 0.123542 0.102488 0.015914
14 10 0.125143 0.102488 0.015914
14 11 0.125601 0.102488 0.015914
14 12 0.129261 0.102488 0.015914
14 13 0.131549 0.102488 0.015914
14 14 0.128346 0.102488 0.015914
14 15 0.124685 0.102488 0.015914
14 16 0.120567 0.102488 0.015914
14 17 0.113246 0.102488 0.015914
14 18 0.105925 0.102488 0.015914
14 19 0.093800 0.102488 0.015914
14 20 0.085793 0.102488 0.015914
15 0 0.082361 0.102488 0.015914
15 1 0.086479 0.102488 0.015914
15 2 0.092427 0.102488 0.015914
15 3 0.095859 0.102488 0.015914
15 4 0.100663 0.102488 0.015914
15 5 0.111416 0.102488 0.015914
15 6 0.115077 0.102488 0.015914
15 7 0.117364 0.102488 0.015914
15 8 0.119195 0.102488 0.015914
15 9 0.118051 0.102488 0.015914
15 10 0.121940 0.102488 0.015914
15 11 0.122626 0.102488 0.015914
15 12 0.126744 0.102488 0.015914
15 13 0.129261 0.102488 0.015914
15 14 0.124457 0.102488 0.015914
15 15 0.118966 0.102488 0.015914
15 16 0.110959 0.102488 0.015914
15 17 0.105925 0.102488 0.015914
15 18 0.098604 0.102488 0.015914
15 19 0.091512 0.102488 0.015914
15 20 0.080531 0.102488 0.015914
16 0 0.084420 0.102488 0.015914
16 1 0.081675 0.102488 0.015914
16 2 0.089911 0.102488 0.015914
16 3 0.094029 0.102488 0.015914
16 4 0.098376 0.102488 0.015914
16 5 0.105239 0.102488 0.015914
16 6 0.113018 0.102488 0.015914
16 7 0.111874 0.102488 0.015914
16 8 0.113246 0.102488 0.015914
16 9 0.112102 0.102488 0.015914
16 10 0.117364 0.102488 0.015914
16 11 0.121025 0.102488 0.015914
16 12 0.119652 0.102488 0.015914
16 13 0.119652 0.102488 0.015914
16 14 0.116221 0.102488 0.015914
16 15 0.114619 0.102488 0.015914
16 16 0.106841 0.102488 0.015914
16 17 0.095859 0.102488 0.015914
16 18 0.091741 0.102488 0.015914
16 19 0.088767 0.102488 0.015914
16 20 0.075955 0.102488 0.015914
17 0 0.081903 0.102488 0.015914
17 1 0.082132 0.102488 0.015914
17 2 0.085793 0.102488 0.015914
17 3 0.091055 0.102488 0.015914
17 4 0.097232 0.102488 0.015914
17 5 0.101579 0.102488 0.015914
17 6 0.105239 0.102488 0.015914
17 7 0.107069 0.102488 0.015914
17 8 0.106612 0.102488 0.015914
17 9 0.107984 0.102488 0.015914
17 10 0.114162 0.102488 0.015914
17 11 0.116678 0.102488 0.015914
17 12 0.113018 0.102488 0.015914
17 13 0.114390 0.102488 0.015914
17 14 0.112789 0.102488 0.015914
17 15 0.109357 0.102488 0.015914
17 16 0.103180 0.102488 0.015914
17 17 0.094486 0.102488 0.015914
17 18 0.087165 0.102488 0.015914
17 19 0.083047 0.102488 0.015914
17 20 0.070236 0.102488 0.015914
18 0 0.077785 0.102488 0.015914
18 1 0.084649 0.102488 0.015914
18 2 0.085564 0.102488 0.015914
18 3 0.087165 0.102488 0.015914
18 4 0.093342 0.102488 0.015914
18 5 0.095630 0.102488 0.015914
18 6 0.102036 0.102488 0.015914
18 7 0.101579 0.102488 0.015914
18 8 0.106612 0.102488 0.015914
18 9 0.107069 0.102488 0.015914
18 10 0.112102 0.102488 0.015914
18 11 0.111187 0.102488 0.015914
18 12 0.108900 0.102488 0.015914
18 13 0.107069 0.102488 0.015914
18 14 0.105697 0.102488 0.015914
18 15 0.105697 0.102488 0.015914
18 16 0.097918 0.102488 0.015914
18 17 0.092427 0.102488 0.015914
18 18 0.082361 0.102488 0.015914
18 19 0.076642 0.102488 0.015914
18 20 0.067719 0.102488 0.015914
19 0 0.080073 0.102488 0.015914
19 1 0.082819 0.102488 0.015914
19 2 0.082361 0.102488 0.015914
19 3 0.085335 0.102488 0.015914
19 4 0.085793 0.102488 0.015914
19 5 0.090368 0.102488 0.015914
19 6 0.094029 0.102488 0.015914
19 7 0.095859 0.102488 0.015914
19 8 0.099748 0.102488 0.015914
19 9 0.099520 0.102488 0.015914
19 10 0.104095 0.102488 0.015914
19 11 0.106383 0.102488 0.015914
19 12 0.101807 0.102488 0.015914
19 13 0.100892 0.102488 0.015914
19 14 0.099748 0.102488 0.015914
19 15 0.097003 0.102488 0.015914
19 16 0.093571 0.102488 0.015914
19 17 0.087623 0.102488 0.015914
19 18 0.075269 0.102488 0.015914
19 19 0.071380 0.102488 0.015914
19 20 0.061542 0.102488 0.015914
20 0 0.077557 0.102488 0.015914
20 1 0.082361 0.102488 0.015914
20 2 0.080760 0.102488 0.015914
20 3 0.084878 0.102488 0.015914
20 4 0.082590 0.102488 0.015914
20 5 0.086250 0.102488 0.015914
20 6 0.086937 0.102488 0.015914
20 7 0.087852 0.102488 0.015914
20 8 0.088996 0.102488 0.015914
20 9 0.087852 0.102488 0.015914
20 10 0.092885 0.102488 0.015914
20 11 0.095630 0.102488 0.015914
20 12 0.094029 0.102488 0.015914
20 13 0.091741 0.102488 0.015914
20 14 0.088996 0.102488 0.015914
20 15 0.085335 0.102488 0.015914
20 16 0.083962 0.102488 0.015914
20 17 0.077785 0.102488 0.015914
20 18 0.070236 0.102488 0.015914
20 19 0.062228 0.102488 0.015914
20 20 0.056051 0.102488 0.015914
