# contact distance = 20.0 Angstroms
# F = 0.4 kJ/mol

# i j contact_probability mean_contact_probability stddev_contact_probability
0 0 0.049727 0.089338 0.018384
0 1 0.051203 0.089338 0.018384
0 2 0.053711 0.089338 0.018384
0 3 0.052678 0.089338 0.018384
0 4 0.052973 0.089338 0.018384
0 5 0.056072 0.089338 0.018384
0 6 0.059318 0.089338 0.018384
0 7 0.063302 0.089338 0.018384
0 8 0.069205 0.089338 0.018384
0 9 0.071123 0.089338 0.018384
0 10 0.072894 0.089338 0.018384
0 11 0.078353 0.089338 0.018384
0 12 0.082042 0.089338 0.018384
0 13 0.083370 0.089338 0.018384
0 14 0.086912 0.089338 0.018384
0 15 0.088240 0.089338 0.018384
0 16 0.090748 0.089338 0.018384
0 17 0.092076 0.089338 0.018384
0 18 0.091043 0.089338 0.018384
0 19 0.091929 0.089338 0.018384
0 20 0.089715 0.089338 0.018384
1 0 0.053121 0.089338 0.018384
1 1 0.052236 0.089338 0.018384
1 2 0.053268 0.089338 0.018384
1 3 0.051350 0.089338 0.018384
1 4 0.052531 0.089338 0.018384
1 5 0.056072 0.089338 0.018384
1 6 0.059023 0.089338 0.018384
1 7 0.065221 0.089338 0.018384
1 8 0.072008 0.089338 0.018384
1 9 0.073779 0.089338 0.018384
1 10 0.076730 0.089338 0.018384
1 11 0.081895 0.089338 0.018384
1 12 0.087649 0.089338 0.018384
1 13 0.088535 0.089338 0.018384
1 14 0.090158 0.089338 0.018384
1 15 0.092961 0.089338 0.018384
1 16 0.095765 0.089338 0.018384
1 17 0.097093 0.089338 0.018384
1 18 0.097388 0.089338 0.018384
1 19 0.098864 0.089338 0.018384
1 20 0.092666 0.089338 0.018384
2 0 0.052531 0.089338 0.018384
2 1 0.052678 0.089338 0.018384
2 2 0.051645 0.089338 0.018384
2 3 0.051793 0.089338 0.018384
2 4 0.051793 0.089338 0.018384
2 5 0.055482 0.089338 0.018384
2 6 0.061237 0.089338 0.018384
2 7 0.066844 0.089338 0.018384
2 8 0.072894 0.089338 0.018384
2 9 0.076140 0.089338 0.018384
2 10 0.080124 0.089338 0.018384
2 11 0.085141 0.089338 0.018384
2 12 0.091191 0.089338 0.018384
2 13 0.094732 0.089338 0.018384
2 14 0.095618 0.089338 0.018384
2 15 0.101225 0.089338 0.018384
2 16 0.101077 0.089338 0.018384
2 17 0.104766 0.089338 0.018384
2 18 0.102110 0.089338 0.018384
2 19 0.099602 0.089338 0.018384
2 20 0.097388 0.089338 0.018384
3 0 0.053564 0.089338 0.018384
3 1 0.051940 0.089338 0.018384
3 2 0.051793 0.089338 0.018384
3 3 0.050022 0.089338 0.018384
3 4 0.050170 0.089338 0.018384
3 5 0.058433 0.089338 0.018384
3 6 0.060646 0.089338 0.018384
3 7 0.068024 0.089338 0.018384
3 8 0.072303 0.089338 0.018384
3 9 0.079829 0.089338 0.018384
3 10 0.082190 0.089338 0.018384
3 11 0.087945 0.089338 0.018384
3 12 0.090896 0.089338 0.018384
3 13 0.095765 0.089338 0.018384
3 14 0.102110 0.089338 0.018384
3 15 0.103586 0.089338 0.018384
3 16 0.105504 0.089338 0.018384
3 17 0.106832 0.089338 0.018384
3 18 0.104619 0.089338 0.018384
3 19 0.102110 0.089338 0.018384
3 20 0.099749 0.089338 0.018384
4 0 0.053268 0.089338 0.018384
4 1 0.052383 0.089338 0.018384
4 2 0.054006 0.089338 0.018384
4 3 0.052973 0.089338 0.018384
4 4 0.055482 0.089338 0.018384
4 5 0.061237 0.089338 0.018384
4 6 0.063597 0.089338 0.018384
4 7 0.072746 0.089338 0.018384
4 8 0.078648 0.089338 0.018384
4 9 0.082928 0.089338 0.018384
4 10 0.084993 0.089338 0.018384
4 11 0.089568 0.089338 0.018384
4 12 0.091633 0.089338 0.018384
4 13 0.096060 0.089338 0.018384
4 14 0.099749 0.089338 0.018384
4 15 0.104471 0.089338 0.018384
4 16 0.107865 0.089338 0.018384
4 17 0.108308 0.089338 0.018384
4 18 0.106094 0.089338 0.018384
4 19 0.105356 0.089338 0.018384
4 20 0.100930 0.089338 0.018384
5 0 0.057548 0.089338 0.018384
5 1 0.055334 0.089338 0.018384
5 2 0.056515 0.089338 0.018384
5 3 0.057695 0.089338 0.018384
5 4 0.057548 0.089338 0.018384
5 5 0.063155 0.089338 0.018384
5 6 0.068614 0.089338 0.018384
5 7 0.077173 0.089338 0.018384
5 8 0.084256 0.089338 0.018384
5 9 0.086321 0.089338 0.018384
5 10 0.090748 0.089338 0.018384
5 11 0.093109 0.089338 0.018384
5 12 0.096946 0.089338 0.018384
5 13 0.101815 0.089338 0.018384
5 14 0.103291 0.089338 0.018384
5 15 0.107127 0.089338 0.018384
5 16 0.107422 0.089338 0.018384
5 17 0.109783 0.089338 0.018384
5 18 0.109045 0.089338 0.018384
5 19 0.106537 0.089338 0.018384
5 20 0.104914 0.089338 0.018384
6 0 0.060351 0.089338 0.018384
6 1 0.061679 0.089338 0.018384
6 2 0.060941 0.089338 0.018384
6 3 0.061532 0.089338 0.018384
6 4 0.064040 0.089338 0.018384
6 5 0.067286 0.089338 0.018384
6 6 0.074222 0.089338 0.018384
6 7 0.081600 0.089338 0.018384
6 8 0.086026 0.089338 0.018384
6 9 0.090748 0.089338 0.018384
6 10 0.093109 0.089338 0.018384
6 11 0.100192 0.089338 0.018384
6 12 0.101225 0.089338 0.018384
6 13 0.103438 0.089338 0.018384
6 14 0.102995 0.089338 0.018384
6 15 0.106979 0.089338 0.018384
6 16 0.106832 0.089338 0.018384
6 17 0.107570 0.089338 0.018384
6 18 0.109488 0.089338 0.018384
6 19 0.108160 0.089338 0.018384
6 20 0.104471 0.089338 0.018384
7 0 0.063745 0.089338 0.018384
7 1 0.063450 0.089338 0.018384
7 2 0.068172 0.089338 0.018384
7 3 0.070385 0.089338 0.018384
7 4 0.072303 0.089338 0.018384
7 5 0.075845 0.089338 0.018384
7 6 0.081304 0.089338 0.018384
7 7 0.086469 0.089338 0.018384
7 8 0.089568 0.089338 0.018384
7 9 0.095322 0.089338 0.018384
7 10 0.098274 0.089338 0.018384
7 11 0.101815 0.089338 0.018384
7 12 0.102553 0.089338 0.018384
7 13 0.104619 0.089338 0.018384
7 14 0.105356 0.089338 0.018384
7 15 0.105651 0.089338 0.018384
7 16 0.109193 0.089338 0.018384
7 17 0.107127 0.089338 0.018384
7 18 0.109488 0.089338 0.018384
7 19 0.103586 0.089338 0.018384
7 20 0.100930 0.089338 0.018384
8 0 0.067139 0.089338 0.018384
8 1 0.069942 0.089338 0.018384
8 2 0.072008 0.089338 0.018384
8 3 0.074812 0.089338 0.018384
8 4 0.077320 0.089338 0.018384
8 5 0.082632 0.089338 0.018384
8 6 0.087059 0.089338 0.018384
8 7 0.092224 0.089338 0.018384
8 8 0.096208 0.089338 0.018384
8 9 0.098716 0.089338 0.018384
8 10 0.100044 0.089338 0.018384
8 11 0.102405 0.089338 0.018384
8 12 0.103881 0.089338 0.018384
8 13 0.105504 0.089338 0.018384
8 14 0.105061 0.089338 0.018384
8 15 0.105504 0.089338 0.018384
8 16 0.105651 0.089338 0.018384
8 17 0.108012 0.089338 0.018384
8 18 0.104619 0.089338 0.018384
8 19 0.101815 0.089338 0.018384
8 20 0.096650 0.089338 0.018384
9 0 0.069942 0.089338 0.018384
9 1 0.070680 0.089338 0.018384
9 2 0.073189 0.089338 0.018384
9 3 0.077320 0.089338 0.018384
9 4 0.079976 0.089338 0.018384
9 5 0.084846 0.089338 0.018384
9 6 0.091191 0.089338 0.018384
9 7 0.094437 0.089338 0.018384
9 8 0.096650 0.089338 0.018384
9 9 0.101963 0.089338 0.018384
9 10 0.102700 0.089338 0.018384
9 11 0.106094 0.089338 0.018384
9 12 0.106537 0.089338 0.018384
9 13 0.108455 0.089338 0.018384
9 14 0.108012 0.089338 0.018384
9 15 0.105504 0.089338 0.018384
9 16 0.108750 0.089338 0.018384
9 17 0.107127 0.089338 0.018384
9 18 0.103291 0.089338 0.018384
9 19 0.095470 0.089338 0.018384
9 20 0.091633 0.089338 0.018384
10 0 0.070680 0.089338 0.018384
10 1 0.072303 0.089338 0.018384
10 2 0.075255 0.089338 0.018384
10 3 0.078943 0.089338 0.018384
10 4 0.081304 0.089338 0.018384
10 5 0.088682 0.089338 0.018384
10 6 0.092961 0.089338 0.018384
10 7 0.099749 0.089338 0.018384
10 8 0.102700 0.089338 0.018384
10 9 0.105061 0.089338 0.018384
10 10 0.106094 0.089338 0.018384
10 11 0.105947 0.089338 0.018384
10 12 0.106684 0.089338 0.018384
10 13 0.108603 0.089338 0.018384
10 14 0.107717 0.089338 0.018384
10 15 0.106094 0.089338 0.018384
10 16 0.104176 0.089338 0.018384
10 17 0.102405 0.089338 0.018384
10 18 0.097978 0.089338 0.018384
10 19 0.092076 0.089338 0.018384
10 20 0.086469 0.089338 0.018384
11 0 0.070975 0.089338 0.018384
11 1 0.075107 0.089338 0.018384
11 2 0.081747 0.089338 0.018384
11 3 0.085288 0.089338 0.018384
11 4 0.086321 0.089338 0.018384
11 5 0.095027 0.089338 0.018384
11 6 0.099306 0.089338 0.018384
11 7 0.101372 0.089338 0.018384
11 8 0.105209 0.089338 0.018384
11 9 0.107865 0.089338 0.018384
11 10 0.109488 0.089338 0.018384
11 11 0.108898 0.089338 0.018384
11 12 0.109783 0.089338 0.018384
11 13 0.108308 0.089338 0.018384
11 14 0.106832 0.089338 0.018384
11 15 0.104028 0.089338 0.018384
11 16 0.101225 0.089338 0.018384
11 17 0.095765 0.089338 0.018384
11 18 0.093699 0.089338 0.018384
11 19 0.089420 0.089338 0.018384
11 20 0.084108 0.089338 0.018384
12 0 0.074664 0.089338 0.018384
12 1 0.079386 0.089338 0.018384
12 2 0.082485 0.089338 0.018384
12 3 0.088387 0.089338 0.018384
12 4 0.092076 0.089338 0.018384
12 5 0.098126 0.089338 0.018384
12 6 0.101077 0.089338 0.018384
12 7 0.104619 0.089338 0.018384
12 8 0.105947 0.089338 0.018384
12 9 0.109488 0.089338 0.018384
12 10 0.110078 0.089338 0.018384
12 11 0.109340 0.089338 0.018384
12 12 0.110078 0.089338 0.018384
12 13 0.110816 0.089338 0.018384
12 14 0.107865 0.089338 0.018384
12 15 0.102258 0.089338 0.018384
12 16 0.100782 0.089338 0.018384
12 17 0.096650 0.089338 0.018384
12 18 0.089863 0.089338 0.018384
12 19 0.084993 0.089338 0.018384
12 20 0.079386 0.089338 0.018384
13 0 0.080419 0.089338 0.018384
13 1 0.083075 0.089338 0.018384
13 2 0.090305 0.089338 0.018384
13 3 0.092076 0.089338 0.018384
13 4 0.097388 0.089338 0.018384
13 5 0.101520 0.089338 0.018384
13 6 0.106684 0.089338 0.018384
13 7 0.112439 0.089338 0.018384
13 8 0.109931 0.089338 0.018384
13 9 0.113767 0.089338 0.018384
13 10 0.113177 0.089338 0.018384
13 11 0.110816 0.089338 0.018384
13 12 0.110668 0.089338 0.018384
13 13 0.108160 0.089338 0.018384
13 14 0.107275 0.089338 0.018384
13 15 0.103586 0.089338 0.018384
13 16 0.099602 0.089338 0.018384
13 17 0.095175 0.089338 0.018384
13 18 0.087059 0.089338 0.018384
13 19 0.082337 0.089338 0.018384
13 20 0.076435 0.089338 0.018384
14 0 0.086321 0.089338 0.018384
14 1 0.090453 0.089338 0.018384
14 2 0.096060 0.089338 0.018384
14 3 0.100339 0.089338 0.018384
14 4 0.101372 0.089338 0.018384
14 5 0.105356 0.089338 0.018384
14 6 0.109340 0.089338 0.018384
14 7 0.111406 0.089338 0.018384
14 8 0.113767 0.089338 0.018384
14 9 0.112734 0.089338 0.018384
14 10 0.113324 0.089338 0.018384
14 11 0.113177 0.089338 0.018384
14 12 0.109931 0.089338 0.018384
14 13 0.111259 0.089338 0.018384
14 14 0.108012 0.089338 0.018384
14 15 0.101815 0.089338 0.018384
14 16 0.095175 0.089338 0.018384
14 17 0.087945 0.089338 0.018384
14 18 0.082190 0.089338 0.018384
14 19 0.078353 0.089338 0.018384
14 20 0.070238 0.089338 0.018384
15 0 0.090601 0.089338 0.018384
15 1 0.095618 0.089338 0.018384
15 2 0.099749 0.089338 0.018384
15 3 0.103438 0.089338 0.018384
15 4 0.106832 0.089338 0.018384
15 5 0.110226 0.089338 0.018384
15 6 0.113324 0.089338 0.018384
15 7 0.115095 0.089338 0.018384
15 8 0.115243 0.089338 0.018384
15 9 0.112439 0.089338 0.018384
15 10 0.110668 0.089338 0.018384
15 11 0.111554 0.089338 0.018384
15 12 0.105799 0.089338 0.018384
15 13 0.105356 0.089338 0.018384
15 14 0.104471 0.089338 0.018384
15 15 0.098569 0.089338 0.018384
15 16 0.086912 0.089338 0.018384
15 17 0.083960 0.089338 0.018384
15 18 0.075697 0.089338 0.018384
15 19 0.072598 0.089338 0.018384
15 20 0.066106 0.089338 0.018384
16 0 0.093847 0.089338 0.018384
16 1 0.097683 0.089338 0.018384
16 2 0.103143 0.089338 0.018384
16 3 0.107127 0.089338 0.018384
16 4 0.108160 0.089338 0.018384
16 5 0.111259 0.089338 0.018384
16 6 0.114653 0.089338 0.018384
16 7 0.114357 0.089338 0.018384
16 8 0.113915 0.089338 0.018384
16 9 0.109045 0.089338 0.018384
16 10 0.106832 0.089338 0.018384
16 11 0.105209 0.089338 0.018384
16 12 0.103143 0.089338 0.018384
16 13 0.100930 0.089338 0.018384
16 14 0.096208 0.089338 0.018384
16 15 0.092224 0.089338 0.018384
16 16 0.082632 0.089338 0.018384
16 17 0.076435 0.089338 0.018384
16 18 0.072156 0.089338 0.018384
16 19 0.068614 0.089338 0.018384
16 20 0.063745 0.089338 0.018384
17 0 0.097241 0.089338 0.018384
17 1 0.102110 0.089338 0.018384
17 2 0.108160 0.089338 0.018384
17 3 0.111554 0.089338 0.018384
17 4 0.111406 0.089338 0.018384
17 5 0.111554 0.089338 0.018384
17 6 0.111701 0.089338 0.018384
17 7 0.112439 0.089338 0.018384
17 8 0.109783 0.089338 0.018384
17 9 0.106242 0.089338 0.018384
17 10 0.103586 0.089338 0.018384
17 11 0.100782 0.089338 0.018384
17 12 0.096355 0.089338 0.018384
17 13 0.092814 0.089338 0.018384
17 14 0.089273 0.089338 0.018384
17 15 0.086764 0.089338 0.018384
17 16 0.076878 0.089338 0.018384
17 17 0.072451 0.089338 0.018384
17 18 0.068910 0.089338 0.018384
17 19 0.063302 0.089338 0.018384
17 20 0.060351 0.089338 0.018384
18 0 0.094142 0.089338 0.018384
18 1 0.102848 0.089338 0.018384
18 2 0.107865 0.089338 0.018384
18 3 0.111996 0.089338 0.018384
18 4 0.110668 0.089338 0.018384
18 5 0.110373 0.089338 0.018384
18 6 0.109488 0.089338 0.018384
18 7 0.110521 0.089338 0.018384
18 8 0.107865 0.089338 0.018384
18 9 0.101520 0.089338 0.018384
18 10 0.096208 0.089338 0.018384
18 11 0.095175 0.089338 0.018384
18 12 0.088535 0.089338 0.018384
18 13 0.087059 0.089338 0.018384
18 14 0.082632 0.089338 0.018384
18 15 0.078943 0.089338 0.018384
18 16 0.069647 0.089338 0.018384
18 17 0.066696 0.089338 0.018384
18 18 0.063450 0.089338 0.018384
18 19 0.059613 0.089338 0.018384
18 20 0.056220 0.089338 0.018384
19 0 0.092519 0.089338 0.018384
19 1 0.097831 0.089338 0.018384
19 2 0.104766 0.089338 0.018384
19 3 0.107865 0.089338 0.018384
19 4 0.106537 0.089338 0.018384
19 5 0.105799 0.089338 0.018384
19 6 0.105947 0.089338 0.018384
19 7 0.104619 0.089338 0.018384
19 8 0.103586 0.089338 0.018384
19 9 0.095322 0.089338 0.018384
19 10 0.087207 0.089338 0.018384
19 11 0.085141 0.089338 0.018384
19 12 0.081304 0.089338 0.018384
19 13 0.080419 0.089338 0.018384
19 14 0.078058 0.089338 0.018384
19 15 0.071861 0.089338 0.018384
19 16 0.064778 0.089338 0.018384
19 17 0.060204 0.089338 0.018384
19 18 0.055777 0.089338 0.018384
19 19 0.052088 0.089338 0.018384
19 20 0.050022 0.089338 0.018384
20 0 0.089568 0.089338 0.018384
20 1 0.094732 0.089338 0.018384
20 2 0.100192 0.089338 0.018384
20 3 0.101667 0.089338 0.018384
20 4 0.100782 0.089338 0.018384
20 5 0.100782 0.089338 0.018384
20 6 0.100487 0.089338 0.018384
20 7 0.097831 0.089338 0.018384
20 8 0.094437 0.089338 0.018384
20 9 0.088535 0.089338 0.018384
20 10 0.082485 0.089338 0.018384
20 11 0.078058 0.089338 0.018384
20 12 0.075402 0.089338 0.018384
20 13 0.073779 0.089338 0.018384
20 14 0.071270 0.089338 0.018384
20 15 0.066254 0.089338 0.018384
20 16 0.061532 0.089338 0.018384
20 17 0.054449 0.089338 0.018384
20 18 0.052088 0.089338 0.018384
20 19 0.048547 0.089338 0.018384
20 20 0.047071 0.089338 0.018384
