# contact distance = 20.0 Angstroms
# F = 0.4 kJ/mol

# i j contact_probability mean_contact_probability stddev_contact_probability
0 0 0.057047 0.093623 0.018124
0 1 0.056923 0.093623 0.018124
0 2 0.058911 0.093623 0.018124
0 3 0.060403 0.093623 0.018124
0 4 0.062267 0.093623 0.018124
0 5 0.062391 0.093623 0.018124
0 6 0.063883 0.093623 0.018124
0 7 0.065623 0.093623 0.018124
0 8 0.069351 0.093623 0.018124
0 9 0.074944 0.093623 0.018124
0 10 0.076808 0.093623 0.018124
0 11 0.083271 0.093623 0.018124
0 12 0.089113 0.093623 0.018124
0 13 0.098061 0.093623 0.018124
0 14 0.102784 0.093623 0.018124
0 15 0.108750 0.093623 0.018124
0 16 0.110365 0.093623 0.018124
0 17 0.109868 0.093623 0.018124
0 18 0.108998 0.093623 0.018124
0 19 0.102784 0.093623 0.018124
0 20 0.096818 0.093623 0.018124
1 0 0.058166 0.093623 0.018124
1 1 0.057047 0.093623 0.018124
1 2 0.058538 0.093623 0.018124
1 3 0.059160 0.093623 0.018124
1 4 0.060278 0.093623 0.018124
1 5 0.062888 0.093623 0.018124
1 6 0.064504 0.093623 0.018124
1 7 0.066990 0.093623 0.018124
1 8 0.071588 0.093623 0.018124
1 9 0.077305 0.093623 0.018124
1 10 0.082650 0.093623 0.018124
1 11 0.086751 0.093623 0.018124
1 12 0.097813 0.093623 0.018124
1 13 0.103281 0.093623 0.018124
1 14 0.110987 0.093623 0.018124
1 15 0.113970 0.093623 0.018124
1 16 0.115585 0.093623 0.018124
1 17 0.114094 0.093623 0.018124
1 18 0.112603 0.093623 0.018124
1 19 0.110365 0.093623 0.018124
1 20 0.102163 0.093623 0.018124
2 0 0.058538 0.093623 0.018124
2 1 0.057544 0.093623 0.018124
2 2 0.059284 0.093623 0.018124
2 3 0.056798 0.093623 0.018124
2 4 0.060278 0.093623 0.018124
2 5 0.060900 0.093623 0.018124
2 6 0.064131 0.093623 0.018124
2 7 0.070346 0.093623 0.018124
2 8 0.072086 0.093623 0.018124
2 9 0.078673 0.093623 0.018124
2 10 0.083768 0.093623 0.018124
2 11 0.090728 0.093623 0.018124
2 12 0.101044 0.093623 0.018124
2 13 0.107258 0.093623 0.018124
2 14 0.115958 0.093623 0.018124
2 15 0.118320 0.093623 0.018124
2 16 0.120433 0.093623 0.018124
2 17 0.118320 0.093623 0.018124
2 18 0.115585 0.093623 0.018124
2 19 0.113100 0.093623 0.018124
2 20 0.107507 0.093623 0.018124
3 0 0.060154 0.093623 0.018124
3 1 0.055804 0.093623 0.018124
3 2 0.056550 0.093623 0.018124
3 3 0.055928 0.093623 0.018124
3 4 0.059657 0.093623 0.018124
3 5 0.061894 0.093623 0.018124
3 6 0.065623 0.093623 0.018124
3 7 0.073701 0.093623 0.018124
3 8 0.075068 0.093623 0.018124
3 9 0.078673 0.093623 0.018124
3 10 0.084017 0.093623 0.018124
3 11 0.093214 0.093623 0.018124
3 12 0.101790 0.093623 0.018124
3 13 0.109868 0.093623 0.018124
3 14 0.116704 0.093623 0.018124
3 15 0.119190 0.093623 0.018124
3 16 0.119065 0.093623 0.018124
3 17 0.116828 0.093623 0.018124
3 18 0.114715 0.093623 0.018124
3 19 0.113473 0.093623 0.018124
3 20 0.106761 0.093623 0.018124
4 0 0.057917 0.093623 0.018124
4 1 0.057668 0.093623 0.018124
4 2 0.058911 0.093623 0.018124
4 3 0.058166 0.093623 0.018124
4 4 0.059781 0.093623 0.018124
4 5 0.064131 0.093623 0.018124
4 6 0.069724 0.093623 0.018124
4 7 0.074074 0.093623 0.018124
4 8 0.076933 0.093623 0.018124
4 9 0.080910 0.093623 0.018124
4 10 0.085881 0.093623 0.018124
4 11 0.094830 0.093623 0.018124
4 12 0.103157 0.093623 0.018124
4 13 0.110117 0.093623 0.018124
4 14 0.114467 0.093623 0.018124
4 15 0.117201 0.093623 0.018124
4 16 0.116207 0.093623 0.018124
4 17 0.116828 0.093623 0.018124
4 18 0.113970 0.093623 0.018124
4 19 0.113348 0.093623 0.018124
4 20 0.105394 0.093623 0.018124
5 0 0.062143 0.093623 0.018124
5 1 0.060278 0.093623 0.018124
5 2 0.058290 0.093623 0.018124
5 3 0.058663 0.093623 0.018124
5 4 0.063137 0.093623 0.018124
5 5 0.067611 0.093623 0.018124
5 6 0.069848 0.093623 0.018124
5 7 0.075317 0.093623 0.018124
5 8 0.079045 0.093623 0.018124
5 9 0.079915 0.093623 0.018124
5 10 0.086627 0.093623 0.018124
5 11 0.094581 0.093623 0.018124
5 12 0.101293 0.093623 0.018124
5 13 0.107880 0.093623 0.018124
5 14 0.111608 0.093623 0.018124
5 15 0.114094 0.093623 0.018124
5 16 0.115834 0.093623 0.018124
5 17 0.116953 0.093623 0.018124
5 18 0.114840 0.093623 0.018124
5 19 0.111360 0.093623 0.018124
5 20 0.103157 0.093623 0.018124
6 0 0.061770 0.093623 0.018124
6 1 0.062764 0.093623 0.018124
6 2 0.059408 0.093623 0.018124
6 3 0.063013 0.093623 0.018124
6 4 0.066120 0.093623 0.018124
6 5 0.070470 0.093623 0.018124
6 6 0.071464 0.093623 0.018124
6 7 0.076684 0.093623 0.018124
6 8 0.079791 0.093623 0.018124
6 9 0.084141 0.093623 0.018124
6 10 0.088367 0.093623 0.018124
6 11 0.095078 0.093623 0.018124
6 12 0.098807 0.093623 0.018124
6 13 0.103033 0.093623 0.018124
6 14 0.110241 0.093623 0.018124
6 15 0.112354 0.093623 0.018124
6 16 0.115088 0.093623 0.018124
6 17 0.115710 0.093623 0.018124
6 18 0.112727 0.093623 0.018124
6 19 0.107507 0.093623 0.018124
6 20 0.099428 0.093623 0.018124
7 0 0.064131 0.093623 0.018124
7 1 0.063883 0.093623 0.018124
7 2 0.065996 0.093623 0.018124
7 3 0.065996 0.093623 0.018124
7 4 0.070470 0.093623 0.018124
7 5 0.074944 0.093623 0.018124
7 6 0.079045 0.093623 0.018124
7 7 0.081283 0.093623 0.018124
7 8 0.084887 0.093623 0.018124
7 9 0.087870 0.093623 0.018124
7 10 0.091847 0.093623 0.018124
7 11 0.096943 0.093623 0.018124
7 12 0.101665 0.093623 0.018124
7 13 0.103281 0.093623 0.018124
7 14 0.107755 0.093623 0.018124
7 15 0.110863 0.093623 0.018124
7 16 0.111733 0.093623 0.018124
7 17 0.110117 0.093623 0.018124
7 18 0.109495 0.093623 0.018124
7 19 0.104400 0.093623 0.018124
7 20 0.095700 0.093623 0.018124
8 0 0.065747 0.093623 0.018124
8 1 0.067611 0.093623 0.018124
8 2 0.068481 0.093623 0.018124
8 3 0.069600 0.093623 0.018124
8 4 0.072707 0.093623 0.018124
8 5 0.076311 0.093623 0.018124
8 6 0.080413 0.093623 0.018124
8 7 0.084141 0.093623 0.018124
8 8 0.084638 0.093623 0.018124
8 9 0.090231 0.093623 0.018124
8 10 0.091598 0.093623 0.018124
8 11 0.098807 0.093623 0.018124
8 12 0.101293 0.093623 0.018124
8 13 0.102038 0.093623 0.018124
8 14 0.107010 0.093623 0.018124
8 15 0.109371 0.093623 0.018124
8 16 0.109123 0.093623 0.018124
8 17 0.104897 0.093623 0.018124
8 18 0.102660 0.093623 0.018124
8 19 0.099304 0.093623 0.018124
8 20 0.090231 0.093623 0.018124
9 0 0.068357 0.093623 0.018124
9 1 0.070718 0.093623 0.018124
9 2 0.070594 0.093623 0.018124
9 3 0.072831 0.093623 0.018124
9 4 0.075068 0.093623 0.018124
9 5 0.079915 0.093623 0.018124
9 6 0.080537 0.093623 0.018124
9 7 0.083644 0.093623 0.018124
9 8 0.087870 0.093623 0.018124
9 9 0.091101 0.093623 0.018124
9 10 0.093463 0.093623 0.018124
9 11 0.096073 0.093623 0.018124
9 12 0.099801 0.093623 0.018124
9 13 0.101914 0.093623 0.018124
9 14 0.106264 0.093623 0.018124
9 15 0.107383 0.093623 0.018124
9 16 0.105270 0.093623 0.018124
9 17 0.105270 0.093623 0.018124
9 18 0.098931 0.093623 0.018124
9 19 0.094333 0.093623 0.018124
9 20 0.085384 0.093623 0.018124
10 0 0.070346 0.093623 0.018124
10 1 0.074323 0.093623 0.018124
10 2 0.076435 0.093623 0.018124
10 3 0.078424 0.093623 0.018124
10 4 0.081780 0.093623 0.018124
10 5 0.083271 0.093623 0.018124
10 6 0.084390 0.093623 0.018124
10 7 0.085633 0.093623 0.018124
10 8 0.089485 0.093623 0.018124
10 9 0.091350 0.093623 0.018124
10 10 0.092965 0.093623 0.018124
10 11 0.094084 0.093623 0.018124
10 12 0.100795 0.093623 0.018124
10 13 0.101790 0.093623 0.018124
10 14 0.105643 0.093623 0.018124
10 15 0.107258 0.093623 0.018124
10 16 0.105145 0.093623 0.018124
10 17 0.102784 0.093623 0.018124
10 18 0.096197 0.093623 0.018124
10 19 0.090480 0.093623 0.018124
10 20 0.082898 0.093623 0.018124
11 0 0.074323 0.093623 0.018124
11 1 0.079294 0.093623 0.018124
11 2 0.082028 0.093623 0.018124
11 3 0.086627 0.093623 0.018124
11 4 0.089113 0.093623 0.018124
11 5 0.088988 0.093623 0.018124
11 6 0.089485 0.093623 0.018124
11 7 0.091225 0.093623 0.018124
11 8 0.094208 0.093623 0.018124
11 9 0.096197 0.093623 0.018124
11 10 0.095078 0.093623 0.018124
11 11 0.098683 0.093623 0.018124
11 12 0.103281 0.093623 0.018124
11 13 0.103157 0.093623 0.018124
11 14 0.107755 0.093623 0.018124
11 15 0.106885 0.093623 0.018124
11 16 0.105270 0.093623 0.018124
11 17 0.098931 0.093623 0.018124
11 18 0.094954 0.093623 0.018124
11 19 0.088243 0.093623 0.018124
11 20 0.080413 0.093623 0.018124
12 0 0.078424 0.093623 0.018124
12 1 0.087497 0.093623 0.018124
12 2 0.092965 0.093623 0.018124
12 3 0.096321 0.093623 0.018124
12 4 0.097315 0.093623 0.018124
12 5 0.097191 0.093623 0.018124
12 6 0.095327 0.093623 0.018124
12 7 0.099677 0.093623 0.018124
12 8 0.100174 0.093623 0.018124
12 9 0.098558 0.093623 0.018124
12 10 0.100671 0.093623 0.018124
12 11 0.103033 0.093623 0.018124
12 12 0.107258 0.093623 0.018124
12 13 0.106885 0.093623 0.018124
12 14 0.108128 0.093623 0.018124
12 15 0.108625 0.093623 0.018124
12 16 0.105394 0.093623 0.018124
12 17 0.101665 0.093623 0.018124
12 18 0.096570 0.093623 0.018124
12 19 0.089858 0.093623 0.018124
12 20 0.081531 0.093623 0.018124
13 0 0.088118 0.093623 0.018124
13 1 0.097440 0.093623 0.018124
13 2 0.101914 0.093623 0.018124
13 3 0.104773 0.093623 0.018124
13 4 0.106885 0.093623 0.018124
13 5 0.103778 0.093623 0.018124
13 6 0.102908 0.093623 0.018124
13 7 0.104773 0.093623 0.018124
13 8 0.103281 0.093623 0.018124
13 9 0.103281 0.093623 0.018124
13 10 0.105643 0.093623 0.018124
13 11 0.107507 0.093623 0.018124
13 12 0.110365 0.093623 0.018124
13 13 0.109868 0.093623 0.018124
13 14 0.110738 0.093623 0.018124
13 15 0.111235 0.093623 0.018124
13 16 0.106637 0.093623 0.018124
13 17 0.104151 0.093623 0.018124
13 18 0.096694 0.093623 0.018124
13 19 0.089113 0.093623 0.018124
13 20 0.078548 0.093623 0.018124
14 0 0.097813 0.093623 0.018124
14 1 0.104773 0.093623 0.018124
14 2 0.107631 0.093623 0.018124
14 3 0.112975 0.093623 0.018124
14 4 0.113348 0.093623 0.018124
14 5 0.110863 0.093623 0.018124
14 6 0.108128 0.093623 0.018124
14 7 0.107880 0.093623 0.018124
14 8 0.107134 0.093623 0.018124
14 9 0.105270 0.093623 0.018124
14 10 0.107010 0.093623 0.018124
14 11 0.110365 0.093623 0.018124
14 12 0.113473 0.093623 0.018124
14 13 0.112851 0.093623 0.018124
14 14 0.111608 0.093623 0.018124
14 15 0.108750 0.093623 0.018124
14 16 0.105394 0.093623 0.018124
14 17 0.100423 0.093623 0.018124
14 18 0.095451 0.093623 0.018124
14 19 0.087497 0.093623 0.018124
14 20 0.077430 0.093623 0.018124
15 0 0.103903 0.093623 0.018124
15 1 0.110614 0.093623 0.018124
15 2 0.113970 0.093623 0.018124
15 3 0.116704 0.093623 0.018124
15 4 0.118320 0.093623 0.018124
15 5 0.116580 0.093623 0.018124
15 6 0.113845 0.093623 0.018124
15 7 0.109123 0.093623 0.018124
15 8 0.109123 0.093623 0.018124
15 9 0.109868 0.093623 0.018124
15 10 0.108128 0.093623 0.018124
15 11 0.110365 0.093623 0.018124
15 12 0.111111 0.093623 0.018124
15 13 0.110738 0.093623 0.018124
15 14 0.109247 0.093623 0.018124
15 15 0.106388 0.093623 0.018124
15 16 0.103157 0.093623 0.018124
15 17 0.098683 0.093623 0.018124
15 18 0.092344 0.093623 0.018124
15 19 0.084390 0.093623 0.018124
15 20 0.076435 0.093623 0.018124
16 0 0.108501 0.093623 0.018124
16 1 0.113970 0.093623 0.018124
16 2 0.119314 0.093623 0.018124
16 3 0.120433 0.093623 0.018124
16 4 0.119935 0.093623 0.018124
16 5 0.119935 0.093623 0.018124
16 6 0.116331 0.093623 0.018124
16 7 0.114840 0.093623 0.018124
16 8 0.112851 0.093623 0.018124
16 9 0.110987 0.093623 0.018124
16 10 0.110241 0.093623 0.018124
16 11 0.108377 0.093623 0.018124
16 12 0.109247 0.093623 0.018124
16 13 0.108750 0.093623 0.018124
16 14 0.106761 0.093623 0.018124
16 15 0.102411 0.093623 0.018124
16 16 0.099055 0.093623 0.018124
16 17 0.095327 0.093623 0.018124
16 18 0.087248 0.093623 0.018124
16 19 0.081158 0.093623 0.018124
16 20 0.074447 0.093623 0.018124
17 0 0.111111 0.093623 0.018124
17 1 0.115710 0.093623 0.018124
17 2 0.119438 0.093623 0.018124
17 3 0.121303 0.093623 0.018124
17 4 0.122918 0.093623 0.018124
17 5 0.119811 0.093623 0.018124
17 6 0.118693 0.093623 0.018124
17 7 0.112851 0.093623 0.018124
17 8 0.109371 0.093623 0.018124
17 9 0.109744 0.093623 0.018124
17 10 0.107134 0.093623 0.018124
17 11 0.104524 0.093623 0.018124
17 12 0.106388 0.093623 0.018124
17 13 0.105891 0.093623 0.018124
17 14 0.103281 0.093623 0.018124
17 15 0.100671 0.093623 0.018124
17 16 0.094705 0.093623 0.018124
17 17 0.092841 0.093623 0.018124
17 18 0.085011 0.093623 0.018124
17 19 0.075690 0.093623 0.018124
17 20 0.070346 0.093623 0.018124
18 0 0.109993 0.093623 0.018124
18 1 0.113721 0.093623 0.018124
18 2 0.118568 0.093623 0.018124
18 3 0.120184 0.093623 0.018124
18 4 0.117947 0.093623 0.018124
18 5 0.119314 0.093623 0.018124
18 6 0.117077 0.093623 0.018124
18 7 0.109744 0.093623 0.018124
18 8 0.106140 0.093623 0.018124
18 9 0.103281 0.093623 0.018124
18 10 0.101541 0.093623 0.018124
18 11 0.098185 0.093623 0.018124
18 12 0.098931 0.093623 0.018124
18 13 0.098185 0.093623 0.018124
18 14 0.099055 0.093623 0.018124
18 15 0.093338 0.093623 0.018124
18 16 0.087994 0.093623 0.018124
18 17 0.085135 0.093623 0.018124
18 18 0.079915 0.093623 0.018124
18 19 0.073701 0.093623 0.018124
18 20 0.065871 0.093623 0.018124
19 0 0.105270 0.093623 0.018124
19 1 0.110490 0.093623 0.018124
19 2 0.115213 0.093623 0.018124
19 3 0.116704 0.093623 0.018124
19 4 0.116207 0.093623 0.018124
19 5 0.112478 0.093623 0.018124
19 6 0.109744 0.093623 0.018124
19 7 0.106637 0.093623 0.018124
19 8 0.103530 0.093623 0.018124
19 9 0.097937 0.093623 0.018124
19 10 0.095078 0.093623 0.018124
19 11 0.092344 0.093623 0.018124
19 12 0.090977 0.093623 0.018124
19 13 0.089610 0.093623 0.018124
19 14 0.087994 0.093623 0.018124
19 15 0.085135 0.093623 0.018124
19 16 0.081655 0.093623 0.018124
19 17 0.079170 0.093623 0.018124
19 18 0.074074 0.093623 0.018124
19 19 0.070346 0.093623 0.018124
19 20 0.063510 0.093623 0.018124
20 0 0.098061 0.093623 0.018124
20 1 0.103903 0.093623 0.018124
20 2 0.108501 0.093623 0.018124
20 3 0.112603 0.093623 0.018124
20 4 0.109371 0.093623 0.018124
20 5 0.105394 0.093623 0.018124
20 6 0.102660 0.093623 0.018124
20 7 0.099304 0.093623 0.018124
20 8 0.093960 0.093623 0.018124
20 9 0.090977 0.093623 0.018124
20 10 0.088367 0.093623 0.018124
20 11 0.087870 0.093623 0.018124
20 12 0.084887 0.093623 0.018124
20 13 0.083520 0.093623 0.018124
20 14 0.081531 0.093623 0.018124
20 15 0.078921 0.093623 0.018124
20 16 0.073701 0.093623 0.018124
20 17 0.070470 0.093623 0.018124
20 18 0.066120 0.093623 0.018124
20 19 0.064380 0.093623 0.018124
20 20 0.059781 0.093623 0.018124
