# contact distance = 20.0 Angstroms
# F = 0.4 kJ/mol

# i j contact_probability mean_contact_probability stddev_contact_probability
0 0 0.066574 0.105147 0.021585
0 1 0.066681 0.105147 0.021585
0 2 0.069566 0.105147 0.021585
0 3 0.071703 0.105147 0.021585
0 4 0.072024 0.105147 0.021585
0 5 0.077260 0.105147 0.021585
0 6 0.079825 0.105147 0.021585
0 7 0.080680 0.105147 0.021585
0 8 0.084206 0.105147 0.021585
0 9 0.089228 0.105147 0.021585
0 10 0.091473 0.105147 0.021585
0 11 0.096495 0.105147 0.021585
0 12 0.105685 0.105147 0.021585
0 13 0.109959 0.105147 0.021585
0 14 0.115837 0.105147 0.021585
0 15 0.120539 0.105147 0.021585
0 16 0.120966 0.105147 0.021585
0 17 0.122141 0.105147 0.021585
0 18 0.121073 0.105147 0.021585
0 19 0.119256 0.105147 0.021585
0 20 0.112203 0.105147 0.021585
1 0 0.069246 0.105147 0.021585
1 1 0.069994 0.105147 0.021585
1 2 0.074375 0.105147 0.021585
1 3 0.075016 0.105147 0.021585
1 4 0.078115 0.105147 0.021585
1 5 0.081855 0.105147 0.021585
1 6 0.086343 0.105147 0.021585
1 7 0.087732 0.105147 0.021585
1 8 0.089763 0.105147 0.021585
1 9 0.094999 0.105147 0.021585
1 10 0.098312 0.105147 0.021585
1 11 0.104510 0.105147 0.021585
1 12 0.111776 0.105147 0.021585
1 13 0.117012 0.105147 0.021585
1 14 0.121073 0.105147 0.021585
1 15 0.125240 0.105147 0.021585
1 16 0.128019 0.105147 0.021585
1 17 0.127164 0.105147 0.021585
1 18 0.127164 0.105147 0.021585
1 19 0.122890 0.105147 0.021585
1 20 0.116157 0.105147 0.021585
2 0 0.069887 0.105147 0.021585
2 1 0.075123 0.105147 0.021585
2 2 0.078222 0.105147 0.021585
2 3 0.080038 0.105147 0.021585
2 4 0.083672 0.105147 0.021585
2 5 0.085061 0.105147 0.021585
2 6 0.089763 0.105147 0.021585
2 7 0.089335 0.105147 0.021585
2 8 0.094251 0.105147 0.021585
2 9 0.100342 0.105147 0.021585
2 10 0.105899 0.105147 0.021585
2 11 0.109853 0.105147 0.021585
2 12 0.116585 0.105147 0.021585
2 13 0.123638 0.105147 0.021585
2 14 0.128019 0.105147 0.021585
2 15 0.130263 0.105147 0.021585
2 16 0.130156 0.105147 0.021585
2 17 0.132186 0.105147 0.021585
2 18 0.129835 0.105147 0.021585
2 19 0.124599 0.105147 0.021585
2 20 0.118936 0.105147 0.021585
3 0 0.072238 0.105147 0.021585
3 1 0.075978 0.105147 0.021585
3 2 0.080893 0.105147 0.021585
3 3 0.082283 0.105147 0.021585
3 4 0.086023 0.105147 0.021585
3 5 0.089015 0.105147 0.021585
3 6 0.093610 0.105147 0.021585
3 7 0.095747 0.105147 0.021585
3 8 0.098312 0.105147 0.021585
3 9 0.104189 0.105147 0.021585
3 10 0.110707 0.105147 0.021585
3 11 0.115409 0.105147 0.021585
3 12 0.120539 0.105147 0.021585
3 13 0.128660 0.105147 0.021585
3 14 0.129194 0.105147 0.021585
3 15 0.131866 0.105147 0.021585
3 16 0.133255 0.105147 0.021585
3 17 0.132614 0.105147 0.021585
3 18 0.131438 0.105147 0.021585
3 19 0.127912 0.105147 0.021585
3 20 0.121073 0.105147 0.021585
4 0 0.073841 0.105147 0.021585
4 1 0.077367 0.105147 0.021585
4 2 0.079397 0.105147 0.021585
4 3 0.083351 0.105147 0.021585
4 4 0.088053 0.105147 0.021585
4 5 0.093930 0.105147 0.021585
4 6 0.097991 0.105147 0.021585
4 7 0.098525 0.105147 0.021585
4 8 0.101838 0.105147 0.021585
4 9 0.106860 0.105147 0.021585
4 10 0.113165 0.105147 0.021585
4 11 0.119043 0.105147 0.021585
4 12 0.120539 0.105147 0.021585
4 13 0.127591 0.105147 0.021585
4 14 0.130583 0.105147 0.021585
4 15 0.132400 0.105147 0.021585
4 16 0.133469 0.105147 0.021585
4 17 0.131118 0.105147 0.021585
4 18 0.131225 0.105147 0.021585
4 19 0.127057 0.105147 0.021585
4 20 0.120218 0.105147 0.021585
5 0 0.073199 0.105147 0.021585
5 1 0.078222 0.105147 0.021585
5 2 0.082069 0.105147 0.021585
5 3 0.084633 0.105147 0.021585
5 4 0.089442 0.105147 0.021585
5 5 0.097884 0.105147 0.021585
5 6 0.100556 0.105147 0.021585
5 7 0.102159 0.105147 0.021585
5 8 0.104616 0.105147 0.021585
5 9 0.110066 0.105147 0.021585
5 10 0.113806 0.105147 0.021585
5 11 0.117867 0.105147 0.021585
5 12 0.123424 0.105147 0.021585
5 13 0.125988 0.105147 0.021585
5 14 0.128126 0.105147 0.021585
5 15 0.130370 0.105147 0.021585
5 16 0.130370 0.105147 0.021585
5 17 0.127591 0.105147 0.021585
5 18 0.126309 0.105147 0.021585
5 19 0.124386 0.105147 0.021585
5 20 0.118829 0.105147 0.021585
6 0 0.076405 0.105147 0.021585
6 1 0.080145 0.105147 0.021585
6 2 0.085061 0.105147 0.021585
6 3 0.090083 0.105147 0.021585
6 4 0.095320 0.105147 0.021585
6 5 0.099915 0.105147 0.021585
6 6 0.104403 0.105147 0.021585
6 7 0.105151 0.105147 0.021585
6 8 0.109211 0.105147 0.021585
6 9 0.112203 0.105147 0.021585
6 10 0.114661 0.105147 0.021585
6 11 0.116905 0.105147 0.021585
6 12 0.119897 0.105147 0.021585
6 13 0.123210 0.105147 0.021585
6 14 0.127591 0.105147 0.021585
6 15 0.127271 0.105147 0.021585
6 16 0.126416 0.105147 0.021585
6 17 0.125347 0.105147 0.021585
6 18 0.122141 0.105147 0.021585
6 19 0.119577 0.105147 0.021585
6 20 0.112203 0.105147 0.021585
7 0 0.078115 0.105147 0.021585
7 1 0.082603 0.105147 0.021585
7 2 0.088694 0.105147 0.021585
7 3 0.091686 0.105147 0.021585
7 4 0.099273 0.105147 0.021585
7 5 0.102800 0.105147 0.021585
7 6 0.106540 0.105147 0.021585
7 7 0.108784 0.105147 0.021585
7 8 0.110494 0.105147 0.021585
7 9 0.111883 0.105147 0.021585
7 10 0.114982 0.105147 0.021585
7 11 0.115516 0.105147 0.021585
7 12 0.118081 0.105147 0.021585
7 13 0.120752 0.105147 0.021585
7 14 0.125561 0.105147 0.021585
7 15 0.124386 0.105147 0.021585
7 16 0.120432 0.105147 0.021585
7 17 0.120645 0.105147 0.021585
7 18 0.116371 0.105147 0.021585
7 19 0.110387 0.105147 0.021585
7 20 0.103441 0.105147 0.021585
8 0 0.082389 0.105147 0.021585
8 1 0.088053 0.105147 0.021585
8 2 0.093717 0.105147 0.021585
8 3 0.097350 0.105147 0.021585
8 4 0.103441 0.105147 0.021585
8 5 0.108463 0.105147 0.021585
8 6 0.109639 0.105147 0.021585
8 7 0.111242 0.105147 0.021585
8 8 0.114127 0.105147 0.021585
8 9 0.114661 0.105147 0.021585
8 10 0.116478 0.105147 0.021585
8 11 0.118401 0.105147 0.021585
8 12 0.118081 0.105147 0.021585
8 13 0.119791 0.105147 0.021585
8 14 0.120859 0.105147 0.021585
8 15 0.120004 0.105147 0.021585
8 16 0.117226 0.105147 0.021585
8 17 0.112417 0.105147 0.021585
8 18 0.111242 0.105147 0.021585
8 19 0.106112 0.105147 0.021585
8 20 0.096388 0.105147 0.021585
9 0 0.088160 0.105147 0.021585
9 1 0.094037 0.105147 0.021585
9 2 0.099166 0.105147 0.021585
9 3 0.103655 0.105147 0.021585
9 4 0.107715 0.105147 0.021585
9 5 0.112524 0.105147 0.021585
9 6 0.114768 0.105147 0.021585
9 7 0.114448 0.105147 0.021585
9 8 0.115516 0.105147 0.021585
9 9 0.116585 0.105147 0.021585
9 10 0.117546 0.105147 0.021585
9 11 0.119897 0.105147 0.021585
9 12 0.122676 0.105147 0.021585
9 13 0.121821 0.105147 0.021585
9 14 0.119470 0.105147 0.021585
9 15 0.117974 0.105147 0.021585
9 16 0.115730 0.105147 0.021585
9 17 0.110173 0.105147 0.021585
9 18 0.106860 0.105147 0.021585
9 19 0.101624 0.105147 0.021585
9 20 0.090938 0.105147 0.021585
10 0 0.091366 0.105147 0.021585
10 1 0.097350 0.105147 0.021585
10 2 0.105364 0.105147 0.021585
10 3 0.109746 0.105147 0.021585
10 4 0.113593 0.105147 0.021585
10 5 0.116264 0.105147 0.021585
10 6 0.118401 0.105147 0.021585
10 7 0.116585 0.105147 0.021585
10 8 0.117012 0.105147 0.021585
10 9 0.118508 0.105147 0.021585
10 10 0.117653 0.105147 0.021585
10 11 0.118081 0.105147 0.021585
10 12 0.120539 0.105147 0.021585
10 13 0.123210 0.105147 0.021585
10 14 0.119149 0.105147 0.021585
10 15 0.115302 0.105147 0.021585
10 16 0.111242 0.105147 0.021585
10 17 0.107181 0.105147 0.021585
10 18 0.103441 0.105147 0.021585
10 19 0.096602 0.105147 0.021585
10 20 0.084740 0.105147 0.021585
11 0 0.094678 0.105147 0.021585
11 1 0.103761 0.105147 0.021585
11 2 0.110494 0.105147 0.021585
11 3 0.114554 0.105147 0.021585
11 4 0.116798 0.105147 0.021585
11 5 0.117653 0.105147 0.021585
11 6 0.120325 0.105147 0.021585
11 7 0.118615 0.105147 0.021585
11 8 0.118401 0.105147 0.021585
11 9 0.117867 0.105147 0.021585
11 10 0.119149 0.105147 0.021585
11 11 0.119684 0.105147 0.021585
11 12 0.119256 0.105147 0.021585
11 13 0.120645 0.105147 0.021585
11 14 0.117974 0.105147 0.021585
11 15 0.113913 0.105147 0.021585
11 16 0.111135 0.105147 0.021585
11 17 0.103655 0.105147 0.021585
11 18 0.096922 0.105147 0.021585
11 19 0.087732 0.105147 0.021585
11 20 0.081000 0.105147 0.021585
12 0 0.101517 0.105147 0.021585
12 1 0.109959 0.105147 0.021585
12 2 0.115730 0.105147 0.021585
12 3 0.122141 0.105147 0.021585
12 4 0.121607 0.105147 0.021585
12 5 0.120432 0.105147 0.021585
12 6 0.120325 0.105147 0.021585
12 7 0.119256 0.105147 0.021585
12 8 0.118081 0.105147 0.021585
12 9 0.117760 0.105147 0.021585
12 10 0.118936 0.105147 0.021585
12 11 0.117760 0.105147 0.021585
12 12 0.117440 0.105147 0.021585
12 13 0.117653 0.105147 0.021585
12 14 0.115730 0.105147 0.021585
12 15 0.111669 0.105147 0.021585
12 16 0.106540 0.105147 0.021585
12 17 0.098312 0.105147 0.021585
12 18 0.091579 0.105147 0.021585
12 19 0.082176 0.105147 0.021585
12 20 0.073520 0.105147 0.021585
13 0 0.109959 0.105147 0.021585
13 1 0.118401 0.105147 0.021585
13 2 0.124599 0.105147 0.021585
13 3 0.127378 0.105147 0.021585
13 4 0.127698 0.105147 0.021585
13 5 0.125027 0.105147 0.021585
13 6 0.123958 0.105147 0.021585
13 7 0.123958 0.105147 0.021585
13 8 0.121607 0.105147 0.021585
13 9 0.119577 0.105147 0.021585
13 10 0.117226 0.105147 0.021585
13 11 0.116157 0.105147 0.021585
13 12 0.115196 0.105147 0.021585
13 13 0.113593 0.105147 0.021585
13 14 0.110173 0.105147 0.021585
13 15 0.104189 0.105147 0.021585
13 16 0.098525 0.105147 0.021585
13 17 0.091045 0.105147 0.021585
13 18 0.083031 0.105147 0.021585
13 19 0.076298 0.105147 0.021585
13 20 0.070742 0.105147 0.021585
14 0 0.113700 0.105147 0.021585
14 1 0.122248 0.105147 0.021585
14 2 0.129729 0.105147 0.021585
14 3 0.131438 0.105147 0.021585
14 4 0.131011 0.105147 0.021585
14 5 0.128981 0.105147 0.021585
14 6 0.126950 0.105147 0.021585
14 7 0.122783 0.105147 0.021585
14 8 0.121180 0.105147 0.021585
14 9 0.119577 0.105147 0.021585
14 10 0.116478 0.105147 0.021585
14 11 0.114448 0.105147 0.021585
14 12 0.112631 0.105147 0.021585
14 13 0.109853 0.105147 0.021585
14 14 0.105899 0.105147 0.021585
14 15 0.098098 0.105147 0.021585
14 16 0.091152 0.105147 0.021585
14 17 0.084740 0.105147 0.021585
14 18 0.077688 0.105147 0.021585
14 19 0.069566 0.105147 0.021585
14 20 0.064544 0.105147 0.021585
15 0 0.117119 0.105147 0.021585
15 1 0.127057 0.105147 0.021585
15 2 0.135178 0.105147 0.021585
15 3 0.136354 0.105147 0.021585
15 4 0.135713 0.105147 0.021585
15 5 0.130904 0.105147 0.021585
15 6 0.126630 0.105147 0.021585
15 7 0.125454 0.105147 0.021585
15 8 0.122355 0.105147 0.021585
15 9 0.119470 0.105147 0.021585
15 10 0.114768 0.105147 0.021585
15 11 0.110921 0.105147 0.021585
15 12 0.108463 0.105147 0.021585
15 13 0.105792 0.105147 0.021585
15 14 0.098739 0.105147 0.021585
15 15 0.091579 0.105147 0.021585
15 16 0.085809 0.105147 0.021585
15 17 0.079611 0.105147 0.021585
15 18 0.072772 0.105147 0.021585
15 19 0.065826 0.105147 0.021585
15 20 0.059201 0.105147 0.021585
16 0 0.122890 0.105147 0.021585
16 1 0.129622 0.105147 0.021585
16 2 0.136354 0.105147 0.021585
16 3 0.138919 0.105147 0.021585
16 4 0.138384 0.105147 0.021585
16 5 0.133255 0.105147 0.021585
16 6 0.130370 0.105147 0.021585
16 7 0.126950 0.105147 0.021585
16 8 0.123424 0.105147 0.021585
16 9 0.119470 0.105147 0.021585
16 10 0.111349 0.105147 0.021585
16 11 0.107288 0.105147 0.021585
16 12 0.104937 0.105147 0.021585
16 13 0.101090 0.105147 0.021585
16 14 0.092327 0.105147 0.021585
16 15 0.084313 0.105147 0.021585
16 16 0.079718 0.105147 0.021585
16 17 0.070421 0.105147 0.021585
16 18 0.065933 0.105147 0.021585
16 19 0.059735 0.105147 0.021585
16 20 0.054178 0.105147 0.021585
17 0 0.122141 0.105147 0.021585
17 1 0.130797 0.105147 0.021585
17 2 0.136354 0.105147 0.021585
17 3 0.139667 0.105147 0.021585
17 4 0.137423 0.105147 0.021585
17 5 0.134217 0.105147 0.021585
17 6 0.130263 0.105147 0.021585
17 7 0.125668 0.105147 0.021585
17 8 0.119577 0.105147 0.021585
17 9 0.113165 0.105147 0.021585
17 10 0.107288 0.105147 0.021585
17 11 0.100876 0.105147 0.021585
17 12 0.096495 0.105147 0.021585
17 13 0.094144 0.105147 0.021585
17 14 0.087091 0.105147 0.021585
17 15 0.079504 0.105147 0.021585
17 16 0.070635 0.105147 0.021585
17 17 0.064864 0.105147 0.021585
17 18 0.058132 0.105147 0.021585
17 19 0.055140 0.105147 0.021585
17 20 0.048728 0.105147 0.021585
18 0 0.122355 0.105147 0.021585
18 1 0.128874 0.105147 0.021585
18 2 0.132614 0.105147 0.021585
18 3 0.135499 0.105147 0.021585
18 4 0.136033 0.105147 0.021585
18 5 0.131225 0.105147 0.021585
18 6 0.129194 0.105147 0.021585
18 7 0.121607 0.105147 0.021585
18 8 0.115089 0.105147 0.021585
18 9 0.107929 0.105147 0.021585
18 10 0.103655 0.105147 0.021585
18 11 0.098205 0.105147 0.021585
18 12 0.092648 0.105147 0.021585
18 13 0.086450 0.105147 0.021585
18 14 0.081107 0.105147 0.021585
18 15 0.075016 0.105147 0.021585
18 16 0.066253 0.105147 0.021585
18 17 0.059094 0.105147 0.021585
18 18 0.053965 0.105147 0.021585
18 19 0.049476 0.105147 0.021585
18 20 0.047339 0.105147 0.021585
19 0 0.119684 0.105147 0.021585
19 1 0.125882 0.105147 0.021585
19 2 0.128339 0.105147 0.021585
19 3 0.131652 0.105147 0.021585
19 4 0.130904 0.105147 0.021585
19 5 0.126630 0.105147 0.021585
19 6 0.123851 0.105147 0.021585
19 7 0.115409 0.105147 0.021585
19 8 0.108036 0.105147 0.021585
19 9 0.102372 0.105147 0.021585
19 10 0.092648 0.105147 0.021585
19 11 0.091366 0.105147 0.021585
19 12 0.084740 0.105147 0.021585
19 13 0.081962 0.105147 0.021585
19 14 0.074695 0.105147 0.021585
19 15 0.068284 0.105147 0.021585
19 16 0.060910 0.105147 0.021585
19 17 0.056209 0.105147 0.021585
19 18 0.051614 0.105147 0.021585
19 19 0.047339 0.105147 0.021585
19 20 0.045095 0.105147 0.021585
20 0 0.115516 0.105147 0.021585
20 1 0.119791 0.105147 0.021585
20 2 0.123851 0.105147 0.021585
20 3 0.124172 0.105147 0.021585
20 4 0.121714 0.105147 0.021585
20 5 0.116692 0.105147 0.021585
20 6 0.112203 0.105147 0.021585
20 7 0.105578 0.105147 0.021585
20 8 0.097136 0.105147 0.021585
20 9 0.092755 0.105147 0.021585
20 10 0.084206 0.105147 0.021585
20 11 0.080038 0.105147 0.021585
20 12 0.077153 0.105147 0.021585
20 13 0.072451 0.105147 0.021585
20 14 0.066895 0.105147 0.021585
20 15 0.059735 0.105147 0.021585
20 16 0.053858 0.105147 0.021585
20 17 0.049583 0.105147 0.021585
20 18 0.047019 0.105147 0.021585
20 19 0.046912 0.105147 0.021585
20 20 0.043706 0.105147 0.021585
