# contact distance = 20.0 Angstroms
# F = 0.4 kJ/mol

# i j contact_probability mean_contact_probability stddev_contact_probability
0 0 0.085539 0.080513 0.013568
0 1 0.085400 0.080513 0.013568
0 2 0.084564 0.080513 0.013568
0 3 0.079549 0.080513 0.013568
0 4 0.073140 0.080513 0.013568
0 5 0.071190 0.080513 0.013568
0 6 0.066035 0.080513 0.013568
0 7 0.063249 0.080513 0.013568
0 8 0.064085 0.080513 0.013568
0 9 0.066732 0.080513 0.013568
0 10 0.071190 0.080513 0.013568
0 11 0.076484 0.080513 0.013568
0 12 0.080802 0.080513 0.013568
0 13 0.087629 0.080513 0.013568
0 14 0.095013 0.080513 0.013568
0 15 0.099889 0.080513 0.013568
0 16 0.104068 0.080513 0.013568
0 17 0.103650 0.080513 0.013568
0 18 0.102675 0.080513 0.013568
0 19 0.098077 0.080513 0.013568
0 20 0.093759 0.080513 0.013568
1 0 0.090137 0.080513 0.013568
1 1 0.088047 0.080513 0.013568
1 2 0.089301 0.080513 0.013568
1 3 0.083171 0.080513 0.013568
1 4 0.078016 0.080513 0.013568
1 5 0.075648 0.080513 0.013568
1 6 0.072304 0.080513 0.013568
1 7 0.066592 0.080513 0.013568
1 8 0.066453 0.080513 0.013568
1 9 0.071329 0.080513 0.013568
1 10 0.074115 0.080513 0.013568
1 11 0.081638 0.080513 0.013568
1 12 0.088325 0.080513 0.013568
1 13 0.094595 0.080513 0.013568
1 14 0.102396 0.080513 0.013568
1 15 0.107133 0.080513 0.013568
1 16 0.108247 0.080513 0.013568
1 17 0.107133 0.080513 0.013568
1 18 0.107829 0.080513 0.013568
1 19 0.103093 0.080513 0.013568
1 20 0.098077 0.080513 0.013568
2 0 0.086793 0.080513 0.013568
2 1 0.088604 0.080513 0.013568
2 2 0.088604 0.080513 0.013568
2 3 0.085818 0.080513 0.013568
2 4 0.082753 0.080513 0.013568
2 5 0.075091 0.080513 0.013568
2 6 0.071329 0.080513 0.013568
2 7 0.068821 0.080513 0.013568
2 8 0.069379 0.080513 0.013568
2 9 0.073279 0.080513 0.013568
2 10 0.078991 0.080513 0.013568
2 11 0.087629 0.080513 0.013568
2 12 0.093201 0.080513 0.013568
2 13 0.099749 0.080513 0.013568
2 14 0.106018 0.080513 0.013568
2 15 0.108108 0.080513 0.013568
2 16 0.109501 0.080513 0.013568
2 17 0.109780 0.080513 0.013568
2 18 0.108944 0.080513 0.013568
2 19 0.107272 0.080513 0.013568
2 20 0.100724 0.080513 0.013568
3 0 0.082614 0.080513 0.013568
3 1 0.084007 0.080513 0.013568
3 2 0.086096 0.080513 0.013568
3 3 0.084843 0.080513 0.013568
3 4 0.081220 0.080513 0.013568
3 5 0.074673 0.080513 0.013568
3 6 0.069797 0.080513 0.013568
3 7 0.070215 0.080513 0.013568
3 8 0.068961 0.080513 0.013568
3 9 0.073140 0.080513 0.013568
3 10 0.078852 0.080513 0.013568
3 11 0.086654 0.080513 0.013568
3 12 0.095013 0.080513 0.013568
3 13 0.102257 0.080513 0.013568
3 14 0.106158 0.080513 0.013568
3 15 0.110198 0.080513 0.013568
3 16 0.109780 0.080513 0.013568
3 17 0.111034 0.080513 0.013568
3 18 0.110476 0.080513 0.013568
3 19 0.106018 0.080513 0.013568
3 20 0.100446 0.080513 0.013568
4 0 0.073279 0.080513 0.013568
4 1 0.077877 0.080513 0.013568
4 2 0.081778 0.080513 0.013568
4 3 0.078991 0.080513 0.013568
4 4 0.075369 0.080513 0.013568
4 5 0.072722 0.080513 0.013568
4 6 0.070772 0.080513 0.013568
4 7 0.070075 0.080513 0.013568
4 8 0.069657 0.080513 0.013568
4 9 0.072722 0.080513 0.013568
4 10 0.079270 0.080513 0.013568
4 11 0.084564 0.080513 0.013568
4 12 0.094873 0.080513 0.013568
4 13 0.103511 0.080513 0.013568
4 14 0.105879 0.080513 0.013568
4 15 0.107969 0.080513 0.013568
4 16 0.109501 0.080513 0.013568
4 17 0.109641 0.080513 0.013568
4 18 0.106994 0.080513 0.013568
4 19 0.101700 0.080513 0.013568
4 20 0.095152 0.080513 0.013568
5 0 0.066732 0.080513 0.013568
5 1 0.069936 0.080513 0.013568
5 2 0.073697 0.080513 0.013568
5 3 0.072026 0.080513 0.013568
5 4 0.070354 0.080513 0.013568
5 5 0.068961 0.080513 0.013568
5 6 0.071747 0.080513 0.013568
5 7 0.068821 0.080513 0.013568
5 8 0.068821 0.080513 0.013568
5 9 0.071747 0.080513 0.013568
5 10 0.076902 0.080513 0.013568
5 11 0.084007 0.080513 0.013568
5 12 0.090833 0.080513 0.013568
5 13 0.099331 0.080513 0.013568
5 14 0.102257 0.080513 0.013568
5 15 0.105600 0.080513 0.013568
5 16 0.105879 0.080513 0.013568
5 17 0.106018 0.080513 0.013568
5 18 0.102814 0.080513 0.013568
5 19 0.096963 0.080513 0.013568
5 20 0.090694 0.080513 0.013568
6 0 0.060184 0.080513 0.013568
6 1 0.066592 0.080513 0.013568
6 2 0.068682 0.080513 0.013568
6 3 0.069379 0.080513 0.013568
6 4 0.067289 0.080513 0.013568
6 5 0.066314 0.080513 0.013568
6 6 0.068125 0.080513 0.013568
6 7 0.069379 0.080513 0.013568
6 8 0.067010 0.080513 0.013568
6 9 0.068125 0.080513 0.013568
6 10 0.078852 0.080513 0.013568
6 11 0.080663 0.080513 0.013568
6 12 0.087072 0.080513 0.013568
6 13 0.092923 0.080513 0.013568
6 14 0.096963 0.080513 0.013568
6 15 0.100167 0.080513 0.013568
6 16 0.101978 0.080513 0.013568
6 17 0.104068 0.080513 0.013568
6 18 0.098913 0.080513 0.013568
6 19 0.092644 0.080513 0.013568
6 20 0.084425 0.080513 0.013568
7 0 0.060463 0.080513 0.013568
7 1 0.064503 0.080513 0.013568
7 2 0.065339 0.080513 0.013568
7 3 0.067428 0.080513 0.013568
7 4 0.066174 0.080513 0.013568
7 5 0.067150 0.080513 0.013568
7 6 0.068961 0.080513 0.013568
7 7 0.069936 0.080513 0.013568
7 8 0.069100 0.080513 0.013568
7 9 0.071608 0.080513 0.013568
7 10 0.076344 0.080513 0.013568
7 11 0.080942 0.080513 0.013568
7 12 0.083310 0.080513 0.013568
7 13 0.087072 0.080513 0.013568
7 14 0.091112 0.080513 0.013568
7 15 0.091390 0.080513 0.013568
7 16 0.095291 0.080513 0.013568
7 17 0.099471 0.080513 0.013568
7 18 0.090972 0.080513 0.013568
7 19 0.084146 0.080513 0.013568
7 20 0.076902 0.080513 0.013568
8 0 0.060880 0.080513 0.013568
8 1 0.064642 0.080513 0.013568
8 2 0.066314 0.080513 0.013568
8 3 0.067986 0.080513 0.013568
8 4 0.069797 0.080513 0.013568
8 5 0.068961 0.080513 0.013568
8 6 0.069239 0.080513 0.013568
8 7 0.069100 0.080513 0.013568
8 8 0.070215 0.080513 0.013568
8 9 0.072583 0.080513 0.013568
8 10 0.076484 0.080513 0.013568
8 11 0.079967 0.080513 0.013568
8 12 0.082196 0.080513 0.013568
8 13 0.084146 0.080513 0.013568
8 14 0.086375 0.080513 0.013568
8 15 0.087490 0.080513 0.013568
8 16 0.089858 0.080513 0.013568
8 17 0.090694 0.080513 0.013568
8 18 0.085121 0.080513 0.013568
8 19 0.075648 0.080513 0.013568
8 20 0.068264 0.080513 0.013568
9 0 0.059209 0.080513 0.013568
9 1 0.065478 0.080513 0.013568
9 2 0.069518 0.080513 0.013568
9 3 0.072165 0.080513 0.013568
9 4 0.073558 0.080513 0.013568
9 5 0.072165 0.080513 0.013568
9 6 0.074255 0.080513 0.013568
9 7 0.071747 0.080513 0.013568
9 8 0.072165 0.080513 0.013568
9 9 0.073697 0.080513 0.013568
9 10 0.078852 0.080513 0.013568
9 11 0.079827 0.080513 0.013568
9 12 0.082056 0.080513 0.013568
9 13 0.083728 0.080513 0.013568
9 14 0.084564 0.080513 0.013568
9 15 0.083449 0.080513 0.013568
9 16 0.084425 0.080513 0.013568
9 17 0.084843 0.080513 0.013568
9 18 0.079827 0.080513 0.013568
9 19 0.071468 0.080513 0.013568
9 20 0.066035 0.080513 0.013568
10 0 0.063110 0.080513 0.013568
10 1 0.068403 0.080513 0.013568
10 2 0.073001 0.080513 0.013568
10 3 0.076205 0.080513 0.013568
10 4 0.075369 0.080513 0.013568
10 5 0.077598 0.080513 0.013568
10 6 0.075648 0.080513 0.013568
10 7 0.074255 0.080513 0.013568
10 8 0.075369 0.080513 0.013568
10 9 0.076344 0.080513 0.013568
10 10 0.078713 0.080513 0.013568
10 11 0.081360 0.080513 0.013568
10 12 0.082892 0.080513 0.013568
10 13 0.082474 0.080513 0.013568
10 14 0.084285 0.080513 0.013568
10 15 0.082056 0.080513 0.013568
10 16 0.080106 0.080513 0.013568
10 17 0.078295 0.080513 0.013568
10 18 0.073001 0.080513 0.013568
10 19 0.068264 0.080513 0.013568
10 20 0.060880 0.080513 0.013568
11 0 0.068543 0.080513 0.013568
11 1 0.073837 0.080513 0.013568
11 2 0.077738 0.080513 0.013568
11 3 0.079688 0.080513 0.013568
11 4 0.081081 0.080513 0.013568
11 5 0.079967 0.080513 0.013568
11 6 0.080802 0.080513 0.013568
11 7 0.078016 0.080513 0.013568
11 8 0.076762 0.080513 0.013568
11 9 0.079409 0.080513 0.013568
11 10 0.078295 0.080513 0.013568
11 11 0.081360 0.080513 0.013568
11 12 0.081081 0.080513 0.013568
11 13 0.081081 0.080513 0.013568
11 14 0.081638 0.080513 0.013568
11 15 0.080245 0.080513 0.013568
11 16 0.079688 0.080513 0.013568
11 17 0.078295 0.080513 0.013568
11 18 0.073837 0.080513 0.013568
11 19 0.065896 0.080513 0.013568
11 20 0.060323 0.080513 0.013568
12 0 0.075508 0.080513 0.013568
12 1 0.080245 0.080513 0.013568
12 2 0.086096 0.080513 0.013568
12 3 0.087211 0.080513 0.013568
12 4 0.086654 0.080513 0.013568
12 5 0.084843 0.080513 0.013568
12 6 0.083171 0.080513 0.013568
12 7 0.080524 0.080513 0.013568
12 8 0.080802 0.080513 0.013568
12 9 0.077738 0.080513 0.013568
12 10 0.080385 0.080513 0.013568
12 11 0.080802 0.080513 0.013568
12 12 0.079827 0.080513 0.013568
12 13 0.080385 0.080513 0.013568
12 14 0.079270 0.080513 0.013568
12 15 0.078852 0.080513 0.013568
12 16 0.077041 0.080513 0.013568
12 17 0.074673 0.080513 0.013568
12 18 0.070215 0.080513 0.013568
12 19 0.063388 0.080513 0.013568
12 20 0.057398 0.080513 0.013568
13 0 0.080663 0.080513 0.013568
13 1 0.084982 0.080513 0.013568
13 2 0.091669 0.080513 0.013568
13 3 0.091530 0.080513 0.013568
13 4 0.092366 0.080513 0.013568
13 5 0.089440 0.080513 0.013568
13 6 0.086236 0.080513 0.013568
13 7 0.083867 0.080513 0.013568
13 8 0.080524 0.080513 0.013568
13 9 0.078573 0.080513 0.013568
13 10 0.079688 0.080513 0.013568
13 11 0.080942 0.080513 0.013568
13 12 0.079967 0.080513 0.013568
13 13 0.081499 0.080513 0.013568
13 14 0.079131 0.080513 0.013568
13 15 0.079967 0.080513 0.013568
13 16 0.077877 0.080513 0.013568
13 17 0.076762 0.080513 0.013568
13 18 0.068961 0.080513 0.013568
13 19 0.062831 0.080513 0.013568
13 20 0.057119 0.080513 0.013568
14 0 0.088047 0.080513 0.013568
14 1 0.091251 0.080513 0.013568
14 2 0.095291 0.080513 0.013568
14 3 0.095430 0.080513 0.013568
14 4 0.096406 0.080513 0.013568
14 5 0.095152 0.080513 0.013568
14 6 0.090833 0.080513 0.013568
14 7 0.088047 0.080513 0.013568
14 8 0.083728 0.080513 0.013568
14 9 0.081360 0.080513 0.013568
14 10 0.079967 0.080513 0.013568
14 11 0.079688 0.080513 0.013568
14 12 0.080524 0.080513 0.013568
14 13 0.079409 0.080513 0.013568
14 14 0.080802 0.080513 0.013568
14 15 0.080663 0.080513 0.013568
14 16 0.078991 0.080513 0.013568
14 17 0.075508 0.080513 0.013568
14 18 0.068821 0.080513 0.013568
14 19 0.063110 0.080513 0.013568
14 20 0.057258 0.080513 0.013568
15 0 0.089440 0.080513 0.013568
15 1 0.094316 0.080513 0.013568
15 2 0.095988 0.080513 0.013568
15 3 0.099053 0.080513 0.013568
15 4 0.098635 0.080513 0.013568
15 5 0.095709 0.080513 0.013568
15 6 0.093759 0.080513 0.013568
15 7 0.090554 0.080513 0.013568
15 8 0.085957 0.080513 0.013568
15 9 0.081360 0.080513 0.013568
15 10 0.078155 0.080513 0.013568
15 11 0.079131 0.080513 0.013568
15 12 0.078295 0.080513 0.013568
15 13 0.079409 0.080513 0.013568
15 14 0.079409 0.080513 0.013568
15 15 0.080663 0.080513 0.013568
15 16 0.080663 0.080513 0.013568
15 17 0.076205 0.080513 0.013568
15 18 0.067428 0.080513 0.013568
15 19 0.060741 0.080513 0.013568
15 20 0.056283 0.080513 0.013568
16 0 0.092923 0.080513 0.013568
16 1 0.097102 0.080513 0.013568
16 2 0.098495 0.080513 0.013568
16 3 0.097938 0.080513 0.013568
16 4 0.098217 0.080513 0.013568
16 5 0.098495 0.080513 0.013568
16 6 0.095291 0.080513 0.013568
16 7 0.090415 0.080513 0.013568
16 8 0.086236 0.080513 0.013568
16 9 0.079688 0.080513 0.013568
16 10 0.075369 0.080513 0.013568
16 11 0.074812 0.080513 0.013568
16 12 0.077877 0.080513 0.013568
16 13 0.080245 0.080513 0.013568
16 14 0.079827 0.080513 0.013568
16 15 0.078852 0.080513 0.013568
16 16 0.077041 0.080513 0.013568
16 17 0.073001 0.080513 0.013568
16 18 0.064642 0.080513 0.013568
16 19 0.059905 0.080513 0.013568
16 20 0.053775 0.080513 0.013568
17 0 0.096127 0.080513 0.013568
17 1 0.099471 0.080513 0.013568
17 2 0.100306 0.080513 0.013568
17 3 0.099471 0.080513 0.013568
17 4 0.099053 0.080513 0.013568
17 5 0.099749 0.080513 0.013568
17 6 0.097520 0.080513 0.013568
17 7 0.089301 0.080513 0.013568
17 8 0.083728 0.080513 0.013568
17 9 0.076066 0.080513 0.013568
17 10 0.072444 0.080513 0.013568
17 11 0.073976 0.080513 0.013568
17 12 0.077738 0.080513 0.013568
17 13 0.075926 0.080513 0.013568
17 14 0.073837 0.080513 0.013568
17 15 0.078016 0.080513 0.013568
17 16 0.073279 0.080513 0.013568
17 17 0.069518 0.080513 0.013568
17 18 0.063249 0.080513 0.013568
17 19 0.057119 0.080513 0.013568
17 20 0.050989 0.080513 0.013568
18 0 0.095152 0.080513 0.013568
18 1 0.098774 0.080513 0.013568
18 2 0.097660 0.080513 0.013568
18 3 0.098913 0.080513 0.013568
18 4 0.097660 0.080513 0.013568
18 5 0.095988 0.080513 0.013568
18 6 0.091948 0.080513 0.013568
18 7 0.086514 0.080513 0.013568
18 8 0.077877 0.080513 0.013568
18 9 0.071190 0.080513 0.013568
18 10 0.069936 0.080513 0.013568
18 11 0.071886 0.080513 0.013568
18 12 0.072165 0.080513 0.013568
18 13 0.070354 0.080513 0.013568
18 14 0.072026 0.080513 0.013568
18 15 0.072026 0.080513 0.013568
18 16 0.068682 0.080513 0.013568
18 17 0.065617 0.080513 0.013568
18 18 0.058094 0.080513 0.013568
18 19 0.054333 0.080513 0.013568
18 20 0.050293 0.080513 0.013568
19 0 0.090137 0.080513 0.013568
19 1 0.092644 0.080513 0.013568
19 2 0.094177 0.080513 0.013568
19 3 0.092784 0.080513 0.013568
19 4 0.094455 0.080513 0.013568
19 5 0.092366 0.080513 0.013568
19 6 0.087907 0.080513 0.013568
19 7 0.080524 0.080513 0.013568
19 8 0.074115 0.080513 0.013568
19 9 0.065617 0.080513 0.013568
19 10 0.063110 0.080513 0.013568
19 11 0.064921 0.080513 0.013568
19 12 0.065617 0.080513 0.013568
19 13 0.065339 0.080513 0.013568
19 14 0.061577 0.080513 0.013568
19 15 0.065617 0.080513 0.013568
19 16 0.061856 0.080513 0.013568
19 17 0.060463 0.080513 0.013568
19 18 0.056283 0.080513 0.013568
19 19 0.050571 0.080513 0.013568
19 20 0.046810 0.080513 0.013568
20 0 0.084146 0.080513 0.013568
20 1 0.087490 0.080513 0.013568
20 2 0.089301 0.080513 0.013568
20 3 0.088743 0.080513 0.013568
20 4 0.086793 0.080513 0.013568
20 5 0.085121 0.080513 0.013568
20 6 0.079270 0.080513 0.013568
20 7 0.072722 0.080513 0.013568
20 8 0.066871 0.080513 0.013568
20 9 0.060741 0.080513 0.013568
20 10 0.058512 0.080513 0.013568
20 11 0.058930 0.080513 0.013568
20 12 0.060602 0.080513 0.013568
20 13 0.059487 0.080513 0.013568
20 14 0.058233 0.080513 0.013568
20 15 0.057398 0.080513 0.013568
20 16 0.056283 0.080513 0.013568
20 17 0.055029 0.080513 0.013568
20 18 0.051407 0.080513 0.013568
20 19 0.046252 0.080513 0.013568
20 20 0.043884 0.080513 0.013568
