# contact distance = 20.0 Angstroms
# F = 0.4 kJ/mol

# i j contact_probability mean_contact_probability stddev_contact_probability
0 0 0.052353 0.088501 0.019549
0 1 0.052882 0.088501 0.019549
0 2 0.051692 0.088501 0.019549
0 3 0.052353 0.088501 0.019549
0 4 0.053146 0.088501 0.019549
0 5 0.055791 0.088501 0.019549
0 6 0.055262 0.088501 0.019549
0 7 0.056319 0.088501 0.019549
0 8 0.060286 0.088501 0.019549
0 9 0.062269 0.088501 0.019549
0 10 0.066764 0.088501 0.019549
0 11 0.068218 0.088501 0.019549
0 12 0.075886 0.088501 0.019549
0 13 0.080249 0.088501 0.019549
0 14 0.086462 0.088501 0.019549
0 15 0.095981 0.088501 0.019549
0 16 0.103649 0.088501 0.019549
0 17 0.106425 0.088501 0.019549
0 18 0.106425 0.088501 0.019549
0 19 0.105632 0.088501 0.019549
0 20 0.100873 0.088501 0.019549
1 0 0.051957 0.088501 0.019549
1 1 0.053675 0.088501 0.019549
1 2 0.051560 0.088501 0.019549
1 3 0.050502 0.088501 0.019549
1 4 0.051163 0.088501 0.019549
1 5 0.053279 0.088501 0.019549
1 6 0.054072 0.088501 0.019549
1 7 0.057377 0.088501 0.019549
1 8 0.061740 0.088501 0.019549
1 9 0.063194 0.088501 0.019549
1 10 0.067160 0.088501 0.019549
1 11 0.074564 0.088501 0.019549
1 12 0.080249 0.088501 0.019549
1 13 0.087652 0.088501 0.019549
1 14 0.095849 0.088501 0.019549
1 15 0.104045 0.088501 0.019549
1 16 0.111317 0.088501 0.019549
1 17 0.111713 0.088501 0.019549
1 18 0.111317 0.088501 0.019549
1 19 0.110920 0.088501 0.019549
1 20 0.105235 0.088501 0.019549
2 0 0.049841 0.088501 0.019549
2 1 0.049709 0.088501 0.019549
2 2 0.049445 0.088501 0.019549
2 3 0.048387 0.088501 0.019549
2 4 0.049841 0.088501 0.019549
2 5 0.051428 0.088501 0.019549
2 6 0.054072 0.088501 0.019549
2 7 0.056716 0.088501 0.019549
2 8 0.062004 0.088501 0.019549
2 9 0.063591 0.088501 0.019549
2 10 0.068350 0.088501 0.019549
2 11 0.072713 0.088501 0.019549
2 12 0.083554 0.088501 0.019549
2 13 0.092676 0.088501 0.019549
2 14 0.102856 0.088501 0.019549
2 15 0.109598 0.088501 0.019549
2 16 0.113961 0.088501 0.019549
2 17 0.115283 0.088501 0.019549
2 18 0.115944 0.088501 0.019549
2 19 0.115019 0.088501 0.019549
2 20 0.108805 0.088501 0.019549
3 0 0.050106 0.088501 0.019549
3 1 0.046536 0.088501 0.019549
3 2 0.047990 0.088501 0.019549
3 3 0.046404 0.088501 0.019549
3 4 0.047462 0.088501 0.019549
3 5 0.051560 0.088501 0.019549
3 6 0.055262 0.088501 0.019549
3 7 0.061211 0.088501 0.019549
3 8 0.064120 0.088501 0.019549
3 9 0.069011 0.088501 0.019549
3 10 0.071126 0.088501 0.019549
3 11 0.075754 0.088501 0.019549
3 12 0.087123 0.088501 0.019549
3 13 0.098228 0.088501 0.019549
3 14 0.106425 0.088501 0.019549
3 15 0.113300 0.088501 0.019549
3 16 0.116737 0.088501 0.019549
3 17 0.116737 0.088501 0.019549
3 18 0.116605 0.088501 0.019549
3 19 0.116076 0.088501 0.019549
3 20 0.113168 0.088501 0.019549
4 0 0.051031 0.088501 0.019549
4 1 0.049709 0.088501 0.019549
4 2 0.050106 0.088501 0.019549
4 3 0.049445 0.088501 0.019549
4 4 0.051824 0.088501 0.019549
4 5 0.054072 0.088501 0.019549
4 6 0.056187 0.088501 0.019549
4 7 0.062136 0.088501 0.019549
4 8 0.068614 0.088501 0.019549
4 9 0.070862 0.088501 0.019549
4 10 0.074035 0.088501 0.019549
4 11 0.079984 0.088501 0.019549
4 12 0.087916 0.088501 0.019549
4 13 0.096642 0.088501 0.019549
4 14 0.107615 0.088501 0.019549
4 15 0.113168 0.088501 0.019549
4 16 0.117530 0.088501 0.019549
4 17 0.118985 0.088501 0.019549
4 18 0.119117 0.088501 0.019549
4 19 0.116605 0.088501 0.019549
4 20 0.113035 0.088501 0.019549
5 0 0.051957 0.088501 0.019549
5 1 0.048519 0.088501 0.019549
5 2 0.051031 0.088501 0.019549
5 3 0.053411 0.088501 0.019549
5 4 0.053543 0.088501 0.019549
5 5 0.057113 0.088501 0.019549
5 6 0.060418 0.088501 0.019549
5 7 0.066499 0.088501 0.019549
5 8 0.072316 0.088501 0.019549
5 9 0.074035 0.088501 0.019549
5 10 0.075754 0.088501 0.019549
5 11 0.081571 0.088501 0.019549
5 12 0.090164 0.088501 0.019549
5 13 0.100608 0.088501 0.019549
5 14 0.108540 0.088501 0.019549
5 15 0.113300 0.088501 0.019549
5 16 0.117134 0.088501 0.019549
5 17 0.117927 0.088501 0.019549
5 18 0.119778 0.088501 0.019549
5 19 0.115283 0.088501 0.019549
5 20 0.110920 0.088501 0.019549
6 0 0.055923 0.088501 0.019549
6 1 0.054072 0.088501 0.019549
6 2 0.056980 0.088501 0.019549
6 3 0.058435 0.088501 0.019549
6 4 0.062401 0.088501 0.019549
6 5 0.064781 0.088501 0.019549
6 6 0.067689 0.088501 0.019549
6 7 0.070069 0.088501 0.019549
6 8 0.074432 0.088501 0.019549
6 9 0.075357 0.088501 0.019549
6 10 0.079588 0.088501 0.019549
6 11 0.085140 0.088501 0.019549
6 12 0.090032 0.088501 0.019549
6 13 0.099683 0.088501 0.019549
6 14 0.106293 0.088501 0.019549
6 15 0.110391 0.088501 0.019549
6 16 0.115415 0.088501 0.019549
6 17 0.116869 0.088501 0.019549
6 18 0.115283 0.088501 0.019549
6 19 0.112771 0.088501 0.019549
6 20 0.107747 0.088501 0.019549
7 0 0.057509 0.088501 0.019549
7 1 0.058170 0.088501 0.019549
7 2 0.061211 0.088501 0.019549
7 3 0.062004 0.088501 0.019549
7 4 0.067028 0.088501 0.019549
7 5 0.069540 0.088501 0.019549
7 6 0.071655 0.088501 0.019549
7 7 0.075225 0.088501 0.019549
7 8 0.078794 0.088501 0.019549
7 9 0.081174 0.088501 0.019549
7 10 0.083818 0.088501 0.019549
7 11 0.089371 0.088501 0.019549
7 12 0.096113 0.088501 0.019549
7 13 0.098625 0.088501 0.019549
7 14 0.104707 0.088501 0.019549
7 15 0.108937 0.088501 0.019549
7 16 0.113829 0.088501 0.019549
7 17 0.114357 0.088501 0.019549
7 18 0.114225 0.088501 0.019549
7 19 0.110259 0.088501 0.019549
7 20 0.103649 0.088501 0.019549
8 0 0.060286 0.088501 0.019549
8 1 0.060814 0.088501 0.019549
8 2 0.064516 0.088501 0.019549
8 3 0.066367 0.088501 0.019549
8 4 0.070598 0.088501 0.019549
8 5 0.072845 0.088501 0.019549
8 6 0.075093 0.088501 0.019549
8 7 0.079191 0.088501 0.019549
8 8 0.082760 0.088501 0.019549
8 9 0.083289 0.088501 0.019549
8 10 0.086066 0.088501 0.019549
8 11 0.089238 0.088501 0.019549
8 12 0.095584 0.088501 0.019549
8 13 0.100212 0.088501 0.019549
8 14 0.102856 0.088501 0.019549
8 15 0.106425 0.088501 0.019549
8 16 0.109995 0.088501 0.019549
8 17 0.111052 0.088501 0.019549
8 18 0.110259 0.088501 0.019549
8 19 0.107747 0.088501 0.019549
8 20 0.097567 0.088501 0.019549
9 0 0.061079 0.088501 0.019549
9 1 0.063987 0.088501 0.019549
9 2 0.068086 0.088501 0.019549
9 3 0.071391 0.088501 0.019549
9 4 0.074564 0.088501 0.019549
9 5 0.076679 0.088501 0.019549
9 6 0.078001 0.088501 0.019549
9 7 0.080513 0.088501 0.019549
9 8 0.081967 0.088501 0.019549
9 9 0.085537 0.088501 0.019549
9 10 0.088445 0.088501 0.019549
9 11 0.093998 0.088501 0.019549
9 12 0.098361 0.088501 0.019549
9 13 0.100344 0.088501 0.019549
9 14 0.103517 0.088501 0.019549
9 15 0.105764 0.088501 0.019549
9 16 0.107218 0.088501 0.019549
9 17 0.107879 0.088501 0.019549
9 18 0.107218 0.088501 0.019549
9 19 0.102723 0.088501 0.019549
9 20 0.091486 0.088501 0.019549
10 0 0.065177 0.088501 0.019549
10 1 0.067689 0.088501 0.019549
10 2 0.069672 0.088501 0.019549
10 3 0.073638 0.088501 0.019549
10 4 0.076415 0.088501 0.019549
10 5 0.076943 0.088501 0.019549
10 6 0.079059 0.088501 0.019549
10 7 0.080645 0.088501 0.019549
10 8 0.083818 0.088501 0.019549
10 9 0.087652 0.088501 0.019549
10 10 0.087784 0.088501 0.019549
10 11 0.092411 0.088501 0.019549
10 12 0.096642 0.088501 0.019549
10 13 0.097964 0.088501 0.019549
10 14 0.099947 0.088501 0.019549
10 15 0.102195 0.088501 0.019549
10 16 0.103517 0.088501 0.019549
10 17 0.102591 0.088501 0.019549
10 18 0.102591 0.088501 0.019549
10 19 0.094527 0.088501 0.019549
10 20 0.085405 0.088501 0.019549
11 0 0.065574 0.088501 0.019549
11 1 0.069672 0.088501 0.019549
11 2 0.074432 0.088501 0.019549
11 3 0.078133 0.088501 0.019549
11 4 0.081571 0.088501 0.019549
11 5 0.082232 0.088501 0.019549
11 6 0.084347 0.088501 0.019549
11 7 0.085669 0.088501 0.019549
11 8 0.086330 0.088501 0.019549
11 9 0.090296 0.088501 0.019549
11 10 0.090957 0.088501 0.019549
11 11 0.093205 0.088501 0.019549
11 12 0.096906 0.088501 0.019549
11 13 0.099551 0.088501 0.019549
11 14 0.100608 0.088501 0.019549
11 15 0.101666 0.088501 0.019549
11 16 0.101534 0.088501 0.019549
11 17 0.102062 0.088501 0.019549
11 18 0.098493 0.088501 0.019549
11 19 0.092147 0.088501 0.019549
11 20 0.084479 0.088501 0.019549
12 0 0.070598 0.088501 0.019549
12 1 0.074960 0.088501 0.019549
12 2 0.082760 0.088501 0.019549
12 3 0.087123 0.088501 0.019549
12 4 0.087388 0.088501 0.019549
12 5 0.091089 0.088501 0.019549
12 6 0.090693 0.088501 0.019549
12 7 0.091883 0.088501 0.019549
12 8 0.092544 0.088501 0.019549
12 9 0.092808 0.088501 0.019549
12 10 0.093337 0.088501 0.019549
12 11 0.094923 0.088501 0.019549
12 12 0.097567 0.088501 0.019549
12 13 0.100079 0.088501 0.019549
12 14 0.101269 0.088501 0.019549
12 15 0.103384 0.088501 0.019549
12 16 0.104178 0.088501 0.019549
12 17 0.101401 0.088501 0.019549
12 18 0.096378 0.088501 0.019549
12 19 0.090296 0.088501 0.019549
12 20 0.082232 0.088501 0.019549
13 0 0.078530 0.088501 0.019549
13 1 0.084744 0.088501 0.019549
13 2 0.092279 0.088501 0.019549
13 3 0.095056 0.088501 0.019549
13 4 0.096378 0.088501 0.019549
13 5 0.097435 0.088501 0.019549
13 6 0.094923 0.088501 0.019549
13 7 0.097171 0.088501 0.019549
13 8 0.098228 0.088501 0.019549
13 9 0.096774 0.088501 0.019549
13 10 0.094923 0.088501 0.019549
13 11 0.095320 0.088501 0.019549
13 12 0.096642 0.088501 0.019549
13 13 0.101269 0.088501 0.019549
13 14 0.100079 0.088501 0.019549
13 15 0.100740 0.088501 0.019549
13 16 0.100344 0.088501 0.019549
13 17 0.100079 0.088501 0.019549
13 18 0.091354 0.088501 0.019549
13 19 0.085405 0.088501 0.019549
13 20 0.078662 0.088501 0.019549
14 0 0.089767 0.088501 0.019549
14 1 0.095188 0.088501 0.019549
14 2 0.101005 0.088501 0.019549
14 3 0.106161 0.088501 0.019549
14 4 0.106557 0.088501 0.019549
14 5 0.107351 0.088501 0.019549
14 6 0.104839 0.088501 0.019549
14 7 0.104839 0.088501 0.019549
14 8 0.103384 0.088501 0.019549
14 9 0.101401 0.088501 0.019549
14 10 0.097039 0.088501 0.019549
14 11 0.095584 0.088501 0.019549
14 12 0.097964 0.088501 0.019549
14 13 0.098889 0.088501 0.019549
14 14 0.098493 0.088501 0.019549
14 15 0.098228 0.088501 0.019549
14 16 0.099286 0.088501 0.019549
14 17 0.096510 0.088501 0.019549
14 18 0.092544 0.088501 0.019549
14 19 0.086859 0.088501 0.019549
14 20 0.079720 0.088501 0.019549
15 0 0.095188 0.088501 0.019549
15 1 0.101401 0.088501 0.019549
15 2 0.107879 0.088501 0.019549
15 3 0.111052 0.088501 0.019549
15 4 0.110656 0.088501 0.019549
15 5 0.111052 0.088501 0.019549
15 6 0.109466 0.088501 0.019549
15 7 0.106425 0.088501 0.019549
15 8 0.102062 0.088501 0.019549
15 9 0.102062 0.088501 0.019549
15 10 0.100740 0.088501 0.019549
15 11 0.099286 0.088501 0.019549
15 12 0.098361 0.088501 0.019549
15 13 0.097039 0.088501 0.019549
15 14 0.096906 0.088501 0.019549
15 15 0.097964 0.088501 0.019549
15 16 0.096906 0.088501 0.019549
15 17 0.095320 0.088501 0.019549
15 18 0.089635 0.088501 0.019549
15 19 0.084347 0.088501 0.019549
15 20 0.076150 0.088501 0.019549
16 0 0.100873 0.088501 0.019549
16 1 0.104574 0.088501 0.019549
16 2 0.109730 0.088501 0.019549
16 3 0.113300 0.088501 0.019549
16 4 0.117266 0.088501 0.019549
16 5 0.117134 0.088501 0.019549
16 6 0.112903 0.088501 0.019549
16 7 0.108540 0.088501 0.019549
16 8 0.106425 0.088501 0.019549
16 9 0.104310 0.088501 0.019549
16 10 0.100476 0.088501 0.019549
16 11 0.099154 0.088501 0.019549
16 12 0.098757 0.088501 0.019549
16 13 0.097964 0.088501 0.019549
16 14 0.097435 0.088501 0.019549
16 15 0.098096 0.088501 0.019549
16 16 0.096906 0.088501 0.019549
16 17 0.094130 0.088501 0.019549
16 18 0.093072 0.088501 0.019549
16 19 0.085008 0.088501 0.019549
16 20 0.076282 0.088501 0.019549
17 0 0.105500 0.088501 0.019549
17 1 0.108276 0.088501 0.019549
17 2 0.111978 0.088501 0.019549
17 3 0.116076 0.088501 0.019549
17 4 0.118059 0.088501 0.019549
17 5 0.119381 0.088501 0.019549
17 6 0.115812 0.088501 0.019549
17 7 0.112242 0.088501 0.019549
17 8 0.109995 0.088501 0.019549
17 9 0.106161 0.088501 0.019549
17 10 0.099286 0.088501 0.019549
17 11 0.097567 0.088501 0.019549
17 12 0.095849 0.088501 0.019549
17 13 0.094262 0.088501 0.019549
17 14 0.093998 0.088501 0.019549
17 15 0.096906 0.088501 0.019549
17 16 0.097039 0.088501 0.019549
17 17 0.092940 0.088501 0.019549
17 18 0.089767 0.088501 0.019549
17 19 0.083157 0.088501 0.019549
17 20 0.072316 0.088501 0.019549
18 0 0.104971 0.088501 0.019549
18 1 0.107351 0.088501 0.019549
18 2 0.111846 0.088501 0.019549
18 3 0.113696 0.088501 0.019549
18 4 0.114357 0.088501 0.019549
18 5 0.118588 0.088501 0.019549
18 6 0.115151 0.088501 0.019549
18 7 0.112639 0.088501 0.019549
18 8 0.107879 0.088501 0.019549
18 9 0.103252 0.088501 0.019549
18 10 0.095188 0.088501 0.019549
18 11 0.092544 0.088501 0.019549
18 12 0.090957 0.088501 0.019549
18 13 0.090693 0.088501 0.019549
18 14 0.088577 0.088501 0.019549
18 15 0.090296 0.088501 0.019549
18 16 0.090032 0.088501 0.019549
18 17 0.087916 0.088501 0.019549
18 18 0.084744 0.088501 0.019549
18 19 0.078265 0.088501 0.019549
18 20 0.068218 0.088501 0.019549
19 0 0.100212 0.088501 0.019549
19 1 0.104178 0.088501 0.019549
19 2 0.107879 0.088501 0.019549
19 3 0.111581 0.088501 0.019549
19 4 0.112374 0.088501 0.019549
19 5 0.113035 0.088501 0.019549
19 6 0.111449 0.088501 0.019549
19 7 0.108937 0.088501 0.019549
19 8 0.101005 0.088501 0.019549
19 9 0.096113 0.088501 0.019549
19 10 0.088049 0.088501 0.019549
19 11 0.086727 0.088501 0.019549
19 12 0.085933 0.088501 0.019549
19 13 0.084876 0.088501 0.019549
19 14 0.083157 0.088501 0.019549
19 15 0.083950 0.088501 0.019549
19 16 0.081967 0.088501 0.019549
19 17 0.079323 0.088501 0.019549
19 18 0.075093 0.088501 0.019549
19 19 0.069672 0.088501 0.019549
19 20 0.062930 0.088501 0.019549
20 0 0.093205 0.088501 0.019549
20 1 0.098625 0.088501 0.019549
20 2 0.103649 0.088501 0.019549
20 3 0.107879 0.088501 0.019549
20 4 0.108408 0.088501 0.019549
20 5 0.108144 0.088501 0.019549
20 6 0.105368 0.088501 0.019549
20 7 0.099947 0.088501 0.019549
20 8 0.093072 0.088501 0.019549
20 9 0.088049 0.088501 0.019549
20 10 0.082760 0.088501 0.019549
20 11 0.078133 0.088501 0.019549
20 12 0.078794 0.088501 0.019549
20 13 0.077472 0.088501 0.019549
20 14 0.077472 0.088501 0.019549
20 15 0.075621 0.088501 0.019549
20 16 0.075357 0.088501 0.019549
20 17 0.071523 0.088501 0.019549
20 18 0.068614 0.088501 0.019549
20 19 0.062269 0.088501 0.019549
20 20 0.057509 0.088501 0.019549
