# contact distance = 20.0 Angstroms
# F = 0.4 kJ/mol

# i j contact_probability mean_contact_probability stddev_contact_probability
0 0 0.081737 0.107103 0.013288
0 1 0.084080 0.107103 0.013288
0 2 0.081875 0.107103 0.013288
0 3 0.086010 0.107103 0.013288
0 4 0.088077 0.107103 0.013288
0 5 0.086147 0.107103 0.013288
0 6 0.085872 0.107103 0.013288
0 7 0.085183 0.107103 0.013288
0 8 0.085045 0.107103 0.013288
0 9 0.085320 0.107103 0.013288
0 10 0.085045 0.107103 0.013288
0 11 0.090420 0.107103 0.013288
0 12 0.093315 0.107103 0.013288
0 13 0.097037 0.107103 0.013288
0 14 0.098691 0.107103 0.013288
0 15 0.100620 0.107103 0.013288
0 16 0.102688 0.107103 0.013288
0 17 0.097864 0.107103 0.013288
0 18 0.098553 0.107103 0.013288
0 19 0.091247 0.107103 0.013288
0 20 0.086561 0.107103 0.013288
1 0 0.083115 0.107103 0.013288
1 1 0.085045 0.107103 0.013288
1 2 0.086423 0.107103 0.013288
1 3 0.088491 0.107103 0.013288
1 4 0.090145 0.107103 0.013288
1 5 0.088629 0.107103 0.013288
1 6 0.088904 0.107103 0.013288
1 7 0.088215 0.107103 0.013288
1 8 0.090145 0.107103 0.013288
1 9 0.091661 0.107103 0.013288
1 10 0.093039 0.107103 0.013288
1 11 0.096623 0.107103 0.013288
1 12 0.099655 0.107103 0.013288
1 13 0.105445 0.107103 0.013288
1 14 0.107374 0.107103 0.013288
1 15 0.107236 0.107103 0.013288
1 16 0.107374 0.107103 0.013288
1 17 0.105307 0.107103 0.013288
1 18 0.103101 0.107103 0.013288
1 19 0.096761 0.107103 0.013288
1 20 0.089042 0.107103 0.013288
2 0 0.085458 0.107103 0.013288
2 1 0.088077 0.107103 0.013288
2 2 0.089593 0.107103 0.013288
2 3 0.090558 0.107103 0.013288
2 4 0.092764 0.107103 0.013288
2 5 0.090283 0.107103 0.013288
2 6 0.092764 0.107103 0.013288
2 7 0.092212 0.107103 0.013288
2 8 0.094418 0.107103 0.013288
2 9 0.097037 0.107103 0.013288
2 10 0.098553 0.107103 0.013288
2 11 0.102963 0.107103 0.013288
2 12 0.106685 0.107103 0.013288
2 13 0.109993 0.107103 0.013288
2 14 0.111647 0.107103 0.013288
2 15 0.111923 0.107103 0.013288
2 16 0.112198 0.107103 0.013288
2 17 0.108890 0.107103 0.013288
2 18 0.105720 0.107103 0.013288
2 19 0.098277 0.107103 0.013288
2 20 0.092212 0.107103 0.013288
3 0 0.086147 0.107103 0.013288
3 1 0.089318 0.107103 0.013288
3 2 0.090834 0.107103 0.013288
3 3 0.092901 0.107103 0.013288
3 4 0.095520 0.107103 0.013288
3 5 0.092488 0.107103 0.013288
3 6 0.094693 0.107103 0.013288
3 7 0.095382 0.107103 0.013288
3 8 0.096210 0.107103 0.013288
3 9 0.099518 0.107103 0.013288
3 10 0.100758 0.107103 0.013288
3 11 0.104893 0.107103 0.013288
3 12 0.107374 0.107103 0.013288
3 13 0.113439 0.107103 0.013288
3 14 0.113577 0.107103 0.013288
3 15 0.116747 0.107103 0.013288
3 16 0.116334 0.107103 0.013288
3 17 0.114542 0.107103 0.013288
3 18 0.108615 0.107103 0.013288
3 19 0.101723 0.107103 0.013288
3 20 0.093039 0.107103 0.013288
4 0 0.088766 0.107103 0.013288
4 1 0.089042 0.107103 0.013288
4 2 0.093728 0.107103 0.013288
4 3 0.093315 0.107103 0.013288
4 4 0.095934 0.107103 0.013288
4 5 0.096072 0.107103 0.013288
4 6 0.096761 0.107103 0.013288
4 7 0.098553 0.107103 0.013288
4 8 0.100896 0.107103 0.013288
4 9 0.104342 0.107103 0.013288
4 10 0.106823 0.107103 0.013288
4 11 0.107512 0.107103 0.013288
4 12 0.110958 0.107103 0.013288
4 13 0.115093 0.107103 0.013288
4 14 0.118125 0.107103 0.013288
4 15 0.121020 0.107103 0.013288
4 16 0.121847 0.107103 0.013288
4 17 0.120744 0.107103 0.013288
4 18 0.113853 0.107103 0.013288
4 19 0.105031 0.107103 0.013288
4 20 0.097312 0.107103 0.013288
5 0 0.090420 0.107103 0.013288
5 1 0.093177 0.107103 0.013288
5 2 0.095107 0.107103 0.013288
5 3 0.093591 0.107103 0.013288
5 4 0.096072 0.107103 0.013288
5 5 0.097037 0.107103 0.013288
5 6 0.099380 0.107103 0.013288
5 7 0.102688 0.107103 0.013288
5 8 0.104755 0.107103 0.013288
5 9 0.105582 0.107103 0.013288
5 10 0.108753 0.107103 0.013288
5 11 0.108339 0.107103 0.013288
5 12 0.110958 0.107103 0.013288
5 13 0.115920 0.107103 0.013288
5 14 0.119642 0.107103 0.013288
5 15 0.120606 0.107103 0.013288
5 16 0.121433 0.107103 0.013288
5 17 0.119366 0.107103 0.013288
5 18 0.114542 0.107103 0.013288
5 19 0.106685 0.107103 0.013288
5 20 0.097174 0.107103 0.013288
6 0 0.088766 0.107103 0.013288
6 1 0.093315 0.107103 0.013288
6 2 0.095658 0.107103 0.013288
6 3 0.095796 0.107103 0.013288
6 4 0.097174 0.107103 0.013288
6 5 0.100345 0.107103 0.013288
6 6 0.104480 0.107103 0.013288
6 7 0.108477 0.107103 0.013288
6 8 0.109304 0.107103 0.013288
6 9 0.109304 0.107103 0.013288
6 10 0.112612 0.107103 0.013288
6 11 0.114404 0.107103 0.013288
6 12 0.114817 0.107103 0.013288
6 13 0.118401 0.107103 0.013288
6 14 0.120606 0.107103 0.013288
6 15 0.121847 0.107103 0.013288
6 16 0.126120 0.107103 0.013288
6 17 0.122261 0.107103 0.013288
6 18 0.116471 0.107103 0.013288
6 19 0.108063 0.107103 0.013288
6 20 0.098966 0.107103 0.013288
7 0 0.090420 0.107103 0.013288
7 1 0.092212 0.107103 0.013288
7 2 0.095245 0.107103 0.013288
7 3 0.097864 0.107103 0.013288
7 4 0.100482 0.107103 0.013288
7 5 0.103239 0.107103 0.013288
7 6 0.106685 0.107103 0.013288
7 7 0.111096 0.107103 0.013288
7 8 0.113715 0.107103 0.013288
7 9 0.113439 0.107103 0.013288
7 10 0.113439 0.107103 0.013288
7 11 0.114955 0.107103 0.013288
7 12 0.115507 0.107103 0.013288
7 13 0.119090 0.107103 0.013288
7 14 0.121985 0.107103 0.013288
7 15 0.124190 0.107103 0.013288
7 16 0.126396 0.107103 0.013288
7 17 0.122536 0.107103 0.013288
7 18 0.118263 0.107103 0.013288
7 19 0.109580 0.107103 0.013288
7 20 0.098553 0.107103 0.013288
8 0 0.088629 0.107103 0.013288
8 1 0.095796 0.107103 0.013288
8 2 0.098139 0.107103 0.013288
8 3 0.098691 0.107103 0.013288
8 4 0.105169 0.107103 0.013288
8 5 0.106823 0.107103 0.013288
8 6 0.109442 0.107103 0.013288
8 7 0.111371 0.107103 0.013288
8 8 0.111923 0.107103 0.013288
8 9 0.113577 0.107103 0.013288
8 10 0.116471 0.107103 0.013288
8 11 0.117850 0.107103 0.013288
8 12 0.114817 0.107103 0.013288
8 13 0.118677 0.107103 0.013288
8 14 0.123777 0.107103 0.013288
8 15 0.127636 0.107103 0.013288
8 16 0.127912 0.107103 0.013288
8 17 0.124328 0.107103 0.013288
8 18 0.120469 0.107103 0.013288
8 19 0.110131 0.107103 0.013288
8 20 0.099793 0.107103 0.013288
9 0 0.087112 0.107103 0.013288
9 1 0.095658 0.107103 0.013288
9 2 0.099655 0.107103 0.013288
9 3 0.101723 0.107103 0.013288
9 4 0.108063 0.107103 0.013288
9 5 0.109717 0.107103 0.013288
9 6 0.108753 0.107103 0.013288
9 7 0.111647 0.107103 0.013288
9 8 0.112336 0.107103 0.013288
9 9 0.116196 0.107103 0.013288
9 10 0.116747 0.107103 0.013288
9 11 0.117988 0.107103 0.013288
9 12 0.116609 0.107103 0.013288
9 13 0.119366 0.107103 0.013288
9 14 0.125844 0.107103 0.013288
9 15 0.130255 0.107103 0.013288
9 16 0.126809 0.107103 0.013288
9 17 0.123915 0.107103 0.013288
9 18 0.118815 0.107103 0.013288
9 19 0.109717 0.107103 0.013288
9 20 0.103790 0.107103 0.013288
10 0 0.089731 0.107103 0.013288
10 1 0.097037 0.107103 0.013288
10 2 0.099793 0.107103 0.013288
10 3 0.105720 0.107103 0.013288
10 4 0.110131 0.107103 0.013288
10 5 0.113990 0.107103 0.013288
10 6 0.112888 0.107103 0.013288
10 7 0.115231 0.107103 0.013288
10 8 0.117023 0.107103 0.013288
10 9 0.120193 0.107103 0.013288
10 10 0.118815 0.107103 0.013288
10 11 0.121158 0.107103 0.013288
10 12 0.121296 0.107103 0.013288
10 13 0.123777 0.107103 0.013288
10 14 0.128877 0.107103 0.013288
10 15 0.130806 0.107103 0.013288
10 16 0.129290 0.107103 0.013288
10 17 0.125293 0.107103 0.013288
10 18 0.119228 0.107103 0.013288
10 19 0.111096 0.107103 0.013288
10 20 0.101999 0.107103 0.013288
11 0 0.093728 0.107103 0.013288
11 1 0.098966 0.107103 0.013288
11 2 0.104755 0.107103 0.013288
11 3 0.107236 0.107103 0.013288
11 4 0.109717 0.107103 0.013288
11 5 0.113163 0.107103 0.013288
11 6 0.114817 0.107103 0.013288
11 7 0.117436 0.107103 0.013288
11 8 0.118952 0.107103 0.013288
11 9 0.123088 0.107103 0.013288
11 10 0.119917 0.107103 0.013288
11 11 0.121158 0.107103 0.013288
11 12 0.123225 0.107103 0.013288
11 13 0.124466 0.107103 0.013288
11 14 0.128739 0.107103 0.013288
11 15 0.130806 0.107103 0.013288
11 16 0.129290 0.107103 0.013288
11 17 0.124466 0.107103 0.013288
11 18 0.119779 0.107103 0.013288
11 19 0.111509 0.107103 0.013288
11 20 0.100345 0.107103 0.013288
12 0 0.090834 0.107103 0.013288
12 1 0.099793 0.107103 0.013288
12 2 0.105445 0.107103 0.013288
12 3 0.107788 0.107103 0.013288
12 4 0.108615 0.107103 0.013288
12 5 0.115369 0.107103 0.013288
12 6 0.114128 0.107103 0.013288
12 7 0.115920 0.107103 0.013288
12 8 0.119504 0.107103 0.013288
12 9 0.120882 0.107103 0.013288
12 10 0.122261 0.107103 0.013288
12 11 0.122261 0.107103 0.013288
12 12 0.123777 0.107103 0.013288
12 13 0.125431 0.107103 0.013288
12 14 0.129979 0.107103 0.013288
12 15 0.130255 0.107103 0.013288
12 16 0.127774 0.107103 0.013288
12 17 0.124190 0.107103 0.013288
12 18 0.117850 0.107103 0.013288
12 19 0.112612 0.107103 0.013288
12 20 0.099793 0.107103 0.013288
13 0 0.091937 0.107103 0.013288
13 1 0.101034 0.107103 0.013288
13 2 0.107099 0.107103 0.013288
13 3 0.109717 0.107103 0.013288
13 4 0.113163 0.107103 0.013288
13 5 0.116609 0.107103 0.013288
13 6 0.119090 0.107103 0.013288
13 7 0.117712 0.107103 0.013288
13 8 0.119090 0.107103 0.013288
13 9 0.122536 0.107103 0.013288
13 10 0.123363 0.107103 0.013288
13 11 0.124328 0.107103 0.013288
13 12 0.124052 0.107103 0.013288
13 13 0.127223 0.107103 0.013288
13 14 0.128187 0.107103 0.013288
13 15 0.129979 0.107103 0.013288
13 16 0.127774 0.107103 0.013288
13 17 0.122812 0.107103 0.013288
13 18 0.116471 0.107103 0.013288
13 19 0.109304 0.107103 0.013288
13 20 0.098139 0.107103 0.013288
14 0 0.093453 0.107103 0.013288
14 1 0.101034 0.107103 0.013288
14 2 0.108477 0.107103 0.013288
14 3 0.111371 0.107103 0.013288
14 4 0.118125 0.107103 0.013288
14 5 0.118401 0.107103 0.013288
14 6 0.118539 0.107103 0.013288
14 7 0.117712 0.107103 0.013288
14 8 0.121158 0.107103 0.013288
14 9 0.123639 0.107103 0.013288
14 10 0.125569 0.107103 0.013288
14 11 0.125844 0.107103 0.013288
14 12 0.126671 0.107103 0.013288
14 13 0.126809 0.107103 0.013288
14 14 0.127912 0.107103 0.013288
14 15 0.127912 0.107103 0.013288
14 16 0.125844 0.107103 0.013288
14 17 0.120744 0.107103 0.013288
14 18 0.112061 0.107103 0.013288
14 19 0.104204 0.107103 0.013288
14 20 0.094280 0.107103 0.013288
15 0 0.094693 0.107103 0.013288
15 1 0.099793 0.107103 0.013288
15 2 0.108890 0.107103 0.013288
15 3 0.109304 0.107103 0.013288
15 4 0.114404 0.107103 0.013288
15 5 0.115644 0.107103 0.013288
15 6 0.116196 0.107103 0.013288
15 7 0.119642 0.107103 0.013288
15 8 0.125017 0.107103 0.013288
15 9 0.123088 0.107103 0.013288
15 10 0.123777 0.107103 0.013288
15 11 0.125017 0.107103 0.013288
15 12 0.125982 0.107103 0.013288
15 13 0.125293 0.107103 0.013288
15 14 0.126671 0.107103 0.013288
15 15 0.126671 0.107103 0.013288
15 16 0.122950 0.107103 0.013288
15 17 0.117161 0.107103 0.013288
15 18 0.107650 0.107103 0.013288
15 19 0.100758 0.107103 0.013288
15 20 0.090972 0.107103 0.013288
16 0 0.094969 0.107103 0.013288
16 1 0.100069 0.107103 0.013288
16 2 0.106685 0.107103 0.013288
16 3 0.110958 0.107103 0.013288
16 4 0.114542 0.107103 0.013288
16 5 0.116196 0.107103 0.013288
16 6 0.117298 0.107103 0.013288
16 7 0.118677 0.107103 0.013288
16 8 0.122123 0.107103 0.013288
16 9 0.122812 0.107103 0.013288
16 10 0.125844 0.107103 0.013288
16 11 0.125844 0.107103 0.013288
16 12 0.123363 0.107103 0.013288
16 13 0.123225 0.107103 0.013288
16 14 0.123501 0.107103 0.013288
16 15 0.122950 0.107103 0.013288
16 16 0.119090 0.107103 0.013288
16 17 0.111647 0.107103 0.013288
16 18 0.100207 0.107103 0.013288
16 19 0.096761 0.107103 0.013288
16 20 0.086010 0.107103 0.013288
17 0 0.095107 0.107103 0.013288
17 1 0.100345 0.107103 0.013288
17 2 0.106272 0.107103 0.013288
17 3 0.110269 0.107103 0.013288
17 4 0.115231 0.107103 0.013288
17 5 0.114404 0.107103 0.013288
17 6 0.114128 0.107103 0.013288
17 7 0.115093 0.107103 0.013288
17 8 0.119642 0.107103 0.013288
17 9 0.120744 0.107103 0.013288
17 10 0.119917 0.107103 0.013288
17 11 0.120469 0.107103 0.013288
17 12 0.117988 0.107103 0.013288
17 13 0.117436 0.107103 0.013288
17 14 0.117988 0.107103 0.013288
17 15 0.112336 0.107103 0.013288
17 16 0.111509 0.107103 0.013288
17 17 0.105031 0.107103 0.013288
17 18 0.098553 0.107103 0.013288
17 19 0.088766 0.107103 0.013288
17 20 0.079118 0.107103 0.013288
18 0 0.095658 0.107103 0.013288
18 1 0.101447 0.107103 0.013288
18 2 0.105720 0.107103 0.013288
18 3 0.109442 0.107103 0.013288
18 4 0.112061 0.107103 0.013288
18 5 0.112336 0.107103 0.013288
18 6 0.111234 0.107103 0.013288
18 7 0.108615 0.107103 0.013288
18 8 0.114817 0.107103 0.013288
18 9 0.114266 0.107103 0.013288
18 10 0.114542 0.107103 0.013288
18 11 0.116058 0.107103 0.013288
18 12 0.113439 0.107103 0.013288
18 13 0.112612 0.107103 0.013288
18 14 0.110682 0.107103 0.013288
18 15 0.105582 0.107103 0.013288
18 16 0.103653 0.107103 0.013288
18 17 0.098277 0.107103 0.013288
18 18 0.088766 0.107103 0.013288
18 19 0.079256 0.107103 0.013288
18 20 0.070848 0.107103 0.013288
19 0 0.091937 0.107103 0.013288
19 1 0.096623 0.107103 0.013288
19 2 0.100482 0.107103 0.013288
19 3 0.101861 0.107103 0.013288
19 4 0.105582 0.107103 0.013288
19 5 0.107374 0.107103 0.013288
19 6 0.105169 0.107103 0.013288
19 7 0.105720 0.107103 0.013288
19 8 0.107512 0.107103 0.013288
19 9 0.104204 0.107103 0.013288
19 10 0.109166 0.107103 0.013288
19 11 0.110682 0.107103 0.013288
19 12 0.105582 0.107103 0.013288
19 13 0.101861 0.107103 0.013288
19 14 0.100620 0.107103 0.013288
19 15 0.095796 0.107103 0.013288
19 16 0.096210 0.107103 0.013288
19 17 0.089869 0.107103 0.013288
19 18 0.080496 0.107103 0.013288
19 19 0.073191 0.107103 0.013288
19 20 0.067953 0.107103 0.013288
20 0 0.086837 0.107103 0.013288
20 1 0.093177 0.107103 0.013288
20 2 0.095796 0.107103 0.013288
20 3 0.098415 0.107103 0.013288
20 4 0.099104 0.107103 0.013288
20 5 0.098001 0.107103 0.013288
20 6 0.095934 0.107103 0.013288
20 7 0.095245 0.107103 0.013288
20 8 0.095382 0.107103 0.013288
20 9 0.098139 0.107103 0.013288
20 10 0.099242 0.107103 0.013288
20 11 0.101447 0.107103 0.013288
20 12 0.097726 0.107103 0.013288
20 13 0.094969 0.107103 0.013288
20 14 0.094280 0.107103 0.013288
20 15 0.090558 0.107103 0.013288
20 16 0.089180 0.107103 0.013288
20 17 0.080083 0.107103 0.013288
20 18 0.072640 0.107103 0.013288
20 19 0.066299 0.107103 0.013288
20 20 0.062853 0.107103 0.013288
