# contact distance = 20.0 Angstroms
# F = 0.4 kJ/mol

# i j contact_probability mean_contact_probability stddev_contact_probability
0 0 0.064220 0.073818 0.014995
0 1 0.063386 0.073818 0.014995
0 2 0.059425 0.073818 0.014995
0 3 0.055463 0.073818 0.014995
0 4 0.049625 0.073818 0.014995
0 5 0.050250 0.073818 0.014995
0 6 0.046706 0.073818 0.014995
0 7 0.044204 0.073818 0.014995
0 8 0.045246 0.073818 0.014995
0 9 0.047123 0.073818 0.014995
0 10 0.051918 0.073818 0.014995
0 11 0.053378 0.073818 0.014995
0 12 0.058590 0.073818 0.014995
0 13 0.063178 0.073818 0.014995
0 14 0.075063 0.073818 0.014995
0 15 0.078190 0.073818 0.014995
0 16 0.085071 0.073818 0.014995
0 17 0.090492 0.073818 0.014995
0 18 0.092160 0.073818 0.014995
0 19 0.093203 0.073818 0.014995
0 20 0.089241 0.073818 0.014995
1 0 0.063803 0.073818 0.014995
1 1 0.062552 0.073818 0.014995
1 2 0.060884 0.073818 0.014995
1 3 0.058590 0.073818 0.014995
1 4 0.049208 0.073818 0.014995
1 5 0.049208 0.073818 0.014995
1 6 0.048791 0.073818 0.014995
1 7 0.045246 0.073818 0.014995
1 8 0.048374 0.073818 0.014995
1 9 0.050667 0.073818 0.014995
1 10 0.052335 0.073818 0.014995
1 11 0.055880 0.073818 0.014995
1 12 0.062135 0.073818 0.014995
1 13 0.067348 0.073818 0.014995
1 14 0.075063 0.073818 0.014995
1 15 0.081943 0.073818 0.014995
1 16 0.087364 0.073818 0.014995
1 17 0.091743 0.073818 0.014995
1 18 0.092994 0.073818 0.014995
1 19 0.096122 0.073818 0.014995
1 20 0.091952 0.073818 0.014995
2 0 0.060676 0.073818 0.014995
2 1 0.060259 0.073818 0.014995
2 2 0.059842 0.073818 0.014995
2 3 0.055880 0.073818 0.014995
2 4 0.051918 0.073818 0.014995
2 5 0.052127 0.073818 0.014995
2 6 0.052335 0.073818 0.014995
2 7 0.051084 0.073818 0.014995
2 8 0.052127 0.073818 0.014995
2 9 0.053795 0.073818 0.014995
2 10 0.056714 0.073818 0.014995
2 11 0.058799 0.073818 0.014995
2 12 0.067973 0.073818 0.014995
2 13 0.071309 0.073818 0.014995
2 14 0.078816 0.073818 0.014995
2 15 0.086530 0.073818 0.014995
2 16 0.091118 0.073818 0.014995
2 17 0.095705 0.073818 0.014995
2 18 0.095496 0.073818 0.014995
2 19 0.096122 0.073818 0.014995
2 20 0.092994 0.073818 0.014995
3 0 0.056505 0.073818 0.014995
3 1 0.059216 0.073818 0.014995
3 2 0.058382 0.073818 0.014995
3 3 0.054837 0.073818 0.014995
3 4 0.053586 0.073818 0.014995
3 5 0.051084 0.073818 0.014995
3 6 0.054003 0.073818 0.014995
3 7 0.054629 0.073818 0.014995
3 8 0.051710 0.073818 0.014995
3 9 0.053586 0.073818 0.014995
3 10 0.059842 0.073818 0.014995
3 11 0.064429 0.073818 0.014995
3 12 0.069224 0.073818 0.014995
3 13 0.076314 0.073818 0.014995
3 14 0.078607 0.073818 0.014995
3 15 0.085905 0.073818 0.014995
3 16 0.093411 0.073818 0.014995
3 17 0.096122 0.073818 0.014995
3 18 0.096956 0.073818 0.014995
3 19 0.097164 0.073818 0.014995
3 20 0.095079 0.073818 0.014995
4 0 0.055254 0.073818 0.014995
4 1 0.056714 0.073818 0.014995
4 2 0.056297 0.073818 0.014995
4 3 0.054629 0.073818 0.014995
4 4 0.052544 0.073818 0.014995
4 5 0.053795 0.073818 0.014995
4 6 0.050667 0.073818 0.014995
4 7 0.056505 0.073818 0.014995
4 8 0.054420 0.073818 0.014995
4 9 0.056505 0.073818 0.014995
4 10 0.063595 0.073818 0.014995
4 11 0.068182 0.073818 0.014995
4 12 0.073603 0.073818 0.014995
4 13 0.079441 0.073818 0.014995
4 14 0.082360 0.073818 0.014995
4 15 0.091118 0.073818 0.014995
4 16 0.096747 0.073818 0.014995
4 17 0.097998 0.073818 0.014995
4 18 0.097581 0.073818 0.014995
4 19 0.097581 0.073818 0.014995
4 20 0.093828 0.073818 0.014995
5 0 0.047540 0.073818 0.014995
5 1 0.048999 0.073818 0.014995
5 2 0.052544 0.073818 0.014995
5 3 0.050042 0.073818 0.014995
5 4 0.050459 0.073818 0.014995
5 5 0.049416 0.073818 0.014995
5 6 0.052752 0.073818 0.014995
5 7 0.057339 0.073818 0.014995
5 8 0.056922 0.073818 0.014995
5 9 0.061718 0.073818 0.014995
5 10 0.064429 0.073818 0.014995
5 11 0.067973 0.073818 0.014995
5 12 0.071309 0.073818 0.014995
5 13 0.074020 0.073818 0.014995
5 14 0.078607 0.073818 0.014995
5 15 0.087781 0.073818 0.014995
5 16 0.094662 0.073818 0.014995
5 17 0.097790 0.073818 0.014995
5 18 0.094871 0.073818 0.014995
5 19 0.095913 0.073818 0.014995
5 20 0.091952 0.073818 0.014995
6 0 0.044204 0.073818 0.014995
6 1 0.048374 0.073818 0.014995
6 2 0.049833 0.073818 0.014995
6 3 0.049833 0.073818 0.014995
6 4 0.050042 0.073818 0.014995
6 5 0.053169 0.073818 0.014995
6 6 0.052335 0.073818 0.014995
6 7 0.056922 0.073818 0.014995
6 8 0.057339 0.073818 0.014995
6 9 0.060676 0.073818 0.014995
6 10 0.065263 0.073818 0.014995
6 11 0.070267 0.073818 0.014995
6 12 0.072143 0.073818 0.014995
6 13 0.072977 0.073818 0.014995
6 14 0.080067 0.073818 0.014995
6 15 0.084445 0.073818 0.014995
6 16 0.090701 0.073818 0.014995
6 17 0.092160 0.073818 0.014995
6 18 0.093411 0.073818 0.014995
6 19 0.093411 0.073818 0.014995
6 20 0.085905 0.073818 0.014995
7 0 0.042327 0.073818 0.014995
7 1 0.044621 0.073818 0.014995
7 2 0.050459 0.073818 0.014995
7 3 0.048165 0.073818 0.014995
7 4 0.051293 0.073818 0.014995
7 5 0.051710 0.073818 0.014995
7 6 0.054212 0.073818 0.014995
7 7 0.057131 0.073818 0.014995
7 8 0.059633 0.073818 0.014995
7 9 0.063803 0.073818 0.014995
7 10 0.069641 0.073818 0.014995
7 11 0.076105 0.073818 0.014995
7 12 0.078607 0.073818 0.014995
7 13 0.078607 0.073818 0.014995
7 14 0.082777 0.073818 0.014995
7 15 0.087156 0.073818 0.014995
7 16 0.090284 0.073818 0.014995
7 17 0.090492 0.073818 0.014995
7 18 0.090492 0.073818 0.014995
7 19 0.087573 0.073818 0.014995
7 20 0.081735 0.073818 0.014995
8 0 0.041701 0.073818 0.014995
8 1 0.043995 0.073818 0.014995
8 2 0.047123 0.073818 0.014995
8 3 0.050876 0.073818 0.014995
8 4 0.050876 0.073818 0.014995
8 5 0.055671 0.073818 0.014995
8 6 0.054629 0.073818 0.014995
8 7 0.057965 0.073818 0.014995
8 8 0.062344 0.073818 0.014995
8 9 0.066514 0.073818 0.014995
8 10 0.068599 0.073818 0.014995
8 11 0.074646 0.073818 0.014995
8 12 0.078190 0.073818 0.014995
8 13 0.078399 0.073818 0.014995
8 14 0.083194 0.073818 0.014995
8 15 0.088198 0.073818 0.014995
8 16 0.089658 0.073818 0.014995
8 17 0.088616 0.073818 0.014995
8 18 0.085905 0.073818 0.014995
8 19 0.082360 0.073818 0.014995
8 20 0.076105 0.073818 0.014995
9 0 0.041284 0.073818 0.014995
9 1 0.042327 0.073818 0.014995
9 2 0.047748 0.073818 0.014995
9 3 0.050459 0.073818 0.014995
9 4 0.052335 0.073818 0.014995
9 5 0.054629 0.073818 0.014995
9 6 0.057756 0.073818 0.014995
9 7 0.062135 0.073818 0.014995
9 8 0.064846 0.073818 0.014995
9 9 0.069433 0.073818 0.014995
9 10 0.072977 0.073818 0.014995
9 11 0.078399 0.073818 0.014995
9 12 0.081109 0.073818 0.014995
9 13 0.081943 0.073818 0.014995
9 14 0.083820 0.073818 0.014995
9 15 0.086739 0.073818 0.014995
9 16 0.086322 0.073818 0.014995
9 17 0.085279 0.073818 0.014995
9 18 0.082360 0.073818 0.014995
9 19 0.078816 0.073818 0.014995
9 20 0.070892 0.073818 0.014995
10 0 0.042952 0.073818 0.014995
10 1 0.044829 0.073818 0.014995
10 2 0.049208 0.073818 0.014995
10 3 0.050042 0.073818 0.014995
10 4 0.054420 0.073818 0.014995
10 5 0.059425 0.073818 0.014995
10 6 0.061718 0.073818 0.014995
10 7 0.063595 0.073818 0.014995
10 8 0.063803 0.073818 0.014995
10 9 0.070892 0.073818 0.014995
10 10 0.073394 0.073818 0.014995
10 11 0.077982 0.073818 0.014995
10 12 0.081526 0.073818 0.014995
10 13 0.083611 0.073818 0.014995
10 14 0.085905 0.073818 0.014995
10 15 0.083611 0.073818 0.014995
10 16 0.084445 0.073818 0.014995
10 17 0.084028 0.073818 0.014995
10 18 0.080067 0.073818 0.014995
10 19 0.073603 0.073818 0.014995
10 20 0.067348 0.073818 0.014995
11 0 0.044621 0.073818 0.014995
11 1 0.046914 0.073818 0.014995
11 2 0.053378 0.073818 0.014995
11 3 0.057548 0.073818 0.014995
11 4 0.060884 0.073818 0.014995
11 5 0.064012 0.073818 0.014995
11 6 0.063386 0.073818 0.014995
11 7 0.067765 0.073818 0.014995
11 8 0.070267 0.073818 0.014995
11 9 0.075063 0.073818 0.014995
11 10 0.074854 0.073818 0.014995
11 11 0.079233 0.073818 0.014995
11 12 0.080275 0.073818 0.014995
11 13 0.079858 0.073818 0.014995
11 14 0.081526 0.073818 0.014995
11 15 0.082152 0.073818 0.014995
11 16 0.080692 0.073818 0.014995
11 17 0.079650 0.073818 0.014995
11 18 0.075688 0.073818 0.014995
11 19 0.069641 0.073818 0.014995
11 20 0.066305 0.073818 0.014995
12 0 0.049625 0.073818 0.014995
12 1 0.054837 0.073818 0.014995
12 2 0.060467 0.073818 0.014995
12 3 0.063595 0.073818 0.014995
12 4 0.066931 0.073818 0.014995
12 5 0.069641 0.073818 0.014995
12 6 0.072977 0.073818 0.014995
12 7 0.075688 0.073818 0.014995
12 8 0.074854 0.073818 0.014995
12 9 0.075063 0.073818 0.014995
12 10 0.076522 0.073818 0.014995
12 11 0.077148 0.073818 0.014995
12 12 0.078190 0.073818 0.014995
12 13 0.077565 0.073818 0.014995
12 14 0.081109 0.073818 0.014995
12 15 0.080901 0.073818 0.014995
12 16 0.080275 0.073818 0.014995
12 17 0.078607 0.073818 0.014995
12 18 0.076105 0.073818 0.014995
12 19 0.070684 0.073818 0.014995
12 20 0.067139 0.073818 0.014995
13 0 0.057548 0.073818 0.014995
13 1 0.064012 0.073818 0.014995
13 2 0.064846 0.073818 0.014995
13 3 0.071726 0.073818 0.014995
13 4 0.074437 0.073818 0.014995
13 5 0.073603 0.073818 0.014995
13 6 0.075480 0.073818 0.014995
13 7 0.077565 0.073818 0.014995
13 8 0.075480 0.073818 0.014995
13 9 0.075063 0.073818 0.014995
13 10 0.074437 0.073818 0.014995
13 11 0.077148 0.073818 0.014995
13 12 0.077356 0.073818 0.014995
13 13 0.079024 0.073818 0.014995
13 14 0.079650 0.073818 0.014995
13 15 0.079233 0.073818 0.014995
13 16 0.078190 0.073818 0.014995
13 17 0.079024 0.073818 0.014995
13 18 0.076939 0.073818 0.014995
13 19 0.072143 0.073818 0.014995
13 20 0.066514 0.073818 0.014995
14 0 0.067348 0.073818 0.014995
14 1 0.075480 0.073818 0.014995
14 2 0.079441 0.073818 0.014995
14 3 0.083194 0.073818 0.014995
14 4 0.082360 0.073818 0.014995
14 5 0.082569 0.073818 0.014995
14 6 0.081943 0.073818 0.014995
14 7 0.080901 0.073818 0.014995
14 8 0.079233 0.073818 0.014995
14 9 0.076105 0.073818 0.014995
14 10 0.074854 0.073818 0.014995
14 11 0.078607 0.073818 0.014995
14 12 0.080275 0.073818 0.014995
14 13 0.077565 0.073818 0.014995
14 14 0.078816 0.073818 0.014995
14 15 0.080275 0.073818 0.014995
14 16 0.079858 0.073818 0.014995
14 17 0.081735 0.073818 0.014995
14 18 0.079650 0.073818 0.014995
14 19 0.077356 0.073818 0.014995
14 20 0.072560 0.073818 0.014995
15 0 0.076314 0.073818 0.014995
15 1 0.083820 0.073818 0.014995
15 2 0.086530 0.073818 0.014995
15 3 0.089867 0.073818 0.014995
15 4 0.089033 0.073818 0.014995
15 5 0.089033 0.073818 0.014995
15 6 0.087364 0.073818 0.014995
15 7 0.087156 0.073818 0.014995
15 8 0.083611 0.073818 0.014995
15 9 0.080275 0.073818 0.014995
15 10 0.079233 0.073818 0.014995
15 11 0.078816 0.073818 0.014995
15 12 0.077773 0.073818 0.014995
15 13 0.079441 0.073818 0.014995
15 14 0.079858 0.073818 0.014995
15 15 0.084028 0.073818 0.014995
15 16 0.085071 0.073818 0.014995
15 17 0.086530 0.073818 0.014995
15 18 0.085071 0.073818 0.014995
15 19 0.081109 0.073818 0.014995
15 20 0.075897 0.073818 0.014995
16 0 0.085696 0.073818 0.014995
16 1 0.090909 0.073818 0.014995
16 2 0.094454 0.073818 0.014995
16 3 0.095288 0.073818 0.014995
16 4 0.094037 0.073818 0.014995
16 5 0.091743 0.073818 0.014995
16 6 0.094245 0.073818 0.014995
16 7 0.090701 0.073818 0.014995
16 8 0.085905 0.073818 0.014995
16 9 0.083611 0.073818 0.014995
16 10 0.079441 0.073818 0.014995
16 11 0.079024 0.073818 0.014995
16 12 0.083194 0.073818 0.014995
16 13 0.081526 0.073818 0.014995
16 14 0.082986 0.073818 0.014995
16 15 0.085488 0.073818 0.014995
16 16 0.090701 0.073818 0.014995
16 17 0.092786 0.073818 0.014995
16 18 0.088407 0.073818 0.014995
16 19 0.087573 0.073818 0.014995
16 20 0.078607 0.073818 0.014995
17 0 0.090909 0.073818 0.014995
17 1 0.094871 0.073818 0.014995
17 2 0.097373 0.073818 0.014995
17 3 0.097164 0.073818 0.014995
17 4 0.095288 0.073818 0.014995
17 5 0.092160 0.073818 0.014995
17 6 0.093203 0.073818 0.014995
17 7 0.087990 0.073818 0.014995
17 8 0.086113 0.073818 0.014995
17 9 0.082152 0.073818 0.014995
17 10 0.080484 0.073818 0.014995
17 11 0.077356 0.073818 0.014995
17 12 0.078190 0.073818 0.014995
17 13 0.082569 0.073818 0.014995
17 14 0.081943 0.073818 0.014995
17 15 0.086113 0.073818 0.014995
17 16 0.090909 0.073818 0.014995
17 17 0.095079 0.073818 0.014995
17 18 0.092577 0.073818 0.014995
17 19 0.088198 0.073818 0.014995
17 20 0.079858 0.073818 0.014995
18 0 0.092160 0.073818 0.014995
18 1 0.094037 0.073818 0.014995
18 2 0.097373 0.073818 0.014995
18 3 0.095288 0.073818 0.014995
18 4 0.095913 0.073818 0.014995
18 5 0.090909 0.073818 0.014995
18 6 0.091118 0.073818 0.014995
18 7 0.087156 0.073818 0.014995
18 8 0.083820 0.073818 0.014995
18 9 0.080484 0.073818 0.014995
18 10 0.077148 0.073818 0.014995
18 11 0.074646 0.073818 0.014995
18 12 0.075480 0.073818 0.014995
18 13 0.077565 0.073818 0.014995
18 14 0.078816 0.073818 0.014995
18 15 0.081318 0.073818 0.014995
18 16 0.089867 0.073818 0.014995
18 17 0.091326 0.073818 0.014995
18 18 0.090701 0.073818 0.014995
18 19 0.086947 0.073818 0.014995
18 20 0.078190 0.073818 0.014995
19 0 0.090492 0.073818 0.014995
19 1 0.094245 0.073818 0.014995
19 2 0.096539 0.073818 0.014995
19 3 0.093620 0.073818 0.014995
19 4 0.091535 0.073818 0.014995
19 5 0.090284 0.073818 0.014995
19 6 0.092994 0.073818 0.014995
19 7 0.088824 0.073818 0.014995
19 8 0.082360 0.073818 0.014995
19 9 0.079441 0.073818 0.014995
19 10 0.076731 0.073818 0.014995
19 11 0.070684 0.073818 0.014995
19 12 0.072143 0.073818 0.014995
19 13 0.073603 0.073818 0.014995
19 14 0.078399 0.073818 0.014995
19 15 0.075271 0.073818 0.014995
19 16 0.082986 0.073818 0.014995
19 17 0.087364 0.073818 0.014995
19 18 0.086947 0.073818 0.014995
19 19 0.082777 0.073818 0.014995
19 20 0.075897 0.073818 0.014995
20 0 0.089241 0.073818 0.014995
20 1 0.092994 0.073818 0.014995
20 2 0.095079 0.073818 0.014995
20 3 0.093411 0.073818 0.014995
20 4 0.090701 0.073818 0.014995
20 5 0.086322 0.073818 0.014995
20 6 0.084654 0.073818 0.014995
20 7 0.082777 0.073818 0.014995
20 8 0.077565 0.073818 0.014995
20 9 0.070475 0.073818 0.014995
20 10 0.067139 0.073818 0.014995
20 11 0.063595 0.073818 0.014995
20 12 0.063595 0.073818 0.014995
20 13 0.068182 0.073818 0.014995
20 14 0.069224 0.073818 0.014995
20 15 0.074437 0.073818 0.014995
20 16 0.077565 0.073818 0.014995
20 17 0.077356 0.073818 0.014995
20 18 0.076522 0.073818 0.014995
20 19 0.074020 0.073818 0.014995
20 20 0.070684 0.073818 0.014995
