# contact distance = 20.0 Angstroms
# F = 0.4 kJ/mol

# i j contact_probability mean_contact_probability stddev_contact_probability
0 0 0.130791 0.124651 0.023666
0 1 0.130126 0.124651 0.023666
0 2 0.131900 0.124651 0.023666
0 3 0.132121 0.124651 0.023666
0 4 0.128353 0.124651 0.023666
0 5 0.122589 0.124651 0.023666
0 6 0.118377 0.124651 0.023666
0 7 0.113500 0.124651 0.023666
0 8 0.110397 0.124651 0.023666
0 9 0.110840 0.124651 0.023666
0 10 0.112170 0.124651 0.023666
0 11 0.113279 0.124651 0.023666
0 12 0.108402 0.124651 0.023666
0 13 0.105076 0.124651 0.023666
0 14 0.098869 0.124651 0.023666
0 15 0.088229 0.124651 0.023666
0 16 0.082022 0.124651 0.023666
0 17 0.081357 0.124651 0.023666
0 18 0.078697 0.124651 0.023666
0 19 0.068943 0.124651 0.023666
0 20 0.065174 0.124651 0.023666
1 0 0.134338 0.124651 0.023666
1 1 0.135890 0.124651 0.023666
1 2 0.135447 0.124651 0.023666
1 3 0.133452 0.124651 0.023666
1 4 0.131678 0.124651 0.023666
1 5 0.129905 0.124651 0.023666
1 6 0.127466 0.124651 0.023666
1 7 0.125693 0.124651 0.023666
1 8 0.121703 0.124651 0.023666
1 9 0.115939 0.124651 0.023666
1 10 0.117047 0.124651 0.023666
1 11 0.116382 0.124651 0.023666
1 12 0.117712 0.124651 0.023666
1 13 0.112614 0.124651 0.023666
1 14 0.105076 0.124651 0.023666
1 15 0.097096 0.124651 0.023666
1 16 0.090224 0.124651 0.023666
1 17 0.086455 0.124651 0.023666
1 18 0.081357 0.124651 0.023666
1 19 0.076480 0.124651 0.023666
1 20 0.071824 0.124651 0.023666
2 0 0.133673 0.124651 0.023666
2 1 0.136333 0.124651 0.023666
2 2 0.136998 0.124651 0.023666
2 3 0.134338 0.124651 0.023666
2 4 0.133673 0.124651 0.023666
2 5 0.132565 0.124651 0.023666
2 6 0.131456 0.124651 0.023666
2 7 0.131235 0.124651 0.023666
2 8 0.130570 0.124651 0.023666
2 9 0.126579 0.124651 0.023666
2 10 0.125471 0.124651 0.023666
2 11 0.123254 0.124651 0.023666
2 12 0.124806 0.124651 0.023666
2 13 0.122368 0.124651 0.023666
2 14 0.115052 0.124651 0.023666
2 15 0.106185 0.124651 0.023666
2 16 0.100200 0.124651 0.023666
2 17 0.091776 0.124651 0.023666
2 18 0.087120 0.124651 0.023666
2 19 0.081800 0.124651 0.023666
2 20 0.075150 0.124651 0.023666
3 0 0.126136 0.124651 0.023666
3 1 0.132121 0.124651 0.023666
3 2 0.135225 0.124651 0.023666
3 3 0.133673 0.124651 0.023666
3 4 0.132787 0.124651 0.023666
3 5 0.130570 0.124651 0.023666
3 6 0.131456 0.124651 0.023666
3 7 0.133452 0.124651 0.023666
3 8 0.138550 0.124651 0.023666
3 9 0.132787 0.124651 0.023666
3 10 0.130791 0.124651 0.023666
3 11 0.131456 0.124651 0.023666
3 12 0.131678 0.124651 0.023666
3 13 0.127023 0.124651 0.023666
3 14 0.121924 0.124651 0.023666
3 15 0.114609 0.124651 0.023666
3 16 0.106185 0.124651 0.023666
3 17 0.100865 0.124651 0.023666
3 18 0.093549 0.124651 0.023666
3 19 0.089559 0.124651 0.023666
3 20 0.078031 0.124651 0.023666
4 0 0.123476 0.124651 0.023666
4 1 0.131678 0.124651 0.023666
4 2 0.133008 0.124651 0.023666
4 3 0.128353 0.124651 0.023666
4 4 0.129240 0.124651 0.023666
4 5 0.132565 0.124651 0.023666
4 6 0.128796 0.124651 0.023666
4 7 0.131900 0.124651 0.023666
4 8 0.135447 0.124651 0.023666
4 9 0.136333 0.124651 0.023666
4 10 0.136777 0.124651 0.023666
4 11 0.139437 0.124651 0.023666
4 12 0.136555 0.124651 0.023666
4 13 0.134117 0.124651 0.023666
4 14 0.127910 0.124651 0.023666
4 15 0.121259 0.124651 0.023666
4 16 0.111505 0.124651 0.023666
4 17 0.104190 0.124651 0.023666
4 18 0.095323 0.124651 0.023666
4 19 0.090889 0.124651 0.023666
4 20 0.081578 0.124651 0.023666
5 0 0.118599 0.124651 0.023666
5 1 0.123476 0.124651 0.023666
5 2 0.125249 0.124651 0.023666
5 3 0.126136 0.124651 0.023666
5 4 0.127688 0.124651 0.023666
5 5 0.129240 0.124651 0.023666
5 6 0.129461 0.124651 0.023666
5 7 0.128796 0.124651 0.023666
5 8 0.134782 0.124651 0.023666
5 9 0.140989 0.124651 0.023666
5 10 0.144092 0.124651 0.023666
5 11 0.145201 0.124651 0.023666
5 12 0.142319 0.124651 0.023666
5 13 0.138994 0.124651 0.023666
5 14 0.133008 0.124651 0.023666
5 15 0.123476 0.124651 0.023666
5 16 0.113944 0.124651 0.023666
5 17 0.105298 0.124651 0.023666
5 18 0.099313 0.124651 0.023666
5 19 0.096653 0.124651 0.023666
5 20 0.085125 0.124651 0.023666
6 0 0.112835 0.124651 0.023666
6 1 0.119486 0.124651 0.023666
6 2 0.118599 0.124651 0.023666
6 3 0.123033 0.124651 0.023666
6 4 0.126136 0.124651 0.023666
6 5 0.129240 0.124651 0.023666
6 6 0.130348 0.124651 0.023666
6 7 0.132565 0.124651 0.023666
6 8 0.135890 0.124651 0.023666
6 9 0.141654 0.124651 0.023666
6 10 0.148082 0.124651 0.023666
6 11 0.146531 0.124651 0.023666
6 12 0.146309 0.124651 0.023666
6 13 0.141875 0.124651 0.023666
6 14 0.134117 0.124651 0.023666
6 15 0.126579 0.124651 0.023666
6 16 0.121703 0.124651 0.023666
6 17 0.111727 0.124651 0.023666
6 18 0.106628 0.124651 0.023666
6 19 0.100200 0.124651 0.023666
6 20 0.089781 0.124651 0.023666
7 0 0.113500 0.124651 0.023666
7 1 0.118377 0.124651 0.023666
7 2 0.120594 0.124651 0.023666
7 3 0.124141 0.124651 0.023666
7 4 0.126801 0.124651 0.023666
7 5 0.131235 0.124651 0.023666
7 6 0.136333 0.124651 0.023666
7 7 0.137220 0.124651 0.023666
7 8 0.140324 0.124651 0.023666
7 9 0.146752 0.124651 0.023666
7 10 0.150964 0.124651 0.023666
7 11 0.151629 0.124651 0.023666
7 12 0.151186 0.124651 0.023666
7 13 0.147639 0.124651 0.023666
7 14 0.137885 0.124651 0.023666
7 15 0.132787 0.124651 0.023666
7 16 0.125471 0.124651 0.023666
7 17 0.119929 0.124651 0.023666
7 18 0.110840 0.124651 0.023666
7 19 0.101973 0.124651 0.023666
7 20 0.090889 0.124651 0.023666
8 0 0.111949 0.124651 0.023666
8 1 0.119486 0.124651 0.023666
8 2 0.126136 0.124651 0.023666
8 3 0.131678 0.124651 0.023666
8 4 0.134782 0.124651 0.023666
8 5 0.136998 0.124651 0.023666
8 6 0.136555 0.124651 0.023666
8 7 0.140545 0.124651 0.023666
8 8 0.146531 0.124651 0.023666
8 9 0.151629 0.124651 0.023666
8 10 0.153624 0.124651 0.023666
8 11 0.157393 0.124651 0.023666
8 12 0.155841 0.124651 0.023666
8 13 0.154068 0.124651 0.023666
8 14 0.146752 0.124651 0.023666
8 15 0.140545 0.124651 0.023666
8 16 0.132787 0.124651 0.023666
8 17 0.125693 0.124651 0.023666
8 18 0.115717 0.124651 0.023666
8 19 0.104190 0.124651 0.023666
8 20 0.095544 0.124651 0.023666
9 0 0.108845 0.124651 0.023666
9 1 0.115495 0.124651 0.023666
9 2 0.121924 0.124651 0.023666
9 3 0.128131 0.124651 0.023666
9 4 0.135003 0.124651 0.023666
9 5 0.138772 0.124651 0.023666
9 6 0.140324 0.124651 0.023666
9 7 0.148526 0.124651 0.023666
9 8 0.148526 0.124651 0.023666
9 9 0.156506 0.124651 0.023666
9 10 0.158945 0.124651 0.023666
9 11 0.162935 0.124651 0.023666
9 12 0.162713 0.124651 0.023666
9 13 0.158501 0.124651 0.023666
9 14 0.156506 0.124651 0.023666
9 15 0.148748 0.124651 0.023666
9 16 0.142540 0.124651 0.023666
9 17 0.132565 0.124651 0.023666
9 18 0.122368 0.124651 0.023666
9 19 0.108402 0.124651 0.023666
9 20 0.103968 0.124651 0.023666
10 0 0.107958 0.124651 0.023666
10 1 0.117491 0.124651 0.023666
10 2 0.124806 0.124651 0.023666
10 3 0.128353 0.124651 0.023666
10 4 0.135003 0.124651 0.023666
10 5 0.141432 0.124651 0.023666
10 6 0.146531 0.124651 0.023666
10 7 0.151186 0.124651 0.023666
10 8 0.154068 0.124651 0.023666
10 9 0.160053 0.124651 0.023666
10 10 0.164930 0.124651 0.023666
10 11 0.164265 0.124651 0.023666
10 12 0.164708 0.124651 0.023666
10 13 0.165152 0.124651 0.023666
10 14 0.163378 0.124651 0.023666
10 15 0.155620 0.124651 0.023666
10 16 0.149413 0.124651 0.023666
10 17 0.138772 0.124651 0.023666
10 18 0.130791 0.124651 0.023666
10 19 0.116826 0.124651 0.023666
10 20 0.108402 0.124651 0.023666
11 0 0.103968 0.124651 0.023666
11 1 0.116382 0.124651 0.023666
11 2 0.122589 0.124651 0.023666
11 3 0.127023 0.124651 0.023666
11 4 0.133008 0.124651 0.023666
11 5 0.142762 0.124651 0.023666
11 6 0.146974 0.124651 0.023666
11 7 0.151186 0.124651 0.023666
11 8 0.156728 0.124651 0.023666
11 9 0.161605 0.124651 0.023666
11 10 0.164487 0.124651 0.023666
11 11 0.165817 0.124651 0.023666
11 12 0.168699 0.124651 0.023666
11 13 0.168477 0.124651 0.023666
11 14 0.164930 0.124651 0.023666
11 15 0.157393 0.124651 0.023666
11 16 0.150299 0.124651 0.023666
11 17 0.142984 0.124651 0.023666
11 18 0.133673 0.124651 0.023666
11 19 0.122589 0.124651 0.023666
11 20 0.111949 0.124651 0.023666
12 0 0.099756 0.124651 0.023666
12 1 0.112392 0.124651 0.023666
12 2 0.120151 0.124651 0.023666
12 3 0.129461 0.124651 0.023666
12 4 0.132787 0.124651 0.023666
12 5 0.140324 0.124651 0.023666
12 6 0.144979 0.124651 0.023666
12 7 0.152073 0.124651 0.023666
12 8 0.156285 0.124651 0.023666
12 9 0.162270 0.124651 0.023666
12 10 0.170029 0.124651 0.023666
12 11 0.170472 0.124651 0.023666
12 12 0.169364 0.124651 0.023666
12 13 0.168699 0.124651 0.023666
12 14 0.163822 0.124651 0.023666
12 15 0.156285 0.124651 0.023666
12 16 0.150521 0.124651 0.023666
12 17 0.144979 0.124651 0.023666
12 18 0.136112 0.124651 0.023666
12 19 0.123919 0.124651 0.023666
12 20 0.114830 0.124651 0.023666
13 0 0.097539 0.124651 0.023666
13 1 0.107515 0.124651 0.023666
13 2 0.113500 0.124651 0.023666
13 3 0.123919 0.124651 0.023666
13 4 0.127688 0.124651 0.023666
13 5 0.133008 0.124651 0.023666
13 6 0.139880 0.124651 0.023666
13 7 0.148526 0.124651 0.023666
13 8 0.154290 0.124651 0.023666
13 9 0.164265 0.124651 0.023666
13 10 0.170694 0.124651 0.023666
13 11 0.168920 0.124651 0.023666
13 12 0.168034 0.124651 0.023666
13 13 0.167147 0.124651 0.023666
13 14 0.160053 0.124651 0.023666
13 15 0.153624 0.124651 0.023666
13 16 0.148526 0.124651 0.023666
13 17 0.140545 0.124651 0.023666
13 18 0.136777 0.124651 0.023666
13 19 0.120151 0.124651 0.023666
13 20 0.112614 0.124651 0.023666
14 0 0.092219 0.124651 0.023666
14 1 0.101308 0.124651 0.023666
14 2 0.109067 0.124651 0.023666
14 3 0.114609 0.124651 0.023666
14 4 0.121037 0.124651 0.023666
14 5 0.126136 0.124651 0.023666
14 6 0.133452 0.124651 0.023666
14 7 0.143205 0.124651 0.023666
14 8 0.149413 0.124651 0.023666
14 9 0.160940 0.124651 0.023666
14 10 0.163600 0.124651 0.023666
14 11 0.164930 0.124651 0.023666
14 12 0.165152 0.124651 0.023666
14 13 0.163600 0.124651 0.023666
14 14 0.158723 0.124651 0.023666
14 15 0.150299 0.124651 0.023666
14 16 0.142319 0.124651 0.023666
14 17 0.131900 0.124651 0.023666
14 18 0.128131 0.124651 0.023666
14 19 0.119929 0.124651 0.023666
14 20 0.108402 0.124651 0.023666
15 0 0.080913 0.124651 0.023666
15 1 0.092441 0.124651 0.023666
15 2 0.103746 0.124651 0.023666
15 3 0.111505 0.124651 0.023666
15 4 0.115939 0.124651 0.023666
15 5 0.122811 0.124651 0.023666
15 6 0.128353 0.124651 0.023666
15 7 0.135003 0.124651 0.023666
15 8 0.146531 0.124651 0.023666
15 9 0.152294 0.124651 0.023666
15 10 0.157171 0.124651 0.023666
15 11 0.160940 0.124651 0.023666
15 12 0.161827 0.124651 0.023666
15 13 0.161162 0.124651 0.023666
15 14 0.155176 0.124651 0.023666
15 15 0.145644 0.124651 0.023666
15 16 0.137885 0.124651 0.023666
15 17 0.127023 0.124651 0.023666
15 18 0.120816 0.124651 0.023666
15 19 0.113057 0.124651 0.023666
15 20 0.103746 0.124651 0.023666
16 0 0.077588 0.124651 0.023666
16 1 0.087120 0.124651 0.023666
16 2 0.096209 0.124651 0.023666
16 3 0.103525 0.124651 0.023666
16 4 0.110397 0.124651 0.023666
16 5 0.117491 0.124651 0.023666
16 6 0.123033 0.124651 0.023666
16 7 0.132565 0.124651 0.023666
16 8 0.140102 0.124651 0.023666
16 9 0.143427 0.124651 0.023666
16 10 0.148304 0.124651 0.023666
16 11 0.152073 0.124651 0.023666
16 12 0.154511 0.124651 0.023666
16 13 0.156506 0.124651 0.023666
16 14 0.152516 0.124651 0.023666
16 15 0.142762 0.124651 0.023666
16 16 0.132121 0.124651 0.023666
16 17 0.122811 0.124651 0.023666
16 18 0.117047 0.124651 0.023666
16 19 0.107737 0.124651 0.023666
16 20 0.096874 0.124651 0.023666
17 0 0.076701 0.124651 0.023666
17 1 0.082243 0.124651 0.023666
17 2 0.090889 0.124651 0.023666
17 3 0.095544 0.124651 0.023666
17 4 0.102416 0.124651 0.023666
17 5 0.110840 0.124651 0.023666
17 6 0.116160 0.124651 0.023666
17 7 0.124584 0.124651 0.023666
17 8 0.128796 0.124651 0.023666
17 9 0.135003 0.124651 0.023666
17 10 0.141654 0.124651 0.023666
17 11 0.142762 0.124651 0.023666
17 12 0.144979 0.124651 0.023666
17 13 0.143427 0.124651 0.023666
17 14 0.140545 0.124651 0.023666
17 15 0.132565 0.124651 0.023666
17 16 0.126801 0.124651 0.023666
17 17 0.118599 0.124651 0.023666
17 18 0.111727 0.124651 0.023666
17 19 0.100865 0.124651 0.023666
17 20 0.090667 0.124651 0.023666
18 0 0.071381 0.124651 0.023666
18 1 0.079140 0.124651 0.023666
18 2 0.084682 0.124651 0.023666
18 3 0.093771 0.124651 0.023666
18 4 0.097539 0.124651 0.023666
18 5 0.105520 0.124651 0.023666
18 6 0.109510 0.124651 0.023666
18 7 0.117712 0.124651 0.023666
18 8 0.124584 0.124651 0.023666
18 9 0.128796 0.124651 0.023666
18 10 0.130791 0.124651 0.023666
18 11 0.133008 0.124651 0.023666
18 12 0.137442 0.124651 0.023666
18 13 0.131678 0.124651 0.023666
18 14 0.127688 0.124651 0.023666
18 15 0.122811 0.124651 0.023666
18 16 0.115717 0.124651 0.023666
18 17 0.107072 0.124651 0.023666
18 18 0.098869 0.124651 0.023666
18 19 0.089115 0.124651 0.023666
18 20 0.083795 0.124651 0.023666
19 0 0.067169 0.124651 0.023666
19 1 0.074928 0.124651 0.023666
19 2 0.082022 0.124651 0.023666
19 3 0.088672 0.124651 0.023666
19 4 0.093327 0.124651 0.023666
19 5 0.098869 0.124651 0.023666
19 6 0.102416 0.124651 0.023666
19 7 0.110175 0.124651 0.023666
19 8 0.113944 0.124651 0.023666
19 9 0.121259 0.124651 0.023666
19 10 0.124806 0.124651 0.023666
19 11 0.126579 0.124651 0.023666
19 12 0.125693 0.124651 0.023666
19 13 0.119486 0.124651 0.023666
19 14 0.115939 0.124651 0.023666
19 15 0.110397 0.124651 0.023666
19 16 0.100865 0.124651 0.023666
19 17 0.094658 0.124651 0.023666
19 18 0.086677 0.124651 0.023666
19 19 0.080913 0.124651 0.023666
19 20 0.076701 0.124651 0.023666
20 0 0.065396 0.124651 0.023666
20 1 0.072489 0.124651 0.023666
20 2 0.079805 0.124651 0.023666
20 3 0.084460 0.124651 0.023666
20 4 0.088894 0.124651 0.023666
20 5 0.091776 0.124651 0.023666
20 6 0.098426 0.124651 0.023666
20 7 0.103081 0.124651 0.023666
20 8 0.105963 0.124651 0.023666
20 9 0.113279 0.124651 0.023666
20 10 0.118377 0.124651 0.023666
20 11 0.118599 0.124651 0.023666
20 12 0.120816 0.124651 0.023666
20 13 0.117934 0.124651 0.023666
20 14 0.111062 0.124651 0.023666
20 15 0.103303 0.124651 0.023666
20 16 0.097318 0.124651 0.023666
20 17 0.090667 0.124651 0.023666
20 18 0.085569 0.124651 0.023666
20 19 0.079805 0.124651 0.023666
20 20 0.075150 0.124651 0.023666
