# contact distance = 20.0 Angstroms
# F = 0.4 kJ/mol

# i j contact_probability mean_contact_probability stddev_contact_probability
0 0 0.050088 0.100275 0.017558
0 1 0.053182 0.100275 0.017558
0 2 0.055687 0.100275 0.017558
0 3 0.062463 0.100275 0.017558
0 4 0.067177 0.100275 0.017558
0 5 0.069976 0.100275 0.017558
0 6 0.075722 0.100275 0.017558
0 7 0.078374 0.100275 0.017558
0 8 0.077637 0.100275 0.017558
0 9 0.076606 0.100275 0.017558
0 10 0.076164 0.100275 0.017558
0 11 0.076164 0.100275 0.017558
0 12 0.080289 0.100275 0.017558
0 13 0.080878 0.100275 0.017558
0 14 0.081173 0.100275 0.017558
0 15 0.081173 0.100275 0.017558
0 16 0.079994 0.100275 0.017558
0 17 0.076458 0.100275 0.017558
0 18 0.077490 0.100275 0.017558
0 19 0.076311 0.100275 0.017558
0 20 0.072039 0.100275 0.017558
1 0 0.054066 0.100275 0.017558
1 1 0.057012 0.100275 0.017558
1 2 0.058928 0.100275 0.017558
1 3 0.065557 0.100275 0.017558
1 4 0.070271 0.100275 0.017558
1 5 0.075869 0.100275 0.017558
1 6 0.078374 0.100275 0.017558
1 7 0.080731 0.100275 0.017558
1 8 0.081467 0.100275 0.017558
1 9 0.083235 0.100275 0.017558
1 10 0.081025 0.100275 0.017558
1 11 0.082646 0.100275 0.017558
1 12 0.085740 0.100275 0.017558
1 13 0.087802 0.100275 0.017558
1 14 0.084856 0.100275 0.017558
1 15 0.087213 0.100275 0.017558
1 16 0.083088 0.100275 0.017558
1 17 0.082499 0.100275 0.017558
1 18 0.081025 0.100275 0.017558
1 19 0.078816 0.100275 0.017558
1 20 0.074838 0.100275 0.017558
2 0 0.056276 0.100275 0.017558
2 1 0.060843 0.100275 0.017558
2 2 0.065410 0.100275 0.017558
2 3 0.068945 0.100275 0.017558
2 4 0.074691 0.100275 0.017558
2 5 0.082057 0.100275 0.017558
2 6 0.084414 0.100275 0.017558
2 7 0.086918 0.100275 0.017558
2 8 0.087213 0.100275 0.017558
2 9 0.084708 0.100275 0.017558
2 10 0.086181 0.100275 0.017558
2 11 0.090159 0.100275 0.017558
2 12 0.092664 0.100275 0.017558
2 13 0.091927 0.100275 0.017558
2 14 0.092369 0.100275 0.017558
2 15 0.095021 0.100275 0.017558
2 16 0.093105 0.100275 0.017558
2 17 0.091485 0.100275 0.017558
2 18 0.089275 0.100275 0.017558
2 19 0.083235 0.100275 0.017558
2 20 0.079110 0.100275 0.017558
3 0 0.061874 0.100275 0.017558
3 1 0.067325 0.100275 0.017558
3 2 0.069387 0.100275 0.017558
3 3 0.075427 0.100275 0.017558
3 4 0.081173 0.100275 0.017558
3 5 0.084856 0.100275 0.017558
3 6 0.089864 0.100275 0.017558
3 7 0.095463 0.100275 0.017558
3 8 0.094873 0.100275 0.017558
3 9 0.094431 0.100275 0.017558
3 10 0.094579 0.100275 0.017558
3 11 0.096199 0.100275 0.017558
3 12 0.098556 0.100275 0.017558
3 13 0.099440 0.100275 0.017558
3 14 0.101797 0.100275 0.017558
3 15 0.102239 0.100275 0.017558
3 16 0.099588 0.100275 0.017558
3 17 0.096346 0.100275 0.017558
3 18 0.093105 0.100275 0.017558
3 19 0.089128 0.100275 0.017558
3 20 0.082940 0.100275 0.017558
4 0 0.067030 0.100275 0.017558
4 1 0.069240 0.100275 0.017558
4 2 0.074691 0.100275 0.017558
4 3 0.081025 0.100275 0.017558
4 4 0.083972 0.100275 0.017558
4 5 0.091043 0.100275 0.017558
4 6 0.096346 0.100275 0.017558
4 7 0.099440 0.100275 0.017558
4 8 0.101945 0.100275 0.017558
4 9 0.101355 0.100275 0.017558
4 10 0.100619 0.100275 0.017558
4 11 0.101061 0.100275 0.017558
4 12 0.102092 0.100275 0.017558
4 13 0.104744 0.100275 0.017558
4 14 0.106511 0.100275 0.017558
4 15 0.104596 0.100275 0.017558
4 16 0.104891 0.100275 0.017558
4 17 0.099440 0.100275 0.017558
4 18 0.099588 0.100275 0.017558
4 19 0.092222 0.100275 0.017558
4 20 0.084856 0.100275 0.017558
5 0 0.071597 0.100275 0.017558
5 1 0.077048 0.100275 0.017558
5 2 0.077637 0.100275 0.017558
5 3 0.083530 0.100275 0.017558
5 4 0.091780 0.100275 0.017558
5 5 0.098114 0.100275 0.017558
5 6 0.101503 0.100275 0.017558
5 7 0.106953 0.100275 0.017558
5 8 0.107985 0.100275 0.017558
5 9 0.110489 0.100275 0.017558
5 10 0.109900 0.100275 0.017558
5 11 0.109163 0.100275 0.017558
5 12 0.109605 0.100275 0.017558
5 13 0.112257 0.100275 0.017558
5 14 0.110342 0.100275 0.017558
5 15 0.111226 0.100275 0.017558
5 16 0.107101 0.100275 0.017558
5 17 0.104154 0.100275 0.017558
5 18 0.101650 0.100275 0.017558
5 19 0.097967 0.100275 0.017558
5 20 0.090601 0.100275 0.017558
6 0 0.074101 0.100275 0.017558
6 1 0.078521 0.100275 0.017558
6 2 0.082204 0.100275 0.017558
6 3 0.086476 0.100275 0.017558
6 4 0.093400 0.100275 0.017558
6 5 0.101355 0.100275 0.017558
6 6 0.105038 0.100275 0.017558
6 7 0.110489 0.100275 0.017558
6 8 0.111226 0.100275 0.017558
6 9 0.112110 0.100275 0.017558
6 10 0.112404 0.100275 0.017558
6 11 0.112404 0.100275 0.017558
6 12 0.116382 0.100275 0.017558
6 13 0.118444 0.100275 0.017558
6 14 0.116824 0.100275 0.017558
6 15 0.111668 0.100275 0.017558
6 16 0.110489 0.100275 0.017558
6 17 0.106364 0.100275 0.017558
6 18 0.100177 0.100275 0.017558
6 19 0.098114 0.100275 0.017558
6 20 0.091927 0.100275 0.017558
7 0 0.073070 0.100275 0.017558
7 1 0.077932 0.100275 0.017558
7 2 0.084561 0.100275 0.017558
7 3 0.087360 0.100275 0.017558
7 4 0.096936 0.100275 0.017558
7 5 0.102534 0.100275 0.017558
7 6 0.110636 0.100275 0.017558
7 7 0.113877 0.100275 0.017558
7 8 0.116087 0.100275 0.017558
7 9 0.114761 0.100275 0.017558
7 10 0.115498 0.100275 0.017558
7 11 0.117266 0.100275 0.017558
7 12 0.120212 0.100275 0.017558
7 13 0.122127 0.100275 0.017558
7 14 0.119476 0.100275 0.017558
7 15 0.116529 0.100275 0.017558
7 16 0.113141 0.100275 0.017558
7 17 0.109311 0.100275 0.017558
7 18 0.106806 0.100275 0.017558
7 19 0.100471 0.100275 0.017558
7 20 0.094873 0.100275 0.017558
8 0 0.073659 0.100275 0.017558
8 1 0.079552 0.100275 0.017558
8 2 0.084856 0.100275 0.017558
8 3 0.091190 0.100275 0.017558
8 4 0.096788 0.100275 0.017558
8 5 0.104007 0.100275 0.017558
8 6 0.111226 0.100275 0.017558
8 7 0.111815 0.100275 0.017558
8 8 0.115203 0.100275 0.017558
8 9 0.116382 0.100275 0.017558
8 10 0.115645 0.100275 0.017558
8 11 0.116382 0.100275 0.017558
8 12 0.120359 0.100275 0.017558
8 13 0.123895 0.100275 0.017558
8 14 0.121980 0.100275 0.017558
8 15 0.117560 0.100275 0.017558
8 16 0.113877 0.100275 0.017558
8 17 0.112404 0.100275 0.017558
8 18 0.109458 0.100275 0.017558
8 19 0.104891 0.100275 0.017558
8 20 0.099146 0.100275 0.017558
9 0 0.075575 0.100275 0.017558
9 1 0.081467 0.100275 0.017558
9 2 0.086918 0.100275 0.017558
9 3 0.091043 0.100275 0.017558
9 4 0.098114 0.100275 0.017558
9 5 0.109016 0.100275 0.017558
9 6 0.114614 0.100275 0.017558
9 7 0.114025 0.100275 0.017558
9 8 0.115203 0.100275 0.017558
9 9 0.120359 0.100275 0.017558
9 10 0.119476 0.100275 0.017558
9 11 0.120212 0.100275 0.017558
9 12 0.124042 0.100275 0.017558
9 13 0.126252 0.100275 0.017558
9 14 0.122569 0.100275 0.017558
9 15 0.119623 0.100275 0.017558
9 16 0.116971 0.100275 0.017558
9 17 0.115645 0.100275 0.017558
9 18 0.114614 0.100275 0.017558
9 19 0.109458 0.100275 0.017558
9 20 0.101208 0.100275 0.017558
10 0 0.076458 0.100275 0.017558
10 1 0.084266 0.100275 0.017558
10 2 0.087507 0.100275 0.017558
10 3 0.093842 0.100275 0.017558
10 4 0.101945 0.100275 0.017558
10 5 0.107395 0.100275 0.017558
10 6 0.114025 0.100275 0.017558
10 7 0.117855 0.100275 0.017558
10 8 0.120507 0.100275 0.017558
10 9 0.121391 0.100275 0.017558
10 10 0.122569 0.100275 0.017558
10 11 0.124190 0.100275 0.017558
10 12 0.127873 0.100275 0.017558
10 13 0.126547 0.100275 0.017558
10 14 0.124779 0.100275 0.017558
10 15 0.122275 0.100275 0.017558
10 16 0.119034 0.100275 0.017558
10 17 0.116382 0.100275 0.017558
10 18 0.113141 0.100275 0.017558
10 19 0.107395 0.100275 0.017558
10 20 0.103270 0.100275 0.017558
11 0 0.077784 0.100275 0.017558
11 1 0.085150 0.100275 0.017558
11 2 0.089717 0.100275 0.017558
11 3 0.096494 0.100275 0.017558
11 4 0.102829 0.100275 0.017558
11 5 0.109016 0.100275 0.017558
11 6 0.115351 0.100275 0.017558
11 7 0.120801 0.100275 0.017558
11 8 0.121980 0.100275 0.017558
11 9 0.127283 0.100275 0.017558
11 10 0.127136 0.100275 0.017558
11 11 0.128462 0.100275 0.017558
11 12 0.130230 0.100275 0.017558
11 13 0.130377 0.100275 0.017558
11 14 0.125958 0.100275 0.017558
11 15 0.122127 0.100275 0.017558
11 16 0.118444 0.100275 0.017558
11 17 0.116235 0.100275 0.017558
11 18 0.113288 0.100275 0.017558
11 19 0.106953 0.100275 0.017558
11 20 0.102387 0.100275 0.017558
12 0 0.082646 0.100275 0.017558
12 1 0.087949 0.100275 0.017558
12 2 0.094726 0.100275 0.017558
12 3 0.101208 0.100275 0.017558
12 4 0.107985 0.100275 0.017558
12 5 0.114614 0.100275 0.017558
12 6 0.122864 0.100275 0.017558
12 7 0.124632 0.100275 0.017558
12 8 0.126252 0.100275 0.017558
12 9 0.129788 0.100275 0.017558
12 10 0.130524 0.100275 0.017558
12 11 0.129051 0.100275 0.017558
12 12 0.129199 0.100275 0.017558
12 13 0.131556 0.100275 0.017558
12 14 0.129935 0.100275 0.017558
12 15 0.122717 0.100275 0.017558
12 16 0.115793 0.100275 0.017558
12 17 0.115498 0.100275 0.017558
12 18 0.112846 0.100275 0.017558
12 19 0.106953 0.100275 0.017558
12 20 0.102092 0.100275 0.017558
13 0 0.080436 0.100275 0.017558
13 1 0.087065 0.100275 0.017558
13 2 0.095315 0.100275 0.017558
13 3 0.101503 0.100275 0.017558
13 4 0.107248 0.100275 0.017558
13 5 0.115203 0.100275 0.017558
13 6 0.122422 0.100275 0.017558
13 7 0.123748 0.100275 0.017558
13 8 0.124779 0.100275 0.017558
13 9 0.128315 0.100275 0.017558
13 10 0.127431 0.100275 0.017558
13 11 0.130230 0.100275 0.017558
13 12 0.127873 0.100275 0.017558
13 13 0.129935 0.100275 0.017558
13 14 0.128020 0.100275 0.017558
13 15 0.121685 0.100275 0.017558
13 16 0.116382 0.100275 0.017558
13 17 0.111668 0.100275 0.017558
13 18 0.111373 0.100275 0.017558
13 19 0.106070 0.100275 0.017558
13 20 0.100471 0.100275 0.017558
14 0 0.079699 0.100275 0.017558
14 1 0.087065 0.100275 0.017558
14 2 0.093989 0.100275 0.017558
14 3 0.101797 0.100275 0.017558
14 4 0.105480 0.100275 0.017558
14 5 0.112994 0.100275 0.017558
14 6 0.119476 0.100275 0.017558
14 7 0.121391 0.100275 0.017558
14 8 0.122569 0.100275 0.017558
14 9 0.126105 0.100275 0.017558
14 10 0.126841 0.100275 0.017558
14 11 0.124632 0.100275 0.017558
14 12 0.126841 0.100275 0.017558
14 13 0.126400 0.100275 0.017558
14 14 0.128462 0.100275 0.017558
14 15 0.124779 0.100275 0.017558
14 16 0.119476 0.100275 0.017558
14 17 0.113288 0.100275 0.017558
14 18 0.109605 0.100275 0.017558
14 19 0.104154 0.100275 0.017558
14 20 0.097672 0.100275 0.017558
15 0 0.080289 0.100275 0.017558
15 1 0.084119 0.100275 0.017558
15 2 0.091780 0.100275 0.017558
15 3 0.099146 0.100275 0.017558
15 4 0.105038 0.100275 0.017558
15 5 0.109753 0.100275 0.017558
15 6 0.115351 0.100275 0.017558
15 7 0.118444 0.100275 0.017558
15 8 0.120507 0.100275 0.017558
15 9 0.124926 0.100275 0.017558
15 10 0.123895 0.100275 0.017558
15 11 0.124926 0.100275 0.017558
15 12 0.123306 0.100275 0.017558
15 13 0.123600 0.100275 0.017558
15 14 0.121833 0.100275 0.017558
15 15 0.119328 0.100275 0.017558
15 16 0.114172 0.100275 0.017558
15 17 0.107985 0.100275 0.017558
15 18 0.104744 0.100275 0.017558
15 19 0.101650 0.100275 0.017558
15 20 0.093989 0.100275 0.017558
16 0 0.080289 0.100275 0.017558
16 1 0.084561 0.100275 0.017558
16 2 0.092222 0.100275 0.017558
16 3 0.097083 0.100275 0.017558
16 4 0.104449 0.100275 0.017558
16 5 0.106511 0.100275 0.017558
16 6 0.111078 0.100275 0.017558
16 7 0.115645 0.100275 0.017558
16 8 0.117413 0.100275 0.017558
16 9 0.115940 0.100275 0.017558
16 10 0.115351 0.100275 0.017558
16 11 0.119918 0.100275 0.017558
16 12 0.123600 0.100275 0.017558
16 13 0.119623 0.100275 0.017558
16 14 0.120065 0.100275 0.017558
16 15 0.114172 0.100275 0.017558
16 16 0.108132 0.100275 0.017558
16 17 0.102829 0.100275 0.017558
16 18 0.098998 0.100275 0.017558
16 19 0.097525 0.100275 0.017558
16 20 0.090748 0.100275 0.017558
17 0 0.080436 0.100275 0.017558
17 1 0.084561 0.100275 0.017558
17 2 0.091190 0.100275 0.017558
17 3 0.100029 0.100275 0.017558
17 4 0.104302 0.100275 0.017558
17 5 0.108427 0.100275 0.017558
17 6 0.110047 0.100275 0.017558
17 7 0.112846 0.100275 0.017558
17 8 0.111078 0.100275 0.017558
17 9 0.112552 0.100275 0.017558
17 10 0.113288 0.100275 0.017558
17 11 0.115793 0.100275 0.017558
17 12 0.118002 0.100275 0.017558
17 13 0.115498 0.100275 0.017558
17 14 0.114172 0.100275 0.017558
17 15 0.109163 0.100275 0.017558
17 16 0.103565 0.100275 0.017558
17 17 0.098556 0.100275 0.017558
17 18 0.094431 0.100275 0.017558
17 19 0.089864 0.100275 0.017558
17 20 0.083530 0.100275 0.017558
18 0 0.078226 0.100275 0.017558
18 1 0.081909 0.100275 0.017558
18 2 0.088833 0.100275 0.017558
18 3 0.096346 0.100275 0.017558
18 4 0.101208 0.100275 0.017558
18 5 0.105628 0.100275 0.017558
18 6 0.107690 0.100275 0.017558
18 7 0.109311 0.100275 0.017558
18 8 0.109753 0.100275 0.017558
18 9 0.109753 0.100275 0.017558
18 10 0.110931 0.100275 0.017558
18 11 0.112257 0.100275 0.017558
18 12 0.112257 0.100275 0.017558
18 13 0.111815 0.100275 0.017558
18 14 0.108132 0.100275 0.017558
18 15 0.104302 0.100275 0.017558
18 16 0.096936 0.100275 0.017558
18 17 0.095021 0.100275 0.017558
18 18 0.090012 0.100275 0.017558
18 19 0.084708 0.100275 0.017558
18 20 0.079110 0.100275 0.017558
19 0 0.072923 0.100275 0.017558
19 1 0.079110 0.100275 0.017558
19 2 0.085592 0.100275 0.017558
19 3 0.090748 0.100275 0.017558
19 4 0.093842 0.100275 0.017558
19 5 0.097525 0.100275 0.017558
19 6 0.100766 0.100275 0.017558
19 7 0.103123 0.100275 0.017558
19 8 0.105333 0.100275 0.017558
19 9 0.105038 0.100275 0.017558
19 10 0.102976 0.100275 0.017558
19 11 0.105186 0.100275 0.017558
19 12 0.105480 0.100275 0.017558
19 13 0.106217 0.100275 0.017558
19 14 0.101061 0.100275 0.017558
19 15 0.099588 0.100275 0.017558
19 16 0.094726 0.100275 0.017558
19 17 0.089570 0.100275 0.017558
19 18 0.086329 0.100275 0.017558
19 19 0.080436 0.100275 0.017558
19 20 0.073954 0.100275 0.017558
20 0 0.068061 0.100275 0.017558
20 1 0.076164 0.100275 0.017558
20 2 0.080289 0.100275 0.017558
20 3 0.086476 0.100275 0.017558
20 4 0.088686 0.100275 0.017558
20 5 0.088833 0.100275 0.017558
20 6 0.092811 0.100275 0.017558
20 7 0.096052 0.100275 0.017558
20 8 0.098556 0.100275 0.017558
20 9 0.097525 0.100275 0.017558
20 10 0.096052 0.100275 0.017558
20 11 0.094873 0.100275 0.017558
20 12 0.098704 0.100275 0.017558
20 13 0.096936 0.100275 0.017558
20 14 0.095610 0.100275 0.017558
20 15 0.091338 0.100275 0.017558
20 16 0.087360 0.100275 0.017558
20 17 0.081467 0.100275 0.017558
20 18 0.079405 0.100275 0.017558
20 19 0.075869 0.100275 0.017558
20 20 0.068798 0.100275 0.017558
