# contact distance = 20.0 Angstroms
# F = 0.4 kJ/mol

# i j contact_probability mean_contact_probability stddev_contact_probability
0 0 0.107713 0.119820 0.021064
0 1 0.110508 0.119820 0.021064
0 2 0.111988 0.119820 0.021064
0 3 0.116922 0.119820 0.021064
0 4 0.112646 0.119820 0.021064
0 5 0.112153 0.119820 0.021064
0 6 0.110508 0.119820 0.021064
0 7 0.107219 0.119820 0.021064
0 8 0.104095 0.119820 0.021064
0 9 0.100806 0.119820 0.021064
0 10 0.098668 0.119820 0.021064
0 11 0.096366 0.119820 0.021064
0 12 0.095872 0.119820 0.021064
0 13 0.093406 0.119820 0.021064
0 14 0.091597 0.119820 0.021064
0 15 0.086992 0.119820 0.021064
0 16 0.084361 0.119820 0.021064
0 17 0.078605 0.119820 0.021064
0 18 0.074001 0.119820 0.021064
0 19 0.067916 0.119820 0.021064
0 20 0.062819 0.119820 0.021064
1 0 0.111166 0.119820 0.021064
1 1 0.116099 0.119820 0.021064
1 2 0.119059 0.119820 0.021064
1 3 0.118730 0.119820 0.021064
1 4 0.119224 0.119820 0.021064
1 5 0.115442 0.119820 0.021064
1 6 0.116099 0.119820 0.021064
1 7 0.112481 0.119820 0.021064
1 8 0.109686 0.119820 0.021064
1 9 0.110344 0.119820 0.021064
1 10 0.107384 0.119820 0.021064
1 11 0.103272 0.119820 0.021064
1 12 0.103272 0.119820 0.021064
1 13 0.102944 0.119820 0.021064
1 14 0.096859 0.119820 0.021064
1 15 0.093241 0.119820 0.021064
1 16 0.089952 0.119820 0.021064
1 17 0.082717 0.119820 0.021064
1 18 0.079263 0.119820 0.021064
1 19 0.073508 0.119820 0.021064
1 20 0.069068 0.119820 0.021064
2 0 0.113633 0.119820 0.021064
2 1 0.119553 0.119820 0.021064
2 2 0.123664 0.119820 0.021064
2 3 0.122513 0.119820 0.021064
2 4 0.122348 0.119820 0.021064
2 5 0.119388 0.119820 0.021064
2 6 0.120868 0.119820 0.021064
2 7 0.118730 0.119820 0.021064
2 8 0.116757 0.119820 0.021064
2 9 0.114126 0.119820 0.021064
2 10 0.114784 0.119820 0.021064
2 11 0.110179 0.119820 0.021064
2 12 0.109193 0.119820 0.021064
2 13 0.108699 0.119820 0.021064
2 14 0.102944 0.119820 0.021064
2 15 0.100806 0.119820 0.021064
2 16 0.095872 0.119820 0.021064
2 17 0.091268 0.119820 0.021064
2 18 0.086663 0.119820 0.021064
2 19 0.078605 0.119820 0.021064
2 20 0.073179 0.119820 0.021064
3 0 0.116593 0.119820 0.021064
3 1 0.120375 0.119820 0.021064
3 2 0.123499 0.119820 0.021064
3 3 0.126131 0.119820 0.021064
3 4 0.127117 0.119820 0.021064
3 5 0.123335 0.119820 0.021064
3 6 0.126459 0.119820 0.021064
3 7 0.124815 0.119820 0.021064
3 8 0.120704 0.119820 0.021064
3 9 0.123171 0.119820 0.021064
3 10 0.121197 0.119820 0.021064
3 11 0.116428 0.119820 0.021064
3 12 0.114290 0.119820 0.021064
3 13 0.112646 0.119820 0.021064
3 14 0.110179 0.119820 0.021064
3 15 0.107877 0.119820 0.021064
3 16 0.101299 0.119820 0.021064
3 17 0.096201 0.119820 0.021064
3 18 0.089623 0.119820 0.021064
3 19 0.081401 0.119820 0.021064
3 20 0.077948 0.119820 0.021064
4 0 0.116264 0.119820 0.021064
4 1 0.118895 0.119820 0.021064
4 2 0.123171 0.119820 0.021064
4 3 0.126953 0.119820 0.021064
4 4 0.124815 0.119820 0.021064
4 5 0.126295 0.119820 0.021064
4 6 0.126788 0.119820 0.021064
4 7 0.127446 0.119820 0.021064
4 8 0.124979 0.119820 0.021064
4 9 0.125802 0.119820 0.021064
4 10 0.123499 0.119820 0.021064
4 11 0.121691 0.119820 0.021064
4 12 0.121033 0.119820 0.021064
4 13 0.121691 0.119820 0.021064
4 14 0.116593 0.119820 0.021064
4 15 0.115606 0.119820 0.021064
4 16 0.110015 0.119820 0.021064
4 17 0.101628 0.119820 0.021064
4 18 0.095543 0.119820 0.021064
4 19 0.087157 0.119820 0.021064
4 20 0.081237 0.119820 0.021064
5 0 0.110344 0.119820 0.021064
5 1 0.116264 0.119820 0.021064
5 2 0.121362 0.119820 0.021064
5 3 0.127117 0.119820 0.021064
5 4 0.124651 0.119820 0.021064
5 5 0.126459 0.119820 0.021064
5 6 0.127282 0.119820 0.021064
5 7 0.129584 0.119820 0.021064
5 8 0.125802 0.119820 0.021064
5 9 0.129091 0.119820 0.021064
5 10 0.126131 0.119820 0.021064
5 11 0.127939 0.119820 0.021064
5 12 0.127282 0.119820 0.021064
5 13 0.128104 0.119820 0.021064
5 14 0.124486 0.119820 0.021064
5 15 0.118073 0.119820 0.021064
5 16 0.114126 0.119820 0.021064
5 17 0.107384 0.119820 0.021064
5 18 0.099655 0.119820 0.021064
5 19 0.091761 0.119820 0.021064
5 20 0.083868 0.119820 0.021064
6 0 0.107713 0.119820 0.021064
6 1 0.111988 0.119820 0.021064
6 2 0.118566 0.119820 0.021064
6 3 0.124322 0.119820 0.021064
6 4 0.127117 0.119820 0.021064
6 5 0.126624 0.119820 0.021064
6 6 0.127282 0.119820 0.021064
6 7 0.128104 0.119820 0.021064
6 8 0.129091 0.119820 0.021064
6 9 0.130406 0.119820 0.021064
6 10 0.132051 0.119820 0.021064
6 11 0.135011 0.119820 0.021064
6 12 0.135011 0.119820 0.021064
6 13 0.134682 0.119820 0.021064
6 14 0.130571 0.119820 0.021064
6 15 0.125144 0.119820 0.021064
6 16 0.118402 0.119820 0.021064
6 17 0.111001 0.119820 0.021064
6 18 0.101628 0.119820 0.021064
6 19 0.097024 0.119820 0.021064
6 20 0.088637 0.119820 0.021064
7 0 0.106726 0.119820 0.021064
7 1 0.113797 0.119820 0.021064
7 2 0.117415 0.119820 0.021064
7 3 0.124322 0.119820 0.021064
7 4 0.125473 0.119820 0.021064
7 5 0.130077 0.119820 0.021064
7 6 0.127939 0.119820 0.021064
7 7 0.129091 0.119820 0.021064
7 8 0.132708 0.119820 0.021064
7 9 0.133366 0.119820 0.021064
7 10 0.132544 0.119820 0.021064
7 11 0.139122 0.119820 0.021064
7 12 0.141589 0.119820 0.021064
7 13 0.140109 0.119820 0.021064
7 14 0.137148 0.119820 0.021064
7 15 0.131064 0.119820 0.021064
7 16 0.125144 0.119820 0.021064
7 17 0.117086 0.119820 0.021064
7 18 0.108206 0.119820 0.021064
7 19 0.099655 0.119820 0.021064
7 20 0.091268 0.119820 0.021064
8 0 0.105410 0.119820 0.021064
8 1 0.111824 0.119820 0.021064
8 2 0.114948 0.119820 0.021064
8 3 0.124322 0.119820 0.021064
8 4 0.130077 0.119820 0.021064
8 5 0.130406 0.119820 0.021064
8 6 0.132873 0.119820 0.021064
8 7 0.132544 0.119820 0.021064
8 8 0.132215 0.119820 0.021064
8 9 0.138629 0.119820 0.021064
8 10 0.139451 0.119820 0.021064
8 11 0.143562 0.119820 0.021064
8 12 0.141424 0.119820 0.021064
8 13 0.142904 0.119820 0.021064
8 14 0.142904 0.119820 0.021064
8 15 0.137477 0.119820 0.021064
8 16 0.131557 0.119820 0.021064
8 17 0.120375 0.119820 0.021064
8 18 0.112153 0.119820 0.021064
8 19 0.103437 0.119820 0.021064
8 20 0.090775 0.119820 0.021064
9 0 0.107384 0.119820 0.021064
9 1 0.111824 0.119820 0.021064
9 2 0.117908 0.119820 0.021064
9 3 0.126295 0.119820 0.021064
9 4 0.130900 0.119820 0.021064
9 5 0.133695 0.119820 0.021064
9 6 0.136326 0.119820 0.021064
9 7 0.136984 0.119820 0.021064
9 8 0.136820 0.119820 0.021064
9 9 0.140273 0.119820 0.021064
9 10 0.142575 0.119820 0.021064
9 11 0.146358 0.119820 0.021064
9 12 0.147509 0.119820 0.021064
9 13 0.145864 0.119820 0.021064
9 14 0.144713 0.119820 0.021064
9 15 0.142246 0.119820 0.021064
9 16 0.135668 0.119820 0.021064
9 17 0.124651 0.119820 0.021064
9 18 0.115770 0.119820 0.021064
9 19 0.106068 0.119820 0.021064
9 20 0.096201 0.119820 0.021064
10 0 0.104095 0.119820 0.021064
10 1 0.110344 0.119820 0.021064
10 2 0.123171 0.119820 0.021064
10 3 0.127775 0.119820 0.021064
10 4 0.130571 0.119820 0.021064
10 5 0.135668 0.119820 0.021064
10 6 0.136820 0.119820 0.021064
10 7 0.141095 0.119820 0.021064
10 8 0.144220 0.119820 0.021064
10 9 0.145535 0.119820 0.021064
10 10 0.148331 0.119820 0.021064
10 11 0.150304 0.119820 0.021064
10 12 0.152113 0.119820 0.021064
10 13 0.154086 0.119820 0.021064
10 14 0.147509 0.119820 0.021064
10 15 0.143562 0.119820 0.021064
10 16 0.139122 0.119820 0.021064
10 17 0.131064 0.119820 0.021064
10 18 0.122019 0.119820 0.021064
10 19 0.111330 0.119820 0.021064
10 20 0.100641 0.119820 0.021064
11 0 0.103272 0.119820 0.021064
11 1 0.110837 0.119820 0.021064
11 2 0.122842 0.119820 0.021064
11 3 0.127611 0.119820 0.021064
11 4 0.133860 0.119820 0.021064
11 5 0.139451 0.119820 0.021064
11 6 0.141917 0.119820 0.021064
11 7 0.143891 0.119820 0.021064
11 8 0.147180 0.119820 0.021064
11 9 0.152606 0.119820 0.021064
11 10 0.152606 0.119820 0.021064
11 11 0.154580 0.119820 0.021064
11 12 0.154415 0.119820 0.021064
11 13 0.156718 0.119820 0.021064
11 14 0.152935 0.119820 0.021064
11 15 0.145206 0.119820 0.021064
11 16 0.141260 0.119820 0.021064
11 17 0.135011 0.119820 0.021064
11 18 0.127117 0.119820 0.021064
11 19 0.115442 0.119820 0.021064
11 20 0.104753 0.119820 0.021064
12 0 0.100148 0.119820 0.021064
12 1 0.110837 0.119820 0.021064
12 2 0.125308 0.119820 0.021064
12 3 0.129748 0.119820 0.021064
12 4 0.133037 0.119820 0.021064
12 5 0.139451 0.119820 0.021064
12 6 0.142246 0.119820 0.021064
12 7 0.144384 0.119820 0.021064
12 8 0.148495 0.119820 0.021064
12 9 0.152771 0.119820 0.021064
12 10 0.152935 0.119820 0.021064
12 11 0.156718 0.119820 0.021064
12 12 0.156718 0.119820 0.021064
12 13 0.157869 0.119820 0.021064
12 14 0.154086 0.119820 0.021064
12 15 0.149318 0.119820 0.021064
12 16 0.144877 0.119820 0.021064
12 17 0.136984 0.119820 0.021064
12 18 0.131228 0.119820 0.021064
12 19 0.120375 0.119820 0.021064
12 20 0.107384 0.119820 0.021064
13 0 0.099490 0.119820 0.021064
13 1 0.110673 0.119820 0.021064
13 2 0.121526 0.119820 0.021064
13 3 0.128268 0.119820 0.021064
13 4 0.132051 0.119820 0.021064
13 5 0.136655 0.119820 0.021064
13 6 0.139944 0.119820 0.021064
13 7 0.147015 0.119820 0.021064
13 8 0.150304 0.119820 0.021064
13 9 0.153758 0.119820 0.021064
13 10 0.153758 0.119820 0.021064
13 11 0.155731 0.119820 0.021064
13 12 0.157047 0.119820 0.021064
13 13 0.157540 0.119820 0.021064
13 14 0.152771 0.119820 0.021064
13 15 0.155238 0.119820 0.021064
13 16 0.149975 0.119820 0.021064
13 17 0.142082 0.119820 0.021064
13 18 0.135668 0.119820 0.021064
13 19 0.119882 0.119820 0.021064
13 20 0.108206 0.119820 0.021064
14 0 0.096530 0.119820 0.021064
14 1 0.103930 0.119820 0.021064
14 2 0.114948 0.119820 0.021064
14 3 0.124979 0.119820 0.021064
14 4 0.128597 0.119820 0.021064
14 5 0.131722 0.119820 0.021064
14 6 0.135668 0.119820 0.021064
14 7 0.145206 0.119820 0.021064
14 8 0.151949 0.119820 0.021064
14 9 0.154415 0.119820 0.021064
14 10 0.154086 0.119820 0.021064
14 11 0.154744 0.119820 0.021064
14 12 0.154909 0.119820 0.021064
14 13 0.156224 0.119820 0.021064
14 14 0.153593 0.119820 0.021064
14 15 0.152771 0.119820 0.021064
14 16 0.147838 0.119820 0.021064
14 17 0.140931 0.119820 0.021064
14 18 0.130077 0.119820 0.021064
14 19 0.117908 0.119820 0.021064
14 20 0.108699 0.119820 0.021064
15 0 0.088143 0.119820 0.021064
15 1 0.101135 0.119820 0.021064
15 2 0.108699 0.119820 0.021064
15 3 0.115935 0.119820 0.021064
15 4 0.122842 0.119820 0.021064
15 5 0.128433 0.119820 0.021064
15 6 0.132544 0.119820 0.021064
15 7 0.139944 0.119820 0.021064
15 8 0.147015 0.119820 0.021064
15 9 0.151620 0.119820 0.021064
15 10 0.150798 0.119820 0.021064
15 11 0.152442 0.119820 0.021064
15 12 0.152771 0.119820 0.021064
15 13 0.151455 0.119820 0.021064
15 14 0.148002 0.119820 0.021064
15 15 0.145535 0.119820 0.021064
15 16 0.139780 0.119820 0.021064
15 17 0.131557 0.119820 0.021064
15 18 0.125802 0.119820 0.021064
15 19 0.114784 0.119820 0.021064
15 20 0.104095 0.119820 0.021064
16 0 0.083539 0.119820 0.021064
16 1 0.092912 0.119820 0.021064
16 2 0.104424 0.119820 0.021064
16 3 0.107384 0.119820 0.021064
16 4 0.112975 0.119820 0.021064
16 5 0.121855 0.119820 0.021064
16 6 0.129255 0.119820 0.021064
16 7 0.135997 0.119820 0.021064
16 8 0.141917 0.119820 0.021064
16 9 0.144055 0.119820 0.021064
16 10 0.146193 0.119820 0.021064
16 11 0.147673 0.119820 0.021064
16 12 0.147344 0.119820 0.021064
16 13 0.147344 0.119820 0.021064
16 14 0.145864 0.119820 0.021064
16 15 0.140931 0.119820 0.021064
16 16 0.134353 0.119820 0.021064
16 17 0.124651 0.119820 0.021064
16 18 0.115113 0.119820 0.021064
16 19 0.109850 0.119820 0.021064
16 20 0.098339 0.119820 0.021064
17 0 0.081894 0.119820 0.021064
17 1 0.087321 0.119820 0.021064
17 2 0.093241 0.119820 0.021064
17 3 0.100148 0.119820 0.021064
17 4 0.102944 0.119820 0.021064
17 5 0.109686 0.119820 0.021064
17 6 0.121362 0.119820 0.021064
17 7 0.129420 0.119820 0.021064
17 8 0.134682 0.119820 0.021064
17 9 0.139286 0.119820 0.021064
17 10 0.139780 0.119820 0.021064
17 11 0.142904 0.119820 0.021064
17 12 0.141753 0.119820 0.021064
17 13 0.141589 0.119820 0.021064
17 14 0.140766 0.119820 0.021064
17 15 0.131722 0.119820 0.021064
17 16 0.123828 0.119820 0.021064
17 17 0.117250 0.119820 0.021064
17 18 0.110179 0.119820 0.021064
17 19 0.101792 0.119820 0.021064
17 20 0.093570 0.119820 0.021064
18 0 0.076961 0.119820 0.021064
18 1 0.079263 0.119820 0.021064
18 2 0.087321 0.119820 0.021064
18 3 0.091432 0.119820 0.021064
18 4 0.096530 0.119820 0.021064
18 5 0.104259 0.119820 0.021064
18 6 0.110508 0.119820 0.021064
18 7 0.118895 0.119820 0.021064
18 8 0.123335 0.119820 0.021064
18 9 0.129091 0.119820 0.021064
18 10 0.129255 0.119820 0.021064
18 11 0.133202 0.119820 0.021064
18 12 0.131722 0.119820 0.021064
18 13 0.133202 0.119820 0.021064
18 14 0.128762 0.119820 0.021064
18 15 0.121362 0.119820 0.021064
18 16 0.118402 0.119820 0.021064
18 17 0.110179 0.119820 0.021064
18 18 0.102121 0.119820 0.021064
18 19 0.096037 0.119820 0.021064
18 20 0.086828 0.119820 0.021064
19 0 0.070712 0.119820 0.021064
19 1 0.075645 0.119820 0.021064
19 2 0.080086 0.119820 0.021064
19 3 0.085677 0.119820 0.021064
19 4 0.089952 0.119820 0.021064
19 5 0.098175 0.119820 0.021064
19 6 0.104095 0.119820 0.021064
19 7 0.110344 0.119820 0.021064
19 8 0.114455 0.119820 0.021064
19 9 0.117744 0.119820 0.021064
19 10 0.117908 0.119820 0.021064
19 11 0.121197 0.119820 0.021064
19 12 0.123828 0.119820 0.021064
19 13 0.123499 0.119820 0.021064
19 14 0.117415 0.119820 0.021064
19 15 0.112810 0.119820 0.021064
19 16 0.105575 0.119820 0.021064
19 17 0.098504 0.119820 0.021064
19 18 0.092090 0.119820 0.021064
19 19 0.088472 0.119820 0.021064
19 20 0.081566 0.119820 0.021064
20 0 0.066601 0.119820 0.021064
20 1 0.070383 0.119820 0.021064
20 2 0.075152 0.119820 0.021064
20 3 0.081730 0.119820 0.021064
20 4 0.085019 0.119820 0.021064
20 5 0.090939 0.119820 0.021064
20 6 0.094228 0.119820 0.021064
20 7 0.099490 0.119820 0.021064
20 8 0.104753 0.119820 0.021064
20 9 0.109357 0.119820 0.021064
20 10 0.105739 0.119820 0.021064
20 11 0.107713 0.119820 0.021064
20 12 0.107548 0.119820 0.021064
20 13 0.110179 0.119820 0.021064
20 14 0.108699 0.119820 0.021064
20 15 0.102121 0.119820 0.021064
20 16 0.097188 0.119820 0.021064
20 17 0.090610 0.119820 0.021064
20 18 0.088143 0.119820 0.021064
20 19 0.081072 0.119820 0.021064
20 20 0.076468 0.119820 0.021064
