# contact distance = 20.0 Angstroms
# F = 0.4 kJ/mol

# i j contact_probability mean_contact_probability stddev_contact_probability
0 0 0.078834 0.079564 0.013859
0 1 0.080395 0.079564 0.013859
0 2 0.078054 0.079564 0.013859
0 3 0.077273 0.079564 0.013859
0 4 0.074281 0.079564 0.013859
0 5 0.071679 0.079564 0.013859
0 6 0.069858 0.079564 0.013859
0 7 0.071549 0.079564 0.013859
0 8 0.073371 0.079564 0.013859
0 9 0.075452 0.079564 0.013859
0 10 0.078314 0.079564 0.013859
0 11 0.082087 0.079564 0.013859
0 12 0.085079 0.079564 0.013859
0 13 0.088331 0.079564 0.013859
0 14 0.091973 0.079564 0.013859
0 15 0.091973 0.079564 0.013859
0 16 0.093144 0.079564 0.013859
0 17 0.089892 0.079564 0.013859
0 18 0.089892 0.079564 0.013859
0 19 0.083127 0.079564 0.013859
0 20 0.079095 0.079564 0.013859
1 0 0.077794 0.079564 0.013859
1 1 0.079875 0.079564 0.013859
1 2 0.080135 0.079564 0.013859
1 3 0.079095 0.079564 0.013859
1 4 0.076493 0.079564 0.013859
1 5 0.075322 0.079564 0.013859
1 6 0.073631 0.079564 0.013859
1 7 0.074411 0.079564 0.013859
1 8 0.077273 0.079564 0.013859
1 9 0.081696 0.079564 0.013859
1 10 0.081696 0.079564 0.013859
1 11 0.084558 0.079564 0.013859
1 12 0.086900 0.079564 0.013859
1 13 0.092104 0.079564 0.013859
1 14 0.097567 0.079564 0.013859
1 15 0.098088 0.079564 0.013859
1 16 0.095486 0.079564 0.013859
1 17 0.094966 0.079564 0.013859
1 18 0.092234 0.079564 0.013859
1 19 0.088201 0.079564 0.013859
1 20 0.083127 0.079564 0.013859
2 0 0.079745 0.079564 0.013859
2 1 0.080265 0.079564 0.013859
2 2 0.079875 0.079564 0.013859
2 3 0.078834 0.079564 0.013859
2 4 0.078574 0.079564 0.013859
2 5 0.076103 0.079564 0.013859
2 6 0.076883 0.079564 0.013859
2 7 0.075582 0.079564 0.013859
2 8 0.080916 0.079564 0.013859
2 9 0.084298 0.079564 0.013859
2 10 0.085079 0.079564 0.013859
2 11 0.087160 0.079564 0.013859
2 12 0.091583 0.079564 0.013859
2 13 0.093665 0.079564 0.013859
2 14 0.097828 0.079564 0.013859
2 15 0.099519 0.079564 0.013859
2 16 0.100299 0.079564 0.013859
2 17 0.097567 0.079564 0.013859
2 18 0.095226 0.079564 0.013859
2 19 0.092234 0.079564 0.013859
2 20 0.087030 0.079564 0.013859
3 0 0.077403 0.079564 0.013859
3 1 0.081957 0.079564 0.013859
3 2 0.080265 0.079564 0.013859
3 3 0.080135 0.079564 0.013859
3 4 0.076753 0.079564 0.013859
3 5 0.076103 0.079564 0.013859
3 6 0.076363 0.079564 0.013859
3 7 0.077794 0.079564 0.013859
3 8 0.083127 0.079564 0.013859
3 9 0.086380 0.079564 0.013859
3 10 0.088331 0.079564 0.013859
3 11 0.089632 0.079564 0.013859
3 12 0.093274 0.079564 0.013859
3 13 0.097047 0.079564 0.013859
3 14 0.098218 0.079564 0.013859
3 15 0.101600 0.079564 0.013859
3 16 0.100689 0.079564 0.013859
3 17 0.097958 0.079564 0.013859
3 18 0.096266 0.079564 0.013859
3 19 0.094055 0.079564 0.013859
3 20 0.088071 0.079564 0.013859
4 0 0.074151 0.079564 0.013859
4 1 0.076753 0.079564 0.013859
4 2 0.077403 0.079564 0.013859
4 3 0.078704 0.079564 0.013859
4 4 0.078184 0.079564 0.013859
4 5 0.076233 0.079564 0.013859
4 6 0.079225 0.079564 0.013859
4 7 0.079355 0.079564 0.013859
4 8 0.083908 0.079564 0.013859
4 9 0.087030 0.079564 0.013859
4 10 0.089632 0.079564 0.013859
4 11 0.090412 0.079564 0.013859
4 12 0.096006 0.079564 0.013859
4 13 0.097307 0.079564 0.013859
4 14 0.099258 0.079564 0.013859
4 15 0.101600 0.079564 0.013859
4 16 0.097697 0.079564 0.013859
4 17 0.095746 0.079564 0.013859
4 18 0.095226 0.079564 0.013859
4 19 0.090412 0.079564 0.013859
4 20 0.082217 0.079564 0.013859
5 0 0.071549 0.079564 0.013859
5 1 0.071679 0.079564 0.013859
5 2 0.074932 0.079564 0.013859
5 3 0.076493 0.079564 0.013859
5 4 0.075192 0.079564 0.013859
5 5 0.075972 0.079564 0.013859
5 6 0.077794 0.079564 0.013859
5 7 0.080786 0.079564 0.013859
5 8 0.084819 0.079564 0.013859
5 9 0.086770 0.079564 0.013859
5 10 0.090542 0.079564 0.013859
5 11 0.093144 0.079564 0.013859
5 12 0.095746 0.079564 0.013859
5 13 0.096266 0.079564 0.013859
5 14 0.096397 0.079564 0.013859
5 15 0.099128 0.079564 0.013859
5 16 0.095486 0.079564 0.013859
5 17 0.092754 0.079564 0.013859
5 18 0.090933 0.079564 0.013859
5 19 0.084688 0.079564 0.013859
5 20 0.078314 0.079564 0.013859
6 0 0.069078 0.079564 0.013859
6 1 0.070899 0.079564 0.013859
6 2 0.073110 0.079564 0.013859
6 3 0.075842 0.079564 0.013859
6 4 0.076233 0.079564 0.013859
6 5 0.076363 0.079564 0.013859
6 6 0.079485 0.079564 0.013859
6 7 0.080656 0.079564 0.013859
6 8 0.083257 0.079564 0.013859
6 9 0.086380 0.079564 0.013859
6 10 0.091323 0.079564 0.013859
6 11 0.094835 0.079564 0.013859
6 12 0.094966 0.079564 0.013859
6 13 0.094575 0.079564 0.013859
6 14 0.093795 0.079564 0.013859
6 15 0.091713 0.079564 0.013859
6 16 0.090022 0.079564 0.013859
6 17 0.087420 0.079564 0.013859
6 18 0.083127 0.079564 0.013859
6 19 0.078444 0.079564 0.013859
6 20 0.072590 0.079564 0.013859
7 0 0.069338 0.079564 0.013859
7 1 0.072850 0.079564 0.013859
7 2 0.074281 0.079564 0.013859
7 3 0.075452 0.079564 0.013859
7 4 0.074281 0.079564 0.013859
7 5 0.076233 0.079564 0.013859
7 6 0.078964 0.079564 0.013859
7 7 0.078704 0.079564 0.013859
7 8 0.080395 0.079564 0.013859
7 9 0.086119 0.079564 0.013859
7 10 0.090412 0.079564 0.013859
7 11 0.091843 0.079564 0.013859
7 12 0.089892 0.079564 0.013859
7 13 0.088461 0.079564 0.013859
7 14 0.088721 0.079564 0.013859
7 15 0.085599 0.079564 0.013859
7 16 0.084949 0.079564 0.013859
7 17 0.079745 0.079564 0.013859
7 18 0.077794 0.079564 0.013859
7 19 0.069988 0.079564 0.013859
7 20 0.064915 0.079564 0.013859
8 0 0.070379 0.079564 0.013859
8 1 0.075192 0.079564 0.013859
8 2 0.078834 0.079564 0.013859
8 3 0.079225 0.079564 0.013859
8 4 0.079355 0.079564 0.013859
8 5 0.081696 0.079564 0.013859
8 6 0.082997 0.079564 0.013859
8 7 0.082997 0.079564 0.013859
8 8 0.082607 0.079564 0.013859
8 9 0.084688 0.079564 0.013859
8 10 0.088721 0.079564 0.013859
8 11 0.090412 0.079564 0.013859
8 12 0.087420 0.079564 0.013859
8 13 0.084298 0.079564 0.013859
8 14 0.080786 0.079564 0.013859
8 15 0.081696 0.079564 0.013859
8 16 0.079225 0.079564 0.013859
8 17 0.078054 0.079564 0.013859
8 18 0.073110 0.079564 0.013859
8 19 0.065565 0.079564 0.013859
8 20 0.060622 0.079564 0.013859
9 0 0.073110 0.079564 0.013859
9 1 0.078184 0.079564 0.013859
9 2 0.082737 0.079564 0.013859
9 3 0.080916 0.079564 0.013859
9 4 0.083648 0.079564 0.013859
9 5 0.084819 0.079564 0.013859
9 6 0.085729 0.079564 0.013859
9 7 0.084819 0.079564 0.013859
9 8 0.087160 0.079564 0.013859
9 9 0.085079 0.079564 0.013859
9 10 0.089632 0.079564 0.013859
9 11 0.086250 0.079564 0.013859
9 12 0.084298 0.079564 0.013859
9 13 0.081957 0.079564 0.013859
9 14 0.078184 0.079564 0.013859
9 15 0.078184 0.079564 0.013859
9 16 0.078964 0.079564 0.013859
9 17 0.077143 0.079564 0.013859
9 18 0.070639 0.079564 0.013859
9 19 0.064264 0.079564 0.013859
9 20 0.058540 0.079564 0.013859
10 0 0.079225 0.079564 0.013859
10 1 0.084949 0.079564 0.013859
10 2 0.087030 0.079564 0.013859
10 3 0.088331 0.079564 0.013859
10 4 0.089632 0.079564 0.013859
10 5 0.089762 0.079564 0.013859
10 6 0.087550 0.079564 0.013859
10 7 0.087811 0.079564 0.013859
10 8 0.087811 0.079564 0.013859
10 9 0.086380 0.079564 0.013859
10 10 0.087550 0.079564 0.013859
10 11 0.086770 0.079564 0.013859
10 12 0.083127 0.079564 0.013859
10 13 0.080265 0.079564 0.013859
10 14 0.076753 0.079564 0.013859
10 15 0.078054 0.079564 0.013859
10 16 0.077013 0.079564 0.013859
10 17 0.076493 0.079564 0.013859
10 18 0.071289 0.079564 0.013859
10 19 0.063354 0.079564 0.013859
10 20 0.058150 0.079564 0.013859
11 0 0.083518 0.079564 0.013859
11 1 0.087811 0.079564 0.013859
11 2 0.093795 0.079564 0.013859
11 3 0.095746 0.079564 0.013859
11 4 0.096787 0.079564 0.013859
11 5 0.094575 0.079564 0.013859
11 6 0.091323 0.079564 0.013859
11 7 0.088071 0.079564 0.013859
11 8 0.087160 0.079564 0.013859
11 9 0.085859 0.079564 0.013859
11 10 0.084819 0.079564 0.013859
11 11 0.084819 0.079564 0.013859
11 12 0.078704 0.079564 0.013859
11 13 0.076753 0.079564 0.013859
11 14 0.078184 0.079564 0.013859
11 15 0.075842 0.079564 0.013859
11 16 0.073891 0.079564 0.013859
11 17 0.072720 0.079564 0.013859
11 18 0.068297 0.079564 0.013859
11 19 0.062053 0.079564 0.013859
11 20 0.056329 0.079564 0.013859
12 0 0.084558 0.079564 0.013859
12 1 0.090542 0.079564 0.013859
12 2 0.096266 0.079564 0.013859
12 3 0.099519 0.079564 0.013859
12 4 0.097177 0.079564 0.013859
12 5 0.097697 0.079564 0.013859
12 6 0.094055 0.079564 0.013859
12 7 0.089892 0.079564 0.013859
12 8 0.088331 0.079564 0.013859
12 9 0.084949 0.079564 0.013859
12 10 0.081957 0.079564 0.013859
12 11 0.080265 0.079564 0.013859
12 12 0.074932 0.079564 0.013859
12 13 0.072330 0.079564 0.013859
12 14 0.071810 0.079564 0.013859
12 15 0.072200 0.079564 0.013859
12 16 0.070248 0.079564 0.013859
12 17 0.068948 0.079564 0.013859
12 18 0.064785 0.079564 0.013859
12 19 0.058931 0.079564 0.013859
12 20 0.054898 0.079564 0.013859
13 0 0.092234 0.079564 0.013859
13 1 0.096397 0.079564 0.013859
13 2 0.099258 0.079564 0.013859
13 3 0.101860 0.079564 0.013859
13 4 0.099649 0.079564 0.013859
13 5 0.098998 0.079564 0.013859
13 6 0.096527 0.079564 0.013859
13 7 0.089242 0.079564 0.013859
13 8 0.087680 0.079564 0.013859
13 9 0.084558 0.079564 0.013859
13 10 0.081957 0.079564 0.013859
13 11 0.077143 0.079564 0.013859
13 12 0.071419 0.079564 0.013859
13 13 0.068687 0.079564 0.013859
13 14 0.069728 0.079564 0.013859
13 15 0.069208 0.079564 0.013859
13 16 0.068297 0.079564 0.013859
13 17 0.066736 0.079564 0.013859
13 18 0.060492 0.079564 0.013859
13 19 0.058670 0.079564 0.013859
13 20 0.053207 0.079564 0.013859
14 0 0.093535 0.079564 0.013859
14 1 0.097828 0.079564 0.013859
14 2 0.097567 0.079564 0.013859
14 3 0.101860 0.079564 0.013859
14 4 0.100039 0.079564 0.013859
14 5 0.097177 0.079564 0.013859
14 6 0.095096 0.079564 0.013859
14 7 0.089502 0.079564 0.013859
14 8 0.084298 0.079564 0.013859
14 9 0.082607 0.079564 0.013859
14 10 0.080786 0.079564 0.013859
14 11 0.075582 0.079564 0.013859
14 12 0.070769 0.079564 0.013859
14 13 0.065825 0.079564 0.013859
14 14 0.066346 0.079564 0.013859
14 15 0.065175 0.079564 0.013859
14 16 0.063744 0.079564 0.013859
14 17 0.061532 0.079564 0.013859
14 18 0.058280 0.079564 0.013859
14 19 0.055288 0.079564 0.013859
14 20 0.052947 0.079564 0.013859
15 0 0.095226 0.079564 0.013859
15 1 0.099258 0.079564 0.013859
15 2 0.102511 0.079564 0.013859
15 3 0.100820 0.079564 0.013859
15 4 0.101340 0.079564 0.013859
15 5 0.098088 0.079564 0.013859
15 6 0.093925 0.079564 0.013859
15 7 0.088591 0.079564 0.013859
15 8 0.084819 0.079564 0.013859
15 9 0.081957 0.079564 0.013859
15 10 0.080656 0.079564 0.013859
15 11 0.076883 0.079564 0.013859
15 12 0.071810 0.079564 0.013859
15 13 0.067777 0.079564 0.013859
15 14 0.065565 0.079564 0.013859
15 15 0.063744 0.079564 0.013859
15 16 0.062963 0.079564 0.013859
15 17 0.060622 0.079564 0.013859
15 18 0.058410 0.079564 0.013859
15 19 0.055288 0.079564 0.013859
15 20 0.049954 0.079564 0.013859
16 0 0.093665 0.079564 0.013859
16 1 0.099258 0.079564 0.013859
16 2 0.102120 0.079564 0.013859
16 3 0.101080 0.079564 0.013859
16 4 0.099389 0.079564 0.013859
16 5 0.095876 0.079564 0.013859
16 6 0.094185 0.079564 0.013859
16 7 0.088591 0.079564 0.013859
16 8 0.083908 0.079564 0.013859
16 9 0.080916 0.079564 0.013859
16 10 0.079875 0.079564 0.013859
16 11 0.075712 0.079564 0.013859
16 12 0.072200 0.079564 0.013859
16 13 0.064394 0.079564 0.013859
16 14 0.064264 0.079564 0.013859
16 15 0.062573 0.079564 0.013859
16 16 0.060362 0.079564 0.013859
16 17 0.058670 0.079564 0.013859
16 18 0.056329 0.079564 0.013859
16 19 0.052686 0.079564 0.013859
16 20 0.047873 0.079564 0.013859
17 0 0.091973 0.079564 0.013859
17 1 0.096397 0.079564 0.013859
17 2 0.100429 0.079564 0.013859
17 3 0.100559 0.079564 0.013859
17 4 0.097437 0.079564 0.013859
17 5 0.092494 0.079564 0.013859
17 6 0.091323 0.079564 0.013859
17 7 0.088071 0.079564 0.013859
17 8 0.084038 0.079564 0.013859
17 9 0.079745 0.079564 0.013859
17 10 0.078574 0.079564 0.013859
17 11 0.074541 0.079564 0.013859
17 12 0.068687 0.079564 0.013859
17 13 0.062703 0.079564 0.013859
17 14 0.060752 0.079564 0.013859
17 15 0.059451 0.079564 0.013859
17 16 0.056589 0.079564 0.013859
17 17 0.055158 0.079564 0.013859
17 18 0.055028 0.079564 0.013859
17 19 0.050735 0.079564 0.013859
17 20 0.046442 0.079564 0.013859
18 0 0.088071 0.079564 0.013859
18 1 0.090542 0.079564 0.013859
18 2 0.093925 0.079564 0.013859
18 3 0.094315 0.079564 0.013859
18 4 0.095356 0.079564 0.013859
18 5 0.092624 0.079564 0.013859
18 6 0.089632 0.079564 0.013859
18 7 0.082867 0.079564 0.013859
18 8 0.080526 0.079564 0.013859
18 9 0.078184 0.079564 0.013859
18 10 0.076233 0.079564 0.013859
18 11 0.071029 0.079564 0.013859
18 12 0.063744 0.079564 0.013859
18 13 0.059321 0.079564 0.013859
18 14 0.057109 0.079564 0.013859
18 15 0.054378 0.079564 0.013859
18 16 0.051646 0.079564 0.013859
18 17 0.050475 0.079564 0.013859
18 18 0.050475 0.079564 0.013859
18 19 0.048263 0.079564 0.013859
18 20 0.043840 0.079564 0.013859
19 0 0.081436 0.079564 0.013859
19 1 0.085079 0.079564 0.013859
19 2 0.089372 0.079564 0.013859
19 3 0.092234 0.079564 0.013859
19 4 0.090282 0.079564 0.013859
19 5 0.087550 0.079564 0.013859
19 6 0.081436 0.079564 0.013859
19 7 0.075582 0.079564 0.013859
19 8 0.074672 0.079564 0.013859
19 9 0.071419 0.079564 0.013859
19 10 0.069858 0.079564 0.013859
19 11 0.064785 0.079564 0.013859
19 12 0.058540 0.079564 0.013859
19 13 0.056719 0.079564 0.013859
19 14 0.052296 0.079564 0.013859
19 15 0.049174 0.079564 0.013859
19 16 0.047092 0.079564 0.013859
19 17 0.047092 0.079564 0.013859
19 18 0.046312 0.079564 0.013859
19 19 0.042930 0.079564 0.013859
19 20 0.040588 0.079564 0.013859
20 0 0.076233 0.079564 0.013859
20 1 0.080135 0.079564 0.013859
20 2 0.085079 0.079564 0.013859
20 3 0.085339 0.079564 0.013859
20 4 0.084038 0.079564 0.013859
20 5 0.079355 0.079564 0.013859
20 6 0.076493 0.079564 0.013859
20 7 0.071289 0.079564 0.013859
20 8 0.068037 0.079564 0.013859
20 9 0.065825 0.079564 0.013859
20 10 0.062443 0.079564 0.013859
20 11 0.056589 0.079564 0.013859
20 12 0.053857 0.079564 0.013859
20 13 0.051255 0.079564 0.013859
20 14 0.046832 0.079564 0.013859
20 15 0.044751 0.079564 0.013859
20 16 0.045141 0.079564 0.013859
20 17 0.046182 0.079564 0.013859
20 18 0.043970 0.079564 0.013859
20 19 0.041369 0.079564 0.013859
20 20 0.039807 0.079564 0.013859
