# contact distance = 20.0 Angstroms
# F = 0.4 kJ/mol

# i j contact_probability mean_contact_probability stddev_contact_probability
0 0 0.079559 0.075031 0.011602
0 1 0.081635 0.075031 0.011602
0 2 0.077482 0.075031 0.011602
0 3 0.076444 0.075031 0.011602
0 4 0.074238 0.075031 0.011602
0 5 0.071512 0.075031 0.011602
0 6 0.065152 0.075031 0.011602
0 7 0.062167 0.075031 0.011602
0 8 0.062038 0.075031 0.011602
0 9 0.061129 0.075031 0.011602
0 10 0.066191 0.075031 0.011602
0 11 0.071512 0.075031 0.011602
0 12 0.074757 0.075031 0.011602
0 13 0.082544 0.075031 0.011602
0 14 0.085010 0.075031 0.011602
0 15 0.088514 0.075031 0.011602
0 16 0.090331 0.075031 0.011602
0 17 0.090331 0.075031 0.011602
0 18 0.086697 0.075031 0.011602
0 19 0.084491 0.075031 0.011602
0 20 0.080337 0.075031 0.011602
1 0 0.079559 0.075031 0.011602
1 1 0.083193 0.075031 0.011602
1 2 0.081635 0.075031 0.011602
1 3 0.080597 0.075031 0.011602
1 4 0.078910 0.075031 0.011602
1 5 0.075146 0.075031 0.011602
1 6 0.069695 0.075031 0.011602
1 7 0.067229 0.075031 0.011602
1 8 0.065801 0.075031 0.011602
1 9 0.067748 0.075031 0.011602
1 10 0.069955 0.075031 0.011602
1 11 0.074757 0.075031 0.011602
1 12 0.079948 0.075031 0.011602
1 13 0.085659 0.075031 0.011602
1 14 0.088774 0.075031 0.011602
1 15 0.090461 0.075031 0.011602
1 16 0.093186 0.075031 0.011602
1 17 0.091888 0.075031 0.011602
1 18 0.089552 0.075031 0.011602
1 19 0.085269 0.075031 0.011602
1 20 0.083842 0.075031 0.011602
2 0 0.075795 0.075031 0.011602
2 1 0.080597 0.075031 0.011602
2 2 0.080986 0.075031 0.011602
2 3 0.080986 0.075031 0.011602
2 4 0.079299 0.075031 0.011602
2 5 0.077223 0.075031 0.011602
2 6 0.071901 0.075031 0.011602
2 7 0.070733 0.075031 0.011602
2 8 0.069695 0.075031 0.011602
2 9 0.070993 0.075031 0.011602
2 10 0.072550 0.075031 0.011602
2 11 0.079689 0.075031 0.011602
2 12 0.084491 0.075031 0.011602
2 13 0.088903 0.075031 0.011602
2 14 0.093056 0.075031 0.011602
2 15 0.094744 0.075031 0.011602
2 16 0.094744 0.075031 0.011602
2 17 0.095133 0.075031 0.011602
2 18 0.091888 0.075031 0.011602
2 19 0.088644 0.075031 0.011602
2 20 0.086048 0.075031 0.011602
3 0 0.077482 0.075031 0.011602
3 1 0.079559 0.075031 0.011602
3 2 0.081116 0.075031 0.011602
3 3 0.082803 0.075031 0.011602
3 4 0.082154 0.075031 0.011602
3 5 0.077482 0.075031 0.011602
3 6 0.074238 0.075031 0.011602
3 7 0.070084 0.075031 0.011602
3 8 0.071512 0.075031 0.011602
3 9 0.072031 0.075031 0.011602
3 10 0.075016 0.075031 0.011602
3 11 0.079169 0.075031 0.011602
3 12 0.085010 0.075031 0.011602
3 13 0.091110 0.075031 0.011602
3 14 0.094225 0.075031 0.011602
3 15 0.095263 0.075031 0.011602
3 16 0.095263 0.075031 0.011602
3 17 0.093965 0.075031 0.011602
3 18 0.091759 0.075031 0.011602
3 19 0.089942 0.075031 0.011602
3 20 0.084620 0.075031 0.011602
4 0 0.073589 0.075031 0.011602
4 1 0.075406 0.075031 0.011602
4 2 0.077482 0.075031 0.011602
4 3 0.079559 0.075031 0.011602
4 4 0.078391 0.075031 0.011602
4 5 0.075146 0.075031 0.011602
4 6 0.072550 0.075031 0.011602
4 7 0.072550 0.075031 0.011602
4 8 0.070733 0.075031 0.011602
4 9 0.073199 0.075031 0.011602
4 10 0.078001 0.075031 0.011602
4 11 0.080337 0.075031 0.011602
4 12 0.084491 0.075031 0.011602
4 13 0.089552 0.075031 0.011602
4 14 0.093316 0.075031 0.011602
4 15 0.094484 0.075031 0.011602
4 16 0.094225 0.075031 0.011602
4 17 0.091499 0.075031 0.011602
4 18 0.090980 0.075031 0.011602
4 19 0.085918 0.075031 0.011602
4 20 0.083971 0.075031 0.011602
5 0 0.068787 0.075031 0.011602
5 1 0.073718 0.075031 0.011602
5 2 0.078001 0.075031 0.011602
5 3 0.078001 0.075031 0.011602
5 4 0.075406 0.075031 0.011602
5 5 0.076184 0.075031 0.011602
5 6 0.071772 0.075031 0.011602
5 7 0.071123 0.075031 0.011602
5 8 0.072421 0.075031 0.011602
5 9 0.074627 0.075031 0.011602
5 10 0.076833 0.075031 0.011602
5 11 0.085010 0.075031 0.011602
5 12 0.085918 0.075031 0.011602
5 13 0.088384 0.075031 0.011602
5 14 0.090461 0.075031 0.011602
5 15 0.090331 0.075031 0.011602
5 16 0.090331 0.075031 0.011602
5 17 0.090071 0.075031 0.011602
5 18 0.087216 0.075031 0.011602
5 19 0.083842 0.075031 0.011602
5 20 0.078780 0.075031 0.011602
6 0 0.065672 0.075031 0.011602
6 1 0.069435 0.075031 0.011602
6 2 0.071382 0.075031 0.011602
6 3 0.071901 0.075031 0.011602
6 4 0.070733 0.075031 0.011602
6 5 0.070474 0.075031 0.011602
6 6 0.068916 0.075031 0.011602
6 7 0.069046 0.075031 0.011602
6 8 0.069046 0.075031 0.011602
6 9 0.070863 0.075031 0.011602
6 10 0.073329 0.075031 0.011602
6 11 0.078780 0.075031 0.011602
6 12 0.082154 0.075031 0.011602
6 13 0.084620 0.075031 0.011602
6 14 0.087995 0.075031 0.011602
6 15 0.087865 0.075031 0.011602
6 16 0.086308 0.075031 0.011602
6 17 0.085010 0.075031 0.011602
6 18 0.082154 0.075031 0.011602
6 19 0.076574 0.075031 0.011602
6 20 0.070084 0.075031 0.011602
7 0 0.063076 0.075031 0.011602
7 1 0.067489 0.075031 0.011602
7 2 0.069695 0.075031 0.011602
7 3 0.071123 0.075031 0.011602
7 4 0.070733 0.075031 0.011602
7 5 0.071512 0.075031 0.011602
7 6 0.070474 0.075031 0.011602
7 7 0.070344 0.075031 0.011602
7 8 0.068267 0.075031 0.011602
7 9 0.070993 0.075031 0.011602
7 10 0.071123 0.075031 0.011602
7 11 0.072680 0.075031 0.011602
7 12 0.076574 0.075031 0.011602
7 13 0.077223 0.075031 0.011602
7 14 0.078520 0.075031 0.011602
7 15 0.080208 0.075031 0.011602
7 16 0.080208 0.075031 0.011602
7 17 0.078910 0.075031 0.011602
7 18 0.075665 0.075031 0.011602
7 19 0.069565 0.075031 0.011602
7 20 0.066450 0.075031 0.011602
8 0 0.064244 0.075031 0.011602
8 1 0.068138 0.075031 0.011602
8 2 0.071123 0.075031 0.011602
8 3 0.071123 0.075031 0.011602
8 4 0.073718 0.075031 0.011602
8 5 0.073199 0.075031 0.011602
8 6 0.071252 0.075031 0.011602
8 7 0.071901 0.075031 0.011602
8 8 0.070474 0.075031 0.011602
8 9 0.069306 0.075031 0.011602
8 10 0.069435 0.075031 0.011602
8 11 0.069176 0.075031 0.011602
8 12 0.071382 0.075031 0.011602
8 13 0.073589 0.075031 0.011602
8 14 0.073069 0.075031 0.011602
8 15 0.075406 0.075031 0.011602
8 16 0.075535 0.075031 0.011602
8 17 0.075276 0.075031 0.011602
8 18 0.070863 0.075031 0.011602
8 19 0.064633 0.075031 0.011602
8 20 0.061908 0.075031 0.011602
9 0 0.069176 0.075031 0.011602
9 1 0.073718 0.075031 0.011602
9 2 0.073589 0.075031 0.011602
9 3 0.077742 0.075031 0.011602
9 4 0.076574 0.075031 0.011602
9 5 0.079169 0.075031 0.011602
9 6 0.076314 0.075031 0.011602
9 7 0.074238 0.075031 0.011602
9 8 0.073848 0.075031 0.011602
9 9 0.070084 0.075031 0.011602
9 10 0.068787 0.075031 0.011602
9 11 0.068527 0.075031 0.011602
9 12 0.070214 0.075031 0.011602
9 13 0.070863 0.075031 0.011602
9 14 0.070214 0.075031 0.011602
9 15 0.070474 0.075031 0.011602
9 16 0.071512 0.075031 0.011602
9 17 0.069565 0.075031 0.011602
9 18 0.068787 0.075031 0.011602
9 19 0.062038 0.075031 0.011602
9 20 0.058663 0.075031 0.011602
10 0 0.073199 0.075031 0.011602
10 1 0.077612 0.075031 0.011602
10 2 0.080337 0.075031 0.011602
10 3 0.080857 0.075031 0.011602
10 4 0.079818 0.075031 0.011602
10 5 0.081246 0.075031 0.011602
10 6 0.078131 0.075031 0.011602
10 7 0.076703 0.075031 0.011602
10 8 0.072940 0.075031 0.011602
10 9 0.070604 0.075031 0.011602
10 10 0.066840 0.075031 0.011602
10 11 0.068916 0.075031 0.011602
10 12 0.069435 0.075031 0.011602
10 13 0.069825 0.075031 0.011602
10 14 0.068138 0.075031 0.011602
10 15 0.067489 0.075031 0.011602
10 16 0.067748 0.075031 0.011602
10 17 0.065931 0.075031 0.011602
10 18 0.066061 0.075031 0.011602
10 19 0.060480 0.075031 0.011602
10 20 0.057365 0.075031 0.011602
11 0 0.079299 0.075031 0.011602
11 1 0.082933 0.075031 0.011602
11 2 0.085010 0.075031 0.011602
11 3 0.086957 0.075031 0.011602
11 4 0.085140 0.075031 0.011602
11 5 0.083582 0.075031 0.011602
11 6 0.081116 0.075031 0.011602
11 7 0.075795 0.075031 0.011602
11 8 0.071382 0.075031 0.011602
11 9 0.072031 0.075031 0.011602
11 10 0.070214 0.075031 0.011602
11 11 0.068267 0.075031 0.011602
11 12 0.066710 0.075031 0.011602
11 13 0.069306 0.075031 0.011602
11 14 0.069176 0.075031 0.011602
11 15 0.067748 0.075031 0.011602
11 16 0.068397 0.075031 0.011602
11 17 0.068008 0.075031 0.011602
11 18 0.065801 0.075031 0.011602
11 19 0.061908 0.075031 0.011602
11 20 0.058014 0.075031 0.011602
12 0 0.083842 0.075031 0.011602
12 1 0.088903 0.075031 0.011602
12 2 0.090720 0.075031 0.011602
12 3 0.091369 0.075031 0.011602
12 4 0.091499 0.075031 0.011602
12 5 0.087346 0.075031 0.011602
12 6 0.083063 0.075031 0.011602
12 7 0.075406 0.075031 0.011602
12 8 0.072680 0.075031 0.011602
12 9 0.071772 0.075031 0.011602
12 10 0.068397 0.075031 0.011602
12 11 0.067748 0.075031 0.011602
12 12 0.067618 0.075031 0.011602
12 13 0.068787 0.075031 0.011602
12 14 0.067878 0.075031 0.011602
12 15 0.068267 0.075031 0.011602
12 16 0.070344 0.075031 0.011602
12 17 0.068138 0.075031 0.011602
12 18 0.066710 0.075031 0.011602
12 19 0.063725 0.075031 0.011602
12 20 0.058014 0.075031 0.011602
13 0 0.089552 0.075031 0.011602
13 1 0.094744 0.075031 0.011602
13 2 0.096431 0.075031 0.011602
13 3 0.095782 0.075031 0.011602
13 4 0.093705 0.075031 0.011602
13 5 0.090850 0.075031 0.011602
13 6 0.085659 0.075031 0.011602
13 7 0.080727 0.075031 0.011602
13 8 0.074497 0.075031 0.011602
13 9 0.072810 0.075031 0.011602
13 10 0.068916 0.075031 0.011602
13 11 0.070604 0.075031 0.011602
13 12 0.069695 0.075031 0.011602
13 13 0.070863 0.075031 0.011602
13 14 0.069955 0.075031 0.011602
13 15 0.070863 0.075031 0.011602
13 16 0.071123 0.075031 0.011602
13 17 0.067229 0.075031 0.011602
13 18 0.065672 0.075031 0.011602
13 19 0.062557 0.075031 0.011602
13 20 0.057884 0.075031 0.011602
14 0 0.090591 0.075031 0.011602
14 1 0.096042 0.075031 0.011602
14 2 0.098378 0.075031 0.011602
14 3 0.098378 0.075031 0.011602
14 4 0.094744 0.075031 0.011602
14 5 0.092797 0.075031 0.011602
14 6 0.089552 0.075031 0.011602
14 7 0.081635 0.075031 0.011602
14 8 0.074886 0.075031 0.011602
14 9 0.071123 0.075031 0.011602
14 10 0.069695 0.075031 0.011602
14 11 0.072031 0.075031 0.011602
14 12 0.069176 0.075031 0.011602
14 13 0.069695 0.075031 0.011602
14 14 0.069955 0.075031 0.011602
14 15 0.069565 0.075031 0.011602
14 16 0.066710 0.075031 0.011602
14 17 0.066710 0.075031 0.011602
14 18 0.065412 0.075031 0.011602
14 19 0.061648 0.075031 0.011602
14 20 0.057755 0.075031 0.011602
15 0 0.094354 0.075031 0.011602
15 1 0.097210 0.075031 0.011602
15 2 0.099805 0.075031 0.011602
15 3 0.098767 0.075031 0.011602
15 4 0.099286 0.075031 0.011602
15 5 0.095393 0.075031 0.011602
15 6 0.089812 0.075031 0.011602
15 7 0.082544 0.075031 0.011602
15 8 0.075146 0.075031 0.011602
15 9 0.070214 0.075031 0.011602
15 10 0.069955 0.075031 0.011602
15 11 0.068527 0.075031 0.011602
15 12 0.067229 0.075031 0.011602
15 13 0.069046 0.075031 0.011602
15 14 0.067748 0.075031 0.011602
15 15 0.065931 0.075031 0.011602
15 16 0.064114 0.075031 0.011602
15 17 0.065542 0.075031 0.011602
15 18 0.063076 0.075031 0.011602
15 19 0.063076 0.075031 0.011602
15 20 0.060740 0.075031 0.011602
16 0 0.095782 0.075031 0.011602
16 1 0.097080 0.075031 0.011602
16 2 0.099416 0.075031 0.011602
16 3 0.100584 0.075031 0.011602
16 4 0.099935 0.075031 0.011602
16 5 0.095522 0.075031 0.011602
16 6 0.088644 0.075031 0.011602
16 7 0.080467 0.075031 0.011602
16 8 0.073459 0.075031 0.011602
16 9 0.070084 0.075031 0.011602
16 10 0.069825 0.075031 0.011602
16 11 0.068008 0.075031 0.011602
16 12 0.066840 0.075031 0.011602
16 13 0.066191 0.075031 0.011602
16 14 0.063984 0.075031 0.011602
16 15 0.064893 0.075031 0.011602
16 16 0.062038 0.075031 0.011602
16 17 0.063076 0.075031 0.011602
16 18 0.062167 0.075031 0.011602
16 19 0.060221 0.075031 0.011602
16 20 0.059182 0.075031 0.011602
17 0 0.093056 0.075031 0.011602
17 1 0.096690 0.075031 0.011602
17 2 0.096431 0.075031 0.011602
17 3 0.098507 0.075031 0.011602
17 4 0.096431 0.075031 0.011602
17 5 0.093705 0.075031 0.011602
17 6 0.086048 0.075031 0.011602
17 7 0.079299 0.075031 0.011602
17 8 0.070604 0.075031 0.011602
17 9 0.068397 0.075031 0.011602
17 10 0.067099 0.075031 0.011602
17 11 0.066840 0.075031 0.011602
17 12 0.064244 0.075031 0.011602
17 13 0.063076 0.075031 0.011602
17 14 0.062687 0.075031 0.011602
17 15 0.063855 0.075031 0.011602
17 16 0.060610 0.075031 0.011602
17 17 0.060740 0.075031 0.011602
17 18 0.058274 0.075031 0.011602
17 19 0.058533 0.075031 0.011602
17 20 0.056197 0.075031 0.011602
18 0 0.090331 0.075031 0.011602
18 1 0.092148 0.075031 0.011602
18 2 0.094744 0.075031 0.011602
18 3 0.094484 0.075031 0.011602
18 4 0.090591 0.075031 0.011602
18 5 0.086437 0.075031 0.011602
18 6 0.080857 0.075031 0.011602
18 7 0.075406 0.075031 0.011602
18 8 0.068008 0.075031 0.011602
18 9 0.063984 0.075031 0.011602
18 10 0.062297 0.075031 0.011602
18 11 0.061518 0.075031 0.011602
18 12 0.060610 0.075031 0.011602
18 13 0.060740 0.075031 0.011602
18 14 0.059961 0.075031 0.011602
18 15 0.058793 0.075031 0.011602
18 16 0.058404 0.075031 0.011602
18 17 0.057884 0.075031 0.011602
18 18 0.056327 0.075031 0.011602
18 19 0.055938 0.075031 0.011602
18 20 0.053991 0.075031 0.011602
19 0 0.086567 0.075031 0.011602
19 1 0.089293 0.075031 0.011602
19 2 0.088774 0.075031 0.011602
19 3 0.090071 0.075031 0.011602
19 4 0.086567 0.075031 0.011602
19 5 0.081116 0.075031 0.011602
19 6 0.076703 0.075031 0.011602
19 7 0.068527 0.075031 0.011602
19 8 0.061259 0.075031 0.011602
19 9 0.058923 0.075031 0.011602
19 10 0.059182 0.075031 0.011602
19 11 0.058404 0.075031 0.011602
19 12 0.057106 0.075031 0.011602
19 13 0.059053 0.075031 0.011602
19 14 0.056457 0.075031 0.011602
19 15 0.054640 0.075031 0.011602
19 16 0.054510 0.075031 0.011602
19 17 0.053342 0.075031 0.011602
19 18 0.054250 0.075031 0.011602
19 19 0.053602 0.075031 0.011602
19 20 0.052693 0.075031 0.011602
20 0 0.080078 0.075031 0.011602
20 1 0.082414 0.075031 0.011602
20 2 0.084620 0.075031 0.011602
20 3 0.081895 0.075031 0.011602
20 4 0.079948 0.075031 0.011602
20 5 0.073978 0.075031 0.011602
20 6 0.068267 0.075031 0.011602
20 7 0.062816 0.075031 0.011602
20 8 0.057365 0.075031 0.011602
20 9 0.055029 0.075031 0.011602
20 10 0.054250 0.075031 0.011602
20 11 0.053342 0.075031 0.011602
20 12 0.055029 0.075031 0.011602
20 13 0.053342 0.075031 0.011602
20 14 0.052044 0.075031 0.011602
20 15 0.050357 0.075031 0.011602
20 16 0.049578 0.075031 0.011602
20 17 0.048929 0.075031 0.011602
20 18 0.049189 0.075031 0.011602
20 19 0.049968 0.075031 0.011602
20 20 0.048929 0.075031 0.011602
