# contact distance = 20.0 Angstroms
# F = 0.4 kJ/mol

# i j contact_probability mean_contact_probability stddev_contact_probability
0 0 0.070705 0.083056 0.016291
0 1 0.074928 0.083056 0.016291
0 2 0.073600 0.083056 0.016291
0 3 0.072756 0.083056 0.016291
0 4 0.070825 0.083056 0.016291
0 5 0.065034 0.083056 0.016291
0 6 0.067688 0.083056 0.016291
0 7 0.070101 0.083056 0.016291
0 8 0.074083 0.083056 0.016291
0 9 0.079271 0.083056 0.016291
0 10 0.081081 0.083056 0.016291
0 11 0.087958 0.083056 0.016291
0 12 0.091216 0.083056 0.016291
0 13 0.094957 0.083056 0.016291
0 14 0.097611 0.083056 0.016291
0 15 0.102075 0.083056 0.016291
0 16 0.104006 0.083056 0.016291
0 17 0.103523 0.083056 0.016291
0 18 0.100627 0.083056 0.016291
0 19 0.098335 0.083056 0.016291
0 20 0.091819 0.083056 0.016291
1 0 0.072876 0.083056 0.016291
1 1 0.076496 0.083056 0.016291
1 2 0.078789 0.083056 0.016291
1 3 0.076014 0.083056 0.016291
1 4 0.074083 0.083056 0.016291
1 5 0.069377 0.083056 0.016291
1 6 0.069136 0.083056 0.016291
1 7 0.073600 0.083056 0.016291
1 8 0.077461 0.083056 0.016291
1 9 0.082288 0.083056 0.016291
1 10 0.086752 0.083056 0.016291
1 11 0.093750 0.083056 0.016291
1 12 0.096404 0.083056 0.016291
1 13 0.100869 0.083056 0.016291
1 14 0.104488 0.083056 0.016291
1 15 0.106540 0.083056 0.016291
1 16 0.109556 0.083056 0.016291
1 17 0.109435 0.083056 0.016291
1 18 0.107143 0.083056 0.016291
1 19 0.103764 0.083056 0.016291
1 20 0.098938 0.083056 0.016291
2 0 0.071670 0.083056 0.016291
2 1 0.077341 0.083056 0.016291
2 2 0.077582 0.083056 0.016291
2 3 0.076496 0.083056 0.016291
2 4 0.076014 0.083056 0.016291
2 5 0.074807 0.083056 0.016291
2 6 0.074686 0.083056 0.016291
2 7 0.076255 0.083056 0.016291
2 8 0.082408 0.083056 0.016291
2 9 0.085666 0.083056 0.016291
2 10 0.088924 0.083056 0.016291
2 11 0.095801 0.083056 0.016291
2 12 0.099542 0.083056 0.016291
2 13 0.104368 0.083056 0.016291
2 14 0.108591 0.083056 0.016291
2 15 0.108711 0.083056 0.016291
2 16 0.112090 0.083056 0.016291
2 17 0.110280 0.083056 0.016291
2 18 0.106178 0.083056 0.016291
2 19 0.103885 0.083056 0.016291
2 20 0.099903 0.083056 0.016291
3 0 0.070101 0.083056 0.016291
3 1 0.073118 0.083056 0.016291
3 2 0.072997 0.083056 0.016291
3 3 0.076255 0.083056 0.016291
3 4 0.075652 0.083056 0.016291
3 5 0.075652 0.083056 0.016291
3 6 0.076979 0.083056 0.016291
3 7 0.079271 0.083056 0.016291
3 8 0.082650 0.083056 0.016291
3 9 0.085787 0.083056 0.016291
3 10 0.090854 0.083056 0.016291
3 11 0.098456 0.083056 0.016291
3 12 0.103523 0.083056 0.016291
3 13 0.105816 0.083056 0.016291
3 14 0.108470 0.083056 0.016291
3 15 0.109556 0.083056 0.016291
3 16 0.111607 0.083056 0.016291
3 17 0.109918 0.083056 0.016291
3 18 0.106902 0.083056 0.016291
3 19 0.103282 0.083056 0.016291
3 20 0.098818 0.083056 0.016291
4 0 0.069015 0.083056 0.016291
4 1 0.070705 0.083056 0.016291
4 2 0.074083 0.083056 0.016291
4 3 0.074204 0.083056 0.016291
4 4 0.076375 0.083056 0.016291
4 5 0.077823 0.083056 0.016291
4 6 0.080236 0.083056 0.016291
4 7 0.081081 0.083056 0.016291
4 8 0.084701 0.083056 0.016291
4 9 0.087114 0.083056 0.016291
4 10 0.089527 0.083056 0.016291
4 11 0.096525 0.083056 0.016291
4 12 0.100145 0.083056 0.016291
4 13 0.104368 0.083056 0.016291
4 14 0.106298 0.083056 0.016291
4 15 0.109194 0.083056 0.016291
4 16 0.108591 0.083056 0.016291
4 17 0.106298 0.083056 0.016291
4 18 0.104247 0.083056 0.016291
4 19 0.100265 0.083056 0.016291
4 20 0.093991 0.083056 0.016291
5 0 0.066240 0.083056 0.016291
5 1 0.071429 0.083056 0.016291
5 2 0.072756 0.083056 0.016291
5 3 0.076014 0.083056 0.016291
5 4 0.075531 0.083056 0.016291
5 5 0.077944 0.083056 0.016291
5 6 0.078427 0.083056 0.016291
5 7 0.080960 0.083056 0.016291
5 8 0.083977 0.083056 0.016291
5 9 0.085304 0.083056 0.016291
5 10 0.089286 0.083056 0.016291
5 11 0.094836 0.083056 0.016291
5 12 0.097249 0.083056 0.016291
5 13 0.101955 0.083056 0.016291
5 14 0.103282 0.083056 0.016291
5 15 0.103644 0.083056 0.016291
5 16 0.102920 0.083056 0.016291
5 17 0.103403 0.083056 0.016291
5 18 0.101713 0.083056 0.016291
5 19 0.096766 0.083056 0.016291
5 20 0.090734 0.083056 0.016291
6 0 0.064189 0.083056 0.016291
6 1 0.072153 0.083056 0.016291
6 2 0.073721 0.083056 0.016291
6 3 0.076134 0.083056 0.016291
6 4 0.078185 0.083056 0.016291
6 5 0.079151 0.083056 0.016291
6 6 0.080116 0.083056 0.016291
6 7 0.083253 0.083056 0.016291
6 8 0.088079 0.083056 0.016291
6 9 0.087355 0.083056 0.016291
6 10 0.090251 0.083056 0.016291
6 11 0.093267 0.083056 0.016291
6 12 0.096404 0.083056 0.016291
6 13 0.097008 0.083056 0.016291
6 14 0.100507 0.083056 0.016291
6 15 0.098697 0.083056 0.016291
6 16 0.097611 0.083056 0.016291
6 17 0.097490 0.083056 0.016291
6 18 0.096284 0.083056 0.016291
6 19 0.092664 0.083056 0.016291
6 20 0.085425 0.083056 0.016291
7 0 0.066482 0.083056 0.016291
7 1 0.072273 0.083056 0.016291
7 2 0.076979 0.083056 0.016291
7 3 0.078306 0.083056 0.016291
7 4 0.079151 0.083056 0.016291
7 5 0.079513 0.083056 0.016291
7 6 0.082288 0.083056 0.016291
7 7 0.084942 0.083056 0.016291
7 8 0.088803 0.083056 0.016291
7 9 0.089044 0.083056 0.016291
7 10 0.087235 0.083056 0.016291
7 11 0.091819 0.083056 0.016291
7 12 0.093509 0.083056 0.016291
7 13 0.093750 0.083056 0.016291
7 14 0.093267 0.083056 0.016291
7 15 0.096525 0.083056 0.016291
7 16 0.095681 0.083056 0.016291
7 17 0.092664 0.083056 0.016291
7 18 0.089527 0.083056 0.016291
7 19 0.084097 0.083056 0.016291
7 20 0.078547 0.083056 0.016291
8 0 0.069377 0.083056 0.016291
8 1 0.078065 0.083056 0.016291
8 2 0.079030 0.083056 0.016291
8 3 0.083374 0.083056 0.016291
8 4 0.083012 0.083056 0.016291
8 5 0.084097 0.083056 0.016291
8 6 0.086752 0.083056 0.016291
8 7 0.087355 0.083056 0.016291
8 8 0.088320 0.083056 0.016291
8 9 0.090734 0.083056 0.016291
8 10 0.088320 0.083056 0.016291
8 11 0.090492 0.083056 0.016291
8 12 0.090251 0.083056 0.016291
8 13 0.090130 0.083056 0.016291
8 14 0.091699 0.083056 0.016291
8 15 0.093509 0.083056 0.016291
8 16 0.092664 0.083056 0.016291
8 17 0.087476 0.083056 0.016291
8 18 0.086028 0.083056 0.016291
8 19 0.081081 0.083056 0.016291
8 20 0.076496 0.083056 0.016291
9 0 0.076375 0.083056 0.016291
9 1 0.080598 0.083056 0.016291
9 2 0.085304 0.083056 0.016291
9 3 0.087235 0.083056 0.016291
9 4 0.087958 0.083056 0.016291
9 5 0.087114 0.083056 0.016291
9 6 0.086390 0.083056 0.016291
9 7 0.087114 0.083056 0.016291
9 8 0.086390 0.083056 0.016291
9 9 0.088562 0.083056 0.016291
9 10 0.087958 0.083056 0.016291
9 11 0.086752 0.083056 0.016291
9 12 0.086631 0.083056 0.016291
9 13 0.087717 0.083056 0.016291
9 14 0.087958 0.083056 0.016291
9 15 0.086993 0.083056 0.016291
9 16 0.085666 0.083056 0.016291
9 17 0.083736 0.083056 0.016291
9 18 0.079995 0.083056 0.016291
9 19 0.075772 0.083056 0.016291
9 20 0.070584 0.083056 0.016291
10 0 0.078547 0.083056 0.016291
10 1 0.083977 0.083056 0.016291
10 2 0.087235 0.083056 0.016291
10 3 0.090130 0.083056 0.016291
10 4 0.092423 0.083056 0.016291
10 5 0.090372 0.083056 0.016291
10 6 0.087717 0.083056 0.016291
10 7 0.088803 0.083056 0.016291
10 8 0.087838 0.083056 0.016291
10 9 0.089165 0.083056 0.016291
10 10 0.087597 0.083056 0.016291
10 11 0.085787 0.083056 0.016291
10 12 0.084580 0.083056 0.016291
10 13 0.083494 0.083056 0.016291
10 14 0.085304 0.083056 0.016291
10 15 0.084459 0.083056 0.016291
10 16 0.078065 0.083056 0.016291
10 17 0.077582 0.083056 0.016291
10 18 0.075531 0.083056 0.016291
10 19 0.068895 0.083056 0.016291
10 20 0.065999 0.083056 0.016291
11 0 0.083494 0.083056 0.016291
11 1 0.091096 0.083056 0.016291
11 2 0.094474 0.083056 0.016291
11 3 0.095319 0.083056 0.016291
11 4 0.096887 0.083056 0.016291
11 5 0.092905 0.083056 0.016291
11 6 0.092664 0.083056 0.016291
11 7 0.091819 0.083056 0.016291
11 8 0.092181 0.083056 0.016291
11 9 0.091699 0.083056 0.016291
11 10 0.087838 0.083056 0.016291
11 11 0.086873 0.083056 0.016291
11 12 0.083615 0.083056 0.016291
11 13 0.082891 0.083056 0.016291
11 14 0.081805 0.083056 0.016291
11 15 0.080478 0.083056 0.016291
11 16 0.074928 0.083056 0.016291
11 17 0.071429 0.083056 0.016291
11 18 0.067809 0.083056 0.016291
11 19 0.063948 0.083056 0.016291
11 20 0.059122 0.083056 0.016291
12 0 0.085304 0.083056 0.016291
12 1 0.092543 0.083056 0.016291
12 2 0.093871 0.083056 0.016291
12 3 0.096284 0.083056 0.016291
12 4 0.098456 0.083056 0.016291
12 5 0.096404 0.083056 0.016291
12 6 0.093750 0.083056 0.016291
12 7 0.093871 0.083056 0.016291
12 8 0.091096 0.083056 0.016291
12 9 0.090251 0.083056 0.016291
12 10 0.086269 0.083056 0.016291
12 11 0.086511 0.083056 0.016291
12 12 0.082529 0.083056 0.016291
12 13 0.080478 0.083056 0.016291
12 14 0.077944 0.083056 0.016291
12 15 0.075169 0.083056 0.016291
12 16 0.071308 0.083056 0.016291
12 17 0.067568 0.083056 0.016291
12 18 0.062621 0.083056 0.016291
12 19 0.061414 0.083056 0.016291
12 20 0.057432 0.083056 0.016291
13 0 0.091699 0.083056 0.016291
13 1 0.094474 0.083056 0.016291
13 2 0.098214 0.083056 0.016291
13 3 0.099903 0.083056 0.016291
13 4 0.101231 0.083056 0.016291
13 5 0.100145 0.083056 0.016291
13 6 0.094957 0.083056 0.016291
13 7 0.094233 0.083056 0.016291
13 8 0.089165 0.083056 0.016291
13 9 0.089648 0.083056 0.016291
13 10 0.084339 0.083056 0.016291
13 11 0.082650 0.083056 0.016291
13 12 0.079513 0.083056 0.016291
13 13 0.077582 0.083056 0.016291
13 14 0.073962 0.083056 0.016291
13 15 0.071791 0.083056 0.016291
13 16 0.067688 0.083056 0.016291
13 17 0.064913 0.083056 0.016291
13 18 0.058398 0.083056 0.016291
13 19 0.057674 0.083056 0.016291
13 20 0.052606 0.083056 0.016291
14 0 0.096163 0.083056 0.016291
14 1 0.103041 0.083056 0.016291
14 2 0.102679 0.083056 0.016291
14 3 0.103403 0.083056 0.016291
14 4 0.104006 0.083056 0.016291
14 5 0.100265 0.083056 0.016291
14 6 0.098335 0.083056 0.016291
14 7 0.094836 0.083056 0.016291
14 8 0.091096 0.083056 0.016291
14 9 0.088562 0.083056 0.016291
14 10 0.082770 0.083056 0.016291
14 11 0.081805 0.083056 0.016291
14 12 0.078065 0.083056 0.016291
14 13 0.075410 0.083056 0.016291
14 14 0.072997 0.083056 0.016291
14 15 0.070222 0.083056 0.016291
14 16 0.067326 0.083056 0.016291
14 17 0.061173 0.083056 0.016291
14 18 0.056829 0.083056 0.016291
14 19 0.053571 0.083056 0.016291
14 20 0.049590 0.083056 0.016291
15 0 0.102196 0.083056 0.016291
15 1 0.106057 0.083056 0.016291
15 2 0.108108 0.083056 0.016291
15 3 0.108470 0.083056 0.016291
15 4 0.106419 0.083056 0.016291
15 5 0.100386 0.083056 0.016291
15 6 0.098456 0.083056 0.016291
15 7 0.094957 0.083056 0.016291
15 8 0.088320 0.083056 0.016291
15 9 0.085907 0.083056 0.016291
15 10 0.081202 0.083056 0.016291
15 11 0.079754 0.083056 0.016291
15 12 0.075290 0.083056 0.016291
15 13 0.072394 0.083056 0.016291
15 14 0.069498 0.083056 0.016291
15 15 0.066844 0.083056 0.016291
15 16 0.062138 0.083056 0.016291
15 17 0.056588 0.083056 0.016291
15 18 0.052124 0.083056 0.016291
15 19 0.049952 0.083056 0.016291
15 20 0.046935 0.083056 0.016291
16 0 0.103403 0.083056 0.016291
16 1 0.106902 0.083056 0.016291
16 2 0.109556 0.083056 0.016291
16 3 0.109315 0.083056 0.016291
16 4 0.109315 0.083056 0.016291
16 5 0.102196 0.083056 0.016291
16 6 0.096163 0.083056 0.016291
16 7 0.093509 0.083056 0.016291
16 8 0.087838 0.083056 0.016291
16 9 0.084097 0.083056 0.016291
16 10 0.081202 0.083056 0.016291
16 11 0.076858 0.083056 0.016291
16 12 0.073480 0.083056 0.016291
16 13 0.070343 0.083056 0.016291
16 14 0.067206 0.083056 0.016291
16 15 0.063948 0.083056 0.016291
16 16 0.058156 0.083056 0.016291
16 17 0.053571 0.083056 0.016291
16 18 0.051038 0.083056 0.016291
16 19 0.046453 0.083056 0.016291
16 20 0.044402 0.083056 0.016291
17 0 0.103161 0.083056 0.016291
17 1 0.105574 0.083056 0.016291
17 2 0.107264 0.083056 0.016291
17 3 0.109194 0.083056 0.016291
17 4 0.106057 0.083056 0.016291
17 5 0.099180 0.083056 0.016291
17 6 0.092181 0.083056 0.016291
17 7 0.089165 0.083056 0.016291
17 8 0.085183 0.083056 0.016291
17 9 0.082770 0.083056 0.016291
17 10 0.079754 0.083056 0.016291
17 11 0.074204 0.083056 0.016291
17 12 0.071791 0.083056 0.016291
17 13 0.067326 0.083056 0.016291
17 14 0.061293 0.083056 0.016291
17 15 0.060931 0.083056 0.016291
17 16 0.055261 0.083056 0.016291
17 17 0.051520 0.083056 0.016291
17 18 0.049469 0.083056 0.016291
17 19 0.046091 0.083056 0.016291
17 20 0.044764 0.083056 0.016291
18 0 0.101834 0.083056 0.016291
18 1 0.102920 0.083056 0.016291
18 2 0.105695 0.083056 0.016291
18 3 0.107505 0.083056 0.016291
18 4 0.102920 0.083056 0.016291
18 5 0.096042 0.083056 0.016291
18 6 0.090492 0.083056 0.016291
18 7 0.083374 0.083056 0.016291
18 8 0.079995 0.083056 0.016291
18 9 0.078547 0.083056 0.016291
18 10 0.075048 0.083056 0.016291
18 11 0.072514 0.083056 0.016291
18 12 0.069377 0.083056 0.016291
18 13 0.062259 0.083056 0.016291
18 14 0.056829 0.083056 0.016291
18 15 0.054175 0.083056 0.016291
18 16 0.050917 0.083056 0.016291
18 17 0.048504 0.083056 0.016291
18 18 0.047539 0.083056 0.016291
18 19 0.045849 0.083056 0.016291
18 20 0.044160 0.083056 0.016291
19 0 0.097370 0.083056 0.016291
19 1 0.098697 0.083056 0.016291
19 2 0.100989 0.083056 0.016291
19 3 0.101955 0.083056 0.016291
19 4 0.097370 0.083056 0.016291
19 5 0.088562 0.083056 0.016291
19 6 0.083374 0.083056 0.016291
19 7 0.078427 0.083056 0.016291
19 8 0.075531 0.083056 0.016291
19 9 0.073721 0.083056 0.016291
19 10 0.070463 0.083056 0.016291
19 11 0.066964 0.083056 0.016291
19 12 0.064189 0.083056 0.016291
19 13 0.057070 0.083056 0.016291
19 14 0.053089 0.083056 0.016291
19 15 0.052244 0.083056 0.016291
19 16 0.048142 0.083056 0.016291
19 17 0.045367 0.083056 0.016291
19 18 0.044764 0.083056 0.016291
19 19 0.042954 0.083056 0.016291
19 20 0.043557 0.083056 0.016291
20 0 0.091578 0.083056 0.016291
20 1 0.093267 0.083056 0.016291
20 2 0.094474 0.083056 0.016291
20 3 0.094957 0.083056 0.016291
20 4 0.090613 0.083056 0.016291
20 5 0.081805 0.083056 0.016291
20 6 0.080960 0.083056 0.016291
20 7 0.076617 0.083056 0.016291
20 8 0.070343 0.083056 0.016291
20 9 0.066602 0.083056 0.016291
20 10 0.065516 0.083056 0.016291
20 11 0.064672 0.083056 0.016291
20 12 0.057674 0.083056 0.016291
20 13 0.052606 0.083056 0.016291
20 14 0.050555 0.083056 0.016291
20 15 0.051038 0.083056 0.016291
20 16 0.047418 0.083056 0.016291
20 17 0.042350 0.083056 0.016291
20 18 0.042833 0.083056 0.016291
20 19 0.042471 0.083056 0.016291
20 20 0.040903 0.083056 0.016291
