# contact distance = 20.0 Angstroms
# F = 0.4 kJ/mol

# i j contact_probability mean_contact_probability stddev_contact_probability
0 0 0.051997 0.098957 0.014381
0 1 0.054617 0.098957 0.014381
0 2 0.055796 0.098957 0.014381
0 3 0.059332 0.098957 0.014381
0 4 0.061690 0.098957 0.014381
0 5 0.066012 0.098957 0.014381
0 6 0.067845 0.098957 0.014381
0 7 0.072561 0.098957 0.014381
0 8 0.075835 0.098957 0.014381
0 9 0.076883 0.098957 0.014381
0 10 0.083824 0.098957 0.014381
0 11 0.090242 0.098957 0.014381
0 12 0.093517 0.098957 0.014381
0 13 0.097839 0.098957 0.014381
0 14 0.100851 0.098957 0.014381
0 15 0.102554 0.098957 0.014381
0 16 0.100458 0.098957 0.014381
0 17 0.099804 0.098957 0.014381
0 18 0.092993 0.098957 0.014381
0 19 0.085265 0.098957 0.014381
0 20 0.075311 0.098957 0.014381
1 0 0.053569 0.098957 0.014381
1 1 0.057760 0.098957 0.014381
1 2 0.059856 0.098957 0.014381
1 3 0.064047 0.098957 0.014381
1 4 0.065881 0.098957 0.014381
1 5 0.068500 0.098957 0.014381
1 6 0.070072 0.098957 0.014381
1 7 0.076228 0.098957 0.014381
1 8 0.079502 0.098957 0.014381
1 9 0.083301 0.098957 0.014381
1 10 0.090504 0.098957 0.014381
1 11 0.096398 0.098957 0.014381
1 12 0.099149 0.098957 0.014381
1 13 0.104781 0.098957 0.014381
1 14 0.104781 0.098957 0.014381
1 15 0.109103 0.098957 0.014381
1 16 0.107138 0.098957 0.014381
1 17 0.105174 0.098957 0.014381
1 18 0.099935 0.098957 0.014381
1 19 0.092469 0.098957 0.014381
1 20 0.083170 0.098957 0.014381
2 0 0.057891 0.098957 0.014381
2 1 0.062737 0.098957 0.014381
2 2 0.064833 0.098957 0.014381
2 3 0.067845 0.098957 0.014381
2 4 0.068238 0.098957 0.014381
2 5 0.072692 0.098957 0.014381
2 6 0.073870 0.098957 0.014381
2 7 0.080157 0.098957 0.014381
2 8 0.084479 0.098957 0.014381
2 9 0.090504 0.098957 0.014381
2 10 0.093779 0.098957 0.014381
2 11 0.100196 0.098957 0.014381
2 12 0.104519 0.098957 0.014381
2 13 0.109496 0.098957 0.014381
2 14 0.110413 0.098957 0.014381
2 15 0.111591 0.098957 0.014381
2 16 0.110806 0.098957 0.014381
2 17 0.108972 0.098957 0.014381
2 18 0.103078 0.098957 0.014381
2 19 0.095612 0.098957 0.014381
2 20 0.086444 0.098957 0.014381
3 0 0.063130 0.098957 0.014381
3 1 0.067191 0.098957 0.014381
3 2 0.070727 0.098957 0.014381
3 3 0.072168 0.098957 0.014381
3 4 0.072954 0.098957 0.014381
3 5 0.074918 0.098957 0.014381
3 6 0.077276 0.098957 0.014381
3 7 0.083955 0.098957 0.014381
3 8 0.088016 0.098957 0.014381
3 9 0.092862 0.098957 0.014381
3 10 0.096267 0.098957 0.014381
3 11 0.100982 0.098957 0.014381
3 12 0.107269 0.098957 0.014381
3 13 0.111984 0.098957 0.014381
3 14 0.115521 0.098957 0.014381
3 15 0.115390 0.098957 0.014381
3 16 0.114866 0.098957 0.014381
3 17 0.111460 0.098957 0.014381
3 18 0.104388 0.098957 0.014381
3 19 0.095612 0.098957 0.014381
3 20 0.088671 0.098957 0.014381
4 0 0.066929 0.098957 0.014381
4 1 0.071120 0.098957 0.014381
4 2 0.072037 0.098957 0.014381
4 3 0.075442 0.098957 0.014381
4 4 0.077538 0.098957 0.014381
4 5 0.078978 0.098957 0.014381
4 6 0.083432 0.098957 0.014381
4 7 0.087099 0.098957 0.014381
4 8 0.091028 0.098957 0.014381
4 9 0.095743 0.098957 0.014381
4 10 0.097708 0.098957 0.014381
4 11 0.105566 0.098957 0.014381
4 12 0.107662 0.098957 0.014381
4 13 0.111853 0.098957 0.014381
4 14 0.114997 0.098957 0.014381
4 15 0.116961 0.098957 0.014381
4 16 0.115652 0.098957 0.014381
4 17 0.111460 0.098957 0.014381
4 18 0.103471 0.098957 0.014381
4 19 0.095743 0.098957 0.014381
4 20 0.089456 0.098957 0.014381
5 0 0.073215 0.098957 0.014381
5 1 0.073608 0.098957 0.014381
5 2 0.076359 0.098957 0.014381
5 3 0.080288 0.098957 0.014381
5 4 0.078585 0.098957 0.014381
5 5 0.081336 0.098957 0.014381
5 6 0.084872 0.098957 0.014381
5 7 0.090373 0.098957 0.014381
5 8 0.094434 0.098957 0.014381
5 9 0.096398 0.098957 0.014381
5 10 0.100458 0.098957 0.014381
5 11 0.104912 0.098957 0.014381
5 12 0.110544 0.098957 0.014381
5 13 0.114342 0.098957 0.014381
5 14 0.114473 0.098957 0.014381
5 15 0.115521 0.098957 0.014381
5 16 0.116437 0.098957 0.014381
5 17 0.111460 0.098957 0.014381
5 18 0.103995 0.098957 0.014381
5 19 0.096136 0.098957 0.014381
5 20 0.089194 0.098957 0.014381
6 0 0.074525 0.098957 0.014381
6 1 0.076097 0.098957 0.014381
6 2 0.078585 0.098957 0.014381
6 3 0.081729 0.098957 0.014381
6 4 0.080943 0.098957 0.014381
6 5 0.085527 0.098957 0.014381
6 6 0.089194 0.098957 0.014381
6 7 0.093648 0.098957 0.014381
6 8 0.097315 0.098957 0.014381
6 9 0.099804 0.098957 0.014381
6 10 0.104519 0.098957 0.014381
6 11 0.105305 0.098957 0.014381
6 12 0.109496 0.098957 0.014381
6 13 0.114342 0.098957 0.014381
6 14 0.116699 0.098957 0.014381
6 15 0.116961 0.098957 0.014381
6 16 0.116306 0.098957 0.014381
6 17 0.114211 0.098957 0.014381
6 18 0.106483 0.098957 0.014381
6 19 0.096660 0.098957 0.014381
6 20 0.090111 0.098957 0.014381
7 0 0.077014 0.098957 0.014381
7 1 0.080812 0.098957 0.014381
7 2 0.084610 0.098957 0.014381
7 3 0.087099 0.098957 0.014381
7 4 0.085920 0.098957 0.014381
7 5 0.090242 0.098957 0.014381
7 6 0.092993 0.098957 0.014381
7 7 0.094826 0.098957 0.014381
7 8 0.098363 0.098957 0.014381
7 9 0.100851 0.098957 0.014381
7 10 0.107007 0.098957 0.014381
7 11 0.107007 0.098957 0.014381
7 12 0.109627 0.098957 0.014381
7 13 0.114211 0.098957 0.014381
7 14 0.117616 0.098957 0.014381
7 15 0.119974 0.098957 0.014381
7 16 0.116437 0.098957 0.014381
7 17 0.111984 0.098957 0.014381
7 18 0.108579 0.098957 0.014381
7 19 0.098756 0.098957 0.014381
7 20 0.091552 0.098957 0.014381
8 0 0.079633 0.098957 0.014381
8 1 0.081991 0.098957 0.014381
8 2 0.088147 0.098957 0.014381
8 3 0.093517 0.098957 0.014381
8 4 0.093386 0.098957 0.014381
8 5 0.094041 0.098957 0.014381
8 6 0.094303 0.098957 0.014381
8 7 0.097315 0.098957 0.014381
8 8 0.100196 0.098957 0.014381
8 9 0.104519 0.098957 0.014381
8 10 0.106483 0.098957 0.014381
8 11 0.109496 0.098957 0.014381
8 12 0.112901 0.098957 0.014381
8 13 0.118533 0.098957 0.014381
8 14 0.118271 0.098957 0.014381
8 15 0.117485 0.098957 0.014381
8 16 0.117354 0.098957 0.014381
8 17 0.112377 0.098957 0.014381
8 18 0.108448 0.098957 0.014381
8 19 0.101768 0.098957 0.014381
8 20 0.092600 0.098957 0.014381
9 0 0.082908 0.098957 0.014381
9 1 0.087230 0.098957 0.014381
9 2 0.090111 0.098957 0.014381
9 3 0.095874 0.098957 0.014381
9 4 0.095874 0.098957 0.014381
9 5 0.097053 0.098957 0.014381
9 6 0.095350 0.098957 0.014381
9 7 0.100720 0.098957 0.014381
9 8 0.103733 0.098957 0.014381
9 9 0.105566 0.098957 0.014381
9 10 0.106483 0.098957 0.014381
9 11 0.109234 0.098957 0.014381
9 12 0.114997 0.098957 0.014381
9 13 0.117616 0.098957 0.014381
9 14 0.118795 0.098957 0.014381
9 15 0.115390 0.098957 0.014381
9 16 0.116961 0.098957 0.014381
9 17 0.112377 0.098957 0.014381
9 18 0.107269 0.098957 0.014381
9 19 0.101244 0.098957 0.014381
9 20 0.093386 0.098957 0.014381
10 0 0.088671 0.098957 0.014381
10 1 0.093648 0.098957 0.014381
10 2 0.098101 0.098957 0.014381
10 3 0.100327 0.098957 0.014381
10 4 0.101899 0.098957 0.014381
10 5 0.101768 0.098957 0.014381
10 6 0.098363 0.098957 0.014381
10 7 0.102423 0.098957 0.014381
10 8 0.105959 0.098957 0.014381
10 9 0.108448 0.098957 0.014381
10 10 0.107793 0.098957 0.014381
10 11 0.111722 0.098957 0.014381
10 12 0.115128 0.098957 0.014381
10 13 0.118664 0.098957 0.014381
10 14 0.117747 0.098957 0.014381
10 15 0.117092 0.098957 0.014381
10 16 0.114342 0.098957 0.014381
10 17 0.111853 0.098957 0.014381
10 18 0.110544 0.098957 0.014381
10 19 0.102292 0.098957 0.014381
10 20 0.094303 0.098957 0.014381
11 0 0.092993 0.098957 0.014381
11 1 0.097315 0.098957 0.014381
11 2 0.101244 0.098957 0.014381
11 3 0.103995 0.098957 0.014381
11 4 0.105566 0.098957 0.014381
11 5 0.105174 0.098957 0.014381
11 6 0.102030 0.098957 0.014381
11 7 0.105305 0.098957 0.014381
11 8 0.107400 0.098957 0.014381
11 9 0.109234 0.098957 0.014381
11 10 0.109234 0.098957 0.014381
11 11 0.112377 0.098957 0.014381
11 12 0.115914 0.098957 0.014381
11 13 0.116699 0.098957 0.014381
11 14 0.118664 0.098957 0.014381
11 15 0.117485 0.098957 0.014381
11 16 0.114473 0.098957 0.014381
11 17 0.112901 0.098957 0.014381
11 18 0.111067 0.098957 0.014381
11 19 0.103733 0.098957 0.014381
11 20 0.095743 0.098957 0.014381
12 0 0.097446 0.098957 0.014381
12 1 0.100196 0.098957 0.014381
12 2 0.105959 0.098957 0.014381
12 3 0.106745 0.098957 0.014381
12 4 0.106876 0.098957 0.014381
12 5 0.106876 0.098957 0.014381
12 6 0.104257 0.098957 0.014381
12 7 0.106352 0.098957 0.014381
12 8 0.107400 0.098957 0.014381
12 9 0.112115 0.098957 0.014381
12 10 0.109103 0.098957 0.014381
12 11 0.111984 0.098957 0.014381
12 12 0.115914 0.098957 0.014381
12 13 0.118009 0.098957 0.014381
12 14 0.118271 0.098957 0.014381
12 15 0.114997 0.098957 0.014381
12 16 0.111329 0.098957 0.014381
12 17 0.110806 0.098957 0.014381
12 18 0.107531 0.098957 0.014381
12 19 0.102292 0.098957 0.014381
12 20 0.095350 0.098957 0.014381
13 0 0.098887 0.098957 0.014381
13 1 0.103340 0.098957 0.014381
13 2 0.107531 0.098957 0.014381
13 3 0.109496 0.098957 0.014381
13 4 0.112377 0.098957 0.014381
13 5 0.110020 0.098957 0.014381
13 6 0.107662 0.098957 0.014381
13 7 0.110020 0.098957 0.014381
13 8 0.112770 0.098957 0.014381
13 9 0.110544 0.098957 0.014381
13 10 0.113425 0.098957 0.014381
13 11 0.114473 0.098957 0.014381
13 12 0.118664 0.098957 0.014381
13 13 0.118926 0.098957 0.014381
13 14 0.118926 0.098957 0.014381
13 15 0.116961 0.098957 0.014381
13 16 0.111460 0.098957 0.014381
13 17 0.111853 0.098957 0.014381
13 18 0.107531 0.098957 0.014381
13 19 0.102554 0.098957 0.014381
13 20 0.095743 0.098957 0.014381
14 0 0.099542 0.098957 0.014381
14 1 0.104388 0.098957 0.014381
14 2 0.107662 0.098957 0.014381
14 3 0.110544 0.098957 0.014381
14 4 0.110936 0.098957 0.014381
14 5 0.110806 0.098957 0.014381
14 6 0.108710 0.098957 0.014381
14 7 0.109103 0.098957 0.014381
14 8 0.111853 0.098957 0.014381
14 9 0.112901 0.098957 0.014381
14 10 0.110936 0.098957 0.014381
14 11 0.112246 0.098957 0.014381
14 12 0.115128 0.098957 0.014381
14 13 0.115914 0.098957 0.014381
14 14 0.113294 0.098957 0.014381
14 15 0.112377 0.098957 0.014381
14 16 0.110936 0.098957 0.014381
14 17 0.109365 0.098957 0.014381
14 18 0.104126 0.098957 0.014381
14 19 0.096922 0.098957 0.014381
14 20 0.090504 0.098957 0.014381
15 0 0.099280 0.098957 0.014381
15 1 0.103209 0.098957 0.014381
15 2 0.108841 0.098957 0.014381
15 3 0.113294 0.098957 0.014381
15 4 0.113294 0.098957 0.014381
15 5 0.110936 0.098957 0.014381
15 6 0.110544 0.098957 0.014381
15 7 0.111853 0.098957 0.014381
15 8 0.113687 0.098957 0.014381
15 9 0.111722 0.098957 0.014381
15 10 0.112639 0.098957 0.014381
15 11 0.113687 0.098957 0.014381
15 12 0.112639 0.098957 0.014381
15 13 0.114866 0.098957 0.014381
15 14 0.114604 0.098957 0.014381
15 15 0.113032 0.098957 0.014381
15 16 0.109889 0.098957 0.014381
15 17 0.108186 0.098957 0.014381
15 18 0.103078 0.098957 0.014381
15 19 0.094826 0.098957 0.014381
15 20 0.090373 0.098957 0.014381
16 0 0.097053 0.098957 0.014381
16 1 0.101637 0.098957 0.014381
16 2 0.106745 0.098957 0.014381
16 3 0.109103 0.098957 0.014381
16 4 0.110413 0.098957 0.014381
16 5 0.110544 0.098957 0.014381
16 6 0.111984 0.098957 0.014381
16 7 0.110282 0.098957 0.014381
16 8 0.110936 0.098957 0.014381
16 9 0.111853 0.098957 0.014381
16 10 0.109758 0.098957 0.014381
16 11 0.109103 0.098957 0.014381
16 12 0.110675 0.098957 0.014381
16 13 0.111984 0.098957 0.014381
16 14 0.112246 0.098957 0.014381
16 15 0.111722 0.098957 0.014381
16 16 0.109234 0.098957 0.014381
16 17 0.105959 0.098957 0.014381
16 18 0.102423 0.098957 0.014381
16 19 0.092993 0.098957 0.014381
16 20 0.087623 0.098957 0.014381
17 0 0.096136 0.098957 0.014381
17 1 0.101375 0.098957 0.014381
17 2 0.103209 0.098957 0.014381
17 3 0.105959 0.098957 0.014381
17 4 0.106221 0.098957 0.014381
17 5 0.107662 0.098957 0.014381
17 6 0.108841 0.098957 0.014381
17 7 0.108317 0.098957 0.014381
17 8 0.110806 0.098957 0.014381
17 9 0.109889 0.098957 0.014381
17 10 0.109103 0.098957 0.014381
17 11 0.107269 0.098957 0.014381
17 12 0.107138 0.098957 0.014381
17 13 0.106876 0.098957 0.014381
17 14 0.106876 0.098957 0.014381
17 15 0.107138 0.098957 0.014381
17 16 0.104126 0.098957 0.014381
17 17 0.104257 0.098957 0.014381
17 18 0.099018 0.098957 0.014381
17 19 0.092338 0.098957 0.014381
17 20 0.086051 0.098957 0.014381
18 0 0.092600 0.098957 0.014381
18 1 0.096005 0.098957 0.014381
18 2 0.099935 0.098957 0.014381
18 3 0.100065 0.098957 0.014381
18 4 0.102292 0.098957 0.014381
18 5 0.102816 0.098957 0.014381
18 6 0.103602 0.098957 0.014381
18 7 0.105174 0.098957 0.014381
18 8 0.109496 0.098957 0.014381
18 9 0.106614 0.098957 0.014381
18 10 0.108317 0.098957 0.014381
18 11 0.107924 0.098957 0.014381
18 12 0.104126 0.098957 0.014381
18 13 0.105174 0.098957 0.014381
18 14 0.102554 0.098957 0.014381
18 15 0.100327 0.098957 0.014381
18 16 0.098887 0.098957 0.014381
18 17 0.096136 0.098957 0.014381
18 18 0.091028 0.098957 0.014381
18 19 0.086706 0.098957 0.014381
18 20 0.081598 0.098957 0.014381
19 0 0.085265 0.098957 0.014381
19 1 0.088016 0.098957 0.014381
19 2 0.092338 0.098957 0.014381
19 3 0.093517 0.098957 0.014381
19 4 0.093124 0.098957 0.014381
19 5 0.094695 0.098957 0.014381
19 6 0.097708 0.098957 0.014381
19 7 0.100065 0.098957 0.014381
19 8 0.100851 0.098957 0.014381
19 9 0.101899 0.098957 0.014381
19 10 0.103995 0.098957 0.014381
19 11 0.103209 0.098957 0.014381
19 12 0.102161 0.098957 0.014381
19 13 0.100720 0.098957 0.014381
19 14 0.099149 0.098957 0.014381
19 15 0.096922 0.098957 0.014381
19 16 0.092469 0.098957 0.014381
19 17 0.089980 0.098957 0.014381
19 18 0.086968 0.098957 0.014381
19 19 0.082122 0.098957 0.014381
19 20 0.078716 0.098957 0.014381
20 0 0.076228 0.098957 0.014381
20 1 0.080943 0.098957 0.014381
20 2 0.085003 0.098957 0.014381
20 3 0.084610 0.098957 0.014381
20 4 0.086313 0.098957 0.014381
20 5 0.088016 0.098957 0.014381
20 6 0.090504 0.098957 0.014381
20 7 0.091945 0.098957 0.014381
20 8 0.092600 0.098957 0.014381
20 9 0.094826 0.098957 0.014381
20 10 0.094695 0.098957 0.014381
20 11 0.097839 0.098957 0.014381
20 12 0.097184 0.098957 0.014381
20 13 0.094695 0.098957 0.014381
20 14 0.092207 0.098957 0.014381
20 15 0.090897 0.098957 0.014381
20 16 0.087885 0.098957 0.014381
20 17 0.082384 0.098957 0.014381
20 18 0.080550 0.098957 0.014381
20 19 0.079633 0.098957 0.014381
20 20 0.075835 0.098957 0.014381
