# contact distance = 20.0 Angstroms
# F = 0.4 kJ/mol

# i j contact_probability mean_contact_probability stddev_contact_probability
0 0 0.068325 0.072759 0.014840
0 1 0.067368 0.072759 0.014840
0 2 0.064089 0.072759 0.014840
0 3 0.060946 0.072759 0.014840
0 4 0.059169 0.072759 0.014840
0 5 0.060399 0.072759 0.014840
0 6 0.061356 0.072759 0.014840
0 7 0.063269 0.072759 0.014840
0 8 0.069418 0.072759 0.014840
0 9 0.072424 0.072759 0.014840
0 10 0.075704 0.072759 0.014840
0 11 0.076797 0.072759 0.014840
0 12 0.080760 0.072759 0.014840
0 13 0.084176 0.072759 0.014840
0 14 0.088412 0.072759 0.014840
0 15 0.088139 0.072759 0.014840
0 16 0.091008 0.072759 0.014840
0 17 0.090462 0.072759 0.014840
0 18 0.087866 0.072759 0.014840
0 19 0.083766 0.072759 0.014840
0 20 0.082126 0.072759 0.014840
1 0 0.067505 0.072759 0.014840
1 1 0.068325 0.072759 0.014840
1 2 0.064635 0.072759 0.014840
1 3 0.063269 0.072759 0.014840
1 4 0.061902 0.072759 0.014840
1 5 0.060809 0.072759 0.014840
1 6 0.065045 0.072759 0.014840
1 7 0.068461 0.072759 0.014840
1 8 0.071878 0.072759 0.014840
1 9 0.076797 0.072759 0.014840
1 10 0.079530 0.072759 0.014840
1 11 0.083493 0.072759 0.014840
1 12 0.086772 0.072759 0.014840
1 13 0.088549 0.072759 0.014840
1 14 0.090189 0.072759 0.014840
1 15 0.092102 0.072759 0.014840
1 16 0.093195 0.072759 0.014840
1 17 0.093605 0.072759 0.014840
1 18 0.091692 0.072759 0.014840
1 19 0.089642 0.072759 0.014840
1 20 0.086362 0.072759 0.014840
2 0 0.064498 0.072759 0.014840
2 1 0.066138 0.072759 0.014840
2 2 0.063542 0.072759 0.014840
2 3 0.062722 0.072759 0.014840
2 4 0.058896 0.072759 0.014840
2 5 0.060399 0.072759 0.014840
2 6 0.061082 0.072759 0.014840
2 7 0.066548 0.072759 0.014840
2 8 0.073107 0.072759 0.014840
2 9 0.079393 0.072759 0.014840
2 10 0.083629 0.072759 0.014840
2 11 0.086499 0.072759 0.014840
2 12 0.088549 0.072759 0.014840
2 13 0.090052 0.072759 0.014840
2 14 0.090325 0.072759 0.014840
2 15 0.091692 0.072759 0.014840
2 16 0.093605 0.072759 0.014840
2 17 0.095108 0.072759 0.014840
2 18 0.091555 0.072759 0.014840
2 19 0.091555 0.072759 0.014840
2 20 0.088139 0.072759 0.014840
3 0 0.061492 0.072759 0.014840
3 1 0.063132 0.072759 0.014840
3 2 0.062175 0.072759 0.014840
3 3 0.059852 0.072759 0.014840
3 4 0.060126 0.072759 0.014840
3 5 0.061082 0.072759 0.014840
3 6 0.064362 0.072759 0.014840
3 7 0.067095 0.072759 0.014840
3 8 0.074611 0.072759 0.014840
3 9 0.080486 0.072759 0.014840
3 10 0.083356 0.072759 0.014840
3 11 0.087319 0.072759 0.014840
3 12 0.090462 0.072759 0.014840
3 13 0.090462 0.072759 0.014840
3 14 0.091145 0.072759 0.014840
3 15 0.091965 0.072759 0.014840
3 16 0.093741 0.072759 0.014840
3 17 0.092648 0.072759 0.014840
3 18 0.091145 0.072759 0.014840
3 19 0.089095 0.072759 0.014840
3 20 0.084039 0.072759 0.014840
4 0 0.058759 0.072759 0.014840
4 1 0.061356 0.072759 0.014840
4 2 0.062312 0.072759 0.014840
4 3 0.060126 0.072759 0.014840
4 4 0.060536 0.072759 0.014840
4 5 0.062175 0.072759 0.014840
4 6 0.065182 0.072759 0.014840
4 7 0.069008 0.072759 0.014840
4 8 0.074201 0.072759 0.014840
4 9 0.078710 0.072759 0.014840
4 10 0.082946 0.072759 0.014840
4 11 0.082946 0.072759 0.014840
4 12 0.086636 0.072759 0.014840
4 13 0.088139 0.072759 0.014840
4 14 0.088959 0.072759 0.014840
4 15 0.089915 0.072759 0.014840
4 16 0.090462 0.072759 0.014840
4 17 0.088685 0.072759 0.014840
4 18 0.089232 0.072759 0.014840
4 19 0.085542 0.072759 0.014840
4 20 0.078437 0.072759 0.014840
5 0 0.059033 0.072759 0.014840
5 1 0.061766 0.072759 0.014840
5 2 0.062039 0.072759 0.014840
5 3 0.061219 0.072759 0.014840
5 4 0.063542 0.072759 0.014840
5 5 0.066412 0.072759 0.014840
5 6 0.069964 0.072759 0.014840
5 7 0.073381 0.072759 0.014840
5 8 0.077753 0.072759 0.014840
5 9 0.083493 0.072759 0.014840
5 10 0.082673 0.072759 0.014840
5 11 0.083903 0.072759 0.014840
5 12 0.085679 0.072759 0.014840
5 13 0.087866 0.072759 0.014840
5 14 0.088412 0.072759 0.014840
5 15 0.088002 0.072759 0.014840
5 16 0.089779 0.072759 0.014840
5 17 0.086772 0.072759 0.014840
5 18 0.084723 0.072759 0.014840
5 19 0.081033 0.072759 0.014840
5 20 0.074201 0.072759 0.014840
6 0 0.059989 0.072759 0.014840
6 1 0.062859 0.072759 0.014840
6 2 0.065455 0.072759 0.014840
6 3 0.064089 0.072759 0.014840
6 4 0.066275 0.072759 0.014840
6 5 0.069828 0.072759 0.014840
6 6 0.074337 0.072759 0.014840
6 7 0.079257 0.072759 0.014840
6 8 0.082810 0.072759 0.014840
6 9 0.083493 0.072759 0.014840
6 10 0.083766 0.072759 0.014840
6 11 0.085269 0.072759 0.014840
6 12 0.087729 0.072759 0.014840
6 13 0.087729 0.072759 0.014840
6 14 0.088685 0.072759 0.014840
6 15 0.087319 0.072759 0.014840
6 16 0.085816 0.072759 0.014840
6 17 0.084723 0.072759 0.014840
6 18 0.081033 0.072759 0.014840
6 19 0.076250 0.072759 0.014840
6 20 0.069691 0.072759 0.014840
7 0 0.061902 0.072759 0.014840
7 1 0.063815 0.072759 0.014840
7 2 0.066685 0.072759 0.014840
7 3 0.069828 0.072759 0.014840
7 4 0.069145 0.072759 0.014840
7 5 0.071604 0.072759 0.014840
7 6 0.077617 0.072759 0.014840
7 7 0.081033 0.072759 0.014840
7 8 0.085816 0.072759 0.014840
7 9 0.087592 0.072759 0.014840
7 10 0.085952 0.072759 0.014840
7 11 0.085542 0.072759 0.014840
7 12 0.087319 0.072759 0.014840
7 13 0.086909 0.072759 0.014840
7 14 0.086226 0.072759 0.014840
7 15 0.087182 0.072759 0.014840
7 16 0.083766 0.072759 0.014840
7 17 0.080896 0.072759 0.014840
7 18 0.077890 0.072759 0.014840
7 19 0.073381 0.072759 0.014840
7 20 0.066275 0.072759 0.014840
8 0 0.061766 0.072759 0.014840
8 1 0.067095 0.072759 0.014840
8 2 0.070784 0.072759 0.014840
8 3 0.071468 0.072759 0.014840
8 4 0.072151 0.072759 0.014840
8 5 0.074884 0.072759 0.014840
8 6 0.078437 0.072759 0.014840
8 7 0.081443 0.072759 0.014840
8 8 0.083493 0.072759 0.014840
8 9 0.086499 0.072759 0.014840
8 10 0.085269 0.072759 0.014840
8 11 0.086499 0.072759 0.014840
8 12 0.087182 0.072759 0.014840
8 13 0.086362 0.072759 0.014840
8 14 0.084586 0.072759 0.014840
8 15 0.083493 0.072759 0.014840
8 16 0.079530 0.072759 0.014840
8 17 0.076114 0.072759 0.014840
8 18 0.072697 0.072759 0.014840
8 19 0.068871 0.072759 0.014840
8 20 0.061902 0.072759 0.014840
9 0 0.066822 0.072759 0.014840
9 1 0.070238 0.072759 0.014840
9 2 0.073381 0.072759 0.014840
9 3 0.073244 0.072759 0.014840
9 4 0.074201 0.072759 0.014840
9 5 0.077753 0.072759 0.014840
9 6 0.080350 0.072759 0.014840
9 7 0.082536 0.072759 0.014840
9 8 0.084176 0.072759 0.014840
9 9 0.088275 0.072759 0.014840
9 10 0.087866 0.072759 0.014840
9 11 0.084996 0.072759 0.014840
9 12 0.084449 0.072759 0.014840
9 13 0.083356 0.072759 0.014840
9 14 0.081033 0.072759 0.014840
9 15 0.078573 0.072759 0.014840
9 16 0.074747 0.072759 0.014840
9 17 0.071741 0.072759 0.014840
9 18 0.066138 0.072759 0.014840
9 19 0.063952 0.072759 0.014840
9 20 0.059169 0.072759 0.014840
10 0 0.069691 0.072759 0.014840
10 1 0.073927 0.072759 0.014840
10 2 0.075430 0.072759 0.014840
10 3 0.078163 0.072759 0.014840
10 4 0.078027 0.072759 0.014840
10 5 0.079257 0.072759 0.014840
10 6 0.079393 0.072759 0.014840
10 7 0.081853 0.072759 0.014840
10 8 0.086226 0.072759 0.014840
10 9 0.086499 0.072759 0.014840
10 10 0.084176 0.072759 0.014840
10 11 0.082263 0.072759 0.014840
10 12 0.082126 0.072759 0.014840
10 13 0.080350 0.072759 0.014840
10 14 0.074474 0.072759 0.014840
10 15 0.074064 0.072759 0.014840
10 16 0.070511 0.072759 0.014840
10 17 0.066822 0.072759 0.014840
10 18 0.060126 0.072759 0.014840
10 19 0.058349 0.072759 0.014840
10 20 0.055070 0.072759 0.014840
11 0 0.072014 0.072759 0.014840
11 1 0.077617 0.072759 0.014840
11 2 0.078573 0.072759 0.014840
11 3 0.079803 0.072759 0.014840
11 4 0.080077 0.072759 0.014840
11 5 0.080077 0.072759 0.014840
11 6 0.079120 0.072759 0.014840
11 7 0.081990 0.072759 0.014840
11 8 0.082126 0.072759 0.014840
11 9 0.082126 0.072759 0.014840
11 10 0.079803 0.072759 0.014840
11 11 0.078983 0.072759 0.014840
11 12 0.077617 0.072759 0.014840
11 13 0.072697 0.072759 0.014840
11 14 0.070101 0.072759 0.014840
11 15 0.070784 0.072759 0.014840
11 16 0.066958 0.072759 0.014840
11 17 0.061492 0.072759 0.014840
11 18 0.055206 0.072759 0.014840
11 19 0.052610 0.072759 0.014840
11 20 0.051380 0.072759 0.014840
12 0 0.075567 0.072759 0.014840
12 1 0.081580 0.072759 0.014840
12 2 0.086772 0.072759 0.014840
12 3 0.087456 0.072759 0.014840
12 4 0.084859 0.072759 0.014840
12 5 0.083766 0.072759 0.014840
12 6 0.081306 0.072759 0.014840
12 7 0.081306 0.072759 0.014840
12 8 0.080486 0.072759 0.014840
12 9 0.079667 0.072759 0.014840
12 10 0.078163 0.072759 0.014840
12 11 0.073791 0.072759 0.014840
12 12 0.072971 0.072759 0.014840
12 13 0.069828 0.072759 0.014840
12 14 0.067915 0.072759 0.014840
12 15 0.064908 0.072759 0.014840
12 16 0.060672 0.072759 0.014840
12 17 0.058759 0.072759 0.014840
12 18 0.053430 0.072759 0.014840
12 19 0.053293 0.072759 0.014840
12 20 0.048920 0.072759 0.014840
13 0 0.078710 0.072759 0.014840
13 1 0.084449 0.072759 0.014840
13 2 0.088139 0.072759 0.014840
13 3 0.087456 0.072759 0.014840
13 4 0.086636 0.072759 0.014840
13 5 0.085133 0.072759 0.014840
13 6 0.081580 0.072759 0.014840
13 7 0.082536 0.072759 0.014840
13 8 0.079667 0.072759 0.014840
13 9 0.081580 0.072759 0.014840
13 10 0.076387 0.072759 0.014840
13 11 0.072288 0.072759 0.014840
13 12 0.068871 0.072759 0.014840
13 13 0.064362 0.072759 0.014840
13 14 0.063542 0.072759 0.014840
13 15 0.059716 0.072759 0.014840
13 16 0.058623 0.072759 0.014840
13 17 0.055753 0.072759 0.014840
13 18 0.050560 0.072759 0.014840
13 19 0.050150 0.072759 0.014840
13 20 0.047417 0.072759 0.014840
14 0 0.082536 0.072759 0.014840
14 1 0.089232 0.072759 0.014840
14 2 0.092922 0.072759 0.014840
14 3 0.091965 0.072759 0.014840
14 4 0.089369 0.072759 0.014840
14 5 0.086362 0.072759 0.014840
14 6 0.083629 0.072759 0.014840
14 7 0.082126 0.072759 0.014840
14 8 0.079120 0.072759 0.014840
14 9 0.075020 0.072759 0.014840
14 10 0.070784 0.072759 0.014840
14 11 0.069418 0.072759 0.014840
14 12 0.064635 0.072759 0.014840
14 13 0.061766 0.072759 0.014840
14 14 0.058213 0.072759 0.014840
14 15 0.057529 0.072759 0.014840
14 16 0.056709 0.072759 0.014840
14 17 0.052747 0.072759 0.014840
14 18 0.050014 0.072759 0.014840
14 19 0.047827 0.072759 0.014840
14 20 0.047554 0.072759 0.014840
15 0 0.087046 0.072759 0.014840
15 1 0.094835 0.072759 0.014840
15 2 0.095108 0.072759 0.014840
15 3 0.094288 0.072759 0.014840
15 4 0.089232 0.072759 0.014840
15 5 0.086636 0.072759 0.014840
15 6 0.082536 0.072759 0.014840
15 7 0.080760 0.072759 0.014840
15 8 0.078027 0.072759 0.014840
15 9 0.075840 0.072759 0.014840
15 10 0.071878 0.072759 0.014840
15 11 0.065592 0.072759 0.014840
15 12 0.062175 0.072759 0.014840
15 13 0.059169 0.072759 0.014840
15 14 0.058486 0.072759 0.014840
15 15 0.055070 0.072759 0.014840
15 16 0.052747 0.072759 0.014840
15 17 0.048647 0.072759 0.014840
15 18 0.047827 0.072759 0.014840
15 19 0.044821 0.072759 0.014840
15 20 0.044001 0.072759 0.014840
16 0 0.093741 0.072759 0.014840
16 1 0.097294 0.072759 0.014840
16 2 0.095928 0.072759 0.014840
16 3 0.095108 0.072759 0.014840
16 4 0.092785 0.072759 0.014840
16 5 0.087319 0.072759 0.014840
16 6 0.083766 0.072759 0.014840
16 7 0.081443 0.072759 0.014840
16 8 0.076114 0.072759 0.014840
16 9 0.074201 0.072759 0.014840
16 10 0.067641 0.072759 0.014840
16 11 0.063815 0.072759 0.014840
16 12 0.058896 0.072759 0.014840
16 13 0.058759 0.072759 0.014840
16 14 0.056846 0.072759 0.014840
16 15 0.052200 0.072759 0.014840
16 16 0.049194 0.072759 0.014840
16 17 0.045368 0.072759 0.014840
16 18 0.044001 0.072759 0.014840
16 19 0.042771 0.072759 0.014840
16 20 0.041541 0.072759 0.014840
17 0 0.092648 0.072759 0.014840
17 1 0.095655 0.072759 0.014840
17 2 0.095518 0.072759 0.014840
17 3 0.092922 0.072759 0.014840
17 4 0.090189 0.072759 0.014840
17 5 0.087456 0.072759 0.014840
17 6 0.083903 0.072759 0.014840
17 7 0.079530 0.072759 0.014840
17 8 0.075567 0.072759 0.014840
17 9 0.071058 0.072759 0.014840
17 10 0.067095 0.072759 0.014840
17 11 0.062175 0.072759 0.014840
17 12 0.057803 0.072759 0.014840
17 13 0.056026 0.072759 0.014840
17 14 0.054660 0.072759 0.014840
17 15 0.049604 0.072759 0.014840
17 16 0.047281 0.072759 0.014840
17 17 0.042635 0.072759 0.014840
17 18 0.040038 0.072759 0.014840
17 19 0.039082 0.072759 0.014840
17 20 0.038535 0.072759 0.014840
18 0 0.091145 0.072759 0.014840
18 1 0.093605 0.072759 0.014840
18 2 0.093878 0.072759 0.014840
18 3 0.092375 0.072759 0.014840
18 4 0.088959 0.072759 0.014840
18 5 0.087592 0.072759 0.014840
18 6 0.083493 0.072759 0.014840
18 7 0.079257 0.072759 0.014840
18 8 0.072971 0.072759 0.014840
18 9 0.065865 0.072759 0.014840
18 10 0.063269 0.072759 0.014840
18 11 0.058213 0.072759 0.014840
18 12 0.054386 0.072759 0.014840
18 13 0.053020 0.072759 0.014840
18 14 0.049604 0.072759 0.014840
18 15 0.047964 0.072759 0.014840
18 16 0.045504 0.072759 0.014840
18 17 0.041815 0.072759 0.014840
18 18 0.038945 0.072759 0.014840
18 19 0.038262 0.072759 0.014840
18 20 0.038945 0.072759 0.014840
19 0 0.084859 0.072759 0.014840
19 1 0.087866 0.072759 0.014840
19 2 0.088685 0.072759 0.014840
19 3 0.086226 0.072759 0.014840
19 4 0.083356 0.072759 0.014840
19 5 0.081033 0.072759 0.014840
19 6 0.076660 0.072759 0.014840
19 7 0.075430 0.072759 0.014840
19 8 0.069555 0.072759 0.014840
19 9 0.061902 0.072759 0.014840
19 10 0.056846 0.072759 0.014840
19 11 0.053703 0.072759 0.014840
19 12 0.050014 0.072759 0.014840
19 13 0.048511 0.072759 0.014840
19 14 0.045504 0.072759 0.014840
19 15 0.044001 0.072759 0.014840
19 16 0.042908 0.072759 0.014840
19 17 0.039082 0.072759 0.014840
19 18 0.039082 0.072759 0.014840
19 19 0.039082 0.072759 0.014840
19 20 0.037305 0.072759 0.014840
20 0 0.080213 0.072759 0.014840
20 1 0.082126 0.072759 0.014840
20 2 0.084039 0.072759 0.014840
20 3 0.081853 0.072759 0.014840
20 4 0.078710 0.072759 0.014840
20 5 0.077344 0.072759 0.014840
20 6 0.071604 0.072759 0.014840
20 7 0.069145 0.072759 0.014840
20 8 0.063952 0.072759 0.014840
20 9 0.059579 0.072759 0.014840
20 10 0.055206 0.072759 0.014840
20 11 0.050697 0.072759 0.014840
20 12 0.047144 0.072759 0.014840
20 13 0.044138 0.072759 0.014840
20 14 0.043728 0.072759 0.014840
20 15 0.044684 0.072759 0.014840
20 16 0.040858 0.072759 0.014840
20 17 0.037442 0.072759 0.014840
20 18 0.037989 0.072759 0.014840
20 19 0.036759 0.072759 0.014840
20 20 0.037032 0.072759 0.014840
