# contact distance = 20.0 Angstroms
# F = 0.4 kJ/mol

# i j contact_probability mean_contact_probability stddev_contact_probability
0 0 0.055476 0.072266 0.014302
0 1 0.057053 0.072266 0.014302
0 2 0.055619 0.072266 0.014302
0 3 0.056766 0.072266 0.014302
0 4 0.058343 0.072266 0.014302
0 5 0.057769 0.072266 0.014302
0 6 0.055906 0.072266 0.014302
0 7 0.054903 0.072266 0.014302
0 8 0.056479 0.072266 0.014302
0 9 0.059776 0.072266 0.014302
0 10 0.061783 0.072266 0.014302
0 11 0.063503 0.072266 0.014302
0 12 0.065367 0.072266 0.014302
0 13 0.070814 0.072266 0.014302
0 14 0.075258 0.072266 0.014302
0 15 0.080132 0.072266 0.014302
0 16 0.083859 0.072266 0.014302
0 17 0.085866 0.072266 0.014302
0 18 0.086583 0.072266 0.014302
0 19 0.087156 0.072266 0.014302
0 20 0.080562 0.072266 0.014302
1 0 0.055619 0.072266 0.014302
1 1 0.056766 0.072266 0.014302
1 2 0.057339 0.072266 0.014302
1 3 0.058343 0.072266 0.014302
1 4 0.058773 0.072266 0.014302
1 5 0.057339 0.072266 0.014302
1 6 0.057769 0.072266 0.014302
1 7 0.058630 0.072266 0.014302
1 8 0.058630 0.072266 0.014302
1 9 0.062500 0.072266 0.014302
1 10 0.064650 0.072266 0.014302
1 11 0.067947 0.072266 0.014302
1 12 0.068807 0.072266 0.014302
1 13 0.075401 0.072266 0.014302
1 14 0.077838 0.072266 0.014302
1 15 0.083859 0.072266 0.014302
1 16 0.088733 0.072266 0.014302
1 17 0.090453 0.072266 0.014302
1 18 0.090453 0.072266 0.014302
1 19 0.088589 0.072266 0.014302
1 20 0.084002 0.072266 0.014302
2 0 0.053182 0.072266 0.014302
2 1 0.053182 0.072266 0.014302
2 2 0.056193 0.072266 0.014302
2 3 0.055906 0.072266 0.014302
2 4 0.056049 0.072266 0.014302
2 5 0.058200 0.072266 0.014302
2 6 0.057483 0.072266 0.014302
2 7 0.057769 0.072266 0.014302
2 8 0.058773 0.072266 0.014302
2 9 0.062357 0.072266 0.014302
2 10 0.066370 0.072266 0.014302
2 11 0.069667 0.072266 0.014302
2 12 0.074255 0.072266 0.014302
2 13 0.077408 0.072266 0.014302
2 14 0.082282 0.072266 0.014302
2 15 0.087729 0.072266 0.014302
2 16 0.090453 0.072266 0.014302
2 17 0.092030 0.072266 0.014302
2 18 0.091743 0.072266 0.014302
2 19 0.089880 0.072266 0.014302
2 20 0.086009 0.072266 0.014302
3 0 0.055619 0.072266 0.014302
3 1 0.055046 0.072266 0.014302
3 2 0.055333 0.072266 0.014302
3 3 0.057053 0.072266 0.014302
3 4 0.060923 0.072266 0.014302
3 5 0.061353 0.072266 0.014302
3 6 0.060063 0.072266 0.014302
3 7 0.061497 0.072266 0.014302
3 8 0.060493 0.072266 0.014302
3 9 0.066227 0.072266 0.014302
3 10 0.068521 0.072266 0.014302
3 11 0.074971 0.072266 0.014302
3 12 0.076405 0.072266 0.014302
3 13 0.082712 0.072266 0.014302
3 14 0.087443 0.072266 0.014302
3 15 0.089593 0.072266 0.014302
3 16 0.093177 0.072266 0.014302
3 17 0.092173 0.072266 0.014302
3 18 0.091456 0.072266 0.014302
3 19 0.089019 0.072266 0.014302
3 20 0.085292 0.072266 0.014302
4 0 0.054329 0.072266 0.014302
4 1 0.056336 0.072266 0.014302
4 2 0.055476 0.072266 0.014302
4 3 0.060636 0.072266 0.014302
4 4 0.060636 0.072266 0.014302
4 5 0.061497 0.072266 0.014302
4 6 0.062213 0.072266 0.014302
4 7 0.062787 0.072266 0.014302
4 8 0.065797 0.072266 0.014302
4 9 0.065797 0.072266 0.014302
4 10 0.070958 0.072266 0.014302
4 11 0.075545 0.072266 0.014302
4 12 0.078268 0.072266 0.014302
4 13 0.084289 0.072266 0.014302
4 14 0.087729 0.072266 0.014302
4 15 0.090453 0.072266 0.014302
4 16 0.092030 0.072266 0.014302
4 17 0.092890 0.072266 0.014302
4 18 0.091456 0.072266 0.014302
4 19 0.088303 0.072266 0.014302
4 20 0.084576 0.072266 0.014302
5 0 0.054329 0.072266 0.014302
5 1 0.056909 0.072266 0.014302
5 2 0.057769 0.072266 0.014302
5 3 0.057769 0.072266 0.014302
5 4 0.061067 0.072266 0.014302
5 5 0.063790 0.072266 0.014302
5 6 0.066657 0.072266 0.014302
5 7 0.066514 0.072266 0.014302
5 8 0.069094 0.072266 0.014302
5 9 0.072534 0.072266 0.014302
5 10 0.074685 0.072266 0.014302
5 11 0.078412 0.072266 0.014302
5 12 0.079415 0.072266 0.014302
5 13 0.084719 0.072266 0.014302
5 14 0.087873 0.072266 0.014302
5 15 0.090740 0.072266 0.014302
5 16 0.091026 0.072266 0.014302
5 17 0.090023 0.072266 0.014302
5 18 0.088589 0.072266 0.014302
5 19 0.086726 0.072266 0.014302
5 20 0.081422 0.072266 0.014302
6 0 0.055906 0.072266 0.014302
6 1 0.057053 0.072266 0.014302
6 2 0.060206 0.072266 0.014302
6 3 0.062500 0.072266 0.014302
6 4 0.062643 0.072266 0.014302
6 5 0.065510 0.072266 0.014302
6 6 0.066227 0.072266 0.014302
6 7 0.071244 0.072266 0.014302
6 8 0.071818 0.072266 0.014302
6 9 0.077408 0.072266 0.014302
6 10 0.077265 0.072266 0.014302
6 11 0.079128 0.072266 0.014302
6 12 0.081565 0.072266 0.014302
6 13 0.084432 0.072266 0.014302
6 14 0.088159 0.072266 0.014302
6 15 0.091026 0.072266 0.014302
6 16 0.092603 0.072266 0.014302
6 17 0.088446 0.072266 0.014302
6 18 0.085436 0.072266 0.014302
6 19 0.081565 0.072266 0.014302
6 20 0.076261 0.072266 0.014302
7 0 0.055189 0.072266 0.014302
7 1 0.057196 0.072266 0.014302
7 2 0.061353 0.072266 0.014302
7 3 0.063790 0.072266 0.014302
7 4 0.067517 0.072266 0.014302
7 5 0.069667 0.072266 0.014302
7 6 0.072248 0.072266 0.014302
7 7 0.076405 0.072266 0.014302
7 8 0.077695 0.072266 0.014302
7 9 0.078555 0.072266 0.014302
7 10 0.078985 0.072266 0.014302
7 11 0.081135 0.072266 0.014302
7 12 0.083716 0.072266 0.014302
7 13 0.082712 0.072266 0.014302
7 14 0.085866 0.072266 0.014302
7 15 0.088303 0.072266 0.014302
7 16 0.090453 0.072266 0.014302
7 17 0.088446 0.072266 0.014302
7 18 0.084002 0.072266 0.014302
7 19 0.078268 0.072266 0.014302
7 20 0.072104 0.072266 0.014302
8 0 0.056479 0.072266 0.014302
8 1 0.057196 0.072266 0.014302
8 2 0.059203 0.072266 0.014302
8 3 0.065797 0.072266 0.014302
8 4 0.070241 0.072266 0.014302
8 5 0.074398 0.072266 0.014302
8 6 0.076118 0.072266 0.014302
8 7 0.078555 0.072266 0.014302
8 8 0.079128 0.072266 0.014302
8 9 0.080275 0.072266 0.014302
8 10 0.077982 0.072266 0.014302
8 11 0.080275 0.072266 0.014302
8 12 0.080275 0.072266 0.014302
8 13 0.082425 0.072266 0.014302
8 14 0.084289 0.072266 0.014302
8 15 0.087013 0.072266 0.014302
8 16 0.089736 0.072266 0.014302
8 17 0.084862 0.072266 0.014302
8 18 0.079558 0.072266 0.014302
8 19 0.074111 0.072266 0.014302
8 20 0.067804 0.072266 0.014302
9 0 0.057913 0.072266 0.014302
9 1 0.058486 0.072266 0.014302
9 2 0.062787 0.072266 0.014302
9 3 0.068377 0.072266 0.014302
9 4 0.070241 0.072266 0.014302
9 5 0.072821 0.072266 0.014302
9 6 0.074541 0.072266 0.014302
9 7 0.080705 0.072266 0.014302
9 8 0.078125 0.072266 0.014302
9 9 0.080992 0.072266 0.014302
9 10 0.080562 0.072266 0.014302
9 11 0.079558 0.072266 0.014302
9 12 0.079558 0.072266 0.014302
9 13 0.080992 0.072266 0.014302
9 14 0.082712 0.072266 0.014302
9 15 0.084719 0.072266 0.014302
9 16 0.083142 0.072266 0.014302
9 17 0.081135 0.072266 0.014302
9 18 0.074541 0.072266 0.014302
9 19 0.068091 0.072266 0.014302
9 20 0.063790 0.072266 0.014302
10 0 0.057769 0.072266 0.014302
10 1 0.061783 0.072266 0.014302
10 2 0.065080 0.072266 0.014302
10 3 0.069237 0.072266 0.014302
10 4 0.073825 0.072266 0.014302
10 5 0.077265 0.072266 0.014302
10 6 0.078698 0.072266 0.014302
10 7 0.080705 0.072266 0.014302
10 8 0.080705 0.072266 0.014302
10 9 0.081565 0.072266 0.014302
10 10 0.080849 0.072266 0.014302
10 11 0.079989 0.072266 0.014302
10 12 0.080705 0.072266 0.014302
10 13 0.080849 0.072266 0.014302
10 14 0.082569 0.072266 0.014302
10 15 0.081422 0.072266 0.014302
10 16 0.079415 0.072266 0.014302
10 17 0.075688 0.072266 0.014302
10 18 0.073681 0.072266 0.014302
10 19 0.066084 0.072266 0.014302
10 20 0.059060 0.072266 0.014302
11 0 0.060923 0.072266 0.014302
11 1 0.066944 0.072266 0.014302
11 2 0.069811 0.072266 0.014302
11 3 0.071818 0.072266 0.014302
11 4 0.076978 0.072266 0.014302
11 5 0.081135 0.072266 0.014302
11 6 0.080132 0.072266 0.014302
11 7 0.080849 0.072266 0.014302
11 8 0.081852 0.072266 0.014302
11 9 0.079702 0.072266 0.014302
11 10 0.079272 0.072266 0.014302
11 11 0.078125 0.072266 0.014302
11 12 0.078985 0.072266 0.014302
11 13 0.079415 0.072266 0.014302
11 14 0.079845 0.072266 0.014302
11 15 0.076835 0.072266 0.014302
11 16 0.075401 0.072266 0.014302
11 17 0.070097 0.072266 0.014302
11 18 0.065940 0.072266 0.014302
11 19 0.062357 0.072266 0.014302
11 20 0.056766 0.072266 0.014302
12 0 0.065797 0.072266 0.014302
12 1 0.070384 0.072266 0.014302
12 2 0.074111 0.072266 0.014302
12 3 0.079128 0.072266 0.014302
12 4 0.082569 0.072266 0.014302
12 5 0.082425 0.072266 0.014302
12 6 0.082282 0.072266 0.014302
12 7 0.079272 0.072266 0.014302
12 8 0.081565 0.072266 0.014302
12 9 0.081852 0.072266 0.014302
12 10 0.078985 0.072266 0.014302
12 11 0.077838 0.072266 0.014302
12 12 0.076835 0.072266 0.014302
12 13 0.075545 0.072266 0.014302
12 14 0.076261 0.072266 0.014302
12 15 0.073394 0.072266 0.014302
12 16 0.069237 0.072266 0.014302
12 17 0.067517 0.072266 0.014302
12 18 0.062787 0.072266 0.014302
12 19 0.057913 0.072266 0.014302
12 20 0.052322 0.072266 0.014302
13 0 0.067517 0.072266 0.014302
13 1 0.072821 0.072266 0.014302
13 2 0.080419 0.072266 0.014302
13 3 0.082999 0.072266 0.014302
13 4 0.088303 0.072266 0.014302
13 5 0.088733 0.072266 0.014302
13 6 0.086439 0.072266 0.014302
13 7 0.084719 0.072266 0.014302
13 8 0.082425 0.072266 0.014302
13 9 0.080419 0.072266 0.014302
13 10 0.079272 0.072266 0.014302
13 11 0.077838 0.072266 0.014302
13 12 0.075258 0.072266 0.014302
13 13 0.074828 0.072266 0.014302
13 14 0.071961 0.072266 0.014302
13 15 0.069811 0.072266 0.014302
13 16 0.065654 0.072266 0.014302
13 17 0.064507 0.072266 0.014302
13 18 0.059490 0.072266 0.014302
13 19 0.054759 0.072266 0.014302
13 20 0.047878 0.072266 0.014302
14 0 0.072964 0.072266 0.014302
14 1 0.078985 0.072266 0.014302
14 2 0.085006 0.072266 0.014302
14 3 0.087873 0.072266 0.014302
14 4 0.089019 0.072266 0.014302
14 5 0.092030 0.072266 0.014302
14 6 0.089593 0.072266 0.014302
14 7 0.086296 0.072266 0.014302
14 8 0.083716 0.072266 0.014302
14 9 0.081852 0.072266 0.014302
14 10 0.078985 0.072266 0.014302
14 11 0.077838 0.072266 0.014302
14 12 0.075401 0.072266 0.014302
14 13 0.070958 0.072266 0.014302
14 14 0.069237 0.072266 0.014302
14 15 0.066084 0.072266 0.014302
14 16 0.062787 0.072266 0.014302
14 17 0.060923 0.072266 0.014302
14 18 0.054759 0.072266 0.014302
14 19 0.050172 0.072266 0.014302
14 20 0.044008 0.072266 0.014302
15 0 0.078842 0.072266 0.014302
15 1 0.085722 0.072266 0.014302
15 2 0.090596 0.072266 0.014302
15 3 0.092890 0.072266 0.014302
15 4 0.094180 0.072266 0.014302
15 5 0.094897 0.072266 0.014302
15 6 0.094180 0.072266 0.014302
15 7 0.092030 0.072266 0.014302
15 8 0.085579 0.072266 0.014302
15 9 0.081422 0.072266 0.014302
15 10 0.078268 0.072266 0.014302
15 11 0.077122 0.072266 0.014302
15 12 0.074685 0.072266 0.014302
15 13 0.068807 0.072266 0.014302
15 14 0.066084 0.072266 0.014302
15 15 0.062787 0.072266 0.014302
15 16 0.060923 0.072266 0.014302
15 17 0.057913 0.072266 0.014302
15 18 0.049599 0.072266 0.014302
15 19 0.046302 0.072266 0.014302
15 20 0.041141 0.072266 0.014302
16 0 0.083142 0.072266 0.014302
16 1 0.089736 0.072266 0.014302
16 2 0.094467 0.072266 0.014302
16 3 0.095614 0.072266 0.014302
16 4 0.097334 0.072266 0.014302
16 5 0.097907 0.072266 0.014302
16 6 0.091886 0.072266 0.014302
16 7 0.093177 0.072266 0.014302
16 8 0.088876 0.072266 0.014302
16 9 0.080849 0.072266 0.014302
16 10 0.077408 0.072266 0.014302
16 11 0.072248 0.072266 0.014302
16 12 0.069381 0.072266 0.014302
16 13 0.067517 0.072266 0.014302
16 14 0.064220 0.072266 0.014302
16 15 0.061640 0.072266 0.014302
16 16 0.057339 0.072266 0.014302
16 17 0.053039 0.072266 0.014302
16 18 0.048882 0.072266 0.014302
16 19 0.044295 0.072266 0.014302
16 20 0.043435 0.072266 0.014302
17 0 0.085149 0.072266 0.014302
17 1 0.088589 0.072266 0.014302
17 2 0.092747 0.072266 0.014302
17 3 0.097620 0.072266 0.014302
17 4 0.097334 0.072266 0.014302
17 5 0.096187 0.072266 0.014302
17 6 0.093033 0.072266 0.014302
17 7 0.090740 0.072266 0.014302
17 8 0.085149 0.072266 0.014302
17 9 0.076118 0.072266 0.014302
17 10 0.074398 0.072266 0.014302
17 11 0.067661 0.072266 0.014302
17 12 0.064077 0.072266 0.014302
17 13 0.061927 0.072266 0.014302
17 14 0.059346 0.072266 0.014302
17 15 0.053756 0.072266 0.014302
17 16 0.053612 0.072266 0.014302
17 17 0.048882 0.072266 0.014302
17 18 0.044868 0.072266 0.014302
17 19 0.041428 0.072266 0.014302
17 20 0.039564 0.072266 0.014302
18 0 0.083429 0.072266 0.014302
18 1 0.088303 0.072266 0.014302
18 2 0.093750 0.072266 0.014302
18 3 0.093607 0.072266 0.014302
18 4 0.097047 0.072266 0.014302
18 5 0.095470 0.072266 0.014302
18 6 0.090740 0.072266 0.014302
18 7 0.086583 0.072266 0.014302
18 8 0.081995 0.072266 0.014302
18 9 0.072678 0.072266 0.014302
18 10 0.068951 0.072266 0.014302
18 11 0.065510 0.072266 0.014302
18 12 0.061210 0.072266 0.014302
18 13 0.057769 0.072266 0.014302
18 14 0.051749 0.072266 0.014302
18 15 0.051032 0.072266 0.014302
18 16 0.046302 0.072266 0.014302
18 17 0.043005 0.072266 0.014302
18 18 0.040854 0.072266 0.014302
18 19 0.040138 0.072266 0.014302
18 20 0.041284 0.072266 0.014302
19 0 0.081852 0.072266 0.014302
19 1 0.084862 0.072266 0.014302
19 2 0.090166 0.072266 0.014302
19 3 0.090453 0.072266 0.014302
19 4 0.091456 0.072266 0.014302
19 5 0.091026 0.072266 0.014302
19 6 0.087873 0.072266 0.014302
19 7 0.083286 0.072266 0.014302
19 8 0.076118 0.072266 0.014302
19 9 0.068377 0.072266 0.014302
19 10 0.065510 0.072266 0.014302
19 11 0.063933 0.072266 0.014302
19 12 0.058630 0.072266 0.014302
19 13 0.051892 0.072266 0.014302
19 14 0.047735 0.072266 0.014302
19 15 0.046015 0.072266 0.014302
19 16 0.044438 0.072266 0.014302
19 17 0.041858 0.072266 0.014302
19 18 0.038991 0.072266 0.014302
19 19 0.039708 0.072266 0.014302
19 20 0.040281 0.072266 0.014302
20 0 0.077552 0.072266 0.014302
20 1 0.081279 0.072266 0.014302
20 2 0.084576 0.072266 0.014302
20 3 0.086583 0.072266 0.014302
20 4 0.087013 0.072266 0.014302
20 5 0.084432 0.072266 0.014302
20 6 0.081135 0.072266 0.014302
20 7 0.077552 0.072266 0.014302
20 8 0.069524 0.072266 0.014302
20 9 0.065654 0.072266 0.014302
20 10 0.063360 0.072266 0.014302
20 11 0.059346 0.072266 0.014302
20 12 0.053899 0.072266 0.014302
20 13 0.048882 0.072266 0.014302
20 14 0.045298 0.072266 0.014302
20 15 0.042144 0.072266 0.014302
20 16 0.039851 0.072266 0.014302
20 17 0.039708 0.072266 0.014302
20 18 0.037701 0.072266 0.014302
20 19 0.036411 0.072266 0.014302
20 20 0.035981 0.072266 0.014302
