# contact distance = 20.0 Angstroms
# F = 0.4 kJ/mol

# i j contact_probability mean_contact_probability stddev_contact_probability
0 0 0.074952 0.102027 0.022056
0 1 0.076307 0.102027 0.022056
0 2 0.078903 0.102027 0.022056
0 3 0.078790 0.102027 0.022056
0 4 0.078564 0.102027 0.022056
0 5 0.077210 0.102027 0.022056
0 6 0.080370 0.102027 0.022056
0 7 0.082628 0.102027 0.022056
0 8 0.087933 0.102027 0.022056
0 9 0.094593 0.102027 0.022056
0 10 0.099898 0.102027 0.022056
0 11 0.103511 0.102027 0.022056
0 12 0.110848 0.102027 0.022056
0 13 0.113218 0.102027 0.022056
0 14 0.119427 0.102027 0.022056
0 15 0.126312 0.102027 0.022056
0 16 0.129134 0.102027 0.022056
0 17 0.130263 0.102027 0.022056
0 18 0.129473 0.102027 0.022056
0 19 0.126651 0.102027 0.022056
0 20 0.120781 0.102027 0.022056
1 0 0.078338 0.102027 0.022056
1 1 0.082515 0.102027 0.022056
1 2 0.081048 0.102027 0.022056
1 3 0.081612 0.102027 0.022056
1 4 0.079241 0.102027 0.022056
1 5 0.081499 0.102027 0.022056
1 6 0.084547 0.102027 0.022056
1 7 0.086692 0.102027 0.022056
1 8 0.092561 0.102027 0.022056
1 9 0.101479 0.102027 0.022056
1 10 0.105542 0.102027 0.022056
1 11 0.112654 0.102027 0.022056
1 12 0.116153 0.102027 0.022056
1 13 0.120781 0.102027 0.022056
1 14 0.126651 0.102027 0.022056
1 15 0.132408 0.102027 0.022056
1 16 0.135568 0.102027 0.022056
1 17 0.136020 0.102027 0.022056
1 18 0.134214 0.102027 0.022056
1 19 0.131166 0.102027 0.022056
1 20 0.122474 0.102027 0.022056
2 0 0.080257 0.102027 0.022056
2 1 0.081160 0.102027 0.022056
2 2 0.083192 0.102027 0.022056
2 3 0.082063 0.102027 0.022056
2 4 0.081386 0.102027 0.022056
2 5 0.084773 0.102027 0.022056
2 6 0.087933 0.102027 0.022056
2 7 0.089739 0.102027 0.022056
2 8 0.096286 0.102027 0.022056
2 9 0.102269 0.102027 0.022056
2 10 0.110396 0.102027 0.022056
2 11 0.112992 0.102027 0.022056
2 12 0.120894 0.102027 0.022056
2 13 0.123716 0.102027 0.022056
2 14 0.127554 0.102027 0.022056
2 15 0.133198 0.102027 0.022056
2 16 0.136471 0.102027 0.022056
2 17 0.137262 0.102027 0.022056
2 18 0.136810 0.102027 0.022056
2 19 0.131843 0.102027 0.022056
2 20 0.125974 0.102027 0.022056
3 0 0.077661 0.102027 0.022056
3 1 0.079129 0.102027 0.022056
3 2 0.083305 0.102027 0.022056
3 3 0.081951 0.102027 0.022056
3 4 0.082966 0.102027 0.022056
3 5 0.087256 0.102027 0.022056
3 6 0.091320 0.102027 0.022056
3 7 0.093013 0.102027 0.022056
3 8 0.097189 0.102027 0.022056
3 9 0.106558 0.102027 0.022056
3 10 0.112541 0.102027 0.022056
3 11 0.117620 0.102027 0.022056
3 12 0.122361 0.102027 0.022056
3 13 0.124055 0.102027 0.022056
3 14 0.129811 0.102027 0.022056
3 15 0.133649 0.102027 0.022056
3 16 0.138277 0.102027 0.022056
3 17 0.137036 0.102027 0.022056
3 18 0.135794 0.102027 0.022056
3 19 0.131618 0.102027 0.022056
3 20 0.122474 0.102027 0.022056
4 0 0.078338 0.102027 0.022056
4 1 0.081386 0.102027 0.022056
4 2 0.084434 0.102027 0.022056
4 3 0.082854 0.102027 0.022056
4 4 0.084660 0.102027 0.022056
4 5 0.086466 0.102027 0.022056
4 6 0.092787 0.102027 0.022056
4 7 0.096173 0.102027 0.022056
4 8 0.099786 0.102027 0.022056
4 9 0.107800 0.102027 0.022056
4 10 0.115250 0.102027 0.022056
4 11 0.119427 0.102027 0.022056
4 12 0.123716 0.102027 0.022056
4 13 0.123264 0.102027 0.022056
4 14 0.126199 0.102027 0.022056
4 15 0.130715 0.102027 0.022056
4 16 0.134552 0.102027 0.022056
4 17 0.132972 0.102027 0.022056
4 18 0.130263 0.102027 0.022056
4 19 0.125183 0.102027 0.022056
4 20 0.116605 0.102027 0.022056
5 0 0.077548 0.102027 0.022056
5 1 0.080370 0.102027 0.022056
5 2 0.081951 0.102027 0.022056
5 3 0.081725 0.102027 0.022056
5 4 0.084885 0.102027 0.022056
5 5 0.089062 0.102027 0.022056
5 6 0.093690 0.102027 0.022056
5 7 0.096851 0.102027 0.022056
5 8 0.103849 0.102027 0.022056
5 9 0.108816 0.102027 0.022056
5 10 0.114686 0.102027 0.022056
5 11 0.119427 0.102027 0.022056
5 12 0.122587 0.102027 0.022056
5 13 0.122249 0.102027 0.022056
5 14 0.123942 0.102027 0.022056
5 15 0.128118 0.102027 0.022056
5 16 0.131505 0.102027 0.022056
5 17 0.129247 0.102027 0.022056
5 18 0.125635 0.102027 0.022056
5 19 0.119088 0.102027 0.022056
5 20 0.108590 0.102027 0.022056
6 0 0.081499 0.102027 0.022056
6 1 0.082402 0.102027 0.022056
6 2 0.085224 0.102027 0.022056
6 3 0.087482 0.102027 0.022056
6 4 0.088498 0.102027 0.022056
6 5 0.093464 0.102027 0.022056
6 6 0.098092 0.102027 0.022056
6 7 0.100689 0.102027 0.022056
6 8 0.104301 0.102027 0.022056
6 9 0.113557 0.102027 0.022056
6 10 0.115589 0.102027 0.022056
6 11 0.119088 0.102027 0.022056
6 12 0.121684 0.102027 0.022056
6 13 0.120555 0.102027 0.022056
6 14 0.121797 0.102027 0.022056
6 15 0.123490 0.102027 0.022056
6 16 0.126651 0.102027 0.022056
6 17 0.123264 0.102027 0.022056
6 18 0.119765 0.102027 0.022056
6 19 0.113218 0.102027 0.022056
6 20 0.100914 0.102027 0.022056
7 0 0.084660 0.102027 0.022056
7 1 0.086466 0.102027 0.022056
7 2 0.089175 0.102027 0.022056
7 3 0.090642 0.102027 0.022056
7 4 0.092335 0.102027 0.022056
7 5 0.095722 0.102027 0.022056
7 6 0.100801 0.102027 0.022056
7 7 0.102382 0.102027 0.022056
7 8 0.108816 0.102027 0.022056
7 9 0.113783 0.102027 0.022056
7 10 0.116266 0.102027 0.022056
7 11 0.118524 0.102027 0.022056
7 12 0.120104 0.102027 0.022056
7 13 0.118185 0.102027 0.022056
7 14 0.117620 0.102027 0.022056
7 15 0.115702 0.102027 0.022056
7 16 0.119878 0.102027 0.022056
7 17 0.118862 0.102027 0.022056
7 18 0.113218 0.102027 0.022056
7 19 0.104414 0.102027 0.022056
7 20 0.095270 0.102027 0.022056
8 0 0.089626 0.102027 0.022056
8 1 0.093013 0.102027 0.022056
8 2 0.095157 0.102027 0.022056
8 3 0.094593 0.102027 0.022056
8 4 0.099560 0.102027 0.022056
8 5 0.099221 0.102027 0.022056
8 6 0.104752 0.102027 0.022056
8 7 0.108026 0.102027 0.022056
8 8 0.111864 0.102027 0.022056
8 9 0.118185 0.102027 0.022056
8 10 0.119539 0.102027 0.022056
8 11 0.118072 0.102027 0.022056
8 12 0.120330 0.102027 0.022056
8 13 0.117169 0.102027 0.022056
8 14 0.116379 0.102027 0.022056
8 15 0.118298 0.102027 0.022056
8 16 0.116830 0.102027 0.022056
8 17 0.113218 0.102027 0.022056
8 18 0.105091 0.102027 0.022056
8 19 0.097302 0.102027 0.022056
8 20 0.087369 0.102027 0.022056
9 0 0.091658 0.102027 0.022056
9 1 0.095948 0.102027 0.022056
9 2 0.100801 0.102027 0.022056
9 3 0.101592 0.102027 0.022056
9 4 0.101592 0.102027 0.022056
9 5 0.103849 0.102027 0.022056
9 6 0.107123 0.102027 0.022056
9 7 0.110396 0.102027 0.022056
9 8 0.113444 0.102027 0.022056
9 9 0.120330 0.102027 0.022056
9 10 0.121684 0.102027 0.022056
9 11 0.121571 0.102027 0.022056
9 12 0.121120 0.102027 0.022056
9 13 0.119201 0.102027 0.022056
9 14 0.117282 0.102027 0.022056
9 15 0.114686 0.102027 0.022056
9 16 0.112089 0.102027 0.022056
9 17 0.109719 0.102027 0.022056
9 18 0.101479 0.102027 0.022056
9 19 0.092335 0.102027 0.022056
9 20 0.083079 0.102027 0.022056
10 0 0.097867 0.102027 0.022056
10 1 0.102946 0.102027 0.022056
10 2 0.106333 0.102027 0.022056
10 3 0.105881 0.102027 0.022056
10 4 0.105542 0.102027 0.022056
10 5 0.106671 0.102027 0.022056
10 6 0.110283 0.102027 0.022056
10 7 0.111864 0.102027 0.022056
10 8 0.115024 0.102027 0.022056
10 9 0.119878 0.102027 0.022056
10 10 0.120668 0.102027 0.022056
10 11 0.120330 0.102027 0.022056
10 12 0.122023 0.102027 0.022056
10 13 0.116266 0.102027 0.022056
10 14 0.114234 0.102027 0.022056
10 15 0.112202 0.102027 0.022056
10 16 0.110961 0.102027 0.022056
10 17 0.106445 0.102027 0.022056
10 18 0.095496 0.102027 0.022056
10 19 0.086692 0.102027 0.022056
10 20 0.077435 0.102027 0.022056
11 0 0.106897 0.102027 0.022056
11 1 0.109155 0.102027 0.022056
11 2 0.110396 0.102027 0.022056
11 3 0.110396 0.102027 0.022056
11 4 0.112654 0.102027 0.022056
11 5 0.109945 0.102027 0.022056
11 6 0.112654 0.102027 0.022056
11 7 0.112654 0.102027 0.022056
11 8 0.117846 0.102027 0.022056
11 9 0.119991 0.102027 0.022056
11 10 0.118749 0.102027 0.022056
11 11 0.117733 0.102027 0.022056
11 12 0.118524 0.102027 0.022056
11 13 0.112089 0.102027 0.022056
11 14 0.110509 0.102027 0.022056
11 15 0.107123 0.102027 0.022056
11 16 0.105317 0.102027 0.022056
11 17 0.100689 0.102027 0.022056
11 18 0.091320 0.102027 0.022056
11 19 0.081386 0.102027 0.022056
11 20 0.073259 0.102027 0.022056
12 0 0.110509 0.102027 0.022056
12 1 0.114573 0.102027 0.022056
12 2 0.115702 0.102027 0.022056
12 3 0.113331 0.102027 0.022056
12 4 0.114799 0.102027 0.022056
12 5 0.114911 0.102027 0.022056
12 6 0.114121 0.102027 0.022056
12 7 0.113783 0.102027 0.022056
12 8 0.115814 0.102027 0.022056
12 9 0.119088 0.102027 0.022056
12 10 0.118411 0.102027 0.022056
12 11 0.114121 0.102027 0.022056
12 12 0.113105 0.102027 0.022056
12 13 0.109493 0.102027 0.022056
12 14 0.106220 0.102027 0.022056
12 15 0.102382 0.102027 0.022056
12 16 0.099447 0.102027 0.022056
12 17 0.094254 0.102027 0.022056
12 18 0.083531 0.102027 0.022056
12 19 0.074275 0.102027 0.022056
12 20 0.066486 0.102027 0.022056
13 0 0.113895 0.102027 0.022056
13 1 0.117169 0.102027 0.022056
13 2 0.119314 0.102027 0.022056
13 3 0.116605 0.102027 0.022056
13 4 0.117169 0.102027 0.022056
13 5 0.114573 0.102027 0.022056
13 6 0.115814 0.102027 0.022056
13 7 0.112992 0.102027 0.022056
13 8 0.115702 0.102027 0.022056
13 9 0.117959 0.102027 0.022056
13 10 0.116830 0.102027 0.022056
13 11 0.111073 0.102027 0.022056
13 12 0.109493 0.102027 0.022056
13 13 0.104752 0.102027 0.022056
13 14 0.101704 0.102027 0.022056
13 15 0.097528 0.102027 0.022056
13 16 0.093464 0.102027 0.022056
13 17 0.085450 0.102027 0.022056
13 18 0.077322 0.102027 0.022056
13 19 0.065583 0.102027 0.022056
13 20 0.058472 0.102027 0.022056
14 0 0.119539 0.102027 0.022056
14 1 0.122813 0.102027 0.022056
14 2 0.120442 0.102027 0.022056
14 3 0.120217 0.102027 0.022056
14 4 0.118298 0.102027 0.022056
14 5 0.116040 0.102027 0.022056
14 6 0.117395 0.102027 0.022056
14 7 0.112880 0.102027 0.022056
14 8 0.116717 0.102027 0.022056
14 9 0.117959 0.102027 0.022056
14 10 0.117846 0.102027 0.022056
14 11 0.110735 0.102027 0.022056
14 12 0.107348 0.102027 0.022056
14 13 0.100576 0.102027 0.022056
14 14 0.096512 0.102027 0.022056
14 15 0.091884 0.102027 0.022056
14 16 0.086692 0.102027 0.022056
14 17 0.078677 0.102027 0.022056
14 18 0.067389 0.102027 0.022056
14 19 0.060391 0.102027 0.022056
14 20 0.055311 0.102027 0.022056
15 0 0.122926 0.102027 0.022056
15 1 0.125522 0.102027 0.022056
15 2 0.126651 0.102027 0.022056
15 3 0.123942 0.102027 0.022056
15 4 0.121233 0.102027 0.022056
15 5 0.117733 0.102027 0.022056
15 6 0.116830 0.102027 0.022056
15 7 0.115250 0.102027 0.022056
15 8 0.116153 0.102027 0.022056
15 9 0.115250 0.102027 0.022056
15 10 0.114460 0.102027 0.022056
15 11 0.109719 0.102027 0.022056
15 12 0.104865 0.102027 0.022056
15 13 0.096286 0.102027 0.022056
15 14 0.090304 0.102027 0.022056
15 15 0.086579 0.102027 0.022056
15 16 0.080144 0.102027 0.022056
15 17 0.073485 0.102027 0.022056
15 18 0.062761 0.102027 0.022056
15 19 0.054747 0.102027 0.022056
15 20 0.051699 0.102027 0.022056
16 0 0.125974 0.102027 0.022056
16 1 0.128570 0.102027 0.022056
16 2 0.129473 0.102027 0.022056
16 3 0.127328 0.102027 0.022056
16 4 0.125183 0.102027 0.022056
16 5 0.118749 0.102027 0.022056
16 6 0.119314 0.102027 0.022056
16 7 0.116040 0.102027 0.022056
16 8 0.112880 0.102027 0.022056
16 9 0.113895 0.102027 0.022056
16 10 0.110735 0.102027 0.022056
16 11 0.103736 0.102027 0.022056
16 12 0.099898 0.102027 0.022056
16 13 0.092335 0.102027 0.022056
16 14 0.086353 0.102027 0.022056
16 15 0.079467 0.102027 0.022056
16 16 0.073485 0.102027 0.022056
16 17 0.064906 0.102027 0.022056
16 18 0.057343 0.102027 0.022056
16 19 0.051699 0.102027 0.022056
16 20 0.046393 0.102027 0.022056
17 0 0.125635 0.102027 0.022056
17 1 0.129134 0.102027 0.022056
17 2 0.129021 0.102027 0.022056
17 3 0.127328 0.102027 0.022056
17 4 0.124280 0.102027 0.022056
17 5 0.119201 0.102027 0.022056
17 6 0.117846 0.102027 0.022056
17 7 0.112767 0.102027 0.022056
17 8 0.110396 0.102027 0.022056
17 9 0.108364 0.102027 0.022056
17 10 0.104414 0.102027 0.022056
17 11 0.097415 0.102027 0.022056
17 12 0.093464 0.102027 0.022056
17 13 0.086466 0.102027 0.022056
17 14 0.078226 0.102027 0.022056
17 15 0.072582 0.102027 0.022056
17 16 0.064454 0.102027 0.022056
17 17 0.056214 0.102027 0.022056
17 18 0.052489 0.102027 0.022056
17 19 0.048087 0.102027 0.022056
17 20 0.044587 0.102027 0.022056
18 0 0.123264 0.102027 0.022056
18 1 0.125748 0.102027 0.022056
18 2 0.128005 0.102027 0.022056
18 3 0.125183 0.102027 0.022056
18 4 0.118636 0.102027 0.022056
18 5 0.114799 0.102027 0.022056
18 6 0.112992 0.102027 0.022056
18 7 0.110848 0.102027 0.022056
18 8 0.105655 0.102027 0.022056
18 9 0.102043 0.102027 0.022056
18 10 0.098318 0.102027 0.022056
18 11 0.090868 0.102027 0.022056
18 12 0.085337 0.102027 0.022056
18 13 0.078000 0.102027 0.022056
18 14 0.072243 0.102027 0.022056
18 15 0.065132 0.102027 0.022056
18 16 0.060165 0.102027 0.022056
18 17 0.052715 0.102027 0.022056
18 18 0.046393 0.102027 0.022056
18 19 0.043120 0.102027 0.022056
18 20 0.042330 0.102027 0.022056
19 0 0.118524 0.102027 0.022056
19 1 0.122587 0.102027 0.022056
19 2 0.122587 0.102027 0.022056
19 3 0.119314 0.102027 0.022056
19 4 0.112992 0.102027 0.022056
19 5 0.108477 0.102027 0.022056
19 6 0.104752 0.102027 0.022056
19 7 0.102043 0.102027 0.022056
19 8 0.097189 0.102027 0.022056
19 9 0.092335 0.102027 0.022056
19 10 0.088385 0.102027 0.022056
19 11 0.080935 0.102027 0.022056
19 12 0.077661 0.102027 0.022056
19 13 0.072469 0.102027 0.022056
19 14 0.066486 0.102027 0.022056
19 15 0.059713 0.102027 0.022056
19 16 0.054634 0.102027 0.022056
19 17 0.046619 0.102027 0.022056
19 18 0.041765 0.102027 0.022056
19 19 0.039734 0.102027 0.022056
19 20 0.038943 0.102027 0.022056
20 0 0.111299 0.102027 0.022056
20 1 0.116379 0.102027 0.022056
20 2 0.115702 0.102027 0.022056
20 3 0.114573 0.102027 0.022056
20 4 0.107687 0.102027 0.022056
20 5 0.101027 0.102027 0.022056
20 6 0.096964 0.102027 0.022056
20 7 0.093239 0.102027 0.022056
20 8 0.087482 0.102027 0.022056
20 9 0.084547 0.102027 0.022056
20 10 0.079580 0.102027 0.022056
20 11 0.072920 0.102027 0.022056
20 12 0.070437 0.102027 0.022056
20 13 0.064906 0.102027 0.022056
20 14 0.059939 0.102027 0.022056
20 15 0.053505 0.102027 0.022056
20 16 0.050344 0.102027 0.022056
20 17 0.045152 0.102027 0.022056
20 18 0.040524 0.102027 0.022056
20 19 0.037363 0.102027 0.022056
20 20 0.036686 0.102027 0.022056
