# contact distance = 20.0 Angstroms
# F = 0.4 kJ/mol

# i j contact_probability mean_contact_probability stddev_contact_probability
0 0 0.136157 0.120512 0.020789
0 1 0.141500 0.120512 0.020789
0 2 0.137344 0.120512 0.020789
0 3 0.135959 0.120512 0.020789
0 4 0.129230 0.120512 0.020789
0 5 0.124085 0.120512 0.020789
0 6 0.120127 0.120512 0.020789
0 7 0.113596 0.120512 0.020789
0 8 0.109638 0.120512 0.020789
0 9 0.107857 0.120512 0.020789
0 10 0.099941 0.120512 0.020789
0 11 0.097764 0.120512 0.020789
0 12 0.090441 0.120512 0.020789
0 13 0.087077 0.120512 0.020789
0 14 0.088462 0.120512 0.020789
0 15 0.085692 0.120512 0.020789
0 16 0.083713 0.120512 0.020789
0 17 0.082129 0.120512 0.020789
0 18 0.077380 0.120512 0.020789
0 19 0.072234 0.120512 0.020789
0 20 0.070255 0.120512 0.020789
1 0 0.134969 0.120512 0.020789
1 1 0.138927 0.120512 0.020789
1 2 0.140708 0.120512 0.020789
1 3 0.142490 0.120512 0.020789
1 4 0.135563 0.120512 0.020789
1 5 0.129032 0.120512 0.020789
1 6 0.126657 0.120512 0.020789
1 7 0.122699 0.120512 0.020789
1 8 0.119137 0.120512 0.020789
1 9 0.113794 0.120512 0.020789
1 10 0.107659 0.120512 0.020789
1 11 0.106471 0.120512 0.020789
1 12 0.102513 0.120512 0.020789
1 13 0.094399 0.120512 0.020789
1 14 0.093806 0.120512 0.020789
1 15 0.092222 0.120512 0.020789
1 16 0.089848 0.120512 0.020789
1 17 0.084504 0.120512 0.020789
1 18 0.079557 0.120512 0.020789
1 19 0.075599 0.120512 0.020789
1 20 0.073422 0.120512 0.020789
2 0 0.134178 0.120512 0.020789
2 1 0.139719 0.120512 0.020789
2 2 0.146250 0.120512 0.020789
2 3 0.146250 0.120512 0.020789
2 4 0.140511 0.120512 0.020789
2 5 0.135167 0.120512 0.020789
2 6 0.130418 0.120512 0.020789
2 7 0.129428 0.120512 0.020789
2 8 0.124876 0.120512 0.020789
2 9 0.120325 0.120512 0.020789
2 10 0.112408 0.120512 0.020789
2 11 0.113398 0.120512 0.020789
2 12 0.107659 0.120512 0.020789
2 13 0.102711 0.120512 0.020789
2 14 0.101524 0.120512 0.020789
2 15 0.100930 0.120512 0.020789
2 16 0.096180 0.120512 0.020789
2 17 0.093014 0.120512 0.020789
2 18 0.086879 0.120512 0.020789
2 19 0.082723 0.120512 0.020789
2 20 0.078171 0.120512 0.020789
3 0 0.132397 0.120512 0.020789
3 1 0.139521 0.120512 0.020789
3 2 0.145656 0.120512 0.020789
3 3 0.148031 0.120512 0.020789
3 4 0.145260 0.120512 0.020789
3 5 0.142688 0.120512 0.020789
3 6 0.138136 0.120512 0.020789
3 7 0.133980 0.120512 0.020789
3 8 0.133782 0.120512 0.020789
3 9 0.131605 0.120512 0.020789
3 10 0.123293 0.120512 0.020789
3 11 0.123689 0.120512 0.020789
3 12 0.117158 0.120512 0.020789
3 13 0.113992 0.120512 0.020789
3 14 0.115575 0.120512 0.020789
3 15 0.114387 0.120512 0.020789
3 16 0.106471 0.120512 0.020789
3 17 0.101920 0.120512 0.020789
3 18 0.095389 0.120512 0.020789
3 19 0.091233 0.120512 0.020789
3 20 0.089254 0.120512 0.020789
4 0 0.127845 0.120512 0.020789
4 1 0.136948 0.120512 0.020789
4 2 0.145854 0.120512 0.020789
4 3 0.146843 0.120512 0.020789
4 4 0.149020 0.120512 0.020789
4 5 0.147239 0.120512 0.020789
4 6 0.144271 0.120512 0.020789
4 7 0.138927 0.120512 0.020789
4 8 0.138334 0.120512 0.020789
4 9 0.137938 0.120512 0.020789
4 10 0.132199 0.120512 0.020789
4 11 0.133188 0.120512 0.020789
4 12 0.126855 0.120512 0.020789
4 13 0.123491 0.120512 0.020789
4 14 0.125470 0.120512 0.020789
4 15 0.123293 0.120512 0.020789
4 16 0.116564 0.120512 0.020789
4 17 0.111221 0.120512 0.020789
4 18 0.105086 0.120512 0.020789
4 19 0.098753 0.120512 0.020789
4 20 0.093806 0.120512 0.020789
5 0 0.123689 0.120512 0.020789
5 1 0.134771 0.120512 0.020789
5 2 0.142490 0.120512 0.020789
5 3 0.145458 0.120512 0.020789
5 4 0.150208 0.120512 0.020789
5 5 0.150010 0.120512 0.020789
5 6 0.144469 0.120512 0.020789
5 7 0.143677 0.120512 0.020789
5 8 0.143875 0.120512 0.020789
5 9 0.141104 0.120512 0.020789
5 10 0.138334 0.120512 0.020789
5 11 0.140313 0.120512 0.020789
5 12 0.140115 0.120512 0.020789
5 13 0.130813 0.120512 0.020789
5 14 0.132199 0.120512 0.020789
5 15 0.130418 0.120512 0.020789
5 16 0.122699 0.120512 0.020789
5 17 0.117752 0.120512 0.020789
5 18 0.111419 0.120512 0.020789
5 19 0.106471 0.120512 0.020789
5 20 0.100732 0.120512 0.020789
6 0 0.118741 0.120512 0.020789
6 1 0.127053 0.120512 0.020789
6 2 0.135167 0.120512 0.020789
6 3 0.140906 0.120512 0.020789
6 4 0.147833 0.120512 0.020789
6 5 0.149218 0.120512 0.020789
6 6 0.146843 0.120512 0.020789
6 7 0.146052 0.120512 0.020789
6 8 0.146052 0.120512 0.020789
6 9 0.144073 0.120512 0.020789
6 10 0.144864 0.120512 0.020789
6 11 0.146250 0.120512 0.020789
6 12 0.145854 0.120512 0.020789
6 13 0.138532 0.120512 0.020789
6 14 0.138927 0.120512 0.020789
6 15 0.135365 0.120512 0.020789
6 16 0.129032 0.120512 0.020789
6 17 0.122501 0.120512 0.020789
6 18 0.116960 0.120512 0.020789
6 19 0.109242 0.120512 0.020789
6 20 0.103503 0.120512 0.020789
7 0 0.113794 0.120512 0.020789
7 1 0.123095 0.120512 0.020789
7 2 0.132792 0.120512 0.020789
7 3 0.139719 0.120512 0.020789
7 4 0.148031 0.120512 0.020789
7 5 0.150010 0.120512 0.020789
7 6 0.148822 0.120512 0.020789
7 7 0.145062 0.120512 0.020789
7 8 0.143083 0.120512 0.020789
7 9 0.143875 0.120512 0.020789
7 10 0.145458 0.120512 0.020789
7 11 0.148427 0.120512 0.020789
7 12 0.146052 0.120512 0.020789
7 13 0.140115 0.120512 0.020789
7 14 0.142490 0.120512 0.020789
7 15 0.140115 0.120512 0.020789
7 16 0.133188 0.120512 0.020789
7 17 0.129032 0.120512 0.020789
7 18 0.122304 0.120512 0.020789
7 19 0.112804 0.120512 0.020789
7 20 0.107461 0.120512 0.020789
8 0 0.109440 0.120512 0.020789
8 1 0.116169 0.120512 0.020789
8 2 0.126262 0.120512 0.020789
8 3 0.134771 0.120512 0.020789
8 4 0.143479 0.120512 0.020789
8 5 0.145656 0.120512 0.020789
8 6 0.144073 0.120512 0.020789
8 7 0.141104 0.120512 0.020789
8 8 0.138927 0.120512 0.020789
8 9 0.145656 0.120512 0.020789
8 10 0.145062 0.120512 0.020789
8 11 0.146448 0.120512 0.020789
8 12 0.144469 0.120512 0.020789
8 13 0.141500 0.120512 0.020789
8 14 0.141698 0.120512 0.020789
8 15 0.138136 0.120512 0.020789
8 16 0.132990 0.120512 0.020789
8 17 0.125866 0.120512 0.020789
8 18 0.119335 0.120512 0.020789
8 19 0.114190 0.120512 0.020789
8 20 0.108846 0.120512 0.020789
9 0 0.107065 0.120512 0.020789
9 1 0.115377 0.120512 0.020789
9 2 0.125272 0.120512 0.020789
9 3 0.134178 0.120512 0.020789
9 4 0.140708 0.120512 0.020789
9 5 0.143083 0.120512 0.020789
9 6 0.143875 0.120512 0.020789
9 7 0.142490 0.120512 0.020789
9 8 0.141302 0.120512 0.020789
9 9 0.141302 0.120512 0.020789
9 10 0.146250 0.120512 0.020789
9 11 0.147239 0.120512 0.020789
9 12 0.146052 0.120512 0.020789
9 13 0.145062 0.120512 0.020789
9 14 0.143875 0.120512 0.020789
9 15 0.140511 0.120512 0.020789
9 16 0.134574 0.120512 0.020789
9 17 0.128636 0.120512 0.020789
9 18 0.121710 0.120512 0.020789
9 19 0.116564 0.120512 0.020789
9 20 0.107263 0.120512 0.020789
10 0 0.101722 0.120512 0.020789
10 1 0.110429 0.120512 0.020789
10 2 0.117950 0.120512 0.020789
10 3 0.129626 0.120512 0.020789
10 4 0.136355 0.120512 0.020789
10 5 0.141302 0.120512 0.020789
10 6 0.142490 0.120512 0.020789
10 7 0.144271 0.120512 0.020789
10 8 0.139125 0.120512 0.020789
10 9 0.141104 0.120512 0.020789
10 10 0.141698 0.120512 0.020789
10 11 0.142094 0.120512 0.020789
10 12 0.142094 0.120512 0.020789
10 13 0.141302 0.120512 0.020789
10 14 0.140115 0.120512 0.020789
10 15 0.137938 0.120512 0.020789
10 16 0.134574 0.120512 0.020789
10 17 0.130615 0.120512 0.020789
10 18 0.122304 0.120512 0.020789
10 19 0.112408 0.120512 0.020789
10 20 0.102513 0.120512 0.020789
11 0 0.099149 0.120512 0.020789
11 1 0.107065 0.120512 0.020789
11 2 0.117950 0.120512 0.020789
11 3 0.127449 0.120512 0.020789
11 4 0.136355 0.120512 0.020789
11 5 0.141896 0.120512 0.020789
11 6 0.141896 0.120512 0.020789
11 7 0.144073 0.120512 0.020789
11 8 0.140115 0.120512 0.020789
11 9 0.140906 0.120512 0.020789
11 10 0.139125 0.120512 0.020789
11 11 0.140708 0.120512 0.020789
11 12 0.142094 0.120512 0.020789
11 13 0.137740 0.120512 0.020789
11 14 0.138927 0.120512 0.020789
11 15 0.137542 0.120512 0.020789
11 16 0.134178 0.120512 0.020789
11 17 0.127845 0.120512 0.020789
11 18 0.119137 0.120512 0.020789
11 19 0.109440 0.120512 0.020789
11 20 0.101326 0.120512 0.020789
12 0 0.097566 0.120512 0.020789
12 1 0.106076 0.120512 0.020789
12 2 0.112211 0.120512 0.020789
12 3 0.128241 0.120512 0.020789
12 4 0.135563 0.120512 0.020789
12 5 0.139125 0.120512 0.020789
12 6 0.141302 0.120512 0.020789
12 7 0.143281 0.120512 0.020789
12 8 0.140115 0.120512 0.020789
12 9 0.143083 0.120512 0.020789
12 10 0.141500 0.120512 0.020789
12 11 0.140906 0.120512 0.020789
12 12 0.141896 0.120512 0.020789
12 13 0.138334 0.120512 0.020789
12 14 0.138136 0.120512 0.020789
12 15 0.137740 0.120512 0.020789
12 16 0.137146 0.120512 0.020789
12 17 0.125074 0.120512 0.020789
12 18 0.115971 0.120512 0.020789
12 19 0.110429 0.120512 0.020789
12 20 0.101524 0.120512 0.020789
13 0 0.093806 0.120512 0.020789
13 1 0.102118 0.120512 0.020789
13 2 0.111419 0.120512 0.020789
13 3 0.123293 0.120512 0.020789
13 4 0.133782 0.120512 0.020789
13 5 0.138927 0.120512 0.020789
13 6 0.142885 0.120512 0.020789
13 7 0.143083 0.120512 0.020789
13 8 0.138532 0.120512 0.020789
13 9 0.140906 0.120512 0.020789
13 10 0.139521 0.120512 0.020789
13 11 0.141500 0.120512 0.020789
13 12 0.140115 0.120512 0.020789
13 13 0.136355 0.120512 0.020789
13 14 0.137740 0.120512 0.020789
13 15 0.136948 0.120512 0.020789
13 16 0.129428 0.120512 0.020789
13 17 0.118741 0.120512 0.020789
13 18 0.115377 0.120512 0.020789
13 19 0.108253 0.120512 0.020789
13 20 0.100139 0.120512 0.020789
14 0 0.090441 0.120512 0.020789
14 1 0.095983 0.120512 0.020789
14 2 0.109242 0.120512 0.020789
14 3 0.119335 0.120512 0.020789
14 4 0.130615 0.120512 0.020789
14 5 0.140115 0.120512 0.020789
14 6 0.140708 0.120512 0.020789
14 7 0.141698 0.120512 0.020789
14 8 0.139719 0.120512 0.020789
14 9 0.141500 0.120512 0.020789
14 10 0.136948 0.120512 0.020789
14 11 0.138729 0.120512 0.020789
14 12 0.139125 0.120512 0.020789
14 13 0.135959 0.120512 0.020789
14 14 0.134574 0.120512 0.020789
14 15 0.131407 0.120512 0.020789
14 16 0.124678 0.120512 0.020789
14 17 0.117356 0.120512 0.020789
14 18 0.109638 0.120512 0.020789
14 19 0.105086 0.120512 0.020789
14 20 0.098951 0.120512 0.020789
15 0 0.089056 0.120512 0.020789
15 1 0.095587 0.120512 0.020789
15 2 0.103701 0.120512 0.020789
15 3 0.117752 0.120512 0.020789
15 4 0.127449 0.120512 0.020789
15 5 0.135761 0.120512 0.020789
15 6 0.137740 0.120512 0.020789
15 7 0.137542 0.120512 0.020789
15 8 0.138334 0.120512 0.020789
15 9 0.136355 0.120512 0.020789
15 10 0.135563 0.120512 0.020789
15 11 0.133782 0.120512 0.020789
15 12 0.136948 0.120512 0.020789
15 13 0.132990 0.120512 0.020789
15 14 0.129626 0.120512 0.020789
15 15 0.129032 0.120512 0.020789
15 16 0.121512 0.120512 0.020789
15 17 0.114585 0.120512 0.020789
15 18 0.106076 0.120512 0.020789
15 19 0.105086 0.120512 0.020789
15 20 0.097566 0.120512 0.020789
16 0 0.083119 0.120512 0.020789
16 1 0.088264 0.120512 0.020789
16 2 0.096576 0.120512 0.020789
16 3 0.108648 0.120512 0.020789
16 4 0.118939 0.120512 0.020789
16 5 0.125272 0.120512 0.020789
16 6 0.129824 0.120512 0.020789
16 7 0.134969 0.120512 0.020789
16 8 0.132397 0.120512 0.020789
16 9 0.131803 0.120512 0.020789
16 10 0.131605 0.120512 0.020789
16 11 0.130022 0.120512 0.020789
16 12 0.131605 0.120512 0.020789
16 13 0.124876 0.120512 0.020789
16 14 0.125866 0.120512 0.020789
16 15 0.122501 0.120512 0.020789
16 16 0.115575 0.120512 0.020789
16 17 0.106274 0.120512 0.020789
16 18 0.100336 0.120512 0.020789
16 19 0.098357 0.120512 0.020789
16 20 0.092816 0.120512 0.020789
17 0 0.077380 0.120512 0.020789
17 1 0.081734 0.120512 0.020789
17 2 0.089848 0.120512 0.020789
17 3 0.099545 0.120512 0.020789
17 4 0.111023 0.120512 0.020789
17 5 0.119335 0.120512 0.020789
17 6 0.122501 0.120512 0.020789
17 7 0.125668 0.120512 0.020789
17 8 0.125470 0.120512 0.020789
17 9 0.124481 0.120512 0.020789
17 10 0.125470 0.120512 0.020789
17 11 0.126460 0.120512 0.020789
17 12 0.122897 0.120512 0.020789
17 13 0.121116 0.120512 0.020789
17 14 0.117356 0.120512 0.020789
17 15 0.116960 0.120512 0.020789
17 16 0.106471 0.120512 0.020789
17 17 0.098160 0.120512 0.020789
17 18 0.095389 0.120512 0.020789
17 19 0.091233 0.120512 0.020789
17 20 0.085296 0.120512 0.020789
18 0 0.074609 0.120512 0.020789
18 1 0.076786 0.120512 0.020789
18 2 0.083713 0.120512 0.020789
18 3 0.092816 0.120512 0.020789
18 4 0.101920 0.120512 0.020789
18 5 0.109836 0.120512 0.020789
18 6 0.116564 0.120512 0.020789
18 7 0.120127 0.120512 0.020789
18 8 0.120127 0.120512 0.020789
18 9 0.122501 0.120512 0.020789
18 10 0.119731 0.120512 0.020789
18 11 0.118543 0.120512 0.020789
18 12 0.115377 0.120512 0.020789
18 13 0.112408 0.120512 0.020789
18 14 0.110034 0.120512 0.020789
18 15 0.107461 0.120512 0.020789
18 16 0.098753 0.120512 0.020789
18 17 0.093212 0.120512 0.020789
18 18 0.087275 0.120512 0.020789
18 19 0.085098 0.120512 0.020789
18 20 0.082129 0.120512 0.020789
19 0 0.069859 0.120512 0.020789
19 1 0.071641 0.120512 0.020789
19 2 0.079755 0.120512 0.020789
19 3 0.088264 0.120512 0.020789
19 4 0.097170 0.120512 0.020789
19 5 0.103899 0.120512 0.020789
19 6 0.107461 0.120512 0.020789
19 7 0.113002 0.120512 0.020789
19 8 0.112013 0.120512 0.020789
19 9 0.112408 0.120512 0.020789
19 10 0.111023 0.120512 0.020789
19 11 0.109836 0.120512 0.020789
19 12 0.105086 0.120512 0.020789
19 13 0.104888 0.120512 0.020789
19 14 0.101920 0.120512 0.020789
19 15 0.100139 0.120512 0.020789
19 16 0.093410 0.120512 0.020789
19 17 0.089848 0.120512 0.020789
19 18 0.084306 0.120512 0.020789
19 19 0.082327 0.120512 0.020789
19 20 0.077380 0.120512 0.020789
20 0 0.070255 0.120512 0.020789
20 1 0.070849 0.120512 0.020789
20 2 0.077578 0.120512 0.020789
20 3 0.085494 0.120512 0.020789
20 4 0.094399 0.120512 0.020789
20 5 0.098160 0.120512 0.020789
20 6 0.103899 0.120512 0.020789
20 7 0.106076 0.120512 0.020789
20 8 0.105482 0.120512 0.020789
20 9 0.104492 0.120512 0.020789
20 10 0.105482 0.120512 0.020789
20 11 0.105482 0.120512 0.020789
20 12 0.100732 0.120512 0.020789
20 13 0.096774 0.120512 0.020789
20 14 0.094795 0.120512 0.020789
20 15 0.091827 0.120512 0.020789
20 16 0.089254 0.120512 0.020789
20 17 0.082921 0.120512 0.020789
20 18 0.081536 0.120512 0.020789
20 19 0.079359 0.120512 0.020789
20 20 0.074015 0.120512 0.020789
