# contact distance = 20.0 Angstroms
# F = 0.4 kJ/mol

# i j contact_probability mean_contact_probability stddev_contact_probability
0 0 0.049695 0.098368 0.018488
0 1 0.051457 0.098368 0.018488
0 2 0.050987 0.098368 0.018488
0 3 0.055451 0.098368 0.018488
0 4 0.058858 0.098368 0.018488
0 5 0.061325 0.098368 0.018488
0 6 0.063675 0.098368 0.018488
0 7 0.069079 0.098368 0.018488
0 8 0.071664 0.098368 0.018488
0 9 0.075540 0.098368 0.018488
0 10 0.076363 0.098368 0.018488
0 11 0.079417 0.098368 0.018488
0 12 0.086114 0.098368 0.018488
0 13 0.089638 0.098368 0.018488
0 14 0.096922 0.098368 0.018488
0 15 0.102679 0.098368 0.018488
0 16 0.110785 0.098368 0.018488
0 17 0.114427 0.098368 0.018488
0 18 0.114074 0.098368 0.018488
0 19 0.113017 0.098368 0.018488
0 20 0.110432 0.098368 0.018488
1 0 0.050987 0.098368 0.018488
1 1 0.052397 0.098368 0.018488
1 2 0.055334 0.098368 0.018488
1 3 0.056039 0.098368 0.018488
1 4 0.060855 0.098368 0.018488
1 5 0.064027 0.098368 0.018488
1 6 0.066847 0.098368 0.018488
1 7 0.070371 0.098368 0.018488
1 8 0.076950 0.098368 0.018488
1 9 0.077303 0.098368 0.018488
1 10 0.078947 0.098368 0.018488
1 11 0.082707 0.098368 0.018488
1 12 0.091870 0.098368 0.018488
1 13 0.095395 0.098368 0.018488
1 14 0.102326 0.098368 0.018488
1 15 0.107495 0.098368 0.018488
1 16 0.112782 0.098368 0.018488
1 17 0.119596 0.098368 0.018488
1 18 0.118304 0.098368 0.018488
1 19 0.117011 0.098368 0.018488
1 20 0.112664 0.098368 0.018488
2 0 0.057918 0.098368 0.018488
2 1 0.058153 0.098368 0.018488
2 2 0.057801 0.098368 0.018488
2 3 0.058976 0.098368 0.018488
2 4 0.062735 0.098368 0.018488
2 5 0.068609 0.098368 0.018488
2 6 0.071311 0.098368 0.018488
2 7 0.075305 0.098368 0.018488
2 8 0.078360 0.098368 0.018488
2 9 0.079417 0.098368 0.018488
2 10 0.082002 0.098368 0.018488
2 11 0.087171 0.098368 0.018488
2 12 0.093163 0.098368 0.018488
2 13 0.099742 0.098368 0.018488
2 14 0.105851 0.098368 0.018488
2 15 0.112077 0.098368 0.018488
2 16 0.117481 0.098368 0.018488
2 17 0.121711 0.098368 0.018488
2 18 0.122180 0.098368 0.018488
2 19 0.118304 0.098368 0.018488
2 20 0.114427 0.098368 0.018488
3 0 0.063557 0.098368 0.018488
3 1 0.061090 0.098368 0.018488
3 2 0.060973 0.098368 0.018488
3 3 0.063675 0.098368 0.018488
3 4 0.067082 0.098368 0.018488
3 5 0.070254 0.098368 0.018488
3 6 0.075658 0.098368 0.018488
3 7 0.078712 0.098368 0.018488
3 8 0.084234 0.098368 0.018488
3 9 0.082472 0.098368 0.018488
3 10 0.086701 0.098368 0.018488
3 11 0.090343 0.098368 0.018488
3 12 0.096805 0.098368 0.018488
3 13 0.103148 0.098368 0.018488
3 14 0.107143 0.098368 0.018488
3 15 0.113252 0.098368 0.018488
3 16 0.119713 0.098368 0.018488
3 17 0.123590 0.098368 0.018488
3 18 0.124413 0.098368 0.018488
3 19 0.120418 0.098368 0.018488
3 20 0.117129 0.098368 0.018488
4 0 0.064967 0.098368 0.018488
4 1 0.063205 0.098368 0.018488
4 2 0.064262 0.098368 0.018488
4 3 0.066729 0.098368 0.018488
4 4 0.071194 0.098368 0.018488
4 5 0.075540 0.098368 0.018488
4 6 0.078477 0.098368 0.018488
4 7 0.083177 0.098368 0.018488
4 8 0.087406 0.098368 0.018488
4 9 0.088698 0.098368 0.018488
4 10 0.089051 0.098368 0.018488
4 11 0.092458 0.098368 0.018488
4 12 0.098097 0.098368 0.018488
4 13 0.101386 0.098368 0.018488
4 14 0.108435 0.098368 0.018488
4 15 0.110315 0.098368 0.018488
4 16 0.120418 0.098368 0.018488
4 17 0.125470 0.098368 0.018488
4 18 0.125117 0.098368 0.018488
4 19 0.121593 0.098368 0.018488
4 20 0.115719 0.098368 0.018488
5 0 0.066024 0.098368 0.018488
5 1 0.065437 0.098368 0.018488
5 2 0.066612 0.098368 0.018488
5 3 0.068609 0.098368 0.018488
5 4 0.074718 0.098368 0.018488
5 5 0.081180 0.098368 0.018488
5 6 0.081767 0.098368 0.018488
5 7 0.087289 0.098368 0.018488
5 8 0.092458 0.098368 0.018488
5 9 0.091048 0.098368 0.018488
5 10 0.093045 0.098368 0.018488
5 11 0.095512 0.098368 0.018488
5 12 0.100446 0.098368 0.018488
5 13 0.102561 0.098368 0.018488
5 14 0.106555 0.098368 0.018488
5 15 0.110902 0.098368 0.018488
5 16 0.117364 0.098368 0.018488
5 17 0.123825 0.098368 0.018488
5 18 0.121593 0.098368 0.018488
5 19 0.118656 0.098368 0.018488
5 20 0.111372 0.098368 0.018488
6 0 0.066377 0.098368 0.018488
6 1 0.067787 0.098368 0.018488
6 2 0.070489 0.098368 0.018488
6 3 0.073543 0.098368 0.018488
6 4 0.078947 0.098368 0.018488
6 5 0.082119 0.098368 0.018488
6 6 0.085996 0.098368 0.018488
6 7 0.092223 0.098368 0.018488
6 8 0.094807 0.098368 0.018488
6 9 0.095630 0.098368 0.018488
6 10 0.098097 0.098368 0.018488
6 11 0.100446 0.098368 0.018488
6 12 0.100916 0.098368 0.018488
6 13 0.102444 0.098368 0.018488
6 14 0.107260 0.098368 0.018488
6 15 0.109258 0.098368 0.018488
6 16 0.115602 0.098368 0.018488
6 17 0.121006 0.098368 0.018488
6 18 0.120066 0.098368 0.018488
6 19 0.115484 0.098368 0.018488
6 20 0.108083 0.098368 0.018488
7 0 0.067199 0.098368 0.018488
7 1 0.067082 0.098368 0.018488
7 2 0.070959 0.098368 0.018488
7 3 0.075775 0.098368 0.018488
7 4 0.080945 0.098368 0.018488
7 5 0.086231 0.098368 0.018488
7 6 0.088816 0.098368 0.018488
7 7 0.094220 0.098368 0.018488
7 8 0.098097 0.098368 0.018488
7 9 0.097392 0.098368 0.018488
7 10 0.100446 0.098368 0.018488
7 11 0.101151 0.098368 0.018488
7 12 0.102679 0.098368 0.018488
7 13 0.105616 0.098368 0.018488
7 14 0.108905 0.098368 0.018488
7 15 0.110197 0.098368 0.018488
7 16 0.113487 0.098368 0.018488
7 17 0.116894 0.098368 0.018488
7 18 0.114662 0.098368 0.018488
7 19 0.109845 0.098368 0.018488
7 20 0.104676 0.098368 0.018488
8 0 0.067552 0.098368 0.018488
8 1 0.072251 0.098368 0.018488
8 2 0.076245 0.098368 0.018488
8 3 0.077773 0.098368 0.018488
8 4 0.081767 0.098368 0.018488
8 5 0.087876 0.098368 0.018488
8 6 0.093515 0.098368 0.018488
8 7 0.095630 0.098368 0.018488
8 8 0.098449 0.098368 0.018488
8 9 0.100564 0.098368 0.018488
8 10 0.102914 0.098368 0.018488
8 11 0.103148 0.098368 0.018488
8 12 0.102679 0.098368 0.018488
8 13 0.106673 0.098368 0.018488
8 14 0.109727 0.098368 0.018488
8 15 0.108553 0.098368 0.018488
8 16 0.111725 0.098368 0.018488
8 17 0.114544 0.098368 0.018488
8 18 0.111842 0.098368 0.018488
8 19 0.106673 0.098368 0.018488
8 20 0.100681 0.098368 0.018488
9 0 0.069666 0.098368 0.018488
9 1 0.072721 0.098368 0.018488
9 2 0.079535 0.098368 0.018488
9 3 0.083529 0.098368 0.018488
9 4 0.085644 0.098368 0.018488
9 5 0.090695 0.098368 0.018488
9 6 0.096570 0.098368 0.018488
9 7 0.099624 0.098368 0.018488
9 8 0.101974 0.098368 0.018488
9 9 0.103383 0.098368 0.018488
9 10 0.103501 0.098368 0.018488
9 11 0.105263 0.098368 0.018488
9 12 0.103266 0.098368 0.018488
9 13 0.105851 0.098368 0.018488
9 14 0.108670 0.098368 0.018488
9 15 0.108553 0.098368 0.018488
9 16 0.110197 0.098368 0.018488
9 17 0.110197 0.098368 0.018488
9 18 0.108200 0.098368 0.018488
9 19 0.104206 0.098368 0.018488
9 20 0.095512 0.098368 0.018488
10 0 0.073778 0.098368 0.018488
10 1 0.077303 0.098368 0.018488
10 2 0.079770 0.098368 0.018488
10 3 0.086466 0.098368 0.018488
10 4 0.087993 0.098368 0.018488
10 5 0.094690 0.098368 0.018488
10 6 0.098097 0.098368 0.018488
10 7 0.100916 0.098368 0.018488
10 8 0.102796 0.098368 0.018488
10 9 0.104911 0.098368 0.018488
10 10 0.103501 0.098368 0.018488
10 11 0.105498 0.098368 0.018488
10 12 0.107495 0.098368 0.018488
10 13 0.106673 0.098368 0.018488
10 14 0.107143 0.098368 0.018488
10 15 0.109258 0.098368 0.018488
10 16 0.110197 0.098368 0.018488
10 17 0.107495 0.098368 0.018488
10 18 0.107613 0.098368 0.018488
10 19 0.100799 0.098368 0.018488
10 20 0.090930 0.098368 0.018488
11 0 0.077655 0.098368 0.018488
11 1 0.081414 0.098368 0.018488
11 2 0.083999 0.098368 0.018488
11 3 0.088111 0.098368 0.018488
11 4 0.090226 0.098368 0.018488
11 5 0.093867 0.098368 0.018488
11 6 0.096217 0.098368 0.018488
11 7 0.100564 0.098368 0.018488
11 8 0.101269 0.098368 0.018488
11 9 0.104323 0.098368 0.018488
11 10 0.106908 0.098368 0.018488
11 11 0.106673 0.098368 0.018488
11 12 0.107025 0.098368 0.018488
11 13 0.107613 0.098368 0.018488
11 14 0.106555 0.098368 0.018488
11 15 0.108435 0.098368 0.018488
11 16 0.109023 0.098368 0.018488
11 17 0.104793 0.098368 0.018488
11 18 0.101974 0.098368 0.018488
11 19 0.098214 0.098368 0.018488
11 20 0.088463 0.098368 0.018488
12 0 0.082824 0.098368 0.018488
12 1 0.087641 0.098368 0.018488
12 2 0.090930 0.098368 0.018488
12 3 0.093867 0.098368 0.018488
12 4 0.096100 0.098368 0.018488
12 5 0.098449 0.098368 0.018488
12 6 0.100916 0.098368 0.018488
12 7 0.104441 0.098368 0.018488
12 8 0.105733 0.098368 0.018488
12 9 0.106320 0.098368 0.018488
12 10 0.109727 0.098368 0.018488
12 11 0.109140 0.098368 0.018488
12 12 0.112782 0.098368 0.018488
12 13 0.111725 0.098368 0.018488
12 14 0.107965 0.098368 0.018488
12 15 0.111490 0.098368 0.018488
12 16 0.109375 0.098368 0.018488
12 17 0.104676 0.098368 0.018488
12 18 0.100094 0.098368 0.018488
12 19 0.095747 0.098368 0.018488
12 20 0.087758 0.098368 0.018488
13 0 0.088933 0.098368 0.018488
13 1 0.094220 0.098368 0.018488
13 2 0.099977 0.098368 0.018488
13 3 0.102796 0.098368 0.018488
13 4 0.101974 0.098368 0.018488
13 5 0.104206 0.098368 0.018488
13 6 0.106086 0.098368 0.018488
13 7 0.109375 0.098368 0.018488
13 8 0.111020 0.098368 0.018488
13 9 0.109727 0.098368 0.018488
13 10 0.112664 0.098368 0.018488
13 11 0.111255 0.098368 0.018488
13 12 0.113722 0.098368 0.018488
13 13 0.112782 0.098368 0.018488
13 14 0.111490 0.098368 0.018488
13 15 0.110315 0.098368 0.018488
13 16 0.108670 0.098368 0.018488
13 17 0.105381 0.098368 0.018488
13 18 0.097039 0.098368 0.018488
13 19 0.090461 0.098368 0.018488
13 20 0.082942 0.098368 0.018488
14 0 0.094572 0.098368 0.018488
14 1 0.102679 0.098368 0.018488
14 2 0.106908 0.098368 0.018488
14 3 0.110315 0.098368 0.018488
14 4 0.111137 0.098368 0.018488
14 5 0.111137 0.098368 0.018488
14 6 0.113252 0.098368 0.018488
14 7 0.116071 0.098368 0.018488
14 8 0.113839 0.098368 0.018488
14 9 0.111960 0.098368 0.018488
14 10 0.114074 0.098368 0.018488
14 11 0.113252 0.098368 0.018488
14 12 0.113134 0.098368 0.018488
14 13 0.112077 0.098368 0.018488
14 14 0.109962 0.098368 0.018488
14 15 0.107260 0.098368 0.018488
14 16 0.106790 0.098368 0.018488
14 17 0.104088 0.098368 0.018488
14 18 0.098919 0.098368 0.018488
14 19 0.089403 0.098368 0.018488
14 20 0.081649 0.098368 0.018488
15 0 0.105616 0.098368 0.018488
15 1 0.110315 0.098368 0.018488
15 2 0.114192 0.098368 0.018488
15 3 0.119126 0.098368 0.018488
15 4 0.117481 0.098368 0.018488
15 5 0.118773 0.098368 0.018488
15 6 0.117481 0.098368 0.018488
15 7 0.117364 0.098368 0.018488
15 8 0.115954 0.098368 0.018488
15 9 0.112782 0.098368 0.018488
15 10 0.113252 0.098368 0.018488
15 11 0.113017 0.098368 0.018488
15 12 0.113604 0.098368 0.018488
15 13 0.111960 0.098368 0.018488
15 14 0.109023 0.098368 0.018488
15 15 0.106086 0.098368 0.018488
15 16 0.105851 0.098368 0.018488
15 17 0.102914 0.098368 0.018488
15 18 0.092693 0.098368 0.018488
15 19 0.085526 0.098368 0.018488
15 20 0.077655 0.098368 0.018488
16 0 0.111255 0.098368 0.018488
16 1 0.117599 0.098368 0.018488
16 2 0.122180 0.098368 0.018488
16 3 0.126057 0.098368 0.018488
16 4 0.125000 0.098368 0.018488
16 5 0.124883 0.098368 0.018488
16 6 0.123238 0.098368 0.018488
16 7 0.121476 0.098368 0.018488
16 8 0.117716 0.098368 0.018488
16 9 0.114309 0.098368 0.018488
16 10 0.114427 0.098368 0.018488
16 11 0.113252 0.098368 0.018488
16 12 0.114427 0.098368 0.018488
16 13 0.111255 0.098368 0.018488
16 14 0.108200 0.098368 0.018488
16 15 0.105381 0.098368 0.018488
16 16 0.102914 0.098368 0.018488
16 17 0.098802 0.098368 0.018488
16 18 0.092223 0.098368 0.018488
16 19 0.084117 0.098368 0.018488
16 20 0.075188 0.098368 0.018488
17 0 0.114192 0.098368 0.018488
17 1 0.122180 0.098368 0.018488
17 2 0.125705 0.098368 0.018488
17 3 0.128877 0.098368 0.018488
17 4 0.129699 0.098368 0.018488
17 5 0.128055 0.098368 0.018488
17 6 0.125235 0.098368 0.018488
17 7 0.123355 0.098368 0.018488
17 8 0.118186 0.098368 0.018488
17 9 0.115836 0.098368 0.018488
17 10 0.115014 0.098368 0.018488
17 11 0.113604 0.098368 0.018488
17 12 0.113369 0.098368 0.018488
17 13 0.105968 0.098368 0.018488
17 14 0.103853 0.098368 0.018488
17 15 0.103736 0.098368 0.018488
17 16 0.100094 0.098368 0.018488
17 17 0.095042 0.098368 0.018488
17 18 0.089168 0.098368 0.018488
17 19 0.081649 0.098368 0.018488
17 20 0.071311 0.098368 0.018488
18 0 0.117129 0.098368 0.018488
18 1 0.122533 0.098368 0.018488
18 2 0.124060 0.098368 0.018488
18 3 0.128055 0.098368 0.018488
18 4 0.129934 0.098368 0.018488
18 5 0.130874 0.098368 0.018488
18 6 0.127585 0.098368 0.018488
18 7 0.122650 0.098368 0.018488
18 8 0.115719 0.098368 0.018488
18 9 0.114544 0.098368 0.018488
18 10 0.114192 0.098368 0.018488
18 11 0.110197 0.098368 0.018488
18 12 0.107730 0.098368 0.018488
18 13 0.103031 0.098368 0.018488
18 14 0.099859 0.098368 0.018488
18 15 0.096687 0.098368 0.018488
18 16 0.093867 0.098368 0.018488
18 17 0.091165 0.098368 0.018488
18 18 0.083294 0.098368 0.018488
18 19 0.075540 0.098368 0.018488
18 20 0.068022 0.098368 0.018488
19 0 0.117951 0.098368 0.018488
19 1 0.119713 0.098368 0.018488
19 2 0.123238 0.098368 0.018488
19 3 0.128055 0.098368 0.018488
19 4 0.127820 0.098368 0.018488
19 5 0.127702 0.098368 0.018488
19 6 0.124648 0.098368 0.018488
19 7 0.119948 0.098368 0.018488
19 8 0.112077 0.098368 0.018488
19 9 0.108553 0.098368 0.018488
19 10 0.108553 0.098368 0.018488
19 11 0.104793 0.098368 0.018488
19 12 0.101974 0.098368 0.018488
19 13 0.097039 0.098368 0.018488
19 14 0.091400 0.098368 0.018488
19 15 0.089286 0.098368 0.018488
19 16 0.086584 0.098368 0.018488
19 17 0.083412 0.098368 0.018488
19 18 0.077420 0.098368 0.018488
19 19 0.071546 0.098368 0.018488
19 20 0.062970 0.098368 0.018488
20 0 0.113957 0.098368 0.018488
20 1 0.119361 0.098368 0.018488
20 2 0.121828 0.098368 0.018488
20 3 0.122415 0.098368 0.018488
20 4 0.123355 0.098368 0.018488
20 5 0.121711 0.098368 0.018488
20 6 0.118773 0.098368 0.018488
20 7 0.111725 0.098368 0.018488
20 8 0.105028 0.098368 0.018488
20 9 0.100211 0.098368 0.018488
20 10 0.100329 0.098368 0.018488
20 11 0.098802 0.098368 0.018488
20 12 0.094220 0.098368 0.018488
20 13 0.088346 0.098368 0.018488
20 14 0.084352 0.098368 0.018488
20 15 0.080945 0.098368 0.018488
20 16 0.078125 0.098368 0.018488
20 17 0.076480 0.098368 0.018488
20 18 0.072133 0.098368 0.018488
20 19 0.064615 0.098368 0.018488
20 20 0.058858 0.098368 0.018488
