# contact distance = 20.0 Angstroms
# F = 0.4 kJ/mol

# i j contact_probability mean_contact_probability stddev_contact_probability
0 0 0.067497 0.097026 0.018580
0 1 0.069799 0.097026 0.018580
0 2 0.068229 0.097026 0.018580
0 3 0.068753 0.097026 0.018580
0 4 0.067706 0.097026 0.018580
0 5 0.068753 0.097026 0.018580
0 6 0.069694 0.097026 0.018580
0 7 0.070322 0.097026 0.018580
0 8 0.070427 0.097026 0.018580
0 9 0.073043 0.097026 0.018580
0 10 0.077543 0.097026 0.018580
0 11 0.083403 0.097026 0.018580
0 12 0.090100 0.097026 0.018580
0 13 0.100670 0.097026 0.018580
0 14 0.110088 0.097026 0.018580
0 15 0.116262 0.097026 0.018580
0 16 0.120134 0.097026 0.018580
0 17 0.117622 0.097026 0.018580
0 18 0.113227 0.097026 0.018580
0 19 0.109251 0.097026 0.018580
0 20 0.102553 0.097026 0.018580
1 0 0.070322 0.097026 0.018580
1 1 0.070218 0.097026 0.018580
1 2 0.070741 0.097026 0.018580
1 3 0.071578 0.097026 0.018580
1 4 0.069380 0.097026 0.018580
1 5 0.070113 0.097026 0.018580
1 6 0.073776 0.097026 0.018580
1 7 0.073043 0.097026 0.018580
1 8 0.072625 0.097026 0.018580
1 9 0.077020 0.097026 0.018580
1 10 0.081206 0.097026 0.018580
1 11 0.087798 0.097026 0.018580
1 12 0.095961 0.097026 0.018580
1 13 0.109983 0.097026 0.018580
1 14 0.116053 0.097026 0.018580
1 15 0.121599 0.097026 0.018580
1 16 0.126099 0.097026 0.018580
1 17 0.124948 0.097026 0.018580
1 18 0.122122 0.097026 0.018580
1 19 0.116367 0.097026 0.018580
1 20 0.109460 0.097026 0.018580
2 0 0.071683 0.097026 0.018580
2 1 0.071997 0.097026 0.018580
2 2 0.072938 0.097026 0.018580
2 3 0.069067 0.097026 0.018580
2 4 0.071159 0.097026 0.018580
2 5 0.071787 0.097026 0.018580
2 6 0.073776 0.097026 0.018580
2 7 0.074090 0.097026 0.018580
2 8 0.073671 0.097026 0.018580
2 9 0.077961 0.097026 0.018580
2 10 0.084031 0.097026 0.018580
2 11 0.092089 0.097026 0.018580
2 12 0.098786 0.097026 0.018580
2 13 0.111972 0.097026 0.018580
2 14 0.120343 0.097026 0.018580
2 15 0.126413 0.097026 0.018580
2 16 0.128506 0.097026 0.018580
2 17 0.129971 0.097026 0.018580
2 18 0.126413 0.097026 0.018580
2 19 0.122227 0.097026 0.018580
2 20 0.113855 0.097026 0.018580
3 0 0.073880 0.097026 0.018580
3 1 0.075973 0.097026 0.018580
3 2 0.073252 0.097026 0.018580
3 3 0.071892 0.097026 0.018580
3 4 0.072834 0.097026 0.018580
3 5 0.075031 0.097026 0.018580
3 6 0.075764 0.097026 0.018580
3 7 0.076706 0.097026 0.018580
3 8 0.077334 0.097026 0.018580
3 9 0.081833 0.097026 0.018580
3 10 0.088217 0.097026 0.018580
3 11 0.093658 0.097026 0.018580
3 12 0.102135 0.097026 0.018580
3 13 0.114692 0.097026 0.018580
3 14 0.121390 0.097026 0.018580
3 15 0.129029 0.097026 0.018580
3 16 0.132692 0.097026 0.018580
3 17 0.129971 0.097026 0.018580
3 18 0.129761 0.097026 0.018580
3 19 0.125680 0.097026 0.018580
3 20 0.117936 0.097026 0.018580
4 0 0.076496 0.097026 0.018580
4 1 0.074404 0.097026 0.018580
4 2 0.073357 0.097026 0.018580
4 3 0.074717 0.097026 0.018580
4 4 0.075241 0.097026 0.018580
4 5 0.077020 0.097026 0.018580
4 6 0.078799 0.097026 0.018580
4 7 0.081310 0.097026 0.018580
4 8 0.081938 0.097026 0.018580
4 9 0.085601 0.097026 0.018580
4 10 0.090310 0.097026 0.018580
4 11 0.097007 0.097026 0.018580
4 12 0.105797 0.097026 0.018580
4 13 0.116367 0.097026 0.018580
4 14 0.124424 0.097026 0.018580
4 15 0.130494 0.097026 0.018580
4 16 0.131226 0.097026 0.018580
4 17 0.132378 0.097026 0.018580
4 18 0.130599 0.097026 0.018580
4 19 0.126622 0.097026 0.018580
4 20 0.122122 0.097026 0.018580
5 0 0.075031 0.097026 0.018580
5 1 0.077020 0.097026 0.018580
5 2 0.076392 0.097026 0.018580
5 3 0.077124 0.097026 0.018580
5 4 0.078380 0.097026 0.018580
5 5 0.079845 0.097026 0.018580
5 6 0.085287 0.097026 0.018580
5 7 0.084450 0.097026 0.018580
5 8 0.085077 0.097026 0.018580
5 9 0.088217 0.097026 0.018580
5 10 0.093763 0.097026 0.018580
5 11 0.099414 0.097026 0.018580
5 12 0.106635 0.097026 0.018580
5 13 0.116157 0.097026 0.018580
5 14 0.122855 0.097026 0.018580
5 15 0.128296 0.097026 0.018580
5 16 0.128820 0.097026 0.018580
5 17 0.129238 0.097026 0.018580
5 18 0.127773 0.097026 0.018580
5 19 0.124529 0.097026 0.018580
5 20 0.118564 0.097026 0.018580
6 0 0.074194 0.097026 0.018580
6 1 0.078275 0.097026 0.018580
6 2 0.078275 0.097026 0.018580
6 3 0.077543 0.097026 0.018580
6 4 0.079322 0.097026 0.018580
6 5 0.083089 0.097026 0.018580
6 6 0.083822 0.097026 0.018580
6 7 0.084763 0.097026 0.018580
6 8 0.086542 0.097026 0.018580
6 9 0.089473 0.097026 0.018580
6 10 0.093763 0.097026 0.018580
6 11 0.096589 0.097026 0.018580
6 12 0.104018 0.097026 0.018580
6 13 0.113646 0.097026 0.018580
6 14 0.121913 0.097026 0.018580
6 15 0.123169 0.097026 0.018580
6 16 0.126727 0.097026 0.018580
6 17 0.126413 0.097026 0.018580
6 18 0.124006 0.097026 0.018580
6 19 0.122436 0.097026 0.018580
6 20 0.114378 0.097026 0.018580
7 0 0.073148 0.097026 0.018580
7 1 0.076287 0.097026 0.018580
7 2 0.076915 0.097026 0.018580
7 3 0.077752 0.097026 0.018580
7 4 0.080264 0.097026 0.018580
7 5 0.082357 0.097026 0.018580
7 6 0.082461 0.097026 0.018580
7 7 0.082775 0.097026 0.018580
7 8 0.083089 0.097026 0.018580
7 9 0.085601 0.097026 0.018580
7 10 0.089473 0.097026 0.018580
7 11 0.092089 0.097026 0.018580
7 12 0.099309 0.097026 0.018580
7 13 0.109879 0.097026 0.018580
7 14 0.115111 0.097026 0.018580
7 15 0.119820 0.097026 0.018580
7 16 0.122855 0.097026 0.018580
7 17 0.123273 0.097026 0.018580
7 18 0.121180 0.097026 0.018580
7 19 0.116262 0.097026 0.018580
7 20 0.107681 0.097026 0.018580
8 0 0.070950 0.097026 0.018580
8 1 0.074508 0.097026 0.018580
8 2 0.075450 0.097026 0.018580
8 3 0.076287 0.097026 0.018580
8 4 0.080787 0.097026 0.018580
8 5 0.081310 0.097026 0.018580
8 6 0.082985 0.097026 0.018580
8 7 0.083612 0.097026 0.018580
8 8 0.085182 0.097026 0.018580
8 9 0.086019 0.097026 0.018580
8 10 0.085077 0.097026 0.018580
8 11 0.089577 0.097026 0.018580
8 12 0.096275 0.097026 0.018580
8 13 0.106844 0.097026 0.018580
8 14 0.110820 0.097026 0.018580
8 15 0.116367 0.097026 0.018580
8 16 0.119192 0.097026 0.018580
8 17 0.117936 0.097026 0.018580
8 18 0.116157 0.097026 0.018580
8 19 0.110402 0.097026 0.018580
8 20 0.102763 0.097026 0.018580
9 0 0.074404 0.097026 0.018580
9 1 0.074822 0.097026 0.018580
9 2 0.078903 0.097026 0.018580
9 3 0.079322 0.097026 0.018580
9 4 0.081624 0.097026 0.018580
9 5 0.084450 0.097026 0.018580
9 6 0.084136 0.097026 0.018580
9 7 0.087275 0.097026 0.018580
9 8 0.086438 0.097026 0.018580
9 9 0.086124 0.097026 0.018580
9 10 0.085496 0.097026 0.018580
9 11 0.089368 0.097026 0.018580
9 12 0.095019 0.097026 0.018580
9 13 0.100670 0.097026 0.018580
9 14 0.104856 0.097026 0.018580
9 15 0.112390 0.097026 0.018580
9 16 0.113855 0.097026 0.018580
9 17 0.113646 0.097026 0.018580
9 18 0.110820 0.097026 0.018580
9 19 0.104856 0.097026 0.018580
9 20 0.097740 0.097026 0.018580
10 0 0.079427 0.097026 0.018580
10 1 0.081729 0.097026 0.018580
10 2 0.082566 0.097026 0.018580
10 3 0.084136 0.097026 0.018580
10 4 0.088426 0.097026 0.018580
10 5 0.089787 0.097026 0.018580
10 6 0.089473 0.097026 0.018580
10 7 0.088217 0.097026 0.018580
10 8 0.087903 0.097026 0.018580
10 9 0.087275 0.097026 0.018580
10 10 0.086856 0.097026 0.018580
10 11 0.090414 0.097026 0.018580
10 12 0.094182 0.097026 0.018580
10 13 0.097844 0.097026 0.018580
10 14 0.104228 0.097026 0.018580
10 15 0.109041 0.097026 0.018580
10 16 0.110193 0.097026 0.018580
10 17 0.107995 0.097026 0.018580
10 18 0.105274 0.097026 0.018580
10 19 0.098995 0.097026 0.018580
10 20 0.091356 0.097026 0.018580
11 0 0.084763 0.097026 0.018580
11 1 0.086542 0.097026 0.018580
11 2 0.090310 0.097026 0.018580
11 3 0.092403 0.097026 0.018580
11 4 0.095228 0.097026 0.018580
11 5 0.096798 0.097026 0.018580
11 6 0.097635 0.097026 0.018580
11 7 0.095019 0.097026 0.018580
11 8 0.091879 0.097026 0.018580
11 9 0.089054 0.097026 0.018580
11 10 0.090833 0.097026 0.018580
11 11 0.091775 0.097026 0.018580
11 12 0.094182 0.097026 0.018580
11 13 0.098577 0.097026 0.018580
11 14 0.099937 0.097026 0.018580
11 15 0.103077 0.097026 0.018580
11 16 0.105902 0.097026 0.018580
11 17 0.104646 0.097026 0.018580
11 18 0.099519 0.097026 0.018580
11 19 0.094705 0.097026 0.018580
11 20 0.089263 0.097026 0.018580
12 0 0.088635 0.097026 0.018580
12 1 0.092821 0.097026 0.018580
12 2 0.095123 0.097026 0.018580
12 3 0.097740 0.097026 0.018580
12 4 0.101716 0.097026 0.018580
12 5 0.102867 0.097026 0.018580
12 6 0.101925 0.097026 0.018580
12 7 0.099100 0.097026 0.018580
12 8 0.095647 0.097026 0.018580
12 9 0.090624 0.097026 0.018580
12 10 0.090833 0.097026 0.018580
12 11 0.091147 0.097026 0.018580
12 12 0.094496 0.097026 0.018580
12 13 0.097112 0.097026 0.018580
12 14 0.098368 0.097026 0.018580
12 15 0.102449 0.097026 0.018580
12 16 0.103600 0.097026 0.018580
12 17 0.098368 0.097026 0.018580
12 18 0.095228 0.097026 0.018580
12 19 0.087380 0.097026 0.018580
12 20 0.081206 0.097026 0.018580
13 0 0.094914 0.097026 0.018580
13 1 0.101612 0.097026 0.018580
13 2 0.105483 0.097026 0.018580
13 3 0.108728 0.097026 0.018580
13 4 0.109460 0.097026 0.018580
13 5 0.109251 0.097026 0.018580
13 6 0.108832 0.097026 0.018580
13 7 0.105483 0.097026 0.018580
13 8 0.101193 0.097026 0.018580
13 9 0.097007 0.097026 0.018580
13 10 0.096170 0.097026 0.018580
13 11 0.095961 0.097026 0.018580
13 12 0.096589 0.097026 0.018580
13 13 0.101088 0.097026 0.018580
13 14 0.099519 0.097026 0.018580
13 15 0.104123 0.097026 0.018580
13 16 0.101507 0.097026 0.018580
13 17 0.098577 0.097026 0.018580
13 18 0.092821 0.097026 0.018580
13 19 0.086752 0.097026 0.018580
13 20 0.078903 0.097026 0.018580
14 0 0.101507 0.097026 0.018580
14 1 0.109565 0.097026 0.018580
14 2 0.115530 0.097026 0.018580
14 3 0.117518 0.097026 0.018580
14 4 0.117308 0.097026 0.018580
14 5 0.114692 0.097026 0.018580
14 6 0.114483 0.097026 0.018580
14 7 0.110088 0.097026 0.018580
14 8 0.107053 0.097026 0.018580
14 9 0.104437 0.097026 0.018580
14 10 0.100565 0.097026 0.018580
14 11 0.098577 0.097026 0.018580
14 12 0.100356 0.097026 0.018580
14 13 0.101612 0.097026 0.018580
14 14 0.101612 0.097026 0.018580
14 15 0.104123 0.097026 0.018580
14 16 0.099414 0.097026 0.018580
14 17 0.096065 0.097026 0.018580
14 18 0.089996 0.097026 0.018580
14 19 0.081206 0.097026 0.018580
14 20 0.073671 0.097026 0.018580
15 0 0.112285 0.097026 0.018580
15 1 0.119192 0.097026 0.018580
15 2 0.121494 0.097026 0.018580
15 3 0.123483 0.097026 0.018580
15 4 0.123483 0.097026 0.018580
15 5 0.121494 0.097026 0.018580
15 6 0.120134 0.097026 0.018580
15 7 0.117518 0.097026 0.018580
15 8 0.115739 0.097026 0.018580
15 9 0.109879 0.097026 0.018580
15 10 0.106216 0.097026 0.018580
15 11 0.103077 0.097026 0.018580
15 12 0.102972 0.097026 0.018580
15 13 0.106530 0.097026 0.018580
15 14 0.104332 0.097026 0.018580
15 15 0.105274 0.097026 0.018580
15 16 0.102030 0.097026 0.018580
15 17 0.096589 0.097026 0.018580
15 18 0.088426 0.097026 0.018580
15 19 0.078589 0.097026 0.018580
15 20 0.071578 0.097026 0.018580
16 0 0.114378 0.097026 0.018580
16 1 0.122122 0.097026 0.018580
16 2 0.124529 0.097026 0.018580
16 3 0.125366 0.097026 0.018580
16 4 0.126622 0.097026 0.018580
16 5 0.125262 0.097026 0.018580
16 6 0.124111 0.097026 0.018580
16 7 0.120134 0.097026 0.018580
16 8 0.118041 0.097026 0.018580
16 9 0.114797 0.097026 0.018580
16 10 0.108832 0.097026 0.018580
16 11 0.106007 0.097026 0.018580
16 12 0.103809 0.097026 0.018580
16 13 0.107472 0.097026 0.018580
16 14 0.104856 0.097026 0.018580
16 15 0.104542 0.097026 0.018580
16 16 0.100042 0.097026 0.018580
16 17 0.090938 0.097026 0.018580
16 18 0.081310 0.097026 0.018580
16 19 0.071683 0.097026 0.018580
16 20 0.063311 0.097026 0.018580
17 0 0.115739 0.097026 0.018580
17 1 0.121285 0.097026 0.018580
17 2 0.124634 0.097026 0.018580
17 3 0.127459 0.097026 0.018580
17 4 0.128296 0.097026 0.018580
17 5 0.126413 0.097026 0.018580
17 6 0.124006 0.097026 0.018580
17 7 0.121913 0.097026 0.018580
17 8 0.118041 0.097026 0.018580
17 9 0.111448 0.097026 0.018580
17 10 0.108100 0.097026 0.018580
17 11 0.103704 0.097026 0.018580
17 12 0.102135 0.097026 0.018580
17 13 0.101298 0.097026 0.018580
17 14 0.098891 0.097026 0.018580
17 15 0.097740 0.097026 0.018580
17 16 0.092612 0.097026 0.018580
17 17 0.085077 0.097026 0.018580
17 18 0.074613 0.097026 0.018580
17 19 0.068439 0.097026 0.018580
17 20 0.062055 0.097026 0.018580
18 0 0.111134 0.097026 0.018580
18 1 0.119297 0.097026 0.018580
18 2 0.123064 0.097026 0.018580
18 3 0.123587 0.097026 0.018580
18 4 0.125785 0.097026 0.018580
18 5 0.124948 0.097026 0.018580
18 6 0.122436 0.097026 0.018580
18 7 0.118669 0.097026 0.018580
18 8 0.112809 0.097026 0.018580
18 9 0.106635 0.097026 0.018580
18 10 0.102763 0.097026 0.018580
18 11 0.099414 0.097026 0.018580
18 12 0.093135 0.097026 0.018580
18 13 0.092507 0.097026 0.018580
18 14 0.090833 0.097026 0.018580
18 15 0.089577 0.097026 0.018580
18 16 0.085287 0.097026 0.018580
18 17 0.076601 0.097026 0.018580
18 18 0.070008 0.097026 0.018580
18 19 0.062788 0.097026 0.018580
18 20 0.057346 0.097026 0.018580
19 0 0.106216 0.097026 0.018580
19 1 0.112285 0.097026 0.018580
19 2 0.116262 0.097026 0.018580
19 3 0.120239 0.097026 0.018580
19 4 0.122855 0.097026 0.018580
19 5 0.122645 0.097026 0.018580
19 6 0.117832 0.097026 0.018580
19 7 0.111239 0.097026 0.018580
19 8 0.104646 0.097026 0.018580
19 9 0.099309 0.097026 0.018580
19 10 0.094705 0.097026 0.018580
19 11 0.089159 0.097026 0.018580
19 12 0.085601 0.097026 0.018580
19 13 0.083298 0.097026 0.018580
19 14 0.081310 0.097026 0.018580
19 15 0.077752 0.097026 0.018580
19 16 0.073880 0.097026 0.018580
19 17 0.068962 0.097026 0.018580
19 18 0.062265 0.097026 0.018580
19 19 0.058497 0.097026 0.018580
19 20 0.054416 0.097026 0.018580
20 0 0.098577 0.097026 0.018580
20 1 0.104856 0.097026 0.018580
20 2 0.106844 0.097026 0.018580
20 3 0.113541 0.097026 0.018580
20 4 0.113227 0.097026 0.018580
20 5 0.113646 0.097026 0.018580
20 6 0.110716 0.097026 0.018580
20 7 0.103495 0.097026 0.018580
20 8 0.095542 0.097026 0.018580
20 9 0.089787 0.097026 0.018580
20 10 0.085705 0.097026 0.018580
20 11 0.083508 0.097026 0.018580
20 12 0.076392 0.097026 0.018580
20 13 0.075450 0.097026 0.018580
20 14 0.073671 0.097026 0.018580
20 15 0.069067 0.097026 0.018580
20 16 0.066450 0.097026 0.018580
20 17 0.060590 0.097026 0.018580
20 18 0.056090 0.097026 0.018580
20 19 0.050126 0.097026 0.018580
20 20 0.048242 0.097026 0.018580
