# contact distance = 20.0 Angstroms
# F = 0.4 kJ/mol

# i j contact_probability mean_contact_probability stddev_contact_probability
0 0 0.070130 0.078451 0.013427
0 1 0.070585 0.078451 0.013427
0 2 0.067707 0.078451 0.013427
0 3 0.065738 0.078451 0.013427
0 4 0.061497 0.078451 0.013427
0 5 0.059679 0.078451 0.013427
0 6 0.058619 0.078451 0.013427
0 7 0.057710 0.078451 0.013427
0 8 0.058770 0.078451 0.013427
0 9 0.061951 0.078451 0.013427
0 10 0.066646 0.078451 0.013427
0 11 0.071342 0.078451 0.013427
0 12 0.076189 0.078451 0.013427
0 13 0.081188 0.078451 0.013427
0 14 0.083611 0.078451 0.013427
0 15 0.086337 0.078451 0.013427
0 16 0.086489 0.078451 0.013427
0 17 0.087701 0.078451 0.013427
0 18 0.086792 0.078451 0.013427
0 19 0.083762 0.078451 0.013427
0 20 0.078007 0.078451 0.013427
1 0 0.071039 0.078451 0.013427
1 1 0.074220 0.078451 0.013427
1 2 0.073614 0.078451 0.013427
1 3 0.070130 0.078451 0.013427
1 4 0.066041 0.078451 0.013427
1 5 0.062708 0.078451 0.013427
1 6 0.061497 0.078451 0.013427
1 7 0.062708 0.078451 0.013427
1 8 0.063163 0.078451 0.013427
1 9 0.066949 0.078451 0.013427
1 10 0.072705 0.078451 0.013427
1 11 0.076492 0.078451 0.013427
1 12 0.080279 0.078451 0.013427
1 13 0.085277 0.078451 0.013427
1 14 0.086943 0.078451 0.013427
1 15 0.089518 0.078451 0.013427
1 16 0.091487 0.078451 0.013427
1 17 0.092548 0.078451 0.013427
1 18 0.089973 0.078451 0.013427
1 19 0.088761 0.078451 0.013427
1 20 0.079218 0.078451 0.013427
2 0 0.074068 0.078451 0.013427
2 1 0.076341 0.078451 0.013427
2 2 0.073917 0.078451 0.013427
2 3 0.071039 0.078451 0.013427
2 4 0.065738 0.078451 0.013427
2 5 0.062860 0.078451 0.013427
2 6 0.064526 0.078451 0.013427
2 7 0.065283 0.078451 0.013427
2 8 0.068767 0.078451 0.013427
2 9 0.071342 0.078451 0.013427
2 10 0.074977 0.078451 0.013427
2 11 0.079824 0.078451 0.013427
2 12 0.084823 0.078451 0.013427
2 13 0.086489 0.078451 0.013427
2 14 0.090730 0.078451 0.013427
2 15 0.091942 0.078451 0.013427
2 16 0.093759 0.078451 0.013427
2 17 0.094214 0.078451 0.013427
2 18 0.094668 0.078451 0.013427
2 19 0.093154 0.078451 0.013427
2 20 0.085580 0.078451 0.013427
3 0 0.072402 0.078451 0.013427
3 1 0.074977 0.078451 0.013427
3 2 0.075280 0.078451 0.013427
3 3 0.071493 0.078451 0.013427
3 4 0.068010 0.078451 0.013427
3 5 0.065132 0.078451 0.013427
3 6 0.066041 0.078451 0.013427
3 7 0.068464 0.078451 0.013427
3 8 0.069070 0.078451 0.013427
3 9 0.071948 0.078451 0.013427
3 10 0.076341 0.078451 0.013427
3 11 0.082702 0.078451 0.013427
3 12 0.087246 0.078451 0.013427
3 13 0.091033 0.078451 0.013427
3 14 0.091639 0.078451 0.013427
3 15 0.093457 0.078451 0.013427
3 16 0.095729 0.078451 0.013427
3 17 0.096334 0.078451 0.013427
3 18 0.095729 0.078451 0.013427
3 19 0.093608 0.078451 0.013427
3 20 0.089518 0.078451 0.013427
4 0 0.066949 0.078451 0.013427
4 1 0.071039 0.078451 0.013427
4 2 0.070585 0.078451 0.013427
4 3 0.071039 0.078451 0.013427
4 4 0.067858 0.078451 0.013427
4 5 0.065586 0.078451 0.013427
4 6 0.065283 0.078451 0.013427
4 7 0.069524 0.078451 0.013427
4 8 0.071039 0.078451 0.013427
4 9 0.072705 0.078451 0.013427
4 10 0.076643 0.078451 0.013427
4 11 0.084217 0.078451 0.013427
4 12 0.085883 0.078451 0.013427
4 13 0.090579 0.078451 0.013427
4 14 0.093305 0.078451 0.013427
4 15 0.094971 0.078451 0.013427
4 16 0.094820 0.078451 0.013427
4 17 0.096183 0.078451 0.013427
4 18 0.094971 0.078451 0.013427
4 19 0.093002 0.078451 0.013427
4 20 0.086792 0.078451 0.013427
5 0 0.066041 0.078451 0.013427
5 1 0.068767 0.078451 0.013427
5 2 0.066949 0.078451 0.013427
5 3 0.069827 0.078451 0.013427
5 4 0.066949 0.078451 0.013427
5 5 0.065132 0.078451 0.013427
5 6 0.065586 0.078451 0.013427
5 7 0.068010 0.078451 0.013427
5 8 0.070736 0.078451 0.013427
5 9 0.075280 0.078451 0.013427
5 10 0.079673 0.078451 0.013427
5 11 0.086035 0.078451 0.013427
5 12 0.089670 0.078451 0.013427
5 13 0.094365 0.078451 0.013427
5 14 0.098304 0.078451 0.013427
5 15 0.099970 0.078451 0.013427
5 16 0.098606 0.078451 0.013427
5 17 0.097546 0.078451 0.013427
5 18 0.094971 0.078451 0.013427
5 19 0.090882 0.078451 0.013427
5 20 0.081188 0.078451 0.013427
6 0 0.066192 0.078451 0.013427
6 1 0.068616 0.078451 0.013427
6 2 0.069221 0.078451 0.013427
6 3 0.066646 0.078451 0.013427
6 4 0.065889 0.078451 0.013427
6 5 0.065738 0.078451 0.013427
6 6 0.065586 0.078451 0.013427
6 7 0.069827 0.078451 0.013427
6 8 0.071948 0.078451 0.013427
6 9 0.078764 0.078451 0.013427
6 10 0.080279 0.078451 0.013427
6 11 0.085429 0.078451 0.013427
6 12 0.089064 0.078451 0.013427
6 13 0.092548 0.078451 0.013427
6 14 0.095123 0.078451 0.013427
6 15 0.098001 0.078451 0.013427
6 16 0.099970 0.078451 0.013427
6 17 0.098304 0.078451 0.013427
6 18 0.091639 0.078451 0.013427
6 19 0.087246 0.078451 0.013427
6 20 0.079370 0.078451 0.013427
7 0 0.065738 0.078451 0.013427
7 1 0.068010 0.078451 0.013427
7 2 0.071342 0.078451 0.013427
7 3 0.067555 0.078451 0.013427
7 4 0.067404 0.078451 0.013427
7 5 0.070282 0.078451 0.013427
7 6 0.068919 0.078451 0.013427
7 7 0.073917 0.078451 0.013427
7 8 0.077249 0.078451 0.013427
7 9 0.079067 0.078451 0.013427
7 10 0.084974 0.078451 0.013427
7 11 0.087398 0.078451 0.013427
7 12 0.088912 0.078451 0.013427
7 13 0.090730 0.078451 0.013427
7 14 0.093002 0.078451 0.013427
7 15 0.095123 0.078451 0.013427
7 16 0.095577 0.078451 0.013427
7 17 0.091790 0.078451 0.013427
7 18 0.089821 0.078451 0.013427
7 19 0.083157 0.078451 0.013427
7 20 0.073917 0.078451 0.013427
8 0 0.064677 0.078451 0.013427
8 1 0.069524 0.078451 0.013427
8 2 0.070130 0.078451 0.013427
8 3 0.069070 0.078451 0.013427
8 4 0.069524 0.078451 0.013427
8 5 0.069676 0.078451 0.013427
8 6 0.072099 0.078451 0.013427
8 7 0.078007 0.078451 0.013427
8 8 0.075886 0.078451 0.013427
8 9 0.081339 0.078451 0.013427
8 10 0.083005 0.078451 0.013427
8 11 0.085883 0.078451 0.013427
8 12 0.087701 0.078451 0.013427
8 13 0.088761 0.078451 0.013427
8 14 0.090882 0.078451 0.013427
8 15 0.090427 0.078451 0.013427
8 16 0.086792 0.078451 0.013427
8 17 0.086489 0.078451 0.013427
8 18 0.081793 0.078451 0.013427
8 19 0.078310 0.078451 0.013427
8 20 0.068919 0.078451 0.013427
9 0 0.067555 0.078451 0.013427
9 1 0.071493 0.078451 0.013427
9 2 0.071948 0.078451 0.013427
9 3 0.071342 0.078451 0.013427
9 4 0.075432 0.078451 0.013427
9 5 0.075735 0.078451 0.013427
9 6 0.077249 0.078451 0.013427
9 7 0.081642 0.078451 0.013427
9 8 0.084368 0.078451 0.013427
9 9 0.084368 0.078451 0.013427
9 10 0.085580 0.078451 0.013427
9 11 0.085883 0.078451 0.013427
9 12 0.085277 0.078451 0.013427
9 13 0.086186 0.078451 0.013427
9 14 0.084974 0.078451 0.013427
9 15 0.086035 0.078451 0.013427
9 16 0.086640 0.078451 0.013427
9 17 0.084823 0.078451 0.013427
9 18 0.078461 0.078451 0.013427
9 19 0.071493 0.078451 0.013427
9 20 0.065889 0.078451 0.013427
10 0 0.068919 0.078451 0.013427
10 1 0.074068 0.078451 0.013427
10 2 0.075129 0.078451 0.013427
10 3 0.076643 0.078451 0.013427
10 4 0.078915 0.078451 0.013427
10 5 0.078310 0.078451 0.013427
10 6 0.077704 0.078451 0.013427
10 7 0.081036 0.078451 0.013427
10 8 0.082248 0.078451 0.013427
10 9 0.085580 0.078451 0.013427
10 10 0.088307 0.078451 0.013427
10 11 0.085883 0.078451 0.013427
10 12 0.084974 0.078451 0.013427
10 13 0.083308 0.078451 0.013427
10 14 0.083157 0.078451 0.013427
10 15 0.083611 0.078451 0.013427
10 16 0.082702 0.078451 0.013427
10 17 0.080127 0.078451 0.013427
10 18 0.072554 0.078451 0.013427
10 19 0.068010 0.078451 0.013427
10 20 0.060133 0.078451 0.013427
11 0 0.073311 0.078451 0.013427
11 1 0.074674 0.078451 0.013427
11 2 0.081339 0.078451 0.013427
11 3 0.082702 0.078451 0.013427
11 4 0.083914 0.078451 0.013427
11 5 0.083762 0.078451 0.013427
11 6 0.082248 0.078451 0.013427
11 7 0.085580 0.078451 0.013427
11 8 0.085580 0.078451 0.013427
11 9 0.087095 0.078451 0.013427
11 10 0.084823 0.078451 0.013427
11 11 0.085580 0.078451 0.013427
11 12 0.084065 0.078451 0.013427
11 13 0.081339 0.078451 0.013427
11 14 0.080885 0.078451 0.013427
11 15 0.082702 0.078451 0.013427
11 16 0.079370 0.078451 0.013427
11 17 0.074977 0.078451 0.013427
11 18 0.071039 0.078451 0.013427
11 19 0.066192 0.078451 0.013427
11 20 0.059224 0.078451 0.013427
12 0 0.074977 0.078451 0.013427
12 1 0.079976 0.078451 0.013427
12 2 0.086337 0.078451 0.013427
12 3 0.088004 0.078451 0.013427
12 4 0.088307 0.078451 0.013427
12 5 0.086337 0.078451 0.013427
12 6 0.084823 0.078451 0.013427
12 7 0.084974 0.078451 0.013427
12 8 0.086640 0.078451 0.013427
12 9 0.086943 0.078451 0.013427
12 10 0.083611 0.078451 0.013427
12 11 0.083308 0.078451 0.013427
12 12 0.082096 0.078451 0.013427
12 13 0.079218 0.078451 0.013427
12 14 0.080127 0.078451 0.013427
12 15 0.077704 0.078451 0.013427
12 16 0.075735 0.078451 0.013427
12 17 0.070585 0.078451 0.013427
12 18 0.066344 0.078451 0.013427
12 19 0.063011 0.078451 0.013427
12 20 0.057710 0.078451 0.013427
13 0 0.083460 0.078451 0.013427
13 1 0.087701 0.078451 0.013427
13 2 0.089670 0.078451 0.013427
13 3 0.093457 0.078451 0.013427
13 4 0.094062 0.078451 0.013427
13 5 0.090730 0.078451 0.013427
13 6 0.087398 0.078451 0.013427
13 7 0.085429 0.078451 0.013427
13 8 0.085429 0.078451 0.013427
13 9 0.084217 0.078451 0.013427
13 10 0.081188 0.078451 0.013427
13 11 0.081945 0.078451 0.013427
13 12 0.080733 0.078451 0.013427
13 13 0.076946 0.078451 0.013427
13 14 0.077704 0.078451 0.013427
13 15 0.076189 0.078451 0.013427
13 16 0.072554 0.078451 0.013427
13 17 0.068767 0.078451 0.013427
13 18 0.065283 0.078451 0.013427
13 19 0.061194 0.078451 0.013427
13 20 0.055286 0.078451 0.013427
14 0 0.086186 0.078451 0.013427
14 1 0.093457 0.078451 0.013427
14 2 0.097395 0.078451 0.013427
14 3 0.095274 0.078451 0.013427
14 4 0.095426 0.078451 0.013427
14 5 0.093002 0.078451 0.013427
14 6 0.092699 0.078451 0.013427
14 7 0.089821 0.078451 0.013427
14 8 0.086792 0.078451 0.013427
14 9 0.084520 0.078451 0.013427
14 10 0.082702 0.078451 0.013427
14 11 0.081793 0.078451 0.013427
14 12 0.080430 0.078451 0.013427
14 13 0.078461 0.078451 0.013427
14 14 0.077249 0.078451 0.013427
14 15 0.070736 0.078451 0.013427
14 16 0.069979 0.078451 0.013427
14 17 0.067707 0.078451 0.013427
14 18 0.063163 0.078451 0.013427
14 19 0.058467 0.078451 0.013427
14 20 0.052408 0.078451 0.013427
15 0 0.089518 0.078451 0.013427
15 1 0.093002 0.078451 0.013427
15 2 0.095880 0.078451 0.013427
15 3 0.098455 0.078451 0.013427
15 4 0.098606 0.078451 0.013427
15 5 0.098304 0.078451 0.013427
15 6 0.099364 0.078451 0.013427
15 7 0.096183 0.078451 0.013427
15 8 0.088458 0.078451 0.013427
15 9 0.086640 0.078451 0.013427
15 10 0.084368 0.078451 0.013427
15 11 0.082096 0.078451 0.013427
15 12 0.081642 0.078451 0.013427
15 13 0.077704 0.078451 0.013427
15 14 0.076795 0.078451 0.013427
15 15 0.073463 0.078451 0.013427
15 16 0.069827 0.078451 0.013427
15 17 0.063769 0.078451 0.013427
15 18 0.061345 0.078451 0.013427
15 19 0.055135 0.078451 0.013427
15 20 0.047258 0.078451 0.013427
16 0 0.092093 0.078451 0.013427
16 1 0.096183 0.078451 0.013427
16 2 0.101484 0.078451 0.013427
16 3 0.102090 0.078451 0.013427
16 4 0.100424 0.078451 0.013427
16 5 0.101787 0.078451 0.013427
16 6 0.099667 0.078451 0.013427
16 7 0.095729 0.078451 0.013427
16 8 0.091487 0.078451 0.013427
16 9 0.088610 0.078451 0.013427
16 10 0.088004 0.078451 0.013427
16 11 0.081036 0.078451 0.013427
16 12 0.077401 0.078451 0.013427
16 13 0.074674 0.078451 0.013427
16 14 0.072705 0.078451 0.013427
16 15 0.071645 0.078451 0.013427
16 16 0.066192 0.078451 0.013427
16 17 0.060436 0.078451 0.013427
16 18 0.056952 0.078451 0.013427
16 19 0.052257 0.078451 0.013427
16 20 0.048470 0.078451 0.013427
17 0 0.093911 0.078451 0.013427
17 1 0.099061 0.078451 0.013427
17 2 0.102696 0.078451 0.013427
17 3 0.101939 0.078451 0.013427
17 4 0.099364 0.078451 0.013427
17 5 0.101333 0.078451 0.013427
17 6 0.097092 0.078451 0.013427
17 7 0.093457 0.078451 0.013427
17 8 0.091790 0.078451 0.013427
17 9 0.089367 0.078451 0.013427
17 10 0.083460 0.078451 0.013427
17 11 0.078764 0.078451 0.013427
17 12 0.072099 0.078451 0.013427
17 13 0.071342 0.078451 0.013427
17 14 0.068010 0.078451 0.013427
17 15 0.065586 0.078451 0.013427
17 16 0.058467 0.078451 0.013427
17 17 0.057861 0.078451 0.013427
17 18 0.051954 0.078451 0.013427
17 19 0.050136 0.078451 0.013427
17 20 0.045895 0.078451 0.013427
18 0 0.091033 0.078451 0.013427
18 1 0.096334 0.078451 0.013427
18 2 0.098909 0.078451 0.013427
18 3 0.101787 0.078451 0.013427
18 4 0.101333 0.078451 0.013427
18 5 0.099364 0.078451 0.013427
18 6 0.097243 0.078451 0.013427
18 7 0.091336 0.078451 0.013427
18 8 0.086186 0.078451 0.013427
18 9 0.082551 0.078451 0.013427
18 10 0.078007 0.078451 0.013427
18 11 0.073766 0.078451 0.013427
18 12 0.068919 0.078451 0.013427
18 13 0.066495 0.078451 0.013427
18 14 0.065132 0.078451 0.013427
18 15 0.059982 0.078451 0.013427
18 16 0.054075 0.078451 0.013427
18 17 0.052408 0.078451 0.013427
18 18 0.049228 0.078451 0.013427
18 19 0.045744 0.078451 0.013427
18 20 0.042866 0.078451 0.013427
19 0 0.090882 0.078451 0.013427
19 1 0.097243 0.078451 0.013427
19 2 0.099364 0.078451 0.013427
19 3 0.101636 0.078451 0.013427
19 4 0.098304 0.078451 0.013427
19 5 0.095577 0.078451 0.013427
19 6 0.092699 0.078451 0.013427
19 7 0.086337 0.078451 0.013427
19 8 0.081036 0.078451 0.013427
19 9 0.077401 0.078451 0.013427
19 10 0.073311 0.078451 0.013427
19 11 0.068464 0.078451 0.013427
19 12 0.063314 0.078451 0.013427
19 13 0.061648 0.078451 0.013427
19 14 0.059376 0.078451 0.013427
19 15 0.056347 0.078451 0.013427
19 16 0.049379 0.078451 0.013427
19 17 0.049228 0.078451 0.013427
19 18 0.047561 0.078451 0.013427
19 19 0.044229 0.078451 0.013427
19 20 0.041048 0.078451 0.013427
20 0 0.089215 0.078451 0.013427
20 1 0.091487 0.078451 0.013427
20 2 0.095123 0.078451 0.013427
20 3 0.093154 0.078451 0.013427
20 4 0.093759 0.078451 0.013427
20 5 0.089518 0.078451 0.013427
20 6 0.084520 0.078451 0.013427
20 7 0.077704 0.078451 0.013427
20 8 0.074523 0.078451 0.013427
20 9 0.071645 0.078451 0.013427
20 10 0.066798 0.078451 0.013427
20 11 0.061345 0.078451 0.013427
20 12 0.060285 0.078451 0.013427
20 13 0.058164 0.078451 0.013427
20 14 0.054983 0.078451 0.013427
20 15 0.051954 0.078451 0.013427
20 16 0.047864 0.078451 0.013427
20 17 0.048167 0.078451 0.013427
20 18 0.046804 0.078451 0.013427
20 19 0.042260 0.078451 0.013427
20 20 0.040291 0.078451 0.013427
