# contact distance = 20.0 Angstroms
# F = 0.4 kJ/mol

# i j contact_probability mean_contact_probability stddev_contact_probability
0 0 0.058921 0.080483 0.016466
0 1 0.056535 0.080483 0.016466
0 2 0.054148 0.080483 0.016466
0 3 0.056535 0.080483 0.016466
0 4 0.055617 0.080483 0.016466
0 5 0.055984 0.080483 0.016466
0 6 0.054515 0.080483 0.016466
0 7 0.058921 0.080483 0.016466
0 8 0.061674 0.080483 0.016466
0 9 0.063326 0.080483 0.016466
0 10 0.064611 0.080483 0.016466
0 11 0.067915 0.080483 0.016466
0 12 0.073789 0.080483 0.016466
0 13 0.074706 0.080483 0.016466
0 14 0.079662 0.080483 0.016466
0 15 0.080396 0.080483 0.016466
0 16 0.083517 0.080483 0.016466
0 17 0.087555 0.080483 0.016466
0 18 0.086637 0.080483 0.016466
0 19 0.089758 0.080483 0.016466
0 20 0.086270 0.080483 0.016466
1 0 0.059471 0.080483 0.016466
1 1 0.055984 0.080483 0.016466
1 2 0.056167 0.080483 0.016466
1 3 0.053965 0.080483 0.016466
1 4 0.055250 0.080483 0.016466
1 5 0.058737 0.080483 0.016466
1 6 0.058186 0.080483 0.016466
1 7 0.062225 0.080483 0.016466
1 8 0.064060 0.080483 0.016466
1 9 0.066446 0.080483 0.016466
1 10 0.070668 0.080483 0.016466
1 11 0.072137 0.080483 0.016466
1 12 0.077643 0.080483 0.016466
1 13 0.080580 0.080483 0.016466
1 14 0.084985 0.080483 0.016466
1 15 0.086454 0.080483 0.016466
1 16 0.090859 0.080483 0.016466
1 17 0.092511 0.080483 0.016466
1 18 0.093245 0.080483 0.016466
1 19 0.093979 0.080483 0.016466
1 20 0.091960 0.080483 0.016466
2 0 0.056902 0.080483 0.016466
2 1 0.054699 0.080483 0.016466
2 2 0.052313 0.080483 0.016466
2 3 0.053231 0.080483 0.016466
2 4 0.053047 0.080483 0.016466
2 5 0.057636 0.080483 0.016466
2 6 0.058370 0.080483 0.016466
2 7 0.063693 0.080483 0.016466
2 8 0.067915 0.080483 0.016466
2 9 0.069383 0.080483 0.016466
2 10 0.073605 0.080483 0.016466
2 11 0.075624 0.080483 0.016466
2 12 0.082232 0.080483 0.016466
2 13 0.085169 0.080483 0.016466
2 14 0.089758 0.080483 0.016466
2 15 0.092511 0.080483 0.016466
2 16 0.098385 0.080483 0.016466
2 17 0.099302 0.080483 0.016466
2 18 0.099853 0.080483 0.016466
2 19 0.097467 0.080483 0.016466
2 20 0.095081 0.080483 0.016466
3 0 0.055433 0.080483 0.016466
3 1 0.053047 0.080483 0.016466
3 2 0.051762 0.080483 0.016466
3 3 0.054515 0.080483 0.016466
3 4 0.053414 0.080483 0.016466
3 5 0.054515 0.080483 0.016466
3 6 0.055800 0.080483 0.016466
3 7 0.061307 0.080483 0.016466
3 8 0.068649 0.080483 0.016466
3 9 0.070485 0.080483 0.016466
3 10 0.076542 0.080483 0.016466
3 11 0.081865 0.080483 0.016466
3 12 0.087922 0.080483 0.016466
3 13 0.088106 0.080483 0.016466
3 14 0.094163 0.080483 0.016466
3 15 0.096366 0.080483 0.016466
3 16 0.100220 0.080483 0.016466
3 17 0.101505 0.080483 0.016466
3 18 0.101505 0.080483 0.016466
3 19 0.097834 0.080483 0.016466
3 20 0.096182 0.080483 0.016466
4 0 0.055617 0.080483 0.016466
4 1 0.054699 0.080483 0.016466
4 2 0.051579 0.080483 0.016466
4 3 0.053598 0.080483 0.016466
4 4 0.050844 0.080483 0.016466
4 5 0.054148 0.080483 0.016466
4 6 0.060940 0.080483 0.016466
4 7 0.064427 0.080483 0.016466
4 8 0.071219 0.080483 0.016466
4 9 0.075808 0.080483 0.016466
4 10 0.079112 0.080483 0.016466
4 11 0.083884 0.080483 0.016466
4 12 0.089207 0.080483 0.016466
4 13 0.091960 0.080483 0.016466
4 14 0.098385 0.080483 0.016466
4 15 0.101505 0.080483 0.016466
4 16 0.102790 0.080483 0.016466
4 17 0.103708 0.080483 0.016466
4 18 0.103708 0.080483 0.016466
4 19 0.100587 0.080483 0.016466
4 20 0.098935 0.080483 0.016466
5 0 0.054883 0.080483 0.016466
5 1 0.055250 0.080483 0.016466
5 2 0.053047 0.080483 0.016466
5 3 0.052496 0.080483 0.016466
5 4 0.056351 0.080483 0.016466
5 5 0.057452 0.080483 0.016466
5 6 0.065896 0.080483 0.016466
5 7 0.066814 0.080483 0.016466
5 8 0.075624 0.080483 0.016466
5 9 0.081131 0.080483 0.016466
5 10 0.082599 0.080483 0.016466
5 11 0.084435 0.080483 0.016466
5 12 0.089574 0.080483 0.016466
5 13 0.093062 0.080483 0.016466
5 14 0.097467 0.080483 0.016466
5 15 0.101505 0.080483 0.016466
5 16 0.101689 0.080483 0.016466
5 17 0.102974 0.080483 0.016466
5 18 0.102790 0.080483 0.016466
5 19 0.097834 0.080483 0.016466
5 20 0.096733 0.080483 0.016466
6 0 0.053231 0.080483 0.016466
6 1 0.055250 0.080483 0.016466
6 2 0.057636 0.080483 0.016466
6 3 0.056902 0.080483 0.016466
6 4 0.059104 0.080483 0.016466
6 5 0.060756 0.080483 0.016466
6 6 0.068649 0.080483 0.016466
6 7 0.071402 0.080483 0.016466
6 8 0.074706 0.080483 0.016466
6 9 0.081865 0.080483 0.016466
6 10 0.083700 0.080483 0.016466
6 11 0.090308 0.080483 0.016466
6 12 0.092695 0.080483 0.016466
6 13 0.093245 0.080483 0.016466
6 14 0.095815 0.080483 0.016466
6 15 0.098201 0.080483 0.016466
6 16 0.101138 0.080483 0.016466
6 17 0.099119 0.080483 0.016466
6 18 0.099853 0.080483 0.016466
6 19 0.095815 0.080483 0.016466
6 20 0.092511 0.080483 0.016466
7 0 0.055800 0.080483 0.016466
7 1 0.057452 0.080483 0.016466
7 2 0.060389 0.080483 0.016466
7 3 0.058737 0.080483 0.016466
7 4 0.062225 0.080483 0.016466
7 5 0.066446 0.080483 0.016466
7 6 0.072137 0.080483 0.016466
7 7 0.075991 0.080483 0.016466
7 8 0.078377 0.080483 0.016466
7 9 0.084435 0.080483 0.016466
7 10 0.089941 0.080483 0.016466
7 11 0.092695 0.080483 0.016466
7 12 0.095264 0.080483 0.016466
7 13 0.092327 0.080483 0.016466
7 14 0.099119 0.080483 0.016466
7 15 0.097834 0.080483 0.016466
7 16 0.099119 0.080483 0.016466
7 17 0.098018 0.080483 0.016466
7 18 0.098935 0.080483 0.016466
7 19 0.095264 0.080483 0.016466
7 20 0.091410 0.080483 0.016466
8 0 0.056902 0.080483 0.016466
8 1 0.060756 0.080483 0.016466
8 2 0.062592 0.080483 0.016466
8 3 0.062959 0.080483 0.016466
8 4 0.064611 0.080483 0.016466
8 5 0.068282 0.080483 0.016466
8 6 0.074706 0.080483 0.016466
8 7 0.079112 0.080483 0.016466
8 8 0.082232 0.080483 0.016466
8 9 0.089207 0.080483 0.016466
8 10 0.089758 0.080483 0.016466
8 11 0.093979 0.080483 0.016466
8 12 0.093979 0.080483 0.016466
8 13 0.093796 0.080483 0.016466
8 14 0.093796 0.080483 0.016466
8 15 0.096366 0.080483 0.016466
8 16 0.096366 0.080483 0.016466
8 17 0.096916 0.080483 0.016466
8 18 0.095081 0.080483 0.016466
8 19 0.092878 0.080483 0.016466
8 20 0.088106 0.080483 0.016466
9 0 0.060389 0.080483 0.016466
9 1 0.063510 0.080483 0.016466
9 2 0.067181 0.080483 0.016466
9 3 0.069200 0.080483 0.016466
9 4 0.070485 0.080483 0.016466
9 5 0.072871 0.080483 0.016466
9 6 0.078561 0.080483 0.016466
9 7 0.080947 0.080483 0.016466
9 8 0.085720 0.080483 0.016466
9 9 0.091960 0.080483 0.016466
9 10 0.093612 0.080483 0.016466
9 11 0.092878 0.080483 0.016466
9 12 0.094163 0.080483 0.016466
9 13 0.094897 0.080483 0.016466
9 14 0.093062 0.080483 0.016466
9 15 0.093612 0.080483 0.016466
9 16 0.091226 0.080483 0.016466
9 17 0.095081 0.080483 0.016466
9 18 0.091777 0.080483 0.016466
9 19 0.089758 0.080483 0.016466
9 20 0.085720 0.080483 0.016466
10 0 0.062408 0.080483 0.016466
10 1 0.067364 0.080483 0.016466
10 2 0.069567 0.080483 0.016466
10 3 0.072137 0.080483 0.016466
10 4 0.076542 0.080483 0.016466
10 5 0.079662 0.080483 0.016466
10 6 0.081865 0.080483 0.016466
10 7 0.086454 0.080483 0.016466
10 8 0.087555 0.080483 0.016466
10 9 0.092327 0.080483 0.016466
10 10 0.093796 0.080483 0.016466
10 11 0.094897 0.080483 0.016466
10 12 0.091226 0.080483 0.016466
10 13 0.091777 0.080483 0.016466
10 14 0.091043 0.080483 0.016466
10 15 0.091410 0.080483 0.016466
10 16 0.088656 0.080483 0.016466
10 17 0.087922 0.080483 0.016466
10 18 0.085720 0.080483 0.016466
10 19 0.083150 0.080483 0.016466
10 20 0.079295 0.080483 0.016466
11 0 0.067915 0.080483 0.016466
11 1 0.070668 0.080483 0.016466
11 2 0.076175 0.080483 0.016466
11 3 0.079295 0.080483 0.016466
11 4 0.084251 0.080483 0.016466
11 5 0.088106 0.080483 0.016466
11 6 0.087004 0.080483 0.016466
11 7 0.090859 0.080483 0.016466
11 8 0.090308 0.080483 0.016466
11 9 0.094714 0.080483 0.016466
11 10 0.092327 0.080483 0.016466
11 11 0.092878 0.080483 0.016466
11 12 0.091593 0.080483 0.016466
11 13 0.089941 0.080483 0.016466
11 14 0.086270 0.080483 0.016466
11 15 0.085903 0.080483 0.016466
11 16 0.086270 0.080483 0.016466
11 17 0.084618 0.080483 0.016466
11 18 0.079112 0.080483 0.016466
11 19 0.076358 0.080483 0.016466
11 20 0.073238 0.080483 0.016466
12 0 0.069750 0.080483 0.016466
12 1 0.072687 0.080483 0.016466
12 2 0.078744 0.080483 0.016466
12 3 0.085352 0.080483 0.016466
12 4 0.091043 0.080483 0.016466
12 5 0.094347 0.080483 0.016466
12 6 0.093062 0.080483 0.016466
12 7 0.094163 0.080483 0.016466
12 8 0.093429 0.080483 0.016466
12 9 0.094714 0.080483 0.016466
12 10 0.092695 0.080483 0.016466
12 11 0.087739 0.080483 0.016466
12 12 0.089758 0.080483 0.016466
12 13 0.086637 0.080483 0.016466
12 14 0.085903 0.080483 0.016466
12 15 0.081681 0.080483 0.016466
12 16 0.079846 0.080483 0.016466
12 17 0.078194 0.080483 0.016466
12 18 0.073972 0.080483 0.016466
12 19 0.070852 0.080483 0.016466
12 20 0.066446 0.080483 0.016466
13 0 0.073789 0.080483 0.016466
13 1 0.080213 0.080483 0.016466
13 2 0.085536 0.080483 0.016466
13 3 0.090859 0.080483 0.016466
13 4 0.095815 0.080483 0.016466
13 5 0.098018 0.080483 0.016466
13 6 0.097467 0.080483 0.016466
13 7 0.097834 0.080483 0.016466
13 8 0.096733 0.080483 0.016466
13 9 0.097651 0.080483 0.016466
13 10 0.094714 0.080483 0.016466
13 11 0.091043 0.080483 0.016466
13 12 0.088656 0.080483 0.016466
13 13 0.083700 0.080483 0.016466
13 14 0.082416 0.080483 0.016466
13 15 0.081131 0.080483 0.016466
13 16 0.077827 0.080483 0.016466
13 17 0.072504 0.080483 0.016466
13 18 0.070485 0.080483 0.016466
13 19 0.066997 0.080483 0.016466
13 20 0.065529 0.080483 0.016466
14 0 0.078010 0.080483 0.016466
14 1 0.083884 0.080483 0.016466
14 2 0.090308 0.080483 0.016466
14 3 0.095999 0.080483 0.016466
14 4 0.099302 0.080483 0.016466
14 5 0.100587 0.080483 0.016466
14 6 0.099853 0.080483 0.016466
14 7 0.100404 0.080483 0.016466
14 8 0.098935 0.080483 0.016466
14 9 0.097283 0.080483 0.016466
14 10 0.093796 0.080483 0.016466
14 11 0.090125 0.080483 0.016466
14 12 0.086087 0.080483 0.016466
14 13 0.084251 0.080483 0.016466
14 14 0.077643 0.080483 0.016466
14 15 0.076725 0.080483 0.016466
14 16 0.071402 0.080483 0.016466
14 17 0.070485 0.080483 0.016466
14 18 0.066263 0.080483 0.016466
14 19 0.064611 0.080483 0.016466
14 20 0.061123 0.080483 0.016466
15 0 0.082416 0.080483 0.016466
15 1 0.086454 0.080483 0.016466
15 2 0.093429 0.080483 0.016466
15 3 0.096182 0.080483 0.016466
15 4 0.100220 0.080483 0.016466
15 5 0.102790 0.080483 0.016466
15 6 0.099302 0.080483 0.016466
15 7 0.100954 0.080483 0.016466
15 8 0.099853 0.080483 0.016466
15 9 0.101138 0.080483 0.016466
15 10 0.093612 0.080483 0.016466
15 11 0.090859 0.080483 0.016466
15 12 0.086270 0.080483 0.016466
15 13 0.081681 0.080483 0.016466
15 14 0.075257 0.080483 0.016466
15 15 0.070668 0.080483 0.016466
15 16 0.067915 0.080483 0.016466
15 17 0.067364 0.080483 0.016466
15 18 0.062041 0.080483 0.016466
15 19 0.058370 0.080483 0.016466
15 20 0.055433 0.080483 0.016466
16 0 0.084985 0.080483 0.016466
16 1 0.091043 0.080483 0.016466
16 2 0.094347 0.080483 0.016466
16 3 0.096366 0.080483 0.016466
16 4 0.102606 0.080483 0.016466
16 5 0.103341 0.080483 0.016466
16 6 0.101138 0.080483 0.016466
16 7 0.104258 0.080483 0.016466
16 8 0.101872 0.080483 0.016466
16 9 0.099486 0.080483 0.016466
16 10 0.096366 0.080483 0.016466
16 11 0.091960 0.080483 0.016466
16 12 0.084251 0.080483 0.016466
16 13 0.076909 0.080483 0.016466
16 14 0.070668 0.080483 0.016466
16 15 0.067181 0.080483 0.016466
16 16 0.060756 0.080483 0.016466
16 17 0.060206 0.080483 0.016466
16 18 0.056351 0.080483 0.016466
16 19 0.054148 0.080483 0.016466
16 20 0.052129 0.080483 0.016466
17 0 0.085720 0.080483 0.016466
17 1 0.092511 0.080483 0.016466
17 2 0.097100 0.080483 0.016466
17 3 0.100587 0.080483 0.016466
17 4 0.104258 0.080483 0.016466
17 5 0.105543 0.080483 0.016466
17 6 0.101872 0.080483 0.016466
17 7 0.104442 0.080483 0.016466
17 8 0.102056 0.080483 0.016466
17 9 0.097651 0.080483 0.016466
17 10 0.090308 0.080483 0.016466
17 11 0.088473 0.080483 0.016466
17 12 0.080764 0.080483 0.016466
17 13 0.075257 0.080483 0.016466
17 14 0.069383 0.080483 0.016466
17 15 0.064244 0.080483 0.016466
17 16 0.056902 0.080483 0.016466
17 17 0.056902 0.080483 0.016466
17 18 0.052863 0.080483 0.016466
17 19 0.050294 0.080483 0.016466
17 20 0.047907 0.080483 0.016466
18 0 0.087004 0.080483 0.016466
18 1 0.093612 0.080483 0.016466
18 2 0.099302 0.080483 0.016466
18 3 0.105360 0.080483 0.016466
18 4 0.105360 0.080483 0.016466
18 5 0.103708 0.080483 0.016466
18 6 0.102239 0.080483 0.016466
18 7 0.103708 0.080483 0.016466
18 8 0.101505 0.080483 0.016466
18 9 0.096182 0.080483 0.016466
18 10 0.093612 0.080483 0.016466
18 11 0.086087 0.080483 0.016466
18 12 0.079479 0.080483 0.016466
18 13 0.077643 0.080483 0.016466
18 14 0.068282 0.080483 0.016466
18 15 0.061307 0.080483 0.016466
18 16 0.057636 0.080483 0.016466
18 17 0.054699 0.080483 0.016466
18 18 0.051028 0.080483 0.016466
18 19 0.048275 0.080483 0.016466
18 20 0.048458 0.080483 0.016466
19 0 0.087004 0.080483 0.016466
19 1 0.092144 0.080483 0.016466
19 2 0.096916 0.080483 0.016466
19 3 0.102239 0.080483 0.016466
19 4 0.104993 0.080483 0.016466
19 5 0.106278 0.080483 0.016466
19 6 0.101872 0.080483 0.016466
19 7 0.102056 0.080483 0.016466
19 8 0.097651 0.080483 0.016466
19 9 0.092878 0.080483 0.016466
19 10 0.087004 0.080483 0.016466
19 11 0.081314 0.080483 0.016466
19 12 0.076358 0.080483 0.016466
19 13 0.072871 0.080483 0.016466
19 14 0.066446 0.080483 0.016466
19 15 0.058737 0.080483 0.016466
19 16 0.053965 0.080483 0.016466
19 17 0.053414 0.080483 0.016466
19 18 0.049009 0.080483 0.016466
19 19 0.046990 0.080483 0.016466
19 20 0.048091 0.080483 0.016466
20 0 0.085720 0.080483 0.016466
20 1 0.090675 0.080483 0.016466
20 2 0.093979 0.080483 0.016466
20 3 0.100954 0.080483 0.016466
20 4 0.102056 0.080483 0.016466
20 5 0.101689 0.080483 0.016466
20 6 0.097834 0.080483 0.016466
20 7 0.095999 0.080483 0.016466
20 8 0.095081 0.080483 0.016466
20 9 0.088840 0.080483 0.016466
20 10 0.083517 0.080483 0.016466
20 11 0.077827 0.080483 0.016466
20 12 0.071953 0.080483 0.016466
20 13 0.070117 0.080483 0.016466
20 14 0.062225 0.080483 0.016466
20 15 0.057452 0.080483 0.016466
20 16 0.053598 0.080483 0.016466
20 17 0.049927 0.080483 0.016466
20 18 0.045888 0.080483 0.016466
20 19 0.049009 0.080483 0.016466
20 20 0.045888 0.080483 0.016466
