# contact distance = 20.0 Angstroms
# F = 0.4 kJ/mol

# i j contact_probability mean_contact_probability stddev_contact_probability
0 0 0.064623 0.079438 0.015331
0 1 0.064256 0.079438 0.015331
0 2 0.065541 0.079438 0.015331
0 3 0.060033 0.079438 0.015331
0 4 0.056912 0.079438 0.015331
0 5 0.051037 0.079438 0.015331
0 6 0.049018 0.079438 0.015331
0 7 0.049385 0.079438 0.015331
0 8 0.049569 0.079438 0.015331
0 9 0.055994 0.079438 0.015331
0 10 0.063888 0.079438 0.015331
0 11 0.068111 0.079438 0.015331
0 12 0.071599 0.079438 0.015331
0 13 0.076556 0.079438 0.015331
0 14 0.083899 0.079438 0.015331
0 15 0.087755 0.079438 0.015331
0 16 0.092712 0.079438 0.015331
0 17 0.095098 0.079438 0.015331
0 18 0.090876 0.079438 0.015331
0 19 0.087020 0.079438 0.015331
0 20 0.080228 0.079438 0.015331
1 0 0.063705 0.079438 0.015331
1 1 0.064072 0.079438 0.015331
1 2 0.064806 0.079438 0.015331
1 3 0.063521 0.079438 0.015331
1 4 0.058197 0.079438 0.015331
1 5 0.054158 0.079438 0.015331
1 6 0.055994 0.079438 0.015331
1 7 0.056728 0.079438 0.015331
1 8 0.055260 0.079438 0.015331
1 9 0.059666 0.079438 0.015331
1 10 0.066642 0.079438 0.015331
1 11 0.071048 0.079438 0.015331
1 12 0.073251 0.079438 0.015331
1 13 0.080228 0.079438 0.015331
1 14 0.087388 0.079438 0.015331
1 15 0.095282 0.079438 0.015331
1 16 0.095833 0.079438 0.015331
1 17 0.097668 0.079438 0.015331
1 18 0.093813 0.079438 0.015331
1 19 0.091243 0.079438 0.015331
1 20 0.082431 0.079438 0.015331
2 0 0.065724 0.079438 0.015331
2 1 0.065173 0.079438 0.015331
2 2 0.062236 0.079438 0.015331
2 3 0.061135 0.079438 0.015331
2 4 0.058014 0.079438 0.015331
2 5 0.055811 0.079438 0.015331
2 6 0.053975 0.079438 0.015331
2 7 0.053791 0.079438 0.015331
2 8 0.055994 0.079438 0.015331
2 9 0.057096 0.079438 0.015331
2 10 0.064623 0.079438 0.015331
2 11 0.071966 0.079438 0.015331
2 12 0.077107 0.079438 0.015331
2 13 0.085368 0.079438 0.015331
2 14 0.091426 0.079438 0.015331
2 15 0.094731 0.079438 0.015331
2 16 0.098403 0.079438 0.015331
2 17 0.098219 0.079438 0.015331
2 18 0.096016 0.079438 0.015331
2 19 0.094915 0.079438 0.015331
2 20 0.087755 0.079438 0.015331
3 0 0.062053 0.079438 0.015331
3 1 0.060951 0.079438 0.015331
3 2 0.063338 0.079438 0.015331
3 3 0.059666 0.079438 0.015331
3 4 0.055811 0.079438 0.015331
3 5 0.053607 0.079438 0.015331
3 6 0.055443 0.079438 0.015331
3 7 0.055994 0.079438 0.015331
3 8 0.055260 0.079438 0.015331
3 9 0.060033 0.079438 0.015331
3 10 0.065724 0.079438 0.015331
3 11 0.072701 0.079438 0.015331
3 12 0.080044 0.079438 0.015331
3 13 0.086470 0.079438 0.015331
3 14 0.091794 0.079438 0.015331
3 15 0.098036 0.079438 0.015331
3 16 0.100606 0.079438 0.015331
3 17 0.099688 0.079438 0.015331
3 18 0.097118 0.079438 0.015331
3 19 0.095282 0.079438 0.015331
3 20 0.091059 0.079438 0.015331
4 0 0.060400 0.079438 0.015331
4 1 0.062970 0.079438 0.015331
4 2 0.062787 0.079438 0.015331
4 3 0.061869 0.079438 0.015331
4 4 0.057096 0.079438 0.015331
4 5 0.055260 0.079438 0.015331
4 6 0.056178 0.079438 0.015331
4 7 0.053791 0.079438 0.015331
4 8 0.056728 0.079438 0.015331
4 9 0.064439 0.079438 0.015331
4 10 0.066642 0.079438 0.015331
4 11 0.073619 0.079438 0.015331
4 12 0.080228 0.079438 0.015331
4 13 0.085552 0.079438 0.015331
4 14 0.093813 0.079438 0.015331
4 15 0.096016 0.079438 0.015331
4 16 0.098219 0.079438 0.015331
4 17 0.098219 0.079438 0.015331
4 18 0.095465 0.079438 0.015331
4 19 0.095098 0.079438 0.015331
4 20 0.088856 0.079438 0.015331
5 0 0.054342 0.079438 0.015331
5 1 0.057646 0.079438 0.015331
5 2 0.058014 0.079438 0.015331
5 3 0.060217 0.079438 0.015331
5 4 0.058381 0.079438 0.015331
5 5 0.054342 0.079438 0.015331
5 6 0.053057 0.079438 0.015331
5 7 0.055994 0.079438 0.015331
5 8 0.057830 0.079438 0.015331
5 9 0.063521 0.079438 0.015331
5 10 0.067744 0.079438 0.015331
5 11 0.072701 0.079438 0.015331
5 12 0.079126 0.079438 0.015331
5 13 0.085735 0.079438 0.015331
5 14 0.091059 0.079438 0.015331
5 15 0.093813 0.079438 0.015331
5 16 0.096200 0.079438 0.015331
5 17 0.097668 0.079438 0.015331
5 18 0.094547 0.079438 0.015331
5 19 0.094547 0.079438 0.015331
5 20 0.087204 0.079438 0.015331
6 0 0.053057 0.079438 0.015331
6 1 0.053240 0.079438 0.015331
6 2 0.054893 0.079438 0.015331
6 3 0.055260 0.079438 0.015331
6 4 0.055994 0.079438 0.015331
6 5 0.055260 0.079438 0.015331
6 6 0.055811 0.079438 0.015331
6 7 0.055811 0.079438 0.015331
6 8 0.060400 0.079438 0.015331
6 9 0.065357 0.079438 0.015331
6 10 0.067009 0.079438 0.015331
6 11 0.075822 0.079438 0.015331
6 12 0.079310 0.079438 0.015331
6 13 0.086102 0.079438 0.015331
6 14 0.091059 0.079438 0.015331
6 15 0.093446 0.079438 0.015331
6 16 0.095649 0.079438 0.015331
6 17 0.096751 0.079438 0.015331
6 18 0.095465 0.079438 0.015331
6 19 0.091794 0.079438 0.015331
6 20 0.083349 0.079438 0.015331
7 0 0.050119 0.079438 0.015331
7 1 0.055076 0.079438 0.015331
7 2 0.056728 0.079438 0.015331
7 3 0.055076 0.079438 0.015331
7 4 0.055443 0.079438 0.015331
7 5 0.055994 0.079438 0.015331
7 6 0.055076 0.079438 0.015331
7 7 0.056912 0.079438 0.015331
7 8 0.061135 0.079438 0.015331
7 9 0.067009 0.079438 0.015331
7 10 0.069212 0.079438 0.015331
7 11 0.075454 0.079438 0.015331
7 12 0.079677 0.079438 0.015331
7 13 0.082798 0.079438 0.015331
7 14 0.086837 0.079438 0.015331
7 15 0.093262 0.079438 0.015331
7 16 0.095465 0.079438 0.015331
7 17 0.093630 0.079438 0.015331
7 18 0.091794 0.079438 0.015331
7 19 0.088305 0.079438 0.015331
7 20 0.076189 0.079438 0.015331
8 0 0.052139 0.079438 0.015331
8 1 0.054342 0.079438 0.015331
8 2 0.056912 0.079438 0.015331
8 3 0.056545 0.079438 0.015331
8 4 0.057096 0.079438 0.015331
8 5 0.055811 0.079438 0.015331
8 6 0.058381 0.079438 0.015331
8 7 0.059849 0.079438 0.015331
8 8 0.063338 0.079438 0.015331
8 9 0.070130 0.079438 0.015331
8 10 0.071783 0.079438 0.015331
8 11 0.078759 0.079438 0.015331
8 12 0.082431 0.079438 0.015331
8 13 0.082798 0.079438 0.015331
8 14 0.088673 0.079438 0.015331
8 15 0.092712 0.079438 0.015331
8 16 0.092712 0.079438 0.015331
8 17 0.091977 0.079438 0.015331
8 18 0.089407 0.079438 0.015331
8 19 0.081696 0.079438 0.015331
8 20 0.074720 0.079438 0.015331
9 0 0.056545 0.079438 0.015331
9 1 0.058748 0.079438 0.015331
9 2 0.061502 0.079438 0.015331
9 3 0.060033 0.079438 0.015331
9 4 0.059849 0.079438 0.015331
9 5 0.063338 0.079438 0.015331
9 6 0.059849 0.079438 0.015331
9 7 0.062970 0.079438 0.015331
9 8 0.066826 0.079438 0.015331
9 9 0.071599 0.079438 0.015331
9 10 0.074536 0.079438 0.015331
9 11 0.079310 0.079438 0.015331
9 12 0.080411 0.079438 0.015331
9 13 0.083716 0.079438 0.015331
9 14 0.089591 0.079438 0.015331
9 15 0.091243 0.079438 0.015331
9 16 0.091426 0.079438 0.015331
9 17 0.087204 0.079438 0.015331
9 18 0.084083 0.079438 0.015331
9 19 0.078025 0.079438 0.015331
9 20 0.069763 0.079438 0.015331
10 0 0.057830 0.079438 0.015331
10 1 0.061135 0.079438 0.015331
10 2 0.065724 0.079438 0.015331
10 3 0.065357 0.079438 0.015331
10 4 0.064623 0.079438 0.015331
10 5 0.063154 0.079438 0.015331
10 6 0.064256 0.079438 0.015331
10 7 0.067009 0.079438 0.015331
10 8 0.069396 0.079438 0.015331
10 9 0.073435 0.079438 0.015331
10 10 0.076556 0.079438 0.015331
10 11 0.079677 0.079438 0.015331
10 12 0.080228 0.079438 0.015331
10 13 0.085919 0.079438 0.015331
10 14 0.087388 0.079438 0.015331
10 15 0.088122 0.079438 0.015331
10 16 0.085919 0.079438 0.015331
10 17 0.082981 0.079438 0.015331
10 18 0.078392 0.079438 0.015331
10 19 0.073435 0.079438 0.015331
10 20 0.066275 0.079438 0.015331
11 0 0.063154 0.079438 0.015331
11 1 0.065724 0.079438 0.015331
11 2 0.069396 0.079438 0.015331
11 3 0.069580 0.079438 0.015331
11 4 0.069580 0.079438 0.015331
11 5 0.070130 0.079438 0.015331
11 6 0.070865 0.079438 0.015331
11 7 0.074720 0.079438 0.015331
11 8 0.076372 0.079438 0.015331
11 9 0.078575 0.079438 0.015331
11 10 0.081513 0.079438 0.015331
11 11 0.081329 0.079438 0.015331
11 12 0.086653 0.079438 0.015331
11 13 0.085368 0.079438 0.015331
11 14 0.089407 0.079438 0.015331
11 15 0.089223 0.079438 0.015331
11 16 0.087938 0.079438 0.015331
11 17 0.083716 0.079438 0.015331
11 18 0.078759 0.079438 0.015331
11 19 0.074169 0.079438 0.015331
11 20 0.066275 0.079438 0.015331
12 0 0.067744 0.079438 0.015331
12 1 0.073068 0.079438 0.015331
12 2 0.075271 0.079438 0.015331
12 3 0.077474 0.079438 0.015331
12 4 0.079310 0.079438 0.015331
12 5 0.077290 0.079438 0.015331
12 6 0.078943 0.079438 0.015331
12 7 0.081329 0.079438 0.015331
12 8 0.081329 0.079438 0.015331
12 9 0.086653 0.079438 0.015331
12 10 0.088122 0.079438 0.015331
12 11 0.087938 0.079438 0.015331
12 12 0.088305 0.079438 0.015331
12 13 0.089774 0.079438 0.015331
12 14 0.089040 0.079438 0.015331
12 15 0.089774 0.079438 0.015331
12 16 0.087755 0.079438 0.015331
12 17 0.087020 0.079438 0.015331
12 18 0.081329 0.079438 0.015331
12 19 0.073068 0.079438 0.015331
12 20 0.067009 0.079438 0.015331
13 0 0.073986 0.079438 0.015331
13 1 0.078575 0.079438 0.015331
13 2 0.084634 0.079438 0.015331
13 3 0.086653 0.079438 0.015331
13 4 0.086837 0.079438 0.015331
13 5 0.087020 0.079438 0.015331
13 6 0.083899 0.079438 0.015331
13 7 0.085368 0.079438 0.015331
13 8 0.085185 0.079438 0.015331
13 9 0.090509 0.079438 0.015331
13 10 0.090692 0.079438 0.015331
13 11 0.091610 0.079438 0.015331
13 12 0.091059 0.079438 0.015331
13 13 0.091977 0.079438 0.015331
13 14 0.093079 0.079438 0.015331
13 15 0.093630 0.079438 0.015331
13 16 0.093997 0.079438 0.015331
13 17 0.089958 0.079438 0.015331
13 18 0.086286 0.079438 0.015331
13 19 0.077107 0.079438 0.015331
13 20 0.067560 0.079438 0.015331
14 0 0.082614 0.079438 0.015331
14 1 0.087020 0.079438 0.015331
14 2 0.090876 0.079438 0.015331
14 3 0.095282 0.079438 0.015331
14 4 0.095465 0.079438 0.015331
14 5 0.094364 0.079438 0.015331
14 6 0.090325 0.079438 0.015331
14 7 0.089591 0.079438 0.015331
14 8 0.090509 0.079438 0.015331
14 9 0.093446 0.079438 0.015331
14 10 0.091977 0.079438 0.015331
14 11 0.093446 0.079438 0.015331
14 12 0.094915 0.079438 0.015331
14 13 0.095465 0.079438 0.015331
14 14 0.096383 0.079438 0.015331
14 15 0.094547 0.079438 0.015331
14 16 0.092528 0.079438 0.015331
14 17 0.091977 0.079438 0.015331
14 18 0.086102 0.079438 0.015331
14 19 0.077474 0.079438 0.015331
14 20 0.067927 0.079438 0.015331
15 0 0.086470 0.079438 0.015331
15 1 0.093630 0.079438 0.015331
15 2 0.099688 0.079438 0.015331
15 3 0.099504 0.079438 0.015331
15 4 0.099137 0.079438 0.015331
15 5 0.099321 0.079438 0.015331
15 6 0.095465 0.079438 0.015331
15 7 0.095465 0.079438 0.015331
15 8 0.093262 0.079438 0.015331
15 9 0.095098 0.079438 0.015331
15 10 0.091426 0.079438 0.015331
15 11 0.092344 0.079438 0.015331
15 12 0.096751 0.079438 0.015331
15 13 0.095282 0.079438 0.015331
15 14 0.094180 0.079438 0.015331
15 15 0.092528 0.079438 0.015331
15 16 0.091426 0.079438 0.015331
15 17 0.087938 0.079438 0.015331
15 18 0.085185 0.079438 0.015331
15 19 0.075638 0.079438 0.015331
15 20 0.068111 0.079438 0.015331
16 0 0.091610 0.079438 0.015331
16 1 0.098586 0.079438 0.015331
16 2 0.102075 0.079438 0.015331
16 3 0.105930 0.079438 0.015331
16 4 0.106664 0.079438 0.015331
16 5 0.102258 0.079438 0.015331
16 6 0.100422 0.079438 0.015331
16 7 0.098586 0.079438 0.015331
16 8 0.094180 0.079438 0.015331
16 9 0.093630 0.079438 0.015331
16 10 0.092161 0.079438 0.015331
16 11 0.092895 0.079438 0.015331
16 12 0.094547 0.079438 0.015331
16 13 0.093813 0.079438 0.015331
16 14 0.095098 0.079438 0.015331
16 15 0.094731 0.079438 0.015331
16 16 0.090692 0.079438 0.015331
16 17 0.087571 0.079438 0.015331
16 18 0.080962 0.079438 0.015331
16 19 0.072701 0.079438 0.015331
16 20 0.064439 0.079438 0.015331
17 0 0.099871 0.079438 0.015331
17 1 0.102809 0.079438 0.015331
17 2 0.105563 0.079438 0.015331
17 3 0.112723 0.079438 0.015331
17 4 0.110152 0.079438 0.015331
17 5 0.106481 0.079438 0.015331
17 6 0.102992 0.079438 0.015331
17 7 0.098770 0.079438 0.015331
17 8 0.095098 0.079438 0.015331
17 9 0.090692 0.079438 0.015331
17 10 0.094364 0.079438 0.015331
17 11 0.090325 0.079438 0.015331
17 12 0.091243 0.079438 0.015331
17 13 0.092161 0.079438 0.015331
17 14 0.092895 0.079438 0.015331
17 15 0.095282 0.079438 0.015331
17 16 0.085001 0.079438 0.015331
17 17 0.081329 0.079438 0.015331
17 18 0.077290 0.079438 0.015331
17 19 0.070681 0.079438 0.015331
17 20 0.063705 0.079438 0.015331
18 0 0.095282 0.079438 0.015331
18 1 0.100606 0.079438 0.015331
18 2 0.104461 0.079438 0.015331
18 3 0.109418 0.079438 0.015331
18 4 0.109234 0.079438 0.015331
18 5 0.106848 0.079438 0.015331
18 6 0.100422 0.079438 0.015331
18 7 0.096383 0.079438 0.015331
18 8 0.094915 0.079438 0.015331
18 9 0.092344 0.079438 0.015331
18 10 0.089774 0.079438 0.015331
18 11 0.088856 0.079438 0.015331
18 12 0.089040 0.079438 0.015331
18 13 0.088856 0.079438 0.015331
18 14 0.087388 0.079438 0.015331
18 15 0.086470 0.079438 0.015331
18 16 0.081329 0.079438 0.015331
18 17 0.078208 0.079438 0.015331
18 18 0.071783 0.079438 0.015331
18 19 0.064623 0.079438 0.015331
18 20 0.056912 0.079438 0.015331
19 0 0.094547 0.079438 0.015331
19 1 0.096567 0.079438 0.015331
19 2 0.100789 0.079438 0.015331
19 3 0.102075 0.079438 0.015331
19 4 0.103360 0.079438 0.015331
19 5 0.102809 0.079438 0.015331
19 6 0.097668 0.079438 0.015331
19 7 0.091977 0.079438 0.015331
19 8 0.089958 0.079438 0.015331
19 9 0.086102 0.079438 0.015331
19 10 0.081329 0.079438 0.015331
19 11 0.083899 0.079438 0.015331
19 12 0.083899 0.079438 0.015331
19 13 0.081513 0.079438 0.015331
19 14 0.079310 0.079438 0.015331
19 15 0.080962 0.079438 0.015331
19 16 0.077841 0.079438 0.015331
19 17 0.071232 0.079438 0.015331
19 18 0.068294 0.079438 0.015331
19 19 0.061318 0.079438 0.015331
19 20 0.055260 0.079438 0.015331
20 0 0.089958 0.079438 0.015331
20 1 0.096383 0.079438 0.015331
20 2 0.097118 0.079438 0.015331
20 3 0.098770 0.079438 0.015331
20 4 0.098403 0.079438 0.015331
20 5 0.095833 0.079438 0.015331
20 6 0.091794 0.079438 0.015331
20 7 0.087204 0.079438 0.015331
20 8 0.082247 0.079438 0.015331
20 9 0.079860 0.079438 0.015331
20 10 0.077474 0.079438 0.015331
20 11 0.076739 0.079438 0.015331
20 12 0.074904 0.079438 0.015331
20 13 0.076005 0.079438 0.015331
20 14 0.075087 0.079438 0.015331
20 15 0.075822 0.079438 0.015331
20 16 0.070681 0.079438 0.015331
20 17 0.065541 0.079438 0.015331
20 18 0.061502 0.079438 0.015331
20 19 0.058014 0.079438 0.015331
20 20 0.052506 0.079438 0.015331
