# contact distance = 20.0 Angstroms
# F = 0.4 kJ/mol

# i j contact_probability mean_contact_probability stddev_contact_probability
0 0 0.079841 0.098038 0.020036
0 1 0.081767 0.098038 0.020036
0 2 0.081087 0.098038 0.020036
0 3 0.079615 0.098038 0.020036
0 4 0.078482 0.098038 0.020036
0 5 0.079841 0.098038 0.020036
0 6 0.080521 0.098038 0.020036
0 7 0.079728 0.098038 0.020036
0 8 0.083126 0.098038 0.020036
0 9 0.087542 0.098038 0.020036
0 10 0.091959 0.098038 0.020036
0 11 0.101246 0.098038 0.020036
0 12 0.105663 0.098038 0.020036
0 13 0.112797 0.098038 0.020036
0 14 0.117667 0.098038 0.020036
0 15 0.122197 0.098038 0.020036
0 16 0.123103 0.098038 0.020036
0 17 0.121971 0.098038 0.020036
0 18 0.117101 0.098038 0.020036
0 19 0.110759 0.098038 0.020036
0 20 0.105436 0.098038 0.020036
1 0 0.083239 0.098038 0.020036
1 1 0.084371 0.098038 0.020036
1 2 0.082899 0.098038 0.020036
1 3 0.083579 0.098038 0.020036
1 4 0.081540 0.098038 0.020036
1 5 0.081540 0.098038 0.020036
1 6 0.082446 0.098038 0.020036
1 7 0.083918 0.098038 0.020036
1 8 0.088109 0.098038 0.020036
1 9 0.090713 0.098038 0.020036
1 10 0.095923 0.098038 0.020036
1 11 0.102378 0.098038 0.020036
1 12 0.110079 0.098038 0.020036
1 13 0.116308 0.098038 0.020036
1 14 0.121631 0.098038 0.020036
1 15 0.124802 0.098038 0.020036
1 16 0.127520 0.098038 0.020036
1 17 0.125481 0.098038 0.020036
1 18 0.120498 0.098038 0.020036
1 19 0.114723 0.098038 0.020036
1 20 0.109626 0.098038 0.020036
2 0 0.080861 0.098038 0.020036
2 1 0.085617 0.098038 0.020036
2 2 0.083239 0.098038 0.020036
2 3 0.082559 0.098038 0.020036
2 4 0.082786 0.098038 0.020036
2 5 0.083918 0.098038 0.020036
2 6 0.084032 0.098038 0.020036
2 7 0.086410 0.098038 0.020036
2 8 0.090600 0.098038 0.020036
2 9 0.097169 0.098038 0.020036
2 10 0.099660 0.098038 0.020036
2 11 0.105549 0.098038 0.020036
2 12 0.113477 0.098038 0.020036
2 13 0.118913 0.098038 0.020036
2 14 0.127633 0.098038 0.020036
2 15 0.128652 0.098038 0.020036
2 16 0.129219 0.098038 0.020036
2 17 0.129219 0.098038 0.020036
2 18 0.122877 0.098038 0.020036
2 19 0.117554 0.098038 0.020036
2 20 0.109400 0.098038 0.020036
3 0 0.081880 0.098038 0.020036
3 1 0.083805 0.098038 0.020036
3 2 0.083239 0.098038 0.020036
3 3 0.082220 0.098038 0.020036
3 4 0.083352 0.098038 0.020036
3 5 0.086183 0.098038 0.020036
3 6 0.086183 0.098038 0.020036
3 7 0.086976 0.098038 0.020036
3 8 0.089807 0.098038 0.020036
3 9 0.096829 0.098038 0.020036
3 10 0.102605 0.098038 0.020036
3 11 0.107588 0.098038 0.020036
3 12 0.114949 0.098038 0.020036
3 13 0.121744 0.098038 0.020036
3 14 0.126727 0.098038 0.020036
3 15 0.129785 0.098038 0.020036
3 16 0.129332 0.098038 0.020036
3 17 0.127293 0.098038 0.020036
3 18 0.123216 0.098038 0.020036
3 19 0.117327 0.098038 0.020036
3 20 0.109626 0.098038 0.020036
4 0 0.082333 0.098038 0.020036
4 1 0.081427 0.098038 0.020036
4 2 0.085051 0.098038 0.020036
4 3 0.085051 0.098038 0.020036
4 4 0.085957 0.098038 0.020036
4 5 0.083805 0.098038 0.020036
4 6 0.084938 0.098038 0.020036
4 7 0.088222 0.098038 0.020036
4 8 0.092752 0.098038 0.020036
4 9 0.101133 0.098038 0.020036
4 10 0.105210 0.098038 0.020036
4 11 0.110759 0.098038 0.020036
4 12 0.115855 0.098038 0.020036
4 13 0.123896 0.098038 0.020036
4 14 0.125934 0.098038 0.020036
4 15 0.129672 0.098038 0.020036
4 16 0.129219 0.098038 0.020036
4 17 0.129672 0.098038 0.020036
4 18 0.124122 0.098038 0.020036
4 19 0.116648 0.098038 0.020036
4 20 0.105776 0.098038 0.020036
5 0 0.080974 0.098038 0.020036
5 1 0.082899 0.098038 0.020036
5 2 0.084711 0.098038 0.020036
5 3 0.084145 0.098038 0.020036
5 4 0.084824 0.098038 0.020036
5 5 0.084598 0.098038 0.020036
5 6 0.087882 0.098038 0.020036
5 7 0.090260 0.098038 0.020036
5 8 0.093998 0.098038 0.020036
5 9 0.099660 0.098038 0.020036
5 10 0.105096 0.098038 0.020036
5 11 0.111891 0.098038 0.020036
5 12 0.115968 0.098038 0.020036
5 13 0.120951 0.098038 0.020036
5 14 0.122310 0.098038 0.020036
5 15 0.126501 0.098038 0.020036
5 16 0.125142 0.098038 0.020036
5 17 0.125595 0.098038 0.020036
5 18 0.119479 0.098038 0.020036
5 19 0.113250 0.098038 0.020036
5 20 0.100000 0.098038 0.020036
6 0 0.084032 0.098038 0.020036
6 1 0.085504 0.098038 0.020036
6 2 0.085504 0.098038 0.020036
6 3 0.086183 0.098038 0.020036
6 4 0.087316 0.098038 0.020036
6 5 0.088222 0.098038 0.020036
6 6 0.088675 0.098038 0.020036
6 7 0.092525 0.098038 0.020036
6 8 0.098188 0.098038 0.020036
6 9 0.101699 0.098038 0.020036
6 10 0.106795 0.098038 0.020036
6 11 0.112571 0.098038 0.020036
6 12 0.116535 0.098038 0.020036
6 13 0.119819 0.098038 0.020036
6 14 0.119706 0.098038 0.020036
6 15 0.121857 0.098038 0.020036
6 16 0.123783 0.098038 0.020036
6 17 0.121971 0.098038 0.020036
6 18 0.116874 0.098038 0.020036
6 19 0.105663 0.098038 0.020036
6 20 0.097961 0.098038 0.020036
7 0 0.086183 0.098038 0.020036
7 1 0.090260 0.098038 0.020036
7 2 0.088562 0.098038 0.020036
7 3 0.088675 0.098038 0.020036
7 4 0.088109 0.098038 0.020036
7 5 0.086863 0.098038 0.020036
7 6 0.091393 0.098038 0.020036
7 7 0.096829 0.098038 0.020036
7 8 0.097848 0.098038 0.020036
7 9 0.100453 0.098038 0.020036
7 10 0.105663 0.098038 0.020036
7 11 0.111552 0.098038 0.020036
7 12 0.114836 0.098038 0.020036
7 13 0.117441 0.098038 0.020036
7 14 0.117667 0.098038 0.020036
7 15 0.120385 0.098038 0.020036
7 16 0.120951 0.098038 0.020036
7 17 0.116421 0.098038 0.020036
7 18 0.111212 0.098038 0.020036
7 19 0.101699 0.098038 0.020036
7 20 0.090827 0.098038 0.020036
8 0 0.087769 0.098038 0.020036
8 1 0.091619 0.098038 0.020036
8 2 0.091619 0.098038 0.020036
8 3 0.090034 0.098038 0.020036
8 4 0.092186 0.098038 0.020036
8 5 0.090600 0.098038 0.020036
8 6 0.092525 0.098038 0.020036
8 7 0.097961 0.098038 0.020036
8 8 0.100227 0.098038 0.020036
8 9 0.103737 0.098038 0.020036
8 10 0.108041 0.098038 0.020036
8 11 0.108381 0.098038 0.020036
8 12 0.110985 0.098038 0.020036
8 13 0.114156 0.098038 0.020036
8 14 0.113817 0.098038 0.020036
8 15 0.115855 0.098038 0.020036
8 16 0.113817 0.098038 0.020036
8 17 0.111438 0.098038 0.020036
8 18 0.106002 0.098038 0.020036
8 19 0.096263 0.098038 0.020036
8 20 0.085844 0.098038 0.020036
9 0 0.092299 0.098038 0.020036
9 1 0.095470 0.098038 0.020036
9 2 0.097395 0.098038 0.020036
9 3 0.098528 0.098038 0.020036
9 4 0.097735 0.098038 0.020036
9 5 0.096263 0.098038 0.020036
9 6 0.097169 0.098038 0.020036
9 7 0.100680 0.098038 0.020036
9 8 0.104417 0.098038 0.020036
9 9 0.107814 0.098038 0.020036
9 10 0.110646 0.098038 0.020036
9 11 0.109060 0.098038 0.020036
9 12 0.107701 0.098038 0.020036
9 13 0.112005 0.098038 0.020036
9 14 0.111665 0.098038 0.020036
9 15 0.114609 0.098038 0.020036
9 16 0.110532 0.098038 0.020036
9 17 0.106455 0.098038 0.020036
9 18 0.098528 0.098038 0.020036
9 19 0.091393 0.098038 0.020036
9 20 0.081993 0.098038 0.020036
10 0 0.097282 0.098038 0.020036
10 1 0.099207 0.098038 0.020036
10 2 0.101812 0.098038 0.020036
10 3 0.102265 0.098038 0.020036
10 4 0.101019 0.098038 0.020036
10 5 0.100000 0.098038 0.020036
10 6 0.100793 0.098038 0.020036
10 7 0.101359 0.098038 0.020036
10 8 0.104417 0.098038 0.020036
10 9 0.103964 0.098038 0.020036
10 10 0.105549 0.098038 0.020036
10 11 0.104190 0.098038 0.020036
10 12 0.104643 0.098038 0.020036
10 13 0.107248 0.098038 0.020036
10 14 0.107701 0.098038 0.020036
10 15 0.107361 0.098038 0.020036
10 16 0.105323 0.098038 0.020036
10 17 0.099887 0.098038 0.020036
10 18 0.094790 0.098038 0.020036
10 19 0.085957 0.098038 0.020036
10 20 0.077010 0.098038 0.020036
11 0 0.101472 0.098038 0.020036
11 1 0.106682 0.098038 0.020036
11 2 0.108720 0.098038 0.020036
11 3 0.108381 0.098038 0.020036
11 4 0.107361 0.098038 0.020036
11 5 0.102945 0.098038 0.020036
11 6 0.103058 0.098038 0.020036
11 7 0.105210 0.098038 0.020036
11 8 0.104870 0.098038 0.020036
11 9 0.105210 0.098038 0.020036
11 10 0.106455 0.098038 0.020036
11 11 0.101925 0.098038 0.020036
11 12 0.103964 0.098038 0.020036
11 13 0.104757 0.098038 0.020036
11 14 0.104530 0.098038 0.020036
11 15 0.103058 0.098038 0.020036
11 16 0.098641 0.098038 0.020036
11 17 0.093205 0.098038 0.020036
11 18 0.088675 0.098038 0.020036
11 19 0.081653 0.098038 0.020036
11 20 0.073273 0.098038 0.020036
12 0 0.106569 0.098038 0.020036
12 1 0.112005 0.098038 0.020036
12 2 0.114270 0.098038 0.020036
12 3 0.112797 0.098038 0.020036
12 4 0.110419 0.098038 0.020036
12 5 0.107701 0.098038 0.020036
12 6 0.107475 0.098038 0.020036
12 7 0.105096 0.098038 0.020036
12 8 0.105323 0.098038 0.020036
12 9 0.105323 0.098038 0.020036
12 10 0.105663 0.098038 0.020036
12 11 0.104304 0.098038 0.020036
12 12 0.101812 0.098038 0.020036
12 13 0.100340 0.098038 0.020036
12 14 0.099660 0.098038 0.020036
12 15 0.097169 0.098038 0.020036
12 16 0.093771 0.098038 0.020036
12 17 0.087656 0.098038 0.020036
12 18 0.081653 0.098038 0.020036
12 19 0.074972 0.098038 0.020036
12 20 0.068630 0.098038 0.020036
13 0 0.112571 0.098038 0.020036
13 1 0.116648 0.098038 0.020036
13 2 0.118686 0.098038 0.020036
13 3 0.117214 0.098038 0.020036
13 4 0.115176 0.098038 0.020036
13 5 0.111438 0.098038 0.020036
13 6 0.111778 0.098038 0.020036
13 7 0.108041 0.098038 0.020036
13 8 0.104643 0.098038 0.020036
13 9 0.105323 0.098038 0.020036
13 10 0.104643 0.098038 0.020036
13 11 0.102378 0.098038 0.020036
13 12 0.098528 0.098038 0.020036
13 13 0.098301 0.098038 0.020036
13 14 0.094451 0.098038 0.020036
13 15 0.092525 0.098038 0.020036
13 16 0.088335 0.098038 0.020036
13 17 0.081427 0.098038 0.020036
13 18 0.074858 0.098038 0.020036
13 19 0.068516 0.098038 0.020036
13 20 0.062967 0.098038 0.020036
14 0 0.117101 0.098038 0.020036
14 1 0.120272 0.098038 0.020036
14 2 0.122310 0.098038 0.020036
14 3 0.123216 0.098038 0.020036
14 4 0.122084 0.098038 0.020036
14 5 0.115855 0.098038 0.020036
14 6 0.114383 0.098038 0.020036
14 7 0.111325 0.098038 0.020036
14 8 0.108154 0.098038 0.020036
14 9 0.104983 0.098038 0.020036
14 10 0.105549 0.098038 0.020036
14 11 0.101472 0.098038 0.020036
14 12 0.097961 0.098038 0.020036
14 13 0.096489 0.098038 0.020036
14 14 0.091959 0.098038 0.020036
14 15 0.088901 0.098038 0.020036
14 16 0.083239 0.098038 0.020036
14 17 0.076104 0.098038 0.020036
14 18 0.071348 0.098038 0.020036
14 19 0.065685 0.098038 0.020036
14 20 0.057078 0.098038 0.020036
15 0 0.120159 0.098038 0.020036
15 1 0.122197 0.098038 0.020036
15 2 0.125708 0.098038 0.020036
15 3 0.127293 0.098038 0.020036
15 4 0.126161 0.098038 0.020036
15 5 0.120159 0.098038 0.020036
15 6 0.118120 0.098038 0.020036
15 7 0.115176 0.098038 0.020036
15 8 0.111778 0.098038 0.020036
15 9 0.108154 0.098038 0.020036
15 10 0.103398 0.098038 0.020036
15 11 0.100000 0.098038 0.020036
15 12 0.095923 0.098038 0.020036
15 13 0.091846 0.098038 0.020036
15 14 0.087203 0.098038 0.020036
15 15 0.084598 0.098038 0.020036
15 16 0.076331 0.098038 0.020036
15 17 0.067271 0.098038 0.020036
15 18 0.062741 0.098038 0.020036
15 19 0.059343 0.098038 0.020036
15 20 0.053907 0.098038 0.020036
16 0 0.120498 0.098038 0.020036
16 1 0.126954 0.098038 0.020036
16 2 0.128539 0.098038 0.020036
16 3 0.129105 0.098038 0.020036
16 4 0.127633 0.098038 0.020036
16 5 0.123443 0.098038 0.020036
16 6 0.120385 0.098038 0.020036
16 7 0.115629 0.098038 0.020036
16 8 0.112231 0.098038 0.020036
16 9 0.107588 0.098038 0.020036
16 10 0.101359 0.098038 0.020036
16 11 0.097282 0.098038 0.020036
16 12 0.093431 0.098038 0.020036
16 13 0.091166 0.098038 0.020036
16 14 0.085277 0.098038 0.020036
16 15 0.078822 0.098038 0.020036
16 16 0.070328 0.098038 0.020036
16 17 0.062174 0.098038 0.020036
16 18 0.055946 0.098038 0.020036
16 19 0.051869 0.098038 0.020036
16 20 0.049717 0.098038 0.020036
17 0 0.120725 0.098038 0.020036
17 1 0.126048 0.098038 0.020036
17 2 0.127973 0.098038 0.020036
17 3 0.128879 0.098038 0.020036
17 4 0.125821 0.098038 0.020036
17 5 0.121178 0.098038 0.020036
17 6 0.118233 0.098038 0.020036
17 7 0.112231 0.098038 0.020036
17 8 0.110306 0.098038 0.020036
17 9 0.102492 0.098038 0.020036
17 10 0.096489 0.098038 0.020036
17 11 0.093431 0.098038 0.020036
17 12 0.088788 0.098038 0.020036
17 13 0.084711 0.098038 0.020036
17 14 0.078029 0.098038 0.020036
17 15 0.070442 0.098038 0.020036
17 16 0.063420 0.098038 0.020036
17 17 0.056738 0.098038 0.020036
17 18 0.050283 0.098038 0.020036
17 19 0.046093 0.098038 0.020036
17 20 0.045527 0.098038 0.020036
18 0 0.118120 0.098038 0.020036
18 1 0.121291 0.098038 0.020036
18 2 0.123443 0.098038 0.020036
18 3 0.122990 0.098038 0.020036
18 4 0.122763 0.098038 0.020036
18 5 0.117327 0.098038 0.020036
18 6 0.114270 0.098038 0.020036
18 7 0.106569 0.098038 0.020036
18 8 0.102605 0.098038 0.020036
18 9 0.097395 0.098038 0.020036
18 10 0.094111 0.098038 0.020036
18 11 0.088448 0.098038 0.020036
18 12 0.083352 0.098038 0.020036
18 13 0.078822 0.098038 0.020036
18 14 0.069875 0.098038 0.020036
18 15 0.065345 0.098038 0.020036
18 16 0.056285 0.098038 0.020036
18 17 0.050057 0.098038 0.020036
18 18 0.044960 0.098038 0.020036
18 19 0.044621 0.098038 0.020036
18 20 0.042469 0.098038 0.020036
19 0 0.109173 0.098038 0.020036
19 1 0.114156 0.098038 0.020036
19 2 0.115855 0.098038 0.020036
19 3 0.117667 0.098038 0.020036
19 4 0.115062 0.098038 0.020036
19 5 0.111552 0.098038 0.020036
19 6 0.105776 0.098038 0.020036
19 7 0.100566 0.098038 0.020036
19 8 0.096489 0.098038 0.020036
19 9 0.090713 0.098038 0.020036
19 10 0.087089 0.098038 0.020036
19 11 0.082786 0.098038 0.020036
19 12 0.076444 0.098038 0.020036
19 13 0.069422 0.098038 0.020036
19 14 0.063420 0.098038 0.020036
19 15 0.058097 0.098038 0.020036
19 16 0.054247 0.098038 0.020036
19 17 0.047225 0.098038 0.020036
19 18 0.043375 0.098038 0.020036
19 19 0.040997 0.098038 0.020036
19 20 0.040657 0.098038 0.020036
20 0 0.101812 0.098038 0.020036
20 1 0.105776 0.098038 0.020036
20 2 0.109626 0.098038 0.020036
20 3 0.110532 0.098038 0.020036
20 4 0.108154 0.098038 0.020036
20 5 0.099660 0.098038 0.020036
20 6 0.098075 0.098038 0.020036
20 7 0.093431 0.098038 0.020036
20 8 0.088448 0.098038 0.020036
20 9 0.083579 0.098038 0.020036
20 10 0.081767 0.098038 0.020036
20 11 0.075198 0.098038 0.020036
20 12 0.070781 0.098038 0.020036
20 13 0.065685 0.098038 0.020036
20 14 0.059683 0.098038 0.020036
20 15 0.054473 0.098038 0.020036
20 16 0.050736 0.098038 0.020036
20 17 0.044281 0.098038 0.020036
20 18 0.041789 0.098038 0.020036
20 19 0.038618 0.098038 0.020036
20 20 0.038958 0.098038 0.020036
