# B2 = -1007.30425
0.0000 8.53177 0.47746
0.0567 2.53347 0.18186
0.1134 -0.58928 0.03458
0.1701 -1.75758 0.01701
0.2268 -1.89250 0.01454
0.2834 -1.87655 0.00807
0.3401 -1.99122 0.00949
0.3968 -2.06846 0.01074
0.4535 -2.10026 0.00955
0.5102 -2.13495 0.00743
0.5669 -2.16877 0.00615
0.6236 -2.19416 0.00608
0.6803 -2.21546 0.00646
0.7370 -2.23503 0.00647
0.7936 -2.25245 0.00591
0.8503 -2.26840 0.00566
0.9070 -2.28366 0.00677
0.9637 -2.29720 0.00784
1.0204 -2.30872 0.00806
1.0771 -2.32032 0.00895
1.1338 -2.33331 0.01014
1.1905 -2.34765 0.00935
1.2472 -2.36215 0.00821
1.3038 -2.37544 0.00953
1.3605 -2.38874 0.01184
1.4172 -2.40334 0.01321
1.4739 -2.41916 0.01335
1.5306 -2.43607 0.01298
1.5873 -2.45415 0.01364
1.6440 -2.47326 0.01437
1.7007 -2.49292 0.01336
1.7574 -2.51181 0.01220
1.8140 -2.52880 0.01243
1.8707 -2.54404 0.01230
1.9274 -2.55728 0.01136
1.9841 -2.56739 0.01156
2.0408 -2.57328 0.01277
2.0975 -2.57410 0.01333
2.1542 -2.56988 0.01307
2.2109 -2.56095 0.01246
2.2676 -2.54746 0.01172
2.3243 -2.52926 0.01098
2.3809 -2.50582 0.01091
2.4376 -2.47758 0.01113
2.4943 -2.44586 0.01071
2.5510 -2.41140 0.00995
2.6077 -2.37447 0.00941
2.6644 -2.33458 0.00926
2.7211 -2.29150 0.00952
2.7778 -2.24569 0.00987
2.8344 -2.19770 0.01001
2.8911 -2.14790 0.00978
2.9478 -2.09576 0.00929
3.0045 -2.04082 0.00874
3.0612 -1.98507 0.00820
3.1179 -1.92992 0.00806
3.1746 -1.87409 0.00849
3.2313 -1.81713 0.00855
3.2880 -1.75995 0.00794
3.3447 -1.70244 0.00719
3.4013 -1.64409 0.00690
3.4580 -1.58579 0.00745
3.5147 -1.52845 0.00864
3.5714 -1.47179 0.00914
3.6281 -1.41531 0.00857
3.6848 -1.35863 0.00768
3.7415 -1.30254 0.00706
3.7982 -1.24838 0.00698
3.8548 -1.19573 0.00703
3.9115 -1.14348 0.00686
3.9682 -1.09062 0.00681
4.0249 -1.03736 0.00684
4.0816 -0.98567 0.00644
4.1383 -0.93558 0.00593
4.1950 -0.88556 0.00637
4.2517 -0.83632 0.00707
4.3084 -0.78908 0.00670
4.3651 -0.74304 0.00572
4.4217 -0.69787 0.00500
4.4784 -0.65495 0.00514
4.5351 -0.61435 0.00596
4.5918 -0.57483 0.00659
4.6485 -0.53641 0.00676
4.7052 -0.49971 0.00671
4.7619 -0.46494 0.00694
4.8186 -0.43209 0.00752
4.8753 -0.40097 0.00797
4.9319 -0.37151 0.00816
4.9886 -0.34382 0.00816
5.0453 -0.31789 0.00798
5.1020 -0.29367 0.00762
5.1587 -0.27143 0.00747
5.2154 -0.25120 0.00778
5.2721 -0.23218 0.00806
5.3288 -0.21367 0.00813
5.3854 -0.19531 0.00828
5.4421 -0.17805 0.00854
5.4988 -0.16340 0.00863
5.5555 -0.15080 0.00859
5.6122 -0.13896 0.00859
5.6689 -0.12681 0.00883
5.7256 -0.11422 0.00919
5.7823 -0.10239 0.00923
5.8390 -0.09180 0.00884
5.8956 -0.08203 0.00844
5.9523 -0.07207 0.00959
6.0090 -0.06102 0.01374
6.0657 -0.04946 0.01695
6.1224 -0.03916 0.01751
6.1791 -0.03335 0.01763
6.2358 -0.03153 0.01603
6.2925 -0.02984 0.01472
6.3492 -0.02791 0.01402
6.4059 -0.02631 0.01323
6.4625 -0.02197 0.01112
6.5192 -0.01450 0.00949
6.5759 -0.01093 0.01069
6.6326 -0.01111 0.01006
6.6893 -0.00676 0.00551
6.7460 -0.00030 0.00023
6.8027 0.00106 0.00084
6.8594 -0.00015 0.00012
6.9161 -0.00022 0.00017
6.9727 0.00007 0.00006
7.0294 0.00003 0.00003
7.0861 -0.00002 0.00002
7.1428 -0.00000 0.00000
7.1995 0.00001 0.00000
7.2562 -0.00000 0.00000
7.3129 -0.00000 0.00000
7.3696 0.00000 0.00000
7.4262 0.00000 0.00000
7.4829 -0.00000 0.00000
7.5396 -0.00000 0.00000
7.5963 0.00000 0.00000
7.6530 -0.00000 0.00000
7.7097 -0.00000 0.00000
7.7664 0.00000 0.00000
7.8231 0.00000 0.00000
7.8798 -0.00000 0.00000
7.9364 -0.00000 0.00000
7.9931 0.00000 0.00000
8.0498 0.00000 0.00000
8.1065 -0.00000 0.00000
8.1632 0.00000 0.00000
8.2199 0.00000 0.00000
8.2766 -0.00000 0.00000
8.3333 -0.00000 0.00000
8.3900 0.00000 0.00000
8.4467 0.00000 0.00000
8.5033 -0.00000 0.00000
8.5600 0.00000 0.00000
8.6167 0.00000 0.00000
8.6734 -0.00000 0.00000
8.7301 -0.00000 0.00000
8.7868 0.00000 0.00000
8.8435 0.00000 0.00000
8.9002 -0.00000 0.00000
8.9569 0.00000 0.00000
9.0136 0.00000 0.00000
9.0702 -0.00000 0.00000
9.1269 -0.00000 0.00000
9.1836 0.00000 0.00000
9.2403 0.00000 0.00000
9.2970 -0.00000 0.00000
9.3537 0.00000 0.00000
9.4104 0.00000 0.00000
9.4671 -0.00000 0.00000
9.5237 -0.00000 0.00000
9.5804 0.00000 0.00000
9.6371 0.00000 0.00000
9.6938 -0.00000 0.00000
9.7505 0.00000 0.00000
9.8072 0.00000 0.00000
9.8639 -0.00000 0.00000
9.9206 -0.00000 0.00000
9.9773 0.00000 0.00000
10.0339 0.00000 0.00000
10.0906 -0.00000 0.00000
10.1473 -0.00000 0.00000
10.2040 0.00000 0.00000
10.2607 -0.00000 0.00000
10.3174 -0.00000 0.00000
10.3741 0.00000 0.00000
10.4308 0.00000 0.00000
10.4875 -0.00000 0.00000
10.5441 -0.00000 0.00000
10.6008 0.00000 0.00000
10.6575 -0.00000 0.00000
10.7142 -0.00000 0.00000
10.7709 0.00000 0.00000
10.8276 0.00000 0.00000
10.8843 -0.00000 0.00000
10.9410 -0.00000 0.00000
10.9977 0.00000 0.00000
11.0543 -0.00000 0.00000
11.1110 -0.00000 0.00000
11.1677 0.00000 0.00000
11.2244 0.00000 0.00000
11.2811 -0.00000 0.00000
11.3378 -0.00000 0.00000
11.3945 0.00000 0.00000
11.4512 -0.00000 0.00000
11.5079 -0.00000 0.00000
11.5645 0.00000 0.00000
11.6212 0.00000 0.00000
11.6779 -0.00000 0.00000
11.7346 -0.00000 0.00000
11.7913 0.00000 0.00000
11.8480 0.00000 0.00000
11.9047 -0.00000 0.00000
11.9614 0.00000 0.00000
12.0181 0.00000 0.00000
12.0747 -0.00000 0.00000
12.1314 -0.00000 0.00000
12.1881 0.00000 0.00000
12.2448 0.00000 0.00000
12.3015 -0.00000 0.00000
12.3582 0.00000 0.00000
12.4149 0.00000 0.00000
12.4716 -0.00000 0.00000
12.5283 -0.00000 0.00000
12.5849 0.00000 0.00000
12.6416 0.00000 0.00000
12.6983 -0.00000 0.00000
12.7550 0.00000 0.00000
12.8117 0.00000 0.00000
12.8684 -0.00000 0.00000
12.9251 -0.00000 0.00000
12.9818 0.00000 0.00000
13.0385 0.00000 0.00000
13.0952 -0.00000 0.00000
13.1518 0.00000 0.00000
13.2085 0.00000 0.00000
13.2652 -0.00000 0.00000
13.3219 -0.00000 0.00000
13.3786 0.00000 0.00000
13.4353 0.00000 0.00000
13.4920 -0.00000 0.00000
13.5487 -0.00000 0.00000
13.6054 0.00000 0.00000
13.6620 -0.00000 0.00000
13.7187 -0.00000 0.00000
13.7754 0.00000 0.00000
13.8321 0.00000 0.00000
13.8888 -0.00000 0.00000
13.9455 -0.00000 0.00000
14.0022 0.00000 0.00000
14.0589 -0.00000 0.00000
14.1156 -0.00000 0.00000
14.1722 0.00000 0.00000
14.2289 0.00000 0.00000
14.2856 -0.00000 0.00000
14.3423 -0.00000 0.00000
14.3990 0.00000 0.00000
14.4557 -0.00000 0.00000
14.5124 -0.00000 0.00000
14.5691 0.00000 0.00000
14.6258 0.00000 0.00000
14.6824 -0.00000 0.00000
14.7391 -0.00000 0.00000
14.7958 0.00000 0.00000
14.8525 -0.00000 0.00000
14.9092 -0.00000 0.00000
14.9659 0.00000 0.00000
15.0226 0.00000 0.00000
15.0793 -0.00000 0.00000
15.1360 -0.00000 0.00000
15.1926 0.00000 0.00000
15.2493 0.00000 0.00000
15.3060 -0.00000 0.00000
15.3627 0.00000 0.00000
15.4194 0.00000 0.00000
15.4761 -0.00000 0.00000
15.5328 -0.00000 0.00000
15.5895 0.00000 0.00000
15.6462 0.00000 0.00000
15.7028 -0.00000 0.00000
15.7595 0.00000 0.00000
15.8162 0.00000 0.00000
15.8729 -0.00000 0.00000
15.9296 -0.00000 0.00000
15.9863 0.00000 0.00000
16.0430 0.00000 0.00000
16.0997 -0.00000 0.00000
16.1564 0.00000 0.00000
16.2130 0.00000 0.00000
16.2697 -0.00000 0.00000
16.3264 -0.00000 0.00000
16.3831 0.00000 0.00000
16.4398 0.00000 0.00000
16.4965 -0.00000 0.00000
16.5532 0.00000 0.00000
16.6099 0.00000 0.00000
16.6666 -0.00000 0.00000
16.7232 -0.00000 0.00000
16.7799 0.00000 0.00000
16.8366 0.00000 0.00000
16.8933 -0.00000 0.00000
16.9500 -0.00000 0.00000
