# B2 = -979.4765000000001
0.0000 11.71407 0.91277
0.0567 4.32202 0.35429
0.1134 0.50151 0.07752
0.1701 -0.89931 0.01954
0.2268 -1.03225 0.01517
0.2834 -1.00057 0.01427
0.3401 -1.15093 0.01339
0.3968 -1.26429 0.01426
0.4535 -1.32516 0.01498
0.5102 -1.39159 0.01560
0.5669 -1.46204 0.01612
0.6236 -1.52802 0.01636
0.6803 -1.59043 0.01648
0.7370 -1.64979 0.01609
0.7936 -1.70582 0.01481
0.8503 -1.76057 0.01365
0.9070 -1.81581 0.01363
0.9637 -1.86754 0.01323
1.0204 -1.91384 0.01193
1.0771 -1.95959 0.01155
1.1338 -2.00522 0.01240
1.1905 -2.04629 0.01355
1.2472 -2.08496 0.01433
1.3038 -2.12586 0.01422
1.3605 -2.16671 0.01393
1.4172 -2.20472 0.01417
1.4739 -2.24039 0.01489
1.5306 -2.27480 0.01596
1.5873 -2.30903 0.01728
1.6440 -2.34326 0.01831
1.7007 -2.37686 0.01843
1.7574 -2.40784 0.01827
1.8140 -2.43493 0.01870
1.8707 -2.45998 0.01952
1.9274 -2.48264 0.02046
1.9841 -2.49908 0.02153
2.0408 -2.50855 0.02240
2.0975 -2.51277 0.02257
2.1542 -2.51232 0.02224
2.2109 -2.50707 0.02186
2.2676 -2.49618 0.02228
2.3243 -2.47932 0.02335
2.3809 -2.45725 0.02352
2.4376 -2.43080 0.02271
2.4943 -2.40073 0.02204
2.5510 -2.36776 0.02201
2.6077 -2.33242 0.02248
2.6644 -2.29462 0.02229
2.7211 -2.25451 0.02117
2.7778 -2.21304 0.02075
2.8344 -2.17015 0.02146
2.8911 -2.12486 0.02235
2.9478 -2.07748 0.02290
3.0045 -2.02893 0.02274
3.0612 -1.97928 0.02198
3.1179 -1.92855 0.02118
3.1746 -1.87710 0.02112
3.2313 -1.82556 0.02172
3.2880 -1.77462 0.02203
3.3447 -1.72325 0.02164
3.4013 -1.66992 0.02069
3.4580 -1.61658 0.01985
3.5147 -1.56489 0.01962
3.5714 -1.51265 0.01987
3.6281 -1.45941 0.02028
3.6848 -1.40756 0.02025
3.7415 -1.35592 0.01989
3.7982 -1.30136 0.01974
3.8548 -1.24642 0.01962
3.9115 -1.19437 0.01930
3.9682 -1.14361 0.01955
4.0249 -1.09301 0.02041
4.0816 -1.04357 0.02067
4.1383 -0.99505 0.02036
4.1950 -0.94623 0.02052
4.2517 -0.89805 0.02115
4.3084 -0.85174 0.02181
4.3651 -0.80590 0.02247
4.4217 -0.76011 0.02304
4.4784 -0.71676 0.02327
4.5351 -0.67564 0.02296
4.5918 -0.63409 0.02207
4.6485 -0.59339 0.02125
4.7052 -0.55602 0.02126
4.7619 -0.51995 0.02141
4.8186 -0.48380 0.02113
4.8753 -0.45005 0.02089
4.9319 -0.41924 0.02072
4.9886 -0.38929 0.01991
5.0453 -0.35953 0.01911
5.1020 -0.33058 0.01941
5.1587 -0.30433 0.01995
5.2154 -0.28152 0.01975
5.2721 -0.25897 0.01948
5.3288 -0.23584 0.01931
5.3854 -0.21508 0.01854
5.4421 -0.19692 0.01751
5.4988 -0.17968 0.01715
5.5555 -0.16322 0.01693
5.6122 -0.14774 0.01619
5.6689 -0.13281 0.01557
5.7256 -0.11842 0.01526
5.7823 -0.10528 0.01445
5.8390 -0.09260 0.01432
5.8956 -0.07879 0.01710
5.9523 -0.06625 0.01967
6.0090 -0.05787 0.01835
6.0657 -0.05213 0.01564
6.1224 -0.04679 0.01379
6.1791 -0.03997 0.01315
6.2358 -0.02942 0.01353
6.2925 -0.01352 0.00799
6.3492 -0.00012 0.00008
6.4059 0.00192 0.00132
6.4625 -0.00030 0.00027
6.5192 -0.00010 0.00042
6.5759 -0.00042 0.00055
6.6326 -0.00076 0.00073
6.6893 0.00382 0.00336
6.7460 0.01006 0.00872
6.8027 0.01146 0.00991
6.8594 0.01057 0.00915
6.9161 0.01101 0.00954
6.9727 0.01207 0.01046
7.0294 0.01309 0.01133
7.0861 0.01423 0.01232
7.1428 0.01514 0.01311
7.1995 0.01523 0.01319
7.2562 0.01499 0.01298
7.3129 0.01503 0.01301
7.3696 0.01515 0.01312
7.4262 0.01516 0.01313
7.4829 0.01501 0.01300
7.5396 0.01495 0.01295
7.5963 0.01535 0.01329
7.6530 0.01601 0.01387
7.7097 0.01653 0.01431
7.7664 0.01645 0.01424
7.8231 0.01631 0.01412
7.8798 0.01810 0.01567
7.9364 0.01837 0.01590
7.9931 0.01005 0.00870
8.0498 0.00002 0.00002
8.1065 -0.00158 0.00137
8.1632 0.00030 0.00026
8.2199 0.00030 0.00026
8.2766 -0.00012 0.00011
8.3333 -0.00004 0.00004
8.3900 0.00004 0.00003
8.4467 0.00000 0.00000
8.5033 -0.00001 0.00001
8.5600 0.00000 0.00000
8.6167 0.00000 0.00000
8.6734 -0.00000 0.00000
8.7301 -0.00000 0.00000
8.7868 0.00000 0.00000
8.8435 0.00000 0.00000
8.9002 -0.00000 0.00000
8.9569 0.00000 0.00000
9.0136 0.00000 0.00000
9.0702 -0.00000 0.00000
9.1269 -0.00000 0.00000
9.1836 0.00000 0.00000
9.2403 0.00000 0.00000
9.2970 -0.00000 0.00000
9.3537 0.00000 0.00000
9.4104 0.00000 0.00000
9.4671 -0.00000 0.00000
9.5237 -0.00000 0.00000
9.5804 0.00000 0.00000
9.6371 0.00000 0.00000
9.6938 -0.00000 0.00000
9.7505 0.00000 0.00000
9.8072 0.00000 0.00000
9.8639 -0.00000 0.00000
9.9206 -0.00000 0.00000
9.9773 0.00000 0.00000
10.0339 0.00000 0.00000
10.0906 -0.00000 0.00000
10.1473 -0.00000 0.00000
10.2040 0.00000 0.00000
10.2607 -0.00000 0.00000
10.3174 -0.00000 0.00000
10.3741 0.00000 0.00000
10.4308 0.00000 0.00000
10.4875 -0.00000 0.00000
10.5441 -0.00000 0.00000
10.6008 0.00000 0.00000
10.6575 -0.00000 0.00000
10.7142 -0.00000 0.00000
10.7709 0.00000 0.00000
10.8276 0.00000 0.00000
10.8843 -0.00000 0.00000
10.9410 -0.00000 0.00000
10.9977 0.00000 0.00000
11.0543 -0.00000 0.00000
11.1110 -0.00000 0.00000
11.1677 0.00000 0.00000
11.2244 0.00000 0.00000
11.2811 -0.00000 0.00000
11.3378 -0.00000 0.00000
11.3945 0.00000 0.00000
11.4512 -0.00000 0.00000
11.5079 -0.00000 0.00000
11.5645 0.00000 0.00000
11.6212 0.00000 0.00000
11.6779 -0.00000 0.00000
11.7346 -0.00000 0.00000
11.7913 0.00000 0.00000
11.8480 0.00000 0.00000
11.9047 -0.00000 0.00000
11.9614 0.00000 0.00000
12.0181 0.00000 0.00000
12.0747 -0.00000 0.00000
12.1314 -0.00000 0.00000
12.1881 0.00000 0.00000
12.2448 0.00000 0.00000
12.3015 -0.00000 0.00000
12.3582 0.00000 0.00000
12.4149 0.00000 0.00000
12.4716 -0.00000 0.00000
12.5283 -0.00000 0.00000
12.5849 0.00000 0.00000
12.6416 0.00000 0.00000
12.6983 -0.00000 0.00000
12.7550 0.00000 0.00000
12.8117 0.00000 0.00000
12.8684 -0.00000 0.00000
12.9251 -0.00000 0.00000
12.9818 0.00000 0.00000
13.0385 0.00000 0.00000
13.0952 -0.00000 0.00000
13.1518 0.00000 0.00000
13.2085 0.00000 0.00000
13.2652 -0.00000 0.00000
13.3219 -0.00000 0.00000
13.3786 0.00000 0.00000
13.4353 0.00000 0.00000
13.4920 -0.00000 0.00000
13.5487 -0.00000 0.00000
13.6054 0.00000 0.00000
13.6620 -0.00000 0.00000
13.7187 -0.00000 0.00000
13.7754 0.00000 0.00000
13.8321 0.00000 0.00000
13.8888 -0.00000 0.00000
13.9455 -0.00000 0.00000
14.0022 0.00000 0.00000
14.0589 -0.00000 0.00000
14.1156 -0.00000 0.00000
14.1722 0.00000 0.00000
14.2289 0.00000 0.00000
14.2856 -0.00000 0.00000
14.3423 -0.00000 0.00000
14.3990 0.00000 0.00000
14.4557 -0.00000 0.00000
14.5124 -0.00000 0.00000
14.5691 0.00000 0.00000
14.6258 0.00000 0.00000
14.6824 -0.00000 0.00000
14.7391 -0.00000 0.00000
14.7958 0.00000 0.00000
14.8525 -0.00000 0.00000
14.9092 -0.00000 0.00000
14.9659 0.00000 0.00000
15.0226 0.00000 0.00000
15.0793 -0.00000 0.00000
15.1360 -0.00000 0.00000
15.1926 0.00000 0.00000
15.2493 0.00000 0.00000
15.3060 -0.00000 0.00000
15.3627 0.00000 0.00000
15.4194 0.00000 0.00000
15.4761 -0.00000 0.00000
15.5328 -0.00000 0.00000
15.5895 0.00000 0.00000
15.6462 0.00000 0.00000
15.7028 -0.00000 0.00000
15.7595 0.00000 0.00000
15.8162 0.00000 0.00000
15.8729 -0.00000 0.00000
15.9296 -0.00000 0.00000
15.9863 0.00000 0.00000
16.0430 0.00000 0.00000
16.0997 -0.00000 0.00000
16.1564 0.00000 0.00000
16.2130 0.00000 0.00000
16.2697 -0.00000 0.00000
16.3264 -0.00000 0.00000
16.3831 0.00001 0.00000
16.4398 0.00000 0.00000
16.4965 -0.00003 0.00002
16.5532 0.00001 0.00001
16.6099 0.00011 0.00010
16.6666 -0.00013 0.00011
16.7232 -0.00039 0.00033
16.7799 0.00093 0.00081
16.8366 0.00096 0.00083
16.8933 -0.00583 0.00505
16.9500 -0.01138 0.00986
