# B2 = -1009.33825
0.0000 9.54235 0.14987
0.0567 3.79711 0.06174
0.1134 0.79170 0.02109
0.1701 -0.35318 0.01568
0.2268 -0.51682 0.01699
0.2834 -0.54167 0.01775
0.3401 -0.69631 0.01702
0.3968 -0.82003 0.01566
0.4535 -0.90497 0.01466
0.5102 -0.99649 0.01434
0.5669 -1.08845 0.01418
0.6236 -1.17176 0.01403
0.6803 -1.25054 0.01463
0.7370 -1.32610 0.01545
0.7936 -1.39632 0.01490
0.8503 -1.46202 0.01348
0.9070 -1.52489 0.01257
0.9637 -1.58427 0.01245
1.0204 -1.63928 0.01285
1.0771 -1.68975 0.01330
1.1338 -1.73721 0.01380
1.1905 -1.78472 0.01387
1.2472 -1.83398 0.01321
1.3038 -1.88532 0.01223
1.3605 -1.93688 0.01190
1.4172 -1.98747 0.01250
1.4739 -2.03898 0.01292
1.5306 -2.09124 0.01281
1.5873 -2.14128 0.01222
1.6440 -2.18902 0.01151
1.7007 -2.23617 0.01082
1.7574 -2.28308 0.01022
1.8140 -2.32848 0.01004
1.8707 -2.36809 0.01053
1.9274 -2.39977 0.01148
1.9841 -2.42507 0.01185
2.0408 -2.44494 0.01123
2.0975 -2.45931 0.00999
2.1542 -2.46583 0.00952
2.2109 -2.46295 0.01073
2.2676 -2.45460 0.01172
2.3243 -2.44290 0.01148
2.3809 -2.42534 0.01150
2.4376 -2.40200 0.01202
2.4943 -2.37529 0.01222
2.5510 -2.34459 0.01212
2.6077 -2.30851 0.01184
2.6644 -2.26816 0.01187
2.7211 -2.22524 0.01225
2.7778 -2.18130 0.01166
2.8344 -2.13718 0.01023
2.8911 -2.09279 0.00978
2.9478 -2.04704 0.01012
3.0045 -1.99887 0.01022
3.0612 -1.95019 0.01038
3.1179 -1.90248 0.01039
3.1746 -1.85451 0.01020
3.2313 -1.80566 0.01002
3.2880 -1.75652 0.00959
3.3447 -1.70795 0.00930
3.4013 -1.66066 0.00963
3.4580 -1.61351 0.00940
3.5147 -1.56547 0.00791
3.5714 -1.51739 0.00665
3.6281 -1.46995 0.00624
3.6848 -1.42321 0.00605
3.7415 -1.37699 0.00617
3.7982 -1.33105 0.00743
3.8548 -1.28522 0.00860
3.9115 -1.23939 0.00839
3.9682 -1.19321 0.00793
4.0249 -1.14680 0.00794
4.0816 -1.10098 0.00793
4.1383 -1.05641 0.00791
4.1950 -1.01340 0.00805
4.2517 -0.97184 0.00808
4.3084 -0.93123 0.00742
4.3651 -0.89048 0.00702
4.4217 -0.84959 0.00740
4.4784 -0.81077 0.00737
4.5351 -0.77389 0.00659
4.5918 -0.73649 0.00568
4.6485 -0.69892 0.00525
4.7052 -0.66267 0.00577
4.7619 -0.62740 0.00649
4.8186 -0.59273 0.00698
4.8753 -0.55913 0.00741
4.9319 -0.52698 0.00772
4.9886 -0.49628 0.00761
5.0453 -0.46653 0.00712
5.1020 -0.43713 0.00690
5.1587 -0.40875 0.00687
5.2154 -0.38235 0.00672
5.2721 -0.35845 0.00635
5.3288 -0.33640 0.00570
5.3854 -0.31421 0.00505
5.4421 -0.29269 0.00469
5.4988 -0.27422 0.00483
5.5555 -0.25751 0.00498
5.6122 -0.24057 0.00484
5.6689 -0.22332 0.00480
5.7256 -0.20656 0.00468
5.7823 -0.19175 0.00450
5.8390 -0.17862 0.00430
5.8956 -0.16561 0.00441
5.9523 -0.15293 0.00491
6.0090 -0.14118 0.00528
6.0657 -0.12959 0.00488
6.1224 -0.11822 0.00378
6.1791 -0.10908 0.00331
6.2358 -0.10202 0.00331
6.2925 -0.09484 0.00284
6.3492 -0.08759 0.00233
6.4059 -0.08122 0.00167
6.4625 -0.07558 0.00148
6.5192 -0.07019 0.00225
6.5759 -0.06454 0.00298
6.6326 -0.05904 0.00325
6.6893 -0.05487 0.00265
6.7460 -0.05011 0.00310
6.8027 -0.04212 0.00692
6.8594 -0.03385 0.01059
6.9161 -0.02702 0.01146
6.9727 -0.01636 0.00889
7.0294 -0.00321 0.00196
7.0861 0.00201 0.00124
7.1428 0.00025 0.00016
7.1995 -0.00051 0.00031
7.2562 0.00005 0.00003
7.3129 0.00011 0.00007
7.3696 -0.00003 0.00002
7.4262 -0.00002 0.00001
7.4829 0.00001 0.00001
7.5396 0.00000 0.00000
7.5963 -0.00000 0.00000
7.6530 0.00000 0.00000
7.7097 0.00000 0.00000
7.7664 -0.00000 0.00000
7.8231 -0.00000 0.00000
7.8798 0.00000 0.00000
7.9364 0.00000 0.00000
7.9931 -0.00000 0.00000
8.0498 -0.00000 0.00000
8.1065 0.00000 0.00000
8.1632 -0.00000 0.00000
8.2199 -0.00000 0.00000
8.2766 0.00000 0.00000
8.3333 0.00000 0.00000
8.3900 -0.00000 0.00000
8.4467 -0.00000 0.00000
8.5033 0.00000 0.00000
8.5600 -0.00000 0.00000
8.6167 -0.00000 0.00000
8.6734 0.00000 0.00000
8.7301 0.00000 0.00000
8.7868 -0.00000 0.00000
8.8435 -0.00000 0.00000
8.9002 0.00000 0.00000
8.9569 -0.00000 0.00000
9.0136 -0.00000 0.00000
9.0702 0.00000 0.00000
9.1269 0.00000 0.00000
9.1836 -0.00000 0.00000
9.2403 -0.00000 0.00000
9.2970 0.00000 0.00000
9.3537 -0.00000 0.00000
9.4104 -0.00000 0.00000
9.4671 0.00000 0.00000
9.5237 0.00000 0.00000
9.5804 -0.00000 0.00000
9.6371 -0.00000 0.00000
9.6938 0.00000 0.00000
9.7505 -0.00000 0.00000
9.8072 -0.00000 0.00000
9.8639 0.00000 0.00000
9.9206 0.00000 0.00000
9.9773 -0.00000 0.00000
10.0339 -0.00000 0.00000
10.0906 0.00000 0.00000
10.1473 0.00000 0.00000
10.2040 -0.00000 0.00000
10.2607 0.00000 0.00000
10.3174 0.00000 0.00000
10.3741 -0.00000 0.00000
10.4308 -0.00000 0.00000
10.4875 0.00000 0.00000
10.5441 0.00000 0.00000
10.6008 -0.00000 0.00000
10.6575 0.00000 0.00000
10.7142 0.00000 0.00000
10.7709 -0.00000 0.00000
10.8276 -0.00000 0.00000
10.8843 0.00000 0.00000
10.9410 0.00000 0.00000
10.9977 -0.00000 0.00000
11.0543 0.00000 0.00000
11.1110 0.00000 0.00000
11.1677 -0.00000 0.00000
11.2244 -0.00000 0.00000
11.2811 0.00000 0.00000
11.3378 0.00000 0.00000
11.3945 -0.00000 0.00000
11.4512 0.00000 0.00000
11.5079 0.00000 0.00000
11.5645 -0.00000 0.00000
11.6212 -0.00000 0.00000
11.6779 0.00000 0.00000
11.7346 0.00000 0.00000
11.7913 -0.00000 0.00000
11.8480 -0.00000 0.00000
11.9047 0.00000 0.00000
11.9614 -0.00000 0.00000
12.0181 -0.00000 0.00000
12.0747 0.00000 0.00000
12.1314 0.00000 0.00000
12.1881 -0.00000 0.00000
12.2448 -0.00000 0.00000
12.3015 0.00000 0.00000
12.3582 -0.00000 0.00000
12.4149 -0.00000 0.00000
12.4716 0.00000 0.00000
12.5283 0.00000 0.00000
12.5849 -0.00000 0.00000
12.6416 -0.00000 0.00000
12.6983 0.00000 0.00000
12.7550 -0.00000 0.00000
12.8117 -0.00000 0.00000
12.8684 0.00000 0.00000
12.9251 0.00000 0.00000
12.9818 -0.00000 0.00000
13.0385 -0.00000 0.00000
13.0952 0.00000 0.00000
13.1518 -0.00000 0.00000
13.2085 -0.00000 0.00000
13.2652 0.00000 0.00000
13.3219 0.00000 0.00000
13.3786 -0.00000 0.00000
13.4353 -0.00000 0.00000
13.4920 0.00000 0.00000
13.5487 0.00000 0.00000
13.6054 -0.00000 0.00000
13.6620 0.00000 0.00000
13.7187 0.00000 0.00000
13.7754 -0.00000 0.00000
13.8321 -0.00000 0.00000
13.8888 0.00000 0.00000
13.9455 0.00000 0.00000
14.0022 -0.00000 0.00000
14.0589 0.00000 0.00000
14.1156 0.00000 0.00000
14.1722 -0.00000 0.00000
14.2289 -0.00000 0.00000
14.2856 0.00000 0.00000
14.3423 0.00000 0.00000
14.3990 -0.00000 0.00000
14.4557 0.00000 0.00000
14.5124 0.00000 0.00000
14.5691 -0.00000 0.00000
14.6258 -0.00000 0.00000
14.6824 0.00000 0.00000
14.7391 0.00000 0.00000
14.7958 -0.00000 0.00000
14.8525 0.00000 0.00000
14.9092 0.00000 0.00000
14.9659 -0.00000 0.00000
15.0226 -0.00000 0.00000
15.0793 0.00000 0.00000
15.1360 0.00000 0.00000
15.1926 -0.00000 0.00000
15.2493 -0.00000 0.00000
15.3060 0.00000 0.00000
15.3627 -0.00000 0.00000
15.4194 -0.00000 0.00000
15.4761 0.00000 0.00000
15.5328 0.00000 0.00000
15.5895 -0.00000 0.00000
15.6462 -0.00000 0.00000
15.7028 0.00000 0.00000
15.7595 -0.00000 0.00000
15.8162 -0.00000 0.00000
15.8729 0.00000 0.00000
15.9296 0.00000 0.00000
15.9863 -0.00000 0.00000
16.0430 -0.00000 0.00000
16.0997 0.00000 0.00000
16.1564 -0.00000 0.00000
16.2130 -0.00000 0.00000
16.2697 0.00000 0.00000
16.3264 0.00000 0.00000
16.3831 -0.00000 0.00000
16.4398 -0.00000 0.00000
16.4965 0.00002 0.00002
16.5532 -0.00001 0.00000
16.6099 -0.00010 0.00009
16.6666 0.00012 0.00010
16.7232 0.00035 0.00031
16.7799 -0.00086 0.00074
16.8366 -0.00088 0.00076
16.8933 0.00535 0.00463
16.9500 0.01045 0.00905
