# B2 = -1000.8090000000001
0.0000 9.66819 0.26285
0.0567 3.86967 0.11749
0.1134 0.83644 0.04384
0.1701 -0.31590 0.01837
0.2268 -0.47174 0.01747
0.2834 -0.47863 0.01988
0.3401 -0.61058 0.01863
0.3968 -0.71179 0.01814
0.4535 -0.77408 0.01829
0.5102 -0.84141 0.01761
0.5669 -0.90994 0.01648
0.6236 -0.97304 0.01565
0.6803 -1.03614 0.01610
0.7370 -1.10054 0.01751
0.7936 -1.16292 0.01853
0.8503 -1.22200 0.01910
0.9070 -1.27797 0.01955
0.9637 -1.33249 0.01970
1.0204 -1.38642 0.01948
1.0771 -1.43823 0.01959
1.1338 -1.48732 0.02003
1.1905 -1.53426 0.02002
1.2472 -1.58015 0.01981
1.3038 -1.62589 0.02000
1.3605 -1.67048 0.02040
1.4172 -1.71284 0.02059
1.4739 -1.75290 0.01980
1.5306 -1.79151 0.01817
1.5873 -1.83022 0.01706
1.6440 -1.86857 0.01645
1.7007 -1.90511 0.01566
1.7574 -1.94073 0.01521
1.8140 -1.97629 0.01544
1.8707 -2.01053 0.01512
1.9274 -2.04223 0.01388
1.9841 -2.07089 0.01269
2.0408 -2.09692 0.01246
2.0975 -2.12119 0.01350
2.1542 -2.14316 0.01445
2.2109 -2.16214 0.01398
2.2676 -2.17861 0.01333
2.3243 -2.19227 0.01324
2.3809 -2.20129 0.01283
2.4376 -2.20687 0.01193
2.4943 -2.21231 0.01113
2.5510 -2.21488 0.01082
2.6077 -2.21092 0.01105
2.6644 -2.20422 0.01129
2.7211 -2.19726 0.01123
2.7778 -2.18666 0.01141
2.8344 -2.17207 0.01199
2.8911 -2.15646 0.01270
2.9478 -2.13845 0.01302
3.0045 -2.11541 0.01245
3.0612 -2.09045 0.01175
3.1179 -2.06578 0.01169
3.1746 -2.03814 0.01209
3.2313 -2.00638 0.01270
3.2880 -1.97264 0.01290
3.3447 -1.93662 0.01281
3.4013 -1.89710 0.01285
3.4580 -1.85651 0.01237
3.5147 -1.81635 0.01124
3.5714 -1.77245 0.01069
3.6281 -1.72351 0.01103
3.6848 -1.67329 0.01140
3.7415 -1.62234 0.01124
3.7982 -1.56894 0.01054
3.8548 -1.51405 0.01008
3.9115 -1.45923 0.01037
3.9682 -1.40481 0.01054
4.0249 -1.35000 0.01014
4.0816 -1.29275 0.00940
4.1383 -1.23385 0.00909
4.1950 -1.17621 0.01007
4.2517 -1.11881 0.01119
4.3084 -1.05974 0.01123
4.3651 -1.00031 0.01075
4.4217 -0.94201 0.01037
4.4784 -0.88534 0.01055
4.5351 -0.83017 0.01114
4.5918 -0.77595 0.01137
4.6485 -0.72323 0.01115
4.7052 -0.67279 0.01079
4.7619 -0.62388 0.01077
4.8186 -0.57586 0.01101
4.8753 -0.52918 0.01089
4.9319 -0.48452 0.01032
4.9886 -0.44259 0.00989
5.0453 -0.40391 0.00942
5.1020 -0.36861 0.00854
5.1587 -0.33532 0.00791
5.2154 -0.30299 0.00786
5.2721 -0.27252 0.00814
5.3288 -0.24454 0.00821
5.3854 -0.21886 0.00753
5.4421 -0.19504 0.00671
5.4988 -0.17265 0.00678
5.5555 -0.15213 0.00736
5.6122 -0.13383 0.00801
5.6689 -0.11687 0.00908
5.7256 -0.10104 0.01044
5.7823 -0.08751 0.01087
5.8390 -0.07566 0.01121
5.8956 -0.06326 0.01354
5.9523 -0.04787 0.01684
6.0090 -0.02966 0.01678
6.0657 -0.01801 0.01736
6.1224 -0.01683 0.01598
6.1791 -0.01684 0.01394
6.2358 -0.01462 0.01248
6.2925 -0.01318 0.01160
6.3492 -0.01065 0.00922
6.4059 -0.00433 0.00371
6.4625 0.00063 0.00054
6.5192 0.00066 0.00056
6.5759 -0.00026 0.00022
6.6326 -0.00010 0.00008
6.6893 0.00008 0.00007
6.7460 0.00001 0.00000
6.8027 -0.00002 0.00002
6.8594 0.00000 0.00000
6.9161 0.00000 0.00000
6.9727 -0.00000 0.00000
7.0294 -0.00000 0.00000
7.0861 0.00000 0.00000
7.1428 0.00000 0.00000
7.1995 -0.00000 0.00000
7.2562 0.00000 0.00000
7.3129 0.00000 0.00000
7.3696 -0.00000 0.00000
7.4262 -0.00000 0.00000
7.4829 0.00000 0.00000
7.5396 0.00000 0.00000
7.5963 0.00000 0.00000
7.6530 -0.00000 0.00000
7.7097 -0.00000 0.00000
7.7664 0.00000 0.00000
7.8231 0.00000 0.00000
7.8798 -0.00000 0.00000
7.9364 -0.00000 0.00000
7.9931 0.00000 0.00000
8.0498 0.00000 0.00000
8.1065 -0.00000 0.00000
8.1632 0.00000 0.00000
8.2199 0.00000 0.00000
8.2766 -0.00000 0.00000
8.3333 -0.00001 0.00000
8.3900 0.00002 0.00002
8.4467 0.00001 0.00000
8.5033 -0.00010 0.00009
8.5600 0.00007 0.00006
8.6167 0.00038 0.00033
8.6734 -0.00067 0.00058
8.7301 -0.00115 0.00100
8.7868 0.00446 0.00386
8.8435 0.01041 0.00901
8.9002 0.00628 0.00544
8.9569 -0.00051 0.00044
9.0136 -0.00105 0.00091
9.0702 0.00031 0.00027
9.1269 0.00018 0.00015
9.1836 -0.00010 0.00009
9.2403 -0.00002 0.00002
9.2970 0.00003 0.00002
9.3537 -0.00000 0.00000
9.4104 -0.00001 0.00001
9.4671 0.00000 0.00000
9.5237 0.00000 0.00000
9.5804 -0.00000 0.00000
9.6371 -0.00000 0.00000
9.6938 0.00000 0.00000
9.7505 -0.00000 0.00000
9.8072 -0.00000 0.00000
9.8639 0.00000 0.00000
9.9206 0.00000 0.00000
9.9773 -0.00000 0.00000
10.0339 -0.00000 0.00000
10.0906 0.00000 0.00000
10.1473 0.00000 0.00000
10.2040 -0.00000 0.00000
10.2607 0.00000 0.00000
10.3174 0.00000 0.00000
10.3741 -0.00000 0.00000
10.4308 -0.00000 0.00000
10.4875 0.00000 0.00000
10.5441 0.00000 0.00000
10.6008 -0.00000 0.00000
10.6575 0.00000 0.00000
10.7142 0.00000 0.00000
10.7709 -0.00000 0.00000
10.8276 -0.00000 0.00000
10.8843 0.00000 0.00000
10.9410 0.00000 0.00000
10.9977 -0.00000 0.00000
11.0543 0.00000 0.00000
11.1110 0.00000 0.00000
11.1677 -0.00000 0.00000
11.2244 -0.00000 0.00000
11.2811 0.00000 0.00000
11.3378 0.00000 0.00000
11.3945 -0.00000 0.00000
11.4512 0.00000 0.00000
11.5079 0.00000 0.00000
11.5645 -0.00000 0.00000
11.6212 -0.00000 0.00000
11.6779 0.00000 0.00000
11.7346 0.00000 0.00000
11.7913 -0.00000 0.00000
11.8480 -0.00000 0.00000
11.9047 0.00000 0.00000
11.9614 -0.00000 0.00000
12.0181 -0.00000 0.00000
12.0747 0.00000 0.00000
12.1314 0.00000 0.00000
12.1881 -0.00000 0.00000
12.2448 -0.00000 0.00000
12.3015 0.00000 0.00000
12.3582 -0.00000 0.00000
12.4149 -0.00000 0.00000
12.4716 0.00000 0.00000
12.5283 0.00000 0.00000
12.5849 -0.00000 0.00000
12.6416 -0.00000 0.00000
12.6983 0.00000 0.00000
12.7550 -0.00000 0.00000
12.8117 -0.00000 0.00000
12.8684 0.00000 0.00000
12.9251 0.00000 0.00000
12.9818 -0.00000 0.00000
13.0385 -0.00000 0.00000
13.0952 0.00000 0.00000
13.1518 -0.00000 0.00000
13.2085 -0.00000 0.00000
13.2652 0.00000 0.00000
13.3219 0.00000 0.00000
13.3786 -0.00000 0.00000
13.4353 -0.00000 0.00000
13.4920 0.00000 0.00000
13.5487 0.00000 0.00000
13.6054 -0.00000 0.00000
13.6620 0.00000 0.00000
13.7187 0.00000 0.00000
13.7754 -0.00000 0.00000
13.8321 -0.00000 0.00000
13.8888 0.00000 0.00000
13.9455 0.00000 0.00000
14.0022 -0.00000 0.00000
14.0589 0.00000 0.00000
14.1156 0.00000 0.00000
14.1722 -0.00000 0.00000
14.2289 -0.00000 0.00000
14.2856 0.00000 0.00000
14.3423 0.00000 0.00000
14.3990 -0.00000 0.00000
14.4557 0.00000 0.00000
14.5124 0.00000 0.00000
14.5691 -0.00000 0.00000
14.6258 -0.00000 0.00000
14.6824 0.00000 0.00000
14.7391 0.00000 0.00000
14.7958 -0.00000 0.00000
14.8525 0.00000 0.00000
14.9092 0.00000 0.00000
14.9659 -0.00000 0.00000
15.0226 -0.00000 0.00000
15.0793 0.00000 0.00000
15.1360 0.00000 0.00000
15.1926 -0.00000 0.00000
15.2493 -0.00000 0.00000
15.3060 0.00000 0.00000
15.3627 -0.00000 0.00000
15.4194 -0.00000 0.00000
15.4761 0.00000 0.00000
15.5328 0.00000 0.00000
15.5895 -0.00000 0.00000
15.6462 -0.00000 0.00000
15.7028 0.00000 0.00000
15.7595 -0.00000 0.00000
15.8162 -0.00000 0.00000
15.8729 0.00000 0.00000
15.9296 0.00000 0.00000
15.9863 -0.00000 0.00000
16.0430 -0.00000 0.00000
16.0997 0.00000 0.00000
16.1564 -0.00000 0.00000
16.2130 -0.00000 0.00000
16.2697 0.00000 0.00000
16.3264 0.00000 0.00000
16.3831 -0.00000 0.00000
16.4398 -0.00000 0.00000
16.4965 0.00000 0.00000
16.5532 -0.00000 0.00000
16.6099 -0.00000 0.00000
16.6666 0.00000 0.00000
16.7232 0.00000 0.00000
16.7799 -0.00000 0.00000
16.8366 -0.00000 0.00000
16.8933 0.00000 0.00000
16.9500 0.00000 0.00000
