# B2 = -990.188
0.0000 8.73602 0.50817
0.0567 2.78492 0.18767
0.1134 -0.30774 0.02958
0.1701 -1.45666 0.02646
0.2268 -1.57655 0.02274
0.2834 -1.54380 0.01496
0.3401 -1.63788 0.01648
0.3968 -1.69211 0.01723
0.4535 -1.70098 0.01641
0.5102 -1.71478 0.01640
0.5669 -1.72844 0.01585
0.6236 -1.73352 0.01431
0.6803 -1.73542 0.01379
0.7370 -1.73796 0.01438
0.7936 -1.74212 0.01462
0.8503 -1.74716 0.01431
0.9070 -1.75221 0.01392
0.9637 -1.75878 0.01362
1.0204 -1.76821 0.01354
1.0771 -1.78039 0.01382
1.1338 -1.79561 0.01399
1.1905 -1.81460 0.01313
1.2472 -1.83680 0.01225
1.3038 -1.86124 0.01249
1.3605 -1.88872 0.01238
1.4172 -1.92004 0.01104
1.4739 -1.95495 0.01032
1.5306 -1.99244 0.01080
1.5873 -2.03085 0.01113
1.6440 -2.06970 0.01111
1.7007 -2.10909 0.01134
1.7574 -2.14810 0.01151
1.8140 -2.18559 0.01124
1.8707 -2.22082 0.01106
1.9274 -2.25353 0.01126
1.9841 -2.28397 0.01147
2.0408 -2.31093 0.01146
2.0975 -2.33246 0.01139
2.1542 -2.34919 0.01208
2.2109 -2.36226 0.01332
2.2676 -2.37111 0.01434
2.3243 -2.37550 0.01477
2.3809 -2.37628 0.01512
2.4376 -2.37294 0.01572
2.4943 -2.36390 0.01654
2.5510 -2.34901 0.01742
2.6077 -2.32895 0.01814
2.6644 -2.30528 0.01840
2.7211 -2.27903 0.01788
2.7778 -2.24979 0.01685
2.8344 -2.21680 0.01614
2.8911 -2.17936 0.01670
2.9478 -2.13870 0.01774
3.0045 -2.09661 0.01781
3.0612 -2.05247 0.01715
3.1179 -2.00560 0.01632
3.1746 -1.95681 0.01639
3.2313 -1.90633 0.01717
3.2880 -1.85360 0.01731
3.3447 -1.79913 0.01686
3.4013 -1.74401 0.01671
3.4580 -1.68887 0.01711
3.5147 -1.63388 0.01782
3.5714 -1.57869 0.01826
3.6281 -1.52297 0.01827
3.6848 -1.46657 0.01809
3.7415 -1.40970 0.01785
3.7982 -1.35289 0.01765
3.8548 -1.29675 0.01739
3.9115 -1.24206 0.01678
3.9682 -1.18992 0.01592
4.0249 -1.13974 0.01520
4.0816 -1.08841 0.01533
4.1383 -1.03658 0.01597
4.1950 -0.98770 0.01605
4.2517 -0.94030 0.01579
4.3084 -0.89181 0.01559
4.3651 -0.84408 0.01521
4.4217 -0.79905 0.01475
4.4784 -0.75684 0.01494
4.5351 -0.71637 0.01542
4.5918 -0.67583 0.01504
4.6485 -0.63643 0.01417
4.7052 -0.60022 0.01362
4.7619 -0.56575 0.01339
4.8186 -0.53160 0.01318
4.8753 -0.49849 0.01276
4.9319 -0.46691 0.01231
4.9886 -0.43672 0.01210
5.0453 -0.40834 0.01198
5.1020 -0.38220 0.01192
5.1587 -0.35701 0.01176
5.2154 -0.33178 0.01140
5.2721 -0.30767 0.01159
5.3288 -0.28511 0.01238
5.3854 -0.26322 0.01280
5.4421 -0.24254 0.01252
5.4988 -0.22435 0.01171
5.5555 -0.20785 0.01093
5.6122 -0.19183 0.01062
5.6689 -0.17630 0.01060
5.7256 -0.16159 0.01045
5.7823 -0.14807 0.00980
5.8390 -0.13563 0.00905
5.8956 -0.12375 0.00899
5.9523 -0.11196 0.00951
6.0090 -0.10027 0.00985
6.0657 -0.09029 0.00951
6.1224 -0.08192 0.00915
6.1791 -0.07165 0.01205
6.2358 -0.06033 0.01708
6.2925 -0.05281 0.01780
6.3492 -0.04848 0.01508
6.4059 -0.04422 0.01303
6.4625 -0.03845 0.01211
6.5192 -0.03081 0.01297
6.5759 -0.02262 0.01323
6.6326 -0.01450 0.01135
6.6893 -0.00627 0.00649
6.7460 -0.00024 0.00029
6.8027 0.00087 0.00102
6.8594 -0.00012 0.00014
6.9161 -0.00018 0.00021
6.9727 0.00006 0.00007
7.0294 0.00003 0.00003
7.0861 -0.00002 0.00002
7.1428 -0.00000 0.00000
7.1995 0.00000 0.00001
7.2562 -0.00000 0.00000
7.3129 -0.00000 0.00000
7.3696 0.00000 0.00000
7.4262 0.00000 0.00000
7.4829 -0.00000 0.00000
7.5396 -0.00000 0.00000
7.5963 0.00000 0.00000
7.6530 -0.00000 0.00000
7.7097 -0.00000 0.00000
7.7664 0.00000 0.00000
7.8231 0.00000 0.00000
7.8798 -0.00000 0.00000
7.9364 -0.00000 0.00000
7.9931 0.00000 0.00000
8.0498 0.00000 0.00000
8.1065 -0.00000 0.00000
8.1632 0.00000 0.00000
8.2199 0.00000 0.00000
8.2766 -0.00000 0.00000
8.3333 -0.00000 0.00000
8.3900 0.00000 0.00000
8.4467 0.00000 0.00000
8.5033 -0.00000 0.00000
8.5600 0.00000 0.00000
8.6167 0.00000 0.00000
8.6734 -0.00000 0.00000
8.7301 -0.00000 0.00000
8.7868 0.00000 0.00000
8.8435 0.00000 0.00000
8.9002 -0.00000 0.00000
8.9569 0.00000 0.00000
9.0136 0.00000 0.00000
9.0702 -0.00000 0.00000
9.1269 -0.00000 0.00000
9.1836 0.00000 0.00000
9.2403 0.00000 0.00000
9.2970 -0.00000 0.00000
9.3537 0.00000 0.00000
9.4104 0.00000 0.00000
9.4671 -0.00000 0.00000
9.5237 -0.00000 0.00000
9.5804 0.00000 0.00000
9.6371 0.00000 0.00000
9.6938 -0.00000 0.00000
9.7505 0.00000 0.00000
9.8072 0.00000 0.00000
9.8639 -0.00000 0.00000
9.9206 -0.00000 0.00000
9.9773 0.00000 0.00000
10.0339 0.00000 0.00000
10.0906 -0.00000 0.00000
10.1473 -0.00000 0.00000
10.2040 0.00000 0.00000
10.2607 -0.00000 0.00000
10.3174 -0.00000 0.00000
10.3741 0.00000 0.00000
10.4308 0.00000 0.00000
10.4875 -0.00000 0.00000
10.5441 -0.00000 0.00000
10.6008 0.00000 0.00000
10.6575 -0.00000 0.00000
10.7142 -0.00000 0.00000
10.7709 0.00000 0.00000
10.8276 0.00000 0.00000
10.8843 -0.00000 0.00000
10.9410 -0.00000 0.00000
10.9977 0.00000 0.00000
11.0543 -0.00000 0.00000
11.1110 -0.00000 0.00000
11.1677 0.00000 0.00000
11.2244 0.00000 0.00000
11.2811 -0.00000 0.00000
11.3378 -0.00000 0.00000
11.3945 0.00000 0.00000
11.4512 -0.00000 0.00000
11.5079 -0.00000 0.00000
11.5645 0.00000 0.00000
11.6212 0.00000 0.00000
11.6779 -0.00000 0.00000
11.7346 -0.00000 0.00000
11.7913 0.00000 0.00000
11.8480 0.00000 0.00000
11.9047 -0.00000 0.00000
11.9614 0.00000 0.00000
12.0181 0.00000 0.00000
12.0747 -0.00000 0.00000
12.1314 -0.00000 0.00000
12.1881 0.00000 0.00000
12.2448 0.00000 0.00000
12.3015 -0.00000 0.00000
12.3582 0.00000 0.00000
12.4149 0.00000 0.00000
12.4716 -0.00000 0.00000
12.5283 -0.00000 0.00000
12.5849 0.00000 0.00000
12.6416 0.00000 0.00000
12.6983 -0.00000 0.00000
12.7550 0.00000 0.00000
12.8117 0.00000 0.00000
12.8684 -0.00000 0.00000
12.9251 -0.00000 0.00000
12.9818 0.00000 0.00000
13.0385 0.00000 0.00000
13.0952 -0.00000 0.00000
13.1518 0.00000 0.00000
13.2085 0.00000 0.00000
13.2652 -0.00000 0.00000
13.3219 -0.00000 0.00000
13.3786 0.00000 0.00000
13.4353 0.00000 0.00000
13.4920 -0.00000 0.00000
13.5487 -0.00000 0.00000
13.6054 0.00000 0.00000
13.6620 -0.00000 0.00000
13.7187 -0.00000 0.00000
13.7754 0.00000 0.00000
13.8321 0.00000 0.00000
13.8888 -0.00000 0.00000
13.9455 -0.00000 0.00000
14.0022 0.00000 0.00000
14.0589 -0.00000 0.00000
14.1156 -0.00000 0.00000
14.1722 0.00000 0.00000
14.2289 0.00000 0.00000
14.2856 -0.00000 0.00000
14.3423 -0.00000 0.00000
14.3990 0.00000 0.00000
14.4557 -0.00000 0.00000
14.5124 -0.00000 0.00000
14.5691 0.00000 0.00000
14.6258 0.00000 0.00000
14.6824 -0.00000 0.00000
14.7391 -0.00000 0.00000
14.7958 0.00000 0.00000
14.8525 -0.00000 0.00000
14.9092 -0.00000 0.00000
14.9659 0.00000 0.00000
15.0226 0.00000 0.00000
15.0793 -0.00000 0.00000
15.1360 -0.00000 0.00000
15.1926 0.00000 0.00000
15.2493 0.00000 0.00000
15.3060 -0.00000 0.00000
15.3627 0.00000 0.00000
15.4194 0.00000 0.00000
15.4761 -0.00000 0.00000
15.5328 -0.00000 0.00000
15.5895 0.00000 0.00000
15.6462 0.00000 0.00000
15.7028 -0.00000 0.00000
15.7595 0.00000 0.00000
15.8162 0.00000 0.00000
15.8729 -0.00000 0.00000
15.9296 -0.00000 0.00000
15.9863 0.00000 0.00000
16.0430 0.00000 0.00000
16.0997 -0.00000 0.00000
16.1564 0.00000 0.00000
16.2130 0.00000 0.00000
16.2697 -0.00000 0.00000
16.3264 -0.00000 0.00000
16.3831 0.00000 0.00000
16.4398 0.00000 0.00000
16.4965 -0.00000 0.00000
16.5532 0.00000 0.00000
16.6099 0.00000 0.00000
16.6666 -0.00000 0.00000
16.7232 -0.00000 0.00000
16.7799 0.00000 0.00000
16.8366 0.00000 0.00000
16.8933 -0.00000 0.00000
16.9500 0.00000 0.00000
