# B2 = -1019.9633333333335
0.0000 9.24749 0.52854
0.0567 3.37167 0.20519
0.1134 0.30588 0.04356
0.1701 -0.85051 0.01012
0.2268 -0.99808 0.00762
0.2834 -0.99968 0.00245
0.3401 -1.12986 0.00633
0.3968 -1.22334 0.00798
0.4535 -1.27279 0.00770
0.5102 -1.32582 0.00848
0.5669 -1.37657 0.00890
0.6236 -1.41666 0.00856
0.6803 -1.45224 0.00947
0.7370 -1.48642 0.01104
0.7936 -1.51825 0.01084
0.8503 -1.54708 0.00946
0.9070 -1.57336 0.00851
0.9637 -1.60082 0.00817
1.0204 -1.63189 0.00830
1.0771 -1.66480 0.00866
1.1338 -1.69898 0.00897
1.1905 -1.73557 0.00924
1.2472 -1.77535 0.00957
1.3038 -1.81877 0.01010
1.3605 -1.86591 0.01053
1.4172 -1.91597 0.01056
1.4739 -1.96640 0.01060
1.5306 -2.01829 0.01072
1.5873 -2.07678 0.01026
1.6440 -2.13873 0.00955
1.7007 -2.19685 0.00958
1.7574 -2.25230 0.00981
1.8140 -2.30712 0.00913
1.8707 -2.35791 0.00805
1.9274 -2.40197 0.00700
1.9841 -2.43890 0.00578
2.0408 -2.46807 0.00577
2.0975 -2.48874 0.00694
2.1542 -2.50146 0.00716
2.2109 -2.50708 0.00539
2.2676 -2.50575 0.00460
2.3243 -2.49680 0.00566
2.3809 -2.47865 0.00647
2.4376 -2.45285 0.00663
2.4943 -2.42335 0.00730
2.5510 -2.39076 0.00778
2.6077 -2.35433 0.00690
2.6644 -2.31435 0.00586
2.7211 -2.27118 0.00588
2.7778 -2.22484 0.00739
2.8344 -2.17595 0.00918
2.8911 -2.12563 0.00912
2.9478 -2.07367 0.00839
3.0045 -2.01981 0.00839
3.0612 -1.96740 0.00892
3.1179 -1.91756 0.00966
3.1746 -1.86458 0.01012
3.2313 -1.80858 0.01034
3.2880 -1.75695 0.01085
3.3447 -1.70721 0.01078
3.4013 -1.65261 0.00886
3.4580 -1.59846 0.00753
3.5147 -1.54986 0.00900
3.5714 -1.50078 0.01042
3.6281 -1.44884 0.01018
3.6848 -1.39881 0.00996
3.7415 -1.35117 0.00985
3.7982 -1.30345 0.00886
3.8548 -1.25701 0.00773
3.9115 -1.21335 0.00739
3.9682 -1.16964 0.00725
4.0249 -1.12460 0.00675
4.0816 -1.08067 0.00555
4.1383 -1.03854 0.00439
4.1950 -0.99727 0.00517
4.2517 -0.95654 0.00654
4.3084 -0.91643 0.00635
4.3651 -0.87702 0.00531
4.4217 -0.83863 0.00475
4.4784 -0.80198 0.00579
4.5351 -0.76664 0.00754
4.5918 -0.73112 0.00761
4.6485 -0.69512 0.00670
4.7052 -0.65929 0.00658
4.7619 -0.62547 0.00630
4.8186 -0.59454 0.00523
4.8753 -0.56456 0.00494
4.9319 -0.53474 0.00563
4.9886 -0.50595 0.00584
5.0453 -0.47778 0.00563
5.1020 -0.44940 0.00593
5.1587 -0.42202 0.00665
5.2154 -0.39698 0.00708
5.2721 -0.37431 0.00634
5.3288 -0.35296 0.00482
5.3854 -0.33091 0.00453
5.4421 -0.30843 0.00490
5.4988 -0.28732 0.00397
5.5555 -0.26809 0.00302
5.6122 -0.25060 0.00367
5.6689 -0.23430 0.00500
5.7256 -0.21883 0.00593
5.7823 -0.20419 0.00585
5.8390 -0.18991 0.00544
5.8956 -0.17526 0.00597
5.9523 -0.16048 0.00686
6.0090 -0.14626 0.00715
6.0657 -0.13322 0.00727
6.1224 -0.12158 0.00760
6.1791 -0.11078 0.00814
6.2358 -0.10116 0.00854
6.2925 -0.09370 0.00853
6.3492 -0.08700 0.00804
6.4059 -0.07933 0.00717
6.4625 -0.07295 0.00655
6.5192 -0.06800 0.00730
6.5759 -0.05826 0.01122
6.6326 -0.04495 0.01640
6.6893 -0.03769 0.01727
6.7460 -0.03691 0.01531
6.8027 -0.03666 0.01473
6.8594 -0.02798 0.01167
6.9161 -0.00903 0.00384
6.9727 0.00266 0.00113
7.0294 0.00124 0.00053
7.0861 -0.00082 0.00035
7.1428 -0.00010 0.00004
7.1995 0.00021 0.00009
7.2562 -0.00002 0.00001
7.3129 -0.00004 0.00002
7.3696 0.00001 0.00001
7.4262 0.00001 0.00000
7.4829 -0.00000 0.00000
7.5396 -0.00000 0.00000
7.5963 0.00000 0.00000
7.6530 -0.00000 0.00000
7.7097 -0.00000 0.00000
7.7664 0.00000 0.00000
7.8231 0.00000 0.00000
7.8798 -0.00000 0.00000
7.9364 -0.00000 0.00000
7.9931 0.00000 0.00000
8.0498 0.00000 0.00000
8.1065 -0.00000 0.00000
8.1632 0.00000 0.00000
8.2199 0.00000 0.00000
8.2766 -0.00000 0.00000
8.3333 -0.00000 0.00000
8.3900 0.00000 0.00000
8.4467 0.00000 0.00000
8.5033 -0.00000 0.00000
8.5600 0.00000 0.00000
8.6167 0.00000 0.00000
8.6734 -0.00000 0.00000
8.7301 -0.00000 0.00000
8.7868 0.00000 0.00000
8.8435 0.00000 0.00000
8.9002 -0.00000 0.00000
8.9569 0.00000 0.00000
9.0136 0.00000 0.00000
9.0702 -0.00000 0.00000
9.1269 -0.00000 0.00000
9.1836 0.00000 0.00000
9.2403 0.00000 0.00000
9.2970 -0.00000 0.00000
9.3537 0.00000 0.00000
9.4104 0.00000 0.00000
9.4671 -0.00000 0.00000
9.5237 -0.00000 0.00000
9.5804 0.00000 0.00000
9.6371 0.00000 0.00000
9.6938 -0.00000 0.00000
9.7505 0.00000 0.00000
9.8072 0.00000 0.00000
9.8639 -0.00000 0.00000
9.9206 -0.00000 0.00000
9.9773 0.00000 0.00000
10.0339 0.00000 0.00000
10.0906 -0.00000 0.00000
10.1473 -0.00000 0.00000
10.2040 0.00000 0.00000
10.2607 -0.00000 0.00000
10.3174 -0.00000 0.00000
10.3741 0.00000 0.00000
10.4308 0.00000 0.00000
10.4875 -0.00000 0.00000
10.5441 -0.00000 0.00000
10.6008 0.00000 0.00000
10.6575 -0.00000 0.00000
10.7142 -0.00000 0.00000
10.7709 0.00000 0.00000
10.8276 0.00000 0.00000
10.8843 -0.00000 0.00000
10.9410 -0.00000 0.00000
10.9977 0.00000 0.00000
11.0543 -0.00000 0.00000
11.1110 -0.00000 0.00000
11.1677 0.00000 0.00000
11.2244 0.00000 0.00000
11.2811 -0.00000 0.00000
11.3378 -0.00000 0.00000
11.3945 0.00000 0.00000
11.4512 -0.00000 0.00000
11.5079 -0.00000 0.00000
11.5645 0.00000 0.00000
11.6212 0.00000 0.00000
11.6779 -0.00000 0.00000
11.7346 -0.00000 0.00000
11.7913 0.00000 0.00000
11.8480 0.00000 0.00000
11.9047 -0.00000 0.00000
11.9614 0.00000 0.00000
12.0181 0.00000 0.00000
12.0747 -0.00000 0.00000
12.1314 -0.00000 0.00000
12.1881 0.00000 0.00000
12.2448 0.00000 0.00000
12.3015 -0.00000 0.00000
12.3582 0.00000 0.00000
12.4149 0.00000 0.00000
12.4716 -0.00000 0.00000
12.5283 -0.00000 0.00000
12.5849 0.00000 0.00000
12.6416 0.00000 0.00000
12.6983 -0.00000 0.00000
12.7550 0.00000 0.00000
12.8117 0.00000 0.00000
12.8684 -0.00000 0.00000
12.9251 -0.00000 0.00000
12.9818 0.00000 0.00000
13.0385 0.00000 0.00000
13.0952 -0.00000 0.00000
13.1518 0.00000 0.00000
13.2085 0.00000 0.00000
13.2652 -0.00000 0.00000
13.3219 -0.00000 0.00000
13.3786 0.00000 0.00000
13.4353 0.00000 0.00000
13.4920 -0.00000 0.00000
13.5487 -0.00000 0.00000
13.6054 0.00000 0.00000
13.6620 -0.00000 0.00000
13.7187 -0.00000 0.00000
13.7754 0.00000 0.00000
13.8321 0.00000 0.00000
13.8888 -0.00000 0.00000
13.9455 -0.00000 0.00000
14.0022 0.00000 0.00000
14.0589 -0.00000 0.00000
14.1156 -0.00000 0.00000
14.1722 0.00000 0.00000
14.2289 0.00000 0.00000
14.2856 -0.00000 0.00000
14.3423 -0.00000 0.00000
14.3990 0.00000 0.00000
14.4557 -0.00000 0.00000
14.5124 -0.00000 0.00000
14.5691 0.00000 0.00000
14.6258 0.00000 0.00000
14.6824 -0.00000 0.00000
14.7391 -0.00000 0.00000
14.7958 0.00000 0.00000
14.8525 -0.00000 0.00000
14.9092 -0.00000 0.00000
14.9659 0.00000 0.00000
15.0226 0.00000 0.00000
15.0793 -0.00000 0.00000
15.1360 -0.00000 0.00000
15.1926 0.00000 0.00000
15.2493 0.00000 0.00000
15.3060 -0.00000 0.00000
15.3627 0.00000 0.00000
15.4194 0.00000 0.00000
15.4761 -0.00000 0.00000
15.5328 -0.00000 0.00000
15.5895 0.00000 0.00000
15.6462 0.00000 0.00000
15.7028 -0.00000 0.00000
15.7595 0.00000 0.00000
15.8162 0.00000 0.00000
15.8729 -0.00000 0.00000
15.9296 -0.00000 0.00000
15.9863 0.00000 0.00000
16.0430 0.00000 0.00000
16.0997 -0.00000 0.00000
16.1564 0.00000 0.00000
16.2130 0.00000 0.00000
16.2697 -0.00000 0.00000
16.3264 -0.00000 0.00000
16.3831 0.00000 0.00000
16.4398 0.00000 0.00000
16.4965 -0.00000 0.00000
16.5532 0.00000 0.00000
16.6099 0.00000 0.00000
16.6666 -0.00000 0.00000
16.7232 -0.00000 0.00000
16.7799 0.00000 0.00000
16.8366 0.00000 0.00000
16.8933 -0.00000 0.00000
16.9500 -0.00000 0.00000
