# B2 = -1017.9264999999999
0.0000 7.53692 0.26744
0.0567 1.76549 0.10319
0.1134 -1.23942 0.02618
0.1701 -2.36239 0.01937
0.2268 -2.48796 0.01869
0.2834 -2.46361 0.01759
0.3401 -2.55896 0.01742
0.3968 -2.61188 0.01790
0.4535 -2.61781 0.01889
0.5102 -2.62667 0.02011
0.5669 -2.63440 0.02076
0.6236 -2.63283 0.02063
0.6803 -2.62586 0.02044
0.7370 -2.61674 0.02021
0.7936 -2.60695 0.01959
0.8503 -2.59658 0.01872
0.9070 -2.58519 0.01769
0.9637 -2.57261 0.01690
1.0204 -2.55912 0.01651
1.0771 -2.54569 0.01609
1.1338 -2.53291 0.01556
1.1905 -2.52095 0.01521
1.2472 -2.51085 0.01480
1.3038 -2.50353 0.01388
1.3605 -2.49695 0.01336
1.4172 -2.49024 0.01398
1.4739 -2.48701 0.01496
1.5306 -2.48835 0.01555
1.5873 -2.49153 0.01504
1.6440 -2.49532 0.01406
1.7007 -2.49985 0.01375
1.7574 -2.50676 0.01387
1.8140 -2.51676 0.01385
1.8707 -2.52664 0.01407
1.9274 -2.53451 0.01455
1.9841 -2.54128 0.01471
2.0408 -2.54677 0.01445
2.0975 -2.55020 0.01428
2.1542 -2.55290 0.01452
2.2109 -2.55571 0.01523
2.2676 -2.55502 0.01571
2.3243 -2.54895 0.01565
2.3809 -2.53964 0.01547
2.4376 -2.52663 0.01501
2.4943 -2.50734 0.01421
2.5510 -2.48379 0.01394
2.6077 -2.45881 0.01469
2.6644 -2.42990 0.01538
2.7211 -2.39518 0.01536
2.7778 -2.35635 0.01537
2.8344 -2.31426 0.01579
2.8911 -2.26854 0.01643
2.9478 -2.21965 0.01673
3.0045 -2.16807 0.01621
3.0612 -2.11227 0.01560
3.1179 -2.05160 0.01574
3.1746 -1.98880 0.01671
3.2313 -1.92464 0.01762
3.2880 -1.85725 0.01688
3.3447 -1.78752 0.01527
3.4013 -1.71763 0.01456
3.4580 -1.64646 0.01433
3.5147 -1.57300 0.01385
3.5714 -1.49935 0.01356
3.6281 -1.42602 0.01353
3.6848 -1.35082 0.01295
3.7415 -1.27445 0.01240
3.7982 -1.19962 0.01263
3.8548 -1.12704 0.01319
3.9115 -1.05640 0.01350
3.9682 -0.98673 0.01354
4.0249 -0.91788 0.01336
4.0816 -0.85130 0.01306
4.1383 -0.78838 0.01305
4.1950 -0.73008 0.01350
4.2517 -0.67508 0.01373
4.3084 -0.62183 0.01308
4.3651 -0.57176 0.01274
4.4217 -0.52589 0.01340
4.4784 -0.48326 0.01399
4.5351 -0.44365 0.01418
4.5918 -0.40765 0.01450
4.6485 -0.37395 0.01453
4.7052 -0.34109 0.01365
4.7619 -0.31136 0.01260
4.8186 -0.28645 0.01200
4.8753 -0.26446 0.01156
4.9319 -0.24396 0.01112
4.9886 -0.22460 0.01100
5.0453 -0.20626 0.01099
5.1020 -0.18897 0.01065
5.1587 -0.17329 0.01000
5.2154 -0.15953 0.00928
5.2721 -0.14686 0.00893
5.3288 -0.13496 0.00907
5.3854 -0.12433 0.00949
5.4421 -0.11480 0.00981
5.4988 -0.10580 0.00954
5.5555 -0.09734 0.00900
5.6122 -0.08964 0.00868
5.6689 -0.08273 0.00866
5.7256 -0.07677 0.00854
5.7823 -0.07195 0.00747
5.8390 -0.06627 0.00688
5.8956 -0.05689 0.01013
5.9523 -0.04787 0.01422
6.0090 -0.04433 0.01406
6.0657 -0.04414 0.01264
6.1224 -0.04290 0.01228
6.1791 -0.03546 0.01115
6.2358 -0.02546 0.01166
6.2925 -0.02313 0.01288
6.3492 -0.02135 0.01072
6.4059 -0.00928 0.00438
6.4625 0.00137 0.00063
6.5192 0.00144 0.00067
6.5759 -0.00057 0.00027
6.6326 -0.00021 0.00010
6.6893 0.00017 0.00008
6.7460 0.00001 0.00001
6.8027 -0.00004 0.00002
6.8594 0.00001 0.00000
6.9161 0.00001 0.00000
6.9727 -0.00000 0.00000
7.0294 -0.00000 0.00000
7.0861 0.00000 0.00000
7.1428 0.00000 0.00000
7.1995 -0.00000 0.00000
7.2562 0.00000 0.00000
7.3129 0.00000 0.00000
7.3696 -0.00000 0.00000
7.4262 -0.00000 0.00000
7.4829 0.00000 0.00000
7.5396 0.00000 0.00000
7.5963 -0.00000 0.00000
7.6530 0.00000 0.00000
7.7097 0.00000 0.00000
7.7664 -0.00000 0.00000
7.8231 -0.00000 0.00000
7.8798 0.00000 0.00000
7.9364 0.00000 0.00000
7.9931 -0.00000 0.00000
8.0498 -0.00000 0.00000
8.1065 0.00000 0.00000
8.1632 -0.00000 0.00000
8.2199 -0.00000 0.00000
8.2766 0.00000 0.00000
8.3333 0.00000 0.00000
8.3900 -0.00000 0.00000
8.4467 -0.00000 0.00000
8.5033 0.00000 0.00000
8.5600 -0.00000 0.00000
8.6167 -0.00000 0.00000
8.6734 0.00000 0.00000
8.7301 0.00000 0.00000
8.7868 -0.00000 0.00000
8.8435 -0.00000 0.00000
8.9002 0.00000 0.00000
8.9569 -0.00000 0.00000
9.0136 -0.00000 0.00000
9.0702 0.00000 0.00000
9.1269 0.00000 0.00000
9.1836 -0.00000 0.00000
9.2403 -0.00000 0.00000
9.2970 0.00000 0.00000
9.3537 -0.00000 0.00000
9.4104 -0.00000 0.00000
9.4671 0.00000 0.00000
9.5237 0.00000 0.00000
9.5804 -0.00000 0.00000
9.6371 -0.00000 0.00000
9.6938 0.00000 0.00000
9.7505 -0.00000 0.00000
9.8072 -0.00000 0.00000
9.8639 0.00000 0.00000
9.9206 0.00000 0.00000
9.9773 -0.00000 0.00000
10.0339 -0.00000 0.00000
10.0906 0.00000 0.00000
10.1473 0.00000 0.00000
10.2040 -0.00000 0.00000
10.2607 0.00000 0.00000
10.3174 0.00000 0.00000
10.3741 -0.00000 0.00000
10.4308 -0.00000 0.00000
10.4875 0.00000 0.00000
10.5441 0.00000 0.00000
10.6008 -0.00000 0.00000
10.6575 0.00000 0.00000
10.7142 0.00000 0.00000
10.7709 -0.00000 0.00000
10.8276 -0.00000 0.00000
10.8843 0.00000 0.00000
10.9410 0.00000 0.00000
10.9977 -0.00000 0.00000
11.0543 0.00000 0.00000
11.1110 0.00000 0.00000
11.1677 -0.00000 0.00000
11.2244 -0.00000 0.00000
11.2811 0.00000 0.00000
11.3378 0.00000 0.00000
11.3945 -0.00000 0.00000
11.4512 0.00000 0.00000
11.5079 0.00000 0.00000
11.5645 -0.00000 0.00000
11.6212 -0.00000 0.00000
11.6779 0.00000 0.00000
11.7346 0.00000 0.00000
11.7913 -0.00000 0.00000
11.8480 -0.00000 0.00000
11.9047 0.00000 0.00000
11.9614 -0.00000 0.00000
12.0181 -0.00000 0.00000
12.0747 0.00000 0.00000
12.1314 0.00000 0.00000
12.1881 -0.00000 0.00000
12.2448 -0.00000 0.00000
12.3015 0.00000 0.00000
12.3582 -0.00000 0.00000
12.4149 -0.00000 0.00000
12.4716 0.00000 0.00000
12.5283 0.00000 0.00000
12.5849 -0.00000 0.00000
12.6416 -0.00000 0.00000
12.6983 0.00000 0.00000
12.7550 -0.00000 0.00000
12.8117 -0.00000 0.00000
12.8684 0.00000 0.00000
12.9251 0.00000 0.00000
12.9818 -0.00000 0.00000
13.0385 -0.00000 0.00000
13.0952 0.00000 0.00000
13.1518 -0.00000 0.00000
13.2085 -0.00000 0.00000
13.2652 0.00000 0.00000
13.3219 0.00000 0.00000
13.3786 -0.00000 0.00000
13.4353 -0.00000 0.00000
13.4920 0.00000 0.00000
13.5487 0.00000 0.00000
13.6054 -0.00000 0.00000
13.6620 0.00000 0.00000
13.7187 0.00000 0.00000
13.7754 -0.00000 0.00000
13.8321 -0.00000 0.00000
13.8888 0.00000 0.00000
13.9455 0.00000 0.00000
14.0022 -0.00000 0.00000
14.0589 0.00000 0.00000
14.1156 0.00000 0.00000
14.1722 -0.00000 0.00000
14.2289 -0.00000 0.00000
14.2856 0.00000 0.00000
14.3423 0.00000 0.00000
14.3990 -0.00000 0.00000
14.4557 0.00000 0.00000
14.5124 0.00000 0.00000
14.5691 -0.00000 0.00000
14.6258 -0.00000 0.00000
14.6824 0.00000 0.00000
14.7391 0.00000 0.00000
14.7958 -0.00000 0.00000
14.8525 0.00000 0.00000
14.9092 0.00000 0.00000
14.9659 -0.00000 0.00000
15.0226 -0.00000 0.00000
15.0793 0.00000 0.00000
15.1360 0.00000 0.00000
15.1926 -0.00000 0.00000
15.2493 -0.00000 0.00000
15.3060 0.00000 0.00000
15.3627 -0.00000 0.00000
15.4194 -0.00000 0.00000
15.4761 0.00000 0.00000
15.5328 0.00000 0.00000
15.5895 -0.00000 0.00000
15.6462 -0.00000 0.00000
15.7028 0.00000 0.00000
15.7595 -0.00000 0.00000
15.8162 -0.00000 0.00000
15.8729 0.00000 0.00000
15.9296 0.00000 0.00000
15.9863 -0.00000 0.00000
16.0430 -0.00000 0.00000
16.0997 0.00000 0.00000
16.1564 -0.00000 0.00000
16.2130 -0.00000 0.00000
16.2697 0.00000 0.00000
16.3264 0.00000 0.00000
16.3831 -0.00000 0.00000
16.4398 -0.00000 0.00000
16.4965 0.00000 0.00000
16.5532 -0.00000 0.00000
16.6099 -0.00000 0.00000
16.6666 0.00000 0.00000
16.7232 0.00000 0.00000
16.7799 -0.00000 0.00000
16.8366 -0.00000 0.00000
16.8933 0.00000 0.00000
16.9500 -0.00000 0.00000
