# B2 = -1018.0437499999999
0.0000 9.54437 0.32532
0.0567 3.33418 0.12443
0.1134 0.10752 0.02794
0.1701 -1.09134 0.01576
0.2268 -1.21811 0.01431
0.2834 -1.18847 0.01393
0.3401 -1.29479 0.01405
0.3968 -1.36306 0.01328
0.4535 -1.38504 0.01267
0.5102 -1.41089 0.01384
0.5669 -1.43722 0.01462
0.6236 -1.45681 0.01360
0.6803 -1.47484 0.01259
0.7370 -1.49374 0.01223
0.7936 -1.51245 0.01186
0.8503 -1.53126 0.01184
0.9070 -1.55108 0.01248
0.9637 -1.57244 0.01297
1.0204 -1.59604 0.01276
1.0771 -1.62295 0.01211
1.1338 -1.65338 0.01166
1.1905 -1.68662 0.01230
1.2472 -1.72262 0.01326
1.3038 -1.76190 0.01320
1.3605 -1.80580 0.01245
1.4172 -1.85465 0.01156
1.4739 -1.90601 0.01045
1.5306 -1.95861 0.00930
1.5873 -2.01304 0.00836
1.6440 -2.06834 0.00781
1.7007 -2.12271 0.00787
1.7574 -2.17593 0.00786
1.8140 -2.22736 0.00690
1.8707 -2.27379 0.00584
1.9274 -2.31384 0.00525
1.9841 -2.34917 0.00486
2.0408 -2.37933 0.00460
2.0975 -2.40246 0.00475
2.1542 -2.41859 0.00545
2.2109 -2.42824 0.00613
2.2676 -2.43084 0.00617
2.3243 -2.42606 0.00582
2.3809 -2.41430 0.00626
2.4376 -2.39632 0.00735
2.4943 -2.37317 0.00843
2.5510 -2.34600 0.00935
2.6077 -2.31537 0.00937
2.6644 -2.27937 0.00910
2.7211 -2.23762 0.00916
2.7778 -2.19367 0.00921
2.8344 -2.14946 0.00887
2.8911 -2.10480 0.00794
2.9478 -2.05818 0.00704
3.0045 -2.00823 0.00676
3.0612 -1.95679 0.00688
3.1179 -1.90553 0.00699
3.1746 -1.85368 0.00675
3.2313 -1.80095 0.00620
3.2880 -1.74806 0.00563
3.3447 -1.69611 0.00522
3.4013 -1.64601 0.00476
3.4580 -1.59647 0.00469
3.5147 -1.54624 0.00534
3.5714 -1.49602 0.00523
3.6281 -1.44693 0.00432
3.6848 -1.40000 0.00401
3.7415 -1.35441 0.00445
3.7982 -1.30836 0.00515
3.8548 -1.26287 0.00531
3.9115 -1.21952 0.00442
3.9682 -1.17802 0.00368
4.0249 -1.13784 0.00368
4.0816 -1.09855 0.00430
4.1383 -1.05944 0.00467
4.1950 -1.01989 0.00380
4.2517 -0.98136 0.00254
4.3084 -0.94539 0.00236
4.3651 -0.91001 0.00291
4.4217 -0.87414 0.00343
4.4784 -0.83971 0.00343
4.5351 -0.80652 0.00276
4.5918 -0.77231 0.00201
4.6485 -0.73758 0.00141
4.7052 -0.70414 0.00128
4.7619 -0.67284 0.00127
4.8186 -0.64335 0.00101
4.8753 -0.61338 0.00089
4.9319 -0.58263 0.00178
4.9886 -0.55321 0.00172
5.0453 -0.52539 0.00182
5.1020 -0.49827 0.00242
5.1587 -0.47140 0.00287
5.2154 -0.44475 0.00282
5.2721 -0.41892 0.00282
5.3288 -0.39412 0.00240
5.3854 -0.37001 0.00256
5.4421 -0.34695 0.00339
5.4988 -0.32563 0.00360
5.5555 -0.30556 0.00331
5.6122 -0.28612 0.00312
5.6689 -0.26782 0.00317
5.7256 -0.25089 0.00362
5.7823 -0.23481 0.00443
5.8390 -0.21883 0.00505
5.8956 -0.20228 0.00502
5.9523 -0.18622 0.00499
6.0090 -0.17200 0.00536
6.0657 -0.15943 0.00581
6.1224 -0.14786 0.00577
6.1791 -0.13648 0.00554
6.2358 -0.12556 0.00546
6.2925 -0.11613 0.00576
6.3492 -0.10697 0.00646
6.4059 -0.09649 0.00733
6.4625 -0.08669 0.00757
6.5192 -0.07919 0.00710
6.5759 -0.07288 0.00732
6.6326 -0.06728 0.00790
6.6893 -0.06279 0.00713
6.7460 -0.05756 0.00671
6.8027 -0.04923 0.01006
6.8594 -0.03978 0.01330
6.9161 -0.03131 0.01358
6.9727 -0.02295 0.01329
7.0294 -0.01549 0.01194
7.0861 -0.01218 0.01159
7.1428 -0.01215 0.01065
7.1995 -0.01207 0.01021
7.2562 -0.01175 0.01020
7.3129 -0.01168 0.01017
7.3696 -0.01117 0.00966
7.4262 -0.01049 0.00908
7.4829 -0.01147 0.00993
7.5396 -0.01157 0.01002
7.5963 -0.00604 0.00523
7.6530 0.00020 0.00017
7.7097 0.00096 0.00083
7.7664 -0.00023 0.00020
7.8231 -0.00017 0.00015
7.8798 0.00008 0.00007
7.9364 0.00002 0.00002
7.9931 -0.00002 0.00002
8.0498 -0.00000 0.00000
8.1065 0.00001 0.00000
8.1632 -0.00000 0.00000
8.2199 -0.00000 0.00000
8.2766 0.00000 0.00000
8.3333 0.00000 0.00000
8.3900 -0.00000 0.00000
8.4467 -0.00000 0.00000
8.5033 0.00000 0.00000
8.5600 -0.00000 0.00000
8.6167 -0.00000 0.00000
8.6734 0.00000 0.00000
8.7301 0.00000 0.00000
8.7868 -0.00000 0.00000
8.8435 -0.00000 0.00000
8.9002 0.00000 0.00000
8.9569 -0.00000 0.00000
9.0136 -0.00000 0.00000
9.0702 0.00000 0.00000
9.1269 0.00000 0.00000
9.1836 -0.00000 0.00000
9.2403 -0.00000 0.00000
9.2970 0.00000 0.00000
9.3537 -0.00000 0.00000
9.4104 -0.00000 0.00000
9.4671 0.00000 0.00000
9.5237 0.00000 0.00000
9.5804 -0.00000 0.00000
9.6371 -0.00000 0.00000
9.6938 0.00000 0.00000
9.7505 -0.00000 0.00000
9.8072 -0.00000 0.00000
9.8639 0.00000 0.00000
9.9206 0.00000 0.00000
9.9773 -0.00000 0.00000
10.0339 -0.00000 0.00000
10.0906 0.00000 0.00000
10.1473 0.00000 0.00000
10.2040 -0.00000 0.00000
10.2607 0.00000 0.00000
10.3174 0.00000 0.00000
10.3741 -0.00000 0.00000
10.4308 -0.00000 0.00000
10.4875 0.00000 0.00000
10.5441 0.00000 0.00000
10.6008 -0.00000 0.00000
10.6575 0.00000 0.00000
10.7142 0.00000 0.00000
10.7709 -0.00000 0.00000
10.8276 -0.00000 0.00000
10.8843 0.00000 0.00000
10.9410 0.00000 0.00000
10.9977 -0.00000 0.00000
11.0543 0.00000 0.00000
11.1110 0.00000 0.00000
11.1677 -0.00000 0.00000
11.2244 -0.00000 0.00000
11.2811 0.00000 0.00000
11.3378 0.00000 0.00000
11.3945 -0.00000 0.00000
11.4512 0.00000 0.00000
11.5079 0.00000 0.00000
11.5645 -0.00000 0.00000
11.6212 -0.00000 0.00000
11.6779 0.00000 0.00000
11.7346 0.00000 0.00000
11.7913 -0.00000 0.00000
11.8480 -0.00000 0.00000
11.9047 0.00000 0.00000
11.9614 -0.00000 0.00000
12.0181 -0.00000 0.00000
12.0747 0.00000 0.00000
12.1314 0.00000 0.00000
12.1881 -0.00000 0.00000
12.2448 -0.00000 0.00000
12.3015 0.00000 0.00000
12.3582 -0.00000 0.00000
12.4149 -0.00000 0.00000
12.4716 0.00000 0.00000
12.5283 0.00000 0.00000
12.5849 -0.00000 0.00000
12.6416 -0.00000 0.00000
12.6983 0.00000 0.00000
12.7550 -0.00000 0.00000
12.8117 -0.00000 0.00000
12.8684 0.00000 0.00000
12.9251 0.00000 0.00000
12.9818 -0.00000 0.00000
13.0385 -0.00000 0.00000
13.0952 0.00000 0.00000
13.1518 -0.00000 0.00000
13.2085 -0.00000 0.00000
13.2652 0.00000 0.00000
13.3219 0.00000 0.00000
13.3786 -0.00000 0.00000
13.4353 -0.00000 0.00000
13.4920 0.00000 0.00000
13.5487 0.00000 0.00000
13.6054 -0.00000 0.00000
13.6620 0.00000 0.00000
13.7187 0.00000 0.00000
13.7754 -0.00000 0.00000
13.8321 -0.00000 0.00000
13.8888 0.00000 0.00000
13.9455 0.00000 0.00000
14.0022 -0.00000 0.00000
14.0589 0.00000 0.00000
14.1156 0.00000 0.00000
14.1722 -0.00000 0.00000
14.2289 -0.00000 0.00000
14.2856 0.00000 0.00000
14.3423 0.00000 0.00000
14.3990 -0.00000 0.00000
14.4557 0.00000 0.00000
14.5124 0.00000 0.00000
14.5691 -0.00000 0.00000
14.6258 -0.00000 0.00000
14.6824 0.00000 0.00000
14.7391 0.00000 0.00000
14.7958 -0.00000 0.00000
14.8525 0.00000 0.00000
14.9092 0.00000 0.00000
14.9659 -0.00000 0.00000
15.0226 -0.00000 0.00000
15.0793 0.00000 0.00000
15.1360 0.00000 0.00000
15.1926 -0.00000 0.00000
15.2493 -0.00000 0.00000
15.3060 0.00000 0.00000
15.3627 -0.00000 0.00000
15.4194 -0.00000 0.00000
15.4761 0.00000 0.00000
15.5328 0.00000 0.00000
15.5895 -0.00000 0.00000
15.6462 -0.00000 0.00000
15.7028 0.00000 0.00000
15.7595 -0.00000 0.00000
15.8162 -0.00000 0.00000
15.8729 0.00000 0.00000
15.9296 0.00000 0.00000
15.9863 -0.00000 0.00000
16.0430 -0.00000 0.00000
16.0997 0.00000 0.00000
16.1564 -0.00000 0.00000
16.2130 -0.00000 0.00000
16.2697 0.00000 0.00000
16.3264 0.00000 0.00000
16.3831 -0.00000 0.00000
16.4398 -0.00000 0.00000
16.4965 0.00000 0.00000
16.5532 -0.00000 0.00000
16.6099 -0.00000 0.00000
16.6666 0.00000 0.00000
16.7232 0.00000 0.00000
16.7799 -0.00000 0.00000
16.8366 -0.00000 0.00000
16.8933 0.00000 0.00000
16.9500 -0.00000 0.00000
