# B2 = -982.2917499999999
0.0000 9.57912 0.27184
0.0567 3.36632 0.09848
0.1134 0.13973 0.01622
0.1701 -1.05874 0.02172
0.2268 -1.18716 0.02014
0.2834 -1.16332 0.01649
0.3401 -1.27726 0.01694
0.3968 -1.35021 0.01650
0.4535 -1.37574 0.01579
0.5102 -1.40703 0.01671
0.5669 -1.43830 0.01751
0.6236 -1.46161 0.01720
0.6803 -1.48582 0.01722
0.7370 -1.51212 0.01769
0.7936 -1.53436 0.01768
0.8503 -1.55600 0.01687
0.9070 -1.58286 0.01535
0.9637 -1.61105 0.01364
1.0204 -1.63756 0.01237
1.0771 -1.66587 0.01211
1.1338 -1.69821 0.01273
1.1905 -1.73465 0.01316
1.2472 -1.77388 0.01285
1.3038 -1.81434 0.01177
1.3605 -1.85646 0.01122
1.4172 -1.90071 0.01208
1.4739 -1.94632 0.01298
1.5306 -1.99256 0.01333
1.5873 -2.03904 0.01397
1.6440 -2.08523 0.01469
1.7007 -2.13042 0.01468
1.7574 -2.17319 0.01453
1.8140 -2.21238 0.01476
1.8707 -2.24806 0.01499
1.9274 -2.27973 0.01528
1.9841 -2.30586 0.01601
2.0408 -2.32619 0.01667
2.0975 -2.34147 0.01658
2.1542 -2.35271 0.01608
2.2109 -2.36030 0.01587
2.2676 -2.36225 0.01658
2.3243 -2.35758 0.01772
2.3809 -2.34772 0.01717
2.4376 -2.33380 0.01507
2.4943 -2.31639 0.01353
2.5510 -2.29520 0.01320
2.6077 -2.26975 0.01385
2.6644 -2.24007 0.01461
2.7211 -2.20659 0.01469
2.7778 -2.17019 0.01395
2.8344 -2.13202 0.01298
2.8911 -2.09311 0.01287
2.9478 -2.05213 0.01324
3.0045 -2.00743 0.01319
3.0612 -1.96216 0.01329
3.1179 -1.91855 0.01397
3.1746 -1.87390 0.01453
3.2313 -1.82698 0.01474
3.2880 -1.77901 0.01468
3.3447 -1.73024 0.01459
3.4013 -1.68051 0.01502
3.4580 -1.63159 0.01600
3.5147 -1.58455 0.01711
3.5714 -1.53694 0.01769
3.6281 -1.48797 0.01756
3.6848 -1.43973 0.01702
3.7415 -1.39260 0.01652
3.7982 -1.34560 0.01640
3.8548 -1.29804 0.01612
3.9115 -1.24988 0.01529
3.9682 -1.20281 0.01448
4.0249 -1.15750 0.01404
4.0816 -1.11258 0.01374
4.1383 -1.06838 0.01344
4.1950 -1.02648 0.01317
4.2517 -0.98561 0.01311
4.3084 -0.94382 0.01330
4.3651 -0.90153 0.01321
4.4217 -0.85951 0.01286
4.4784 -0.81824 0.01330
4.5351 -0.77804 0.01449
4.5918 -0.73903 0.01522
4.6485 -0.70094 0.01560
4.7052 -0.66339 0.01628
4.7619 -0.62654 0.01685
4.8186 -0.59076 0.01684
4.8753 -0.55650 0.01654
4.9319 -0.52353 0.01629
4.9886 -0.49107 0.01612
5.0453 -0.45999 0.01610
5.1020 -0.43171 0.01617
5.1587 -0.40463 0.01608
5.2154 -0.37738 0.01560
5.2721 -0.35145 0.01535
5.3288 -0.32796 0.01552
5.3854 -0.30675 0.01558
5.4421 -0.28642 0.01545
5.4988 -0.26518 0.01545
5.5555 -0.24434 0.01589
5.6122 -0.22569 0.01678
5.6689 -0.20898 0.01739
5.7256 -0.19361 0.01741
5.7823 -0.17914 0.01716
5.8390 -0.16516 0.01689
5.8956 -0.15138 0.01688
5.9523 -0.13816 0.01694
6.0090 -0.12625 0.01663
6.0657 -0.11664 0.01543
6.1224 -0.10785 0.01446
6.1791 -0.09426 0.01725
6.2358 -0.07869 0.02228
6.2925 -0.07105 0.02316
6.3492 -0.06860 0.02081
6.4059 -0.06395 0.01917
6.4625 -0.05828 0.01775
6.5192 -0.05278 0.01571
6.5759 -0.04412 0.01400
6.6326 -0.03386 0.01524
6.6893 -0.02894 0.01588
6.7460 -0.02809 0.01417
6.8027 -0.02615 0.01280
6.8594 -0.02403 0.01206
6.9161 -0.02362 0.01191
6.9727 -0.02465 0.01237
7.0294 -0.02452 0.01232
7.0861 -0.01876 0.01007
7.1428 -0.01140 0.00929
7.1995 -0.01027 0.01012
7.2562 -0.00974 0.00832
7.3129 -0.00372 0.00297
7.3696 0.00092 0.00072
7.4262 0.00054 0.00043
7.4829 -0.00031 0.00024
7.5396 -0.00006 0.00005
7.5963 0.00008 0.00006
7.6530 -0.00000 0.00000
7.7097 -0.00002 0.00001
7.7664 0.00000 0.00000
7.8231 0.00000 0.00000
7.8798 -0.00000 0.00000
7.9364 -0.00000 0.00000
7.9931 0.00000 0.00000
8.0498 0.00000 0.00000
8.1065 -0.00000 0.00000
8.1632 0.00000 0.00000
8.2199 0.00000 0.00000
8.2766 -0.00000 0.00000
8.3333 -0.00000 0.00000
8.3900 0.00000 0.00000
8.4467 0.00000 0.00000
8.5033 -0.00000 0.00000
8.5600 0.00000 0.00000
8.6167 0.00000 0.00000
8.6734 -0.00000 0.00000
8.7301 -0.00000 0.00000
8.7868 0.00000 0.00000
8.8435 0.00000 0.00000
8.9002 -0.00000 0.00000
8.9569 0.00000 0.00000
9.0136 0.00000 0.00000
9.0702 -0.00000 0.00000
9.1269 -0.00000 0.00000
9.1836 0.00000 0.00000
9.2403 0.00000 0.00000
9.2970 -0.00000 0.00000
9.3537 0.00000 0.00000
9.4104 0.00000 0.00000
9.4671 -0.00000 0.00000
9.5237 -0.00000 0.00000
9.5804 0.00000 0.00000
9.6371 0.00000 0.00000
9.6938 -0.00000 0.00000
9.7505 0.00000 0.00000
9.8072 0.00000 0.00000
9.8639 -0.00000 0.00000
9.9206 -0.00000 0.00000
9.9773 0.00000 0.00000
10.0339 0.00000 0.00000
10.0906 -0.00000 0.00000
10.1473 -0.00000 0.00000
10.2040 0.00000 0.00000
10.2607 -0.00000 0.00000
10.3174 -0.00000 0.00000
10.3741 0.00000 0.00000
10.4308 0.00000 0.00000
10.4875 -0.00000 0.00000
10.5441 -0.00000 0.00000
10.6008 0.00000 0.00000
10.6575 -0.00000 0.00000
10.7142 -0.00000 0.00000
10.7709 0.00000 0.00000
10.8276 0.00000 0.00000
10.8843 -0.00000 0.00000
10.9410 -0.00000 0.00000
10.9977 0.00000 0.00000
11.0543 -0.00000 0.00000
11.1110 -0.00000 0.00000
11.1677 0.00000 0.00000
11.2244 0.00000 0.00000
11.2811 -0.00000 0.00000
11.3378 -0.00000 0.00000
11.3945 0.00000 0.00000
11.4512 -0.00000 0.00000
11.5079 -0.00000 0.00000
11.5645 0.00000 0.00000
11.6212 0.00000 0.00000
11.6779 -0.00000 0.00000
11.7346 -0.00000 0.00000
11.7913 0.00000 0.00000
11.8480 0.00000 0.00000
11.9047 -0.00000 0.00000
11.9614 0.00000 0.00000
12.0181 0.00000 0.00000
12.0747 -0.00000 0.00000
12.1314 -0.00000 0.00000
12.1881 0.00000 0.00000
12.2448 0.00000 0.00000
12.3015 -0.00000 0.00000
12.3582 0.00000 0.00000
12.4149 0.00000 0.00000
12.4716 -0.00000 0.00000
12.5283 -0.00000 0.00000
12.5849 0.00000 0.00000
12.6416 0.00000 0.00000
12.6983 -0.00000 0.00000
12.7550 0.00000 0.00000
12.8117 0.00000 0.00000
12.8684 -0.00000 0.00000
12.9251 -0.00000 0.00000
12.9818 0.00000 0.00000
13.0385 0.00000 0.00000
13.0952 -0.00000 0.00000
13.1518 0.00000 0.00000
13.2085 0.00000 0.00000
13.2652 -0.00000 0.00000
13.3219 -0.00000 0.00000
13.3786 0.00000 0.00000
13.4353 0.00000 0.00000
13.4920 -0.00000 0.00000
13.5487 -0.00000 0.00000
13.6054 0.00000 0.00000
13.6620 -0.00000 0.00000
13.7187 -0.00000 0.00000
13.7754 0.00000 0.00000
13.8321 0.00000 0.00000
13.8888 -0.00000 0.00000
13.9455 -0.00000 0.00000
14.0022 0.00000 0.00000
14.0589 -0.00000 0.00000
14.1156 -0.00000 0.00000
14.1722 0.00000 0.00000
14.2289 0.00000 0.00000
14.2856 -0.00000 0.00000
14.3423 -0.00000 0.00000
14.3990 0.00000 0.00000
14.4557 -0.00000 0.00000
14.5124 -0.00000 0.00000
14.5691 0.00000 0.00000
14.6258 0.00000 0.00000
14.6824 -0.00000 0.00000
14.7391 -0.00000 0.00000
14.7958 0.00000 0.00000
14.8525 -0.00000 0.00000
14.9092 -0.00000 0.00000
14.9659 0.00000 0.00000
15.0226 0.00000 0.00000
15.0793 -0.00000 0.00000
15.1360 -0.00000 0.00000
15.1926 0.00000 0.00000
15.2493 0.00000 0.00000
15.3060 -0.00000 0.00000
15.3627 0.00000 0.00000
15.4194 0.00000 0.00000
15.4761 -0.00000 0.00000
15.5328 -0.00000 0.00000
15.5895 0.00000 0.00000
15.6462 0.00000 0.00000
15.7028 -0.00000 0.00000
15.7595 0.00000 0.00000
15.8162 0.00000 0.00000
15.8729 -0.00000 0.00000
15.9296 -0.00000 0.00000
15.9863 0.00000 0.00000
16.0430 0.00000 0.00000
16.0997 -0.00000 0.00000
16.1564 0.00000 0.00000
16.2130 0.00000 0.00000
16.2697 -0.00000 0.00000
16.3264 -0.00000 0.00000
16.3831 0.00000 0.00000
16.4398 0.00000 0.00000
16.4965 -0.00000 0.00000
16.5532 0.00000 0.00000
16.6099 0.00000 0.00000
16.6666 -0.00000 0.00000
16.7232 -0.00000 0.00000
16.7799 0.00000 0.00000
16.8366 0.00000 0.00000
16.8933 -0.00000 0.00000
16.9500 0.00000 0.00000
