# B2 = -987.5909999999999
0.0000 9.50101 0.36408
0.0567 3.28889 0.14118
0.1134 0.05975 0.03167
0.1701 -1.14277 0.00932
0.2268 -1.27504 0.00782
0.2834 -1.25324 0.00814
0.3401 -1.36778 0.00665
0.3968 -1.44144 0.00732
0.4535 -1.46725 0.00897
0.5102 -1.49778 0.00972
0.5669 -1.52943 0.00951
0.6236 -1.55418 0.00890
0.6803 -1.57621 0.00871
0.7370 -1.59708 0.00919
0.7936 -1.61543 0.01023
0.8503 -1.63446 0.01090
0.9070 -1.65795 0.01066
0.9637 -1.68300 0.01053
1.0204 -1.70744 0.01076
1.0771 -1.73372 0.01114
1.1338 -1.76287 0.01145
1.1905 -1.79390 0.01144
1.2472 -1.82725 0.01123
1.3038 -1.86410 0.01106
1.3605 -1.90497 0.01182
1.4172 -1.94910 0.01366
1.4739 -1.99318 0.01451
1.5306 -2.03570 0.01387
1.5873 -2.07779 0.01322
1.6440 -2.12017 0.01335
1.7007 -2.16290 0.01420
1.7574 -2.20499 0.01457
1.8140 -2.24505 0.01366
1.8707 -2.28158 0.01277
1.9274 -2.31308 0.01249
1.9841 -2.33816 0.01240
2.0408 -2.35819 0.01251
2.0975 -2.37581 0.01291
2.1542 -2.38809 0.01315
2.2109 -2.39180 0.01275
2.2676 -2.39004 0.01234
2.3243 -2.38484 0.01196
2.3809 -2.37454 0.01107
2.4376 -2.35847 0.01027
2.4943 -2.33739 0.01077
2.5510 -2.31354 0.01158
2.6077 -2.28866 0.01123
2.6644 -2.26035 0.01027
2.7211 -2.22679 0.00940
2.7778 -2.18939 0.00881
2.8344 -2.14976 0.00859
2.8911 -2.10921 0.00851
2.9478 -2.06762 0.00890
3.0045 -2.02433 0.00893
3.0612 -1.97998 0.00905
3.1179 -1.93462 0.01012
3.1746 -1.88610 0.01096
3.2313 -1.83509 0.01106
3.2880 -1.78545 0.01137
3.3447 -1.73710 0.01167
3.4013 -1.68784 0.01133
3.4580 -1.63861 0.01052
3.5147 -1.59028 0.00963
3.5714 -1.54074 0.00935
3.6281 -1.48955 0.00972
3.6848 -1.43903 0.00990
3.7415 -1.38989 0.00998
3.7982 -1.34145 0.01039
3.8548 -1.29311 0.01087
3.9115 -1.24465 0.01102
3.9682 -1.19708 0.01095
4.0249 -1.15074 0.01105
4.0816 -1.10461 0.01149
4.1383 -1.05833 0.01188
4.1950 -1.01221 0.01186
4.2517 -0.96679 0.01145
4.3084 -0.92264 0.01097
4.3651 -0.87998 0.01100
4.4217 -0.83892 0.01157
4.4784 -0.79954 0.01163
4.5351 -0.76099 0.01109
4.5918 -0.72178 0.01091
4.6485 -0.68321 0.01076
4.7052 -0.64716 0.00977
4.7619 -0.61172 0.00872
4.8186 -0.57571 0.00840
4.8753 -0.54172 0.00871
4.9319 -0.51058 0.00892
4.9886 -0.48059 0.00812
5.0453 -0.45120 0.00718
5.1020 -0.42266 0.00737
5.1587 -0.39539 0.00786
5.2154 -0.36938 0.00785
5.2721 -0.34346 0.00778
5.3288 -0.31809 0.00773
5.3854 -0.29590 0.00749
5.4421 -0.27591 0.00699
5.4988 -0.25517 0.00633
5.5555 -0.23542 0.00601
5.6122 -0.21884 0.00641
5.6689 -0.20352 0.00689
5.7256 -0.18812 0.00698
5.7823 -0.17324 0.00687
5.8390 -0.15886 0.00670
5.8956 -0.14458 0.00648
5.9523 -0.13206 0.00649
6.0090 -0.12273 0.00689
6.0657 -0.11395 0.00705
6.1224 -0.10391 0.00681
6.1791 -0.09391 0.00701
6.2358 -0.08505 0.00720
6.2925 -0.07765 0.00615
6.3492 -0.06895 0.00652
6.4059 -0.05671 0.01109
6.4625 -0.04726 0.01474
6.5192 -0.04373 0.01367
6.5759 -0.03803 0.01166
6.6326 -0.02791 0.01245
6.6893 -0.01881 0.01190
6.7460 -0.01142 0.00968
6.8027 -0.00416 0.00446
6.8594 0.00042 0.00048
6.9161 0.00061 0.00071
6.9727 -0.00021 0.00024
7.0294 -0.00010 0.00011
7.0861 0.00006 0.00007
7.1428 0.00001 0.00001
7.1995 -0.00002 0.00002
7.2562 0.00000 0.00000
7.3129 0.00000 0.00000
7.3696 -0.00000 0.00000
7.4262 -0.00000 0.00000
7.4829 0.00000 0.00000
7.5396 0.00000 0.00000
7.5963 -0.00000 0.00000
7.6530 0.00000 0.00000
7.7097 0.00000 0.00000
7.7664 -0.00000 0.00000
7.8231 -0.00000 0.00000
7.8798 0.00000 0.00000
7.9364 0.00000 0.00000
7.9931 -0.00000 0.00000
8.0498 -0.00000 0.00000
8.1065 0.00000 0.00000
8.1632 -0.00000 0.00000
8.2199 -0.00000 0.00000
8.2766 0.00000 0.00000
8.3333 0.00000 0.00000
8.3900 -0.00000 0.00000
8.4467 -0.00000 0.00000
8.5033 0.00000 0.00000
8.5600 -0.00000 0.00000
8.6167 -0.00000 0.00000
8.6734 0.00000 0.00000
8.7301 0.00000 0.00000
8.7868 -0.00000 0.00000
8.8435 -0.00000 0.00000
8.9002 0.00000 0.00000
8.9569 -0.00000 0.00000
9.0136 -0.00000 0.00000
9.0702 0.00000 0.00000
9.1269 0.00000 0.00000
9.1836 -0.00000 0.00000
9.2403 -0.00000 0.00000
9.2970 0.00000 0.00000
9.3537 -0.00000 0.00000
9.4104 -0.00000 0.00000
9.4671 0.00000 0.00000
9.5237 0.00000 0.00000
9.5804 -0.00000 0.00000
9.6371 -0.00000 0.00000
9.6938 0.00000 0.00000
9.7505 -0.00000 0.00000
9.8072 -0.00000 0.00000
9.8639 0.00000 0.00000
9.9206 0.00000 0.00000
9.9773 -0.00000 0.00000
10.0339 -0.00000 0.00000
10.0906 0.00000 0.00000
10.1473 0.00000 0.00000
10.2040 -0.00000 0.00000
10.2607 0.00000 0.00000
10.3174 0.00000 0.00000
10.3741 -0.00000 0.00000
10.4308 -0.00000 0.00000
10.4875 0.00000 0.00000
10.5441 0.00000 0.00000
10.6008 -0.00000 0.00000
10.6575 0.00000 0.00000
10.7142 0.00000 0.00000
10.7709 -0.00000 0.00000
10.8276 -0.00000 0.00000
10.8843 0.00000 0.00000
10.9410 0.00000 0.00000
10.9977 -0.00000 0.00000
11.0543 0.00000 0.00000
11.1110 0.00000 0.00000
11.1677 -0.00000 0.00000
11.2244 -0.00000 0.00000
11.2811 0.00000 0.00000
11.3378 0.00000 0.00000
11.3945 -0.00000 0.00000
11.4512 0.00000 0.00000
11.5079 0.00000 0.00000
11.5645 -0.00000 0.00000
11.6212 -0.00000 0.00000
11.6779 0.00000 0.00000
11.7346 0.00000 0.00000
11.7913 -0.00000 0.00000
11.8480 -0.00000 0.00000
11.9047 0.00000 0.00000
11.9614 -0.00000 0.00000
12.0181 -0.00000 0.00000
12.0747 0.00000 0.00000
12.1314 0.00000 0.00000
12.1881 -0.00000 0.00000
12.2448 -0.00000 0.00000
12.3015 0.00000 0.00000
12.3582 -0.00000 0.00000
12.4149 -0.00000 0.00000
12.4716 0.00000 0.00000
12.5283 0.00000 0.00000
12.5849 -0.00000 0.00000
12.6416 -0.00000 0.00000
12.6983 0.00000 0.00000
12.7550 -0.00000 0.00000
12.8117 -0.00000 0.00000
12.8684 0.00000 0.00000
12.9251 0.00000 0.00000
12.9818 -0.00000 0.00000
13.0385 -0.00000 0.00000
13.0952 0.00000 0.00000
13.1518 -0.00000 0.00000
13.2085 -0.00000 0.00000
13.2652 0.00000 0.00000
13.3219 0.00000 0.00000
13.3786 -0.00000 0.00000
13.4353 -0.00000 0.00000
13.4920 0.00000 0.00000
13.5487 0.00000 0.00000
13.6054 -0.00000 0.00000
13.6620 0.00000 0.00000
13.7187 0.00000 0.00000
13.7754 -0.00000 0.00000
13.8321 -0.00000 0.00000
13.8888 0.00000 0.00000
13.9455 0.00000 0.00000
14.0022 -0.00000 0.00000
14.0589 0.00000 0.00000
14.1156 0.00000 0.00000
14.1722 -0.00000 0.00000
14.2289 -0.00000 0.00000
14.2856 0.00000 0.00000
14.3423 0.00000 0.00000
14.3990 -0.00000 0.00000
14.4557 0.00000 0.00000
14.5124 0.00000 0.00000
14.5691 -0.00000 0.00000
14.6258 -0.00000 0.00000
14.6824 0.00000 0.00000
14.7391 0.00000 0.00000
14.7958 -0.00000 0.00000
14.8525 0.00000 0.00000
14.9092 0.00000 0.00000
14.9659 -0.00000 0.00000
15.0226 -0.00000 0.00000
15.0793 0.00000 0.00000
15.1360 0.00000 0.00000
15.1926 -0.00000 0.00000
15.2493 -0.00000 0.00000
15.3060 0.00000 0.00000
15.3627 -0.00000 0.00000
15.4194 -0.00000 0.00000
15.4761 0.00000 0.00000
15.5328 0.00000 0.00000
15.5895 -0.00000 0.00000
15.6462 -0.00000 0.00000
15.7028 0.00000 0.00000
15.7595 -0.00000 0.00000
15.8162 -0.00000 0.00000
15.8729 0.00000 0.00000
15.9296 0.00000 0.00000
15.9863 -0.00000 0.00000
16.0430 -0.00000 0.00000
16.0997 0.00000 0.00000
16.1564 -0.00000 0.00000
16.2130 -0.00000 0.00000
16.2697 0.00000 0.00000
16.3264 0.00000 0.00000
16.3831 -0.00000 0.00000
16.4398 -0.00000 0.00000
16.4965 0.00000 0.00000
16.5532 -0.00000 0.00000
16.6099 -0.00000 0.00000
16.6666 0.00000 0.00000
16.7232 0.00000 0.00000
16.7799 -0.00000 0.00000
16.8366 -0.00000 0.00000
16.8933 0.00000 0.00000
16.9500 0.00000 0.00000
