# B2 = -974.8052500000001
0.0000 7.95031 0.17059
0.0567 1.75447 0.06591
0.1134 -1.46289 0.02030
0.1701 -2.65642 0.01718
0.2268 -2.78078 0.01623
0.2834 -2.75047 0.01585
0.3401 -2.85442 0.01638
0.3968 -2.91450 0.01629
0.4535 -2.92461 0.01592
0.5102 -2.93828 0.01612
0.5669 -2.95032 0.01726
0.6236 -2.95190 0.01899
0.6803 -2.94861 0.01940
0.7370 -2.94144 0.01855
0.7936 -2.92680 0.01837
0.8503 -2.90808 0.01853
0.9070 -2.89057 0.01809
0.9637 -2.87333 0.01767
1.0204 -2.85530 0.01782
1.0771 -2.83812 0.01830
1.1338 -2.82210 0.01877
1.1905 -2.80606 0.01908
1.2472 -2.79067 0.01930
1.3038 -2.77762 0.01955
1.3605 -2.76841 0.01996
1.4172 -2.76319 0.02045
1.4739 -2.75925 0.02063
1.5306 -2.75594 0.02062
1.5873 -2.75545 0.02098
1.6440 -2.75765 0.02162
1.7007 -2.76095 0.02194
1.7574 -2.76463 0.02191
1.8140 -2.76801 0.02186
1.8707 -2.76963 0.02158
1.9274 -2.76808 0.02081
1.9841 -2.76226 0.02015
2.0408 -2.75261 0.02001
2.0975 -2.74022 0.02028
2.1542 -2.72294 0.02092
2.2109 -2.69864 0.02154
2.2676 -2.66945 0.02210
2.3243 -2.63699 0.02254
2.3809 -2.60066 0.02236
2.4376 -2.55973 0.02181
2.4943 -2.51360 0.02172
2.5510 -2.46213 0.02176
2.6077 -2.40564 0.02051
2.6644 -2.34538 0.01971
2.7211 -2.28276 0.02039
2.7778 -2.21911 0.02038
2.8344 -2.15413 0.01952
2.8911 -2.08611 0.01975
2.9478 -2.01536 0.02040
3.0045 -1.94324 0.01988
3.0612 -1.87069 0.01901
3.1179 -1.79788 0.01858
3.1746 -1.72357 0.01821
3.2313 -1.64823 0.01791
3.2880 -1.57431 0.01824
3.3447 -1.50180 0.01869
3.4013 -1.42930 0.01807
3.4580 -1.35679 0.01730
3.5147 -1.28516 0.01728
3.5714 -1.21615 0.01692
3.6281 -1.15041 0.01594
3.6848 -1.08689 0.01556
3.7415 -1.02480 0.01559
3.7982 -0.96377 0.01504
3.8548 -0.90441 0.01463
3.9115 -0.84764 0.01481
3.9682 -0.79413 0.01468
4.0249 -0.74365 0.01390
4.0816 -0.69462 0.01367
4.1383 -0.64760 0.01419
4.1950 -0.60466 0.01460
4.2517 -0.56491 0.01485
4.3084 -0.52643 0.01487
4.3651 -0.48843 0.01483
4.4217 -0.45157 0.01459
4.4784 -0.41858 0.01402
4.5351 -0.38960 0.01352
4.5918 -0.36211 0.01405
4.6485 -0.33547 0.01473
4.7052 -0.31017 0.01415
4.7619 -0.28706 0.01330
4.8186 -0.26633 0.01318
4.8753 -0.24664 0.01340
4.9319 -0.22753 0.01370
4.9886 -0.20975 0.01413
5.0453 -0.19339 0.01464
5.1020 -0.17807 0.01501
5.1587 -0.16322 0.01493
5.2154 -0.14886 0.01449
5.2721 -0.13659 0.01453
5.3288 -0.12621 0.01512
5.3854 -0.11508 0.01537
5.4421 -0.10372 0.01518
5.4988 -0.09431 0.01505
5.5555 -0.08420 0.01649
5.6122 -0.07159 0.02000
5.6689 -0.06255 0.02161
5.7256 -0.05815 0.01974
5.7823 -0.05008 0.01836
5.8390 -0.03946 0.01967
5.8956 -0.03465 0.01971
5.9523 -0.03411 0.01840
6.0090 -0.03321 0.01792
6.0657 -0.03231 0.01759
6.1224 -0.03114 0.01671
6.1791 -0.02654 0.01554
6.2358 -0.01987 0.01591
6.2925 -0.01649 0.01580
6.3492 -0.01645 0.01428
6.4059 -0.01681 0.01311
6.4625 -0.01394 0.01320
6.5192 -0.00721 0.01558
6.5759 -0.00252 0.01783
6.6326 -0.00193 0.01762
6.6893 -0.00252 0.01692
6.7460 -0.00288 0.01661
6.8027 -0.00274 0.01657
6.8594 -0.00207 0.01639
6.9161 -0.00114 0.01580
6.9727 -0.00081 0.01512
7.0294 -0.00090 0.01493
7.0861 0.00001 0.01582
7.1428 -0.00029 0.01558
7.1995 -0.00528 0.01154
7.2562 -0.01107 0.00916
7.3129 -0.01250 0.00988
7.3696 -0.00862 0.00775
7.4262 -0.00200 0.00190
7.4829 0.00104 0.00100
7.5396 0.00020 0.00019
7.5963 -0.00027 0.00026
7.6530 0.00001 0.00001
7.7097 0.00006 0.00006
7.7664 -0.00001 0.00001
7.8231 -0.00001 0.00001
7.8798 0.00001 0.00001
7.9364 0.00000 0.00000
7.9931 -0.00000 0.00000
8.0498 -0.00000 0.00000
8.1065 0.00000 0.00000
8.1632 -0.00000 0.00000
8.2199 -0.00000 0.00000
8.2766 0.00000 0.00000
8.3333 0.00000 0.00000
8.3900 -0.00000 0.00000
8.4467 -0.00000 0.00000
8.5033 0.00000 0.00000
8.5600 -0.00000 0.00000
8.6167 -0.00000 0.00000
8.6734 0.00000 0.00000
8.7301 0.00000 0.00000
8.7868 -0.00000 0.00000
8.8435 -0.00000 0.00000
8.9002 0.00000 0.00000
8.9569 -0.00000 0.00000
9.0136 -0.00000 0.00000
9.0702 0.00000 0.00000
9.1269 0.00000 0.00000
9.1836 -0.00000 0.00000
9.2403 -0.00000 0.00000
9.2970 0.00000 0.00000
9.3537 -0.00000 0.00000
9.4104 -0.00000 0.00000
9.4671 0.00000 0.00000
9.5237 0.00000 0.00000
9.5804 -0.00000 0.00000
9.6371 -0.00000 0.00000
9.6938 0.00000 0.00000
9.7505 -0.00000 0.00000
9.8072 -0.00000 0.00000
9.8639 0.00000 0.00000
9.9206 0.00000 0.00000
9.9773 -0.00000 0.00000
10.0339 -0.00000 0.00000
10.0906 0.00000 0.00000
10.1473 0.00000 0.00000
10.2040 -0.00000 0.00000
10.2607 0.00000 0.00000
10.3174 0.00000 0.00000
10.3741 -0.00000 0.00000
10.4308 -0.00000 0.00000
10.4875 0.00000 0.00000
10.5441 0.00000 0.00000
10.6008 -0.00000 0.00000
10.6575 0.00000 0.00000
10.7142 0.00000 0.00000
10.7709 -0.00000 0.00000
10.8276 -0.00000 0.00000
10.8843 0.00000 0.00000
10.9410 0.00000 0.00000
10.9977 -0.00000 0.00000
11.0543 0.00000 0.00000
11.1110 0.00000 0.00000
11.1677 -0.00000 0.00000
11.2244 -0.00000 0.00000
11.2811 0.00000 0.00000
11.3378 0.00000 0.00000
11.3945 -0.00000 0.00000
11.4512 0.00000 0.00000
11.5079 0.00000 0.00000
11.5645 -0.00000 0.00000
11.6212 -0.00000 0.00000
11.6779 0.00000 0.00000
11.7346 0.00000 0.00000
11.7913 -0.00000 0.00000
11.8480 -0.00000 0.00000
11.9047 0.00000 0.00000
11.9614 -0.00000 0.00000
12.0181 -0.00000 0.00000
12.0747 0.00000 0.00000
12.1314 0.00000 0.00000
12.1881 -0.00000 0.00000
12.2448 -0.00000 0.00000
12.3015 0.00000 0.00000
12.3582 -0.00000 0.00000
12.4149 -0.00000 0.00000
12.4716 0.00000 0.00000
12.5283 0.00000 0.00000
12.5849 -0.00000 0.00000
12.6416 -0.00000 0.00000
12.6983 0.00000 0.00000
12.7550 -0.00000 0.00000
12.8117 -0.00000 0.00000
12.8684 0.00000 0.00000
12.9251 0.00000 0.00000
12.9818 -0.00000 0.00000
13.0385 -0.00000 0.00000
13.0952 0.00000 0.00000
13.1518 -0.00000 0.00000
13.2085 -0.00000 0.00000
13.2652 0.00000 0.00000
13.3219 0.00000 0.00000
13.3786 -0.00000 0.00000
13.4353 -0.00000 0.00000
13.4920 0.00000 0.00000
13.5487 0.00000 0.00000
13.6054 -0.00000 0.00000
13.6620 0.00000 0.00000
13.7187 0.00000 0.00000
13.7754 -0.00000 0.00000
13.8321 -0.00000 0.00000
13.8888 0.00000 0.00000
13.9455 0.00000 0.00000
14.0022 -0.00000 0.00000
14.0589 0.00000 0.00000
14.1156 0.00000 0.00000
14.1722 -0.00000 0.00000
14.2289 -0.00000 0.00000
14.2856 0.00000 0.00000
14.3423 0.00000 0.00000
14.3990 -0.00000 0.00000
14.4557 0.00000 0.00000
14.5124 0.00000 0.00000
14.5691 -0.00000 0.00000
14.6258 -0.00000 0.00000
14.6824 0.00000 0.00000
14.7391 0.00000 0.00000
14.7958 -0.00000 0.00000
14.8525 0.00000 0.00000
14.9092 0.00000 0.00000
14.9659 -0.00000 0.00000
15.0226 -0.00000 0.00000
15.0793 0.00000 0.00000
15.1360 0.00000 0.00000
15.1926 -0.00000 0.00000
15.2493 -0.00000 0.00000
15.3060 0.00000 0.00000
15.3627 -0.00000 0.00000
15.4194 -0.00000 0.00000
15.4761 0.00000 0.00000
15.5328 0.00000 0.00000
15.5895 -0.00000 0.00000
15.6462 -0.00000 0.00000
15.7028 0.00000 0.00000
15.7595 -0.00000 0.00000
15.8162 -0.00000 0.00000
15.8729 0.00000 0.00000
15.9296 0.00000 0.00000
15.9863 -0.00000 0.00000
16.0430 -0.00000 0.00000
16.0997 0.00000 0.00000
16.1564 -0.00000 0.00000
16.2130 -0.00000 0.00000
16.2697 0.00000 0.00000
16.3264 0.00000 0.00000
16.3831 -0.00000 0.00000
16.4398 -0.00000 0.00000
16.4965 0.00000 0.00000
16.5532 -0.00000 0.00000
16.6099 -0.00000 0.00000
16.6666 0.00000 0.00000
16.7232 0.00000 0.00000
16.7799 -0.00000 0.00000
16.8366 -0.00000 0.00000
16.8933 0.00000 0.00000
16.9500 0.00000 0.00000
